10015 2811 217 0 2821
10001 2811 217 0 2821
10016 2805 220 0 2821
10015 2812 213 1 2822
10001 2812 217 1 2822
10016 2806 221 1 2822
10015 2813 212 2 2823
10001 2813 217 2 2823
10016 2807 221 2 2823
10015 2814 212 3 2824
10001 2814 217 3 2824
10016 2808 221 3 2824
10015 2815 212 4 2825
10001 2815 217 4 2825
10016 2809 221 4 2825
10015 2816 212 5 2826
10001 2816 217 5 2826
10016 2810 221 5 2826
10015 2817 212 6 2827
10001 2817 217 6 2827
10016 2811 221 6 2827
10015 2818 212 7 2828
10001 2818 217 7 2828
10016 2812 221 7 2828
10015 2819 212 8 2829
10001 2819 217 8 2829
10016 2813 220 8 2829
10015 2820 212 9 2830
10001 2820 217 9 2830
10016 2814 220 9 2830
10015 2821 212 10 2831
10001 2821 217 10 2831
10016 2815 221 10 2831
10020 2824 206 11 2832
10015 2822 212 11 2832
10001 2822 217 11 2832
10016 2816 221 11 2832
10015 2823 212 12 2833
10001 2823 217 12 2833
10016 2817 221 12 2833
10015 2824 212 13 2834
10001 2824 217 13 2834
10016 2818 221 13 2834
10015 2825 212 14 2835
10001 2825 217 14 2835
10016 2819 221 14 2835
10015 2826 212 15 2836
10001 2826 217 15 2836
10016 2820 221 15 2836
10020 2829 206 16 2837
10015 2827 212 16 2837
10001 2827 217 16 2837
10016 2821 221 16 2837
10015 2828 212 17 2838
10001 2828 217 17 2838
10016 2822 221 17 2838
10015 2829 212 18 2839
10001 2829 217 18 2839
10016 2823 221 18 2839
10015 2830 212 19 2840
10001 2830 217 19 2840
10016 2824 220 19 2840
10015 2831 212 20 2841
10001 2831 217 20 2841
10016 2825 221 20 2841
10015 2832 212 21 2842
10001 2832 217 21 2842
10016 2826 221 21 2842
10015 2833 212 22 2843
10001 2833 217 22 2843
10016 2827 219 22 2843
10015 2834 212 23 2844
10001 2834 217 23 2844
10016 2828 220 23 2844
10015 2835 212 24 2845
10001 2835 217 24 2845
10016 2829 220 24 2845
10015 2836 212 25 2846
10001 2836 217 25 2846
10016 2830 221 25 2846
10015 2837 212 26 2847
10001 2837 217 26 2847
10016 2831 221 26 2847
10015 2838 212 27 2848
10001 2838 217 27 2848
10016 2832 220 27 2848
10015 2839 211 28 2849
10001 2839 217 28 2849
10016 2833 221 28 2849
10015 2840 211 29 2850
10001 2840 217 29 2850
10016 2834 220 29 2850
10015 2841 212 30 2851
10001 2841 217 30 2851
10016 2835 221 30 2851
10015 2842 212 31 2852
10001 2842 217 31 2852
10016 2836 221 31 2852
10015 2843 212 32 2853
10001 2843 217 32 2853
