10135 566 223 0 573
10165 578 233 0 573
10135 567 209 1 574
10165 579 217 1 574
10165 580 225 2 575
10135 569 219 3 576
10165 581 218 3 576
10135 570 212 4 577
10165 582 217 4 577
10135 571 225 5 578
10165 583 216 6 579
10096 570 207 6 579
10135 572 210 6 579
10165 584 216 7 580
10096 571 208 7 580
10135 573 207 7 580
10165 585 214 8 581
10135 574 213 8 581
10165 586 223 9 582
10135 575 213 9 582
10165 587 210 10 583
10135 576 211 10 583
10165 588 213 10 583
10135 577 210 11 584
10165 589 216 11 584
10135 578 210 12 585
10165 590 217 12 585
10165 591 218 14 587
10135 580 209 14 587
10165 592 215 15 588
10165 593 212 16 589
10165 594 217 17 590
10165 595 216 17 590
10165 596 214 18 591
10135 585 212 19 592
10165 597 212 19 592
10096 584 208 20 593
10135 586 226 20 593
10120 589 210 20 593
10165 598 233 20 593
10096 585 213 21 594
10135 587 215 21 594
10165 599 235 21 594
10096 586 213 22 595
10135 588 222 22 595
10120 591 207 22 595
10136 584 210 22 595
10165 600 227 22 595
10096 587 211 23 596
10135 589 231 23 596
10120 592 217 23 596
10165 601 229 24 597
10135 590 213 24 597
10165 602 225 25 598
10096 589 212 25 598
10135 591 219 25 598
10165 603 226 26 599
10135 592 216 26 599
10165 604 219 27 600
10135 593 209 27 600
10165 605 215 28 601
10165 606 210 29 602
10120 598 207 29 602
10136 591 209 29 602
10165 607 217 30 603
10096 594 209 30 603
10135 596 218 30 603
10120 599 207 30 603
10165 608 216 31 604
10135 597 217 31 604
10120 600 207 31 604
10165 609 217 32 605
10135 598 217 32 605
10165 610 221 33 606
10135 599 225 33 606
10120 602 209 33 606
10029 598 209 33 606
10165 611 213 34 607
10096 598 212 34 607
10120 603 216 34 607
10147 596 221 34 607
90 5 234 34 607
10029 599 227 34 607
10096 599 218 35 608
10135 601 221 35 608
10165 613 233 36 609
10135 602 226 36 609
10165 614 224 37 610
10135 603 227 37 610
10165 615 229 38 611
10096 602 211 38 611
10135 604 225 38 611
10165 616 233 39 612
10096 603 212 39 612
10135 605 224 39 612
10165 617 230 40 613
10096 604 212 40 613
10135 606 224 40 613
10165 618 223 41 614
10096 605 210 41 614
10135 607 224 41 614
10165 619 219 42 615
10135 608 225 42 615
10165 620 233 43 616
10096 607 211 43 616
10135 609 228 43 616
10165 621 229 44 617
10096 608 212 44 617
10135 610 227 44 617
10165 622 231 45 618
10096 609 211 45 618
10135 611 227 45 618
10165 623 231 46 619
10096 610 212 46 619
10135 612 225 46 619
10136 608 210 46 619
10165 624 220 47 620
10096 611 213 47 620
10135 613 224 47 620
10165 625 219 48 621
10135 614 213 48 621
10165 626 213 48 621
10165 627 210 50 623
10096 614 207 50 623
10135 616 209 50 623
10165 628 210 50 623
10135 617 217 51 624
10165 629 212 52 625
10135 618 216 52 625
10165 630 208 52 625
10135 619 221 53 626
10165 631 221 54 627
10135 620 217 54 627
10165 632 219 55 628
10135 621 211 55 628
10165 633 215 56 629
10135 622 222 56 629
10165 634 226 57 630
10135 623 211 57 630
10147 619 216 57 630
10122 621 212 58 631
10096 622 208 58 631
10103 625 219 59 632
10139 625 228 59 632
10117 622 219 59 632
10102 625 212 60 633
10103 626 226 60 633
10139 626 246 60 633
10117 623 223 60 633
10103 627 217 61 634
10139 627 239 61 634
10117 624 208 61 634
10102 627 209 62 635
10103 628 217 62 635
10139 628 234 62 635
10117 625 214 62 635
10102 628 221 63 636
10103 629 219 63 636
10139 629 239 63 636
10117 626 227 63 636
10102 629 208 64 637
10103 630 223 64 637
10139 630 246 64 637
10117 627 217 64 637
10122 628 209 65 638
10147 627 209 65 638
10023 632 210 67 640
10023 633 211 68 641
10122 632 209 69 642
10147 631 233 69 642
10136 631 209 69 642
10135 636 211 70 643
10120 639 212 70 643
10147 632 213 70 643
10029 635 207 70 643
10165 648 223 71 644
10096 635 209 71 644
10135 637 229 71 644
10120 640 213 71 644
10029 636 211 71 644
10096 636 225 72 645
10135 638 208 72 645
10147 634 229 72 645
10029 637 227 72 645
10096 637 207 73 646
10147 635 235 73 646
10029 638 211 73 646
10122 637 210 74 647
10147 636 225 74 647
10029 639 216 74 647
10122 638 208 75 648
10096 639 208 75 648
10135 641 213 75 648
10120 644 220 75 648
10147 637 213 75 648
10029 640 213 75 648
10165 653 216 76 649
10096 640 213 76 649
10135 642 223 76 649
10165 654 220 77 650
10096 641 213 77 650
10135 643 221 77 650
10120 646 211 77 650
10165 655 227 78 651
10135 644 214 78 651
10165 656 219 79 652
10135 645 220 79 652
10165 657 220 80 653
10135 646 218 80 653
10165 658 220 81 654
10135 647 212 81 654
10165 659 220 82 655
10135 648 223 82 655
10165 660 212 83 656
10135 649 221 83 656
10165 661 219 84 657
10135 650 212 84 657
10165 662 222 85 658
10135 651 215 85 658
10165 663 223 86 659
10135 652 212 86 659
10165 664 213 87 660
10135 653 219 87 660
10165 665 213 88 661
10135 654 217 88 661
10135 655 216 89 662
10165 667 219 90 663
10135 656 221 90 663
10165 668 223 91 664
10135 657 218 91 664
10165 669 220 92 665
10135 658 221 92 665
10165 670 219 93 666
10135 659 221 93 666
10165 671 217 94 667
10135 660 221 94 667
10165 672 217 95 668
10135 661 221 95 668
10165 673 214 96 669
10135 662 221 96 669
10165 674 218 97 670
10135 663 221 97 670
10165 675 217 98 671
10135 664 221 98 671
10165 676 211 99 672
10135 665 215 99 672
10165 677 212 100 673
10135 666 222 100 673
10165 678 214 101 674
10135 667 222 101 674
10165 679 210 102 675
10135 668 216 102 675
10165 680 212 103 676
10135 669 217 103 676
10165 681 208 104 677
10135 670 223 104 677
10165 682 213 105 678
10135 671 220 105 678
10165 683 216 106 679
10135 672 221 106 679
10165 684 216 107 680
10135 673 222 107 680
10165 685 212 108 681
10096 672 208 108 681
10135 674 225 108 681
10096 673 210 109 682
10135 675 221 109 682
10165 687 232 110 683
10096 674 209 110 683
10135 676 220 110 683
10165 688 213 111 684
10135 677 227 111 684
10165 689 215 112 685
10096 676 210 112 685
10135 678 231 112 685
10165 690 221 113 686
10165 691 229 114 687
10096 678 210 114 687
10135 680 229 114 687
10165 692 230 115 688
10096 679 208 115 688
10135 681 219 115 688
10120 684 209 115 688
10165 693 224 116 689
10135 682 225 116 689
10165 694 212 117 690
10096 681 208 117 690
10135 683 235 117 690
10165 695 226 118 691
10096 682 213 118 691
10135 684 223 118 691
10120 687 210 118 691
361 2 224 119 692
10165 696 225 119 692
10135 685 223 119 692
10120 688 209 119 692
361 3 223 120 693
275 1 225 120 693
10165 697 213 120 693
10096 684 209 120 693
10135 686 224 120 693
10029 685 208 120 693
10136 682 207 120 693
361 4 233 121 694
716 1 234 121 694
275 2 231 121 694
10165 698 237 121 694
364 1 225 121 694
10096 685 207 121 694
10135 687 225 121 694
10120 690 208 121 694
10165 699 225 122 695
364 2 233 122 695
10135 688 227 122 695
10120 691 207 122 695
716 3 230 123 696
361 6 223 123 696
10165 700 225 123 696
364 3 235 123 696
10096 687 208 123 696
10135 689 220 123 696
716 4 242 124 697
361 7 225 124 697
335 3 233 124 697
275 5 221 124 697
10165 701 235 124 697
364 4 225 124 697
10096 688 218 124 697
10135 690 225 124 697
325 1 231 124 697
10136 686 208 124 697
716 5 243 125 698
361 8 223 125 698
335 4 223 125 698
275 6 234 125 698
10165 702 233 125 698
364 5 223 125 698
10135 691 218 125 698
325 2 224 125 698
716 6 227 126 699
361 9 221 126 699
275 7 223 126 699
10165 703 221 126 699
364 6 222 126 699
10096 690 208 126 699
10135 692 225 126 699
325 3 225 126 699
716 7 223 127 700
275 8 227 127 700
10165 704 212 127 700
10135 693 213 127 700
325 4 224 127 700
275 9 233 128 701
716 8 226 128 701
10165 705 216 128 701
364 8 230 128 701
10135 694 220 128 701
325 5 223 128 701
275 10 224 129 702
716 9 223 129 702
361 12 227 129 702
10165 706 222 129 702
10096 693 210 129 702
10135 695 213 129 702
10120 698 206 129 702
335 9 225 130 703
361 13 225 130 703
716 10 229 130 703
10165 707 231 130 703
364 10 225 130 703
10135 696 234 130 703
325 7 237 130 703
275 12 231 131 704
361 14 223 131 704
716 11 233 131 704
10165 708 208 131 704
364 11 231 131 704
10096 695 210 131 704
10135 697 212 131 704
10165 709 221 132 705
364 12 224 132 705
325 9 225 132 705
716 13 223 133 706
10165 710 233 133 706
10096 697 209 133 706
10135 699 223 133 706
325 10 223 133 706
10165 711 223 134 707
10135 700 218 134 707
325 11 223 134 707
335 14 221 134 707
716 15 231 135 708
10165 712 221 135 708
10096 699 210 135 708
10135 701 222 135 708
716 16 231 136 709
10165 713 230 136 709
10135 702 225 136 709
325 13 226 136 709
10165 714 220 137 710
10135 703 224 137 710
275 19 222 137 710
10165 715 216 138 711
10135 704 225 138 711
361 22 221 138 711
716 19 232 139 712
10165 716 239 139 712
364 19 225 139 712
10096 703 211 139 712
686 1 239 139 712
10135 705 221 139 712
275 21 221 139 712
716 20 221 140 713
10165 717 225 140 713
364 20 225 140 713
10096 704 207 140 713
686 2 231 140 713
10135 706 216 140 713
10120 709 207 140 713
361 24 224 140 713
716 21 221 141 714
10165 718 222 141 714
364 21 235 141 714
10096 705 210 141 714
686 3 228 141 714
10135 707 223 141 714
716 22 222 141 714
10165 719 231 142 715
10096 706 211 142 715
10135 708 219 142 715
716 23 223 143 716
10165 720 217 143 716
364 23 236 143 716
686 5 225 143 716
10135 709 219 143 716
325 20 239 143 716
275 25 221 143 716
361 27 221 143 716
716 24 231 144 717
10165 721 218 144 717
364 24 225 144 717
10096 708 209 144 717
686 6 227 144 717
10135 710 223 144 717
325 21 236 144 717
361 28 225 144 717
275 26 223 144 717
716 25 236 145 718
10165 722 210 145 718
364 25 228 145 718
10096 709 209 145 718
10135 711 217 145 718
325 22 235 145 718
275 27 226 145 718
361 29 221 145 718
335 25 225 145 718
716 26 235 146 719
10165 723 217 146 719
686 8 238 146 719
10135 712 223 146 719
325 23 226 146 719
10165 724 212 147 720
364 27 225 147 720
10096 711 207 147 720
10135 713 214 147 720
325 24 228 147 720
275 29 222 147 720
10165 725 218 148 721
10135 714 221 148 721
325 25 221 148 721
716 29 226 149 722
10165 726 223 149 722
364 29 225 149 722
10135 715 225 149 722
335 29 223 149 722
10165 727 214 150 723
686 12 222 150 723
10135 716 222 150 723
325 27 233 150 723
10165 728 219 151 724
364 31 223 151 724
10096 715 208 151 724
10135 717 230 151 724
325 28 229 151 724
361 35 222 151 724
716 32 223 151 724
10165 729 215 152 725
686 14 223 152 725
10135 718 225 152 725
325 29 221 152 725
361 36 223 152 725
10165 730 227 153 726
10096 717 208 153 726
686 15 222 153 726
10135 719 222 153 726
10120 722 208 153 726
275 35 235 153 726
716 34 230 154 727
10165 731 224 154 727
10135 720 222 154 727
325 31 227 154 727
275 36 227 154 727
716 35 230 154 727
10165 732 223 155 728
364 35 222 155 728
686 17 221 155 728
10135 721 217 155 728
325 32 222 155 728
275 37 227 155 728
10165 733 219 156 729
10096 720 207 156 729
10135 722 224 156 729
325 33 228 156 729
275 38 228 156 729
10165 734 218 157 730
364 37 222 157 730
10135 723 215 157 730
325 34 233 157 730
275 39 227 157 730
716 38 224 158 731
10165 735 223 158 731
686 20 222 158 731
10135 724 212 158 731
325 35 223 158 731
716 39 223 159 732
10165 736 218 159 732
10135 725 221 159 732
325 36 227 159 732
10165 737 214 160 733
686 22 221 160 733
10135 726 225 160 733
325 37 231 160 733
275 42 225 160 733
716 41 222 161 734
10135 727 212 161 734
325 38 225 161 734
335 41 226 161 734
10165 739 212 162 735
10135 728 226 162 735
325 39 223 162 735
335 42 228 162 735
716 43 225 162 735
275 44 227 162 735
10165 740 222 163 736
364 43 221 163 736
10135 729 225 163 736
325 40 223 163 736
10165 741 218 164 737
10135 730 219 164 737
10165 742 212 165 738
10135 731 221 165 738
10165 743 209 166 739
10135 732 221 166 739
10135 733 222 167 740
10165 745 210 168 741
10135 734 223 168 741
10165 746 214 169 742
10135 735 222 169 742
10165 747 209 170 743
686 32 224 170 743
10135 736 209 170 743
10165 748 218 171 744
10135 737 226 171 744
10165 749 218 172 745
10135 738 210 172 745
10165 750 217 173 746
10135 739 214 173 746
325 50 221 173 746
10165 751 212 174 747
10135 740 216 174 747
10165 752 212 175 748
10135 741 212 175 748
10165 753 216 176 749
10135 742 214 176 749
10165 754 220 177 750
10135 743 215 177 750
10165 755 221 178 751
10135 744 212 178 751
10165 756 221 179 752
10135 745 220 179 752
10165 757 223 180 753
686 42 223 180 753
10135 746 225 180 753
325 57 241 180 753
716 61 223 180 753
10165 758 217 181 754
10135 747 220 181 754
361 65 221 181 754
716 62 221 181 754
10165 759 233 182 755
364 62 224 182 755
686 44 232 182 755
10135 748 216 182 755
335 62 229 182 755
325 59 225 182 755
275 64 223 182 755
716 63 221 182 755
10165 760 223 183 756
10096 747 209 183 756
10135 749 215 183 756
10165 761 214 184 757
10135 750 221 184 757
10135 751 221 185 758
10165 763 209 186 759
10135 752 217 186 759
10165 764 219 187 760
10135 753 219 187 760
10165 765 217 188 761
10135 754 217 188 761
10165 766 208 189 762
10135 755 210 189 762
10165 767 218 190 763
10135 756 219 190 763
10165 768 216 191 764
10096 755 207 191 764
10135 757 208 191 764
10165 769 221 192 765
10135 758 216 192 765
10165 770 219 193 766
10135 759 216 193 766
10165 771 208 194 767
10135 760 213 194 767
10165 772 217 195 768
10135 761 223 195 768
716 76 221 196 769
10165 773 212 196 769
10135 762 211 196 769
10165 774 213 197 770
10135 763 217 197 770
10165 775 222 198 771
10135 764 216 198 771
10165 776 210 199 772
10135 765 212 199 772
10135 766 217 200 773
10165 778 222 201 774
716 82 222 201 774
10165 779 216 202 775
10135 768 223 202 775
10165 780 215 203 776
10096 767 209 203 776
10135 769 221 203 776
10165 781 224 204 777
10135 770 223 204 777
10165 782 233 205 778
10135 771 222 205 778
10165 783 226 206 779
10135 772 209 206 779
10165 784 227 207 780
10135 773 222 207 780
10165 785 218 208 781
10135 774 211 208 781
10120 777 210 208 781
10147 770 219 208 781
90 7 224 208 781
10029 773 209 208 781
562 89 225 209 782
10096 773 211 209 782
10135 775 209 209 782
155 82 229 209 782
10120 778 215 209 782
10147 771 210 209 782
10029 774 213 209 782
10165 787 225 210 783
10135 776 225 210 783
10165 788 211 211 784
312 78 223 211 784
186 79 222 211 784
10135 777 216 211 784
158 39 225 211 784
638 77 225 211 784
10165 789 223 212 785
10135 778 223 212 785
158 40 238 212 785
10165 790 224 213 786
237 90 225 213 786
317 92 222 213 786
186 81 223 213 786
10135 779 233 213 786
10165 791 213 214 787
10096 778 219 214 787
10135 780 212 214 787
10147 776 211 214 787
10136 776 212 214 787
10165 792 223 215 788
10096 779 213 215 788
10135 781 219 215 788
10029 780 207 215 788
10165 793 224 216 789
237 93 223 216 789
312 83 225 216 789
317 95 221 216 789
10135 782 208 216 789
695 102 222 216 789
10165 794 227 217 790
312 84 227 217 790
560 97 231 217 790
10096 781 208 217 790
10135 783 219 217 790
158 45 232 217 790
358 105 221 217 790
448 100 225 217 790
10165 795 224 218 791
560 98 223 218 791
37 83 221 218 791
10135 784 220 218 791
158 46 224 218 791
358 106 225 218 791
10165 796 218 219 792
37 84 221 219 792
10135 785 227 219 792
577 104 222 219 792
158 47 226 219 792
358 107 224 219 792
448 102 227 219 792
10165 797 216 220 793
10165 798 218 221 794
312 88 221 221 794
560 101 225 221 794
10135 787 215 221 794
158 49 221 221 794
448 104 223 221 794
10165 799 224 222 795
37 87 227 222 795
10135 788 221 222 795
358 110 224 222 795
10165 800 219 223 796
10135 789 219 223 796
10165 801 209 224 797
10096 788 209 224 797
10135 790 219 224 797
10165 802 234 225 798
186 93 223 225 798
10135 791 226 225 798
695 111 226 225 798
10096 790 209 226 799
186 94 223 226 799
10135 792 225 226 799
158 54 224 226 799
10165 804 221 227 800
10135 793 217 227 800
10165 805 222 228 801
10135 794 221 228 801
448 111 226 228 801
10165 806 225 229 802
560 109 222 229 802
10135 795 231 229 802
10165 807 211 230 803
237 107 221 230 803
10135 796 217 230 803
10165 808 218 231 804
186 99 233 231 804
10135 797 211 231 804
10165 809 218 232 805
10096 796 210 232 805
10135 798 221 232 805
10165 810 222 233 806
186 101 229 233 806
560 113 221 233 806
10135 799 214 233 806
448 116 221 233 806
10165 811 211 234 807
735 116 222 234 807
317 113 221 234 807
186 102 225 234 807
10135 800 215 234 807
10165 812 220 235 808
560 115 224 235 808
37 100 222 235 808
358 123 225 235 808
10165 813 211 236 809
37 101 227 236 809
10135 802 208 236 809
10165 814 210 237 810
10135 803 217 237 810
358 125 228 237 810
10165 815 225 238 811
10135 804 219 238 811
358 126 222 238 811
10165 816 209 239 812
10096 803 208 239 812
10135 805 208 239 812
10165 817 227 240 813
10135 806 208 240 813
695 126 221 240 813
10029 805 208 240 813
10165 818 210 241 814
137 113 240 241 814
10135 807 208 241 814
10147 803 208 241 814
10029 806 207 241 814
10165 819 221 242 815
186 110 223 242 815
10135 808 214 242 815
448 125 227 243 816
10165 820 220 243 816
10135 809 225 243 816
577 128 221 243 816
10165 821 223 244 817
237 121 223 244 817
186 112 231 244 817
37 109 221 244 817
10135 810 219 244 817
10165 822 212 245 818
735 127 221 245 818
10135 811 208 245 818
10165 823 214 246 819
312 113 221 246 819
237 123 221 246 819
10135 812 223 246 819
577 131 225 246 819
10165 824 209 247 820
10135 813 214 247 820
577 132 224 247 820
358 135 223 247 820
10165 825 217 248 821
237 125 222 248 821
10135 814 223 248 821
158 76 222 248 821
10165 826 228 249 822
10135 815 219 249 822
10165 827 218 250 823
735 132 221 250 823
237 127 232 250 823
10096 814 213 250 823
10135 816 217 250 823
158 78 221 250 823
10165 828 223 251 824
10135 817 219 251 824
10165 829 225 252 825
237 129 225 252 825
37 117 221 252 825
10096 816 208 252 825
10135 818 215 252 825
10120 821 207 252 825
577 137 224 252 825
10165 830 210 253 826
10135 819 223 253 826
10136 815 208 253 826
10165 831 217 254 827
237 131 221 254 827
10135 820 224 254 827
10165 832 233 255 828
10096 819 213 255 828
10135 821 212 255 828
577 140 223 255 828
10165 833 222 256 829
10096 820 208 256 829
560 136 233 256 829
10135 822 212 256 829
10165 834 209 257 830
10096 821 210 257 830
10135 823 227 257 830
10165 835 224 258 831
735 140 221 258 831
10135 824 223 258 831
10165 836 226 259 832
10135 825 217 259 832
10165 837 225 260 833
10135 826 223 260 833
10165 838 226 261 834
37 126 221 261 834
10135 827 215 261 834
10120 830 207 261 834
10165 839 208 262 835
10135 828 218 262 835
10165 840 216 263 836
37 128 221 263 836
10135 829 224 263 836
10165 841 207 264 837
10135 830 208 264 837
10165 842 217 265 838
10135 831 222 265 838
10165 843 222 266 839
10135 832 213 266 839
10165 844 217 267 840
10135 833 209 267 840
10165 845 212 268 841
560 148 221 268 841
10135 834 214 268 841
10165 846 219 269 842
10135 835 222 269 842
10165 847 218 270 843
10135 836 216 270 843
10165 848 217 271 844
10165 849 220 272 845
10135 838 210 272 845
10165 850 219 273 846
10135 839 218 273 846
10165 851 222 273 846
10135 840 207 274 847
10165 852 211 274 847
186 143 224 275 848
10135 841 223 275 848
10165 853 216 275 848
10135 842 222 276 849
10165 854 219 276 849
10135 843 212 277 850
10165 855 210 277 850
37 143 222 278 851
10135 844 223 278 851
10165 856 212 278 851
10135 845 212 279 852
10165 857 215 279 852
10165 858 219 280 853
10135 847 220 281 854
10165 859 225 281 854
312 149 223 282 855
10135 848 215 282 855
10165 860 224 282 855
10135 849 215 283 856
10165 861 221 283 856
10096 848 208 284 857
10135 850 223 284 857
10165 862 219 284 857
10135 851 221 285 858
10165 863 221 285 858
10135 852 221 286 859
10165 864 208 286 859
10135 853 220 287 860
10165 865 225 287 860
10135 854 221 288 861
10165 866 224 288 861
10135 855 223 289 862
10165 867 215 289 862
10165 868 223 290 863
10135 857 221 291 864
10135 858 219 292 865
10165 870 212 292 865
10135 859 220 293 866
10165 871 221 293 866
10135 860 221 294 867
10165 872 223 294 867
10135 861 219 295 868
10165 873 219 295 868
10135 862 216 296 869
10165 874 222 296 869
10135 863 222 297 870
10165 875 219 297 870
10096 862 208 298 871
10135 864 223 298 871
10096 863 208 299 872
10135 865 223 299 872
10165 877 219 299 872
10135 866 221 300 873
10165 878 215 300 873
10135 867 223 301 874
10165 879 214 301 874
10135 868 223 302 875
10165 880 221 302 875
10135 869 216 303 876
10165 881 221 303 876
10135 870 222 304 877
10165 882 219 304 877
10135 871 221 305 878
10165 883 219 305 878
10096 870 208 306 879
10135 872 219 306 879
10165 884 220 307 880
10165 885 218 307 880
10135 874 218 308 881
10165 886 214 308 881
560 189 221 309 882
10135 875 225 309 882
10165 887 212 309 882
577 195 221 310 883
10136 872 207 310 883
10165 888 217 310 883
10096 875 212 311 884
10135 877 216 311 884
10120 880 211 311 884
10165 889 226 311 884
10096 876 213 312 885
10135 878 217 312 885
158 140 223 312 885
10165 890 217 312 885
10135 879 225 313 886
695 199 223 313 886
10165 891 221 313 886
735 196 221 314 887
10135 880 219 314 887
10120 883 211 314 887
577 199 223 314 887
10165 892 216 314 887
186 183 223 315 888
10096 879 211 315 888
37 180 243 315 888
10135 881 225 315 888
577 200 221 315 888
10120 884 207 315 888
237 193 224 315 888
10165 893 223 315 888
735 198 223 316 889
186 184 226 316 889
10096 880 208 316 889
37 181 238 316 889
10135 882 223 316 889
358 204 223 316 889
10120 885 208 316 889
10136 878 207 316 889
10165 894 215 316 889
735 199 223 317 890
186 185 223 317 890
10135 883 213 317 890
10165 895 209 317 890
317 197 221 318 891
10096 882 207 318 891
10135 884 208 318 891
10165 896 214 318 891
10135 885 219 319 892
10165 897 219 319 892
10135 886 207 320 893
560 200 224 320 893
10165 898 217 320 893
10135 887 221 321 894
10165 899 221 321 894
10135 888 220 322 895
10165 900 217 322 895
10135 889 223 323 896
10165 901 220 323 896
10135 890 215 324 897
10165 902 214 324 897
10165 903 216 325 898
10165 904 213 326 899
10135 893 213 327 900
10165 905 217 327 900
10135 894 210 328 901
10165 906 214 328 901
10135 895 214 329 902
10165 907 213 329 902
10135 896 207 330 903
10165 908 212 330 903
10135 897 214 331 904
10165 909 217 331 904
10135 898 217 332 905
10165 910 217 332 905
10135 899 215 333 906
10165 911 223 333 906
560 214 222 334 907
10135 900 221 334 907
10165 912 210 335 908
10135 901 217 335 908
10165 913 211 336 909
10135 902 215 336 909
10165 914 214 337 910
10135 903 217 337 910
10165 915 217 338 911
10096 902 207 338 911
10165 917 211 340 913
10135 906 217 340 913
10165 918 217 341 914
10135 907 208 341 914
10135 908 219 342 915
10165 920 219 343 916
10135 909 210 343 916
10165 921 216 344 917
10135 910 218 344 917
10165 922 212 345 918
10135 911 216 345 918
158 173 224 345 918
10165 923 213 346 919
10135 912 214 346 919
10165 924 211 347 920
10135 913 217 347 920
10165 925 211 348 921
10096 912 206 348 921
10135 914 212 348 921
10165 926 210 349 922
358 237 222 349 922
10135 915 228 349 922
10165 927 225 350 923
571 216 225 350 923
10135 916 225 350 923
10165 928 223 351 924
317 230 229 351 924
10096 915 211 351 924
560 231 221 351 924
358 239 221 351 924
10135 917 222 351 924
695 237 223 351 924
448 234 222 352 925
10165 929 217 352 925
312 219 222 352 925
317 231 223 352 925
10096 916 210 352 925
10135 918 208 352 925
695 238 221 352 925
577 237 221 352 925
638 218 224 353 926
10165 930 225 353 926
312 220 233 353 926
317 232 227 353 926
186 221 221 353 926
358 241 228 353 926
10135 919 225 353 926
695 239 232 353 926
10120 922 210 353 926
638 219 226 354 927
10165 931 225 354 927
317 233 223 354 927
358 242 223 354 927
37 219 221 354 927
638 220 237 355 928
10165 932 229 355 928
312 222 225 355 928
571 221 226 355 928
186 223 223 355 928
317 234 221 355 928
10096 919 211 355 928
10135 921 211 355 928
10120 924 208 355 928
10165 933 223 356 929
312 223 221 356 929
186 224 225 356 929
317 235 226 356 929
448 240 229 358 931
10165 935 221 358 931
10165 936 229 359 932
10135 925 223 359 932
448 242 221 360 933
10165 937 228 360 933
10096 924 217 360 933
10135 926 221 360 933
158 188 223 360 933
10165 938 233 361 934
10096 925 210 361 934
10135 927 222 361 934
158 189 223 361 934
10165 939 231 362 935
10096 926 212 362 935
10135 928 231 362 935
10165 940 232 363 936
10135 929 219 363 936
10165 941 224 364 937
10135 930 224 364 937
10165 942 221 365 938
560 245 223 365 938
37 230 225 365 938
10135 931 213 365 938
10165 943 220 366 939
10135 932 222 366 939
10165 944 219 367 940
560 247 225 367 940
10096 931 208 367 940
10135 933 212 367 940
10165 945 223 368 941
560 248 229 368 941
10096 932 208 368 941
10135 934 221 368 941
10165 946 223 369 942
735 251 223 369 942
560 249 225 369 942
10135 935 226 369 942
577 254 221 369 942
10165 947 223 370 943
10096 934 208 370 943
10135 936 227 370 943
10165 948 227 371 944
237 248 221 371 944
312 238 221 371 944
10135 937 229 371 944
10165 949 225 372 945
10135 938 229 372 945
10165 950 226 373 946
358 261 224 373 946
10096 937 206 373 946
10135 939 227 373 946
158 201 222 373 946
10165 951 226 374 947
358 262 224 374 947
10135 940 221 374 947
10165 952 225 375 948
10165 953 225 376 949
560 256 221 376 949
37 241 223 376 949
10135 942 228 376 949
577 261 225 376 949
10165 954 227 377 950
10135 943 225 377 950
10165 955 235 378 951
358 266 224 378 951
10135 944 210 378 951
10165 956 234 379 952
10135 945 221 379 952
10120 948 209 379 952
10165 957 234 380 953
560 260 222 380 953
10135 946 227 380 953
10120 949 209 380 953
10165 958 224 381 954
560 261 221 381 954
10096 945 210 381 954
10135 947 225 381 954
10120 950 208 381 954
312 249 223 382 955
10096 946 207 382 955
10135 948 229 382 955
237 260 221 383 956
10165 960 227 383 956
358 271 223 383 956
10135 949 222 383 956
10165 961 223 384 957
312 251 225 384 957
10135 950 225 384 957
10165 962 220 385 958
312 252 221 385 958
10135 951 223 385 958
37 250 223 385 958
10120 954 210 385 958
10165 963 215 386 959
312 253 223 386 959
10135 952 212 386 959
10165 964 216 387 960
10135 954 218 388 961
10165 966 210 389 962
10135 955 206 389 962
10135 956 216 390 963
10165 968 221 391 964
10135 957 220 391 964
10165 969 215 392 965
10135 958 225 392 965
10165 970 221 393 966
10135 959 211 393 966
10135 960 215 394 967
10165 972 208 395 968
10135 961 211 395 968
10135 962 213 396 969
10165 974 212 397 970
10135 963 219 397 970
10165 975 219 398 971
10135 964 219 398 971
10165 976 214 399 972
10096 963 212 399 972
10135 965 217 399 972
10165 977 213 400 973
10096 964 210 400 973
10135 966 219 400 973
10165 978 218 401 974
10096 965 209 401 974
10135 967 221 401 974
10029 966 210 401 974
10165 979 220 402 975
10096 966 208 402 975
10135 968 209 402 975
10147 964 217 402 975
10029 967 210 402 975
10136 964 208 402 975
10096 967 208 403 976
10135 969 208 403 976
10147 965 221 403 976
10029 968 209 403 976
10147 966 219 404 977
10029 969 216 404 977
10096 969 213 405 978
10135 971 211 405 978
10029 970 214 405 978
10165 983 221 406 979
10135 972 215 406 979
10135 973 223 407 980
10165 985 223 408 981
10135 974 215 408 981
10165 986 220 409 982
10135 975 223 409 982
10135 976 221 410 983
10165 988 220 411 984
10135 977 216 411 984
10165 989 216 412 985
10135 978 217 412 985
560 293 222 413 986
10135 979 216 413 986
10165 991 217 414 987
10135 980 213 414 987
10165 992 210 415 988
10165 993 219 416 989
10135 982 211 416 989
10165 994 223 417 990
10135 983 221 417 990
10165 995 220 418 991
10135 984 217 418 991
10165 996 219 419 992
10135 985 218 419 992
10165 997 219 420 993
10135 986 209 420 993
10165 998 214 421 994
10135 987 213 421 994
10135 988 211 422 995
10165 1000 211 423 996
10096 987 208 423 996
10135 989 210 423 996
10135 990 218 424 997
10165 1002 208 425 998
10135 991 212 425 998
10165 1003 208 426 999
10165 1004 212 427 1000
10165 1005 229 428 1001
312 295 229 428 1001
10135 994 222 428 1001
10165 1006 225 429 1002
560 309 226 429 1002
10135 995 221 429 1002
10165 1007 223 430 1003
312 297 221 430 1003
560 310 235 430 1003
358 318 224 430 1003
10096 994 208 430 1003
10135 996 221 430 1003
10136 992 209 430 1003
448 313 224 431 1004
10165 1008 216 431 1004
560 311 228 431 1004
358 319 223 431 1004
10135 997 218 431 1004
10165 1009 223 432 1005
312 299 221 432 1005
10096 996 217 432 1005
10135 998 224 432 1005
10165 1010 213 433 1006
358 321 222 433 1006
10135 999 210 433 1006
10165 1011 209 434 1007
10165 1012 217 435 1008
10135 1001 219 435 1008
10165 1013 216 436 1009
10135 1002 212 436 1009
10135 1003 208 437 1010
10135 1004 207 438 1011
10165 1016 217 439 1012
10135 1005 216 439 1012
10165 1018 225 441 1014
10135 1007 223 441 1014
10165 1019 221 442 1015
10135 1008 216 442 1015
10165 1020 219 443 1016
10135 1009 219 443 1016
10165 1021 213 444 1017
10135 1010 221 444 1017
10165 1022 222 445 1018
10135 1011 216 445 1018
10165 1023 219 446 1019
10135 1012 216 446 1019
10165 1024 220 447 1020
10135 1013 220 447 1020
10165 1025 215 448 1021
10135 1014 221 448 1021
10165 1026 219 449 1022
10135 1015 222 449 1022
10165 1027 224 450 1023
10096 1014 207 450 1023
10135 1016 225 450 1023
10165 1028 210 451 1024
10135 1017 214 451 1024
10120 1020 218 451 1024
10147 1013 209 451 1024
10029 1016 211 451 1024
10165 1029 211 452 1025
10122 1015 209 452 1025
10096 1016 216 452 1025
10147 1014 223 452 1025
10122 1016 213 453 1026
10103 1019 208 453 1026
10139 1019 212 454 1027
10109 1016 207 454 1027
10102 1019 223 454 1027
10103 1020 212 454 1027
10139 1020 219 455 1028
10117 1017 225 455 1028
10102 1020 221 455 1028
10103 1021 209 455 1028
10117 1018 229 456 1029
10102 1021 223 456 1029
10103 1022 211 456 1029
10139 1022 218 457 1030
10117 1019 222 457 1030
10096 1022 207 458 1031
10120 1027 209 458 1031
10147 1020 220 458 1031
10029 1023 213 458 1031
10147 1021 208 459 1032
10023 1025 215 460 1033
10147 1022 209 460 1033
10023 1026 210 461 1034
10122 1025 209 462 1035
10023 1027 208 462 1035
10029 1028 210 463 1036
10147 1026 226 464 1037
10096 1029 212 465 1038
10135 1031 221 465 1038
10147 1027 212 465 1038
10165 1043 223 466 1039
10135 1032 212 466 1039
10165 1044 209 467 1040
10135 1033 219 467 1040
10135 1034 209 468 1041
10135 1035 208 469 1042
10135 1036 210 470 1043
10165 1048 218 471 1044
10096 1035 208 471 1044
10135 1037 216 471 1044
10135 1038 209 472 1045
10135 1040 207 474 1047
10135 1044 208 478 1051
10135 1046 208 480 1053
10165 1059 209 482 1055
10135 1049 207 483 1056
10165 1062 209 485 1058
10165 1063 210 486 1059
10165 1064 210 487 1060
10135 1055 209 489 1062
10165 1067 208 490 1063
10135 1056 210 490 1063
10165 1068 213 491 1064
10135 1057 216 491 1064
10165 1069 213 492 1065
10135 1058 219 492 1065
10165 1070 209 493 1066
10135 1059 210 493 1066
10165 1071 209 494 1067
10135 1061 219 495 1068
10165 1073 219 496 1069
10135 1062 213 496 1069
10165 1074 224 497 1070
10096 1061 206 497 1070
10135 1063 214 497 1070
10165 1075 226 498 1071
10096 1062 211 498 1071
10135 1064 212 498 1071
10165 1076 220 499 1072
10135 1065 219 499 1072
10165 1077 231 500 1073
10135 1066 229 500 1073
10165 1078 211 501 1074
10135 1067 224 501 1074
10165 1079 227 502 1075
10165 1080 233 503 1076
10135 1069 217 503 1076
10165 1081 224 504 1077
10135 1070 217 504 1077
10165 1082 235 505 1078
10135 1071 217 505 1078
10165 1083 219 506 1079
10096 1070 208 506 1079
10135 1073 221 507 1080
10165 1085 222 508 1081
10135 1074 223 508 1081
10165 1086 220 509 1082
10096 1073 210 509 1082
10165 1087 226 510 1083
10135 1076 222 510 1083
10165 1088 223 511 1084
10135 1077 219 511 1084
10165 1089 222 512 1085
10165 1090 225 513 1086
10096 1077 208 513 1086
10135 1079 211 513 1086
10165 1091 232 514 1087
10135 1080 226 514 1087
10120 1083 208 514 1087
10165 1092 219 515 1088
10135 1081 223 515 1088
10165 1093 215 516 1089
10135 1082 211 516 1089
10165 1094 216 517 1090
10135 1083 217 517 1090
10135 1084 220 518 1091
10135 1085 221 519 1092
10165 1097 222 520 1093
10165 1098 210 521 1094
10165 1099 208 522 1095
10165 1100 208 523 1096
10135 1090 208 524 1097
10165 1102 209 525 1098
10135 1091 208 525 1098
10165 1105 220 528 1101
10135 1094 215 528 1101
10165 1106 208 529 1102
10165 1107 219 530 1103
10165 1109 217 532 1105
10135 1098 230 532 1105
10165 1110 211 533 1106
10135 1099 211 533 1106
10120 1102 206 533 1106
10165 1111 214 534 1107
10135 1100 213 534 1107
10165 1112 233 535 1108
10096 1099 208 535 1108
10135 1101 223 535 1108
10165 1113 221 536 1109
10135 1102 212 536 1109
10165 1114 224 537 1110
10135 1103 221 537 1110
10165 1115 222 538 1111
10135 1104 212 538 1111
10165 1116 221 539 1112
10135 1105 216 539 1112
10165 1117 233 540 1113
10135 1106 225 540 1113
10165 1118 217 541 1114
10135 1107 214 541 1114
10165 1119 217 542 1115
10135 1108 216 542 1115
10165 1120 223 543 1116
10135 1109 212 543 1116
10165 1121 222 544 1117
10165 1122 208 545 1118
10165 1123 207 546 1119
10135 1112 209 546 1119
10135 1113 209 547 1120
10165 1125 208 548 1121
10135 1115 210 549 1122
10135 1116 211 550 1123
10135 1117 210 551 1124
10135 1118 213 552 1125
10135 1119 207 553 1126
10165 1131 208 554 1127
10165 1132 225 555 1128
10135 1121 207 555 1128
10165 1133 208 556 1129
10135 1123 210 557 1130
10165 1135 210 558 1131
10135 1124 208 558 1131
10165 1137 208 560 1133
10165 1139 208 562 1135
10135 1128 211 562 1135
10135 1130 211 564 1137
10165 1142 207 565 1138
10135 1131 208 565 1138
10165 1143 219 566 1139
10135 1132 212 566 1139
10165 1144 218 567 1140
10135 1133 209 567 1140
10135 1135 212 569 1142
10135 1136 210 570 1143
10165 1148 208 571 1144
10135 1138 209 572 1145
10165 1150 216 573 1146
10135 1139 218 573 1146
10165 1151 210 574 1147
10165 1152 208 575 1148
10135 1142 211 576 1149
10165 1157 208 580 1153
10135 1146 207 580 1153
10165 1158 207 581 1154
10135 1148 207 582 1155
10165 1160 211 583 1156
10135 1149 209 583 1156
10165 1161 217 584 1157
10135 1150 209 584 1157
10165 1162 214 585 1158
10135 1151 218 585 1158
10135 1152 208 586 1159
10135 1153 217 587 1160
10165 1166 208 589 1162
10135 1155 208 589 1162
10165 1167 219 590 1163
10135 1156 208 590 1163
10165 1168 210 591 1164
10135 1157 211 591 1164
10165 1169 213 592 1165
10135 1158 208 592 1165
10165 1170 219 593 1166
10165 1171 208 594 1167
10165 1172 208 595 1168
10135 1161 208 595 1168
10165 1173 208 596 1169
10135 1162 219 596 1169
10165 1174 221 597 1170
10135 1163 214 597 1170
10165 1175 223 598 1171
10135 1164 216 598 1171
10165 1176 212 599 1172
10135 1165 225 599 1172
10029 1164 221 599 1172
10135 1166 213 600 1173
10147 1162 220 600 1173
10135 1167 209 601 1174
10120 1170 213 601 1174
10147 1163 231 601 1174
10029 1166 208 601 1174
10135 1168 216 602 1175
10029 1167 212 602 1175
10135 1169 222 603 1176
10165 1181 210 604 1177
10135 1170 216 604 1177
10165 1182 214 605 1178
10135 1171 210 605 1178
10165 1183 216 606 1179
10135 1172 211 606 1179
10165 1184 215 607 1180
10135 1173 211 607 1180
10135 1174 209 608 1181
10135 1175 212 609 1182
10135 1176 207 610 1183
10165 1188 211 611 1184
10135 1177 211 611 1184
10135 1178 213 612 1185
10165 1190 207 613 1186
10165 1191 207 614 1187
10135 1181 212 615 1188
10165 1193 220 616 1189
10135 1182 207 616 1189
10135 1183 211 617 1190
10165 1195 208 618 1191
10135 1184 216 618 1191
10165 1196 210 619 1192
10135 1185 211 619 1192
10165 1197 217 620 1193
10135 1186 210 620 1193
10165 1198 214 621 1194
10135 1187 210 621 1194
10165 1199 217 622 1195
10135 1188 212 622 1195
10165 1200 212 623 1196
10165 1201 214 624 1197
10135 1191 211 625 1198
10165 1203 218 626 1199
10135 1192 212 626 1199
10165 1204 221 627 1200
10135 1193 209 627 1200
10165 1205 207 628 1201
10135 1194 211 628 1201
10165 1206 208 629 1202
10135 1195 215 629 1202
10135 1196 212 630 1203
10165 1208 208 631 1204
10165 1209 209 632 1205
10165 1221 209 644 1217
10165 1222 210 645 1218
10165 1223 209 646 1219
10165 1225 209 648 1221
10165 1226 207 649 1222
10165 1227 210 650 1223
10165 1228 210 651 1224
10165 1229 209 652 1225
10135 1218 210 652 1225
10135 1219 207 653 1226
10165 1231 208 654 1227
10165 1232 210 655 1228
10135 1221 207 655 1228
10165 1233 218 656 1229
10165 1234 214 657 1230
10165 1235 220 658 1231
10135 1224 215 658 1231
10096 1223 210 659 1232
10135 1225 223 659 1232
10165 1237 210 660 1233
10096 1224 207 660 1233
10135 1226 223 660 1233
10165 1238 234 661 1234
10135 1227 210 661 1234
10135 1229 209 663 1236
10165 1241 207 664 1237
10135 1230 209 664 1237
10135 1231 209 665 1238
10165 1243 217 666 1239
10135 1235 209 669 1242
10165 1247 208 670 1243
10135 1236 207 670 1243
10165 1248 209 671 1244
10135 1237 209 671 1244
10135 1238 207 672 1245
10165 1250 208 673 1246
10135 1242 216 676 1249
10135 1243 215 677 1250
10165 1255 216 678 1251
10135 1244 208 678 1251
10136 1240 207 678 1251
10165 1256 212 679 1252
10135 1245 213 679 1252
10165 1257 233 680 1253
10096 1244 212 680 1253
10135 1246 214 680 1253
10135 1247 208 681 1254
10135 1248 211 682 1255
10135 1249 210 683 1256
10120 1252 207 683 1256
10165 1261 220 684 1257
10096 1248 206 684 1257
10135 1250 220 684 1257
10165 1262 211 685 1258
10096 1249 210 685 1258
10135 1251 227 685 1258
10165 1263 218 686 1259
10135 1252 218 686 1259
10165 1264 209 687 1260
10135 1253 221 687 1260
10165 1265 210 688 1261
10135 1254 221 688 1261
10165 1266 211 689 1262
10135 1255 222 689 1262
10165 1268 210 691 1264
10165 1269 213 692 1265
10135 1258 219 692 1265
10165 1270 208 693 1266
10135 1259 214 693 1266
10135 1260 211 694 1267
10165 1272 209 695 1268
10135 1261 211 695 1268
10165 1273 211 696 1269
10135 1262 210 696 1269
10165 1274 211 697 1270
10135 1263 215 697 1270
10165 1275 212 698 1271
10135 1264 211 698 1271
10165 1276 212 699 1272
10135 1265 212 699 1272
10165 1277 215 700 1273
10135 1266 213 700 1273
10165 1278 214 701 1274
10135 1267 212 701 1274
10165 1279 215 702 1275
10135 1268 211 702 1275
10165 1280 212 703 1276
10135 1269 213 703 1276
10165 1281 208 704 1277
10135 1270 213 704 1277
10135 1271 212 705 1278
10135 1272 215 706 1279
10165 1284 207 707 1280
10135 1273 214 707 1280
10135 1274 215 708 1281
10165 1286 209 709 1282
10135 1275 209 709 1282
10165 1287 217 710 1283
10135 1276 213 710 1283
10165 1288 215 711 1284
10135 1277 213 711 1284
10165 1289 213 712 1285
10135 1278 213 712 1285
10165 1290 214 713 1286
10135 1279 214 713 1286
10165 1291 212 714 1287
10135 1280 211 714 1287
10165 1292 212 715 1288
10135 1281 214 715 1288
10165 1293 214 716 1289
10135 1282 216 716 1289
10165 1294 217 717 1290
10135 1283 227 717 1290
10120 1286 217 717 1290
10029 1282 233 717 1290
235 160 221 718 1291
782 544 227 718 1291
412 544 243 718 1291
10135 1284 213 718 1291
394 593 222 718 1291
10120 1287 210 718 1291
10147 1280 219 718 1291
10029 1283 226 718 1291
404 564 223 719 1292
412 545 221 719 1292
10135 1285 209 719 1292
604 590 235 719 1292
10120 1288 214 719 1292
10147 1281 217 719 1292
268 486 227 719 1292
10029 1284 227 719 1292
10165 1297 211 720 1293
404 565 223 720 1293
10135 1286 206 720 1293
431 307 226 720 1293
10120 1289 211 720 1293
10147 1282 227 720 1293
268 487 223 720 1293
10029 1285 224 720 1293
431 308 233 721 1294
10120 1290 213 721 1294
10147 1283 220 721 1294
268 488 221 721 1294
10029 1286 220 721 1294
10165 1299 208 722 1295
10135 1288 210 722 1295
604 593 223 722 1295
10120 1291 215 722 1295
10147 1284 222 722 1295
268 489 221 722 1295
10029 1287 232 722 1295
10135 1289 209 723 1296
431 310 223 723 1296
10120 1292 208 723 1296
10147 1285 221 723 1296
268 490 222 723 1296
10029 1288 226 723 1296
10096 1288 207 724 1297
404 569 221 724 1297
10135 1290 207 724 1297
604 595 224 724 1297
10120 1293 213 724 1297
10147 1286 226 724 1297
268 491 227 724 1297
10029 1289 223 724 1297
10135 1291 207 725 1298
604 596 221 725 1298
10147 1287 213 725 1298
268 492 221 725 1298
10029 1290 226 725 1298
10120 1295 219 726 1299
10147 1288 217 726 1299
10029 1291 221 726 1299
445 594 223 727 1300
10120 1296 215 727 1300
10147 1289 211 727 1300
10029 1292 219 727 1300
10120 1297 215 728 1301
10147 1290 208 728 1301
10029 1293 212 728 1301
10165 1306 225 729 1302
10135 1295 217 729 1302
10165 1307 221 730 1303
10129 1302 207 732 1305
10085 1308 208 734 1307
712 613 229 734 1307
10055 1308 211 735 1308
10158 1303 213 735 1308
10173 1304 218 735 1308
300 601 222 736 1309
745 618 223 736 1309
577 622 224 737 1310
10018 637 213 737 1310
10098 1307 218 737 1310
10018 638 215 738 1311
10076 1308 210 739 1312
10055 1312 211 739 1312
10106 1311 212 740 1313
10106 1312 218 741 1314
10106 1313 213 742 1315
10076 1312 208 743 1316
10106 1314 219 743 1316
540 627 222 744 1317
10106 1315 214 744 1317
10106 1316 223 745 1318
10106 1317 213 746 1319
10076 1316 209 747 1320
10106 1318 210 747 1320
10076 1317 210 748 1321
540 631 234 748 1321
11 76 223 748 1321
10076 1318 208 749 1322
540 632 234 749 1322
656 627 224 749 1322
10106 1320 217 749 1322
10055 1323 210 750 1323
540 633 223 750 1323
10106 1321 217 750 1323
10055 1324 208 751 1324
540 634 235 751 1324
10106 1322 224 751 1324
540 635 221 752 1325
656 630 223 752 1325
10106 1323 218 752 1325
10076 1322 212 753 1326
540 636 231 753 1326
656 631 223 753 1326
10076 1323 208 754 1327
540 637 223 754 1327
656 632 221 754 1327
10106 1326 211 755 1328
10076 1325 210 756 1329
656 634 222 756 1329
10106 1327 212 756 1329
623 471 221 756 1329
540 640 231 757 1330
10076 1327 207 758 1331
540 641 234 758 1331
10106 1329 210 758 1331
540 642 226 759 1332
10106 1330 208 759 1332
540 643 225 760 1333
10106 1331 216 760 1333
540 644 222 761 1334
10106 1332 215 761 1334
540 645 225 762 1335
10106 1333 231 762 1335
10076 1332 210 763 1336
540 646 236 763 1336
656 641 221 763 1336
10106 1334 225 763 1336
10076 1333 209 764 1337
540 647 234 764 1337
656 642 223 764 1337
10106 1335 216 764 1337
10076 1334 207 765 1338
10106 1336 208 765 1338
10106 1337 223 766 1339
10076 1336 211 767 1340
540 650 224 767 1340
10106 1338 213 767 1340
540 651 222 768 1341
10106 1339 211 768 1341
10055 1342 208 769 1342
10106 1340 217 769 1342
10106 1341 218 770 1343
10106 1343 213 772 1345
10106 1344 222 773 1346
10076 1343 210 774 1347
10106 1345 222 774 1347
10106 1347 211 776 1349
10076 1347 208 778 1351
656 656 225 778 1351
10106 1349 219 778 1351
10076 1348 210 779 1352
10106 1350 215 779 1352
10106 1351 213 780 1353
10106 1352 207 781 1354
10106 1353 211 782 1355
10106 1354 209 783 1356
10055 1358 215 785 1358
10106 1356 209 785 1358
10040 1353 207 785 1358
10076 1355 210 786 1359
10106 1357 211 786 1359
10076 1356 207 787 1360
296 676 223 787 1360
711 9 233 787 1360
10018 689 217 789 1362
10140 1358 210 789 1362
10084 1356 210 789 1362
10173 1358 213 789 1362
10055 1363 207 790 1363
10018 690 209 790 1363
10106 1362 210 791 1364
10076 1361 221 792 1365
10055 1365 214 792 1365
10031 1369 218 793 1366
10031 1370 220 794 1367
787 362 222 795 1368
10031 1371 220 795 1368
10031 1372 220 796 1369
723 665 223 796 1369
10031 1373 225 797 1370
723 666 229 797 1370
10031 1374 224 798 1371
636 67 230 799 1372
10031 1375 223 799 1372
723 668 224 799 1372
244 674 223 799 1372
10031 1376 208 800 1373
474 70 221 800 1373
10154 1367 210 800 1373
10122 1366 208 803 1376
10139 1370 209 805 1378
10103 1371 209 805 1378
10139 1371 219 806 1379
10117 1368 233 806 1379
10102 1371 221 806 1379
10139 1372 211 807 1380
10117 1369 225 807 1380
10102 1372 219 807 1380
10139 1373 233 808 1381
10117 1370 221 808 1381
10096 1373 215 809 1382
10135 1376 215 810 1383
10165 1388 219 811 1384
10135 1377 217 811 1384
10165 1389 222 812 1385
10135 1379 209 813 1386
10165 1391 210 814 1387
10135 1380 210 814 1387
10165 1392 209 815 1388
10135 1381 210 815 1388
10165 1394 212 817 1390
10135 1383 211 817 1390
10135 1384 211 818 1391
10165 1396 217 819 1392
10165 1397 216 820 1393
10135 1386 216 820 1393
10165 1398 212 821 1394
10135 1387 211 821 1394
10165 1399 213 822 1395
10165 1400 217 823 1396
10135 1389 209 823 1396
10165 1401 221 824 1397
10135 1390 209 824 1397
10165 1402 217 825 1398
10165 1405 207 828 1401
10135 1394 209 828 1401
10165 1406 209 829 1402
10165 1407 208 830 1403
10165 1408 209 831 1404
10165 1409 211 832 1405
10165 1410 212 833 1406
10165 1411 214 834 1407
10165 1412 208 835 1408
10165 1413 212 836 1409
10165 1414 209 837 1410
10165 1415 209 838 1411
10165 1416 209 839 1412
10165 1417 210 840 1413
10165 1418 210 841 1414
10135 1407 213 841 1414
10165 1419 207 842 1415
10135 1408 209 842 1415
10165 1420 210 843 1416
10165 1421 216 844 1417
10135 1410 208 844 1417
10165 1422 217 845 1418
10135 1411 219 845 1418
10165 1423 218 846 1419
10135 1412 216 846 1419
10165 1424 219 847 1420
10135 1414 221 848 1421
10165 1426 219 849 1422
10135 1415 221 849 1422
10165 1427 208 850 1423
10135 1416 207 850 1423
10165 1428 214 851 1424
10135 1417 218 851 1424
10135 1418 210 852 1425
10165 1430 215 853 1426
10135 1419 212 853 1426
10165 1431 211 854 1427
10135 1420 221 854 1427
10165 1432 219 855 1428
10135 1421 208 855 1428
10165 1433 214 856 1429
10135 1422 217 856 1429
10165 1434 220 857 1430
10135 1423 219 857 1430
10165 1435 218 858 1431
10135 1424 210 858 1431
10165 1436 212 859 1432
10135 1425 213 859 1432
10165 1437 210 860 1433
10135 1426 213 860 1433
10165 1438 210 861 1434
10135 1427 213 861 1434
10165 1439 209 862 1435
10135 1428 212 862 1435
10165 1440 212 863 1436
10135 1429 212 863 1436
10165 1441 211 864 1437
10135 1430 211 864 1437
10165 1442 211 865 1438
10135 1431 213 865 1438
10165 1443 214 866 1439
10135 1432 213 866 1439
10165 1444 209 867 1440
10135 1433 211 867 1440
10165 1445 211 868 1441
10135 1434 214 868 1441
10165 1446 211 869 1442
10135 1435 213 869 1442
10165 1447 216 870 1443
10135 1436 215 870 1443
10135 1437 210 871 1444
10165 1451 213 874 1447
10135 1440 211 874 1447
10165 1452 214 875 1448
10135 1441 209 875 1448
10135 1442 209 876 1449
10165 1454 211 877 1450
10135 1443 213 877 1450
10165 1455 218 878 1451
10135 1444 213 878 1451
10135 1445 209 879 1452
10165 1457 214 880 1453
10135 1447 210 881 1454
10135 1448 214 882 1455
10135 1449 212 883 1456
10135 1450 213 884 1457
10135 1451 213 885 1458
10135 1452 212 886 1459
10135 1453 211 887 1460
10135 1454 210 888 1461
10135 1455 208 889 1462
10135 1456 209 890 1463
10135 1457 209 891 1464
10165 1469 213 892 1465
10135 1458 210 892 1465
10135 1459 212 893 1466
10165 1471 209 894 1467
10135 1460 213 894 1467
10135 1461 213 895 1468
10165 1473 212 896 1469
10135 1462 213 896 1469
10135 1463 209 897 1470
10135 1464 213 898 1471
10165 1476 208 899 1472
10135 1465 210 899 1472
10135 1466 215 900 1473
10165 1478 213 901 1474
10135 1467 214 901 1474
10165 1480 210 903 1476
10135 1469 213 903 1476
10165 1481 208 904 1477
10135 1470 218 904 1477
10165 1482 222 905 1478
10165 1483 208 906 1479
10135 1472 219 906 1479
10135 1473 220 907 1480
10165 1485 211 908 1481
10135 1474 215 908 1481
10135 1475 219 909 1482
10165 1487 220 910 1483
10135 1476 216 910 1483
10165 1488 213 911 1484
10135 1477 212 911 1484
10135 1478 212 912 1485
10165 1490 215 913 1486
10135 1479 209 913 1486
10165 1491 212 914 1487
10165 1492 212 915 1488
10135 1481 207 915 1488
10165 1493 212 916 1489
10135 1482 210 916 1489
10165 1494 208 917 1490
10135 1483 218 917 1490
10165 1495 214 918 1491
10135 1484 212 918 1491
10135 1485 214 919 1492
10165 1497 211 920 1493
10135 1486 209 920 1493
10165 1498 223 921 1494
10135 1487 213 921 1494
10165 1499 219 922 1495
10135 1488 209 922 1495
10165 1500 209 923 1496
10135 1489 209 923 1496
10165 1501 210 924 1497
10135 1490 210 924 1497
10165 1502 211 925 1498
10165 1503 210 926 1499
10165 1504 209 927 1500
10165 1505 215 928 1501
10135 1494 216 928 1501
10165 1507 213 930 1503
10165 1508 209 931 1504
10165 1509 210 932 1505
10135 1502 207 936 1509
10135 1504 208 938 1511
90 194 224 939 1512
10165 1516 221 939 1512
10135 1505 213 939 1512
10120 1508 207 939 1512
10165 1517 234 940 1513
90 195 227 940 1513
10135 1506 231 940 1513
10165 1518 235 941 1514
10135 1507 227 941 1514
10136 1503 207 941 1514
10165 1519 225 942 1515
10135 1508 221 942 1515
10165 1520 210 943 1516
10165 1521 210 944 1517
10135 1511 210 945 1518
10165 1524 209 947 1520
10165 1525 210 948 1521
10135 1514 211 948 1521
10165 1526 212 949 1522
10165 1527 210 950 1523
10135 1516 209 950 1523
10165 1528 207 951 1524
10135 1517 216 951 1524
10165 1529 209 952 1525
10135 1518 210 952 1525
10165 1530 211 953 1526
10135 1519 221 953 1526
10135 1520 212 954 1527
10165 1532 219 955 1528
10135 1521 216 955 1528
10165 1533 217 956 1529
10135 1522 208 956 1529
10165 1534 214 957 1530
10135 1523 221 957 1530
10165 1536 217 959 1532
10135 1526 219 960 1533
10135 1528 208 962 1535
10165 1540 212 963 1536
10135 1529 219 963 1536
10165 1541 212 964 1537
10135 1531 220 965 1538
10135 1532 212 966 1539
10135 1533 214 967 1540
10165 1545 209 968 1541
10165 1546 210 969 1542
10135 1535 209 969 1542
10135 1536 207 970 1543
10165 1548 217 971 1544
10165 1549 210 972 1545
10165 1550 212 973 1546
10135 1539 210 973 1546
10165 1551 211 974 1547
10135 1540 210 974 1547
10165 1552 211 975 1548
10135 1541 208 975 1548
10135 1542 217 976 1549
10165 1554 210 977 1550
10135 1543 208 977 1550
10135 1547 211 981 1554
10165 1559 213 982 1555
10135 1548 219 982 1555
10165 1561 210 984 1557
10135 1550 221 984 1557
10165 1562 213 985 1558
10135 1551 207 985 1558
10165 1563 221 986 1559
10135 1552 220 986 1559
10165 1564 216 987 1560
10135 1553 222 987 1560
10165 1565 211 988 1561
10135 1554 220 988 1561
10165 1566 210 989 1562
10135 1555 212 989 1562
10165 1567 210 990 1563
10135 1556 214 990 1563
10165 1568 210 991 1564
10165 1569 214 992 1565
10135 1558 218 992 1565
10165 1570 217 993 1566
10135 1559 219 993 1566
10135 1560 207 994 1567
10165 1572 218 995 1568
10135 1561 220 995 1568
10165 1573 219 996 1569
10135 1562 207 996 1569
10165 1574 211 997 1570
10135 1563 216 997 1570
10165 1575 221 998 1571
10096 1562 207 998 1571
10135 1564 218 998 1571
10165 1576 212 999 1572
10135 1565 211 999 1572
10165 1577 221 1000 1573
10135 1566 217 1000 1573
10165 1578 220 1001 1574
10135 1567 212 1001 1574
10165 1579 225 1002 1575
10135 1568 212 1002 1575
10165 1580 221 1003 1576
10135 1569 215 1003 1576
10165 1581 221 1004 1577
10135 1570 217 1004 1577
10165 1582 221 1005 1578
10165 1583 210 1006 1579
10135 1572 211 1006 1579
10135 1573 208 1007 1580
10165 1585 211 1008 1581
10135 1574 211 1008 1581
10135 1575 209 1009 1582
10120 1578 208 1009 1582
10165 1587 209 1010 1583
10135 1576 207 1010 1583
10135 1577 207 1011 1584
10165 1589 221 1012 1585
10135 1578 209 1012 1585
10165 1590 208 1013 1586
10135 1579 209 1013 1586
10165 1591 208 1014 1587
10135 1580 211 1014 1587
10135 1581 211 1015 1588
10165 1593 210 1016 1589
10135 1582 208 1016 1589
10135 1583 212 1017 1590
10165 1595 211 1018 1591
10135 1584 217 1018 1591
10135 1585 208 1019 1592
10165 1597 212 1020 1593
10135 1586 221 1020 1593
10135 1587 209 1021 1594
10165 1599 209 1022 1595
10135 1588 210 1022 1595
10165 1600 208 1023 1596
10135 1589 211 1023 1596
10165 1601 211 1024 1597
10135 1590 210 1024 1597
10165 1602 218 1025 1598
10135 1591 212 1025 1598
10165 1603 209 1026 1599
10135 1592 213 1026 1599
10135 1593 212 1027 1600
10165 1605 214 1028 1601
10135 1594 214 1028 1601
10165 1606 217 1029 1602
10135 1595 211 1029 1602
10165 1607 216 1030 1603
10165 1608 219 1031 1604
10135 1597 213 1031 1604
10135 1598 209 1032 1605
10165 1610 212 1033 1606
10135 1599 211 1033 1606
10165 1611 215 1034 1607
10135 1600 208 1034 1607
10165 1612 214 1035 1608
10165 1613 217 1036 1609
10165 1614 216 1037 1610
10165 1615 215 1038 1611
10165 1616 216 1039 1612
10165 1617 215 1040 1613
10165 1618 215 1041 1614
10165 1619 212 1042 1615
10165 1620 216 1043 1616
10135 1609 208 1043 1616
10165 1621 212 1044 1617
10135 1610 206 1044 1617
10165 1622 223 1045 1618
10135 1611 208 1045 1618
10165 1623 210 1046 1619
10135 1612 208 1046 1619
10165 1624 211 1047 1620
10135 1613 210 1047 1620
10165 1625 219 1048 1621
10135 1614 219 1048 1621
10165 1626 214 1049 1622
10135 1615 217 1049 1622
10165 1627 211 1049 1622
10135 1616 212 1050 1623
10165 1628 212 1051 1624
10135 1617 212 1051 1624
10165 1629 207 1052 1625
10135 1618 208 1052 1625
10165 1630 212 1052 1625
10165 1631 212 1054 1627
10165 1633 210 1056 1629
10165 1634 214 1057 1630
10165 1635 216 1057 1630
10135 1624 217 1058 1631
10165 1636 216 1058 1631
10165 1637 211 1060 1633
10135 1626 218 1060 1633
10165 1638 225 1061 1634
10135 1627 220 1061 1634
10165 1639 223 1062 1635
10135 1628 218 1062 1635
10165 1640 223 1063 1636
10135 1629 221 1063 1636
10165 1641 214 1064 1637
10165 1642 218 1065 1638
10135 1631 217 1065 1638
10120 1634 209 1065 1638
10165 1643 210 1066 1639
10135 1632 227 1066 1639
10120 1635 219 1066 1639
10029 1631 209 1066 1639
10165 1644 225 1067 1640
10096 1631 211 1067 1640
10135 1633 211 1067 1640
10147 1629 214 1067 1640
10029 1632 223 1067 1640
10165 1645 220 1068 1641
10096 1632 219 1068 1641
10135 1634 221 1068 1641
10120 1637 212 1068 1641
10147 1630 209 1068 1641
10165 1646 220 1069 1642
10096 1633 219 1069 1642
10135 1635 225 1069 1642
10120 1638 216 1069 1642
10147 1631 212 1069 1642
10029 1634 221 1069 1642
10165 1647 215 1070 1643
10135 1636 217 1070 1643
10029 1635 208 1070 1643
10165 1648 219 1071 1644
10135 1637 224 1071 1644
10147 1633 208 1071 1644
10029 1636 208 1071 1644
10165 1649 220 1072 1645
10135 1638 227 1072 1645
10147 1634 209 1072 1645
10135 1639 226 1073 1646
10147 1635 211 1073 1646
10029 1638 212 1073 1646
10165 1651 218 1074 1647
10096 1638 208 1074 1647
10135 1640 224 1074 1647
10147 1636 209 1074 1647
10029 1639 216 1074 1647
10165 1652 209 1075 1648
10135 1641 220 1075 1648
10120 1644 213 1075 1648
10029 1640 217 1075 1648
10136 1637 208 1075 1648
10165 1653 223 1076 1649
10096 1640 216 1076 1649
10135 1642 219 1076 1649
10120 1645 206 1076 1649
10029 1641 218 1076 1649
10136 1638 209 1076 1649
10165 1654 221 1077 1650
10135 1643 223 1077 1650
10120 1646 209 1077 1650
10147 1639 208 1077 1650
10165 1655 221 1077 1650
10096 1642 209 1078 1651
10135 1644 217 1078 1651
10120 1647 214 1078 1651
10147 1640 210 1078 1651
10029 1643 210 1078 1651
10165 1656 221 1078 1651
10096 1643 215 1079 1652
10135 1645 217 1079 1652
10120 1648 210 1079 1652
10029 1644 217 1079 1652
10165 1657 227 1079 1652
10135 1646 221 1080 1653
10120 1649 210 1080 1653
10165 1658 226 1080 1653
10135 1647 224 1081 1654
10165 1659 227 1081 1654
10096 1646 209 1082 1655
10135 1648 221 1082 1655
10165 1660 231 1082 1655
10096 1647 210 1083 1656
10135 1649 221 1083 1656
10165 1661 231 1083 1656
10096 1648 212 1084 1657
10135 1650 224 1084 1657
10165 1662 225 1084 1657
10135 1651 227 1085 1658
10165 1663 227 1085 1658
10135 1652 225 1086 1659
10165 1664 227 1086 1659
10135 1653 224 1087 1660
10165 1665 227 1087 1660
10135 1654 226 1088 1661
10165 1666 225 1088 1661
10135 1655 226 1089 1662
10165 1667 230 1089 1662
10096 1654 208 1090 1663
10135 1656 209 1090 1663
10165 1668 226 1090 1663
10096 1655 208 1091 1664
10135 1657 215 1091 1664
10165 1669 229 1091 1664
10096 1656 208 1092 1665
10135 1658 215 1092 1665
10165 1670 227 1093 1666
10096 1657 208 1093 1666
10135 1659 217 1093 1666
10165 1671 226 1094 1667
10135 1660 219 1094 1667
10165 1672 227 1095 1668
10096 1659 208 1095 1668
10135 1661 221 1095 1668
10165 1673 225 1096 1669
10096 1660 209 1096 1669
10135 1662 222 1096 1669
10165 1674 229 1097 1670
10135 1663 214 1097 1670
10165 1675 227 1098 1671
10135 1664 214 1098 1671
10165 1676 228 1099 1672
10096 1663 208 1099 1672
10135 1665 218 1099 1672
10165 1677 223 1100 1673
10135 1666 221 1100 1673
10165 1678 226 1100 1673
10135 1667 225 1101 1674
10165 1679 227 1102 1675
10135 1668 220 1102 1675
10165 1680 227 1103 1676
10135 1669 222 1103 1676
10165 1681 226 1104 1677
10135 1670 220 1104 1677
10165 1682 226 1105 1678
10096 1669 208 1105 1678
10135 1671 223 1105 1678
10165 1683 234 1106 1679
10096 1670 210 1106 1679
10135 1672 223 1106 1679
10120 1675 208 1106 1679
10165 1684 231 1107 1680
10096 1671 212 1107 1680
10135 1673 228 1107 1680
10120 1676 208 1107 1680
10165 1685 221 1107 1680
10096 1672 210 1108 1681
10135 1674 230 1108 1681
10120 1677 208 1108 1681
10136 1670 208 1108 1681
10165 1686 234 1108 1681
10096 1673 211 1109 1682
10135 1675 227 1109 1682
10120 1678 208 1109 1682
10136 1671 208 1109 1682
10165 1687 235 1109 1682
10096 1674 211 1110 1683
10135 1676 227 1110 1683
10136 1672 207 1110 1683
10165 1688 224 1111 1684
10096 1675 212 1111 1684
10135 1677 232 1111 1684
10136 1673 207 1111 1684
10165 1689 208 1111 1684
10135 1678 223 1112 1685
10165 1690 233 1113 1686
10096 1677 211 1113 1686
10135 1679 219 1113 1686
10165 1691 234 1114 1687
10135 1680 219 1114 1687
10165 1692 233 1115 1688
10096 1679 211 1115 1688
10135 1681 230 1115 1688
10165 1693 230 1116 1689
10135 1682 213 1116 1689
10120 1685 207 1116 1689
10165 1694 219 1117 1690
10135 1683 223 1117 1690
10165 1695 233 1118 1691
10096 1682 210 1118 1691
10135 1684 226 1118 1691
10165 1696 232 1119 1692
10135 1685 219 1119 1692
10165 1697 213 1120 1693
10135 1686 222 1120 1693
10165 1698 225 1121 1694
10096 1685 209 1121 1694
10135 1687 220 1121 1694
10165 1699 222 1122 1695
10096 1686 212 1122 1695
10135 1688 218 1122 1695
10165 1700 227 1123 1696
10096 1687 211 1123 1696
10135 1689 224 1123 1696
10120 1692 208 1123 1696
10165 1701 231 1124 1697
10096 1688 215 1124 1697
10135 1690 225 1124 1697
10120 1693 207 1124 1697
10165 1702 217 1125 1698
10135 1691 227 1125 1698
10029 1690 207 1125 1698
10165 1703 218 1126 1699
10135 1692 222 1126 1699
10165 1704 231 1127 1700
10096 1691 207 1127 1700
10135 1693 227 1127 1700
10120 1696 209 1127 1700
10165 1705 223 1128 1701
10096 1692 213 1128 1701
10135 1694 227 1128 1701
10165 1706 233 1129 1702
10096 1693 210 1129 1702
10135 1695 227 1129 1702
10165 1707 222 1130 1703
10135 1696 209 1130 1703
10165 1708 223 1131 1704
10135 1697 211 1131 1704
10165 1709 218 1132 1705
10096 1696 208 1132 1705
10135 1698 221 1132 1705
10165 1710 221 1133 1706
10135 1699 222 1133 1706
10165 1711 221 1134 1707
10135 1700 226 1134 1707
10165 1712 229 1135 1708
10135 1701 226 1135 1708
10165 1713 229 1136 1709
10096 1700 209 1136 1709
10135 1702 217 1136 1709
10165 1714 221 1137 1710
10135 1703 221 1137 1710
10165 1715 223 1138 1711
10135 1704 216 1138 1711
10165 1716 223 1139 1712
10135 1705 216 1139 1712
10165 1717 223 1140 1713
10135 1706 212 1140 1713
10165 1718 221 1141 1714
10135 1707 211 1141 1714
10165 1719 219 1142 1715
10135 1708 211 1142 1715
10165 1720 215 1143 1716
10135 1709 210 1143 1716
10165 1721 219 1144 1717
10096 1708 208 1144 1717
10135 1710 211 1144 1717
10165 1722 217 1145 1718
10135 1711 211 1145 1718
10165 1723 233 1146 1719
10135 1712 225 1146 1719
10165 1724 224 1147 1720
10135 1713 215 1147 1720
10165 1725 224 1148 1721
10135 1714 218 1148 1721
10165 1726 237 1149 1722
10096 1713 212 1149 1722
10135 1715 219 1149 1722
10165 1727 233 1150 1723
10096 1714 210 1150 1723
10135 1716 220 1150 1723
10120 1719 208 1150 1723
10147 1712 217 1150 1723
10121 1715 208 1151 1724
10096 1715 235 1151 1724
10135 1717 224 1151 1724
10029 1716 209 1151 1724
10136 1713 209 1151 1724
10165 1729 212 1152 1725
10122 1715 206 1152 1725
10147 1714 227 1152 1725
10029 1717 210 1152 1725
10147 1715 223 1153 1726
10029 1718 221 1153 1726
10147 1716 221 1154 1727
10096 1719 226 1155 1728
10135 1721 221 1155 1728
10147 1717 208 1155 1728
10136 1717 212 1155 1728
10165 1733 209 1156 1729
10135 1722 212 1156 1729
10120 1725 217 1156 1729
10147 1718 209 1156 1729
10165 1734 226 1157 1730
10135 1723 212 1157 1730
10165 1735 221 1158 1731
10096 1722 212 1158 1731
10135 1724 219 1158 1731
10165 1736 216 1159 1732
10165 1737 218 1160 1733
10096 1724 208 1160 1733
10135 1726 223 1160 1733
10165 1738 228 1161 1734
10135 1727 220 1161 1734
10165 1739 233 1162 1735
10135 1728 219 1162 1735
10165 1740 232 1163 1736
10135 1729 221 1163 1736
10165 1741 231 1164 1737
10135 1730 219 1164 1737
10165 1742 230 1165 1738
10135 1731 221 1165 1738
10120 1734 208 1165 1738
10165 1743 225 1166 1739
10135 1732 227 1166 1739
10165 1744 223 1167 1740
10096 1731 207 1167 1740
10135 1733 207 1167 1740
10029 1732 207 1167 1740
10165 1745 225 1168 1741
10096 1732 214 1168 1741
10135 1734 223 1168 1741
10165 1746 231 1169 1742
10096 1733 208 1169 1742
10135 1735 223 1169 1742
10120 1738 206 1169 1742
10165 1747 231 1170 1743
10096 1734 208 1170 1743
10135 1736 218 1170 1743
10165 1748 233 1171 1744
10096 1735 207 1171 1744
10135 1737 214 1171 1744
10165 1749 233 1172 1745
10096 1736 207 1172 1745
10135 1738 209 1172 1745
10165 1750 232 1173 1746
10135 1739 210 1173 1746
10165 1751 230 1174 1747
10165 1752 231 1175 1748
10096 1739 208 1175 1748
10135 1741 212 1175 1748
10165 1753 233 1176 1749
10096 1740 208 1176 1749
10135 1742 215 1176 1749
10165 1754 231 1177 1750
10096 1741 208 1177 1750
10135 1743 210 1177 1750
10165 1755 231 1178 1751
10096 1742 209 1178 1751
10135 1744 213 1178 1751
10165 1756 232 1179 1752
10135 1745 213 1179 1752
10165 1757 233 1180 1753
10135 1746 215 1180 1753
10165 1758 231 1181 1754
10135 1747 213 1181 1754
10165 1759 231 1182 1755
10096 1746 207 1182 1755
10135 1748 212 1182 1755
10165 1760 236 1183 1756
10096 1747 207 1183 1756
10135 1749 221 1183 1756
10136 1745 208 1183 1756
10165 1761 236 1184 1757
10096 1748 213 1184 1757
10135 1750 214 1184 1757
10165 1762 235 1185 1758
10135 1751 218 1185 1758
10120 1754 207 1185 1758
10165 1763 232 1186 1759
10135 1752 217 1186 1759
10165 1764 234 1187 1760
10096 1751 209 1187 1760
10135 1753 226 1187 1760
10120 1756 213 1187 1760
10165 1765 231 1187 1760
10135 1754 225 1188 1761
10165 1766 229 1188 1761
10096 1753 210 1189 1762
10147 1751 223 1189 1762
10136 1751 219 1189 1762
10139 1756 211 1190 1763
10103 1757 212 1191 1764
10139 1757 236 1191 1764
10117 1754 215 1191 1764
10102 1757 219 1192 1765
10103 1758 215 1192 1765
10139 1758 236 1192 1765
10117 1755 210 1192 1765
10102 1758 221 1193 1766
10103 1759 209 1193 1766
10139 1759 231 1193 1766
10117 1756 212 1193 1766
10102 1759 226 1194 1767
10103 1760 223 1194 1767
10139 1760 239 1194 1767
