10140 692 209 0 697
10158 691 210 0 697
10173 692 210 0 697
129 10 227 0 697
10106 694 209 0 697
554 3 223 0 697
10076 693 210 0 697
671 12 221 0 697
10055 697 211 0 697
10018 24 209 0 697
642 3 224 0 697
592 1 235 1 698
399 1 222 1 698
10140 693 209 1 698
10158 692 209 1 698
617 25 221 1 698
10076 694 214 1 698
10018 25 209 1 698
642 4 229 1 698
592 2 227 1 698
399 2 225 2 699
129 12 229 2 699
554 5 225 2 699
10076 695 215 2 699
568 6 223 2 699
10055 699 211 2 699
10018 26 220 2 699
642 5 221 2 699
10140 695 211 3 700
617 27 222 3 700
10106 697 209 3 700
671 15 222 3 700
10055 700 212 3 700
10018 27 209 3 700
399 4 232 3 700
708 1 231 3 700
554 7 223 4 701
10076 697 211 4 701
568 8 223 4 701
10055 701 215 4 701
642 7 221 4 701
399 5 227 4 701
708 2 234 5 702
554 8 224 5 702
10076 698 212 5 702
568 9 223 5 702
706 193 223 5 702
10055 702 221 5 702
10018 29 209 5 702
10098 699 210 5 702
592 6 224 5 702
708 3 232 6 703
129 16 222 6 703
554 9 228 6 703
766 30 225 6 703
513 2 222 6 703
10055 703 221 6 703
10018 30 215 6 703
642 9 223 6 703
592 7 226 6 703
708 4 237 6 703
10140 699 209 7 704
10173 699 210 7 704
10106 701 208 7 704
554 10 223 7 704
766 31 236 7 704
446 1 224 7 704
513 3 221 7 704
575 8 226 7 704
10055 704 225 7 704
10018 31 211 7 704
642 10 225 7 704
10098 701 210 7 704
143 19 226 7 704
399 8 231 8 705
10140 700 211 8 705
10158 699 209 8 705
554 11 226 8 705
446 2 224 8 705
513 4 224 8 705
10076 701 212 8 705
575 9 221 8 705
10055 705 219 8 705
10018 32 213 8 705
642 11 229 8 705
10098 702 209 8 705
708 6 230 9 706
399 9 229 9 706
554 12 223 9 706
446 3 225 9 706
766 33 225 9 706
513 5 221 9 706
10076 702 208 9 706
10055 706 221 9 706
10018 33 210 9 706
592 10 221 9 706
708 7 227 10 707
399 10 222 10 707
129 20 221 10 707
10106 704 208 10 707
446 4 227 10 707
766 34 221 10 707
513 6 226 10 707
10076 703 211 10 707
642 13 227 10 707
10018 34 219 10 707
10098 704 209 10 707
592 11 223 10 707
708 8 234 11 708
10140 703 209 11 708
10158 702 213 11 708
554 14 225 11 708
10076 704 213 11 708
568 15 222 11 708
671 23 221 11 708
10055 708 213 11 708
642 14 221 11 708
10018 35 219 11 708
399 12 224 12 709
708 9 232 12 709
10158 703 213 12 709
617 36 222 12 709
554 15 226 12 709
446 6 225 12 709
10076 705 209 12 709
568 16 226 12 709
671 24 222 12 709
771 14 225 12 709
10055 709 210 12 709
10018 36 210 12 709
592 13 222 12 709
399 13 225 13 710
708 10 223 13 710
10158 704 212 13 710
617 37 221 13 710
554 16 226 13 710
10076 706 211 13 710
671 25 233 13 710
568 17 221 13 710
10055 710 217 13 710
642 16 227 13 710
10018 37 214 13 710
592 14 224 13 710
10140 706 210 14 711
708 11 230 14 711
554 17 221 14 711
446 8 221 14 711
10076 707 215 14 711
10055 711 213 14 711
592 15 231 14 711
10140 707 209 15 712
708 12 238 15 712
399 15 225 15 712
10158 706 210 15 712
129 25 224 15 712
446 9 223 15 712
513 11 223 15 712
671 27 223 15 712
10076 708 209 15 712
568 19 223 15 712
10055 712 217 15 712
10018 39 216 15 712
642 18 226 15 712
10140 708 210 16 713
708 13 240 16 713
10158 707 210 16 713
554 19 224 16 713
766 40 230 16 713
446 10 224 16 713
513 12 225 16 713
671 28 224 16 713
568 20 223 16 713
10055 713 215 16 713
592 17 225 16 713
10018 40 214 16 713
642 19 225 16 713
10140 709 212 17 714
708 14 237 17 714
399 17 221 17 714
10158 708 212 17 714
554 20 224 17 714
766 41 223 17 714
513 13 225 17 714
568 21 225 17 714
10055 714 214 17 714
592 18 224 17 714
10018 41 217 17 714
642 20 221 17 714
10098 711 209 17 714
787 3 227 18 715
708 15 233 18 715
399 18 231 18 715
10158 709 210 18 715
10173 710 210 18 715
554 21 223 18 715
766 42 231 18 715
513 14 224 18 715
10076 711 210 18 715
642 21 223 18 715
10018 42 210 18 715
592 19 227 18 715
787 4 224 18 715
10140 711 211 19 716
708 16 246 19 716
399 19 227 19 716
10158 710 215 19 716
617 43 221 19 716
766 43 227 19 716
568 23 223 19 716
10018 43 212 19 716
592 20 227 19 716
708 17 241 20 717
10140 712 212 20 717
399 20 229 20 717
10158 711 210 20 717
143 1 227 20 717
554 23 225 20 717
766 44 223 20 717
10076 713 210 20 717
568 24 224 20 717
10055 717 217 20 717
592 21 227 20 717
10018 44 218 20 717
708 18 241 21 718
399 21 227 21 718
10158 712 214 21 718
554 24 225 21 718
766 45 223 21 718
671 33 223 21 718
10076 714 213 21 718
568 25 225 21 718
592 22 225 21 718
10018 45 217 21 718
642 24 224 21 718
10140 714 211 22 719
708 19 247 22 719
10158 713 210 22 719
10106 716 209 22 719
554 25 224 22 719
766 46 223 22 719
671 34 226 22 719
10076 715 211 22 719
10055 719 209 22 719
10018 46 220 22 719
592 23 222 22 719
16 221 228 22 719
787 8 227 22 719
10140 715 211 23 720
399 23 225 23 720
708 20 237 23 720
10158 714 212 23 720
617 47 222 23 720
554 26 224 23 720
766 47 227 23 720
671 35 227 23 720
10076 716 214 23 720
10055 720 217 23 720
592 24 221 23 720
10018 47 211 23 720
642 26 224 23 720
787 9 225 23 720
10140 716 219 24 721
708 21 241 24 721
554 27 223 24 721
766 48 226 24 721
671 36 223 24 721
10076 717 213 24 721
568 28 223 24 721
10055 721 218 24 721
592 25 223 24 721
10018 48 220 24 721
787 10 222 24 721
399 25 223 25 722
708 22 241 25 722
10158 716 211 25 722
143 6 221 25 722
554 28 223 25 722
446 19 221 25 722
766 49 225 25 722
513 21 222 25 722
671 37 222 25 722
10076 718 209 25 722
592 26 225 25 722
10018 49 221 25 722
787 11 232 25 722
708 23 233 26 723
10106 720 211 26 723
554 29 221 26 723
766 50 227 26 723
513 22 223 26 723
10076 719 215 26 723
10018 50 219 26 723
787 12 225 26 723
10140 719 211 27 724
399 27 227 27 724
708 24 233 27 724
554 30 223 27 724
446 21 223 27 724
513 23 221 27 724
766 51 228 27 724
10076 720 214 27 724
10055 724 215 27 724
10018 51 213 27 724
787 13 225 28 725
10140 720 214 28 725
708 25 228 28 725
617 52 223 28 725
554 31 225 28 725
446 22 221 28 725
766 52 227 28 725
10076 721 216 28 725
671 40 227 28 725
771 30 223 28 725
10055 725 212 28 725
10018 52 223 28 725
642 31 229 28 725
787 14 225 29 726
10140 721 214 29 726
399 29 229 29 726
708 26 221 29 726
10158 720 209 29 726
766 53 231 29 726
671 41 239 29 726
10018 53 222 29 726
642 32 221 29 726
10140 722 213 30 727
708 27 235 30 727
10158 721 209 30 727
554 33 222 30 727
446 24 221 30 727
766 54 230 30 727
10076 723 212 30 727
10055 727 215 30 727
10018 54 215 30 727
642 33 224 30 727
10140 723 211 31 728
708 28 232 31 728
10106 725 209 31 728
513 27 221 31 728
671 43 224 31 728
10055 728 213 31 728
10018 55 218 31 728
592 32 221 31 728
642 34 235 31 728
10140 724 210 32 729
399 32 226 32 729
708 29 232 32 729
446 26 225 32 729
513 28 225 32 729
766 56 228 32 729
10076 725 212 32 729
671 44 221 32 729
771 34 225 32 729
10055 729 212 32 729
10018 56 222 32 729
10140 725 221 33 730
399 33 231 33 730
708 30 225 33 730
10158 724 212 33 730
671 45 229 33 730
10018 57 209 33 730
787 19 231 34 731
642 36 232 34 731
10140 726 210 34 731
708 31 225 34 731
10158 725 211 34 731
446 28 221 34 731
671 46 221 34 731
10076 727 213 34 731
10055 731 210 34 731
10018 58 215 34 731
787 20 230 35 732
642 37 224 35 732
399 35 227 35 732
708 32 230 35 732
10076 728 210 35 732
10055 732 211 35 732
10018 59 221 35 732
787 21 237 35 732
642 38 226 36 733
399 36 225 36 733
708 33 233 36 733
10158 727 213 36 733
513 32 223 36 733
766 60 246 36 733
671 48 225 36 733
10076 729 210 36 733
10018 60 217 36 733
592 37 227 36 733
10098 730 210 36 733
642 39 225 36 733
10140 729 212 37 734
399 37 229 37 734
708 34 230 37 734
446 31 226 37 734
766 61 232 37 734
513 33 224 37 734
671 49 224 37 734
10076 730 210 37 734
771 39 221 37 734
10055 734 215 37 734
592 38 223 37 734
10018 61 215 37 734
642 40 223 38 735
399 38 225 38 735
708 35 236 38 735
10173 730 210 38 735
10076 731 209 38 735
771 40 225 38 735
10055 735 217 38 735
787 24 225 38 735
10018 62 223 38 735
642 41 225 39 736
10140 731 211 39 736
708 36 231 39 736
617 63 221 39 736
771 41 225 39 736
592 40 225 39 736
10055 736 217 39 736
787 25 221 39 736
10018 63 212 39 736
642 42 232 40 737
10140 732 214 40 737
708 37 231 40 737
399 40 225 40 737
10106 734 210 40 737
446 34 226 40 737
671 52 224 40 737
592 41 233 40 737
10055 737 219 40 737
787 26 225 40 737
10018 64 211 40 737
642 43 236 41 738
708 38 231 41 738
399 41 226 41 738
10158 732 211 41 738
766 65 226 41 738
671 53 223 41 738
568 45 221 41 738
592 42 235 41 738
10055 738 216 41 738
10018 65 213 41 738
642 44 235 42 739
10140 734 215 42 739
708 39 235 42 739
143 23 223 42 739
554 45 221 42 739
446 36 222 42 739
10076 735 212 42 739
592 43 225 42 739
10018 66 215 42 739
787 28 237 43 740
642 45 233 43 740
708 40 223 43 740
399 43 225 43 740
446 37 222 43 740
766 67 222 43 740
10076 736 210 43 740
771 45 231 43 740
592 44 231 43 740
642 46 221 44 741
10140 736 209 44 741
708 41 227 44 741
399 44 223 44 741
143 25 222 44 741
617 68 221 44 741
513 40 221 44 741
671 56 223 44 741
771 46 235 44 741
568 48 221 44 741
592 45 223 44 741
10055 741 209 44 741
787 30 233 45 742
10098 738 208 45 742
642 47 225 45 742
10140 737 216 45 742
708 42 227 45 742
143 26 223 45 742
513 41 225 45 742
671 57 231 45 742
10076 738 210 45 742
771 47 222 45 742
592 46 225 45 742
787 31 223 45 742
642 48 235 46 743
708 43 221 46 743
513 42 225 46 743
671 58 231 46 743
10076 739 209 46 743
568 50 223 46 743
771 48 236 46 743
787 32 227 46 743
10055 743 211 46 743
10018 70 216 46 743
642 49 232 47 744
399 47 225 47 744
708 44 236 47 744
10173 739 209 47 744
617 71 227 47 744
513 43 222 47 744
671 59 226 47 744
10076 740 210 47 744
10055 744 211 47 744
787 33 234 47 744
642 50 233 48 745
129 58 223 48 745
708 45 235 48 745
399 48 225 48 745
617 72 244 48 745
671 60 232 48 745
568 52 223 48 745
771 50 225 48 745
592 49 224 48 745
10055 745 213 48 745
10018 72 209 48 745
642 51 225 49 746
10140 741 215 49 746
708 46 223 49 746
399 49 224 49 746
446 43 221 49 746
513 45 221 49 746
10076 742 211 49 746
671 61 221 49 746
575 50 229 49 746
771 51 223 49 746
568 53 221 49 746
592 50 229 49 746
10055 746 219 49 746
787 35 228 49 746
10018 73 218 49 746
642 52 225 50 747
399 50 222 50 747
10106 744 210 50 747
766 74 234 50 747
446 44 224 50 747
575 51 223 50 747
671 62 229 50 747
592 51 226 50 747
10055 747 216 50 747
787 36 225 50 747
10018 74 215 50 747
10098 744 208 50 747
129 61 221 51 748
10140 743 210 51 748
399 51 225 51 748
617 75 224 51 748
554 54 225 51 748
513 47 227 51 748
575 52 223 51 748
771 53 225 51 748
10055 748 218 51 748
10018 75 218 51 748
642 54 223 52 749
10140 744 212 52 749
708 49 237 52 749
399 52 221 52 749
10106 746 209 52 749
766 76 221 52 749
554 55 225 52 749
446 46 222 52 749
513 48 222 52 749
671 64 221 52 749
568 56 221 52 749
10055 749 218 52 749
10018 76 209 52 749
642 55 232 53 750
129 63 225 53 750
10140 745 213 53 750
708 50 233 53 750
10158 744 211 53 750
399 53 228 53 750
10173 745 210 53 750
446 47 225 53 750
10004 746 209 53 750
10076 746 214 53 750
671 65 225 53 750
568 57 221 53 750
10055 750 222 53 750
10018 77 219 53 750
642 56 224 54 751
129 64 223 54 751
10140 746 211 54 751
708 51 241 54 751
399 54 224 54 751
10173 746 209 54 751
143 35 241 54 751
617 78 222 54 751
766 78 223 54 751
446 48 226 54 751
10076 747 217 54 751
592 55 223 54 751
10055 751 218 54 751
10018 78 209 54 751
787 40 227 54 751
129 65 227 55 752
642 57 234 55 752
708 52 235 55 752
399 55 225 55 752
10158 746 212 55 752
10173 747 210 55 752
10106 749 209 55 752
143 36 246 55 752
766 79 233 55 752
446 49 226 55 752
10076 748 214 55 752
671 67 225 55 752
592 56 222 55 752
10055 752 219 55 752
787 41 223 55 752
10018 79 210 55 752
129 66 233 56 753
10140 748 213 56 753
642 58 231 56 753
708 53 231 56 753
399 56 228 56 753
143 37 246 56 753
554 59 225 56 753
592 57 222 56 753
787 42 223 56 753
10055 753 219 56 753
10018 80 210 56 753
642 59 236 57 754
10140 749 216 57 754
708 54 227 57 754
10158 748 209 57 754
143 38 237 57 754
446 51 221 57 754
554 60 221 57 754
513 53 227 57 754
10076 750 212 57 754
787 43 229 57 754
592 58 225 57 754
10018 81 209 57 754
129 68 227 58 755
642 60 237 58 755
10140 750 213 58 755
708 55 222 58 755
399 58 225 58 755
143 39 231 58 755
513 54 225 58 755
10076 751 210 58 755
671 70 222 58 755
787 44 225 58 755
592 59 223 58 755
10055 755 215 58 755
129 69 224 59 756
642 61 232 59 756
10140 751 217 59 756
708 56 232 59 756
399 59 226 59 756
143 40 231 59 756
766 83 221 59 756
513 55 224 59 756
10076 752 213 59 756
592 60 226 59 756
10055 756 213 59 756
10018 83 212 59 756
642 62 241 60 757
129 70 223 60 757
10140 752 214 60 757
708 57 242 60 757
399 60 228 60 757
143 41 229 60 757
554 63 221 60 757
513 56 230 60 757
671 72 225 60 757
10076 753 213 60 757
787 46 227 60 757
592 61 232 60 757
10055 757 213 60 757
10018 84 212 60 757
129 71 225 61 758
642 63 224 61 758
10158 752 211 61 758
708 58 241 61 758
399 61 230 61 758
10173 753 210 61 758
143 42 241 61 758
554 64 226 61 758
513 57 221 61 758
10076 754 210 61 758
671 73 226 61 758
787 47 231 61 758
10055 758 220 61 758
10018 85 210 61 758
10140 754 211 62 759
10158 753 209 62 759
708 59 241 62 759
399 62 226 62 759
10173 754 210 62 759
143 43 231 62 759
554 65 225 62 759
513 58 227 62 759
446 56 223 62 759
10076 755 215 62 759
671 74 227 62 759
10055 759 219 62 759
129 73 231 63 760
10140 755 215 63 760
642 65 230 63 760
708 60 241 63 760
143 44 235 63 760
554 66 224 63 760
513 59 226 63 760
446 57 225 63 760
10076 756 210 63 760
671 75 223 63 760
592 64 223 63 760
129 74 222 63 760
642 66 227 64 761
708 61 241 64 761
10158 755 210 64 761
399 64 235 64 761
143 45 225 64 761
554 67 221 64 761
513 60 228 64 761
10076 757 209 64 761
787 50 221 64 761
592 65 224 64 761
10055 761 215 64 761
10018 88 217 64 761
642 67 241 65 762
10158 756 212 65 762
708 62 242 65 762
143 46 233 65 762
554 68 222 65 762
446 59 227 65 762
10076 758 216 65 762
592 66 226 65 762
10055 762 210 65 762
129 76 233 65 762
642 68 239 65 762
10140 758 214 65 762
708 63 225 66 763
399 66 236 66 763
143 47 236 66 763
617 90 221 66 763
554 69 223 66 763
766 90 221 66 763
513 62 225 66 763
592 67 225 66 763
10055 763 213 66 763
129 77 223 66 763
10140 759 214 66 763
10158 758 210 67 764
708 64 233 67 764
399 67 235 67 764
10173 759 209 67 764
10106 761 210 67 764
143 48 224 67 764
554 70 223 67 764
513 63 223 67 764
592 68 236 67 764
10055 764 212 67 764
10018 91 218 67 764
642 70 226 67 764
129 78 225 67 764
10140 760 210 68 765
708 65 245 68 765
399 68 235 68 765
143 49 229 68 765
513 64 227 68 765
446 62 223 68 765
671 80 222 68 765
787 54 223 68 765
10055 765 218 68 765
10018 92 219 68 765
642 71 231 68 765
129 79 222 68 765
10140 761 212 69 766
10158 760 211 69 766
708 66 247 69 766
399 69 231 69 766
143 50 225 69 766
513 65 221 69 766
592 70 236 69 766
10055 766 213 69 766
642 72 225 70 767
10140 762 215 70 767
708 67 229 70 767
399 70 237 70 767
143 51 233 70 767
10173 762 212 70 767
554 73 225 70 767
513 66 222 70 767
787 56 223 70 767
592 71 233 70 767
10055 767 209 70 767
129 81 223 71 768
642 73 227 71 768
10140 763 211 71 768
708 68 236 71 768
399 71 231 71 768
143 52 227 71 768
513 67 221 71 768
10076 764 209 71 768
592 72 234 71 768
10018 95 213 71 768
10140 764 209 72 769
642 74 235 72 769
708 69 224 72 769
399 72 227 72 769
143 53 237 72 769
617 96 223 72 769
513 68 223 72 769
10076 765 213 72 769
671 84 227 72 769
592 73 234 72 769
10018 96 215 72 769
129 83 221 73 770
642 75 227 73 770
399 73 232 73 770
143 54 227 73 770
554 76 221 73 770
513 69 227 73 770
10004 766 209 73 770
446 67 221 73 770
10076 766 216 73 770
771 75 222 73 770
592 74 234 73 770
