182 64 242 0 610
10055 610 205 0 610
10098 607 225 0 610
10140 606 206 0 610
10158 605 210 0 610
182 65 223 1 611
10055 611 216 1 611
10098 608 207 1 611
10158 606 208 1 611
10173 607 207 1 611
10098 609 206 2 612
10140 608 210 2 612
10084 606 235 2 612
10158 607 213 2 612
10055 614 214 4 614
10140 610 211 4 614
10084 608 212 4 614
10158 609 221 4 614
44 118 243 4 614
10076 611 206 5 615
10055 615 208 5 615
10140 611 217 5 615
10084 609 220 5 615
10158 610 221 5 615
10055 616 208 6 616
10158 611 208 6 616
10173 612 206 6 616
10106 614 213 7 617
10134 610 210 7 617
10171 621 225 9 619
10168 616 219 10 620
10052 622 207 10 620
10092 620 218 10 620
739 139 223 10 620
10092 621 227 11 621
739 140 227 11 621
10052 624 208 12 622
10092 622 228 12 622
739 141 221 12 622
10052 625 215 13 623
10092 623 233 13 623
739 142 238 13 623
10092 624 218 14 624
739 143 235 14 624
10092 625 212 15 625
10168 622 207 16 626
10052 628 207 16 626
10092 626 221 16 626
739 145 235 16 626
10092 627 217 17 627
10168 624 206 18 628
10092 628 219 18 628
10168 625 206 19 629
10052 631 208 19 629
10092 629 209 19 629
739 148 222 19 629
10092 630 211 20 630
10092 631 204 21 631
10171 633 209 21 631
10052 634 205 22 632
10092 632 239 22 632
10052 635 218 23 633
10092 633 209 23 633
739 152 224 23 633
10092 634 209 24 634
10092 636 206 26 636
10052 639 205 27 637
10092 637 215 27 637
10092 638 218 28 638
10092 639 219 29 639
10052 642 208 30 640
10092 640 233 30 640
10171 642 206 30 640
10092 641 207 31 641
739 161 229 32 642
10168 639 208 33 643
10052 645 205 33 643
10092 643 221 33 643
739 162 231 33 643
10171 645 208 33 643
10168 640 206 34 644
10052 646 211 34 644
10092 644 210 34 644
739 163 223 34 644
10171 646 206 34 644
10168 641 206 35 645
10092 645 219 35 645
739 164 228 35 645
10168 642 206 36 646
10092 646 210 36 646
10168 643 206 37 647
10052 649 207 37 647
10092 647 213 37 647
10092 648 212 38 648
10168 645 207 39 649
10052 651 205 39 649
10092 649 225 39 649
10092 650 206 40 650
10092 651 212 41 651
10168 648 208 42 652
10052 654 211 42 652
10092 652 212 42 652
10092 653 217 43 653
10052 656 207 44 654
10092 654 206 44 654
10168 651 210 45 655
10052 657 210 45 655
10092 656 214 46 656
10168 653 204 47 657
10052 659 213 47 657
10092 657 216 47 657
10052 660 209 48 658
10092 658 215 48 658
10052 661 211 49 659
10092 659 213 49 659
10171 661 205 49 659
10168 656 207 50 660
10052 662 208 50 660
10092 660 215 50 660
10168 657 209 51 661
10052 663 209 51 661
10052 664 211 52 662
10092 662 212 52 662
10092 663 208 53 663
10171 665 207 53 663
10052 666 215 54 664
10092 664 217 54 664
10168 662 211 56 666
10052 668 210 56 666
10092 666 221 56 666
10171 668 205 56 666
10168 663 210 57 667
10052 669 204 57 667
10092 667 208 57 667
10052 670 210 58 668
10092 668 210 58 668
10171 670 207 58 668
10052 671 210 59 669
10052 672 209 60 670
10168 667 205 61 671
10052 673 208 61 671
10092 671 208 61 671
10168 668 207 62 672
10052 674 211 62 672
10092 672 209 62 672
10168 669 205 63 673
10052 675 213 63 673
10092 673 213 63 673
10052 676 205 64 674
10092 674 207 64 674
10168 671 207 65 675
10092 675 207 65 675
10092 676 207 66 676
10052 679 209 67 677
10168 674 207 68 678
10052 680 206 68 678
10092 678 214 68 678
10168 675 208 69 679
10052 681 207 69 679
10092 679 208 69 679
10052 682 215 70 680
10092 680 215 70 680
10168 678 215 72 682
10052 684 208 72 682
10092 682 207 72 682
10052 685 207 73 683
10168 680 208 74 684
10092 684 217 74 684
10052 687 207 75 685
10168 682 209 76 686
10052 688 208 76 686
10092 686 207 76 686
10092 687 217 77 687
10171 690 206 78 688
10168 685 208 79 689
10052 691 210 79 689
10092 689 211 79 689
10171 691 209 79 689
10168 686 209 80 690
10052 692 209 80 690
10092 690 210 80 690
10168 687 205 81 691
10052 693 211 81 691
10092 691 213 81 691
10168 688 208 82 692
10052 694 211 82 692
10092 692 207 82 692
739 211 223 82 692
10168 689 208 83 693
10052 695 208 83 693
10092 693 215 83 693
739 212 225 83 693
10052 696 207 84 694
10092 694 207 84 694
10168 691 208 85 695
10052 697 208 85 695
10092 695 208 85 695
10092 696 207 86 696
10052 699 210 87 697
10092 697 211 87 697
739 216 221 87 697
10092 698 219 88 698
10168 695 205 89 699
10092 699 215 89 699
10092 700 207 90 700
10052 703 207 91 701
10092 701 219 91 701
10168 698 208 92 702
10052 704 208 92 702
10092 702 205 92 702
10052 705 207 93 703
10092 703 214 93 703
10052 706 214 94 704
182 3 225 94 704
10092 704 213 94 704
739 223 229 94 704
10168 701 206 95 705
10052 707 211 95 705
10092 705 214 95 705
10171 707 205 95 705
10052 708 209 96 706
10092 706 215 96 706
10168 703 208 97 707
10052 709 206 97 707
10092 707 211 97 707
10092 708 208 98 708
10171 710 208 98 708
10168 705 208 99 709
10052 711 207 99 709
10092 709 215 99 709
10052 712 207 100 710
10092 710 208 100 710
10052 713 209 101 711
10092 711 221 101 711
10168 708 208 102 712
10092 712 217 102 712
10052 715 207 103 713
10092 713 206 103 713
10168 710 209 104 714
10052 716 206 104 714
10092 714 212 104 714
10168 711 208 105 715
10052 717 212 105 715
10092 715 214 105 715
10171 717 207 105 715
10168 712 205 106 716
10092 716 213 106 716
10171 718 208 106 716
10052 719 209 107 717
10092 717 209 107 717
10052 720 207 108 718
10092 718 210 108 718
10092 719 206 109 719
739 238 238 109 719
10168 716 208 110 720
705 121 237 110 720
10092 720 221 110 720
739 239 231 110 720
10052 723 209 111 721
10171 723 204 111 721
10168 718 211 112 722
10052 724 207 112 722
10092 722 208 112 722
10168 719 206 113 723
10052 725 205 113 723
10092 723 210 113 723
739 242 222 113 723
10092 724 218 114 724
10092 725 221 115 725
739 245 235 116 726
10171 728 205 116 726
10168 723 207 117 727
10092 727 219 117 727
739 246 225 117 727
10052 730 208 118 728
10092 728 221 118 728
10168 725 207 119 729
10052 731 206 119 729
10092 729 219 119 729
10052 732 208 120 730
10092 730 209 120 730
10171 733 206 121 731
10052 734 209 122 732
10092 732 216 122 732
10168 729 205 123 733
10052 735 212 123 733
10092 733 208 123 733
10168 730 207 124 734
10052 736 210 124 734
10092 734 217 124 734
10168 731 209 125 735
10052 737 207 125 735
10092 735 209 125 735
10168 732 209 126 736
10052 738 213 126 736
10092 736 221 126 736
10052 739 210 127 737
10092 737 212 127 737
10168 734 210 128 738
10052 740 210 128 738
10092 738 211 128 738
739 257 239 128 738
10092 739 211 129 739
739 258 221 129 739
10168 736 208 130 740
10052 742 209 130 740
10092 740 210 130 740
10168 737 206 131 741
10052 743 209 131 741
10092 741 205 131 741
10052 744 208 132 742
10092 742 219 132 742
739 261 254 132 742
10168 739 209 133 743
10052 745 205 133 743
10092 743 210 133 743
739 262 223 133 743
10052 746 209 134 744
10092 744 205 134 744
10052 747 208 135 745
10092 745 214 135 745
10168 742 209 136 746
10052 748 207 136 746
10092 746 206 136 746
10092 747 213 137 747
739 266 225 137 747
10168 744 208 138 748
10092 748 219 138 748
10168 745 207 139 749
10052 751 206 139 749
10092 749 209 139 749
10168 746 207 140 750
10052 752 209 140 750
10092 750 208 140 750
10168 747 206 141 751
10092 751 209 141 751
10171 753 205 141 751
10168 748 207 142 752
10092 752 205 142 752
10168 749 210 143 753
10052 755 212 143 753
10092 753 209 143 753
10092 754 217 144 754
10052 757 209 145 755
10092 755 217 145 755
10052 758 207 146 756
10092 756 216 146 756
10052 759 208 147 757
10092 757 212 147 757
10092 758 216 148 758
10092 759 211 149 759
10171 761 204 149 759
10168 756 205 150 760
10092 760 214 150 760
10092 761 215 151 761
10092 762 212 152 762
10171 764 207 152 762
10052 765 207 153 763
10092 763 216 153 763
10092 764 211 154 764
10092 766 206 156 766
10092 769 207 159 769
10092 770 207 160 770
10092 771 209 161 771
10052 774 209 162 772
10092 772 219 162 772
10171 774 206 162 772
10052 775 213 163 773
10092 773 219 163 773
10171 775 209 163 773
10052 776 209 164 774
10092 774 211 164 774
10052 777 211 165 775
10092 775 225 165 775
10168 772 204 166 776
10092 776 222 166 776
10168 773 209 167 777
10052 779 207 167 777
10092 777 206 167 777
739 296 231 167 777
10052 780 205 168 778
10092 778 213 168 778
10092 779 210 169 779
10168 776 206 170 780
10092 780 211 170 780
10092 782 206 172 782
10092 784 207 174 784
10092 785 209 175 785
10092 786 217 176 786
10052 790 205 178 788
10092 788 208 178 788
10092 789 209 179 789
10092 790 210 180 790
10092 791 217 181 791
10052 794 205 182 792
10092 792 215 182 792
10052 795 209 183 793
10092 793 215 183 793
10052 796 205 184 794
10092 794 217 184 794
10092 795 211 185 795
10092 796 210 186 796
10092 800 217 190 800
10092 802 214 192 802
10092 804 205 194 804
10092 806 205 196 806
10092 809 206 199 809
10092 814 208 204 814
10092 815 215 205 815
10092 816 211 206 816
10168 813 207 206 816
10052 819 207 207 817
10092 817 224 207 817
705 219 233 208 818
10092 818 214 208 818
182 28 230 209 819
739 338 239 209 819
182 29 229 210 820
739 339 228 210 820
739 340 232 211 821
182 31 228 212 822
739 341 239 212 822
705 224 223 212 822
182 32 227 213 823
739 342 239 213 823
705 225 237 213 823
182 33 225 214 824
739 343 237 214 824
705 226 221 214 824
182 34 239 215 825
739 344 233 215 825
705 227 239 215 825
182 35 237 216 826
739 345 237 216 826
705 228 229 216 826
182 36 235 217 827
739 346 235 217 827
705 229 231 218 828
739 347 233 218 828
705 230 235 219 829
182 38 222 219 829
739 348 233 219 829
705 231 238 220 830
182 39 221 220 830
739 349 240 220 830
705 232 234 221 831
182 40 233 221 831
739 350 241 221 831
705 233 233 222 832
182 41 226 222 832
739 351 224 222 832
182 42 233 223 833
739 352 233 223 833
182 43 231 224 834
739 353 235 224 834
182 44 235 225 835
739 354 241 225 835
705 237 233 226 836
182 45 222 226 836
739 355 243 226 836
182 46 223 227 837
705 239 225 228 838
182 47 229 228 838
739 357 227 228 838
705 240 232 229 839
182 48 227 229 839
739 358 234 229 839
182 49 231 230 840
739 359 225 230 840
182 50 231 231 841
739 360 231 231 841
705 243 237 232 842
182 51 239 232 842
739 361 237 232 842
182 52 223 233 843
739 362 225 233 843
705 245 225 234 844
182 53 221 234 844
739 363 235 234 844
182 54 229 235 845
10168 849 206 243 853
10052 855 206 243 853
10092 853 213 243 853
10092 854 205 244 854
10168 851 206 245 855
10092 855 211 245 855
10168 852 213 246 856
10052 858 206 246 856
10092 856 220 246 856
10171 858 205 247 857
10052 859 211 247 857
10092 857 219 247 857
739 376 227 248 858
10171 859 207 248 858
10052 860 205 248 858
10092 858 219 248 858
10168 855 207 249 859
10052 861 207 249 859
10092 859 228 249 859
10168 856 206 250 860
10052 862 212 250 860
10092 860 210 250 860
739 379 223 250 860
10168 857 207 251 861
10092 861 219 251 861
10092 864 209 254 864
10092 865 210 255 865
10092 866 210 256 866
10092 867 221 257 867
10168 864 206 258 868
10092 868 212 258 868
10052 871 208 259 869
10092 869 206 259 869
739 388 221 260 870
705 271 227 260 870
10052 872 208 260 870
10092 870 213 260 870
10092 871 206 261 871
10052 874 207 262 872
10092 872 224 262 872
10092 875 207 265 875
10168 872 205 266 876
10052 878 205 266 876
10092 876 208 266 876
10168 874 212 268 878
10052 880 210 268 878
10092 878 214 268 878
10092 879 204 269 879
10092 880 211 270 880
739 399 226 271 881
10092 881 219 271 881
10052 884 205 272 882
10092 882 219 272 882
10092 883 213 273 883
10052 886 206 274 884
10092 884 212 274 884
10052 887 206 275 885
10092 885 206 275 885
10092 886 210 276 886
739 405 231 277 887
10168 883 206 277 887
10052 889 206 277 887
10092 887 221 277 887
10171 889 215 278 888
10168 884 207 278 888
10106 886 204 279 889
10106 887 213 280 890
10055 890 213 280 890
10173 886 211 281 891
10004 887 209 281 891
10076 887 208 281 891
10055 891 209 281 891
10018 218 226 281 891
10098 888 225 281 891
10140 887 211 281 891
10158 886 206 282 892
10106 889 208 282 892
10078 891 207 282 892
10018 219 208 282 892
10098 889 233 282 892
201 366 228 282 892
10084 886 207 282 892
10018 220 214 283 893
10098 890 223 283 893
201 367 231 283 893
10084 887 206 283 893
201 368 230 284 894
10018 221 209 284 894
10098 891 219 284 894
10140 890 207 284 894
201 369 223 285 895
10055 895 207 285 895
10018 222 211 285 895
10098 892 239 285 895
10140 891 214 285 895
10084 889 205 285 895
417 377 223 286 896
10055 896 207 286 896
10018 223 213 286 896
10098 893 219 286 896
10140 892 223 286 896
10173 892 207 287 897
10106 894 221 287 897
10076 893 221 287 897
10055 897 219 287 897
10140 893 207 287 897
10158 892 209 287 897
10134 890 206 288 898
10106 895 211 288 898
10052 902 213 290 900
10092 900 211 290 900
10171 902 210 291 901
10092 901 223 291 901
10092 902 209 292 902
10092 903 207 293 903
10092 904 211 294 904
10092 905 211 295 905
10171 907 207 296 906
10092 906 211 296 906
10168 903 206 297 907
10052 909 205 297 907
10092 907 205 297 907
10052 910 207 298 908
10092 908 219 298 908
10168 905 207 299 909
10092 909 209 299 909
10092 910 214 300 910
10052 913 208 301 911
10092 912 205 302 912
10092 913 210 303 913
10052 916 205 304 914
10052 917 208 305 915
10092 915 212 305 915
10168 914 208 308 918
739 16 244 308 918
10052 920 208 308 918
10092 918 206 308 918
739 17 221 309 919
10092 919 206 309 919
10168 916 207 310 920
10052 922 206 310 920
10092 921 213 311 921
739 20 223 312 922
10052 924 205 312 922
10092 922 212 312 922
10052 925 212 313 923
10092 923 219 313 923
10168 920 206 314 924
10092 924 218 314 924
10052 927 209 315 925
10092 925 223 315 925
10092 926 213 316 926
10052 929 206 317 927
10092 927 215 317 927
739 26 223 318 928
10092 928 213 318 928
10171 930 207 318 928
739 27 228 319 929
705 330 223 319 929
10052 931 209 319 929
10092 929 219 319 929
10171 931 206 319 929
739 28 223 320 930
10052 932 208 320 930
10092 930 208 320 930
10168 927 206 321 931
10092 931 211 321 931
10171 933 206 321 931
10052 934 212 322 932
10092 932 209 322 932
10171 934 206 322 932
739 31 231 323 933
10052 935 213 323 933
10092 933 224 323 933
10052 936 212 324 934
10092 934 210 324 934
705 336 221 325 935
739 33 227 325 935
10052 937 208 325 935
10092 935 220 325 935
10168 932 206 326 936
10052 938 208 326 936
10092 936 215 326 936
10168 933 206 327 937
739 35 231 327 937
10052 939 205 327 937
10092 937 223 327 937
739 36 240 328 938
10052 940 207 328 938
10092 938 226 328 938
10168 935 207 329 939
739 37 237 329 939
10092 939 227 329 939
10052 943 207 331 941
10092 941 209 331 941
10092 942 209 332 942
10092 943 211 333 943
10092 944 208 334 944
10052 947 208 335 945
10092 945 211 335 945
10171 947 205 336 946
10092 946 215 336 946
739 45 226 337 947
10092 947 227 337 947
10052 950 217 338 948
10092 948 212 338 948
10171 950 205 339 949
10134 943 206 340 950
10106 948 213 341 951
10154 944 207 341 951
10076 947 210 341 951
10055 951 226 341 951
10018 278 208 341 951
10140 947 213 341 951
10158 946 225 341 951
10173 947 209 342 952
10106 949 210 342 952
10018 279 215 342 952
10140 948 210 342 952
44 265 233 342 952
10084 946 219 342 952
10158 947 213 342 952
10055 953 210 343 953
10018 280 216 343 953
10140 949 205 343 953
44 266 227 343 953
10084 947 209 343 953
10158 948 208 343 953
10084 948 205 344 954
10055 955 207 345 955
10018 282 235 345 955
10140 951 215 345 955
10158 950 207 345 955
10173 951 207 345 955
201 430 241 346 956
10018 283 209 346 956
10098 953 231 346 956
10084 950 205 346 956
10106 954 207 347 957
201 431 224 347 957
10098 954 212 347 957
10084 951 223 347 957
10098 955 206 348 958
10140 954 209 348 958
10084 952 218 348 958
10158 953 218 348 958
10173 954 207 348 958
10040 953 207 349 959
10076 955 206 349 959
10078 958 211 349 959
10106 957 206 350 960
10040 954 218 350 960
10018 287 207 350 960
10098 957 225 350 960
10084 954 207 350 960
10158 955 213 350 960
10078 960 205 351 961
201 435 225 351 961
10018 288 223 351 961
10098 958 236 351 961
10140 957 209 351 961
10078 961 209 352 962
10018 289 209 352 962
10098 959 227 352 962
10078 962 206 353 963
201 437 237 353 963
10018 290 210 353 963
10098 960 223 353 963
10140 959 210 353 963
10055 964 211 354 964
10018 291 216 354 964
10098 961 207 354 964
10140 960 209 354 964
10106 962 211 355 965
10040 959 213 355 965
10078 964 209 355 965
693 315 221 355 965
10106 963 205 356 966
10040 960 210 356 966
10078 965 212 356 966
10040 961 223 357 967
768 331 221 357 967
10078 966 212 357 967
768 332 224 358 968
10078 967 213 358 968
10055 968 204 358 968
693 318 231 358 968
10106 966 206 359 969
10040 963 225 359 969
10078 968 217 359 969
10106 967 209 360 970
10040 964 217 360 970
768 334 221 360 970
10078 969 208 360 970
693 320 227 360 970
10134 964 219 361 971
10171 975 221 363 973
10168 970 206 364 974
10052 976 210 364 974
10092 974 207 364 974
10171 976 214 364 974
10168 971 210 365 975
10052 977 210 365 975
10092 975 208 365 975
10168 972 206 366 976
10092 976 223 366 976
10052 980 209 368 978
10092 978 221 368 978
10052 981 206 369 979
10092 979 211 369 979
10168 976 208 370 980
10092 980 221 370 980
10168 977 211 371 981
10092 981 225 371 981
10092 983 206 373 983
10092 984 223 374 984
10168 981 206 375 985
10052 987 207 375 985
10092 985 221 375 985
10171 987 207 376 986
10092 986 206 376 986
705 388 221 377 987
10092 987 227 377 987
10171 989 207 378 988
10168 984 210 378 988
705 389 221 378 988
10052 990 213 378 988
10092 988 206 378 988
705 390 224 379 989
10092 989 223 379 989
739 33 223 380 990
10052 992 211 380 990
705 391 235 380 990
10092 990 218 380 990
10092 991 223 381 991
705 392 231 381 991
10171 993 206 381 991
10052 994 206 382 992
10092 992 212 382 992
739 36 226 383 993
705 394 222 383 993
10092 993 212 383 993
705 395 221 384 994
10092 994 205 384 994
739 38 227 385 995
10052 997 210 385 995
10092 995 221 385 995
739 39 221 386 996
705 397 222 386 996
10092 996 215 386 996
10092 997 215 387 997
705 399 229 388 998
10092 998 226 388 998
739 42 239 389 999
10168 995 205 389 999
10092 999 218 389 999
10092 1000 211 390 1000
10052 1003 206 391 1001
705 402 225 391 1001
10092 1001 223 391 1001
705 403 232 392 1002
10092 1002 215 392 1002
739 46 228 393 1003
10092 1003 229 393 1003
739 47 221 394 1004
10168 1000 211 394 1004
705 405 227 394 1004
10092 1004 221 394 1004
10171 1006 208 394 1004
739 48 223 395 1005
10092 1005 213 395 1005
10092 1006 211 396 1006
10092 1007 206 397 1007
739 52 221 399 1009
10092 1010 205 400 1010
739 54 221 401 1011
10052 1014 208 402 1012
10092 1013 207 403 1013
10092 1014 212 404 1014
10092 1015 212 405 1015
10168 1012 210 406 1016
10052 1018 206 406 1016
10092 1016 218 406 1016
10092 1017 204 407 1017
10168 1014 209 408 1018
10052 1020 210 408 1018
10092 1018 208 408 1018
10052 1022 204 410 1020
10052 1023 206 411 1021
10092 1021 213 411 1021
739 65 232 412 1022
10092 1022 219 412 1022
10168 1019 208 413 1023
10092 1023 210 413 1023
10168 1020 205 414 1024
10092 1024 209 414 1024
739 68 233 415 1025
10092 1025 211 415 1025
10171 1027 205 415 1025
10052 1028 211 416 1026
10092 1026 221 416 1026
10052 1029 205 417 1027
10092 1027 206 417 1027
10168 1024 210 418 1028
10092 1028 212 418 1028
739 72 224 419 1029
10168 1025 208 419 1029
10052 1031 206 419 1029
10092 1029 217 419 1029
739 73 238 420 1030
10092 1030 225 420 1030
10092 1031 215 421 1031
10092 1032 206 422 1032
739 76 227 423 1033
10092 1033 223 423 1033
10168 1030 207 424 1034
10052 1036 209 424 1034
10168 1031 206 425 1035
10092 1035 211 425 1035
10168 1032 205 426 1036
10092 1036 223 426 1036
10168 1033 208 427 1037
10092 1037 213 427 1037
10171 1039 205 427 1037
10052 1040 213 428 1038
10092 1038 209 428 1038
10092 1039 221 429 1039
739 83 226 430 1040
10092 1040 205 430 1040
10092 1041 214 431 1041
10168 1038 205 432 1042
10052 1044 208 432 1042
10092 1042 211 432 1042
10092 1043 210 433 1043
10092 1044 209 434 1044
10092 1045 211 435 1045
10168 1042 207 436 1046
10092 1046 215 436 1046
10052 1049 205 437 1047
10092 1047 213 437 1047
10168 1045 205 439 1049
10092 1051 212 441 1051
10092 1052 209 442 1052
10168 1049 205 443 1053
10092 1053 215 443 1053
10092 1054 210 444 1054
10052 1057 205 445 1055
10092 1055 208 445 1055
10092 1056 212 446 1056
10052 1060 205 448 1058
10092 1058 215 448 1058
10092 1059 212 449 1059
10092 1060 211 450 1060
10092 1061 213 451 1061
10168 1058 207 452 1062
10052 1064 208 452 1062
10092 1062 211 452 1062
705 463 222 452 1062
10092 1063 209 453 1063
10052 1066 206 454 1064
10092 1064 221 454 1064
10052 1067 208 455 1065
10092 1065 204 455 1065
10052 1068 208 456 1066
705 467 226 456 1066
10092 1066 221 456 1066
10171 1068 205 456 1066
705 468 231 457 1067
10092 1067 210 457 1067
10168 1064 205 458 1068
10052 1070 209 458 1068
10092 1068 223 458 1068
10168 1065 207 459 1069
705 470 227 459 1069
10092 1069 213 459 1069
10168 1066 208 460 1070
705 471 237 460 1070
10092 1070 205 460 1070
10168 1067 208 461 1071
705 472 231 461 1071
10092 1071 216 461 1071
10092 1072 216 462 1072
10168 1069 205 463 1073
10092 1073 209 463 1073
739 117 221 464 1074
10092 1074 221 464 1074
10168 1071 204 465 1075
705 476 237 465 1075
10092 1075 213 465 1075
10171 1077 205 465 1075
739 119 237 466 1076
705 477 247 466 1076
10052 1078 208 466 1076
10092 1076 225 466 1076
739 120 239 467 1077
10092 1077 221 467 1077
739 121 239 468 1078
705 479 229 468 1078
10052 1080 205 468 1078
10092 1078 225 468 1078
10168 1075 208 469 1079
739 122 221 469 1079
705 480 237 469 1079
10092 1079 219 469 1079
10092 1081 211 471 1081
10092 1082 220 472 1082
10092 1083 209 473 1083
10168 1080 207 474 1084
705 485 231 474 1084
10092 1084 227 474 1084
705 486 221 475 1085
10052 1087 208 475 1085
10092 1085 207 475 1085
705 487 229 476 1086
10092 1086 213 476 1086
10092 1088 207 478 1088
10092 1090 210 480 1090
10171 1092 206 480 1090
705 492 225 481 1091
10052 1093 207 481 1091
10092 1091 219 481 1091
705 493 221 482 1092
10092 1092 205 482 1092
10052 1095 209 483 1093
10052 1096 209 484 1094
10092 1094 217 484 1094
739 138 223 485 1095
705 496 225 485 1095
10092 1095 211 485 1095
10092 1096 215 486 1096
182 15 235 487 1097
739 140 224 487 1097
705 498 221 487 1097
10052 1099 209 487 1097
10092 1097 206 487 1097
10168 1094 207 488 1098
182 16 239 488 1098
705 499 228 488 1098
10052 1100 213 488 1098
10171 1100 206 488 1098
182 17 227 489 1099
705 500 232 489 1099
10052 1101 210 489 1099
10092 1100 207 490 1100
10168 1097 206 491 1101
705 502 226 491 1101
10052 1103 205 491 1101
10092 1101 212 491 1101
739 145 221 492 1102
705 503 221 492 1102
10092 1102 221 492 1102
739 146 225 493 1103
705 504 226 493 1103
10092 1103 207 493 1103
739 147 224 494 1104
10168 1100 209 494 1104
10052 1106 206 494 1104
10092 1104 223 494 1104
739 148 221 495 1105
10168 1101 205 495 1105
10092 1105 206 495 1105
10168 1102 209 496 1106
10092 1107 213 497 1107
739 151 224 498 1108
10052 1110 211 498 1108
10092 1108 224 498 1108
10171 1110 205 498 1108
739 152 225 499 1109
10092 1109 213 499 1109
10168 1106 206 500 1110
705 511 227 500 1110
10092 1110 215 500 1110
739 154 227 501 1111
705 512 227 501 1111
10052 1113 206 501 1111
10092 1111 217 501 1111
739 155 239 502 1112
10092 1112 217 502 1112
10168 1109 207 503 1113
705 514 226 503 1113
10092 1113 219 503 1113
739 157 224 504 1114
10052 1116 206 504 1114
10092 1114 225 504 1114
10092 1115 227 505 1115
10168 1112 208 506 1116
10092 1116 211 506 1116
10092 1117 206 507 1117
705 519 221 508 1118
10052 1120 205 508 1118
10092 1118 229 508 1118
10092 1119 208 509 1119
10092 1120 211 510 1120
10092 1121 220 511 1121
10168 1118 206 512 1122
10052 1124 206 512 1122
10092 1122 225 512 1122
10171 1124 208 512 1122
10092 1123 223 513 1123
10092 1124 221 514 1124
10168 1121 205 515 1125
10092 1125 224 515 1125
10052 1128 207 516 1126
10092 1126 223 516 1126
10052 1129 209 517 1127
705 528 226 517 1127
10092 1127 213 517 1127
10052 1130 209 518 1128
10092 1128 221 518 1128
10052 1131 209 519 1129
10092 1129 221 519 1129
10052 1132 210 520 1130
10092 1130 213 520 1130
10171 1132 205 520 1130
10052 1133 209 521 1131
10092 1131 225 521 1131
10171 1133 204 521 1131
10052 1134 209 522 1132
10092 1132 223 522 1132
10168 1129 207 523 1133
10052 1135 207 523 1133
10092 1133 212 523 1133
10171 1135 207 523 1133
10052 1136 206 524 1134
10092 1134 209 524 1134
10168 1131 207 525 1135
10092 1135 221 525 1135
705 537 226 526 1136
10052 1138 205 526 1136
10092 1136 220 526 1136
10171 1138 206 526 1136
10168 1133 210 527 1137
10052 1139 211 527 1137
10092 1137 209 527 1137
10092 1138 221 528 1138
10168 1135 206 529 1139
10092 1139 226 529 1139
10092 1140 222 530 1140
10052 1143 207 531 1141
10092 1141 215 531 1141
10171 1143 207 531 1141
10052 1144 210 532 1142
10092 1142 221 532 1142
10092 1143 228 533 1143
10168 1140 207 534 1144
10052 1146 206 534 1144
10092 1144 224 534 1144
10052 1147 207 535 1145
10092 1145 223 535 1145
10092 1146 210 536 1146
10171 1148 206 536 1146
10052 1149 207 537 1147
10092 1147 211 537 1147
10092 1148 224 538 1148
10052 1151 208 539 1149
10092 1149 225 539 1149
10168 1146 207 539 1149
10052 1152 207 540 1150
10092 1150 213 540 1150
10168 1147 207 541 1151
10092 1151 211 541 1151
10171 1153 205 541 1151
10092 1152 214 542 1152
10052 1155 212 543 1153
10092 1153 213 543 1153
10168 1150 206 544 1154
10092 1154 223 544 1154
10092 1155 215 545 1155
10092 1156 209 546 1156
10052 1159 208 547 1157
10092 1157 212 547 1157
10168 1154 207 548 1158
705 559 241 548 1158
10092 1158 206 548 1158
705 560 225 549 1159
10092 1159 220 549 1159
10168 1156 207 550 1160
10052 1162 205 550 1160
10092 1160 222 550 1160
10171 1162 204 550 1160
10168 1157 207 551 1161
10092 1161 209 551 1161
10092 1162 211 552 1162
10168 1159 205 553 1163
10092 1164 214 554 1164
10171 1166 205 554 1164
705 566 221 555 1165
10092 1166 211 556 1166
10171 1168 206 556 1166
10052 1169 210 557 1167
705 568 222 557 1167
10092 1167 220 557 1167
10052 1170 205 558 1168
705 569 223 558 1168
10168 1165 206 559 1169
10052 1171 212 559 1169
10092 1169 217 559 1169
10168 1166 206 559 1169
10092 1170 218 560 1170
705 571 224 560 1170
10171 1172 206 560 1170
739 214 225 560 1170
10168 1167 205 560 1170
10092 1171 210 561 1171
705 572 226 561 1171
739 215 221 561 1171
10168 1168 205 561 1171
10052 1174 208 562 1172
739 216 221 562 1172
10052 1175 207 563 1173
739 217 227 563 1173
10168 1170 208 563 1173
10092 1174 216 564 1174
705 575 239 564 1174
10171 1176 206 564 1174
739 218 221 564 1174
10092 1175 210 565 1175
705 576 225 565 1175
739 219 231 565 1175
10092 1176 209 566 1176
705 577 231 566 1176
739 220 223 566 1176
10092 1177 215 567 1177
739 221 224 567 1177
10052 1180 210 568 1178
10092 1178 219 568 1178
10171 1180 206 568 1178
739 222 222 568 1178
10168 1175 206 568 1178
10052 1181 206 569 1179
10092 1179 213 569 1179
705 580 223 569 1179
10168 1176 207 569 1179
10092 1180 206 570 1180
705 581 229 570 1180
10092 1181 217 571 1181
705 582 235 571 1181
739 225 227 571 1181
10052 1184 207 572 1182
10092 1182 211 572 1182
705 583 238 572 1182
739 226 225 572 1182
10168 1179 206 572 1182
10052 1185 208 573 1183
10092 1183 215 573 1183
739 227 223 573 1183
10092 1184 208 574 1184
705 585 227 574 1184
10092 1185 219 575 1185
10052 1188 205 576 1186
10092 1186 205 576 1186
705 587 225 576 1186
10052 1189 210 577 1187
10092 1187 214 577 1187
10052 1190 206 578 1188
10092 1188 210 578 1188
705 589 225 578 1188
10092 1189 223 579 1189
10168 1186 205 579 1189
10092 1190 219 580 1190
10052 1193 205 581 1191
705 592 229 581 1191
10092 1191 211 581 1191
10052 1194 208 582 1192
10092 1192 223 582 1192
10168 1189 207 582 1192
10052 1195 208 583 1193
10092 1193 214 583 1193
10168 1190 205 583 1193
705 595 221 584 1194
10092 1194 216 584 1194
10052 1197 205 585 1195
705 596 223 585 1195
10092 1195 209 585 1195
705 597 221 586 1196
10052 1198 209 586 1196
10092 1196 213 586 1196
705 598 226 587 1197
10052 1199 207 587 1197
10092 1198 214 588 1198
10168 1195 207 588 1198
705 600 225 589 1199
10092 1199 214 589 1199
10092 1201 207 591 1201
10052 1204 205 592 1202
10092 1202 215 592 1202
705 604 225 593 1203
10092 1203 210 593 1203
705 605 226 594 1204
10092 1204 217 594 1204
10168 1201 208 594 1204
705 606 234 595 1205
10092 1205 213 595 1205
10168 1202 206 596 1206
10092 1206 210 596 1206
705 608 228 597 1207
10092 1207 216 597 1207
10052 1210 206 598 1208
705 609 229 598 1208
10092 1208 211 598 1208
10168 1205 206 598 1208
705 610 221 599 1209
10092 1209 218 599 1209
10052 1212 206 600 1210
10092 1210 219 600 1210
705 612 221 601 1211
10052 1213 204 601 1211
10092 1211 207 601 1211
10168 1208 205 601 1211
705 613 229 602 1212
10052 1214 210 602 1212
10092 1212 219 602 1212
10092 1213 215 603 1213
10052 1216 206 604 1214
10092 1214 221 604 1214
10168 1211 207 605 1215
705 616 227 605 1215
10168 1212 206 606 1216
10052 1218 205 606 1216
10092 1216 214 606 1216
10092 1217 212 607 1217
705 618 223 607 1217
10168 1214 208 608 1218
705 619 223 608 1218
10092 1218 209 608 1218
705 620 225 609 1219
10092 1219 213 609 1219
705 621 228 610 1220
10052 1222 207 610 1220
10092 1220 210 610 1220
10052 1223 207 611 1221
10092 1221 222 611 1221
10092 1222 211 612 1222
10092 1223 212 613 1223
10052 1226 206 614 1224
10092 1224 205 614 1224
10168 1221 205 615 1225
705 626 229 615 1225
10092 1225 215 615 1225
10092 1227 208 617 1227
10092 1229 214 619 1229
10171 1231 206 619 1229
10052 1232 205 620 1230
10092 1230 205 620 1230
10092 1231 215 621 1231
10168 1228 208 622 1232
10092 1232 212 622 1232
10168 1229 212 623 1233
10052 1235 206 623 1233
10092 1233 212 623 1233
705 635 221 624 1234
10092 1234 205 624 1234
705 636 224 625 1235
10052 1237 206 625 1235
10092 1235 218 625 1235
10168 1232 206 626 1236
705 637 221 626 1236
10092 1236 219 626 1236
10052 1240 205 628 1238
10092 1238 218 628 1238
10092 1239 212 629 1239
705 641 225 630 1240
10092 1240 218 630 1240
10171 1242 204 630 1240
10168 1237 206 631 1241
705 642 223 631 1241
10092 1241 219 631 1241
10168 1238 209 632 1242
10092 1242 212 632 1242
10168 1239 208 633 1243
705 644 223 633 1243
10092 1243 208 633 1243
705 645 226 634 1244
10092 1244 215 634 1244
10052 1247 207 635 1245
10092 1245 219 635 1245
10171 1247 206 635 1245
10168 1242 208 636 1246
10092 1246 218 636 1246
10168 1243 208 637 1247
10168 1244 207 638 1248
10052 1250 210 638 1248
10092 1248 217 638 1248
10168 1245 210 639 1249
10052 1251 211 639 1249
10092 1251 209 641 1251
10052 1254 209 642 1252
10092 1252 207 642 1252
705 654 222 643 1253
10092 1253 215 643 1253
10168 1250 205 644 1254
10052 1256 206 644 1254
10092 1255 207 645 1255
10052 1258 208 646 1256
10092 1256 208 646 1256
705 658 227 647 1257
10052 1259 205 647 1257
10092 1257 209 647 1257
10168 1254 207 648 1258
705 659 221 648 1258
10092 1258 207 648 1258
10052 1261 207 649 1259
10092 1259 206 649 1259
10092 1260 212 650 1260
10092 1261 210 651 1261
10171 1263 208 651 1261
10168 1258 208 652 1262
10092 1262 210 652 1262
10168 1259 205 653 1263
10168 1260 207 654 1264
10092 1264 211 654 1264
10171 1266 206 655 1265
705 666 221 655 1265
10168 1261 207 655 1265
10052 1267 208 655 1265
10092 1265 209 655 1265
10092 1266 217 656 1266
10092 1267 227 657 1267
10052 1270 208 658 1268
10092 1268 219 658 1268
10168 1265 205 659 1269
10052 1271 208 659 1269
10092 1269 211 659 1269
10092 1270 212 660 1270
10168 1267 208 661 1271
10052 1274 211 662 1272
10092 1272 207 662 1272
10052 1275 208 663 1273
10092 1273 211 663 1273
10171 1275 204 663 1273
10168 1270 205 664 1274
10052 1276 208 664 1274
10092 1274 206 664 1274
10168 1271 209 665 1275
10052 1277 210 665 1275
10092 1275 213 665 1275
10171 1277 205 665 1275
10052 1278 213 666 1276
10092 1276 208 666 1276
10092 1277 206 667 1277
10092 1278 209 668 1278
10092 1279 205 669 1279
10168 1276 209 670 1280
10092 1280 205 670 1280
10092 1281 216 671 1281
10092 1282 210 672 1282
705 685 221 674 1284
10092 1284 211 674 1284
10052 1287 206 675 1285
10092 1285 206 675 1285
10092 1287 205 677 1287
10092 1288 213 678 1288
10092 1289 206 679 1289
10052 1292 205 680 1290
10092 1290 210 680 1290
10092 1291 209 681 1291
10092 1292 210 682 1292
705 694 222 683 1293
10052 1295 209 683 1293
705 695 223 684 1294
10092 1294 209 684 1294
10168 1291 215 685 1295
705 696 232 685 1295
10092 1295 223 685 1295
705 697 223 686 1296
10092 1296 213 686 1296
10171 1298 205 686 1296
10092 1297 209 687 1297
10092 1298 214 688 1298
10092 1299 212 689 1299
10092 1300 219 690 1300
10171 1302 208 690 1300
10052 1303 205 691 1301
10092 1301 219 691 1301
10171 1303 206 691 1301
705 703 222 692 1302
10092 1302 210 692 1302
10168 1299 209 693 1303
10092 1303 215 693 1303
705 705 221 694 1304
10052 1306 208 694 1304
10092 1304 213 694 1304
10092 1305 223 695 1305
10092 1307 209 697 1307
10052 1310 205 698 1308
10092 1308 205 698 1308
10168 1305 205 699 1309
10092 1310 207 700 1310
10052 1313 205 701 1311
10052 1314 209 702 1312
10168 1309 206 703 1313
10168 1311 205 705 1315
10092 1315 208 705 1315
10168 1312 206 706 1316
10092 1317 209 707 1317
10092 1318 205 708 1318
10168 1316 208 710 1320
10171 1322 208 710 1320
10092 1321 207 711 1321
10092 1322 208 712 1322
10052 1325 207 713 1323
10092 1323 221 713 1323
10092 1324 217 714 1324
10092 1326 209 716 1326
10092 1327 211 717 1327
10092 1328 211 718 1328
10168 1325 206 719 1329
10092 1329 217 719 1329
10092 1356 220 746 1356
10092 1357 213 747 1357
10052 1360 209 748 1358
10092 1358 212 748 1358
10092 1359 208 749 1359
10092 1360 213 750 1360
10092 1362 207 752 1362
10092 1363 208 753 1363
10092 1364 205 754 1364
10092 1365 205 755 1365
10092 1367 205 757 1367
10092 1368 211 758 1368
10092 1369 206 759 1369
10092 1370 207 760 1370
10092 1375 207 765 1375
10052 1378 205 766 1376
10092 1376 206 766 1376
10092 1377 209 767 1377
10052 1380 205 768 1378
10092 1378 219 768 1378
10092 1379 211 769 1379
10052 1382 206 770 1380
10092 1380 211 770 1380
10092 1381 208 771 1381
705 783 224 771 1381
10168 1378 206 772 1382
10092 1382 210 772 1382
10092 1384 211 774 1384
10092 1386 211 776 1386
10092 1387 209 777 1387
10092 1388 211 778 1388
10092 1391 210 781 1391
10092 1392 209 782 1392
705 794 232 782 1392
10168 1389 205 783 1393
10092 1394 211 784 1394
10092 1398 217 788 1398
10092 1399 210 789 1399
705 801 221 789 1399
10092 1400 215 790 1400
705 802 223 790 1400
10052 1403 207 791 1401
10092 1401 220 791 1401
10052 1404 210 792 1402
10092 1402 225 792 1402
10168 1399 208 793 1403
10052 1405 208 793 1403
10092 1403 210 793 1403
705 805 239 793 1403
739 447 225 794 1404
10092 1404 210 794 1404
10092 1405 219 795 1405
10171 1407 206 795 1405
10092 1406 209 796 1406
10168 1403 208 797 1407
10052 1409 208 797 1407
10092 1407 209 797 1407
10052 1410 205 798 1408
10092 1408 211 798 1408
10092 1409 211 799 1409
705 811 221 799 1409
10168 1406 206 800 1410
10092 1410 210 800 1410
10052 1415 206 803 1413
10092 1413 215 803 1413
10092 1414 212 804 1414
10092 1415 212 805 1415
10092 1416 209 806 1416
10092 1417 205 807 1417
10052 1420 206 808 1418
10092 1418 209 808 1418
10052 1421 205 809 1419
10092 1419 209 809 1419
10092 1420 211 810 1420
10092 1421 210 811 1421
10092 1422 212 812 1422
10092 1423 213 813 1423
10092 1424 213 814 1424
10092 1425 211 815 1425
10168 1422 206 816 1426
739 469 231 816 1426
10092 1426 215 816 1426
739 470 229 817 1427
10092 1427 221 817 1427
705 829 227 817 1427
10052 1430 205 818 1428
10092 1428 215 818 1428
10052 1431 208 819 1429
10092 1429 213 819 1429
739 473 221 820 1430
10052 1432 208 820 1430
10092 1430 219 820 1430
10092 1431 206 821 1431
705 833 236 821 1431
10052 1434 205 822 1432
10092 1432 212 822 1432
705 834 245 822 1432
10168 1429 208 823 1433
10092 1433 210 823 1433
10168 1430 205 824 1434
10092 1434 210 824 1434
10168 1431 205 825 1435
10092 1435 207 825 1435
705 837 235 825 1435
10092 1436 217 826 1436
10092 1437 207 827 1437
10092 1438 221 828 1438
10092 1440 212 830 1440
10092 1441 210 831 1441
10092 1442 217 832 1442
10052 1445 205 833 1443
10092 1443 211 833 1443
10092 1444 208 834 1444
10092 1445 209 835 1445
10092 1446 210 836 1446
10092 1447 219 837 1447
705 849 239 838 1448
10052 1450 205 838 1448
10092 1448 207 838 1448
705 850 233 839 1449
10168 1445 205 839 1449
10052 1451 207 839 1449
705 851 227 840 1450
10168 1446 206 840 1450
10052 1452 208 840 1450
10092 1450 211 840 1450
705 852 222 841 1451
10168 1447 206 841 1451
10052 1453 212 841 1451
10092 1451 221 841 1451
10171 1453 205 841 1451
10168 1448 206 842 1452
10092 1452 216 842 1452
705 854 221 842 1452
10168 1449 206 843 1453
10092 1453 211 843 1453
705 855 224 843 1453
10168 1450 205 844 1454
10052 1456 211 844 1454
10092 1454 212 844 1454
705 856 227 845 1455
10052 1457 207 845 1455
10092 1455 222 845 1455
705 857 225 846 1456
10052 1458 205 846 1456
10092 1456 210 846 1456
10052 1459 208 847 1457
10092 1457 205 847 1457
10052 1460 209 848 1458
10052 1461 206 849 1459
10052 1462 207 850 1460
10092 1460 214 850 1460
705 862 225 850 1460
10168 1457 205 851 1461
10052 1463 208 851 1461
10092 1461 211 851 1461
10092 1462 218 852 1462
10092 1463 215 853 1463
10052 1466 209 854 1464
10092 1464 211 854 1464
705 866 224 854 1464
10052 1467 206 855 1465
10092 1465 208 855 1465
10092 1466 214 856 1466
10171 1468 205 856 1466
10168 1463 207 857 1467
10052 1469 210 857 1467
10092 1467 210 857 1467
10052 1470 209 858 1468
10092 1468 208 858 1468
10052 1471 213 859 1469
10092 1469 205 859 1469
705 871 228 859 1469
10092 1470 211 860 1470
705 872 227 860 1470
10168 1467 209 861 1471
10052 1473 215 861 1471
10092 1471 213 861 1471
10168 1468 207 862 1472
10171 1474 206 862 1472
705 874 229 862 1472
10052 1475 205 863 1473
10092 1473 208 863 1473
10092 1474 210 864 1474
10168 1471 209 865 1475
10052 1477 206 865 1475
10092 1475 210 865 1475
705 877 221 865 1475
10168 1472 208 866 1476
10092 1476 214 866 1476
10092 1477 216 867 1477
705 879 223 867 1477
10092 1478 219 868 1478
705 880 223 868 1478
10052 1481 208 869 1479
10092 1479 223 869 1479
10168 1476 207 870 1480
10052 1482 209 870 1480
10092 1480 221 870 1480
10171 1482 206 870 1480
10168 1477 206 871 1481
10052 1483 209 871 1481
10092 1481 221 871 1481
705 883 226 871 1481
10168 1478 208 872 1482
10052 1484 207 872 1482
10092 1482 214 872 1482
10171 1484 207 872 1482
705 884 223 872 1482
10092 1483 207 873 1483
10168 1480 207 874 1484
10092 1484 211 874 1484
705 886 223 874 1484
10052 1487 208 875 1485
10092 1485 208 875 1485
10168 1482 205 876 1486
10092 1486 223 876 1486
10168 1483 208 877 1487
10052 1489 209 877 1487
10092 1487 227 877 1487
705 889 235 877 1487
10052 1490 208 878 1488
10092 1488 211 878 1488
10168 1485 212 879 1489
10092 1489 211 879 1489
10168 1486 211 880 1490
10052 1492 211 880 1490
10092 1490 214 880 1490
10052 1493 209 881 1491
10092 1491 213 881 1491
10171 1493 205 881 1491
10168 1488 205 881 1491
10052 1494 215 882 1492
705 894 232 882 1492
10052 1495 205 883 1493
10092 1493 222 883 1493
10171 1495 206 883 1493
705 895 233 883 1493
10168 1490 208 883 1493
10052 1496 207 884 1494
10092 1494 212 884 1494
10171 1496 205 884 1494
705 896 221 884 1494
10052 1497 207 885 1495
10092 1495 212 885 1495
10168 1492 206 886 1496
10052 1498 209 886 1496
10092 1496 217 886 1496
10092 1497 223 887 1497
705 899 225 887 1497
10168 1494 206 888 1498
10092 1498 219 888 1498
10168 1495 205 889 1499
10092 1499 215 889 1499
705 901 221 889 1499
10052 1502 208 890 1500
10092 1500 217 890 1500
10052 1503 210 891 1501
10092 1501 207 891 1501
10092 1502 211 892 1502
10171 1504 205 892 1502
10052 1505 207 893 1503
10092 1503 219 893 1503
10168 1500 209 894 1504
10052 1506 210 894 1504
10092 1504 223 894 1504
10052 1507 208 895 1505
10092 1505 206 895 1505
10092 1506 206 896 1506
10092 1507 223 897 1507
10092 1508 217 898 1508
10092 1509 227 899 1509
10052 1512 209 900 1510
10092 1510 225 900 1510
705 912 221 900 1510
739 554 221 901 1511
10092 1511 222 901 1511
10171 1513 206 901 1511
10092 1512 224 902 1512
10168 1509 205 903 1513
10092 1513 235 903 1513
10052 1516 205 904 1514
10092 1514 211 904 1514
10052 1517 211 905 1515
10092 1515 208 905 1515
10171 1517 206 905 1515
10052 1518 205 906 1516
739 559 221 906 1516
10092 1516 222 906 1516
10168 1513 209 907 1517
10052 1519 209 907 1517
10168 1515 211 909 1519
10092 1519 210 909 1519
10171 1521 207 909 1519
10052 1522 210 910 1520
10092 1520 222 910 1520
10168 1517 209 911 1521
10052 1523 207 911 1521
10092 1521 208 911 1521
705 923 233 911 1521
10092 1522 215 912 1522
705 924 233 912 1522
10092 1523 221 913 1523
705 925 224 913 1523
10052 1526 206 914 1524
10092 1524 210 914 1524
10092 1527 221 917 1527
10052 1530 206 918 1528
10092 1528 217 918 1528
10171 1530 206 918 1528
10052 1531 209 919 1529
10092 1529 221 919 1529
10052 1532 206 920 1530
10092 1530 219 920 1530
10092 1531 207 921 1531
10092 1532 207 922 1532
10092 1534 214 924 1534
10052 1537 205 925 1535
10092 1535 220 925 1535
10092 1536 211 926 1536
10171 1538 206 926 1536
10168 1533 206 927 1537
10092 1537 209 927 1537
10092 1538 215 928 1538
10092 1539 213 929 1539
10052 1542 206 930 1540
10092 1540 212 930 1540
10171 1542 206 930 1540
10092 1541 210 931 1541
10052 1544 208 932 1542
10092 1542 223 932 1542
10092 1543 207 933 1543
10168 1541 208 935 1545
10052 1547 206 935 1545
10092 1545 211 935 1545
739 589 221 936 1546
10168 1543 208 937 1547
10052 1549 205 937 1547
10092 1547 220 937 1547
10052 1550 205 938 1548
10092 1548 215 938 1548
10052 1551 209 939 1549
10092 1549 219 939 1549
10092 1550 213 940 1550
10171 1552 205 940 1550
10052 1553 207 941 1551
10092 1551 217 941 1551
10168 1548 207 941 1551
10052 1554 207 942 1552
10092 1552 221 942 1552
10052 1555 205 943 1553
10092 1553 223 943 1553
10171 1555 206 943 1553
10092 1554 218 944 1554
10168 1551 207 944 1554
10052 1557 210 945 1555
10092 1555 212 945 1555
10171 1557 205 945 1555
10052 1558 209 946 1556
10092 1556 221 946 1556
10092 1557 209 947 1557
10171 1559 206 947 1557
10052 1560 211 948 1558
10092 1558 219 948 1558
10052 1561 205 949 1559
10092 1559 212 949 1559
10052 1562 207 950 1560
10092 1560 223 950 1560
10052 1563 205 951 1561
10092 1561 221 951 1561
10052 1564 205 952 1562
10092 1562 217 952 1562
10168 1559 206 952 1562
10092 1563 220 953 1563
10052 1566 211 954 1564
10092 1565 217 955 1565
10052 1568 205 956 1566
10092 1566 222 956 1566
10092 1567 225 957 1567
10168 1564 206 957 1567
10092 1568 215 958 1568
10092 1569 219 959 1569
10052 1572 207 960 1570
10092 1570 215 960 1570
10052 1573 208 961 1571
10092 1571 211 961 1571
10092 1572 211 962 1572
10092 1573 211 963 1573
10092 1574 212 964 1574
10092 1575 213 965 1575
10168 1572 207 965 1575
10052 1578 208 966 1576
10092 1583 214 974 1584
10092 1584 207 975 1585
10092 1587 209 978 1588
705 989 229 978 1588
10052 1590 208 979 1589
10092 1588 216 979 1589
10092 1590 212 981 1591
739 633 221 981 1591
705 992 233 981 1591
10092 1591 217 982 1592
10168 1588 205 983 1593
10092 1592 214 983 1593
10092 1593 207 984 1594
10092 1594 209 985 1595
10092 1595 211 986 1596
10092 1597 215 988 1598
10092 1598 210 989 1599
10092 1599 212 990 1600
10092 1600 209 991 1601
10092 1602 206 993 1603
10092 1603 208 994 1604
10092 1604 205 995 1605
10052 1608 205 997 1607
10092 1606 216 997 1607
10052 1609 211 998 1608
10092 1607 231 998 1608
10168 1604 205 999 1609
10092 1608 208 999 1609
10092 1609 211 1000 1610
705 1011 225 1000 1610
10092 1610 217 1001 1611
10092 1611 207 1002 1612
10092 1612 206 1003 1613
10092 1615 212 1006 1616
10052 1618 208 1007 1617
10092 1616 207 1007 1617
10092 1617 216 1008 1618
705 1019 227 1008 1618
10052 1620 211 1009 1619
10092 1618 205 1009 1619
705 1020 225 1009 1619
10052 1621 212 1010 1620
10092 1619 212 1010 1620
10171 1621 205 1010 1620
10168 1616 205 1011 1621
10052 1622 214 1011 1621
10092 1620 207 1011 1621
10052 1623 214 1012 1622
10052 1624 217 1013 1623
10092 1622 215 1013 1623
705 1024 231 1013 1623
10092 1623 212 1014 1624
10171 1625 206 1014 1624
10052 1626 217 1015 1625
10092 1624 205 1015 1625
10092 1625 222 1016 1626
705 1027 237 1016 1626
10092 1626 221 1017 1627
10052 1629 207 1018 1628
705 1031 221 1020 1630
10092 1630 211 1021 1631
10092 1631 207 1022 1632
10052 1634 208 1023 1633
10092 1632 209 1023 1633
10052 1635 207 1024 1634
10092 1634 210 1025 1635
10092 1635 213 1026 1636
10052 1638 207 1027 1637
10092 1636 219 1027 1637
10168 1633 205 1028 1638
10052 1639 211 1028 1638
10092 1637 219 1028 1638
10052 1640 206 1029 1639
10092 1639 210 1030 1640
10052 1642 207 1031 1641
10092 1640 206 1031 1641
10168 1637 206 1032 1642
10052 1643 206 1032 1642
10092 1641 206 1032 1642
10168 1638 208 1033 1643
10052 1644 205 1033 1643
10171 1644 205 1033 1643
10052 1645 215 1034 1644
10092 1643 215 1034 1644
739 686 235 1034 1644
705 1045 227 1034 1644
10168 1640 211 1035 1645
10052 1646 211 1035 1645
10092 1644 210 1035 1645
705 1046 221 1035 1645
10168 1641 210 1036 1646
10052 1647 223 1036 1646
705 1047 226 1036 1646
10171 1647 209 1036 1646
10052 1648 211 1037 1647
10092 1646 219 1037 1647
705 1048 226 1037 1647
10052 1649 205 1038 1648
10092 1647 209 1038 1648
10092 1648 210 1039 1649
705 1050 221 1039 1649
10092 1649 207 1040 1650
705 1051 239 1040 1650
10168 1646 208 1041 1651
182 1 235 1041 1651
705 1052 223 1041 1651
10052 1653 211 1042 1652
10092 1651 213 1042 1652
182 2 235 1042 1652
10171 1653 205 1042 1652
10052 1654 211 1043 1653
10092 1652 209 1043 1653
10052 1655 206 1044 1654
10092 1653 209 1044 1654
10168 1650 210 1045 1655
10052 1656 211 1045 1655
10092 1654 221 1045 1655
182 5 237 1045 1655
705 1056 226 1045 1655
10168 1651 208 1046 1656
182 6 235 1046 1656
10171 1657 206 1046 1656
10168 1652 207 1047 1657
10052 1658 213 1047 1657
10092 1656 215 1047 1657
182 7 236 1047 1657
10171 1658 206 1047 1657
10052 1659 206 1048 1658
10092 1657 211 1048 1658
182 8 238 1048 1658
705 1059 223 1048 1658
10052 1660 213 1049 1659
10092 1658 214 1049 1659
739 701 221 1049 1659
182 9 235 1049 1659
705 1060 227 1049 1659
10052 1661 207 1050 1660
705 1061 221 1050 1660
10171 1661 209 1050 1660
10092 1660 209 1051 1661
10092 1661 215 1052 1662
705 1063 242 1052 1662
10168 1658 212 1053 1663
10052 1664 205 1053 1663
10092 1662 211 1053 1663
705 1064 247 1053 1663
10171 1664 205 1053 1663
10168 1659 207 1054 1664
10052 1665 211 1054 1664
10092 1663 213 1054 1664
739 706 221 1054 1664
705 1065 221 1054 1664
10052 1666 205 1055 1665
10092 1664 216 1055 1665
10168 1661 208 1056 1666
10092 1665 206 1056 1666
739 708 228 1056 1666
10092 1666 210 1057 1667
10168 1663 208 1058 1668
10092 1667 208 1058 1668
739 710 225 1058 1668
705 1069 233 1058 1668
10171 1669 205 1058 1668
10168 1664 209 1059 1669
10092 1668 215 1059 1669
739 711 247 1059 1669
10052 1671 208 1060 1670
10092 1669 214 1060 1670
10168 1666 209 1061 1671
10092 1670 210 1061 1671
10092 1672 206 1063 1673
10092 1673 210 1064 1674
10092 1674 209 1065 1675
10168 1671 205 1066 1676
739 718 221 1066 1676
10168 1672 205 1067 1677
10052 1678 205 1067 1677
10092 1676 217 1067 1677
182 17 223 1068 1678
10052 1679 208 1068 1678
10092 1677 217 1068 1678
705 1079 229 1068 1678
10092 1678 208 1069 1679
10052 1681 210 1070 1680
10052 1682 205 1071 1681
10052 1683 209 1072 1682
10092 1681 207 1072 1682
739 724 227 1072 1682
705 1083 221 1072 1682
10092 1682 214 1073 1683
705 1084 223 1073 1683
10092 1683 209 1074 1684
10092 1684 205 1075 1685
705 1086 237 1075 1685
10052 1687 207 1076 1686
10092 1685 225 1076 1686
705 1087 224 1076 1686
10168 1682 208 1077 1687
10052 1688 209 1077 1687
10092 1686 219 1077 1687
10171 1688 210 1077 1687
10168 1683 219 1078 1688
10064 1686 205 1078 1688
10052 1689 211 1078 1688
10092 1687 209 1078 1688
10171 1689 209 1078 1688
10168 1684 206 1079 1689
10106 1687 207 1080 1690
10076 1686 215 1081 1691
10055 1690 212 1081 1691
10173 1686 222 1081 1691
10106 1688 221 1081 1691
10040 1685 207 1082 1692
10076 1687 223 1082 1692
10055 1691 213 1082 1692
10018 1018 211 1082 1692
10140 1687 206 1082 1692
10106 1689 220 1082 1692
10040 1686 208 1083 1693
10076 1688 207 1083 1693
10055 1692 213 1083 1693
10018 1019 228 1083 1693
10098 1689 212 1083 1693
10140 1688 208 1083 1693
10084 1686 214 1083 1693
10158 1687 207 1083 1693
10173 1688 206 1083 1693
10018 1020 207 1084 1694
10084 1687 221 1084 1694
10084 1688 219 1085 1695
521 149 236 1088 1698
10018 1029 209 1093 1703
10140 1698 206 1093 1703
10084 1696 237 1093 1703
44 664 225 1093 1703
10158 1697 207 1093 1703
10018 1030 205 1094 1704
10084 1697 215 1094 1704
10018 1031 205 1095 1705
10140 1700 207 1095 1705
10084 1698 213 1095 1705
44 666 229 1095 1705
10158 1699 213 1095 1705
10018 1032 206 1096 1706
10084 1699 219 1096 1706
10018 1039 206 1103 1713
10140 1708 206 1103 1713
10084 1706 233 1103 1713
10158 1707 209 1103 1713
10018 1040 217 1104 1714
10098 1710 206 1104 1714
10140 1709 206 1104 1714
10084 1707 233 1104 1714
10158 1708 211 1104 1714
643 790 239 1104 1714
10055 1714 209 1105 1715
10018 1041 219 1105 1715
10098 1711 209 1105 1715
249 38 221 1105 1715
10076 1711 205 1106 1716
10055 1715 219 1106 1716
10018 1042 225 1106 1716
10098 1712 210 1106 1716
10140 1711 204 1106 1716
10084 1709 211 1106 1716
10158 1710 205 1106 1716
10173 1711 214 1106 1716
10106 1713 223 1106 1716
10004 1712 208 1107 1717
10076 1712 210 1107 1717
10018 1043 224 1107 1717
10098 1713 221 1107 1717
10158 1711 206 1107 1717
10018 1044 212 1108 1718
10098 1714 231 1108 1718
201 1191 223 1108 1718
10140 1713 206 1108 1718
10078 1717 212 1109 1719
10106 1716 205 1109 1719
10040 1713 220 1110 1720
10078 1718 204 1110 1720
10055 1719 206 1110 1720
10040 1714 209 1111 1721
10078 1719 212 1111 1721
10055 1720 206 1111 1721
10106 1718 208 1111 1721
10040 1715 208 1112 1722
10078 1720 209 1112 1722
10106 1719 219 1112 1722
10040 1716 206 1113 1723
10078 1721 212 1113 1723
10106 1720 210 1113 1723
10040 1717 210 1114 1724
10076 1719 205 1114 1724
10078 1722 217 1114 1724
10106 1721 209 1114 1724
10040 1718 210 1115 1725
10078 1723 219 1115 1725
10106 1722 207 1115 1725
10040 1719 220 1116 1726
10078 1724 221 1116 1726
10106 1723 208 1116 1726
10040 1720 217 1117 1727
10078 1725 217 1117 1727
693 5 223 1118 1728
10040 1721 221 1118 1728
10078 1726 213 1118 1728
10040 1722 217 1119 1729
10078 1727 205 1119 1729
693 7 221 1120 1730
10040 1723 212 1120 1730
10078 1728 211 1120 1730
10106 1727 205 1120 1730
10040 1724 219 1121 1731
10078 1729 209 1121 1731
10106 1728 219 1121 1731
10040 1725 209 1122 1732
10076 1727 207 1122 1732
10106 1729 219 1122 1732
10076 1728 206 1123 1733
10106 1730 210 1123 1733
10106 1731 216 1124 1734
10040 1728 205 1125 1735
10076 1730 206 1125 1735
10106 1732 219 1125 1735
693 13 221 1125 1735
10040 1729 209 1126 1736
10078 1734 206 1126 1736
10106 1733 219 1126 1736
693 14 226 1126 1736
10040 1730 208 1127 1737
10055 1736 205 1127 1737
10106 1734 215 1127 1737
693 15 226 1127 1737
10040 1731 209 1128 1738
10106 1735 220 1128 1738
10040 1732 208 1129 1739
693 17 227 1129 1739
10040 1733 221 1130 1740
10078 1738 204 1130 1740
10106 1737 209 1130 1740
10076 1736 206 1131 1741
10040 1735 211 1132 1742
10078 1740 209 1132 1742
10106 1739 205 1132 1742
10040 1736 208 1133 1743
10078 1741 221 1133 1743
10106 1740 207 1133 1743
10040 1737 217 1134 1744
10078 1742 221 1134 1744
10040 1738 208 1135 1745
10106 1742 208 1135 1745
10040 1739 218 1136 1746
10106 1743 205 1136 1746
10040 1740 207 1137 1747
10078 1745 205 1137 1747
10106 1744 207 1137 1747
10040 1741 212 1138 1748
10040 1742 207 1139 1749
10040 1743 222 1140 1750
44 10 222 1140 1750
693 28 233 1140 1750
10040 1744 221 1141 1751
693 29 227 1141 1751
10040 1745 218 1142 1752
10106 1749 205 1142 1752
10040 1746 214 1143 1753
10106 1750 211 1143 1753
10040 1747 219 1144 1754
10106 1751 211 1144 1754
693 32 224 1144 1754
10106 1752 210 1145 1755
693 33 228 1145 1755
10040 1749 208 1145 1755
10106 1753 210 1146 1756
693 34 229 1146 1756
10040 1750 206 1146 1756
10106 1754 210 1147 1757
693 35 230 1147 1757
10040 1751 219 1148 1758
10040 1752 218 1148 1758
693 37 245 1149 1759
10040 1753 221 1150 1760
10040 1754 221 1151 1761
10040 1755 205 1152 1762
10106 1759 208 1152 1762
10040 1756 213 1152 1762
10106 1760 207 1153 1763
10040 1757 217 1154 1764
10106 1761 217 1154 1764
10040 1758 219 1155 1765
10078 1763 209 1155 1765
10040 1759 226 1156 1766
521 217 229 1156 1766
10040 1760 215 1157 1767
10055 1766 206 1157 1767
521 218 231 1157 1767
10106 1764 205 1157 1767
10076 1763 205 1158 1768
44 28 226 1158 1768
521 219 223 1158 1768
10106 1765 207 1158 1768
10040 1762 219 1159 1769
44 29 230 1159 1769
521 220 233 1159 1769
10040 1763 223 1160 1770
10106 1767 209 1160 1770
10040 1764 221 1161 1771
10078 1769 214 1161 1771
693 49 236 1161 1771
10040 1765 212 1162 1772
44 32 229 1162 1772
10055 1771 207 1162 1772
10106 1769 206 1162 1772
693 50 223 1162 1772
10040 1766 205 1163 1773
521 224 225 1163 1773
693 51 231 1163 1773
693 52 223 1164 1774
44 35 223 1165 1775
693 53 223 1165 1775
182 1 225 1166 1776
521 227 225 1166 1776
693 54 229 1166 1776
10040 1770 208 1167 1777
521 228 223 1167 1777
693 55 223 1167 1777
10040 1771 209 1168 1778
44 39 222 1169 1779
521 230 223 1169 1779
44 40 223 1170 1780
693 58 221 1170 1780
44 41 221 1171 1781
521 232 223 1171 1781
10040 1775 207 1172 1782
44 42 225 1172 1782
521 233 223 1172 1782
44 44 227 1174 1784
693 62 225 1174 1784
44 45 224 1175 1785
693 63 225 1175 1785
44 46 224 1176 1786
44 47 225 1177 1787
44 48 227 1178 1788
10040 1782 206 1178 1788
10078 1787 208 1179 1789
643 865 221 1179 1789
10040 1783 211 1179 1789
10078 1788 209 1180 1790
643 867 221 1181 1791
10078 1790 208 1182 1792
643 868 227 1182 1792
10078 1791 208 1183 1793
44 53 231 1183 1793
10078 1792 205 1184 1794
44 54 225 1184 1794
10040 1788 206 1184 1794
10078 1793 207 1185 1795
44 55 223 1185 1795
693 73 221 1185 1795
44 56 224 1186 1796
693 75 225 1187 1797
44 58 224 1188 1798
643 874 227 1188 1798
10040 1792 208 1188 1798
10078 1797 205 1189 1799
44 59 226 1189 1799
10040 1793 212 1189 1799
10040 1794 209 1190 1800
10040 1795 208 1192 1802
182 27 221 1192 1802
10078 1800 205 1192 1802
44 62 238 1192 1802
706 256 223 1192 1802
643 878 227 1192 1802
10040 1796 221 1193 1803
693 80 227 1193 1803
182 28 227 1193 1803
44 63 229 1193 1803
16 785 227 1193 1803
10106 1800 206 1193 1803
643 879 225 1194 1804
693 81 229 1194 1804
768 1167 221 1194 1804
182 29 227 1194 1804
44 64 233 1194 1804
10040 1798 213 1195 1805
768 1168 222 1195 1805
182 30 227 1195 1805
44 65 231 1195 1805
10040 1799 210 1196 1806
693 83 222 1196 1806
643 881 221 1196 1806
768 1169 221 1196 1806
182 31 225 1196 1806
44 66 235 1196 1806
10040 1800 214 1197 1807
693 84 225 1197 1807
182 32 227 1197 1807
44 67 223 1197 1807
10040 1801 222 1198 1808
693 85 221 1198 1808
44 69 223 1199 1809
10040 1803 212 1200 1810
693 88 225 1201 1811
10040 1804 213 1201 1811
44 71 224 1201 1811
10106 1815 215 1208 1818
10040 1812 211 1208 1818
10158 1813 209 1209 1819
10106 1816 221 1209 1819
10140 1815 210 1210 1820
10106 1817 211 1210 1820
10040 1814 207 1210 1820
182 46 223 1211 1821
44 81 227 1211 1821
51 1329 221 1211 1821
10040 1815 209 1211 1821
44 82 223 1212 1822
10040 1816 210 1212 1822
693 100 227 1213 1823
44 83 235 1213 1823
16 805 222 1213 1823
10040 1817 219 1213 1823
44 84 235 1214 1824
10040 1818 221 1214 1824
10078 1823 208 1215 1825
44 85 225 1215 1825
10040 1819 219 1215 1825
10078 1824 207 1216 1826
44 86 235 1216 1826
51 1334 225 1216 1826
10040 1820 216 1216 1826
693 104 243 1217 1827
182 52 222 1217 1827
51 1335 222 1217 1827
706 281 221 1217 1827
10106 1824 207 1217 1827
10040 1821 216 1217 1827
693 105 237 1218 1828
10078 1826 206 1218 1828
182 53 235 1218 1828
51 1336 221 1218 1828
16 810 227 1218 1828
10040 1822 221 1218 1828
693 106 233 1218 1828
182 54 223 1219 1829
10106 1826 207 1219 1829
10040 1823 218 1219 1829
693 107 237 1220 1830
182 55 225 1220 1830
10106 1827 212 1220 1830
10040 1824 213 1220 1830
693 108 235 1220 1830
705 1232 222 1221 1831
10078 1829 207 1221 1831
182 56 235 1221 1831
10055 1830 205 1221 1831
10106 1828 212 1221 1831
10040 1825 215 1221 1831
693 109 233 1222 1832
10078 1830 206 1222 1832
182 57 237 1222 1832
706 286 221 1222 1832
10106 1829 208 1222 1832
16 814 224 1222 1832
10040 1826 214 1222 1832
705 1234 224 1223 1833
44 93 227 1223 1833
182 58 237 1223 1833
51 1341 227 1223 1833
10106 1830 213 1223 1833
16 815 234 1223 1833
10040 1827 215 1223 1833
693 111 232 1223 1833
705 1235 229 1224 1834
44 94 235 1224 1834
10078 1832 210 1224 1834
182 59 235 1224 1834
51 1342 221 1224 1834
10106 1831 215 1224 1834
16 816 233 1224 1834
10040 1828 218 1224 1834
693 112 241 1225 1835
705 1236 233 1225 1835
44 95 240 1225 1835
182 60 234 1225 1835
10078 1833 208 1225 1835
10106 1832 209 1225 1835
16 817 221 1225 1835
10040 1829 221 1226 1836
693 113 240 1226 1836
705 1237 231 1226 1836
44 96 237 1226 1836
10078 1834 207 1226 1836
182 61 235 1226 1836
10098 1832 206 1226 1836
10106 1833 211 1226 1836
16 818 221 1226 1836
643 912 230 1226 1836
10040 1830 218 1227 1837
693 114 229 1227 1837
705 1238 233 1227 1837
44 97 245 1227 1837
10078 1835 206 1227 1837
182 62 235 1227 1837
706 291 221 1227 1837
10106 1834 205 1227 1837
16 819 225 1227 1837
643 913 233 1227 1837
10040 1831 223 1228 1838
693 115 243 1228 1838
705 1239 228 1228 1838
44 98 228 1228 1838
182 63 233 1228 1838
10106 1835 208 1228 1838
643 914 233 1228 1838
10040 1832 206 1229 1839
693 116 245 1229 1839
705 1240 226 1229 1839
44 99 231 1229 1839
182 64 233 1229 1839
10055 1838 205 1229 1839
643 915 233 1229 1839
10040 1833 220 1230 1840
693 117 239 1230 1840
705 1241 225 1230 1840
44 100 239 1230 1840
182 65 233 1230 1840
10040 1834 207 1231 1841
693 118 235 1231 1841
44 101 233 1231 1841
182 66 226 1231 1841
706 295 222 1231 1841
693 119 235 1232 1842
44 102 226 1232 1842
182 67 231 1232 1842
706 296 225 1232 1842
739 99 228 1232 1842
10040 1836 224 1233 1843
693 120 235 1233 1843
44 103 235 1233 1843
10078 1841 206 1233 1843
182 68 231 1233 1843
10106 1840 206 1233 1843
739 100 226 1233 1843
10040 1837 213 1234 1844
693 121 240 1234 1844
44 104 237 1234 1844
10078 1842 207 1234 1844
182 69 223 1234 1844
10055 1843 206 1234 1844
10106 1841 207 1234 1844
10040 1838 206 1235 1845
693 122 240 1235 1845
44 105 241 1235 1845
10078 1843 210 1235 1845
10106 1842 210 1235 1845
10040 1839 208 1236 1846
693 123 236 1236 1846
44 106 241 1236 1846
10078 1844 209 1236 1846
10055 1845 205 1236 1846
10106 1843 208 1236 1846
739 103 223 1236 1846
10040 1840 205 1237 1847
693 124 233 1237 1847
705 1248 225 1237 1847
44 107 243 1237 1847
10078 1845 207 1237 1847
182 72 233 1237 1847
10106 1844 211 1237 1847
739 104 225 1237 1847
10040 1841 217 1238 1848
693 125 236 1238 1848
705 1249 224 1238 1848
10078 1846 207 1238 1848
44 108 243 1238 1848
10055 1847 205 1238 1848
10106 1845 215 1238 1848
739 105 227 1238 1848
10040 1842 219 1239 1849
693 126 237 1239 1849
705 1250 225 1239 1849
44 109 246 1239 1849
10078 1847 208 1239 1849
182 74 225 1239 1849
10055 1848 207 1239 1849
10106 1846 213 1239 1849
10040 1843 218 1240 1850
693 127 231 1240 1850
44 110 244 1240 1850
10106 1847 209 1240 1850
10040 1844 217 1241 1851
693 128 231 1241 1851
44 111 238 1241 1851
182 76 221 1241 1851
10106 1848 211 1241 1851
10040 1845 215 1242 1852
693 129 235 1242 1852
10078 1850 206 1242 1852
44 112 241 1242 1852
10055 1851 206 1242 1852
10106 1849 210 1242 1852
10040 1846 213 1243 1853
693 130 235 1243 1853
44 113 241 1243 1853
10078 1851 207 1243 1853
182 78 223 1243 1853
10055 1852 206 1243 1853
10106 1850 211 1243 1853
10040 1847 212 1243 1853
693 131 230 1244 1854
44 114 237 1244 1854
10078 1852 205 1244 1854
182 79 221 1244 1854
10106 1851 207 1244 1854
739 111 224 1244 1854
10040 1848 219 1244 1854
693 132 232 1245 1855
44 115 239 1245 1855
182 80 226 1245 1855
10106 1852 205 1245 1855
10040 1849 210 1245 1855
693 133 233 1246 1856
44 116 221 1246 1856
182 81 235 1246 1856
10106 1853 210 1246 1856
10040 1850 213 1246 1856
693 134 231 1247 1857
10078 1855 210 1247 1857
182 82 234 1247 1857
10106 1854 206 1247 1857
10040 1851 214 1248 1858
693 135 239 1248 1858
44 118 228 1248 1858
182 83 235 1248 1858
10055 1857 206 1248 1858
10106 1855 207 1248 1858
10040 1852 219 1249 1859
44 119 233 1249 1859
182 84 234 1249 1859
10055 1858 207 1249 1859
10106 1856 208 1249 1859
10040 1853 213 1249 1859
693 137 237 1250 1860
768 1223 221 1250 1860
44 120 223 1250 1860
10078 1858 207 1250 1860
10055 1859 207 1250 1860
182 85 233 1250 1860
10106 1857 209 1250 1860
10040 1854 215 1250 1860
693 138 235 1251 1861
10078 1859 207 1251 1861
10055 1860 208 1251 1861
182 86 233 1251 1861
10106 1858 207 1251 1861
10040 1855 213 1252 1862
693 139 229 1252 1862
44 122 222 1252 1862
10078 1860 207 1252 1862
10055 1861 207 1252 1862
182 87 233 1252 1862
10106 1859 208 1252 1862
10040 1856 222 1252 1862
693 140 230 1253 1863
44 123 227 1253 1863
182 88 235 1253 1863
10055 1862 206 1253 1863
10106 1860 206 1253 1863
10040 1857 220 1253 1863
693 141 233 1254 1864
44 124 229 1254 1864
10078 1862 210 1254 1864
182 89 231 1254 1864
10055 1863 206 1254 1864
10106 1861 211 1254 1864
10040 1858 215 1254 1864
693 142 239 1255 1865
44 125 228 1255 1865
182 90 236 1255 1865
643 941 231 1255 1865
10040 1859 218 1255 1865
693 143 236 1256 1866
44 126 225 1256 1866
10040 1860 209 1256 1866
10106 1864 208 1257 1867
10040 1861 218 1257 1867
10040 1862 208 1258 1868
10040 1863 209 1259 1869
10106 1867 205 1260 1870
10040 1864 206 1260 1870
10106 1868 205 1261 1871
10040 1867 207 1263 1873
10040 1871 206 1267 1877
10106 1875 211 1268 1878
705 1280 224 1269 1879
10106 1876 208 1269 1879
705 1281 227 1270 1880
10106 1877 208 1270 1880
10040 1874 208 1270 1880
705 1282 236 1271 1881
10106 1878 211 1271 1881
705 1283 234 1272 1882
10040 1876 208 1272 1882
10078 1881 209 1273 1883
10018 1209 205 1273 1883
10106 1880 208 1273 1883
10078 1882 209 1274 1884
10040 1879 208 1275 1885
10106 1883 205 1276 1886
10040 1880 213 1276 1886
10018 1214 210 1278 1888
705 1292 231 1281 1891
10018 1217 213 1281 1891
10084 1884 221 1281 1891
10084 1886 205 1283 1893
10158 1887 205 1283 1893
705 1295 225 1284 1894
10018 1220 211 1284 1894
10018 1221 206 1285 1895
10084 1888 209 1285 1895
10084 1889 227 1286 1896
10018 1223 210 1287 1897
10084 1890 217 1287 1897
10084 1893 205 1290 1900
10076 1898 217 1293 1903
10092 1908 205 1298 1908
10092 1913 205 1303 1913
10168 1913 205 1307 1917
693 195 231 1307 1917
10092 1917 219 1307 1917
10052 1921 206 1309 1919
10092 1919 213 1309 1919
10092 1920 209 1310 1920
10092 1925 218 1315 1925
10092 1927 207 1317 1927
10092 1929 214 1320 1930
693 207 221 1320 1930
693 208 225 1321 1931
10092 1930 214 1321 1931
643 1007 225 1321 1931
10092 1932 208 1323 1933
705 1335 225 1324 1934
10092 1934 204 1325 1935
705 1336 221 1325 1935
10092 1935 208 1326 1936
705 1337 222 1326 1936
10092 1937 205 1328 1938
705 1339 227 1328 1938
10092 1938 205 1329 1939
705 1341 236 1330 1940
705 1342 230 1331 1941
10092 1942 213 1333 1943
10092 1943 207 1334 1944
643 1026 222 1340 1950
10092 1952 208 1343 1953
10092 1953 204 1344 1954
643 1035 224 1349 1959
643 1040 226 1354 1964
643 1041 227 1355 1965
643 1042 224 1356 1966
10092 1967 206 1358 1968
10092 1969 206 1360 1970
10092 1972 206 1363 1973
10092 1977 219 1368 1978
10092 1979 207 1370 1980
10092 1981 226 1372 1982
10092 1983 212 1374 1984
705 1385 221 1374 1984
10052 1986 210 1375 1985
10171 1986 221 1375 1985
10106 1984 210 1377 1987
10076 1983 213 1378 1988
10055 1987 216 1378 1988
10106 1985 212 1378 1988
10040 1982 216 1379 1989
10018 1315 211 1379 1989
10098 1985 227 1379 1989
