10171 680 208 0 679
10052 681 214 0 679
10171 681 209 1 680
10052 682 219 1 680
10052 683 224 2 681
10052 684 218 3 682
10052 685 214 4 683
10052 686 212 5 684
10052 687 212 6 685
10171 687 213 7 686
10052 688 214 7 686
10052 689 217 8 687
215 2 226 8 687
265 2 223 9 688
10052 690 225 9 688
265 3 233 10 689
215 4 225 10 689
10092 689 209 10 689
265 4 234 11 690
10052 692 212 11 690
265 5 229 12 691
10171 692 210 12 691
10052 693 212 12 691
215 6 229 12 691
10052 694 221 13 692
215 7 227 13 692
10171 694 211 14 693
10052 695 213 14 693
215 9 225 15 694
10052 697 218 16 695
215 10 239 16 695
265 10 227 17 696
10171 697 209 17 696
119 1 233 17 696
10052 698 217 17 696
265 11 221 18 697
10171 698 209 18 697
119 2 223 18 697
10052 699 221 18 697
215 12 222 18 697
265 12 224 19 698
10052 700 218 19 698
215 13 225 19 698
265 13 221 20 699
119 4 221 20 699
10052 701 216 20 699
215 14 221 20 699
119 5 226 21 700
252 6 229 21 700
10052 702 223 21 700
215 15 241 21 700
286 3 221 21 700
265 15 226 22 701
10171 702 211 22 701
119 6 225 22 701
10052 703 218 22 701
215 16 233 22 701
10092 701 208 22 701
119 7 225 23 702
59 13 223 23 702
215 17 228 23 702
265 17 234 24 703
10052 705 217 24 703
215 19 222 25 704
10052 706 209 25 704
265 19 222 26 705
10171 706 210 26 705
252 11 236 26 705
119 10 221 26 705
59 16 221 26 705
10052 707 211 26 705
215 20 224 26 705
265 20 221 27 706
119 11 221 27 706
10052 708 219 27 706
215 21 231 27 706
10171 708 207 28 707
119 12 223 28 707
215 22 225 28 707
10052 709 221 28 707
119 13 225 29 708
10052 710 219 29 708
215 23 224 29 708
21 2 231 29 708
252 15 225 30 709
119 14 224 30 709
10052 711 223 30 709
10092 709 207 30 709
21 3 228 30 709
265 24 222 31 710
252 16 226 31 710
215 25 225 31 710
10052 712 217 31 710
21 4 229 31 710
286 13 233 31 710
265 25 222 32 711
252 17 227 32 711
10052 713 212 32 711
215 26 221 32 711
286 14 222 32 711
265 26 223 32 711
252 18 221 33 712
119 17 223 33 712
10052 714 216 33 712
215 27 225 33 712
21 6 228 33 712
286 15 221 33 712
252 19 223 34 713
119 18 221 34 713
10052 715 217 34 713
215 28 223 34 713
21 7 224 34 713
252 20 225 35 714
119 19 227 35 714
10052 716 210 35 714
10092 714 209 35 714
215 29 226 35 714
21 8 224 35 714
252 21 225 36 715
10052 717 212 36 715
10092 715 209 36 715
215 30 222 36 715
286 18 223 37 716
119 21 221 37 716
10052 718 219 37 716
21 10 221 37 716
10052 719 211 38 717
21 11 223 38 717
10052 720 212 39 718
21 12 225 39 718
119 24 221 40 719
10052 721 214 40 719
21 13 222 40 719
119 25 222 41 720
10052 722 215 41 720
215 35 222 41 720
119 26 226 42 721
10052 723 216 42 721
21 15 223 42 721
252 28 225 43 722
119 27 224 43 722
10052 724 210 43 722
21 16 226 43 722
252 29 221 44 723
119 28 227 44 723
10052 725 207 44 723
215 38 221 44 723
119 29 227 45 724
252 30 223 45 724
10052 726 215 45 724
215 39 221 45 724
21 18 222 45 724
119 30 221 46 725
10052 727 209 46 725
119 31 231 47 726
10052 728 226 47 726
10092 726 208 47 726
21 20 226 47 726
10052 729 223 48 727
215 42 235 48 727
21 21 227 48 727
119 1 222 49 728
10052 730 213 49 728
215 43 236 49 728
21 22 229 49 728
286 31 221 49 728
119 2 225 50 729
10171 730 212 50 729
215 44 227 50 729
21 23 231 50 729
286 32 223 50 729
119 3 224 51 730
10052 732 208 51 730
215 45 221 51 730
265 45 225 51 730
21 24 226 51 730
10052 733 213 52 731
21 25 228 52 731
10171 733 210 53 732
10052 734 221 53 732
215 47 223 53 732
21 26 233 53 732
119 6 231 54 733
10171 734 212 54 733
252 39 231 54 733
59 44 225 54 733
10052 735 225 54 733
215 48 240 54 733
265 48 230 54 733
286 36 231 54 733
119 7 239 55 734
10171 735 211 55 734
252 40 234 55 734
10052 736 223 55 734
21 28 222 55 734
119 8 225 56 735
10052 737 221 56 735
265 50 221 56 735
21 29 233 56 735
286 38 222 56 735
252 42 222 57 736
10052 738 221 57 736
21 30 228 57 736
265 51 224 57 736
286 39 225 57 736
119 10 231 58 737
10052 739 228 58 737
21 31 230 58 737
119 11 225 59 738
10052 740 216 59 738
215 53 221 59 738
21 32 225 59 738
286 41 224 59 738
119 12 227 60 739
10052 741 219 60 739
215 54 221 60 739
265 54 221 60 739
21 33 230 60 739
119 13 226 61 740
10052 742 218 61 740
215 55 223 61 740
21 34 227 61 740
265 55 221 61 740
119 14 221 62 741
215 56 224 62 741
21 35 241 62 741
119 15 223 63 742
21 36 238 63 742
10052 745 225 64 743
10092 743 208 64 743
215 58 222 64 743
21 37 229 64 743
286 46 223 64 743
119 17 227 65 744
10052 746 219 65 744
21 38 231 65 744
215 59 222 65 744
265 59 222 65 744
286 47 221 65 744
119 18 224 66 745
10171 746 221 66 745
252 51 221 66 745
10052 747 218 66 745
215 60 228 66 745
265 60 225 66 745
286 48 229 66 745
119 19 222 67 746
10171 747 212 67 746
10052 748 223 67 746
21 40 226 67 746
215 61 238 67 746
119 20 225 68 747
10052 749 211 68 747
21 41 227 68 747
21 42 227 69 748
215 63 221 69 748
10052 751 209 70 749
21 43 228 70 749
21 44 231 71 750
21 45 228 72 751
215 66 221 72 751
21 46 229 73 752
21 47 230 74 753
21 48 232 75 754
10092 755 207 76 755
21 49 226 76 755
265 70 221 76 755
21 50 227 77 756
10092 757 207 78 757
21 51 227 78 757
10171 759 207 79 758
10052 760 221 79 758
215 73 227 79 758
21 52 227 79 758
286 61 223 79 758
10171 760 212 80 759
10052 761 223 80 759
215 74 225 80 759
21 53 227 80 759
119 33 223 81 760
10171 761 213 81 760
10052 762 223 81 760
21 54 227 81 760
119 34 221 82 761
10052 763 208 82 761
10052 764 218 83 762
215 77 221 83 762
286 65 221 83 762
119 36 223 84 763
10171 764 210 84 763
10052 765 210 84 763
21 57 225 84 763
215 78 223 84 763
119 37 225 85 764
10171 765 211 85 764
10052 766 212 85 764
215 79 223 85 764
119 38 226 86 765
10171 766 216 86 765
10052 767 215 86 765
119 39 223 87 766
10171 767 211 87 766
10052 768 220 87 766
21 60 224 87 766
10171 768 214 88 767
10052 769 218 88 767
215 82 221 88 767
21 61 222 88 767
10171 769 215 89 768
10052 770 210 89 768
21 65 222 92 771
10052 774 208 93 772
21 66 221 93 772
21 67 221 94 773
286 76 223 94 773
10052 776 213 95 774
10052 777 211 96 775
21 69 228 96 775
21 70 225 97 776
215 91 225 97 776
286 79 221 97 776
10171 778 211 98 777
10052 779 222 98 777
215 92 230 98 777
10171 779 211 99 778
10052 780 223 99 778
215 93 222 99 778
119 52 224 100 779
10171 780 213 100 779
10052 781 225 100 779
215 94 224 100 779
265 94 226 101 780
10171 781 212 101 780
10052 782 222 101 780
215 95 222 101 780
265 95 224 102 781
119 54 229 102 781
10171 782 212 102 781
10052 783 219 102 781
215 96 228 102 781
119 55 227 103 782
10052 784 213 103 782
10052 785 220 104 783
10171 785 212 105 784
252 90 239 105 784
10052 786 227 105 784
252 91 231 106 785
10052 787 211 106 785
148 88 221 106 785
10054 786 220 107 786
10052 788 212 107 786
10092 786 208 107 786
483 103 229 107 786
10094 785 211 107 786
10068 791 210 107 786
10069 784 215 107 786
14 83 222 107 786
10027 786 224 108 787
10054 787 209 108 787
10064 786 231 108 787
10094 786 212 108 787
10071 789 221 108 787
303 85 225 108 787
388 96 223 109 788
10080 791 232 109 788
10086 788 209 109 788
10083 788 209 109 788
10046 787 211 109 788
472 107 237 110 789
10080 792 216 110 789
10083 789 210 110 789
10046 788 209 110 789
472 108 232 111 790
10080 793 221 111 790
10071 792 211 111 790
10149 782 208 112 791
531 75 225 112 791
10087 791 212 112 791
10064 790 237 112 791
10094 790 222 112 791
10069 789 221 112 791
10071 793 209 112 791
10027 791 216 113 792
194 88 222 116 795
10116 785 211 116 795
10129 792 217 117 796
10143 789 213 117 796
10023 788 209 118 797
10147 785 208 118 797
10125 787 209 118 797
371 150 221 118 797
10112 786 210 118 797
10023 789 218 119 798
10147 786 218 119 798
10029 789 209 119 798
10126 732 208 119 798
10105 786 214 119 798
371 151 231 119 798
10112 787 208 119 798
10102 790 208 120 799
10147 787 210 120 799
10029 790 211 120 799
371 152 234 120 799
10129 796 208 121 800
10154 794 208 122 801
10106 799 214 123 802
10031 805 211 123 802
10106 800 217 124 803
10154 796 210 124 803
10040 797 213 124 803
10031 806 212 124 803
10085 804 209 124 803
10134 796 213 125 804
10092 804 207 125 804
10094 804 209 126 805
10171 807 213 127 806
10052 808 213 127 806
752 146 222 128 807
10052 809 212 128 807
10171 809 211 129 808
10052 810 215 129 808
10171 810 211 130 809
10052 811 212 130 809
10171 811 211 131 810
10052 812 212 131 810
10171 812 210 132 811
10052 813 210 132 811
10171 813 212 133 812
10052 814 214 133 812
10171 814 211 134 813
10052 815 213 134 813
10171 815 210 135 814
10052 816 213 135 814
10171 816 212 136 815
10052 817 214 136 815
10171 817 210 137 816
10052 818 211 137 816
10171 818 210 138 817
10052 819 213 138 817
10052 820 213 139 818
10171 820 209 140 819
10052 821 214 140 819
10171 821 209 141 820
10052 822 215 141 820
10052 823 227 142 821
10171 823 209 143 822
10052 824 216 143 822
10052 825 215 144 823
10052 826 215 145 824
10052 827 215 146 825
10052 828 215 147 826
10052 829 213 148 827
10171 829 210 149 828
10052 830 209 149 828
10055 829 208 150 829
10106 827 210 151 830
10031 833 218 151 830
10085 831 209 151 830
10154 824 219 152 831
10156 825 212 152 831
10095 824 210 152 831
10116 822 208 153 832
432 4 223 153 832
566 128 225 154 833
649 131 241 154 833
10038 835 208 154 833
432 5 235 154 833
10025 834 212 154 833
566 129 233 155 834
649 132 239 155 834
432 6 237 155 834
10025 835 208 155 834
649 133 241 156 835
432 7 224 156 835
566 131 231 157 836
10156 830 211 157 836
649 135 227 158 837
10154 830 209 158 837
10031 840 212 158 837
10156 831 207 158 837
10085 838 212 158 837
10156 832 212 159 838
10085 839 229 159 838
10074 831 216 160 839
10162 833 210 160 839
545 8 233 160 839
10081 832 220 161 840
10093 841 226 161 840
10162 834 226 161 840
10155 837 215 161 840
10006 838 210 161 840
10015 831 220 162 841
10157 835 210 162 841
493 132 221 162 841
10074 833 210 162 841
718 54 223 162 841
10162 835 219 162 841
10006 839 217 162 841
419 131 222 162 841
10162 836 221 163 842
10170 837 225 164 843
10158 838 211 165 844
10077 834 215 165 844
10144 839 211 165 844
10073 837 222 166 845
10081 838 222 167 846
10167 841 213 167 846
10157 840 217 167 846
10153 837 214 167 846
10142 840 218 167 846
10162 840 208 167 846
10097 839 219 167 846
10075 838 208 167 846
10077 837 210 168 847
10031 850 217 168 847
10093 849 222 169 848
10031 851 236 169 848
787 137 222 169 848
649 147 252 170 849
10093 850 210 170 849
10077 839 208 170 849
10031 852 221 170 849
10085 850 210 170 849
10093 851 223 171 850
375 72 227 171 850
10097 843 216 171 850
432 22 221 171 850
649 149 225 172 851
10093 852 224 172 851
10085 852 209 172 851
575 155 229 172 851
649 150 222 173 852
10093 853 213 173 852
10097 845 219 173 852
10031 855 210 173 852
575 156 234 173 852
649 151 226 174 853
10093 854 213 174 853
10097 846 213 174 853
10031 856 219 174 853
289 48 224 174 853
10085 854 211 174 853
432 25 231 174 853
649 152 247 175 854
10093 855 209 175 854
10031 857 216 175 854
10085 855 213 175 854
432 26 231 175 854
649 153 245 176 855
10093 856 213 176 855
10031 858 220 176 855
10085 856 231 176 855
649 154 234 177 856
10085 857 215 177 856
649 155 221 178 857
10154 850 221 178 857
10074 849 207 178 857
10156 851 213 178 857
10085 858 218 178 857
10095 850 221 178 857
151 165 224 179 858
10074 850 211 179 858
10167 854 214 180 859
10016 850 209 180 859
49 34 221 180 859
10124 849 218 180 859
10074 851 219 180 859
10156 853 215 180 859
10036 852 209 180 859
10095 852 210 180 859
10081 852 210 181 860
10093 861 213 181 860
10167 855 208 181 860
10153 851 212 181 860
10143 853 213 181 860
10162 854 208 181 860
10097 853 209 181 860
10075 852 226 182 861
10081 853 210 182 861
10167 856 219 182 861
10153 852 216 182 861
10143 854 210 182 861
710 128 223 182 861
10075 853 223 183 862
10015 852 208 183 862
10167 857 217 183 862
10153 853 223 183 862
697 167 236 183 862
10015 853 227 184 863
10081 855 208 184 863
10167 858 208 184 863
10153 854 209 184 863
10073 855 220 184 863
10143 856 211 184 863
10162 857 210 184 863
10097 856 213 184 863
10006 861 208 184 863
10073 856 219 185 864
10161 859 210 185 864
10145 858 217 185 864
10013 862 210 186 865
10145 859 219 187 866
10015 856 208 187 866
10111 855 212 187 866
10016 857 215 187 866
10153 857 215 187 866
10073 858 209 187 866
10143 859 233 187 866
10155 863 210 187 866
10145 860 224 188 867
10015 857 210 188 867
10016 858 209 188 867
10153 858 208 188 867
10143 860 218 188 867
10161 862 219 188 867
10155 864 216 188 867
10006 865 233 188 867
10015 858 219 189 868
10081 860 207 189 868
10016 859 224 189 868
10154 861 209 189 868
10143 861 219 189 868
10107 277 208 189 868
10014 860 226 189 868
10111 858 214 190 869
10016 860 225 190 869
10154 862 223 190 869
10166 872 221 190 869
10107 278 212 190 869
10036 862 209 190 869
10014 861 210 190 869
10116 859 220 190 869
10129 866 224 191 870
10130 861 216 191 870
432 42 233 191 870
10036 863 219 191 870
10115 865 212 191 870
10129 867 211 192 871
432 43 231 192 871
433 122 235 192 871
10129 868 210 193 872
566 167 223 193 872
649 170 241 193 872
432 44 225 193 872
433 123 239 193 872
10129 869 219 194 873
649 171 241 194 873
10116 863 211 194 873
10120 869 209 195 874
10023 866 210 196 875
10120 870 215 196 875
10029 866 215 196 875
10105 863 217 196 875
10112 864 210 196 875
10146 866 213 197 876
409 107 231 197 876
10016 868 211 198 877
10145 871 208 198 877
10131 867 214 201 880
10108 871 210 202 881
10108 872 211 203 882
10096 874 221 205 884
649 182 228 205 884
10096 875 211 206 885
649 183 231 206 885
10135 878 208 207 886
432 58 239 207 886
10135 879 211 208 887
649 185 225 208 887
432 59 226 208 887
10145 881 209 208 887
10143 881 210 209 888
432 60 222 209 888
10115 883 207 209 888
649 187 223 210 889
10166 892 210 210 889
10143 882 208 210 889
10129 886 214 211 890
10154 883 208 211 890
10085 891 212 211 890
10106 888 210 212 891
10031 894 208 212 891
10134 884 209 213 892
10009 889 210 213 892
10134 885 211 214 893
10009 890 210 214 893
497 197 224 215 894
10141 886 209 215 894
10088 889 233 215 894
610 128 225 216 895
10141 887 217 216 895
10088 890 231 216 895
410 195 248 216 895
522 204 221 217 896
10141 888 213 217 896
10128 891 213 218 897
10123 892 212 219 898
10062 895 210 219 898
10164 692 212 219 898
10164 693 226 220 899
10043 897 232 220 899
10164 694 212 221 900
10091 898 223 221 900
10043 898 208 221 900
674 140 221 222 901
10159 903 218 222 901
10123 896 210 223 902
10163 904 219 223 902
10062 899 211 223 902
10068 907 218 223 902
10138 896 213 224 903
10086 903 211 224 903
10052 905 208 224 903
10069 901 208 224 903
10087 904 217 225 904
10086 905 218 226 905
10086 906 209 227 906
10033 904 215 227 906
10067 902 207 227 906
10052 909 208 228 907
10068 912 225 228 907
10138 901 215 229 908
10101 902 212 230 909
10065 912 222 231 910
10134 903 215 232 911
10065 913 217 232 911
10101 904 212 232 911
10141 903 215 232 911
10088 906 215 232 911
489 159 222 232 911
10138 905 208 233 912
10062 909 211 233 912
10128 906 225 233 912
10067 908 212 233 912
10123 907 210 234 913
10138 906 207 234 913
649 211 223 234 913
539 95 225 234 913
10062 910 209 234 913
10164 707 221 234 913
10043 911 218 234 913
10063 911 215 235 914
10091 912 229 235 914
10070 911 210 235 914
10090 914 209 236 915
472 23 226 236 915
10039 911 228 236 915
432 26 221 236 915
10090 915 212 237 916
10047 917 221 238 917
432 28 236 238 917
649 216 230 239 918
10003 916 213 239 918
10002 765 223 239 918
10048 920 209 239 918
395 156 222 239 918
10172 913 215 239 918
432 29 234 239 918
427 237 223 239 918
10079 922 210 240 919
613 131 234 240 919
689 129 223 240 919
10047 919 209 240 919
649 217 239 240 919
10003 917 211 240 919
780 235 221 240 919
10002 766 230 240 919
10172 914 213 240 919
432 30 236 240 919
10079 923 208 241 920
10002 767 222 241 920
10048 922 213 241 920
10172 915 219 241 920
10035 921 210 241 920
432 31 233 241 920
10003 919 208 242 921
10035 922 210 242 921
10045 923 213 242 921
10021 920 214 242 921
10082 920 211 243 922
10028 922 220 243 922
10019 923 213 243 922
10045 924 223 243 922
10021 921 209 243 922
10066 924 217 244 923
10072 925 217 244 923
10082 921 219 244 923
10028 923 225 244 923
10020 922 217 244 923
10019 924 220 244 923
10045 925 211 244 923
10021 922 215 244 923
270 205 224 244 923
10066 925 217 245 924
10072 926 231 245 924
10082 922 210 245 924
10028 924 217 245 924
10020 923 221 245 924
10041 922 215 245 924
10019 925 218 245 924
10045 926 217 245 924
10049 926 211 245 924
10021 923 233 245 924
10066 926 221 246 925
425 107 221 246 925
10072 927 231 246 925
771 99 221 246 925
10151 924 212 246 925
10082 923 220 246 925
10041 923 230 246 925
10019 926 208 246 925
345 167 225 247 926
10011 925 216 247 926
368 169 221 247 926
10072 928 210 247 926
10151 925 213 247 926
10034 929 218 247 926
10041 924 210 247 926
10008 925 209 247 926
10152 929 216 247 926
284 236 227 248 927
10011 926 211 248 927
10152 930 210 248 927
432 38 229 248 927
649 226 245 249 928
10151 927 213 249 928
10019 929 213 249 928
10017 925 212 249 928
10152 931 208 249 928
432 39 233 249 928
10151 928 211 250 929
10082 927 213 250 929
10028 929 212 250 929
10022 931 211 250 929
10041 927 223 250 929
10019 930 222 250 929
10045 931 213 250 929
432 40 221 250 929
190 10 221 250 929
649 228 243 251 930
10066 931 208 251 930
10072 932 213 251 930
10082 928 218 251 930
10028 930 217 251 930
10019 931 227 251 930
10045 932 233 251 930
10049 932 221 251 930
190 11 223 251 930
10021 929 215 251 930
649 229 247 252 931
10072 933 224 252 931
10028 931 232 252 931
10041 929 210 252 931
10019 932 220 252 931
10049 933 209 252 931
432 42 224 252 931
649 230 239 253 932
10066 933 211 253 932
10072 934 208 253 932
10082 930 209 253 932
10028 932 223 253 932
10020 931 220 253 932
622 328 223 253 932
10019 933 225 253 932
10045 934 213 253 932
10049 934 209 253 932
10072 935 209 254 933
10082 931 208 254 933
10028 933 209 254 933
10043 932 210 255 934
10070 932 211 256 935
10043 933 219 256 935
10164 730 212 257 936
10091 934 209 257 936
10123 931 211 258 937
10062 934 216 258 937
10068 942 212 258 937
10054 938 208 259 938
10052 940 212 259 938
10092 938 209 259 938
10171 940 216 260 939
10052 941 209 260 939
10052 943 213 262 941
10052 944 211 263 942
10068 947 208 263 942
10052 945 212 264 943
10052 946 213 265 944
10052 947 212 266 945
10052 948 212 267 946
10052 949 213 268 947
10171 949 208 269 948
10052 950 213 269 948
10052 951 213 270 949
10052 952 218 271 950
10052 953 219 272 951
10052 954 212 273 952
10068 957 209 273 952
10068 958 209 274 953
10052 956 215 275 954
10052 957 210 276 955
10171 958 211 278 957
10052 959 222 278 957
10052 960 210 279 958
10052 962 208 281 960
10052 963 208 282 961
10052 965 211 284 963
10052 966 211 285 964
10052 967 211 286 965
10052 968 209 287 966
10052 969 207 288 967
10052 971 209 290 969
10052 972 217 291 970
10138 964 209 292 971
10171 972 210 292 971
10052 973 212 292 971
10068 976 209 292 971
10052 974 216 293 972
10068 977 208 293 972
10138 966 208 294 973
10171 974 210 294 973
10052 975 214 294 973
10138 967 208 295 974
10171 975 210 295 974
10052 976 215 295 974
10052 977 213 296 975
10171 977 208 297 976
10052 978 216 297 976
10171 978 210 298 977
10052 979 215 298 977
10171 979 210 299 978
10052 980 217 299 978
10068 983 208 299 978
10171 980 209 300 979
10052 981 214 300 979
10171 981 210 301 980
10052 982 212 301 980
10171 982 209 302 981
10052 983 213 302 981
10052 984 212 303 982
10171 984 208 304 983
10052 985 215 304 983
10068 988 208 304 983
10171 985 211 305 984
10052 986 213 305 984
10068 989 208 305 984
10171 986 210 306 985
10052 987 212 306 985
10171 987 209 307 986
10052 988 214 307 986
10171 988 210 308 987
10052 989 213 308 987
10171 989 210 309 988
10052 990 213 309 988
10171 990 210 310 989
10052 991 214 310 989
10171 991 211 311 990
10052 992 212 311 990
10171 992 212 312 991
10052 993 212 312 991
10171 993 209 313 992
10052 994 216 313 992
10052 995 215 314 993
10052 996 216 315 994
10171 996 210 316 995
10052 997 216 316 995
10171 997 211 317 996
10052 998 214 317 996
10052 999 212 318 997
10068 1002 208 318 997
10171 999 208 319 998
10052 1000 215 319 998
10052 1001 215 320 999
10171 1001 208 321 1000
10052 1002 215 321 1000
10171 1002 209 322 1001
10052 1003 216 322 1001
10171 1003 208 323 1002
10052 1004 214 323 1002
10052 1005 214 324 1003
10052 1006 217 325 1004
10171 1006 211 326 1005
10052 1007 216 326 1005
10171 1007 209 327 1006
10052 1008 214 327 1006
10171 1008 208 328 1007
10052 1009 215 328 1007
10068 1012 208 329 1008
10052 1010 214 329 1008
10138 1002 207 330 1009
10052 1011 214 330 1009
10171 1011 209 331 1010
10052 1012 214 331 1010
10171 1012 210 332 1011
10052 1013 216 332 1011
10171 1013 209 333 1012
10052 1014 213 333 1012
10052 1015 214 334 1013
10171 1015 209 335 1014
10052 1016 212 335 1014
10052 1017 213 336 1015
10068 1020 208 337 1016
10052 1018 213 337 1016
10138 1010 208 338 1017
10052 1019 212 338 1017
10138 1011 210 339 1018
10052 1020 215 339 1018
10138 1012 209 340 1019
10052 1021 215 340 1019
10138 1013 208 341 1020
10052 1022 212 341 1020
10138 1014 209 342 1021
10052 1023 212 342 1021
10052 1024 211 343 1022
10052 1025 209 344 1023
10052 1026 211 345 1024
10052 1027 217 346 1025
10069 1023 217 347 1026
14 322 223 347 1026
10054 1026 211 347 1026
10064 1025 211 347 1026
274 404 226 348 1027
10094 1025 222 348 1027
10071 1028 212 348 1027
10149 1018 212 348 1027
10080 1030 214 348 1027
10087 1027 209 348 1027
10080 1031 226 349 1028
10086 1029 224 350 1029
532 21 221 350 1029
10100 1020 211 351 1030
592 333 233 351 1030
10163 1032 211 351 1030
10033 1028 211 351 1030
78 326 227 351 1030
551 232 231 352 1031
333 334 223 352 1031
10067 1026 224 352 1031
579 346 224 352 1031
10163 1033 217 352 1031
536 342 224 352 1031
665 138 226 352 1031
680 276 225 352 1031
78 327 232 352 1031
551 233 221 353 1032
10067 1027 223 353 1032
36 329 226 353 1032
10163 1034 217 353 1032
10033 1030 215 353 1032
665 139 221 353 1032
680 277 239 353 1032
551 234 223 354 1033
10067 1028 236 354 1033
10163 1035 216 354 1033
666 338 225 354 1033
680 278 223 354 1033
78 329 221 354 1033
333 337 224 355 1034
760 102 225 355 1034
10067 1029 224 355 1034
10163 1036 222 355 1034
666 339 237 355 1034
10033 1032 207 355 1034
40 2 226 355 1034
551 236 221 355 1034
440 31 222 356 1035
10067 1030 225 356 1035
36 332 222 356 1035
10163 1037 217 356 1035
666 340 221 356 1035
10033 1033 214 356 1035
680 280 229 356 1035
665 142 227 356 1035
344 334 222 356 1035
551 237 221 357 1036
10067 1031 223 357 1036
10163 1038 227 357 1036
666 341 225 357 1036
195 16 223 357 1036
680 281 221 357 1036
78 332 222 357 1036
551 238 223 357 1036
333 340 221 358 1037
10067 1032 238 358 1037
579 352 224 358 1037
10163 1039 217 358 1037
666 342 226 358 1037
778 341 225 358 1037
40 5 221 358 1037
680 282 240 358 1037
665 144 221 358 1037
78 333 222 358 1037
10067 1033 231 359 1038
579 353 221 359 1038
10163 1040 211 359 1038
778 342 228 359 1038
344 337 221 359 1038
10067 1034 229 360 1039
10163 1041 209 360 1039
551 241 225 360 1039
333 343 221 361 1040
10163 1045 218 364 1043
666 348 221 364 1043
344 342 221 364 1043
10067 1039 221 364 1043
579 359 226 364 1043
10067 1040 225 365 1044
10163 1047 211 366 1045
10033 1043 209 366 1045
333 349 221 366 1045
10067 1041 223 366 1045
579 361 235 366 1045
10163 1048 213 366 1045
665 153 221 367 1046
10067 1043 208 368 1047
10163 1050 213 368 1047
10067 1044 215 369 1048
10067 1045 218 370 1049
10067 1046 217 371 1050
10067 1047 219 372 1051
10067 1048 231 373 1052
10067 1050 228 375 1054
10163 1057 211 376 1055
10067 1051 225 376 1055
10163 1058 211 377 1056
195 4 222 377 1056
10067 1052 227 377 1056
10163 1059 217 378 1057
665 164 221 378 1057
10067 1053 231 378 1057
10163 1060 216 379 1058
40 26 223 379 1058
10033 1056 213 379 1058
551 260 225 379 1058
10067 1054 237 379 1058
666 364 224 379 1058
10163 1061 211 380 1059
40 27 225 380 1059
10033 1057 212 380 1059
665 166 222 380 1059
333 363 222 380 1059
10067 1055 234 380 1059
666 365 221 380 1059
10163 1062 211 380 1059
10033 1058 217 381 1060
778 364 221 381 1060
10067 1056 227 381 1060
10163 1063 211 381 1060
10067 1057 227 382 1061
10163 1064 211 382 1061
666 367 221 382 1061
680 307 221 383 1062
10067 1058 227 383 1062
10163 1065 211 383 1062
10067 1059 227 384 1063
10163 1066 210 384 1063
10067 1060 229 385 1064
10163 1067 212 386 1065
40 33 224 386 1065
10067 1061 222 386 1065
666 371 225 387 1066
10163 1068 211 387 1066
40 34 228 387 1066
10067 1062 223 387 1066
10163 1069 212 388 1067
666 372 223 388 1067
40 35 222 388 1067
10067 1063 221 388 1067
666 373 223 388 1067
10163 1070 212 389 1068
40 36 222 389 1068
10067 1064 222 389 1068
10163 1071 211 390 1069
40 37 222 390 1069
10067 1065 222 390 1069
10163 1072 211 391 1070
10067 1066 221 391 1070
10163 1073 212 392 1071
666 376 223 392 1071
10067 1067 225 392 1071
10163 1074 218 393 1072
680 317 233 393 1072
10067 1068 221 393 1072
10163 1075 216 394 1073
666 378 222 394 1073
680 318 225 394 1073
10067 1069 224 394 1073
10163 1076 207 395 1074
333 378 222 395 1074
10067 1070 223 395 1074
10163 1077 216 396 1075
10067 1071 223 396 1075
10067 1072 219 397 1076
10163 1079 208 398 1077
10067 1073 223 398 1077
10067 1074 222 399 1078
666 384 221 400 1079
40 47 221 400 1079
10067 1075 227 400 1079
10163 1082 210 401 1080
10067 1076 225 401 1080
536 392 223 402 1081
10067 1077 225 402 1081
579 397 221 402 1081
10163 1084 210 403 1082
40 50 222 403 1082
78 378 221 403 1082
10067 1078 217 403 1082
579 398 223 403 1082
10163 1085 214 404 1083
40 51 222 404 1083
10067 1079 217 404 1083
579 399 223 404 1083
10163 1086 218 405 1084
344 383 221 405 1084
10067 1080 221 405 1084
10163 1087 211 406 1085
10067 1081 214 406 1085
10163 1088 210 407 1086
10067 1082 215 407 1086
10163 1089 211 408 1087
333 391 223 408 1087
10067 1083 222 408 1087
10163 1090 211 409 1088
333 392 223 409 1088
10067 1084 220 409 1088
10163 1091 212 410 1089
344 388 223 410 1089
10067 1085 223 410 1089
10163 1092 212 411 1090
333 394 222 411 1090
10067 1086 223 411 1090
10163 1093 217 412 1091
333 395 225 412 1091
10067 1087 217 412 1091
666 397 221 412 1091
10163 1094 215 413 1092
40 60 221 413 1092
665 199 223 413 1092
333 396 223 413 1092
10067 1088 223 413 1092
10163 1095 213 414 1093
760 162 222 414 1093
10067 1089 227 414 1093
36 391 221 414 1093
10163 1096 221 415 1094
10067 1090 226 415 1094
579 410 221 415 1094
10067 1091 225 416 1095
10163 1098 223 416 1095
10067 1092 227 417 1096
333 400 223 417 1096
10163 1099 211 418 1097
195 45 224 418 1097
10067 1093 226 418 1097
333 401 224 418 1097
10067 1094 218 419 1098
10163 1101 209 419 1098
10067 1095 223 420 1099
333 403 223 420 1099
10163 1102 214 421 1100
10067 1096 208 421 1100
10163 1103 217 422 1101
10067 1097 221 422 1101
10163 1104 216 422 1101
10067 1098 231 423 1102
333 406 221 423 1102
10163 1105 210 423 1102
10067 1099 219 424 1103
10163 1106 219 425 1104
10067 1100 227 425 1104
536 416 221 425 1104
10163 1107 213 425 1104
10067 1101 229 426 1105
333 409 223 426 1105
536 417 222 426 1105
10163 1108 211 426 1105
680 351 221 427 1106
10067 1102 231 427 1106
333 410 225 427 1106
536 418 221 427 1106
10163 1109 209 427 1106
10033 1105 207 428 1107
10067 1103 226 428 1107
333 411 226 428 1107
10033 1106 208 429 1108
10067 1104 224 429 1108
333 412 226 429 1108
10033 1107 210 430 1109
10067 1105 218 430 1109
333 413 227 430 1109
10033 1108 209 431 1110
10067 1106 221 431 1110
333 414 223 431 1110
666 416 222 431 1110
10163 1113 211 431 1110
40 79 223 432 1111
10033 1109 209 432 1111
680 356 221 432 1111
10067 1107 216 432 1111
10163 1114 211 432 1111
10067 1108 227 433 1112
333 416 221 433 1112
10163 1115 207 433 1112
10067 1109 218 434 1113
195 62 225 435 1114
10067 1110 219 435 1114
10163 1117 212 435 1114
10067 1111 218 436 1115
10163 1118 212 436 1115
195 64 223 437 1116
10067 1112 225 437 1116
10163 1119 215 437 1116
10067 1113 227 438 1117
10163 1120 216 438 1117
195 66 223 439 1118
10067 1114 227 439 1118
10163 1121 215 439 1118
10067 1115 227 440 1119
10163 1122 213 440 1119
10067 1116 227 441 1120
10163 1123 216 441 1120
78 417 221 442 1121
10067 1117 223 442 1121
10163 1124 223 442 1121
10067 1118 209 443 1122
10033 1121 210 444 1123
10067 1119 226 444 1123
333 427 225 444 1123
666 429 221 444 1123
10163 1126 223 444 1123
78 420 225 445 1124
680 369 230 445 1124
10067 1120 230 445 1124
666 430 223 445 1124
10163 1127 217 445 1124
78 421 222 446 1125
680 370 221 446 1125
551 327 221 446 1125
10067 1121 221 446 1125
536 437 222 446 1125
10163 1128 222 446 1125
195 74 223 447 1126
680 371 225 447 1126
551 328 223 447 1126
10067 1122 218 447 1126
536 438 224 447 1126
10163 1129 221 447 1126
195 75 223 448 1127
680 372 231 448 1127
10067 1123 225 448 1127
579 443 221 448 1127
536 439 225 448 1127
10163 1130 221 448 1127
680 373 232 449 1128
10067 1124 225 449 1128
666 434 221 449 1128
579 444 221 449 1128
536 440 225 449 1128
10163 1131 220 449 1128
680 374 226 450 1129
551 331 221 450 1129
10067 1125 224 450 1129
536 441 223 450 1129
10163 1132 221 450 1129
195 78 223 451 1130
680 375 228 451 1130
10067 1126 225 451 1130
666 436 223 451 1130
536 442 221 451 1130
10163 1133 222 451 1130
680 376 225 452 1131
10067 1127 221 452 1131
536 443 221 452 1131
10163 1134 221 452 1131
680 377 225 453 1132
10067 1128 220 453 1132
333 436 222 453 1132
666 438 223 453 1132
536 444 223 453 1132
10163 1135 221 453 1132
680 378 230 454 1133
10067 1129 219 454 1133
666 439 226 454 1133
536 445 222 454 1133
10163 1136 220 454 1133
680 379 227 455 1134
551 336 223 455 1134
10067 1130 224 455 1134
666 440 221 455 1134
10163 1137 212 455 1134
10067 1131 221 456 1135
333 439 221 456 1135
536 447 222 456 1135
10163 1138 211 456 1135
760 205 221 457 1136
10067 1132 218 457 1136
666 442 221 457 1136
536 448 221 457 1136
10163 1139 213 457 1136
10067 1133 225 458 1137
536 449 221 458 1137
10163 1140 211 458 1137
195 86 226 459 1138
551 340 223 459 1138
10067 1134 219 459 1138
333 442 221 459 1138
666 444 223 459 1138
579 454 224 459 1138
10163 1141 215 459 1138
10067 1135 212 460 1139
10163 1142 210 460 1139
10067 1136 217 461 1140
10163 1143 210 461 1140
10067 1137 217 462 1141
10163 1144 210 462 1141
10067 1138 217 463 1142
666 448 223 463 1142
10163 1145 213 463 1142
666 449 221 464 1143
10163 1146 213 464 1143
10067 1140 208 465 1144
10163 1147 212 466 1145
760 214 221 466 1145
10067 1141 209 466 1145
666 451 221 466 1145
10163 1148 213 467 1146
10067 1142 212 467 1146
666 452 221 467 1146
10163 1149 213 468 1147
10067 1143 212 468 1147
666 453 222 468 1147
10163 1150 213 469 1148
10067 1144 230 469 1148
536 460 221 469 1148
10163 1151 212 469 1148
10067 1145 226 470 1149
666 455 226 470 1149
10163 1152 217 470 1149
680 395 227 471 1150
10067 1146 227 471 1150
333 454 221 471 1150
666 456 221 471 1150
10163 1153 221 471 1150
680 396 224 472 1151
10067 1147 226 472 1151
333 455 222 472 1151
666 457 223 472 1151
10163 1154 220 472 1151
680 397 223 473 1152
10067 1148 223 473 1152
10163 1155 217 473 1152
680 398 224 474 1153
10067 1149 226 474 1153
333 457 222 474 1153
10163 1156 217 475 1154
680 399 227 475 1154
10067 1150 224 475 1154
536 466 221 475 1154
333 458 221 475 1154
10163 1157 212 476 1155
680 400 226 476 1155
10067 1151 221 476 1155
666 461 221 476 1155
10163 1158 215 476 1155
10067 1152 224 477 1156
333 460 221 477 1156
666 462 222 477 1156
680 402 223 478 1157
665 264 227 478 1157
551 359 221 478 1157
10067 1153 232 478 1157
36 455 221 478 1157
333 461 225 478 1157
10163 1160 209 478 1157
680 403 227 479 1158
195 106 221 479 1158
665 265 226 479 1158
10067 1154 222 479 1158
36 456 238 479 1158
326 470 225 479 1158
40 127 228 480 1159
680 404 221 480 1159
10067 1155 223 480 1159
579 475 221 480 1159
333 463 226 480 1159
10163 1162 211 480 1159
78 456 221 481 1160
40 128 223 481 1160
10033 1158 210 481 1160
680 405 222 481 1160
665 267 221 481 1160
344 459 221 481 1160
551 362 223 481 1160
760 229 226 481 1160
10067 1156 230 481 1160
579 476 229 481 1160
333 464 233 481 1160
10163 1163 218 481 1160
78 457 222 482 1161
40 129 221 482 1161
195 109 225 482 1161
344 460 225 482 1161
10067 1157 225 482 1161
333 465 228 482 1161
579 477 226 482 1161
10163 1164 219 482 1161
78 458 225 482 1161
195 110 222 483 1162
40 130 221 483 1162
10067 1158 213 483 1162
10163 1165 221 483 1162
78 459 225 483 1162
10067 1159 230 484 1163
536 475 222 484 1163
10163 1166 219 484 1163
78 460 221 484 1163
665 271 222 485 1164
760 233 224 485 1164
10067 1160 230 485 1164
536 476 225 485 1164
10163 1167 216 485 1164
10033 1163 209 486 1165
10067 1161 223 486 1165
10163 1168 214 486 1165
10033 1164 208 487 1166
10067 1162 221 487 1166
536 478 221 487 1166
10163 1169 214 487 1166
10033 1165 207 488 1167
10067 1163 216 488 1167
10163 1170 214 488 1167
680 413 223 489 1168
10033 1166 208 489 1168
10067 1164 225 489 1168
536 480 221 489 1168
10163 1171 214 489 1168
78 465 221 489 1168
10033 1167 209 490 1169
10067 1165 225 490 1169
536 481 221 490 1169
10163 1172 216 490 1169
78 466 223 490 1169
10067 1166 223 491 1170
10163 1173 216 491 1170
78 467 222 491 1170
10033 1169 209 492 1171
10067 1167 224 492 1171
10163 1174 217 492 1171
10067 1168 223 493 1172
10163 1175 216 493 1172
10033 1171 209 494 1173
10067 1169 226 494 1173
666 479 222 494 1173
10033 1172 208 495 1174
10067 1170 225 495 1174
666 480 222 495 1174
10163 1177 209 495 1174
195 123 221 496 1175
10067 1171 225 496 1175
666 481 221 496 1175
10163 1178 209 496 1175
10067 1172 227 497 1176
666 482 223 497 1176
10163 1179 215 497 1176
10067 1173 223 498 1177
536 489 225 498 1177
666 483 227 498 1177
10163 1180 220 498 1177
10067 1174 223 499 1178
536 490 225 499 1178
666 484 225 499 1178
10163 1181 220 499 1178
10067 1175 226 500 1179
536 491 225 500 1179
10163 1182 219 500 1179
10067 1176 225 501 1180
536 492 225 501 1180
666 486 225 501 1180
10163 1183 219 501 1180
10067 1177 227 502 1181
536 493 225 502 1181
579 497 221 502 1181
666 487 227 502 1181
10163 1184 220 502 1181
10067 1178 226 503 1182
536 494 225 503 1182
579 498 223 503 1182
666 488 223 503 1182
10163 1185 219 503 1182
10067 1179 225 504 1183
579 499 227 504 1183
666 489 226 504 1183
10163 1186 211 504 1183
10067 1180 218 505 1184
536 496 224 505 1184
195 6 224 505 1184
10163 1187 218 505 1184
10067 1181 223 506 1185
536 497 222 506 1185
579 501 222 506 1185
10163 1188 218 506 1185
10164 980 208 507 1186
10067 1182 225 507 1186
666 492 232 507 1186
78 483 222 507 1186
551 389 223 508 1187
10067 1183 230 508 1187
333 491 224 508 1187
536 499 222 508 1187
666 493 229 508 1187
10163 1190 219 508 1187
551 390 222 509 1188
10067 1184 234 509 1188
333 492 223 509 1188
536 500 223 509 1188
10163 1191 223 509 1188
551 391 224 510 1189
10067 1185 223 510 1189
536 501 223 510 1189
579 505 225 510 1189
195 11 221 510 1189
10163 1192 223 510 1189
78 486 223 510 1189
778 494 225 511 1190
551 392 221 511 1190
10067 1186 229 511 1190
333 494 224 511 1190
579 506 223 511 1190
666 496 225 511 1190
10163 1193 212 511 1190
78 487 221 511 1190
778 495 223 512 1191
680 436 224 512 1191
10067 1187 232 512 1191
536 503 223 512 1191
579 507 221 512 1191
195 13 225 512 1191
666 497 224 512 1191
10163 1194 222 512 1191
78 488 224 513 1192
760 261 223 513 1192
551 394 222 513 1192
10067 1188 237 513 1192
333 496 227 513 1192
195 14 228 513 1192
666 498 223 513 1192
10163 1195 223 513 1192
10067 1189 232 514 1193
333 497 231 514 1193
579 509 222 514 1193
10163 1196 229 514 1193
10067 1190 212 515 1194
333 498 225 515 1194
10067 1191 210 516 1195
10067 1192 214 517 1196
10163 1199 210 517 1196
551 399 221 518 1197
10067 1193 217 518 1197
551 400 221 519 1198
10067 1194 211 519 1198
10067 1195 216 520 1199
10067 1196 213 521 1200
10067 1197 212 522 1201
666 507 224 522 1201
10067 1198 212 523 1202
666 508 223 523 1202
10163 1205 209 523 1202
10067 1199 212 524 1203
579 519 225 524 1203
666 509 223 524 1203
10163 1206 209 524 1203
10067 1200 211 525 1204
579 520 221 525 1204
666 510 225 525 1204
10163 1207 208 525 1204
10067 1201 215 526 1205
666 511 223 526 1205
10067 1202 211 527 1206
10067 1203 217 528 1207
10163 1210 210 528 1207
10067 1204 214 529 1208
666 514 223 529 1208
10163 1211 210 529 1208
10067 1205 216 530 1209
579 525 221 530 1209
10163 1212 210 530 1209
10067 1206 212 531 1210
10067 1207 213 532 1211
666 517 221 532 1211
10067 1208 216 533 1212
10163 1215 209 533 1212
10067 1209 212 534 1213
579 529 223 534 1213
10067 1210 211 535 1214
579 530 223 535 1214
10067 1211 211 536 1215
10163 1218 213 536 1215
665 323 227 536 1215
760 285 221 537 1216
10067 1212 230 537 1216
579 532 225 537 1216
78 513 225 537 1216
665 324 233 538 1217
778 521 227 538 1217
10067 1213 230 538 1217
536 529 221 538 1217
579 533 221 538 1217
10163 1220 219 538 1217
778 522 221 539 1218
551 420 223 539 1218
10067 1214 233 539 1218
579 534 223 539 1218
10163 1221 222 539 1218
778 523 222 540 1219
551 421 222 540 1219
10067 1215 233 540 1219
10163 1222 225 540 1219
40 188 224 541 1220
778 524 225 541 1220
10067 1216 229 541 1220
536 532 222 541 1220
10163 1223 223 541 1220
665 328 223 542 1221
10067 1217 233 542 1221
10163 1224 214 542 1221
778 526 227 543 1222
10067 1218 231 543 1222
10067 1219 223 544 1223
536 535 227 544 1223
10067 1220 219 545 1224
536 536 224 545 1224
10067 1221 215 546 1225
536 537 222 546 1225
10163 1228 223 546 1225
10067 1222 220 547 1226
536 538 223 547 1226
10163 1229 223 547 1226
10067 1223 220 548 1227
536 539 223 548 1227
666 533 224 548 1227
10163 1230 223 548 1227
10067 1224 220 549 1228
536 540 223 549 1228
10163 1231 223 549 1228
10067 1225 221 550 1229
536 541 223 550 1229
666 535 221 550 1229
10163 1232 223 550 1229
680 475 223 551 1230
665 337 221 551 1230
10067 1226 222 551 1230
536 542 223 551 1230
10163 1233 223 551 1230
680 476 221 551 1230
536 543 222 552 1231
10163 1234 217 552 1231
680 477 222 552 1231
10067 1228 221 553 1232
551 434 221 553 1232
536 544 225 553 1232
10163 1235 221 553 1232
78 529 223 553 1232
665 340 221 553 1232
680 478 229 553 1232
40 201 221 554 1233
10067 1229 226 554 1233
10163 1236 220 554 1233
665 341 222 554 1233
680 479 234 554 1233
10067 1230 227 555 1234
536 546 229 555 1234
579 550 223 555 1234
666 540 223 555 1234
10163 1237 216 555 1234
78 531 225 555 1234
778 539 222 555 1234
680 480 223 555 1234
10067 1231 229 556 1235
536 547 223 556 1235
10163 1238 215 556 1235
78 532 225 556 1235
778 540 222 556 1235
40 204 221 557 1236
10067 1232 229 557 1236
579 552 230 557 1236
10163 1239 222 557 1236
778 541 221 557 1236
680 482 221 557 1236
40 205 221 558 1237
10067 1233 227 558 1237
536 549 225 558 1237
579 553 221 558 1237
10163 1240 212 558 1237
40 206 222 559 1238
10067 1234 227 559 1238
536 550 224 559 1238
10163 1241 212 559 1238
10067 1235 227 560 1239
536 551 225 560 1239
579 555 221 560 1239
10163 1242 211 560 1239
40 208 221 561 1240
10067 1236 227 561 1240
536 552 225 561 1240
579 556 221 561 1240
10163 1243 210 561 1240
40 209 221 562 1241
760 310 221 562 1241
10067 1237 227 562 1241
536 553 223 562 1241
10163 1244 211 562 1241
10067 1238 227 563 1242
536 554 227 563 1242
666 548 222 563 1242
78 539 223 563 1242
10163 1245 219 563 1242
10067 1239 225 564 1243
536 555 227 564 1243
666 549 221 564 1243
10163 1246 217 564 1243
10067 1240 209 565 1244
536 556 223 565 1244
10033 1243 208 566 1245
10067 1241 224 566 1245
536 557 225 566 1245
10163 1248 215 566 1245
680 491 227 567 1246
10067 1242 229 567 1246
536 558 225 567 1246
680 492 222 568 1247
40 215 223 568 1247
10067 1243 227 568 1247
551 449 221 568 1247
666 553 229 568 1247
536 559 223 568 1247
10163 1250 217 568 1247
665 355 229 569 1248
40 216 225 569 1248
10067 1244 227 569 1248
10123 1243 207 569 1248
551 450 225 569 1248
666 554 225 569 1248
536 560 229 569 1248
10163 1251 223 569 1248
778 553 231 569 1248
10067 1245 226 570 1249
333 553 227 570 1249
10163 1252 224 570 1249
680 495 224 570 1249
10033 1248 209 570 1249
10067 1246 226 571 1250
10163 1253 219 571 1250
680 496 229 572 1251
10033 1249 211 572 1251
10067 1247 227 572 1251
10163 1254 219 572 1251
680 497 227 573 1252
10033 1250 210 573 1252
10067 1248 216 573 1252
10163 1255 216 573 1252
10123 1248 218 574 1253
10138 1247 209 574 1253
10068 1259 221 575 1254
10138 1248 213 575 1254
10052 1257 217 576 1255
333 559 221 576 1255
10171 1257 215 576 1255
10052 1258 220 577 1256
10052 1259 223 578 1257
10171 1259 211 578 1257
10052 1260 209 579 1258
10052 1261 210 580 1259
10052 1262 214 581 1260
10052 1263 209 582 1261
10052 1264 210 583 1262
10052 1265 209 584 1263
10052 1266 208 585 1264
496 210 221 586 1265
10052 1268 219 587 1266
10052 1269 209 588 1267
10052 1271 208 590 1269
496 214 226 590 1269
10052 1273 213 592 1271
496 216 223 592 1271
10052 1274 220 593 1272
10052 1275 217 594 1273
10171 1275 212 594 1273
496 218 224 594 1273
10052 1276 214 595 1274
10171 1276 209 595 1274
10052 1277 215 596 1275
10052 1278 221 597 1276
10171 1278 210 597 1276
10052 1279 221 598 1277
10171 1279 210 598 1277
10052 1280 221 599 1278
10171 1280 209 599 1278
10052 1281 221 600 1279
10171 1281 211 600 1279
10052 1282 218 601 1280
10052 1283 218 602 1281
10052 1284 218 603 1282
496 227 222 603 1282
10052 1285 218 604 1283
496 228 221 604 1283
10052 1286 219 605 1284
10052 1287 219 606 1285
10171 1287 210 606 1285
10052 1288 219 607 1286
10171 1288 209 607 1286
496 231 221 607 1286
10052 1289 217 608 1287
10171 1289 209 608 1287
496 232 222 608 1287
10052 1290 218 609 1288
10052 1291 217 610 1289
496 234 221 610 1289
10052 1292 215 611 1290
10171 1292 209 611 1290
496 235 223 611 1290
10052 1293 213 612 1291
10171 1293 209 612 1291
496 236 223 612 1291
10052 1294 213 613 1292
10171 1294 210 613 1292
10052 1296 215 615 1294
496 239 224 615 1294
10052 1297 217 616 1295
10052 1298 217 617 1296
10171 1298 208 617 1296
496 241 223 617 1296
496 242 224 618 1297
10171 1300 210 619 1298
496 243 222 619 1298
10052 1301 210 620 1299
10052 1302 213 621 1300
496 245 227 621 1300
10052 1304 215 623 1302
10068 1307 209 623 1302
10052 1305 216 624 1303
10068 1308 210 624 1303
10052 1306 216 625 1304
10068 1309 209 625 1304
10052 1307 215 626 1305
10068 1310 210 626 1305
10052 1308 215 627 1306
10068 1311 210 627 1306
10052 1309 216 628 1307
10068 1312 209 628 1307
10052 1310 215 629 1308
10068 1313 209 629 1308
10138 1302 208 629 1308
10052 1311 216 630 1309
10068 1314 210 630 1309
10138 1303 208 630 1309
10052 1312 216 631 1310
10068 1315 209 631 1310
10052 1313 215 632 1311
10052 1314 217 633 1312
10068 1317 209 633 1312
10138 1306 209 633 1312
10052 1315 211 634 1313
10068 1318 209 634 1313
10138 1307 209 634 1313
10052 1316 212 635 1314
10052 1317 212 636 1315
10138 1309 209 636 1315
10052 1318 210 637 1316
10052 1319 212 638 1317
205 342 221 638 1317
10052 1320 211 639 1318
10138 1312 209 639 1318
10052 1321 211 640 1319
10138 1313 208 640 1319
10052 1322 213 641 1320
10068 1325 208 641 1320
10052 1323 213 642 1321
10052 1324 213 643 1322
10138 1316 208 643 1322
10052 1325 213 644 1323
10052 1326 214 645 1324
10068 1329 208 645 1324
10138 1318 209 645 1324
10052 1327 213 646 1325
10068 1330 208 646 1325
10138 1319 209 646 1325
10052 1328 213 647 1326
10068 1331 208 647 1326
10138 1320 209 647 1326
10052 1329 212 648 1327
10052 1330 209 649 1328
10068 1333 208 649 1328
10052 1331 223 650 1329
10052 1333 211 652 1331
10052 1334 212 653 1332
10171 1334 207 653 1332
333 636 221 653 1332
10052 1335 213 654 1333
10052 1336 214 655 1334
10171 1337 211 656 1335
10052 1338 212 657 1336
10171 1338 212 657 1336
10052 1339 210 658 1337
10171 1339 214 658 1337
10052 1340 212 659 1338
310 635 223 659 1338
10052 1341 217 660 1339
310 636 225 660 1339
10052 1342 210 661 1340
10052 1343 211 662 1341
10052 1344 219 663 1342
10171 1347 209 666 1345
10052 1348 209 667 1346
10052 1349 210 668 1347
10171 1349 213 668 1347
10171 1352 209 671 1350
10052 1353 212 672 1351
10068 1356 208 672 1351
10171 1353 209 672 1351
10052 1354 209 673 1352
10171 1354 207 673 1352
10052 1355 212 674 1353
10052 1356 210 675 1354
10052 1357 209 676 1355
10052 1358 209 677 1356
10052 1360 210 679 1358
10052 1361 209 680 1359
10052 1363 210 682 1361
10052 1366 209 685 1364
10052 1367 210 686 1365
10052 1368 211 687 1366
10052 1369 213 688 1367
10171 1369 212 688 1367
10052 1370 212 689 1368
10171 1370 210 689 1368
10052 1371 221 690 1369
10171 1371 209 690 1369
10052 1372 212 691 1370
10052 1373 209 692 1371
10052 1378 210 697 1376
10138 1371 208 698 1377
10138 1372 208 699 1378
10052 1390 214 709 1388
10052 1391 209 710 1389
10052 1393 209 712 1391
10052 1394 210 713 1392
10052 1396 210 715 1394
10052 1397 209 716 1395
10052 1401 210 720 1399
10052 1403 212 722 1401
10052 1404 210 723 1402
10052 1405 210 724 1403
10052 1406 210 725 1404
10171 1406 221 725 1404
10052 1407 215 726 1405
10092 1405 209 726 1405
10171 1407 216 726 1405
10052 1408 217 727 1406
10171 1408 212 727 1406
10052 1409 223 728 1407
10171 1409 209 728 1407
10052 1410 223 729 1408
10171 1410 212 729 1408
10052 1411 221 730 1409
10171 1411 212 730 1409
10052 1412 226 731 1410
10092 1410 209 731 1410
10171 1412 208 731 1410
10052 1413 211 732 1411
10052 1414 215 733 1412
10052 1415 211 734 1413
10171 1415 211 734 1413
10052 1416 220 735 1414
10171 1416 215 735 1414
10052 1417 211 736 1415
10171 1417 214 736 1415
10052 1418 210 737 1416
10171 1418 214 737 1416
10052 1419 211 738 1417
10171 1419 213 738 1417
10052 1420 213 739 1418
10171 1420 217 739 1418
10052 1421 211 740 1419
10171 1421 217 740 1419
10052 1422 208 741 1420
10171 1422 210 741 1420
752 760 222 741 1420
10052 1424 213 743 1422
10052 1426 218 745 1424
10171 1426 208 745 1424
10052 1427 221 746 1425
10052 1428 217 747 1426
10171 1428 208 747 1426
10052 1429 214 748 1427
10052 1430 221 749 1428
10171 1430 208 749 1428
10052 1431 220 750 1429
10052 1432 220 751 1430
10171 1432 208 751 1430
10052 1433 215 752 1431
10052 1434 218 753 1432
10171 1434 210 753 1432
10052 1435 221 754 1433
10171 1435 209 754 1433
10052 1436 221 755 1434
10052 1437 221 756 1435
10052 1438 221 757 1436
10052 1439 221 758 1437
10171 1439 213 758 1437
10052 1440 218 759 1438
10171 1440 213 759 1438
10052 1441 217 760 1439
10171 1441 212 760 1439
10052 1442 220 761 1440
10171 1442 212 761 1440
10052 1443 215 762 1441
10171 1443 211 762 1441
750 292 223 762 1441
10052 1444 216 763 1442
10171 1444 210 763 1442
10052 1445 210 764 1443
10171 1445 209 764 1443
10052 1446 217 765 1444
10052 1447 214 766 1445
10171 1447 209 766 1445
10052 1448 221 767 1446
10052 1449 220 768 1447
10052 1450 221 769 1448
10052 1451 218 770 1449
10171 1451 209 770 1449
10052 1452 221 771 1450
10171 1452 208 771 1450
10052 1453 220 772 1451
10171 1453 209 772 1451
10052 1454 214 773 1452
10052 1455 215 774 1453
10052 1456 220 775 1454
10171 1456 208 775 1454
10052 1457 219 776 1455
10171 1457 209 776 1455
10052 1458 222 777 1456
10171 1458 210 777 1456
10052 1459 220 778 1457
10171 1459 210 778 1457
10052 1460 213 779 1458
10052 1461 211 780 1459
10171 1461 212 780 1459
10052 1462 216 781 1460
10052 1463 216 782 1461
10171 1463 211 782 1461
10052 1464 216 783 1462
10171 1464 211 783 1462
10052 1465 220 784 1463
10171 1465 209 784 1463
10052 1466 221 785 1464
10171 1466 210 785 1464
10171 1468 211 787 1466
10052 1469 213 788 1467
729 187 221 788 1467
10052 1470 212 789 1468
10171 1470 209 789 1468
10052 1471 217 790 1469
10171 1471 210 790 1469
10052 1472 211 791 1470
10068 1475 209 791 1470
10138 1464 208 791 1470
10171 1472 208 791 1470
10052 1473 209 792 1471
10138 1465 207 792 1471
10171 1473 209 792 1471
10052 1474 218 793 1472
10054 1473 214 793 1472
10094 1472 212 794 1473
10069 1471 226 794 1473
10054 1474 225 794 1473
10064 1473 208 794 1473
10069 1472 232 795 1474
10054 1475 227 795 1474
10069 1473 224 796 1475
10054 1476 227 796 1475
10064 1475 210 797 1476
10094 1475 216 797 1476
10069 1474 213 797 1476
10071 1478 209 797 1476
10064 1476 227 798 1477
10027 1477 209 798 1477
348 462 226 798 1477
10083 1478 209 799 1478
10080 1482 227 799 1478
10083 1479 208 800 1479
10046 1478 209 800 1479
10080 1483 214 800 1479
10064 1479 208 801 1480
10071 1482 216 801 1480
10149 1472 211 801 1480
10027 1480 211 801 1480
10064 1480 229 802 1481
10094 1480 221 802 1481
10069 1479 225 802 1481
10071 1483 209 802 1481
10054 1482 217 802 1481
10052 1484 210 803 1482
10138 1476 210 803 1482
10171 1484 211 803 1482
10052 1485 222 804 1483
10052 1486 216 805 1484
10171 1487 213 806 1485
10171 1488 212 807 1486
10052 1489 208 808 1487
10171 1489 212 808 1487
10171 1490 209 809 1488
10052 1491 207 810 1489
10171 1491 211 810 1489
10052 1492 209 811 1490
10171 1492 211 811 1490
10052 1493 209 812 1491
10171 1493 212 812 1491
10052 1494 208 813 1492
10171 1494 210 813 1492
10052 1495 220 814 1493
10052 1500 219 819 1498
10171 1500 210 820 1499
10052 1501 218 820 1499
10171 1501 208 820 1499
10171 1502 208 821 1500
10052 1503 219 822 1501
10171 1505 210 824 1503
10052 1506 217 825 1504
10052 1507 211 826 1505
10171 1508 213 827 1506
195 175 226 828 1507
10052 1509 221 828 1507
10171 1509 210 828 1507
10052 1510 216 829 1508
10171 1510 209 830 1509
10052 1511 213 830 1509
10171 1511 217 831 1510
10052 1512 217 831 1510
10171 1512 212 832 1511
10052 1513 227 832 1511
10092 1511 211 832 1511
604 9 230 832 1511
10171 1513 216 833 1512
10052 1514 221 833 1512
10171 1514 208 834 1513
10052 1515 213 834 1513
10171 1515 208 834 1513
10052 1516 212 835 1514
10052 1517 213 836 1515
10052 1518 213 837 1516
10052 1519 212 838 1517
10171 1519 209 838 1517
10052 1521 211 840 1519
10138 1513 207 840 1519
10052 1522 210 841 1520
10052 1523 209 842 1521
10052 1524 209 843 1522
10052 1525 208 844 1523
10052 1527 211 846 1525
10052 1528 209 847 1526
10052 1529 210 848 1527
10052 1530 210 849 1528
10052 1531 211 850 1529
10052 1532 209 851 1530
10138 1525 207 852 1531
10052 1535 209 854 1533
10052 1536 209 855 1534
10052 1538 209 857 1536
10052 1539 209 858 1537
10052 1542 215 861 1540
10052 1543 211 862 1541
10138 1535 207 862 1541
10052 1544 208 863 1542
10171 1544 210 864 1543
10052 1545 209 864 1543
10171 1545 208 865 1544
10052 1546 215 865 1544
10052 1547 213 866 1545
10052 1548 214 867 1546
10052 1549 215 868 1547
10052 1550 215 869 1548
10052 1551 216 870 1549
10068 1554 208 870 1549
10052 1552 213 871 1550
10052 1553 213 872 1551
10171 1553 208 873 1552
10052 1554 211 873 1552
38 322 226 873 1552
10052 1555 221 874 1553
10052 1556 210 875 1554
10171 1556 210 876 1555
10052 1557 211 876 1555
10052 1559 210 878 1557
10171 1561 213 880 1559
523 855 225 881 1560
10052 1562 221 881 1560
10171 1562 215 881 1560
523 856 223 882 1561
10052 1563 220 882 1561
10171 1563 216 882 1561
523 857 223 883 1562
10052 1564 221 883 1562
10171 1564 217 883 1562
523 858 225 884 1563
10052 1565 220 884 1563
10171 1565 216 884 1563
523 859 223 885 1564
10052 1566 221 885 1564
10171 1566 215 885 1564
10052 1567 220 886 1565
10171 1567 217 886 1565
10052 1568 219 887 1566
10171 1568 218 887 1566
10052 1569 219 888 1567
105 846 227 888 1567
10171 1569 215 888 1567
10052 1570 218 889 1568
105 847 225 889 1568
10171 1570 215 889 1568
10052 1571 219 890 1569
105 848 225 890 1569
10171 1571 215 890 1569
10052 1572 219 891 1570
10052 1573 210 892 1571
340 289 223 892 1571
10052 1574 209 893 1572
10052 1576 210 895 1574
10052 1577 209 896 1575
10052 1578 219 897 1576
10171 1578 208 897 1576
10052 1579 210 898 1577
10052 1580 212 899 1578
10052 1581 209 900 1579
10171 1581 210 900 1579
10052 1582 214 901 1580
10069 1579 218 902 1581
10054 1582 217 903 1582
10064 1581 216 903 1582
10094 1581 213 903 1582
10071 1584 209 903 1582
10027 1582 209 903 1582
628 920 224 904 1583
10054 1583 225 904 1583
10064 1582 222 904 1583
10027 1583 216 905 1584
10054 1584 212 905 1584
10064 1583 220 905 1584
10094 1583 215 905 1584
10027 1584 218 906 1585
10054 1585 210 906 1585
10064 1584 217 906 1585
10094 1584 210 906 1585
10027 1585 216 907 1586
10054 1586 215 907 1586
10064 1585 215 907 1586
10094 1585 211 907 1586
10027 1586 210 908 1587
628 924 223 908 1587
10054 1587 209 908 1587
10064 1586 212 908 1587
10094 1586 214 908 1587
10027 1587 214 909 1588
10054 1588 210 909 1588
10064 1587 209 909 1588
10094 1587 213 909 1588
10027 1588 213 910 1589
10054 1589 209 910 1589
10064 1588 210 910 1589
10094 1588 213 910 1589
10027 1589 213 911 1590
10054 1590 211 911 1590
10064 1589 211 911 1590
10094 1589 215 911 1590
10027 1590 217 912 1591
10054 1591 211 912 1591
10064 1590 212 912 1591
10094 1590 213 912 1591
10027 1591 212 913 1592
10054 1592 208 913 1592
10064 1591 211 913 1592
10094 1591 211 913 1592
10027 1592 210 914 1593
10054 1593 209 914 1593
10064 1592 211 914 1593
10094 1592 211 914 1593
10027 1593 211 915 1594
10054 1594 209 915 1594
10064 1593 209 915 1594
10094 1593 211 915 1594
10027 1594 211 915 1594
10054 1595 210 916 1595
10064 1594 208 916 1595
10094 1594 211 916 1595
10027 1595 212 917 1596
10054 1596 208 917 1596
10094 1595 210 917 1596
10027 1596 211 917 1596
10054 1597 209 918 1597
10094 1596 211 918 1597
10027 1597 212 919 1598
10054 1598 209 919 1598
10094 1597 210 919 1598
10027 1598 211 920 1599
10054 1599 209 920 1599
10094 1598 209 920 1599
10027 1599 210 920 1599
628 937 221 921 1600
10054 1600 210 921 1600
10094 1599 210 921 1600
10027 1600 210 921 1600
10054 1601 210 922 1601
10064 1600 213 922 1601
10094 1600 214 922 1601
10027 1601 215 922 1601
10054 1602 210 923 1602
10064 1601 214 923 1602
10094 1601 215 923 1602
10027 1602 214 923 1602
10054 1603 210 924 1603
10064 1602 215 924 1603
10094 1602 213 924 1603
10027 1603 215 924 1603
10054 1604 212 925 1604
10064 1603 211 925 1604
10094 1603 214 925 1604
10027 1604 213 925 1604
10064 1604 212 926 1605
10094 1604 212 926 1605
10069 1603 207 926 1605
10027 1605 209 926 1605
628 943 230 926 1605
10054 1606 212 927 1606
10064 1605 220 927 1606
10094 1605 214 927 1606
10027 1606 210 927 1606
628 944 227 927 1606
10054 1607 211 928 1607
10064 1606 209 928 1607
10094 1606 209 928 1607
10069 1605 212 928 1607
10027 1607 208 928 1607
10054 1608 218 929 1608
10094 1607 209 929 1608
10069 1606 212 929 1608
628 946 221 929 1608
10054 1609 217 930 1609
10069 1607 215 930 1609
10027 1609 208 930 1609
628 947 229 930 1609
10054 1610 215 931 1610
10069 1608 213 931 1610
10027 1610 209 931 1610
628 948 229 931 1610
10054 1611 219 932 1611
10064 1610 212 932 1611
10094 1610 210 932 1611
10069 1609 217 932 1611
10027 1611 217 932 1611
628 949 225 932 1611
10054 1612 213 933 1612
10064 1611 218 933 1612
10094 1611 212 933 1612
10069 1610 215 933 1612
10027 1612 210 933 1612
628 950 221 933 1612
10054 1613 216 934 1613
10064 1612 209 934 1613
10094 1612 209 934 1613
10069 1611 211 934 1613
10027 1613 209 934 1613
628 951 227 934 1613
10054 1614 218 935 1614
10064 1613 210 935 1614
10094 1613 209 935 1614
10069 1612 210 935 1614
10027 1614 212 935 1614
628 952 224 936 1615
10054 1615 221 936 1615
10069 1613 216 936 1615
10054 1616 217 937 1616
10064 1615 209 937 1616
10069 1614 214 937 1616
10054 1617 211 938 1617
10064 1616 213 938 1617
10069 1615 213 938 1617
628 955 221 938 1617
10054 1618 211 938 1617
10064 1617 215 939 1618
10069 1616 213 939 1618
10027 1618 208 939 1618
628 956 223 939 1618
10054 1619 212 940 1619
10064 1618 212 940 1619
10069 1617 213 940 1619
628 957 225 940 1619
10054 1620 210 941 1620
10064 1619 212 941 1620
10069 1618 213 941 1620
628 958 227 941 1620
10054 1621 210 941 1620
10064 1620 211 942 1621
10069 1619 211 942 1621
628 959 227 942 1621
10054 1622 208 942 1621
10064 1621 210 943 1622
10069 1620 214 943 1622
628 960 225 943 1622
10064 1622 213 944 1623
10069 1621 210 944 1623
628 961 227 944 1623
10054 1624 209 945 1624
10027 1624 212 945 1624
628 962 221 945 1624
10069 1623 210 946 1625
10027 1625 210 946 1625
10054 1626 212 947 1626
10064 1625 215 947 1626
10069 1624 210 947 1626
10027 1626 209 947 1626
628 964 221 947 1626
628 968 221 952 1631
10064 1630 213 952 1631
10094 1630 208 952 1631
10069 1629 211 952 1631
10027 1631 212 952 1631
10054 1632 213 953 1632
10054 1633 213 954 1633
628 970 225 954 1633
10064 1632 216 954 1633
10094 1632 210 954 1633
10027 1633 211 954 1633
10054 1634 222 955 1634
628 971 225 955 1634
10064 1633 212 955 1634
10094 1633 211 955 1634
10069 1632 215 955 1634
10027 1634 209 955 1634
10054 1635 210 956 1635
10094 1634 211 956 1635
10069 1633 208 956 1635
10027 1635 210 956 1635
10054 1636 213 957 1636
10064 1635 213 957 1636
10094 1635 209 957 1636
10027 1636 209 957 1636
10054 1637 210 958 1637
10064 1636 214 958 1637
10094 1636 210 958 1637
10027 1637 210 959 1638
10054 1638 211 959 1638
10064 1637 214 959 1638
10094 1637 209 959 1638
10027 1638 209 960 1639
10054 1639 210 960 1639
10064 1638 212 960 1639
10094 1638 209 960 1639
10027 1639 210 960 1639
10054 1640 209 961 1640
10064 1639 212 961 1640
10094 1639 210 961 1640
10054 1641 208 962 1641
10064 1640 211 962 1641
10094 1640 212 962 1641
10064 1641 212 963 1642
10094 1641 212 963 1642
10027 1642 209 964 1643
10064 1642 213 964 1643
10094 1642 211 964 1643
10027 1643 210 964 1643
10064 1643 208 965 1644
10094 1643 212 965 1644
10027 1644 210 965 1644
10094 1644 211 966 1645
10094 1645 210 967 1646
10027 1646 209 967 1646
10094 1646 210 968 1647
10027 1647 210 968 1647
10094 1647 211 969 1648
10027 1648 209 969 1648
10094 1648 211 970 1649
10054 1650 213 971 1650
10064 1649 211 971 1650
10094 1649 208 971 1650
10027 1650 209 971 1650
10054 1651 213 972 1651
10064 1650 213 972 1651
10094 1650 208 972 1651
10027 1651 208 972 1651
628 989 221 972 1651
10054 1652 214 972 1651
10064 1651 211 973 1652
628 990 221 973 1652
10027 1652 214 973 1652
10054 1653 214 973 1652
10064 1652 211 974 1653
10094 1652 210 974 1653
10064 1653 211 975 1654
10094 1653 210 975 1654
10027 1654 209 975 1654
10054 1655 210 975 1654
10064 1654 212 976 1655
10094 1654 210 976 1655
10027 1655 210 976 1655
10094 1655 210 977 1656
10027 1656 209 977 1656
10094 1656 211 978 1657
10027 1657 209 978 1657
10094 1657 210 979 1658
10027 1658 208 979 1658
10094 1658 210 980 1659
10027 1659 208 980 1659
10094 1659 210 981 1660
10027 1660 208 981 1660
10094 1660 210 982 1661
10027 1661 213 982 1661
10054 1662 209 982 1661
10064 1661 211 983 1662
10094 1661 213 983 1662
10027 1662 213 983 1662
10054 1663 210 984 1663
10064 1662 212 984 1663
10094 1662 213 984 1663
10027 1663 213 984 1663
10054 1664 210 985 1664
10094 1663 209 985 1664
10069 1663 208 986 1665
10027 1665 210 986 1665
10094 1665 207 987 1666
10069 1664 212 987 1666
628 1004 222 987 1666
10027 1666 217 987 1666
10054 1667 212 988 1667
10064 1666 211 988 1667
10094 1666 208 988 1667
10054 1668 207 989 1668
10027 1670 213 991 1670
10054 1671 209 992 1671
10054 1672 209 993 1672
10094 1671 213 993 1672
10054 1673 211 994 1673
10094 1672 212 994 1673
10027 1673 213 994 1673
10064 1673 210 995 1674
10027 1674 212 995 1674
10064 1674 207 996 1675
10094 1674 208 996 1675
10027 1675 210 996 1675
10064 1675 210 997 1676
10069 1674 208 997 1676
10054 1677 213 998 1677
10094 1676 210 998 1677
10054 1678 214 999 1678
10094 1677 210 999 1678
10069 1676 208 999 1678
10064 1678 211 1000 1679
10094 1678 210 1000 1679
10027 1679 211 1000 1679
10054 1680 211 1001 1680
10064 1679 208 1001 1680
10094 1679 209 1001 1680
10027 1680 211 1002 1681
10054 1681 212 1002 1681
10064 1680 209 1002 1681
10054 1682 210 1003 1682
10094 1681 211 1003 1682
10054 1683 209 1004 1683
10094 1682 209 1004 1683
10054 1684 213 1005 1684
10094 1683 210 1005 1684
10027 1684 211 1005 1684
10054 1685 213 1006 1685
10094 1684 209 1006 1685
10027 1685 211 1006 1685
10054 1686 214 1007 1686
10094 1685 209 1007 1686
10027 1686 210 1007 1686
10054 1687 213 1008 1687
10054 1688 212 1009 1688
10094 1687 211 1009 1688
10069 1686 211 1009 1688
10027 1688 212 1009 1688
10054 1689 215 1010 1689
10064 1688 210 1010 1689
10094 1688 208 1010 1689
10027 1689 212 1010 1689
10054 1690 212 1011 1690
10064 1689 209 1011 1690
10094 1689 209 1011 1690
10027 1690 212 1011 1690
10054 1691 215 1012 1691
10064 1690 209 1012 1691
10094 1690 209 1012 1691
10027 1691 209 1012 1691
10027 1692 209 1013 1692
10054 1693 208 1014 1693
10064 1692 208 1014 1693
10027 1693 210 1014 1693
10054 1694 209 1015 1694
10027 1694 209 1015 1694
10054 1695 209 1016 1695
10094 1694 209 1016 1695
10027 1695 209 1016 1695
10054 1696 214 1017 1696
10027 1696 210 1017 1696
10054 1697 210 1018 1697
10094 1696 209 1018 1697
10027 1697 210 1018 1697
10054 1698 211 1019 1698
10094 1697 208 1019 1698
10069 1696 212 1019 1698
10027 1698 209 1019 1698
10064 1698 209 1020 1699
10069 1697 208 1020 1699
10027 1699 210 1020 1699
10054 1700 208 1021 1700
10064 1699 211 1021 1700
10094 1700 210 1022 1701
10027 1701 209 1022 1701
10054 1702 215 1023 1702
10094 1701 210 1023 1702
10027 1702 210 1023 1702
10054 1703 216 1024 1703
10094 1702 212 1024 1703
10027 1703 210 1024 1703
10054 1704 217 1025 1704
10094 1703 211 1025 1704
10027 1704 213 1025 1704
10054 1705 209 1026 1705
10064 1704 210 1026 1705
10027 1705 214 1026 1705
628 1044 221 1027 1706
10027 1706 209 1027 1706
10054 1707 210 1028 1707
10094 1706 210 1028 1707
10069 1705 208 1028 1707
10054 1708 215 1029 1708
10064 1707 213 1029 1708
10094 1707 209 1029 1708
10069 1706 208 1029 1708
10054 1709 217 1030 1709
10064 1708 208 1030 1709
10094 1708 210 1030 1709
10054 1710 215 1031 1710
10064 1709 210 1031 1710
10027 1711 211 1032 1711
10054 1712 212 1033 1712
10094 1713 212 1035 1714
10054 1715 211 1036 1715
10069 1716 212 1039 1718
10064 1718 211 1040 1719
10064 1719 216 1041 1720
10094 1719 208 1041 1720
10054 1721 212 1042 1721
10094 1720 210 1042 1721
10054 1722 212 1043 1722
10094 1721 209 1043 1722
10054 1723 211 1044 1723
10054 1724 210 1045 1724
10094 1723 209 1045 1724
10069 1722 212 1045 1724
10027 1724 211 1045 1724
10054 1725 209 1046 1725
10064 1724 209 1046 1725
10069 1723 213 1046 1725
10027 1725 210 1046 1725
10054 1726 211 1047 1726
10064 1725 210 1047 1726
10069 1724 213 1047 1726
10027 1726 211 1047 1726
10054 1727 210 1047 1726
10064 1726 210 1048 1727
10069 1725 213 1048 1727
10027 1727 212 1048 1727
10054 1728 208 1049 1728
10027 1728 213 1049 1728
10027 1729 208 1050 1729
10027 1731 208 1052 1731
10027 1732 209 1053 1732
10064 1732 211 1054 1733
10094 1732 207 1054 1733
10027 1733 208 1054 1733
10094 1733 208 1055 1734
10069 1732 211 1055 1734
10054 1736 213 1057 1736
10094 1735 209 1057 1736
10027 1736 208 1057 1736
10064 1736 211 1058 1737
10054 1738 211 1059 1738
10064 1737 209 1059 1738
10069 1736 207 1059 1738
10054 1739 217 1060 1739
10054 1740 219 1061 1740
10054 1741 219 1062 1741
10069 1739 211 1062 1741
10054 1742 220 1063 1742
10069 1740 209 1063 1742
10054 1743 221 1064 1743
10069 1741 210 1064 1743
10054 1744 215 1065 1744
10094 1743 210 1065 1744
10054 1747 208 1068 1747
10094 1747 207 1069 1748
10094 1750 208 1072 1751
10069 1751 211 1074 1753
10027 1753 211 1074 1753
10064 1753 213 1075 1754
10094 1753 209 1075 1754
10027 1754 210 1075 1754
10069 1753 210 1076 1755
628 1093 225 1076 1755
10054 1756 219 1077 1756
10094 1755 213 1077 1756
628 1094 234 1077 1756
10027 1756 210 1077 1756
10054 1757 220 1078 1757
10064 1756 213 1078 1757
10094 1756 212 1078 1757
10069 1755 214 1078 1757
628 1095 234 1078 1757
10027 1757 210 1079 1758
10054 1758 221 1079 1758
10064 1757 213 1079 1758
10094 1757 212 1079 1758
10069 1756 214 1079 1758
628 1096 226 1079 1758
10027 1758 216 1079 1758
10094 1758 216 1080 1759
10069 1757 215 1080 1759
628 1097 223 1080 1759
10027 1759 213 1080 1759
10054 1760 212 1081 1760
10064 1759 219 1081 1760
10094 1759 234 1081 1760
10069 1758 211 1081 1760
10171 1762 210 1081 1760
10054 1761 221 1082 1761
10052 1764 219 1083 1762
10171 1764 212 1083 1762
10052 1765 214 1084 1763
10052 1766 213 1085 1764
10138 1758 208 1085 1764
10171 1766 208 1085 1764
10052 1767 213 1086 1765
10052 1768 217 1087 1766
10052 1769 216 1088 1767
10052 1771 210 1090 1769
10052 1772 209 1091 1770
10052 1773 209 1092 1771
10052 1774 209 1093 1772
10052 1775 210 1094 1773
10052 1776 208 1095 1774
10052 1779 208 1098 1777
10052 1780 210 1099 1778
10052 1781 210 1100 1779
10052 1782 209 1101 1780
10052 1783 209 1102 1781
10052 1784 208 1103 1782
10052 1786 210 1105 1784
10052 1787 210 1106 1785
10052 1788 208 1107 1786
10052 1789 208 1108 1787
10052 1790 211 1109 1788
10052 1791 210 1110 1789
10052 1792 210 1111 1790
10052 1793 210 1112 1791
10052 1794 209 1113 1792
10052 1795 211 1114 1793
10068 1798 207 1114 1793
10052 1796 209 1115 1794
10052 1797 210 1116 1795
10052 1798 210 1117 1796
10052 1799 209 1118 1797
10052 1800 210 1119 1798
10052 1801 209 1120 1799
10068 1804 207 1120 1799
10052 1802 210 1121 1800
10052 1803 209 1122 1801
10052 1805 210 1124 1803
10052 1806 210 1125 1804
10068 1809 207 1125 1804
10052 1808 210 1127 1806
10052 1809 209 1128 1807
10052 1811 209 1130 1809
10052 1812 211 1131 1810
10052 1813 209 1132 1811
10052 1814 209 1133 1812
10052 1815 208 1134 1813
10052 1816 210 1135 1814
10052 1817 210 1136 1815
10052 1818 208 1137 1816
10052 1819 211 1138 1817
10052 1820 211 1139 1818
10052 1821 211 1140 1819
10052 1822 211 1141 1820
10052 1823 212 1142 1821
10052 1824 211 1143 1822
10052 1825 211 1144 1823
10052 1826 213 1145 1824
10052 1827 212 1146 1825
10052 1828 210 1147 1826
10052 1829 211 1148 1827
10052 1830 210 1149 1828
10052 1831 212 1150 1829
10052 1832 211 1151 1830
10052 1833 212 1152 1831
10052 1834 212 1153 1832
10052 1835 210 1154 1833
10052 1836 210 1155 1834
10052 1837 211 1156 1835
10052 1838 210 1157 1836
10052 1839 212 1158 1837
10052 1840 213 1159 1838
10052 1841 211 1160 1839
10052 1842 210 1161 1840
10052 1843 209 1162 1841
10052 1844 209 1163 1842
10171 1844 208 1163 1842
10052 1845 229 1164 1843
10171 1846 212 1165 1844
10052 1847 221 1166 1845
10092 1845 212 1166 1845
10094 1844 208 1166 1845
10106 1844 214 1167 1846
10134 1840 216 1168 1847
706 302 222 1168 1847
10043 2016 211 1339 2018
452 6 233 1342 2021
10134 2014 208 1342 2021
10092 2022 213 1343 2022
481 123 227 1343 2022
10138 2016 209 1343 2022
10171 2024 219 1343 2022
631 956 224 1344 2023
10171 2025 214 1344 2023
10052 2026 220 1345 2024
10052 2028 209 1347 2026
119 166 225 1347 2026
10171 2028 214 1347 2026
10052 2029 216 1348 2027
252 384 233 1348 2027
119 167 244 1348 2027
10052 2030 219 1349 2028
252 385 228 1349 2028
119 168 236 1349 2028
10171 2030 216 1349 2028
10052 2031 213 1350 2029
252 386 221 1350 2029
119 169 229 1350 2029
10171 2031 215 1350 2029
10052 2032 208 1351 2030
119 170 221 1351 2030
10171 2032 218 1351 2030
10052 2033 216 1352 2031
252 388 221 1352 2031
119 171 231 1352 2031
10171 2033 216 1352 2031
10052 2034 216 1353 2032
119 172 235 1353 2032
10171 2034 208 1353 2032
10052 2035 215 1354 2033
119 173 229 1354 2033
10171 2035 213 1354 2033
10052 2036 211 1355 2034
252 391 225 1355 2034
10171 2036 213 1355 2034
21 137 221 1356 2035
10052 2037 214 1356 2035
252 392 226 1356 2035
10171 2037 215 1356 2035
119 175 237 1356 2035
10052 2038 217 1357 2036
578 347 233 1357 2036
252 393 225 1357 2036
119 176 233 1357 2036
10171 2038 218 1357 2036
215 265 221 1357 2036
10052 2039 223 1358 2037
59 10 236 1358 2037
578 348 236 1358 2037
10171 2039 216 1358 2037
