10094 697 207 0 698
10027 698 222 0 698
10064 698 221 0 698
10094 698 216 1 699
79 3 227 1 699
10027 699 228 1 699
10064 699 224 1 699
10094 699 209 2 700
10027 700 223 2 700
10064 700 221 2 700
10094 700 210 2 700
79 5 223 3 701
382 1 223 3 701
10027 701 229 3 701
10094 701 209 4 702
382 2 234 4 702
10027 702 219 4 702
10064 702 209 4 702
644 4 221 4 702
10094 702 211 4 702
79 7 223 5 703
10027 703 225 5 703
10064 703 208 5 703
10094 703 211 6 704
250 7 223 6 704
382 4 227 6 704
10027 704 213 6 704
10094 704 212 7 705
10027 705 224 7 705
10064 705 214 7 705
10094 705 209 8 706
10027 706 217 8 706
10064 706 218 8 706
10094 706 210 9 707
382 7 226 9 707
10027 707 223 9 707
10064 707 213 9 707
10094 707 210 10 708
10027 708 231 10 708
10064 708 208 10 708
10094 708 208 10 708
10027 709 228 11 709
10064 709 218 11 709
10094 709 209 12 710
79 14 222 12 710
10027 710 228 12 710
10064 710 217 12 710
10094 710 208 13 711
503 12 225 13 711
425 13 223 13 711
10027 711 212 13 711
10064 711 210 13 711
303 10 222 14 712
79 16 223 14 712
10027 712 209 14 712
10064 712 210 14 712
503 14 225 15 713
10027 713 213 15 713
382 13 221 15 713
10064 713 206 15 713
503 15 224 16 714
10027 714 212 16 714
10064 714 208 16 714
503 16 223 17 715
79 19 221 17 715
10027 715 218 17 715
10064 715 210 17 715
10094 715 206 18 716
503 17 223 18 716
10027 716 210 18 716
382 16 227 18 716
10064 716 209 18 716
10094 716 208 19 717
79 21 224 19 717
10027 717 219 19 717
382 17 237 19 717
10064 717 209 19 717
503 19 221 20 718
425 20 222 20 718
10027 718 223 20 718
382 18 227 20 718
10064 718 212 20 718
10094 718 208 21 719
503 20 221 21 719
79 23 227 21 719
10027 719 220 21 719
382 19 225 21 719
10094 719 207 22 720
250 23 221 22 720
10064 720 209 22 720
10094 720 208 23 721
503 22 222 23 721
425 23 223 23 721
10027 721 224 23 721
382 21 224 23 721
10064 721 208 23 721
10094 721 207 24 722
79 26 226 24 722
10027 722 216 24 722
10064 722 207 24 722
10094 722 207 25 723
503 24 223 25 723
10027 723 226 25 723
10064 723 206 25 723
10094 723 206 25 723
503 25 226 26 724
10027 724 225 26 724
10064 724 207 26 724
10094 724 207 26 724
303 23 223 27 725
10027 725 218 27 725
382 25 222 27 725
79 29 223 27 725
10064 725 212 27 725
425 28 221 28 726
10027 726 208 28 726
79 30 226 28 726
10064 726 215 28 726
10094 726 208 28 726
303 25 224 29 727
503 28 221 29 727
10027 727 228 29 727
10064 727 210 29 727
303 26 224 30 728
503 29 227 30 728
10027 728 225 30 728
10064 728 209 30 728
503 30 227 31 729
10027 729 213 31 729
79 33 225 31 729
10094 729 207 32 730
503 31 221 32 730
10027 730 213 32 730
79 34 221 32 730
10064 730 213 32 730
644 32 221 32 730
10027 731 213 33 731
79 35 223 33 731
644 33 221 33 731
10027 732 219 34 732
79 36 225 34 732
10064 732 207 34 732
303 31 225 35 733
503 34 223 35 733
79 37 225 35 733
10027 733 215 35 733
10064 733 211 35 733
303 32 223 36 734
79 38 223 36 734
382 34 223 36 734
10064 734 209 36 734
503 36 223 37 735
10027 735 211 37 735
79 39 221 37 735
10064 735 211 37 735
303 34 230 38 736
79 40 226 38 736
10027 736 206 38 736
10094 736 207 39 737
303 35 226 39 737
79 41 228 39 737
10027 737 227 39 737
10064 737 212 39 737
10094 737 206 40 738
303 36 227 40 738
79 42 227 40 738
10027 738 221 40 738
303 37 222 41 739
503 40 223 41 739
79 43 233 41 739
10027 739 223 41 739
425 42 223 42 740
79 44 228 42 740
10027 740 221 42 740
79 45 227 43 741
10027 741 210 43 741
10064 741 213 43 741
303 40 221 44 742
79 46 229 44 742
10027 742 217 44 742
382 42 222 44 742
10064 742 219 44 742
10094 742 208 45 743
503 44 225 45 743
79 47 231 45 743
382 43 221 45 743
10027 743 207 45 743
10064 743 212 45 743
303 42 221 46 744
503 45 223 46 744
10027 744 214 46 744
10064 744 214 46 744
10094 744 206 47 745
503 46 231 47 745
10064 745 212 47 745
503 47 227 48 746
10027 746 221 48 746
10064 746 215 48 746
303 45 221 49 747
10027 747 217 49 747
382 47 227 49 747
10064 747 211 49 747
303 46 223 50 748
10027 748 223 50 748
10064 748 209 50 748
503 50 230 51 749
303 47 226 51 749
10027 749 213 51 749
10094 749 207 52 750
503 51 230 52 750
10064 750 210 52 750
503 52 223 53 751
303 49 223 53 751
10027 751 222 53 751
10064 751 207 53 751
503 53 223 54 752
10027 752 217 54 752
10064 752 211 54 752
503 54 225 55 753
303 51 225 55 753
425 55 223 55 753
10027 753 224 55 753
10064 753 208 55 753
10027 754 223 56 754
382 54 221 56 754
10064 754 210 56 754
10027 755 225 57 755
382 55 221 57 755
10064 755 215 57 755
10027 756 226 58 756
10027 757 210 59 757
10064 757 210 59 757
10094 757 207 60 758
303 56 225 60 758
10027 758 210 60 758
10064 758 209 60 758
10094 758 206 61 759
382 59 221 61 759
10027 759 225 61 759
10064 759 212 61 759
10027 760 222 62 760
10064 760 214 62 760
10094 760 208 62 760
303 59 223 63 761
10027 761 227 63 761
10064 761 211 63 761
303 60 226 64 762
10027 762 226 64 762
10064 762 210 64 762
10094 762 209 64 762
303 61 230 65 763
10027 763 222 65 763
10064 763 207 65 763
303 62 229 66 764
10027 764 222 66 764
10094 764 211 66 764
10027 765 229 67 765
10064 765 210 67 765
303 64 223 68 766
503 67 223 68 766
79 70 221 68 766
10027 766 215 68 766
10064 766 211 68 766
10027 767 219 69 767
10027 768 212 70 768
10064 768 208 70 768
10094 768 206 71 769
303 67 223 71 769
79 73 226 71 769
10027 769 215 71 769
10064 769 213 71 769
10027 770 227 72 770
10027 771 226 73 771
10064 771 212 73 771
303 70 225 74 772
503 73 233 74 772
10027 772 220 74 772
303 71 222 75 773
503 74 222 75 773
382 73 223 75 773
10064 773 207 75 773
10027 774 223 76 774
10064 774 212 76 774
303 73 223 77 775
503 76 225 77 775
10027 775 217 77 775
303 74 227 78 776
503 77 229 78 776
10027 776 221 78 776
10064 776 207 78 776
10094 776 210 79 777
503 78 221 79 777
10027 777 212 79 777
10064 777 211 79 777
10027 778 223 80 778
10071 781 205 81 779
104 82 221 82 780
104 84 231 84 782
707 34 222 84 782
746 74 231 86 784
366 27 221 86 784
239 87 224 86 784
10036 778 208 87 785
10129 782 209 87 785
343 77 241 87 785
10014 778 208 88 786
665 9 221 88 786
10154 780 211 88 786
10124 777 206 88 786
10156 781 210 88 786
10036 780 207 89 787
10095 780 206 89 787
10124 778 208 89 787
10156 782 222 90 788
10014 780 213 90 788
10095 781 211 90 788
10074 781 207 90 788
10156 783 208 90 788
10156 784 209 91 789
10124 781 208 92 790
10074 783 207 92 790
10156 785 212 92 790
10095 784 208 93 791
10156 786 217 93 791
10095 785 208 94 792
302 104 221 94 792
684 76 225 94 792
10156 787 215 94 792
10095 786 209 95 793
10156 788 213 95 793
10095 787 212 96 794
684 78 225 96 794
10156 789 207 96 794
10095 788 208 97 795
302 107 227 97 795
10156 790 215 97 795
10095 789 213 98 796
10154 790 208 98 796
10156 791 210 98 796
10095 790 211 99 797
10154 791 209 99 797
10156 792 209 99 797
10095 791 207 100 798
10124 789 209 100 798
302 110 221 100 798
372 82 221 100 798
10156 793 215 101 799
10095 792 214 101 799
10154 793 212 101 799
10124 790 208 101 799
10156 794 217 102 800
10095 793 210 102 800
175 52 221 102 800
10154 794 207 102 800
302 112 221 102 800
10156 795 218 103 801
10014 793 206 103 801
10156 796 217 104 802
10014 794 207 104 802
684 86 223 104 802
10124 793 209 104 802
302 114 229 104 802
10156 797 211 105 803
10095 796 220 105 803
684 87 229 105 803
302 115 227 105 803
10156 798 213 106 804
10095 797 213 106 804
684 88 225 106 804
10124 795 213 106 804
302 116 223 106 804
10156 799 212 107 805
10095 798 215 107 805
684 89 227 107 805
10154 799 209 107 805
10156 800 211 108 806
10014 798 207 108 806
10095 799 208 108 806
684 90 225 108 806
302 118 223 108 806
10156 801 217 109 807
10095 800 215 109 807
10124 798 210 109 807
302 119 224 109 807
10156 802 221 110 808
10014 800 207 110 808
10095 801 215 110 808
684 92 225 110 808
10154 802 209 110 808
10124 799 207 110 808
10156 803 219 111 809
684 93 225 111 809
10154 803 211 111 809
302 121 223 111 809
10156 804 217 112 810
10014 802 206 112 810
10095 803 212 112 810
684 94 223 112 810
10154 804 208 112 810
10124 801 208 112 810
10074 803 205 112 810
302 122 221 112 810
10156 805 218 113 811
10095 804 209 113 811
684 95 229 113 811
10154 805 209 113 811
10124 802 207 113 811
10074 804 206 113 811
10156 806 219 114 812
10095 805 211 114 812
684 96 227 114 812
10154 806 208 114 812
10124 803 207 114 812
302 124 226 114 812
10156 807 220 115 813
10095 806 211 115 813
684 97 224 115 813
10154 807 211 115 813
10156 808 209 116 814
10095 807 211 116 814
684 98 225 116 814
10154 808 209 116 814
10124 805 211 116 814
302 126 222 116 814
10156 809 219 117 815
10095 808 209 117 815
684 99 223 117 815
10154 809 207 117 815
302 127 226 117 815
10156 810 215 118 816
684 100 231 118 816
10154 810 209 118 816
10124 807 207 118 816
302 128 221 118 816
10156 811 209 119 817
175 69 225 119 817
684 101 227 119 817
10154 811 211 119 817
10124 808 207 119 817
10156 812 212 120 818
10074 811 206 120 818
302 130 226 120 818
10156 813 209 121 819
10095 812 208 121 819
684 103 227 121 819
10154 813 207 121 819
10124 810 207 121 819
10074 812 207 121 819
10156 814 212 122 820
10095 813 211 122 820
10154 814 209 122 820
10156 815 218 123 821
10095 814 210 123 821
10156 816 218 124 822
10095 815 213 124 822
10124 813 207 124 822
10156 817 218 125 823
10095 816 215 125 823
684 107 223 125 823
302 135 221 125 823
10156 818 220 126 824
10095 817 211 126 824
10156 819 215 127 825
589 140 235 127 825
10095 818 208 127 825
10095 819 211 128 826
10156 821 209 129 827
589 142 227 129 827
10095 820 210 129 827
382 127 225 129 827
10074 820 207 129 827
10156 822 217 129 827
10095 821 209 130 828
382 128 221 130 828
10156 823 215 131 829
589 144 221 131 829
10095 822 215 131 829
10156 824 206 132 830
10095 823 216 132 830
10124 821 208 132 830
177 141 224 133 831
10095 824 219 133 831
684 115 223 133 831
10156 826 221 134 832
10095 825 214 134 832
684 116 221 134 832
372 116 221 134 832
10156 827 221 135 833
10095 826 211 135 833
10154 827 207 135 833
10124 824 208 135 833
10156 828 215 136 834
10095 827 209 136 834
439 65 224 136 834
10156 829 213 137 835
10095 828 210 137 835
684 119 221 137 835
671 151 227 137 835
10156 830 213 138 836
10095 829 210 138 836
10156 831 208 139 837
10095 830 210 139 837
10154 831 207 139 837
10124 828 211 139 837
439 68 221 139 837
10156 832 209 140 838
10095 831 212 140 838
175 90 221 140 838
10154 832 207 140 838
10124 829 209 140 838
10156 833 214 141 839
10095 832 210 141 839
99 137 227 141 839
10154 833 207 141 839
10124 830 211 141 839
10156 834 211 142 840
10095 833 211 142 840
10081 833 207 142 840
10154 834 208 142 840
302 152 227 142 840
10156 835 210 143 841
10095 834 210 143 841
10124 832 207 143 841
302 153 222 143 841
10156 836 219 144 842
10095 835 212 144 842
10124 833 207 144 842
302 154 224 144 842
10156 837 219 145 843
10095 836 213 145 843
10081 836 206 145 843
10124 834 211 145 843
10074 836 206 145 843
684 127 221 145 843
10156 838 220 146 844
10095 837 209 146 844
10124 835 206 146 844
302 156 226 146 844
10095 838 213 147 845
10124 836 206 147 845
302 157 223 147 845
10095 839 213 148 846
10095 840 209 149 847
10124 838 210 149 847
372 131 225 149 847
10156 842 211 150 848
10095 841 212 150 848
10124 839 209 150 848
684 132 222 150 848
10156 843 212 151 849
10095 842 212 151 849
10154 843 211 151 849
684 133 221 151 849
10156 844 213 152 850
10095 843 211 152 850
302 162 221 152 850
10156 845 217 153 851
10095 844 211 153 851
684 135 225 153 851
10156 846 213 154 852
10095 845 215 154 852
10154 846 206 154 852
10124 843 208 154 852
684 136 223 154 852
10156 847 217 155 853
10095 846 212 155 853
302 165 224 155 853
10154 847 207 155 853
10124 844 207 155 853
684 137 225 155 853
10156 848 210 156 854
10095 847 216 156 854
10074 847 206 156 854
684 138 225 156 854
10156 849 217 157 855
10095 848 212 157 855
302 167 222 157 855
684 139 224 157 855
10156 850 212 158 856
10095 849 213 158 856
10074 849 206 158 856
684 140 226 158 856
10156 851 209 159 857
10095 850 207 159 857
684 141 221 159 857
10156 852 216 160 858
10095 851 206 160 858
10156 853 213 161 859
10095 852 207 161 859
10154 853 207 161 859
10156 854 218 162 860
10095 853 219 162 860
10154 854 205 162 860
10156 855 219 163 861
10095 854 211 163 861
10124 852 210 163 861
10156 856 219 164 862
10095 855 211 164 862
10124 853 208 164 862
10156 857 208 165 863
10095 856 212 165 863
684 147 223 165 863
10156 858 217 166 864
10095 857 217 166 864
10124 855 209 166 864
10156 859 220 167 865
10095 858 214 167 865
10124 856 212 167 865
684 149 223 167 865
10156 860 221 168 866
10095 859 213 168 866
10154 860 206 168 866
10156 861 219 169 867
10095 860 208 169 867
10154 861 207 169 867
10124 858 206 169 867
684 151 221 169 867
10156 862 215 170 868
10156 863 216 171 869
10156 864 217 172 870
10095 863 209 172 870
10156 865 208 173 871
684 155 221 173 871
302 183 231 173 871
10156 866 215 174 872
10095 865 209 174 872
10124 863 206 174 872
302 184 221 174 872
10156 867 219 175 873
10095 866 218 175 873
302 185 222 175 873
10156 868 211 176 874
10095 867 211 176 874
302 186 225 176 874
10156 869 207 177 875
10095 868 217 177 875
10095 869 219 178 876
10124 867 211 178 876
684 160 225 178 876
302 188 227 178 876
10156 871 221 179 877
10095 870 209 179 877
175 129 225 179 877
10154 871 207 179 877
10124 868 207 179 877
10074 870 208 179 877
684 161 225 179 877
10156 872 211 180 878
684 162 226 180 878
302 190 221 180 878
10156 873 218 181 879
684 163 224 181 879
10156 874 210 182 880
10156 875 214 183 881
684 165 223 183 881
302 193 224 183 881
10156 876 210 184 882
10095 875 211 184 882
684 166 223 184 882
302 194 221 184 882
10156 877 218 185 883
10095 876 217 185 883
684 167 229 185 883
302 195 222 185 883
10156 878 210 186 884
10036 877 205 186 884
10095 877 218 186 884
10124 875 208 186 884
684 168 225 186 884
10156 879 210 187 885
684 169 237 187 885
10156 880 211 188 886
10095 879 215 188 886
684 170 233 188 886
10156 881 216 189 887
10095 880 211 189 887
10156 882 213 190 888
10095 881 212 190 888
10154 882 208 190 888
10124 879 206 190 888
684 172 226 190 888
10156 883 212 191 889
10095 882 211 191 889
10154 883 207 191 889
10156 884 211 192 890
10156 885 218 193 891
10095 884 211 193 891
10156 886 219 194 892
10095 885 208 194 892
10156 887 221 195 893
10095 886 208 195 893
10156 889 206 197 895
10156 890 210 198 896
10156 891 210 199 897
10095 890 208 199 897
10156 892 208 200 898
10095 891 210 200 898
10156 893 212 201 899
10095 892 218 201 899
10156 894 216 202 900
10095 893 217 202 900
10124 891 206 202 900
10156 895 216 203 901
10095 894 210 203 901
175 153 221 203 901
10156 896 213 204 902
10095 895 212 204 902
10124 893 208 204 902
10156 897 218 205 903
10095 896 210 205 903
175 155 231 205 903
10074 896 206 205 903
10156 898 219 206 904
10095 897 213 206 904
175 156 227 206 904
10156 899 213 207 905
10095 898 211 207 905
10124 896 207 207 905
10156 900 221 208 906
10095 899 221 208 906
302 218 222 208 906
684 190 223 208 906
10156 901 207 209 907
10095 900 207 209 907
10124 898 207 209 907
684 191 222 209 907
302 219 226 209 907
10156 902 211 210 908
10124 899 209 210 908
302 220 224 210 908
10156 903 210 211 909
10095 902 212 211 909
10124 900 208 211 909
684 193 226 211 909
10156 904 212 211 909
10124 901 207 212 910
10156 905 219 212 910
10095 904 209 213 911
10154 905 208 213 911
684 195 227 213 911
10156 906 213 213 911
10154 906 207 214 912
684 196 227 214 912
10156 907 210 214 912
10095 906 216 215 913
10154 907 209 215 913
684 197 225 215 913
10156 908 215 215 913
10095 907 210 216 914
10154 908 209 216 914
684 198 229 216 914
10156 909 216 216 914
10095 908 208 217 915
10154 909 209 217 915
684 199 226 217 915
10156 910 217 217 915
10095 909 211 218 916
10124 907 210 218 916
302 228 227 218 916
10156 911 215 218 916
10095 910 210 219 917
10154 911 210 219 917
10124 908 208 219 917
684 201 236 219 917
10156 912 210 219 917
10095 911 215 220 918
10154 912 208 220 918
10156 913 216 220 918
10095 912 213 221 919
10154 913 208 221 919
684 203 223 221 919
10156 914 209 221 919
10095 913 219 222 920
302 232 221 222 920
10156 915 219 222 920
579 237 223 223 921
10154 915 209 223 921
10124 912 209 223 921
302 233 223 223 921
10095 915 210 224 922
10156 917 214 224 922
10156 918 213 225 923
684 208 233 226 924
302 236 221 226 924
10156 919 216 226 924
10095 918 215 227 925
10124 916 208 227 925
684 209 221 227 925
302 237 221 227 925
10156 920 213 227 925
10095 919 215 228 926
10124 917 209 228 926
684 210 221 228 926
10156 921 221 228 926
10095 920 210 229 927
10124 918 207 229 927
684 211 228 229 927
302 239 224 229 927
10156 922 209 229 927
10095 921 212 230 928
10124 919 207 230 928
684 212 223 230 928
302 240 226 230 928
10156 923 215 231 929
684 213 226 231 929
10095 923 209 232 930
10124 921 207 232 930
684 215 230 233 931
10156 926 211 234 932
10095 925 214 234 932
684 216 228 234 932
10156 927 209 234 932
10095 926 209 235 933
684 217 224 235 933
10095 927 210 236 934
10124 925 206 236 934
684 218 228 236 934
10156 929 217 237 935
10095 928 213 237 935
10154 929 209 237 935
10124 926 207 237 935
10156 930 218 238 936
10095 929 209 238 936
10154 930 208 238 936
10124 927 209 238 936
10156 931 217 239 937
10095 930 210 239 937
10156 932 208 240 938
10156 933 223 240 938
10124 930 209 241 939
10156 934 214 242 940
10095 933 208 242 940
10156 935 211 243 941
10095 934 212 243 941
10124 932 206 243 941
10095 935 213 244 942
10156 937 214 245 943
10095 936 210 245 943
10154 937 208 245 943
10124 934 208 245 943
10156 938 212 246 944
10095 937 208 246 944
10124 935 206 246 944
10154 939 207 247 945
10124 936 207 247 945
10156 940 221 248 946
10095 939 209 248 946
10124 937 207 248 946
10156 941 218 249 947
10124 938 208 249 947
10156 942 221 250 948
10095 941 209 250 948
10124 939 210 250 948
10156 943 221 251 949
10095 942 210 251 949
684 233 223 251 949
10154 943 207 251 949
10124 940 210 251 949
10156 944 217 252 950
10095 943 208 252 950
684 234 223 252 950
10154 944 207 252 950
10124 941 206 252 950
10156 945 210 253 951
10095 944 210 253 951
10154 945 206 253 951
10156 946 209 254 952
10095 945 207 254 952
684 236 223 254 952
10154 946 206 254 952
302 264 223 254 952
10156 947 208 255 953
684 237 221 255 953
10154 947 207 255 953
10124 944 206 255 953
302 265 223 255 953
10156 948 205 256 954
10124 945 208 256 954
10156 949 210 257 955
10095 948 208 257 955
10154 949 207 257 955
10156 950 215 258 956
10154 950 208 258 956
10124 947 207 258 956
10156 951 219 258 956
10095 950 209 259 957
10154 951 206 259 957
10124 948 209 259 957
302 269 223 259 957
10156 952 209 259 957
10095 951 208 260 958
10156 953 212 260 958
10095 952 214 261 959
684 243 221 261 959
10154 953 209 261 959
10095 953 210 262 960
10156 955 210 262 960
732 219 221 263 961
684 245 221 263 961
10154 955 205 263 961
10124 952 207 263 961
10095 955 209 264 962
10124 953 206 264 962
10156 957 218 264 962
10156 958 217 265 963
10095 957 211 266 964
684 248 223 266 964
10156 959 221 266 964
10014 957 206 267 965
10095 958 210 267 965
684 249 224 267 965
10124 956 206 267 965
10156 960 219 267 965
10014 958 206 268 966
10095 959 209 268 966
684 250 223 268 966
10124 957 210 268 966
10156 961 219 268 966
10095 960 207 269 967
10154 961 207 269 967
10124 958 211 269 967
10156 962 220 269 967
10095 961 208 270 968
684 252 224 270 968
10124 959 208 270 968
10156 963 222 270 968
10124 960 208 271 969
10156 964 219 271 969
684 254 221 272 970
10156 965 217 272 970
10095 964 210 273 971
10154 965 208 273 971
10124 962 210 273 971
10156 966 219 273 971
10095 965 210 274 972
10156 967 219 274 972
10095 966 207 275 973
10124 964 206 275 973
10156 968 213 275 973
302 285 228 275 973
10095 967 207 276 974
10156 969 212 276 974
10095 968 210 277 975
10154 969 207 277 975
10156 970 212 277 975
10154 970 208 278 976
10156 971 213 278 976
10154 971 206 279 977
684 5 223 279 977
10156 972 209 279 977
10095 971 210 280 978
10154 972 211 280 978
10156 973 216 280 978
10095 972 213 281 979
10154 973 210 281 979
10124 970 206 281 979
10156 974 217 281 979
10095 973 208 282 980
10081 973 206 282 980
10154 974 210 282 980
10124 971 207 282 980
372 264 221 282 980
10156 975 210 282 980
10095 974 209 283 981
10154 975 209 283 981
10124 972 208 283 981
439 212 221 283 981
10156 976 215 283 981
10095 975 210 284 982
10124 973 207 284 982
10156 977 213 284 982
10095 976 213 285 983
10154 977 212 285 983
10095 977 214 286 984
10154 978 211 286 984
439 215 227 286 984
10156 979 218 286 984
10095 978 212 287 985
177 295 221 287 985
10154 979 210 287 985
439 216 228 287 985
10156 980 216 287 985
10095 979 207 288 986
10154 980 210 288 986
439 217 231 288 986
10156 981 221 288 986
10154 981 210 289 987
10124 978 210 289 987
439 218 232 289 987
10156 982 217 289 987
10154 982 211 290 988
10124 979 208 290 988
439 219 233 290 988
10156 983 219 290 988
302 301 225 291 989
10156 984 219 291 989
10095 983 216 292 990
10156 985 217 292 990
10095 984 210 293 991
10156 986 215 293 991
10156 987 210 294 992
10095 986 210 295 993
684 21 224 295 993
10156 988 206 295 993
10095 987 213 296 994
684 22 223 296 994
10156 989 216 296 994
684 23 225 297 995
10156 990 209 297 995
10095 989 216 298 996
684 24 221 298 996
10156 991 212 298 996
10095 990 209 299 997
10156 992 213 299 997
10095 991 213 300 998
684 26 221 300 998
10156 993 210 300 998
10095 992 214 301 999
684 27 223 301 999
10156 994 215 301 999
10154 994 208 302 1000
10124 991 209 302 1000
439 231 229 302 1000
10156 995 217 302 1000
10095 994 210 303 1001
10154 995 211 303 1001
10124 992 209 303 1001
684 29 223 303 1001
439 232 233 303 1001
10156 996 221 303 1001
10095 995 205 304 1002
10154 996 209 304 1002
684 30 226 304 1002
439 233 222 304 1002
10156 997 208 304 1002
10095 996 207 305 1003
177 313 224 305 1003
10154 997 209 305 1003
684 31 222 305 1003
439 234 227 305 1003
10156 998 212 305 1003
10095 997 209 306 1004
10124 995 206 306 1004
10074 997 206 306 1004
10156 999 207 306 1004
10095 998 207 307 1005
302 317 224 307 1005
10156 1000 218 307 1005
732 264 221 308 1006
10095 999 215 308 1006
10156 1001 213 308 1006
10156 1002 211 309 1007
10095 1001 207 310 1008
10154 1002 205 310 1008
684 36 222 310 1008
10156 1003 211 310 1008
10095 1002 212 311 1009
684 37 225 311 1009
10156 1004 213 311 1009
10095 1003 211 312 1010
10124 1001 209 312 1010
684 38 222 312 1010
10156 1005 219 312 1010
10095 1004 206 313 1011
10124 1002 212 313 1011
684 39 229 313 1011
10156 1006 217 313 1011
10095 1005 207 314 1012
10124 1003 211 314 1012
684 40 229 314 1012
10156 1007 216 314 1012
302 324 225 314 1012
10124 1004 207 315 1013
684 41 228 315 1013
10156 1008 211 315 1013
302 325 223 315 1013
10124 1005 210 316 1014
684 42 223 316 1014
10156 1009 212 316 1014
302 326 229 316 1014
10095 1008 227 317 1015
10156 1010 216 317 1015
10095 1009 211 318 1016
10154 1010 206 318 1016
10166 1020 210 318 1016
382 316 222 318 1016
10129 1014 210 319 1017
577 329 226 319 1017
382 317 221 319 1017
10115 1013 208 320 1018
684 46 223 320 1018
732 278 223 322 1020
639 332 223 322 1020
218 79 234 323 1021
97 141 231 323 1021
245 335 229 323 1021
63 310 239 324 1022
10118 1018 213 325 1023
69 262 221 325 1023
682 333 221 325 1023
10118 1019 212 326 1024
254 160 225 326 1024
10118 1020 222 327 1025
700 190 221 328 1026
10118 1021 217 328 1026
10118 1022 212 329 1027
682 337 221 329 1027
10118 1023 211 330 1028
254 164 223 330 1028
279 337 225 331 1029
10118 1024 217 331 1029
254 165 232 331 1029
261 333 221 332 1030
279 338 229 332 1030
10118 1025 227 332 1030
254 166 233 332 1030
700 195 235 333 1031
279 339 233 333 1031
10118 1026 215 333 1031
292 198 223 333 1031
254 167 222 333 1031
700 196 228 334 1032
261 335 230 334 1032
279 340 221 334 1032
10118 1027 220 334 1032
466 93 221 334 1032
261 336 235 335 1033
10118 1028 221 335 1033
292 1 224 335 1033
254 169 231 335 1033
261 337 223 336 1034
10118 1029 223 336 1034
292 2 231 336 1034
254 170 225 336 1034
10118 1030 225 337 1035
254 171 228 337 1035
466 96 228 337 1035
621 340 237 338 1036
261 339 225 338 1036
782 289 221 338 1036
10118 1031 222 338 1036
292 4 223 338 1036
254 172 231 338 1036
119 310 228 338 1036
466 97 227 338 1036
621 341 224 339 1037
10118 1032 221 339 1037
292 5 227 339 1037
254 173 239 339 1037
10118 1033 219 340 1038
292 6 236 340 1038
254 174 229 340 1038
10118 1034 225 341 1039
254 175 224 341 1039
621 344 225 342 1040
10118 1035 217 342 1040
292 8 225 342 1040
254 176 229 342 1040
10118 1037 217 344 1042
292 10 223 344 1042
254 178 235 344 1042
279 351 231 345 1043
10118 1038 227 345 1043
292 11 229 345 1043
254 179 229 345 1043
292 12 223 346 1044
10118 1039 225 346 1044
254 180 224 346 1044
621 349 222 347 1045
292 13 223 347 1045
10118 1040 223 347 1045
10118 1041 220 348 1046
292 15 222 349 1047
10118 1042 222 349 1047
10118 1043 220 350 1048
292 17 230 351 1049
10118 1044 220 351 1049
10118 1045 221 352 1050
621 355 222 352 1050
10118 1046 219 353 1051
279 360 228 354 1052
10118 1047 218 354 1052
621 357 223 354 1052
279 361 223 355 1053
10118 1048 213 355 1053
254 189 225 355 1053
621 358 221 355 1053
10118 1049 227 356 1054
621 359 227 356 1054
10118 1050 220 357 1055
254 191 233 357 1055
261 359 225 358 1056
292 24 223 358 1056
10118 1051 207 358 1056
254 192 221 358 1056
279 365 223 359 1057
10118 1052 223 359 1057
254 193 231 359 1057
782 311 224 360 1058
10118 1053 217 360 1058
254 194 223 360 1058
621 363 222 360 1058
782 312 236 361 1059
279 367 227 361 1059
10118 1054 209 361 1059
782 313 231 362 1060
279 368 227 362 1060
10118 1055 225 362 1060
621 365 227 362 1060
782 314 230 363 1061
279 369 225 363 1061
10118 1056 217 363 1061
254 197 221 363 1061
621 366 224 363 1061
279 370 221 364 1062
10118 1057 211 364 1062
254 198 230 364 1062
782 316 225 365 1063
10118 1058 213 365 1063
782 317 229 366 1064
279 372 231 366 1064
10118 1059 213 366 1064
254 200 225 366 1064
279 373 225 367 1065
782 318 225 367 1065
10118 1060 223 367 1065
254 201 225 367 1065
621 370 226 367 1065
279 374 226 368 1066
10118 1061 220 368 1066
621 371 225 368 1066
10118 1062 209 369 1067
254 203 223 369 1067
621 372 223 369 1067
279 376 233 370 1068
254 204 225 370 1068
621 373 229 370 1068
292 37 225 371 1069
279 377 221 371 1069
10118 1064 222 371 1069
254 205 225 371 1069
10118 1065 217 372 1070
292 39 225 373 1071
279 379 226 373 1071
10118 1066 227 373 1071
254 207 222 373 1071
621 376 227 373 1071
279 380 231 374 1072
10118 1067 225 374 1072
254 208 235 374 1072
279 381 233 375 1073
10118 1068 225 375 1073
254 209 230 375 1073
621 378 222 375 1073
10118 1069 216 376 1074
279 382 233 376 1074
10118 1070 220 377 1075
279 383 239 377 1075
254 211 235 377 1075
621 380 221 377 1075
10118 1071 221 378 1076
279 384 225 378 1076
254 212 226 378 1076
261 380 221 379 1077
541 88 224 379 1077
10118 1072 225 379 1077
279 385 237 379 1077
254 213 227 379 1077
541 89 223 380 1078
292 46 224 380 1078
10118 1073 219 380 1078
279 386 237 380 1078
69 317 222 380 1078
292 47 225 381 1079
10118 1074 223 381 1079
292 48 226 382 1080
292 49 225 383 1081
10118 1076 208 383 1081
279 389 225 383 1081
10118 1077 223 384 1082
279 390 225 384 1082
254 218 223 384 1082
10118 1078 225 385 1083
279 391 229 385 1083
254 219 227 385 1083
10118 1079 228 386 1084
279 392 225 386 1084
254 220 230 386 1084
10118 1080 227 387 1085
279 394 223 388 1086
10118 1081 221 388 1086
254 222 223 388 1086
292 55 223 389 1087
10118 1082 220 389 1087
279 395 221 389 1087
292 56 231 390 1088
10118 1083 225 390 1088
621 393 221 390 1088
292 57 221 391 1089
10118 1084 223 391 1089
279 397 226 391 1089
254 225 228 391 1089
292 58 224 392 1090
10118 1085 221 392 1090
254 226 229 392 1090
292 59 229 393 1091
10118 1086 221 393 1091
254 227 223 393 1091
292 60 235 394 1092
10118 1087 224 394 1092
254 228 224 394 1092
292 61 226 395 1093
10118 1088 221 395 1093
279 401 221 395 1093
254 229 227 395 1093
621 398 221 395 1093
10118 1089 213 396 1094
254 230 228 396 1094
10118 1090 213 397 1095
254 231 226 397 1095
10118 1091 228 398 1096
10118 1092 224 399 1097
254 233 225 399 1097
279 406 226 400 1098
10118 1093 222 400 1098
254 234 229 400 1098
292 67 221 401 1099
10118 1094 223 401 1099
279 408 225 402 1100
10118 1095 221 402 1100
292 69 226 403 1101
279 409 221 403 1101
10118 1096 210 403 1101
279 410 225 404 1102
10118 1097 223 404 1102
10118 1098 219 405 1103
292 72 223 406 1104
279 412 222 406 1104
10118 1099 227 406 1104
10118 1100 221 407 1105
254 241 237 407 1105
10118 1101 220 408 1106
292 75 237 409 1107
10118 1102 221 409 1107
254 243 221 409 1107
466 168 223 409 1107
10118 1103 213 410 1108
467 410 221 410 1108
700 273 232 411 1109
292 77 221 411 1109
10118 1104 225 411 1109
700 274 229 412 1110
10118 1105 227 412 1110
254 246 237 412 1110
700 275 233 413 1111
10118 1106 210 413 1111
700 276 224 414 1112
10118 1107 212 414 1112
700 277 226 415 1113
10118 1108 219 415 1113
700 278 231 416 1114
10118 1109 216 416 1114
10118 1110 219 417 1115
254 251 221 417 1115
700 280 226 418 1116
700 281 231 419 1117
10118 1112 216 419 1117
254 253 224 419 1117
700 282 228 420 1118
10118 1113 209 420 1118
700 283 231 421 1119
10118 1114 221 421 1119
700 284 230 422 1120
10118 1115 216 422 1120
700 285 223 423 1121
10118 1116 213 423 1121
254 257 221 423 1121
700 286 225 424 1122
10118 1117 210 424 1122
254 258 221 424 1122
10118 1118 221 425 1123
10118 1119 216 426 1124
292 92 221 426 1124
292 93 221 427 1125
10118 1120 220 427 1125
254 261 226 427 1125
700 290 223 428 1126
10118 1121 217 428 1126
254 262 221 428 1126
700 291 225 429 1127
10118 1122 215 429 1127
700 292 223 430 1128
292 96 221 430 1128
10118 1123 225 430 1128
700 293 225 431 1129
10118 1124 207 431 1129
10118 1125 208 432 1130
254 266 222 432 1130
700 295 221 433 1131
10118 1126 219 433 1131
10118 1127 221 434 1132
700 297 221 435 1133
10118 1128 219 435 1133
700 298 225 436 1134
10118 1129 220 436 1134
10118 1130 219 437 1135
10118 1131 212 438 1136
254 272 223 438 1136
10118 1132 217 439 1137
10118 1133 211 440 1138
10118 1134 218 441 1139
10118 1135 216 442 1140
700 305 223 443 1141
10118 1136 219 443 1141
254 277 224 443 1141
700 306 224 444 1142
10118 1137 213 444 1142
10118 1138 211 445 1143
254 279 223 445 1143
10118 1139 215 446 1144
10118 1140 216 447 1145
10118 1141 219 448 1146
254 282 222 448 1146
10118 1142 212 449 1147
292 116 221 450 1148
10118 1143 216 450 1148
254 284 221 450 1148
10118 1144 209 451 1149
254 285 225 451 1149
10118 1146 217 453 1151
10118 1147 213 454 1152
254 288 221 454 1152
10118 1148 220 455 1153
10118 1149 220 456 1154
700 319 224 457 1155
10118 1150 214 457 1155
10118 1151 219 458 1156
10118 1152 211 459 1157
10118 1155 213 462 1160
10118 1156 217 463 1161
10118 1157 217 464 1162
10118 1158 212 465 1163
10118 1159 213 466 1164
10118 1160 213 467 1165
10118 1161 217 468 1166
254 302 223 468 1166
254 303 221 469 1167
10118 1162 223 469 1167
254 304 225 470 1168
10118 1163 214 470 1168
700 333 223 471 1169
10118 1164 212 471 1169
254 305 223 471 1169
254 306 223 472 1170
10118 1165 212 472 1170
254 307 227 473 1171
10118 1167 221 474 1172
10118 1168 222 475 1173
700 338 226 476 1174
10118 1169 221 476 1174
700 339 227 477 1175
10118 1170 222 477 1175
700 340 224 478 1176
254 312 221 478 1176
10118 1171 223 478 1176
700 341 225 479 1177
10118 1172 214 479 1177
700 342 224 480 1178
254 314 221 480 1178
10118 1173 210 480 1178
700 343 223 481 1179
10118 1174 219 481 1179
254 316 222 482 1180
10118 1175 213 482 1180
10118 1176 218 483 1181
10118 1177 218 484 1182
10118 1178 217 485 1183
700 348 222 486 1184
10118 1179 220 486 1184
10118 1180 217 487 1185
10118 1181 211 488 1186
10118 1182 219 489 1187
254 323 226 489 1187
700 352 225 490 1188
10118 1183 213 490 1188
254 324 223 490 1188
10118 1184 222 491 1189
700 354 227 492 1190
10118 1185 223 492 1190
700 355 223 493 1191
10118 1186 211 493 1191
700 356 223 494 1192
10118 1187 221 494 1192
541 204 221 495 1193
700 357 225 495 1193
254 329 227 495 1193
700 358 226 496 1194
10118 1189 223 496 1194
541 206 223 497 1195
700 359 227 497 1195
10118 1190 210 497 1195
700 360 222 498 1196
10118 1191 220 498 1196
700 361 224 499 1197
10118 1192 213 499 1197
10118 1193 219 500 1198
10118 1196 213 503 1201
10118 1198 219 505 1203
700 368 221 506 1204
10118 1199 218 506 1204
10118 1200 214 507 1205
10118 1201 212 508 1206
10118 1202 211 509 1207
254 343 226 509 1207
541 219 222 510 1208
700 372 223 510 1208
10118 1203 218 510 1208
254 344 225 510 1208
541 220 221 511 1209
700 373 222 511 1209
10118 1204 218 511 1209
541 221 223 512 1210
254 346 223 512 1210
10118 1205 219 512 1210
254 347 225 513 1211
10118 1206 228 513 1211
254 348 227 514 1212
10118 1207 212 514 1212
254 349 222 515 1213
10118 1208 215 515 1213
700 378 221 516 1214
254 350 223 516 1214
10118 1209 211 516 1214
700 379 225 517 1215
254 351 226 517 1215
10118 1210 213 517 1215
700 380 225 518 1216
254 352 225 518 1216
10118 1211 212 518 1216
700 381 225 519 1217
254 354 227 520 1218
700 382 221 520 1218
10118 1213 219 520 1218
541 230 225 521 1219
254 355 223 521 1219
10118 1214 218 521 1219
10118 1215 218 522 1220
10118 1216 215 523 1221
254 358 223 524 1222
10118 1217 218 524 1222
254 359 223 525 1223
700 387 221 525 1223
10118 1218 223 525 1223
700 388 227 526 1224
10118 1219 217 526 1224
254 361 223 527 1225
10118 1220 208 527 1225
10118 1221 221 528 1226
292 51 223 529 1227
10118 1222 223 529 1227
254 364 224 530 1228
10118 1223 223 530 1228
254 365 221 531 1229
10118 1224 222 531 1229
69 468 221 531 1229
254 366 235 532 1230
292 54 223 532 1230
10118 1225 221 532 1230
254 367 235 533 1231
10118 1226 224 533 1231
700 396 225 534 1232
10118 1227 211 534 1232
254 369 224 535 1233
700 397 227 535 1233
10118 1228 215 535 1233
254 370 231 536 1234
10118 1229 221 536 1234
621 539 221 537 1235
254 371 221 537 1235
700 399 224 537 1235
10118 1230 207 537 1235
10118 1231 213 538 1236
10118 1232 223 539 1237
541 249 221 540 1238
254 374 226 540 1238
10118 1233 221 540 1238
541 250 221 541 1239
254 375 222 541 1239
10118 1234 221 541 1239
10118 1235 218 542 1240
254 377 227 543 1241
10118 1236 222 543 1241
10118 1237 214 544 1242
10118 1238 215 545 1243
10118 1239 206 546 1244
10118 1240 222 547 1245
621 550 221 547 1245
254 382 229 548 1246
10118 1241 208 548 1246
700 411 231 549 1247
254 383 230 549 1247
10118 1242 229 549 1247
621 552 223 549 1247
700 412 231 550 1248
10118 1243 231 550 1248
541 260 221 551 1249
700 413 231 551 1249
254 385 230 551 1249
10118 1244 220 551 1249
254 386 225 552 1250
10118 1246 221 553 1251
10118 1247 225 554 1252
254 389 227 555 1253
10118 1248 212 555 1253
10118 1249 207 556 1254
265 570 221 557 1255
10118 1250 215 557 1255
682 565 223 558 1256
292 80 233 558 1256
10118 1251 227 558 1256
10112 1247 206 560 1258
10029 1250 206 560 1258
438 291 235 561 1259
579 575 222 561 1259
10106 1260 207 564 1262
10055 1263 206 565 1263
372 547 221 565 1263
10173 1259 212 565 1263
10106 1261 213 565 1263
10076 1260 210 565 1263
228 579 231 566 1264
10055 1264 207 566 1264
10018 591 215 566 1264
10098 1261 209 566 1264
10140 1260 208 566 1264
10158 1259 212 566 1264
10018 592 212 567 1265
10140 1261 207 567 1265
10158 1260 210 567 1265
746 250 235 567 1265
756 553 221 567 1265
675 252 221 567 1265
275 574 221 567 1265
10018 593 221 568 1266
214 453 223 568 1266
737 562 223 568 1266
754 570 229 568 1266
10018 594 220 569 1267
560 574 226 569 1267
10055 1268 208 570 1268
10158 1263 220 570 1268
708 8 221 570 1268
214 455 222 570 1268
10055 1269 226 571 1269
10106 1267 208 571 1269
493 562 224 572 1270
245 585 224 573 1271
746 256 231 573 1271
427 591 221 573 1271
703 563 233 574 1272
32 556 241 574 1272
10040 1267 208 574 1272
245 586 231 574 1272
746 257 225 574 1272
595 266 239 575 1273
462 412 237 575 1273
746 258 223 575 1273
703 565 222 576 1274
462 413 231 576 1274
67 517 221 577 1275
462 414 225 577 1275
746 260 227 577 1275
67 518 241 578 1276
462 415 233 578 1276
248 564 222 578 1276
10040 1271 207 578 1276
67 519 238 579 1277
245 591 229 579 1277
10040 1272 207 579 1277
67 520 234 580 1278
462 417 227 580 1278
245 592 226 580 1278
746 263 231 580 1278
67 521 233 581 1279
32 563 223 581 1279
10106 1277 209 581 1279
543 254 221 581 1279
10004 1277 206 582 1280
707 533 226 583 1281
10018 608 226 583 1281
10098 1278 211 583 1281
10040 1277 208 584 1282
753 460 222 584 1282
10040 1278 208 585 1283
746 268 228 585 1283
67 526 242 585 1283
248 572 227 586 1284
765 152 222 586 1284
746 269 224 586 1284
703 576 225 587 1285
248 573 227 587 1285
245 599 226 587 1285
765 153 227 587 1285
10040 1280 209 587 1285
746 270 227 587 1285
67 528 225 587 1285
248 574 226 588 1286
10040 1281 206 588 1286
236 589 229 588 1286
67 529 237 588 1286
746 271 227 588 1286
248 575 233 589 1287
245 601 236 589 1287
236 590 227 589 1287
67 530 235 589 1287
746 272 221 589 1287
245 602 236 590 1288
236 591 229 590 1288
67 531 227 590 1288
462 428 221 591 1289
248 577 227 591 1289
183 594 225 591 1289
245 603 235 591 1289
236 592 225 591 1289
67 532 233 591 1289
746 274 221 592 1290
245 604 233 592 1290
10040 1285 207 592 1290
236 593 241 592 1290
67 533 225 592 1290
245 605 234 593 1291
10040 1286 211 593 1291
236 594 223 593 1291
67 534 224 593 1291
462 431 222 594 1292
248 580 225 594 1292
245 606 231 594 1292
236 595 221 594 1292
67 535 225 594 1292
183 598 225 595 1293
236 596 225 595 1293
67 536 235 595 1293
746 278 223 596 1294
248 582 221 596 1294
245 608 230 596 1294
67 537 229 596 1294
236 598 222 597 1295
10040 1290 208 597 1295
10078 1296 206 599 1297
10098 1294 208 599 1297
10106 1295 206 599 1297
172 606 223 600 1298
703 589 225 600 1298
10040 1294 209 601 1299
746 285 231 603 1301
717 608 222 604 1302
292 1 234 605 1303
462 442 223 605 1303
292 2 224 606 1304
75 31 224 606 1304
10040 1299 210 606 1304
746 289 228 607 1305
292 3 228 607 1305
462 444 239 607 1305
67 548 221 607 1305
292 4 231 608 1306
703 597 227 608 1306
462 445 223 608 1306
10040 1301 207 608 1306
746 291 227 609 1307
292 5 233 609 1307
703 598 228 609 1307
462 446 227 609 1307
254 443 223 609 1307
10040 1302 207 609 1307
67 550 223 609 1307
292 6 227 610 1308
462 447 230 610 1308
67 551 229 610 1308
292 7 227 611 1309
462 448 227 611 1309
10040 1304 207 611 1309
67 552 227 611 1309
292 8 224 612 1310
10106 1308 211 612 1310
761 614 228 613 1311
10154 1307 213 615 1313
10095 1307 213 616 1314
10130 1306 216 617 1315
10156 1310 206 618 1316
10156 1312 209 620 1318
10085 1320 206 621 1319
10154 1313 206 621 1319
669 627 233 623 1321
10076 1318 211 624 1322
10173 1318 210 624 1322
428 635 221 624 1322
124 616 223 624 1322
10040 1318 212 625 1323
67 566 233 625 1323
292 22 233 626 1324
248 612 225 626 1324
462 464 227 627 1325
10040 1320 210 627 1325
292 25 222 628 1326
248 615 235 629 1327
10040 1322 209 629 1327
183 633 223 630 1328
248 616 237 630 1328
10040 1323 206 630 1328
746 313 227 630 1328
248 617 231 631 1329
10040 1324 211 631 1329
292 28 227 632 1330
248 618 223 632 1330
248 619 235 633 1331
10040 1326 208 633 1331
292 30 221 633 1331
248 620 233 634 1332
10040 1327 207 634 1332
248 621 228 635 1333
10040 1328 211 635 1333
248 622 222 636 1334
10040 1329 211 636 1334
746 319 225 636 1334
248 623 224 637 1335
10040 1330 206 637 1335
292 34 237 637 1335
462 475 226 638 1336
10040 1331 208 638 1336
248 624 221 638 1336
746 321 222 638 1336
10040 1332 214 639 1337
292 36 239 639 1337
10040 1333 216 640 1338
248 626 225 640 1338
292 37 242 640 1338
10040 1334 211 641 1339
248 627 223 641 1339
67 582 233 641 1339
746 324 222 641 1339
10040 1335 210 642 1340
67 583 223 642 1340
746 325 221 642 1340
183 646 221 643 1341
10040 1336 209 643 1341
292 40 223 643 1341
10106 1341 205 645 1343
183 648 229 645 1343
10040 1338 210 645 1343
248 631 235 645 1343
67 586 229 645 1343
462 483 221 646 1344
10106 1342 208 646 1344
10076 1341 206 647 1345
787 340 221 647 1345
10076 1342 205 648 1346
10154 1341 207 649 1347
746 332 223 649 1347
746 333 223 650 1348
10129 1346 207 651 1349
10025 1352 207 653 1351
10025 1353 210 654 1352
10025 1354 210 655 1353
708 93 227 655 1353
669 660 221 656 1354
10025 1355 220 656 1354
248 642 221 656 1354
10044 1359 208 657 1355
12 237 225 657 1355
10025 1356 225 657 1355
746 340 225 657 1355
10025 1357 218 658 1356
248 644 227 658 1356
488 661 221 658 1356
10044 1361 212 659 1357
10025 1358 223 659 1357
245 671 223 659 1357
708 97 223 659 1357
10025 1359 227 660 1358
448 13 227 660 1358
10025 1360 227 661 1359
460 383 221 661 1359
248 647 230 661 1359
10025 1361 231 662 1360
248 648 229 662 1360
488 665 221 662 1360
10025 1362 231 663 1361
571 35 233 663 1361
460 385 225 663 1361
248 649 241 663 1361
746 346 226 663 1361
10025 1363 223 664 1362
248 650 227 664 1362
746 347 225 664 1362
248 651 228 665 1363
746 348 222 665 1363
10025 1365 213 666 1364
10025 1366 206 667 1365
248 653 223 667 1365
12 248 225 668 1366
248 654 233 668 1366
356 352 225 669 1367
10025 1368 215 669 1367
772 678 221 669 1367
248 655 237 669 1367
746 352 244 669 1367
12 250 226 670 1368
10025 1369 227 670 1368
10025 1370 231 671 1369
767 675 223 671 1369
245 683 236 671 1369
10025 1371 225 672 1370
767 676 226 672 1370
245 684 234 672 1370
746 355 223 672 1370
10025 1372 228 673 1371
245 685 231 673 1371
746 356 233 673 1371
10025 1373 223 674 1372
245 686 239 674 1372
252 10 229 674 1372
746 357 235 674 1372
10025 1374 225 675 1373
772 684 221 675 1373
245 687 235 675 1373
746 358 227 675 1373
10025 1375 221 676 1374
245 688 245 676 1374
746 359 226 676 1374
10025 1376 221 677 1375
767 681 221 677 1375
746 360 221 677 1375
10025 1377 223 678 1376
767 682 225 678 1376
10025 1378 225 679 1377
245 691 223 679 1377
248 665 231 679 1377
746 362 221 679 1377
10025 1379 214 680 1378
772 689 221 680 1378
767 684 225 680 1378
248 666 225 680 1378
746 363 225 680 1378
10025 1380 219 681 1379
746 364 235 681 1379
10044 1384 205 682 1380
10025 1381 223 682 1380
177 26 221 682 1380
245 694 228 682 1380
754 684 223 682 1380
10025 1382 228 683 1381
248 669 243 683 1381
746 366 229 683 1381
356 367 230 684 1382
10025 1383 208 684 1382
248 670 230 684 1382
10025 1384 236 685 1383
767 689 230 685 1383
248 671 228 685 1383
746 368 224 685 1383
10025 1385 233 686 1384
248 672 227 686 1384
462 38 225 686 1384
10025 1386 233 687 1385
248 673 237 687 1385
462 39 221 687 1385
746 370 229 687 1385
10025 1387 229 688 1386
772 697 234 688 1386
767 692 241 688 1386
248 674 234 688 1386
462 40 224 688 1386
10025 1388 223 689 1387
754 691 221 689 1387
10044 1392 206 690 1388
10025 1389 233 690 1388
746 374 231 691 1389
460 415 221 693 1391
746 376 224 693 1391
10129 1389 207 694 1392
460 416 235 694 1392
746 377 221 694 1392
520 700 225 695 1393
460 417 221 695 1393
746 378 242 695 1393
12 277 221 697 1395
585 50 228 697 1395
245 709 223 697 1395
460 419 222 697 1395
585 51 226 698 1396
245 710 224 698 1396
585 52 231 699 1397
10134 1390 209 699 1397
245 711 225 699 1397
708 137 221 699 1397
669 704 223 700 1398
12 280 238 700 1398
177 44 221 700 1398
708 138 223 700 1398
746 383 238 700 1398
356 384 230 701 1399
10134 1392 207 701 1399
177 45 223 701 1399
448 55 221 702 1400
10134 1393 208 702 1400
177 46 223 702 1400
460 424 222 702 1400
746 385 233 702 1400
356 386 223 703 1401
12 283 221 703 1401
708 141 224 703 1401
248 689 225 703 1401
252 39 223 703 1401
462 55 235 703 1401
746 386 231 703 1401
236 704 237 703 1401
356 387 227 704 1402
669 708 225 704 1402
12 284 227 704 1402
772 713 223 704 1402
708 142 226 704 1402
252 40 225 704 1402
248 690 233 704 1402
746 387 226 704 1402
772 714 223 705 1403
767 709 229 705 1403
708 143 230 705 1403
248 691 224 705 1403
746 388 233 705 1403
462 57 224 705 1403
236 706 227 705 1403
767 710 225 706 1404
746 389 230 706 1404
462 58 224 706 1404
12 287 227 707 1405
10134 1398 208 707 1405
767 711 221 707 1405
248 693 237 707 1405
746 390 231 707 1405
462 59 223 707 1405
236 708 229 707 1405
772 717 221 708 1406
245 720 223 708 1406
708 146 222 708 1406
462 60 223 708 1406
746 391 227 708 1406
236 709 223 708 1406
12 289 227 709 1407
248 695 224 709 1407
746 392 231 709 1407
236 710 225 709 1407
12 290 224 710 1408
708 148 229 710 1408
248 696 227 710 1408
708 149 232 711 1409
248 697 226 711 1409
462 63 224 711 1409
236 712 238 711 1409
12 292 225 712 1410
10043 1408 205 712 1410
772 721 225 712 1410
708 150 226 712 1410
746 395 223 712 1410
236 713 225 712 1410
669 717 223 713 1411
772 722 223 713 1411
708 151 224 713 1411
746 396 226 713 1411
669 718 223 714 1412
248 700 227 714 1412
669 719 221 715 1413
12 295 225 715 1413
585 68 223 715 1413
767 719 225 715 1413
772 724 221 715 1413
708 153 222 715 1413
248 701 221 715 1413
462 67 225 715 1413
245 728 222 716 1414
746 399 233 716 1414
248 702 232 716 1414
236 717 222 716 1414
669 721 221 717 1415
585 70 225 717 1415
746 400 223 717 1415
248 703 226 717 1415
669 722 222 718 1416
708 156 222 718 1416
248 704 224 718 1416
462 70 223 718 1416
669 723 226 719 1417
767 723 227 719 1417
708 157 223 719 1417
746 402 223 719 1417
248 705 233 719 1417
236 720 224 719 1417
585 73 221 720 1418
708 158 221 720 1418
236 721 228 720 1418
12 301 221 721 1419
767 725 225 721 1419
708 159 227 721 1419
252 57 223 721 1419
248 707 225 721 1419
236 722 231 721 1419
12 302 224 722 1420
772 731 227 722 1420
245 734 221 722 1420
708 160 225 722 1420
248 708 227 722 1420
248 709 227 723 1421
248 710 221 724 1422
236 725 226 724 1422
236 726 229 725 1423
585 79 221 726 1424
460 448 224 726 1424
746 409 230 726 1424
248 712 227 726 1424
236 727 233 726 1424
669 731 223 727 1425
767 731 223 727 1425
252 63 221 727 1425
462 79 224 727 1425
248 713 226 727 1425
669 732 221 728 1426
12 308 226 728 1426
746 411 223 728 1426
248 714 224 728 1426
236 729 225 728 1426
669 733 223 728 1426
245 741 223 729 1427
746 412 224 729 1427
462 81 221 729 1427
248 715 226 729 1427
236 730 241 729 1427
767 734 221 730 1428
462 82 225 730 1428
236 731 228 730 1428
12 311 221 731 1429
772 740 221 731 1429
767 735 221 731 1429
462 83 223 731 1429
236 732 237 731 1429
772 741 221 732 1430
746 415 228 732 1430
462 84 227 732 1430
248 718 231 732 1430
236 733 223 732 1430
746 417 223 734 1432
356 418 225 735 1433
746 418 230 735 1433
236 736 225 735 1433
462 88 222 736 1434
669 742 239 738 1436
708 176 224 738 1436
236 742 227 741 1439
448 95 225 742 1440
746 425 221 742 1440
236 743 226 742 1440
12 323 225 743 1441
460 465 231 743 1441
708 181 225 743 1441
746 426 227 743 1441
245 756 227 744 1442
462 97 221 745 1443
746 428 221 745 1443
708 183 223 745 1443
448 99 221 746 1444
462 98 223 746 1444
746 431 226 748 1446
669 753 221 749 1447
746 432 237 749 1447
236 750 221 749 1447
746 433 225 750 1448
746 434 223 751 1449
669 758 222 753 1451
746 438 221 755 1453
746 440 226 757 1455
746 441 225 758 1456
236 759 225 758 1456
236 760 227 759 1457
746 442 239 759 1457
236 761 223 760 1458
746 443 222 760 1458
248 746 221 760 1458
236 762 225 761 1459
462 114 233 762 1460
746 445 224 762 1460
236 763 222 762 1460
746 446 221 763 1461
236 764 225 763 1461
669 768 222 763 1461
708 202 221 764 1462
460 486 221 764 1462
252 101 227 765 1463
669 770 237 765 1463
448 4 223 766 1464
252 102 222 766 1464
236 767 224 766 1464
669 771 237 766 1464
746 450 226 767 1465
236 768 227 767 1465
746 451 227 768 1466
236 769 221 768 1466
746 452 225 769 1467
448 8 222 770 1468
746 453 226 770 1468
460 492 221 770 1468
746 454 229 771 1469
462 123 221 771 1469
236 772 221 771 1469
245 784 221 772 1470
746 455 221 772 1470
236 773 231 772 1470
448 11 221 773 1471
746 456 225 773 1471
236 774 229 773 1471
448 12 228 774 1472
708 212 226 774 1472
236 775 221 774 1472
669 779 227 774 1472
236 776 225 775 1473
708 215 224 777 1475
669 782 221 777 1475
462 130 237 778 1476
236 779 225 778 1476
236 780 221 779 1477
746 464 221 781 1479
236 783 224 782 1480
669 787 221 782 1480
746 466 233 783 1481
708 222 235 784 1482
746 467 227 784 1482
669 789 227 784 1482
746 468 233 785 1483
669 790 225 785 1483
746 469 226 786 1484
746 470 221 787 1485
669 792 225 787 1485
236 789 221 788 1486
236 797 221 796 1494
746 482 221 799 1497
746 483 222 800 1498
746 493 221 810 1508
746 496 225 813 1511
746 505 221 822 1520
746 509 222 826 1524
669 835 224 830 1528
708 269 221 831 1529
236 833 225 832 1530
669 837 222 832 1530
746 516 223 833 1531
236 834 224 833 1531
236 835 221 834 1532
245 849 223 837 1535
669 842 223 837 1535
236 839 222 838 1536
746 522 225 839 1537
746 523 223 840 1538
236 841 225 840 1538
236 842 226 841 1539
236 843 233 842 1540
236 844 233 843 1541
462 195 221 843 1541
746 527 221 844 1542
236 845 226 844 1542
236 846 225 845 1543
236 847 223 846 1544
669 851 225 846 1544
746 531 226 848 1546
708 286 222 848 1546
669 853 221 848 1546
746 538 226 855 1553
746 553 224 870 1568
746 555 221 872 1570
746 567 223 884 1582
708 324 221 886 1584
708 325 221 887 1585
754 156 221 887 1585
746 575 224 892 1590
248 878 225 892 1590
746 576 223 893 1591
236 894 229 893 1591
356 577 222 893 1591
245 906 221 894 1592
746 577 221 894 1592
236 895 229 894 1592
248 880 223 894 1592
669 899 223 894 1592
460 616 227 894 1592
746 578 226 895 1593
236 897 227 896 1594
248 882 225 896 1594
767 901 221 897 1595
245 909 221 897 1595
746 580 225 897 1595
248 883 229 897 1595
460 619 225 897 1595
135 900 221 898 1596
746 581 226 898 1596
236 899 222 898 1596
135 901 223 899 1597
248 885 223 899 1597
746 583 232 900 1598
462 252 227 900 1598
462 253 225 901 1599
248 887 221 901 1599
746 585 232 902 1600
585 117 222 902 1600
248 888 222 902 1600
135 905 221 902 1600
462 255 223 903 1601
746 587 229 904 1602
236 905 225 904 1602
585 119 224 904 1602
462 256 224 904 1602
772 167 224 904 1602
460 626 225 904 1602
236 906 231 905 1603
462 257 229 905 1603
236 907 225 906 1604
356 590 226 906 1604
236 908 225 907 1605
462 259 221 907 1605
135 910 221 907 1605
236 909 225 908 1606
248 894 225 908 1606
462 260 223 908 1606
460 630 221 908 1606
462 261 231 909 1607
746 593 221 910 1608
236 911 225 910 1608
248 896 221 910 1608
462 262 221 910 1608
746 594 224 911 1609
248 897 222 911 1609
462 263 227 911 1609
135 914 221 911 1609
746 595 222 912 1610
248 898 222 912 1610
236 913 225 912 1610
462 264 223 912 1610
135 915 221 912 1610
746 596 233 913 1611
248 899 227 913 1611
245 926 221 914 1612
608 344 226 916 1614
585 132 226 917 1615
10025 1619 207 920 1618
10025 1620 210 921 1619
175 873 223 922 1620
25 896 223 924 1622
632 48 227 926 1624
72 381 223 926 1624
442 928 236 926 1624
173 144 227 926 1624
235 74 226 926 1624
172 933 223 926 1624
10141 1619 212 928 1626
111 911 221 929 1627
10141 1620 210 929 1627
10141 1621 213 930 1628
10050 1633 227 931 1629
10065 1632 208 931 1629
320 189 231 931 1629
485 350 225 931 1629
554 937 221 932 1630
581 311 223 932 1630
10050 1634 218 932 1630
554 938 224 933 1631
10050 1635 219 933 1631
10050 1636 216 934 1632
10065 1635 208 934 1632
10050 1637 213 935 1633
10065 1636 209 935 1633
554 941 225 936 1634
10050 1638 221 936 1634
10065 1637 214 936 1634
320 194 223 936 1634
10050 1639 223 937 1635
10065 1638 208 937 1635
554 943 221 938 1636
10050 1640 208 938 1636
10050 1641 224 939 1637
10050 1642 226 940 1638
10065 1641 209 940 1638
10065 1642 210 941 1639
10050 1644 216 942 1640
10065 1643 212 942 1640
10050 1645 225 943 1641
10050 1646 218 944 1642
10065 1645 208 944 1642
10050 1647 213 945 1643
10065 1646 213 945 1643
250 946 226 946 1644
10050 1648 227 946 1644
10050 1649 220 947 1645
320 205 223 947 1645
10050 1650 216 948 1646
485 367 225 949 1647
554 954 226 949 1647
10050 1651 219 949 1647
10050 1652 207 950 1648
320 208 225 950 1648
10050 1653 224 951 1649
10065 1652 209 951 1649
320 209 235 951 1649
224 860 233 952 1650
10050 1654 223 952 1650
10065 1653 207 952 1650
10101 1644 209 952 1650
224 861 225 953 1651
10050 1655 227 953 1651
250 954 227 954 1652
222 965 229 954 1652
10050 1656 217 954 1652
10065 1655 205 954 1652
320 212 225 954 1652
10050 1657 224 955 1653
10050 1658 221 956 1654
10065 1657 210 956 1654
320 214 227 956 1654
10101 1648 209 956 1654
224 865 231 957 1655
10050 1659 212 957 1655
10065 1658 210 957 1655
320 215 229 957 1655
581 337 223 958 1656
10050 1660 221 958 1656
10050 1661 217 959 1657
10065 1660 207 959 1657
10050 1662 217 960 1658
10065 1661 206 960 1658
10050 1663 209 961 1659
10065 1662 208 961 1659
10050 1664 217 962 1660
10065 1663 206 962 1660
10050 1665 223 963 1661
10050 1666 211 964 1662
10050 1667 213 965 1663
10050 1668 209 966 1664
10050 1669 212 967 1665
224 876 223 968 1666
10050 1670 208 968 1666
10050 1671 217 969 1667
10050 1672 216 970 1668
10050 1673 212 971 1669
224 880 221 972 1670
10050 1674 212 972 1670
10050 1675 213 973 1671
10050 1676 216 974 1672
10050 1677 218 975 1673
10050 1678 214 976 1674
10050 1679 213 977 1675
320 235 222 978 1676
10050 1680 212 978 1676
10050 1681 217 979 1677
10050 1682 217 980 1678
10050 1683 215 981 1679
261 983 221 981 1679
10050 1684 211 982 1680
10050 1685 216 983 1681
320 241 227 983 1681
10050 1686 211 984 1682
222 996 222 985 1683
10050 1687 217 985 1683
10050 1688 222 986 1684
10065 1687 209 986 1684
224 895 224 987 1685
10050 1689 222 987 1685
10050 1690 214 988 1686
10050 1691 221 989 1687
10050 1692 222 990 1688
10050 1693 221 991 1689
10050 1694 219 992 1690
10050 1696 206 994 1692
10050 1697 219 995 1693
224 904 223 996 1694
10050 1698 206 996 1694
10050 1699 214 997 1695
10065 1698 210 997 1695
222 1009 223 998 1696
10050 1700 208 998 1696
10050 1701 215 999 1697
10050 1702 211 1000 1698
10050 1703 211 1001 1699
10050 1704 211 1002 1700
10065 1703 206 1002 1700
10050 1705 211 1003 1701
10050 1706 210 1004 1702
10050 1707 207 1005 1703
10050 1708 214 1006 1704
10050 1709 214 1007 1705
10050 1710 215 1008 1706
10065 1710 207 1009 1707
10050 1712 216 1010 1708
10050 1713 209 1011 1709
10050 1715 218 1013 1711
10050 1716 215 1014 1712
10050 1717 217 1015 1713
10050 1718 212 1016 1714
10050 1719 216 1017 1715
10050 1721 210 1019 1717
10050 1722 208 1020 1718
10050 1724 205 1022 1720
10050 1726 218 1024 1722
10050 1727 220 1025 1723
10050 1728 206 1026 1724
320 284 223 1027 1725
10050 1729 222 1027 1725
10050 1730 208 1028 1726
10050 1731 227 1029 1727
320 287 224 1030 1728
10050 1732 216 1030 1728
10065 1731 210 1030 1728
10050 1733 224 1031 1729
10050 1734 209 1032 1730
10050 1735 225 1033 1731
10050 1736 217 1034 1732
10065 1735 207 1034 1732
10050 1737 226 1035 1733
10065 1736 210 1035 1733
224 944 223 1036 1734
10050 1738 225 1036 1734
224 945 225 1037 1735
554 1042 222 1037 1735
10050 1739 226 1037 1735
224 946 221 1038 1736
554 1043 222 1038 1736
10050 1740 225 1038 1736
10065 1739 209 1038 1736
10050 1741 217 1039 1737
10065 1740 211 1039 1737
224 948 224 1040 1738
10050 1742 216 1040 1738
10065 1741 207 1040 1738
224 949 225 1041 1739
10050 1743 206 1041 1739
224 950 225 1042 1740
554 1047 221 1042 1740
10050 1744 224 1042 1740
224 951 223 1043 1741
10050 1745 219 1043 1741
224 952 231 1044 1742
554 1049 223 1044 1742
10050 1746 217 1044 1742
224 953 232 1045 1743
10050 1747 225 1045 1743
10065 1746 207 1045 1743
224 954 229 1046 1744
10050 1748 223 1046 1744
224 955 233 1047 1745
554 1052 221 1047 1745
10050 1749 219 1047 1745
224 956 233 1048 1746
10050 1750 227 1048 1746
224 957 227 1049 1747
10050 1751 210 1049 1747
224 958 227 1050 1748
10050 1752 218 1050 1748
554 1056 222 1051 1749
10050 1753 215 1051 1749
320 309 222 1052 1750
554 1057 223 1052 1750
10050 1754 207 1052 1750
320 310 221 1053 1751
10050 1755 219 1053 1751
554 1059 222 1054 1752
10050 1756 213 1054 1752
554 1060 222 1055 1753
10050 1757 210 1055 1753
554 1061 224 1056 1754
10050 1758 207 1056 1754
10050 1759 213 1057 1755
10065 1758 206 1057 1755
10050 1760 218 1058 1756
10065 1759 207 1058 1756
10050 1761 212 1059 1757
10050 1762 215 1060 1758
10050 1763 215 1061 1759
554 1067 225 1062 1760
10050 1764 216 1062 1760
10050 1765 210 1063 1761
10050 1766 213 1064 1762
10050 1767 212 1065 1763
10065 1766 208 1065 1763
10050 1768 219 1066 1764
10050 1769 208 1067 1765
554 1073 221 1068 1766
10065 1769 207 1068 1766
10065 1770 207 1069 1767
10050 1772 212 1070 1768
10065 1771 206 1070 1768
10050 1773 214 1071 1769
10065 1772 208 1071 1769
554 1077 223 1072 1770
10050 1774 217 1072 1770
10065 1773 207 1072 1770
10050 1775 210 1073 1771
10065 1774 208 1073 1771
554 1079 224 1074 1772
10065 1775 209 1074 1772
10050 1777 213 1075 1773
10065 1776 208 1075 1773
10050 1778 210 1076 1774
10065 1777 207 1076 1774
10050 1779 219 1077 1775
10050 1783 206 1081 1779
224 991 221 1083 1781
10050 1786 211 1084 1782
10050 1787 213 1085 1783
10065 1786 207 1085 1783
10050 1788 219 1086 1784
10050 1789 213 1087 1785
224 996 221 1088 1786
10050 1790 214 1088 1786
10065 1789 208 1088 1786
581 468 227 1089 1787
224 997 223 1089 1787
10050 1791 221 1089 1787
10050 1792 222 1090 1788
10050 1793 224 1091 1789
10050 1794 223 1092 1790
10065 1793 206 1092 1790
224 1001 223 1093 1791
10050 1795 210 1093 1791
224 1002 223 1094 1792
10050 1796 213 1094 1792
10065 1795 206 1094 1792
224 1003 223 1095 1793
10050 1797 218 1095 1793
224 1004 223 1096 1794
10050 1798 213 1096 1794
10065 1797 208 1096 1794
224 1005 223 1097 1795
10050 1799 225 1097 1795
10065 1798 207 1097 1795
224 1006 222 1098 1796
10065 1799 207 1098 1796
224 1007 223 1099 1797
10050 1801 221 1099 1797
10065 1800 208 1099 1797
224 1008 221 1100 1798
10050 1802 212 1100 1798
224 1009 221 1101 1799
10050 1803 219 1101 1799
224 1010 222 1102 1800
10065 1803 208 1102 1800
224 1011 222 1103 1801
10050 1805 214 1103 1801
10065 1804 207 1103 1801
224 1012 222 1104 1802
10050 1806 221 1104 1802
224 1013 225 1105 1803
10050 1807 223 1105 1803
250 1106 226 1106 1804
10050 1808 220 1106 1804
224 1015 224 1107 1805
10050 1809 215 1107 1805
10065 1808 209 1107 1805
10050 1810 213 1108 1806
10065 1809 207 1108 1806
224 1017 224 1109 1807
10050 1811 217 1109 1807
10065 1810 209 1109 1807
224 1018 231 1110 1808
10050 1812 211 1110 1808
10065 1811 209 1110 1808
224 1019 225 1111 1809
10050 1813 221 1111 1809
10065 1812 210 1111 1809
224 1020 236 1112 1810
10050 1814 222 1112 1810
224 1021 235 1113 1811
10050 1815 221 1113 1811
224 1022 236 1114 1812
10050 1816 221 1114 1812
224 1023 235 1115 1813
10050 1817 219 1115 1813
10065 1816 209 1115 1813
224 1024 237 1116 1814
10050 1818 221 1116 1814
224 1025 238 1117 1815
10050 1819 219 1117 1815
10065 1818 208 1117 1815
224 1026 238 1118 1816
10050 1820 225 1118 1816
224 1027 237 1119 1817
10050 1821 221 1119 1817
224 1028 239 1120 1818
10050 1822 225 1120 1818
224 1029 237 1121 1819
10050 1823 217 1121 1819
224 1030 241 1122 1820
10050 1824 213 1122 1820
224 1031 236 1123 1821
10050 1825 211 1123 1821
10065 1824 208 1123 1821
224 1032 236 1124 1822
10050 1826 221 1124 1822
10065 1825 209 1124 1822
224 1033 237 1125 1823
10050 1827 215 1125 1823
10065 1826 207 1125 1823
224 1034 237 1126 1824
10050 1828 217 1126 1824
10065 1827 209 1126 1824
224 1035 239 1127 1825
10050 1829 224 1127 1825
224 1036 233 1128 1826
10050 1830 220 1128 1826
10065 1829 206 1128 1826
224 1037 239 1129 1827
10050 1831 208 1129 1827
10065 1830 207 1129 1827
10050 1832 213 1130 1828
10065 1831 207 1130 1828
250 1131 221 1131 1829
224 1039 221 1131 1829
10050 1833 214 1131 1829
10065 1832 207 1131 1829
10050 1834 211 1132 1830
10065 1833 206 1132 1830
250 1133 224 1133 1831
224 1041 222 1133 1831
10050 1835 219 1133 1831
320 391 222 1134 1832
10050 1836 221 1134 1832
46 1131 221 1134 1832
320 392 221 1135 1833
250 1135 221 1135 1833
10050 1837 213 1135 1833
10050 1838 221 1136 1834
621 1139 221 1137 1835
320 395 221 1138 1836
10050 1840 219 1138 1836
320 396 221 1139 1837
224 1047 221 1139 1837
10050 1841 216 1139 1837
320 397 227 1140 1838
621 1142 221 1140 1838
224 1048 221 1140 1838
10050 1842 223 1140 1838
224 1049 222 1141 1839
10050 1843 210 1141 1839
10065 1842 206 1141 1839
10050 1844 218 1142 1840
10065 1843 206 1142 1840
320 400 222 1143 1841
10050 1845 214 1143 1841
320 401 224 1144 1842
621 1147 221 1145 1843
10050 1847 221 1145 1843
621 1148 222 1146 1844
10050 1848 208 1146 1844
10065 1847 208 1146 1844
621 1149 227 1147 1845
10050 1849 211 1147 1845
621 1150 225 1148 1846
10050 1850 208 1148 1846
10050 1851 211 1149 1847
621 1152 224 1150 1848
10050 1853 207 1151 1849
320 410 222 1153 1851
10050 1855 213 1153 1851
10050 1856 206 1154 1852
320 412 223 1155 1853
10050 1857 221 1155 1853
224 1064 221 1156 1854
10050 1858 213 1156 1854
320 414 221 1157 1855
621 1159 227 1157 1855
320 415 222 1158 1856
10050 1860 219 1158 1856
320 416 227 1159 1857
320 417 229 1160 1858
10050 1862 225 1160 1858
10065 1861 206 1160 1858
317 75 227 1164 1862
724 1170 224 1165 1863
183 1170 227 1167 1865
10029 1857 210 1167 1865
10105 1855 209 1169 1867
37 830 223 1169 1867
10112 1856 213 1169 1867
10146 1858 207 1169 1867
248 1155 232 1169 1867
10105 1856 212 1170 1868
10146 1859 209 1170 1868
248 1156 232 1170 1868
10105 1857 213 1171 1869
10137 1858 208 1171 1869
10112 1858 218 1171 1869
248 1157 235 1171 1869
10105 1858 217 1172 1870
10112 1859 219 1172 1870
10105 1859 217 1173 1871
37 834 224 1173 1871
10112 1860 207 1173 1871
248 1159 237 1173 1871
10105 1860 217 1174 1872
10112 1861 210 1174 1872
10146 1863 208 1174 1872
248 1160 235 1174 1872
10105 1861 207 1175 1873
568 348 221 1175 1873
248 1161 223 1175 1873
10112 1863 212 1176 1874
10105 1863 213 1177 1875
10112 1864 211 1177 1875
248 1163 226 1177 1875
10105 1864 213 1178 1876
10112 1865 210 1178 1876
10146 1867 208 1178 1876
655 436 223 1178 1876
10105 1865 208 1179 1877
37 840 221 1179 1877
10112 1866 225 1179 1877
248 1165 230 1179 1877
10112 1867 213 1180 1878
248 1166 235 1180 1878
10105 1867 219 1181 1879
10112 1868 220 1181 1879
10105 1868 208 1182 1880
10112 1869 221 1182 1880
248 1168 221 1182 1880
10112 1870 211 1183 1881
248 1169 231 1183 1881
10125 1872 206 1183 1881
10105 1870 207 1184 1882
10112 1871 213 1184 1882
248 1170 227 1184 1882
10112 1872 219 1185 1883
10146 1874 208 1185 1883
248 1171 233 1185 1883
10112 1873 217 1186 1884
248 1172 237 1186 1884
10112 1874 210 1187 1885
248 1173 230 1187 1885
10112 1875 209 1188 1886
10105 1875 212 1189 1887
10112 1876 209 1189 1887
10112 1877 213 1190 1888
10105 1877 212 1191 1889
37 852 226 1191 1889
10112 1878 224 1191 1889
10105 1878 209 1192 1890
10112 1879 209 1192 1890
10112 1880 215 1193 1891
10105 1880 207 1194 1892
10112 1881 215 1194 1892
10105 1881 208 1195 1893
10112 1882 219 1195 1893
10146 1884 207 1195 1893
10105 1882 207 1196 1894
10112 1883 211 1196 1894
10105 1883 210 1197 1895
568 370 223 1197 1895
10112 1884 213 1197 1895
10105 1884 210 1198 1896
568 371 222 1198 1896
10112 1885 208 1198 1896
10105 1885 212 1199 1897
10112 1886 217 1199 1897
10105 1886 223 1200 1898
10112 1887 221 1200 1898
10125 1889 209 1201 1899
10105 1887 215 1201 1899
10112 1888 216 1201 1899
248 3 233 1202 1900
10112 1889 218 1202 1900
248 4 231 1203 1901
10112 1890 214 1203 1901
248 5 236 1204 1902
10112 1891 212 1204 1902
10146 1893 207 1204 1902
10105 1891 210 1205 1903
248 6 239 1205 1903
10112 1892 207 1205 1903
248 7 238 1206 1904
10112 1893 209 1206 1904
10105 1893 211 1207 1905
248 8 229 1207 1905
10112 1894 210 1207 1905
248 9 231 1208 1906
10112 1895 213 1208 1906
10105 1895 206 1209 1907
248 10 225 1209 1907
10105 1896 205 1210 1908
248 11 223 1210 1908
10112 1897 207 1210 1908
10105 1897 207 1211 1909
10112 1898 207 1211 1909
248 13 221 1212 1910
10112 1899 211 1212 1910
248 14 228 1213 1911
10112 1900 211 1213 1911
10105 1900 209 1214 1912
248 15 241 1214 1912
10112 1901 217 1214 1912
10105 1901 210 1215 1913
248 16 233 1215 1913
10112 1902 208 1215 1913
10112 1903 209 1216 1914
248 18 231 1217 1915
10112 1904 219 1217 1915
10105 1904 209 1218 1916
248 19 238 1218 1916
10112 1905 208 1218 1916
10112 1906 212 1219 1917
10112 1907 211 1220 1918
10146 1909 206 1220 1918
10105 1907 209 1221 1919
10112 1908 206 1221 1919
10105 1908 209 1222 1920
568 395 223 1222 1920
10112 1909 207 1222 1920
46 1219 221 1222 1920
10105 1909 215 1223 1921
10112 1910 210 1223 1921
10105 1910 210 1224 1922
248 25 221 1224 1922
10112 1911 210 1224 1922
10105 1911 213 1225 1923
37 886 221 1225 1923
10112 1912 211 1225 1923
248 27 223 1226 1924
10112 1913 208 1226 1924
10112 1914 209 1227 1925
10105 1914 214 1228 1926
10105 1915 211 1229 1927
10112 1916 210 1229 1927
10146 1918 206 1229 1927
10105 1916 217 1230 1928
248 31 221 1230 1928
10112 1917 206 1230 1928
10146 1919 206 1230 1928
248 32 221 1231 1929
10112 1918 209 1231 1929
10112 1919 209 1232 1930
10146 1921 208 1232 1930
10105 1919 211 1233 1931
248 34 221 1233 1931
10112 1920 208 1233 1931
10146 1922 208 1233 1931
248 35 227 1234 1932
10112 1921 208 1234 1932
10146 1923 209 1234 1932
10105 1921 210 1235 1933
248 36 227 1235 1933
10112 1922 210 1235 1933
10105 1922 212 1236 1934
248 37 233 1236 1934
10112 1923 217 1236 1934
248 38 227 1237 1935
10112 1924 215 1237 1935
10146 1926 207 1237 1935
248 39 233 1238 1936
10112 1925 210 1238 1936
248 40 234 1239 1937
10112 1926 208 1239 1937
10105 1926 206 1240 1938
248 41 230 1240 1938
10112 1927 217 1240 1938
10105 1927 213 1241 1939
248 42 232 1241 1939
568 414 221 1241 1939
10112 1928 213 1241 1939
248 43 233 1242 1940
10105 1929 207 1243 1941
248 44 232 1243 1941
10112 1930 211 1243 1941
248 45 231 1244 1942
10112 1931 207 1244 1942
248 46 229 1245 1943
10112 1932 207 1245 1943
10105 1932 213 1246 1944
248 47 229 1246 1944
10112 1933 216 1246 1944
10105 1933 213 1247 1945
248 48 229 1247 1945
10112 1934 208 1247 1945
248 49 225 1248 1946
10112 1935 214 1248 1946
248 50 225 1249 1947
10105 1936 210 1250 1948
248 51 223 1250 1948
10112 1937 208 1250 1948
248 52 223 1251 1949
10112 1938 208 1251 1949
248 53 227 1252 1950
10112 1939 208 1252 1950
10105 1939 206 1253 1951
248 54 225 1253 1951
10112 1940 207 1253 1951
10146 1942 209 1253 1951
10105 1940 205 1254 1952
542 1226 222 1254 1952
248 55 221 1254 1952
10112 1941 213 1254 1952
10112 1942 209 1255 1953
542 1228 223 1256 1954
10112 1943 212 1256 1954
542 1229 223 1257 1955
10105 1944 207 1258 1956
542 1230 221 1258 1956
10112 1945 209 1258 1956
568 432 221 1259 1957
10112 1946 209 1259 1957
568 433 221 1260 1958
248 62 225 1261 1959
568 434 221 1261 1959
10112 1948 209 1261 1959
10105 1949 207 1263 1961
10105 1950 210 1264 1962
248 65 227 1264 1962
248 66 225 1265 1963
10112 1952 208 1265 1963
248 67 237 1266 1964
10112 1953 211 1266 1964
10105 1953 210 1267 1965
248 68 231 1267 1965
10112 1954 208 1267 1965
10105 1954 209 1268 1966
248 69 228 1268 1966
10112 1955 216 1268 1966
10112 1956 211 1269 1967
10112 1957 215 1270 1968
248 72 222 1271 1969
10112 1958 215 1271 1969
248 73 233 1272 1970
10112 1959 211 1272 1970
248 74 233 1273 1971
10112 1960 215 1273 1971
248 75 232 1274 1972
10112 1961 212 1274 1972
248 76 227 1275 1973
10112 1962 213 1275 1973
248 77 226 1276 1974
10112 1963 216 1276 1974
10112 1964 214 1277 1975
248 79 234 1278 1976
10112 1965 206 1278 1976
10112 1967 207 1280 1978
10112 1969 210 1282 1980
10105 1969 209 1283 1981
10112 1970 207 1283 1981
10146 1972 211 1283 1981
10112 1971 217 1284 1982
248 86 223 1285 1983
10112 1972 214 1285 1983
10105 1972 206 1286 1984
248 87 224 1286 1984
10112 1973 208 1286 1984
248 88 222 1287 1985
10112 1974 212 1287 1985
248 89 226 1288 1986
10112 1975 214 1288 1986
10105 1975 206 1289 1987
248 90 231 1289 1987
10112 1976 211 1289 1987
10105 1976 208 1290 1988
248 91 237 1290 1988
10112 1977 215 1290 1988
10146 1979 205 1290 1988
10105 1977 207 1291 1989
248 92 233 1291 1989
10112 1978 210 1291 1989
248 93 224 1292 1990
248 94 225 1293 1991
10112 1980 206 1293 1991
10105 1980 209 1294 1992
248 95 221 1294 1992
10112 1981 213 1294 1992
10146 1983 206 1294 1992
10105 1981 209 1295 1993
10112 1982 212 1295 1993
10105 1982 208 1296 1994
10112 1983 209 1296 1994
10146 1985 206 1296 1994
248 98 231 1297 1995
10112 1984 210 1297 1995
10105 1984 206 1298 1996
248 99 231 1298 1996
10112 1985 213 1298 1996
10105 1985 209 1299 1997
248 100 234 1299 1997
10112 1986 213 1299 1997
10105 1986 208 1300 1998
248 101 226 1300 1998
10112 1987 213 1300 1998
542 1273 225 1301 1999
248 102 225 1301 1999
10112 1988 211 1301 1999
248 104 227 1303 2001
10112 1990 207 1303 2001
248 105 222 1304 2002
10112 1991 209 1304 2002
10105 1991 207 1305 2003
248 106 222 1305 2003
10112 1992 208 1305 2003
10105 1992 208 1306 2004
248 107 225 1306 2004
10112 1993 208 1306 2004
10112 1994 206 1307 2005
10146 1997 207 1308 2006
10105 1995 207 1309 2007
10105 1997 209 1311 2009
10112 1998 208 1311 2009
10112 1999 212 1312 2010
10105 1999 206 1313 2011
248 114 233 1313 2011
10112 2000 208 1313 2011
10105 2000 208 1314 2012
248 115 239 1314 2012
10112 2001 219 1314 2012
10105 2001 211 1315 2013
10146 2004 209 1315 2013
10112 2003 212 1316 2014
10105 2003 214 1317 2015
248 119 222 1318 2016
10105 2005 214 1319 2017
10112 2006 208 1319 2017
244 255 229 1319 2017
10105 2006 209 1320 2018
248 121 222 1320 2018
10112 2007 214 1320 2018
10105 2007 208 1321 2019
10112 2008 209 1321 2019
10146 2010 206 1321 2019
244 257 224 1321 2019
10112 2009 216 1322 2020
10146 2011 206 1322 2020
10105 2010 210 1324 2022
626 151 221 1324 2022
10112 2011 209 1324 2022
10146 2013 209 1324 2022
10105 2011 209 1325 2023
37 986 224 1325 2023
