10087 700 229 0 700
140 37 230 0 700
10087 701 223 1 701
140 38 244 1 701
10087 702 219 2 702
140 39 243 2 702
10087 703 213 3 703
10087 704 225 4 704
10086 705 205 5 705
10087 705 221 5 705
10087 706 227 6 706
10087 707 225 7 707
10087 708 221 8 708
10087 709 221 9 709
10087 710 221 10 710
10087 711 219 11 711
10087 712 212 12 712
10087 713 244 13 713
10087 714 229 14 714
10087 715 229 15 715
10087 716 217 16 716
10087 717 221 17 717
10087 718 217 18 718
10087 719 219 19 719
10087 720 220 20 720
10087 721 220 21 721
10087 722 219 22 722
10087 723 215 23 723
10087 724 215 24 724
10087 725 218 25 725
10087 726 215 26 726
10087 727 211 27 727
10087 728 221 28 728
10087 729 222 29 729
10087 730 219 30 730
10087 731 213 31 731
10087 732 220 32 732
10087 733 219 33 733
10086 734 206 34 734
10087 734 218 34 734
10087 735 214 35 735
10087 736 217 36 736
10087 737 219 37 737
10087 738 219 38 738
10086 739 205 39 739
10087 739 217 39 739
10086 740 205 40 740
10087 740 216 40 740
10087 741 214 41 741
10087 742 218 42 742
10086 743 206 43 743
10087 743 218 43 743
10087 744 221 44 744
10087 745 223 45 745
10087 746 225 46 746
10087 747 224 47 747
10087 748 225 48 748
140 85 223 49 749
10087 749 225 49 749
10087 750 223 50 750
10087 751 227 51 751
10087 752 227 52 752
10087 753 228 53 753
10087 754 216 54 754
10087 755 217 55 755
10087 756 217 56 756
10087 757 219 57 757
10087 758 217 58 758
10086 759 207 59 759
10087 759 219 59 759
10087 760 218 60 760
10087 761 218 61 761
10087 762 214 62 762
10087 763 217 63 763
10087 764 217 64 764
10087 765 215 65 765
10087 766 235 66 766
10087 767 216 67 767
10086 768 206 68 768
10087 768 216 68 768
10087 769 233 69 769
10087 770 231 70 770
10087 771 231 71 771
10087 772 229 72 772
10086 773 206 73 773
10087 773 232 73 773
10086 774 206 74 774
10087 774 227 74 774
10086 775 205 75 775
10087 775 226 75 775
10087 776 226 76 776
10087 777 229 77 777
10087 778 228 78 778
10087 779 227 79 779
10086 780 206 80 780
10087 780 211 80 780
10087 781 223 81 781
10087 782 229 82 782
10087 783 230 83 783
10087 784 229 84 784
10087 785 229 85 785
10086 786 211 86 786
10087 786 231 86 786
10086 787 208 87 787
10087 787 235 87 787
10086 788 209 88 788
10087 788 235 88 788
10086 789 207 89 789
10087 789 235 89 789
10086 790 208 90 790
10087 790 235 90 790
10087 791 224 91 791
10087 792 223 92 792
10087 793 225 93 793
10087 794 214 94 794
10087 795 210 95 795
10087 796 226 96 796
10087 797 226 97 797
10086 798 205 98 798
10087 798 226 98 798
10087 799 227 99 799
10087 800 221 100 800
10087 801 227 101 801
10087 802 219 102 802
10087 803 212 103 803
10086 804 208 104 804
10087 804 226 104 804
10086 805 207 105 805
10087 805 219 105 805
10086 806 207 106 806
10087 806 220 106 806
10087 807 225 107 807
10086 808 209 108 808
10087 808 225 108 808
10087 809 227 109 809
10087 810 233 110 810
10087 811 233 111 811
10087 812 233 112 812
10087 813 221 113 813
10071 815 210 114 814
10064 813 214 114 814
128 78 235 114 814
10071 816 216 115 815
10149 806 207 115 815
10080 818 214 115 815
10087 815 206 115 815
115 137 226 115 815
10087 816 219 116 816
10087 817 233 117 817
10064 816 208 117 817
10080 822 208 119 819
96 103 231 120 820
10090 820 208 121 821
96 104 225 121 821
10090 821 207 122 822
96 105 228 122 822
10080 826 207 123 823
96 106 235 123 823
10080 827 209 124 824
96 107 231 124 824
96 108 226 125 825
96 109 229 126 826
96 110 241 127 827
96 111 223 128 828
10080 832 216 129 829
96 112 225 129 829
10064 828 219 129 829
10071 831 207 130 830
96 113 226 130 830
744 256 235 130 830
10071 832 239 131 831
303 128 227 131 831
10149 822 210 131 831
316 179 224 131 831
709 130 221 131 831
96 114 228 131 831
744 257 241 131 831
115 153 247 131 831
10149 823 218 132 832
10064 831 223 132 832
10071 834 223 133 833
10080 836 207 133 833
10064 832 211 133 833
10071 835 215 134 834
10080 837 206 134 834
10064 833 213 134 834
113 71 223 134 834
10071 836 227 135 835
10149 826 212 135 835
10064 834 213 135 835
10071 837 225 136 836
10149 827 212 136 836
96 119 221 136 836
10064 835 210 136 836
10071 838 227 137 837
10149 828 221 137 837
96 120 227 137 837
113 74 223 137 837
10071 839 229 138 838
10149 829 220 138 838
96 121 230 138 838
744 264 221 138 838
10064 837 205 138 838
113 75 234 138 838
115 160 223 138 838
10071 840 233 139 839
10149 830 221 139 839
96 122 229 139 839
113 76 233 139 839
10071 841 235 140 840
10149 831 227 140 840
316 2 227 140 840
96 123 230 140 840
113 77 228 140 840
115 162 221 140 840
303 138 223 141 841
10071 842 235 141 841
10149 832 226 141 841
10027 840 206 141 841
96 124 225 141 841
113 78 228 141 841
10071 843 235 142 842
10149 833 221 142 842
744 268 247 142 842
148 145 231 142 842
628 179 225 142 842
10071 844 228 143 843
10149 834 227 143 843
709 142 225 143 843
316 5 223 143 843
96 126 223 143 843
148 146 221 143 843
744 269 239 143 843
115 165 224 143 843
10071 845 229 144 844
10149 835 219 144 844
196 140 221 144 844
148 147 223 144 844
744 270 225 144 844
303 142 221 145 845
10071 846 214 145 845
10149 836 218 145 845
96 128 223 145 845
148 148 233 145 845
10064 844 205 145 845
744 271 227 145 845
115 167 225 145 845
10149 837 219 146 846
96 129 224 146 846
148 149 227 146 846
115 168 225 146 846
10071 848 220 147 847
303 144 221 147 847
10149 838 218 147 847
709 146 223 147 847
96 130 222 147 847
148 150 227 147 847
744 273 223 147 847
539 29 221 147 847
115 169 223 147 847
10071 849 219 148 848
10149 839 221 148 848
96 131 221 148 848
148 151 227 148 848
744 274 237 148 848
113 85 221 148 848
10071 850 212 149 849
10149 840 215 149 849
709 148 228 149 849
148 152 227 149 849
744 275 233 149 849
115 171 221 149 849
10071 851 217 150 850
709 149 226 150 850
744 276 227 150 850
115 172 227 150 850
10071 852 221 151 851
10149 842 217 151 851
709 150 227 151 851
96 134 221 151 851
744 277 230 151 851
148 154 223 151 851
113 88 221 151 851
10071 853 233 152 852
10149 843 219 152 852
744 278 228 152 852
148 155 231 152 852
115 174 221 152 852
10071 854 225 153 853
10149 844 219 153 853
709 152 223 153 853
744 279 237 153 853
10071 855 214 154 854
10149 845 213 154 854
709 153 221 154 854
96 137 221 154 854
744 280 227 154 854
148 157 221 154 854
628 191 221 154 854
115 176 223 154 854
10071 856 221 155 855
10149 846 217 155 855
196 151 221 155 855
709 154 223 155 855
744 281 227 155 855
115 177 231 155 855
10071 857 222 156 856
10149 847 217 156 856
709 155 221 156 856
96 139 223 156 856
113 93 227 156 856
628 193 222 156 856
115 178 231 156 856
10071 858 219 157 857
10149 848 217 157 857
196 153 226 157 857
709 156 227 157 857
115 179 230 157 857
10071 859 221 158 858
10149 849 218 158 858
709 157 224 158 858
113 95 225 158 858
115 180 229 158 858
10071 860 220 158 858
10149 850 227 159 859
709 158 221 159 859
10071 861 225 159 859
10149 851 223 160 860
10071 862 223 160 860
10149 852 223 161 861
303 159 221 161 861
10071 863 227 161 861
10149 853 211 162 862
196 158 221 162 862
709 161 227 162 862
96 145 226 162 862
10064 861 206 162 862
539 44 221 162 862
303 160 221 162 862
10071 864 225 162 862
10149 854 212 163 863
316 25 221 163 863
709 162 229 163 863
96 146 221 163 863
10064 862 206 163 863
10071 865 223 163 863
10149 855 211 164 864
709 163 227 164 864
96 147 222 164 864
115 186 224 164 864
10071 866 221 164 864
10149 856 221 165 865
709 164 221 165 865
96 148 223 165 865
10064 864 205 165 865
113 102 221 165 865
115 187 223 165 865
10071 867 233 165 865
10149 857 223 166 866
10064 865 207 166 866
628 203 223 166 866
148 169 225 166 866
539 48 221 166 866
115 188 221 166 866
10071 868 232 166 866
10149 858 223 167 867
10027 866 208 167 867
709 166 232 167 867
96 150 225 167 867
10071 869 229 167 867
10149 859 221 168 868
10027 867 206 168 868
709 167 233 168 868
96 151 221 168 868
10071 870 232 168 868
10149 860 222 169 869
709 168 232 169 869
196 165 221 169 869
96 152 223 169 869
115 191 221 169 869
303 167 221 169 869
10071 871 229 169 869
10149 861 219 170 870
709 169 233 170 870
10027 869 206 170 870
96 153 222 170 870
115 192 221 170 870
303 168 221 170 870
10071 872 228 170 870
10149 862 216 171 871
709 170 233 171 871
10027 870 208 171 871
628 208 221 171 871
148 174 226 171 871
113 108 221 171 871
115 193 223 171 871
10071 873 223 171 871
10149 863 221 172 872
709 171 233 172 872
10027 871 207 172 872
744 298 225 172 872
628 209 223 172 872
115 194 225 172 872
10071 874 230 172 872
10149 864 223 173 873
709 172 233 173 873
744 299 226 173 873
148 176 221 173 873
10071 875 235 173 873
709 173 229 174 874
10149 865 227 174 874
744 300 233 174 874
628 211 223 174 874
115 196 223 174 874
10071 876 227 174 874
709 174 231 175 875
10149 866 225 175 875
744 301 227 175 875
96 158 225 175 875
628 212 224 175 875
148 178 231 175 875
10071 877 230 175 875
709 175 229 176 876
10149 867 222 176 876
744 302 227 176 876
115 198 221 176 876
10071 878 227 176 876
709 176 227 177 877
10149 868 225 177 877
148 180 221 177 877
10071 879 227 177 877
10149 869 227 178 878
709 177 230 178 878
744 304 231 178 878
628 215 225 178 878
10071 880 232 178 878
10149 870 225 179 879
709 178 229 179 879
744 305 233 179 879
96 162 221 179 879
628 216 224 179 879
148 182 221 179 879
10071 881 226 179 879
709 179 225 180 880
10149 871 224 180 880
744 306 233 180 880
148 183 221 180 880
628 217 223 180 880
96 163 221 180 880
10071 882 225 180 880
10149 872 220 181 881
744 307 232 181 881
148 184 221 181 881
115 203 225 181 881
96 164 223 181 881
10071 883 229 181 881
10149 873 222 182 882
709 181 224 182 882
196 178 225 182 882
148 185 223 182 882
10071 884 235 182 882
10149 874 224 183 883
115 205 225 183 883
96 166 223 183 883
10071 885 223 183 883
10149 875 221 184 884
10071 886 221 184 884
10149 876 223 185 885
316 47 221 185 885
10027 884 210 185 885
196 181 235 185 885
115 207 223 185 885
96 168 223 185 885
10071 887 225 185 885
10149 877 227 186 886
196 182 225 186 886
115 208 221 186 886
744 312 224 186 886
10064 885 207 186 886
303 184 221 186 886
10071 888 229 186 886
10149 878 229 187 887
115 209 222 187 887
744 313 223 187 887
96 170 222 187 887
10071 889 229 187 887
10149 879 229 188 888
744 314 225 188 888
196 184 227 188 888
96 171 221 188 888
10071 890 229 188 888
10149 880 229 189 889
744 315 221 189 889
196 185 237 189 889
115 211 221 189 889
539 71 223 189 889
96 172 223 189 889
10071 891 219 189 889
10149 881 223 190 890
10027 889 206 190 890
744 316 221 190 890
539 72 223 190 890
196 186 235 190 890
10071 892 233 190 890
10149 882 227 191 891
744 317 223 191 891
196 187 233 191 891
303 189 231 191 891
10071 893 234 191 891
10149 883 226 192 892
196 188 235 192 892
115 214 221 192 892
303 190 229 192 892
10071 894 235 192 892
10149 884 226 193 893
196 189 223 193 893
303 191 221 193 893
10071 895 235 193 893
10149 885 227 194 894
196 190 224 194 894
303 192 223 194 894
10071 896 233 194 894
10149 886 227 195 895
115 217 221 195 895
303 193 223 195 895
10071 897 234 195 895
10149 887 226 196 896
196 192 235 196 896
303 194 223 196 896
10071 898 234 196 896
10149 888 226 197 897
196 193 231 197 897
10071 899 233 197 897
10149 889 227 198 898
10071 900 233 198 898
10149 890 227 199 899
10071 901 235 199 899
10149 891 227 200 900
744 326 221 200 900
10071 902 234 200 900
10149 892 227 201 901
10071 903 235 201 901
10149 893 225 202 902
196 198 222 202 902
148 205 222 202 902
10071 904 235 202 902
10149 894 225 203 903
196 199 223 203 903
10071 905 235 203 903
10149 895 226 204 904
196 200 223 204 904
148 207 223 204 904
303 202 221 204 904
10071 906 234 204 904
10149 896 225 205 905
744 331 222 205 905
303 203 221 205 905
10071 907 233 205 905
10149 897 225 206 906
115 228 223 206 906
303 204 223 206 906
10071 908 235 206 906
10149 898 225 207 907
148 210 221 207 907
196 203 227 207 907
303 205 227 207 907
10071 909 233 207 907
10149 899 211 208 908
744 334 224 208 908
196 204 222 208 908
10071 910 233 208 908
10149 900 213 209 909
316 71 223 209 909
10064 908 209 209 909
10071 911 230 209 909
10087 910 209 210 910
10087 913 225 213 913
10086 914 205 214 914
10087 914 225 214 914
10087 915 219 215 915
10087 916 227 216 916
10086 917 206 217 917
10087 917 226 217 917
10087 918 215 218 918
10087 919 219 219 919
10087 920 219 220 920
10087 921 219 221 921
10087 922 218 222 922
10087 923 223 223 923
10087 924 223 224 924
10086 925 211 225 925
10087 925 235 225 925
10086 926 211 226 926
10087 926 233 226 926
10086 927 211 227 927
10087 927 233 227 927
10086 928 212 228 928
10087 928 233 228 928
10087 929 227 229 929
10087 930 227 230 930
10087 931 233 231 931
10086 932 210 232 932
10087 932 226 232 932
10087 934 211 234 934
10087 935 212 235 935
10087 936 215 236 936
10087 938 212 238 938
10087 939 215 239 939
10087 940 220 240 940
10087 941 217 241 941
10087 942 218 242 942
10087 943 219 243 943
10087 944 216 244 944
10087 945 219 245 945
10087 946 220 246 946
10087 947 219 247 947
10071 949 211 247 947
10149 939 206 248 948
10027 947 214 248 948
10064 947 223 248 948
10094 947 224 248 948
10069 946 214 248 948
10171 950 207 249 949
10027 948 221 249 949
14 245 223 249 949
10054 949 207 249 949
10064 948 216 249 949
274 327 223 249 949
10094 948 224 249 949
10069 947 221 249 949
10071 951 206 249 949
10171 951 220 250 950
14 246 227 250 950
10027 949 215 250 950
10054 950 209 250 950
10064 949 211 250 950
274 328 221 250 950
10094 949 227 250 950
10069 948 217 250 950
10171 952 210 251 951
14 247 225 251 951
10027 950 217 251 951
10054 951 215 251 951
10064 950 210 251 951
10094 950 235 251 951
10069 949 218 251 951
576 226 229 252 952
10171 953 212 252 952
10027 951 214 252 952
10054 952 209 252 952
10064 951 220 252 952
10052 954 207 252 952
10094 951 233 252 952
10069 950 215 252 952
10071 954 208 252 952
10171 954 207 253 953
10027 952 211 253 953
10064 952 213 253 953
10052 955 206 253 953
10094 952 211 253 953
10025 955 207 254 954
10116 947 211 257 957
10129 954 212 258 958
10156 952 208 258 958
10115 953 206 258 958
10095 951 210 258 958
10111 948 211 259 959
10154 952 213 259 959
10130 950 216 259 959
10107 368 209 259 959
10116 949 209 259 959
10115 954 209 259 959
10129 956 221 260 960
10154 953 241 260 960
10166 963 208 260 960
10107 369 231 260 960
10116 950 219 260 960
10115 955 206 260 960
10129 957 223 261 961
10154 954 219 261 961
10166 964 212 261 961
10130 952 215 261 961
10107 370 214 261 961
10014 953 210 261 961
10116 951 213 261 961
10129 958 216 262 962
10111 951 211 262 962
10154 955 208 262 962
10166 965 227 262 962
10130 953 208 262 962
10107 371 214 262 962
10116 952 221 262 962
10115 957 209 262 962
10129 959 227 263 963
10166 966 229 263 963
10130 954 215 263 963
10107 372 219 263 963
10116 953 226 263 963
10115 958 208 263 963
10129 960 212 264 964
10154 957 210 264 964
10166 967 230 264 964
10130 955 221 264 964
10107 373 218 264 964
10116 954 220 264 964
10129 961 209 265 965
10154 958 208 265 965
10166 968 227 265 965
10130 956 206 265 965
10107 374 219 265 965
10116 955 219 265 965
10129 962 220 266 966
10166 969 221 266 966
10130 957 208 266 966
10107 375 212 266 966
10116 956 225 266 966
10129 963 225 267 967
10154 960 208 267 967
10166 970 231 267 967
10130 958 221 267 967
10107 376 219 267 967
10036 960 209 267 967
10014 959 220 267 967
10115 962 207 267 967
10129 964 213 268 968
10107 377 209 268 968
10116 958 209 268 968
10115 963 211 268 968
10154 962 209 269 969
10027 973 208 274 974
10064 973 215 274 974
10094 973 234 274 974
10069 972 211 274 974
10171 976 213 275 975
10027 974 206 275 975
10094 974 230 275 975
10069 973 208 275 975
10171 977 207 276 976
10027 975 206 276 976
10064 975 218 276 976
10094 975 229 276 976
10171 978 209 277 977
10027 976 215 277 977
10054 977 206 277 977
10064 976 206 277 977
10094 976 226 277 977
10069 975 207 277 977
10027 977 210 278 978
10054 978 208 278 978
10094 977 226 278 978
10069 976 231 278 978
10171 980 206 279 979
10064 978 208 279 979
10052 981 207 279 979
10094 978 221 279 979
10069 977 217 279 979
10027 979 209 280 980
10054 980 206 280 980
10052 982 207 280 980
10094 979 211 280 980
10069 978 206 280 980
10071 982 208 280 980
10171 982 209 281 981
10027 980 209 281 981
10064 980 223 281 981
10094 980 223 281 981
10069 979 206 281 981
10171 983 206 282 982
10054 982 212 282 982
524 54 237 282 982
10064 981 223 282 982
274 360 227 282 982
10071 984 217 282 982
10149 974 212 283 983
10086 984 210 284 984
10087 984 229 284 984
10087 985 225 285 985
10087 986 216 286 986
10087 987 223 287 987
10087 988 226 288 988
10087 989 227 289 989
10087 990 227 290 990
10087 991 208 291 991
10087 992 221 292 992
10087 993 225 293 993
10087 994 226 294 994
10087 995 225 295 995
10087 996 212 296 996
10087 997 217 297 997
10087 998 227 298 998
10087 999 227 299 999
10087 1000 227 300 1000
10086 1001 206 301 1001
10087 1001 221 301 1001
10087 1002 225 302 1002
10087 1003 220 303 1003
10087 1004 215 304 1004
10086 1005 206 305 1005
10087 1005 223 305 1005
10086 1006 205 306 1006
10087 1006 222 306 1006
10086 1007 206 307 1007
10087 1007 227 307 1007
10087 1008 219 308 1008
10087 1009 223 309 1009
10087 1010 225 310 1010
10087 1011 226 311 1011
10087 1012 211 312 1012
10087 1013 212 313 1013
10087 1014 213 314 1014
10087 1015 208 315 1015
10087 1016 221 316 1016
10087 1017 226 317 1017
10087 1018 223 318 1018
10087 1019 215 319 1019
10087 1020 213 320 1020
10087 1021 221 321 1021
10087 1022 221 322 1022
10087 1023 221 323 1023
10086 1024 206 324 1024
10087 1024 223 324 1024
10087 1025 216 325 1025
10087 1026 214 326 1026
10087 1027 208 327 1027
10087 1028 211 328 1028
10087 1029 210 329 1029
10087 1030 212 330 1030
10087 1031 217 331 1031
10087 1032 219 332 1032
10087 1033 220 333 1033
10087 1034 221 334 1034
10087 1035 218 335 1035
10087 1036 219 336 1036
10087 1037 217 337 1037
10087 1038 220 338 1038
10087 1039 219 339 1039
10087 1040 217 340 1040
10087 1041 219 341 1041
10087 1042 217 342 1042
10087 1043 220 343 1043
10087 1044 219 344 1044
10087 1045 217 345 1045
10087 1046 215 346 1046
10087 1047 212 347 1047
10087 1048 221 348 1048
10087 1049 223 349 1049
10087 1050 221 350 1050
10087 1051 221 351 1051
10087 1052 217 352 1052
10087 1053 219 353 1053
10087 1054 216 354 1054
10087 1055 211 355 1055
10087 1057 205 357 1057
10087 1058 209 358 1058
10087 1059 210 359 1059
10087 1060 211 360 1060
10087 1061 212 361 1061
10087 1062 212 362 1062
10087 1063 213 363 1063
10087 1064 213 364 1064
10087 1065 217 365 1065
10087 1066 217 366 1066
10087 1067 215 367 1067
10087 1068 214 368 1068
10087 1069 217 369 1069
10087 1070 217 370 1070
10087 1071 213 371 1071
10087 1072 215 372 1072
10087 1073 212 373 1073
10087 1074 208 374 1074
10087 1075 221 375 1075
10087 1076 211 376 1076
10086 1077 207 377 1077
10087 1077 227 377 1077
10087 1078 223 378 1078
10087 1079 235 379 1079
10080 1083 206 380 1080
10086 1080 205 380 1080
10087 1080 227 380 1080
10080 1084 207 381 1081
10086 1081 207 381 1081
10087 1081 231 381 1081
10080 1085 207 382 1082
10086 1082 206 382 1082
10087 1082 229 382 1082
10080 1086 208 383 1083
10086 1083 206 383 1083
10087 1083 231 383 1083
10086 1084 206 384 1084
10087 1084 229 384 1084
10087 1085 233 385 1085
10087 1086 225 386 1086
10087 1087 223 387 1087
10086 1088 207 388 1088
10087 1088 227 388 1088
10086 1089 207 389 1089
10087 1089 227 389 1089
10086 1090 206 390 1090
10087 1090 224 390 1090
10086 1091 206 391 1091
10087 1091 223 391 1091
10086 1092 207 392 1092
10087 1092 223 392 1092
10086 1093 209 393 1093
10087 1093 224 393 1093
10086 1094 206 394 1094
10087 1094 225 394 1094
10087 1095 228 395 1095
10086 1096 205 396 1096
10087 1096 225 396 1096
10086 1131 208 431 1131
10086 1132 206 432 1132
10086 1136 206 436 1136
10086 1137 207 437 1137
10086 1138 207 438 1138
10086 1139 206 439 1139
10086 1140 206 440 1140
10086 1141 207 441 1141
10086 1142 206 442 1142
10086 1144 205 444 1144
10086 1146 210 446 1146
10086 1149 211 449 1149
10086 1150 208 450 1150
10086 1152 207 452 1152
10086 1153 211 453 1153
10086 1154 205 454 1154
10086 1155 206 455 1155
10086 1156 206 456 1156
10086 1157 207 457 1157
10086 1158 206 458 1158
10086 1161 206 461 1161
10086 1162 206 462 1162
10086 1164 206 464 1164
10086 1166 206 466 1166
10086 1167 207 467 1167
10086 1170 205 470 1170
10086 1174 206 474 1174
10086 1177 209 477 1177
10086 1178 207 478 1178
10086 1179 208 479 1179
10086 1180 207 480 1180
10086 1182 205 482 1182
10086 1186 207 486 1186
10086 1187 207 487 1187
10086 1188 208 488 1188
10086 1189 208 489 1189
10086 1190 206 490 1190
10086 1191 207 491 1191
10086 1193 208 493 1193
10086 1194 208 494 1194
10086 1195 208 495 1195
10086 1196 208 496 1196
10086 1197 208 497 1197
10086 1198 209 498 1198
10086 1199 206 499 1199
10086 1200 206 500 1200
10086 1201 208 501 1201
10086 1202 207 502 1202
10086 1203 207 503 1203
10086 1205 208 505 1205
10086 1206 209 506 1206
10086 1207 207 507 1207
10086 1208 208 508 1208
10086 1209 208 509 1209
10086 1210 209 510 1210
10086 1211 208 511 1211
10086 1212 208 512 1212
10086 1213 208 513 1213
10086 1214 208 514 1214
10086 1215 207 515 1215
10086 1216 208 516 1216
10086 1217 207 517 1217
10086 1218 208 518 1218
10086 1219 209 519 1219
10086 1221 207 521 1221
10080 1225 205 522 1222
10080 1227 205 524 1224
10086 1224 205 524 1224
10080 1228 206 525 1225
10086 1225 206 525 1225
10080 1229 206 526 1226
10033 1224 207 526 1226
10064 1226 211 527 1227
10064 1228 207 529 1229
10064 1229 215 530 1230
10094 1229 209 530 1230
10071 1232 207 530 1230
10064 1230 217 531 1231
10071 1233 206 531 1231
10064 1231 217 532 1232
10094 1231 207 532 1232
10064 1232 215 533 1233
10094 1232 207 533 1233
10071 1235 205 533 1233
10064 1233 211 534 1234
10094 1233 206 534 1234
10064 1234 211 535 1235
10094 1234 206 535 1235
10064 1235 213 536 1236
10094 1236 207 537 1237
10064 1237 213 538 1238
10094 1237 206 538 1238
10071 1240 207 538 1238
10064 1238 214 539 1239
10094 1238 208 539 1239
10071 1241 210 539 1239
10071 1242 205 540 1240
10064 1240 211 541 1241
10094 1240 207 541 1241
10064 1241 210 542 1242
10094 1241 208 542 1242
10064 1242 210 543 1243
10094 1242 205 543 1243
10064 1243 208 544 1244
10086 1249 206 549 1249
10086 1250 206 550 1250
10086 1251 206 551 1251
10086 1255 205 555 1255
10086 1257 205 557 1257
10086 1258 206 558 1258
10086 1268 205 568 1268
10086 1270 209 570 1270
217 583 234 574 1274
10086 1277 209 577 1277
217 587 223 578 1278
10080 1281 207 578 1278
10086 1278 208 578 1278
217 588 223 579 1279
10080 1282 207 579 1279
217 589 225 580 1280
10086 1290 206 590 1290
10086 1291 207 591 1291
10086 1292 206 592 1292
10086 1293 205 593 1293
10086 1294 207 594 1294
10149 1289 208 598 1298
347 599 223 598 1298
656 602 235 598 1298
10064 1297 229 598 1298
10052 1300 205 598 1298
10094 1297 224 598 1298
10069 1296 209 598 1298
10027 1298 206 599 1299
10054 1299 226 599 1299
10064 1298 207 599 1299
10069 1297 223 599 1299
10054 1300 212 600 1300
10064 1299 208 600 1300
10094 1299 206 600 1300
10069 1298 226 600 1300
10054 1301 219 601 1301
10069 1299 223 601 1301
10054 1302 222 602 1302
10094 1301 207 602 1302
10069 1300 226 602 1302
628 640 222 603 1303
10054 1303 217 603 1303
10094 1302 207 603 1303
10069 1301 231 603 1303
10171 1305 206 604 1304
10054 1304 233 604 1304
10094 1303 209 604 1304
10069 1302 225 604 1304
10054 1305 221 605 1305
10094 1304 236 605 1305
10069 1303 221 605 1305
58 278 231 605 1305
274 85 222 605 1305
10171 1307 219 606 1306
10027 1305 215 606 1306
10054 1306 212 606 1306
10064 1305 206 606 1306
10094 1305 233 606 1306
10069 1304 215 606 1306
58 279 235 606 1306
274 86 223 606 1306
10171 1308 208 607 1307
347 608 224 607 1307
10027 1306 219 607 1307
10054 1307 209 607 1307
10064 1306 213 607 1307
10094 1306 237 607 1307
10069 1305 213 607 1307
10171 1309 211 608 1308
10027 1307 210 608 1308
10054 1308 212 608 1308
10064 1307 216 608 1308
10094 1307 225 608 1308
10069 1306 221 608 1308
10171 1310 209 609 1309
10054 1309 213 609 1309
10064 1308 215 609 1309
10094 1308 224 609 1309
10069 1307 217 609 1309
10171 1311 211 610 1310
10027 1309 211 610 1310
10054 1310 210 610 1310
10064 1309 215 610 1310
10094 1309 228 610 1310
524 241 221 610 1310
10069 1308 218 610 1310
10171 1312 208 611 1311
10027 1310 210 611 1311
10054 1311 211 611 1311
10064 1310 218 611 1311
10094 1310 227 611 1311
10069 1309 219 611 1311
10171 1313 211 612 1312
10054 1312 212 612 1312
10064 1311 214 612 1312
10094 1311 231 612 1312
10069 1310 217 612 1312
10071 1314 205 612 1312
10171 1314 212 613 1313
10054 1313 213 613 1313
10064 1312 217 613 1313
10094 1312 230 613 1313
524 244 227 613 1313
10069 1311 218 613 1313
10071 1315 206 613 1313
10171 1315 208 614 1314
10054 1314 212 614 1314
10064 1313 214 614 1314
10094 1313 231 614 1314
10069 1312 216 614 1314
10027 1314 208 615 1315
10064 1314 214 615 1315
10052 1317 205 615 1315
10094 1314 228 615 1315
524 246 223 615 1315
10069 1313 217 615 1315
10171 1317 207 616 1316
10027 1315 209 616 1316
10054 1316 213 616 1316
10064 1315 213 616 1316
10094 1315 231 616 1316
524 247 222 616 1316
10069 1314 219 616 1316
10027 1316 213 617 1317
10054 1317 209 617 1317
10064 1316 213 617 1317
10052 1319 208 617 1317
10094 1316 224 617 1317
10069 1315 214 617 1317
58 290 221 617 1317
10171 1319 216 618 1318
10027 1317 217 618 1318
10054 1318 212 618 1318
10064 1317 211 618 1318
10094 1317 231 618 1318
10069 1316 214 618 1318
10071 1320 205 618 1318
58 291 221 618 1318
10171 1320 219 619 1319
10027 1318 207 619 1319
10064 1318 217 619 1319
10094 1318 239 619 1319
10069 1317 218 619 1319
10071 1321 206 619 1319
10171 1321 213 620 1320
10027 1319 210 620 1320
10054 1320 207 620 1320
10064 1319 212 620 1320
10094 1319 227 620 1320
10069 1318 224 620 1320
10171 1322 213 621 1321
10054 1321 208 621 1321
10064 1320 218 621 1321
10094 1320 239 621 1321
10069 1319 225 621 1321
58 294 221 621 1321
10171 1323 216 622 1322
10027 1321 212 622 1322
10064 1321 219 622 1322
10052 1324 206 622 1322
10094 1321 225 622 1322
10069 1320 224 622 1322
10171 1324 214 623 1323
10027 1322 211 623 1323
10054 1323 207 623 1323
10064 1322 214 623 1323
10052 1325 207 623 1323
10094 1322 218 623 1323
10069 1321 227 623 1323
10071 1325 205 623 1323
58 296 223 623 1323
10171 1325 217 624 1324
10027 1323 207 624 1324
10054 1324 211 624 1324
10064 1323 222 624 1324
10052 1326 212 624 1324
10094 1323 219 624 1324
10069 1322 225 624 1324
10071 1326 206 624 1324
10171 1326 217 625 1325
10027 1324 207 625 1325
10054 1325 211 625 1325
10064 1324 218 625 1325
10094 1324 233 625 1325
10069 1323 221 625 1325
58 298 226 625 1325
10171 1327 216 626 1326
10027 1325 219 626 1326
10064 1325 206 626 1326
10094 1325 236 626 1326
10069 1324 207 626 1326
274 106 223 626 1326
10171 1328 215 627 1327
10054 1327 211 627 1327
10064 1326 219 627 1327
10052 1329 206 627 1327
10094 1326 227 627 1327
10069 1325 223 627 1327
10071 1329 207 627 1327
58 300 223 627 1327
10171 1329 210 628 1328
10054 1328 206 628 1328
10064 1327 221 628 1328
10094 1327 206 628 1328
10069 1326 207 628 1328
10071 1330 223 628 1328
10080 1332 207 629 1329
10086 1329 207 629 1329
140 665 223 629 1329
10086 1358 207 658 1358
10086 1359 205 659 1359
194 657 223 664 1364
10171 1366 206 665 1365
10134 1358 205 665 1365
743 586 231 666 1366
10173 1362 216 667 1367
10106 1364 219 667 1367
10040 1361 211 667 1367
293 662 226 667 1367
10106 1365 211 668 1368
10055 1368 212 668 1368
10018 695 213 668 1368
10098 1365 225 668 1368
10140 1364 211 668 1368
10158 1363 207 668 1368
16 351 225 669 1369
10018 696 231 669 1369
10098 1366 213 669 1369
182 113 223 669 1369
10140 1365 212 669 1369
10084 1363 207 669 1369
10158 1364 208 669 1369
10055 1370 209 670 1370
10018 697 219 670 1370
182 114 233 670 1370
10140 1366 210 670 1370
10158 1365 213 670 1370
10055 1371 210 671 1371
10018 698 221 671 1371
10140 1367 217 671 1371
10084 1365 207 671 1371
10158 1366 210 671 1371
10055 1372 207 672 1372
10018 699 229 672 1372
10098 1369 210 672 1372
10140 1368 215 672 1372
10084 1366 206 672 1372
10158 1367 223 672 1372
44 334 223 672 1372
10055 1373 209 673 1373
10018 700 232 673 1373
10098 1370 210 673 1373
10140 1369 206 673 1373
10084 1367 223 673 1373
10158 1368 214 673 1373
635 439 231 674 1374
10055 1374 215 674 1374
10018 701 223 674 1374
10158 1369 216 674 1374
361 685 231 675 1375
10078 1374 210 675 1375
10106 1373 206 676 1376
10040 1370 212 676 1376
10078 1375 219 676 1376
10055 1376 206 676 1376
10106 1374 213 677 1377
10078 1376 219 677 1377
10098 1374 207 677 1377
10106 1375 208 678 1378
10040 1372 213 678 1378
433 105 227 678 1378
10078 1377 206 678 1378
10018 705 210 678 1378
10140 1374 208 678 1378
10158 1373 209 678 1378
10076 1375 207 679 1379
10055 1379 209 679 1379
10018 706 221 679 1379
10098 1376 213 679 1379
10004 1376 205 680 1380
10076 1376 209 680 1380
292 78 221 680 1380
10055 1380 206 680 1380
10018 707 221 680 1380
10098 1377 212 680 1380
62 620 223 680 1380
10140 1376 210 680 1380
10084 1374 211 680 1380
433 108 238 681 1381
10076 1377 206 681 1381
10018 708 215 681 1381
10098 1378 213 681 1381
10140 1377 211 681 1381
10158 1376 218 681 1381
10106 1379 207 682 1382
10004 1378 211 682 1382
10076 1378 215 682 1382
10055 1382 208 682 1382
10018 709 212 682 1382
10098 1379 206 682 1382
10140 1378 211 682 1382
10084 1376 206 682 1382
10158 1377 212 682 1382
10173 1378 214 683 1383
10076 1379 215 683 1383
10055 1383 215 683 1383
10018 710 213 683 1383
10158 1378 207 683 1383
10173 1379 210 684 1384
10106 1381 209 684 1384
120 188 236 684 1384
10076 1380 218 684 1384
10055 1384 223 684 1384
10018 711 213 684 1384
10140 1380 211 684 1384
120 189 233 685 1385
10076 1381 217 685 1385
10055 1385 229 685 1385
10018 712 219 685 1385
10140 1381 209 685 1385
10158 1380 213 686 1386
10173 1381 208 686 1386
10106 1383 211 686 1386
120 190 228 686 1386
10076 1382 206 686 1386
10055 1386 227 686 1386
10018 713 221 686 1386
10140 1382 208 686 1386
10158 1381 212 686 1386
10173 1382 211 687 1387
120 191 235 687 1387
10004 1383 206 687 1387
10055 1387 225 687 1387
10018 714 219 687 1387
10158 1382 212 687 1387
10173 1383 208 688 1388
10106 1385 206 688 1388
120 192 226 688 1388
10004 1384 206 688 1388
10076 1384 210 688 1388
10055 1388 221 688 1388
10018 715 209 688 1388
10140 1384 213 688 1388
10158 1383 214 688 1388
10173 1384 213 689 1389
120 193 233 689 1389
10055 1389 223 689 1389
10018 716 209 689 1389
10140 1385 209 689 1389
10158 1384 209 689 1389
10173 1385 217 690 1390
120 194 236 690 1390
10076 1386 209 690 1390
10055 1390 223 690 1390
10018 717 213 690 1390
10140 1386 207 690 1390
10084 1384 205 690 1390
10158 1385 206 690 1390
10173 1386 214 691 1391
120 195 231 691 1391
10076 1387 210 691 1391
10055 1391 212 691 1391
10140 1387 217 691 1391
10158 1386 209 691 1391
10173 1387 217 692 1392
10106 1389 205 692 1392
120 196 226 692 1392
10076 1388 211 692 1392
10055 1392 226 692 1392
10018 719 218 692 1392
10140 1388 212 692 1392
10173 1388 219 693 1393
120 197 225 693 1393
10076 1389 212 693 1393
10018 720 211 693 1393
10140 1389 206 693 1393
10173 1389 206 694 1394
120 198 237 694 1394
10004 1390 208 694 1394
10076 1390 213 694 1394
10055 1394 226 694 1394
10018 721 210 694 1394
10098 1391 207 694 1394
10140 1390 208 694 1394
10158 1389 213 694 1394
10173 1390 210 695 1395
10106 1392 206 695 1395
120 199 225 695 1395
10076 1391 215 695 1395
10055 1395 224 695 1395
10018 722 209 695 1395
10098 1392 207 695 1395
10173 1391 209 696 1396
10106 1393 207 696 1396
120 200 227 696 1396
10076 1392 210 696 1396
10055 1396 219 696 1396
10018 723 211 696 1396
10140 1392 212 696 1396
10173 1392 220 697 1397
10106 1394 211 697 1397
120 201 231 697 1397
10076 1393 212 697 1397
10055 1397 228 697 1397
10018 724 212 697 1397
10140 1393 215 697 1397
182 141 222 697 1397
10158 1392 207 697 1397
10173 1393 217 698 1398
10106 1395 208 698 1398
120 202 227 698 1398
68 749 221 698 1398
10055 1398 227 698 1398
10018 725 210 698 1398
10158 1393 209 698 1398
10173 1394 219 699 1399
10106 1396 207 699 1399
120 203 231 699 1399
10076 1395 210 699 1399
68 750 225 699 1399
10055 1399 228 699 1399
10018 726 205 699 1399
10140 1395 210 699 1399
10158 1394 210 699 1399
10173 1395 210 700 1400
120 204 235 700 1400
10076 1396 207 700 1400
68 751 225 700 1400
10055 1400 220 700 1400
10018 727 213 700 1400
10140 1396 216 700 1400
10158 1395 215 700 1400
120 205 227 701 1401
10004 1397 211 701 1401
68 752 230 701 1401
10055 1401 225 701 1401
10018 728 209 701 1401
10140 1397 221 701 1401
10158 1396 210 701 1401
10106 1399 207 702 1402
120 206 231 702 1402
10004 1398 212 702 1402
10076 1398 209 702 1402
68 753 227 702 1402
10055 1402 225 702 1402
10140 1398 223 702 1402
10173 1398 211 703 1403
10106 1400 211 703 1403
120 207 235 703 1403
10004 1399 213 703 1403
10076 1399 211 703 1403
68 754 232 703 1403
10055 1403 221 703 1403
10140 1399 219 703 1403
10173 1399 210 703 1403
10106 1401 208 704 1404
120 208 236 704 1404
10004 1400 211 704 1404
10076 1400 217 704 1404
68 755 225 704 1404
10055 1404 223 704 1404
10140 1400 223 704 1404
10158 1399 210 704 1404
10173 1400 212 705 1405
120 209 238 705 1405
10004 1401 214 705 1405
10076 1401 214 705 1405
68 756 225 705 1405
10055 1405 224 705 1405
10018 732 208 705 1405
10140 1401 223 705 1405
10158 1400 208 705 1405
10173 1401 211 706 1406
120 210 233 706 1406
10004 1402 207 706 1406
10076 1402 206 706 1406
68 757 225 706 1406
10055 1406 225 706 1406
10018 733 212 706 1406
10140 1402 219 706 1406
10173 1402 211 707 1407
120 211 236 707 1407
10004 1403 206 707 1407
10076 1403 210 707 1407
68 758 221 707 1407
10055 1407 227 707 1407
10018 734 209 707 1407
10140 1403 219 707 1407
10173 1403 210 708 1408
10106 1405 208 708 1408
120 212 228 708 1408
10004 1404 208 708 1408
10076 1404 213 708 1408
389 699 233 708 1408
68 759 221 708 1408
10055 1408 229 708 1408
10018 735 205 708 1408
10140 1404 218 708 1408
10106 1406 206 709 1409
120 213 231 709 1409
10004 1405 211 709 1409
10076 1405 219 709 1409
10055 1409 227 709 1409
10018 736 210 709 1409
10140 1405 213 709 1409
10158 1404 207 709 1409
10173 1405 213 710 1410
653 340 221 710 1410
10106 1407 211 710 1410
120 214 229 710 1410
10004 1406 208 710 1410
10076 1406 207 710 1410
10055 1410 219 710 1410
10140 1406 217 710 1410
10158 1405 209 710 1410
10173 1406 215 711 1411
10106 1408 207 711 1411
120 215 235 711 1411
10004 1407 210 711 1411
10076 1407 211 711 1411
389 702 221 711 1411
68 762 223 711 1411
10055 1411 214 711 1411
10018 738 214 711 1411
10140 1407 219 711 1411
10158 1406 208 711 1411
10173 1407 217 712 1412
120 216 237 712 1412
10004 1408 210 712 1412
10076 1408 210 712 1412
10055 1412 219 712 1412
10140 1408 213 712 1412
10158 1407 211 712 1412
10173 1408 219 713 1413
120 217 226 713 1413
10004 1409 215 713 1413
10076 1409 207 713 1413
68 764 222 713 1413
10055 1413 230 713 1413
10018 740 212 713 1413
10140 1409 223 713 1413
10173 1409 209 714 1414
10106 1411 211 714 1414
120 218 225 714 1414
10004 1410 213 714 1414
10055 1414 221 714 1414
10018 741 213 714 1414
10140 1410 218 714 1414
10158 1409 211 714 1414
120 219 228 715 1415
10004 1411 210 715 1415
389 706 222 715 1415
68 766 228 715 1415
10055 1415 233 715 1415
10018 742 208 715 1415
10140 1411 219 715 1415
10158 1410 211 715 1415
10173 1411 218 716 1416
10106 1413 210 716 1416
120 220 235 716 1416
10004 1412 211 716 1416
10076 1412 210 716 1416
68 767 226 716 1416
10055 1416 227 716 1416
10140 1412 219 716 1416
10158 1411 210 716 1416
10173 1412 214 717 1417
10106 1414 210 717 1417
120 221 233 717 1417
10004 1413 211 717 1417
10076 1413 210 717 1417
389 708 221 717 1417
10055 1417 231 717 1417
10018 744 210 717 1417
10140 1413 221 717 1417
10158 1412 213 717 1417
10173 1413 219 718 1418
10106 1415 213 718 1418
120 222 232 718 1418
10004 1414 209 718 1418
10076 1414 209 718 1418
10055 1418 228 718 1418
10140 1414 221 718 1418
10158 1413 213 718 1418
10173 1414 213 719 1419
10106 1416 212 719 1419
120 223 232 719 1419
10004 1415 213 719 1419
10076 1415 208 719 1419
389 710 222 719 1419
68 770 228 719 1419
10055 1419 222 719 1419
10018 746 208 719 1419
10140 1415 220 719 1419
10173 1415 212 719 1419
10106 1417 208 720 1420
120 224 221 720 1420
10004 1416 214 720 1420
10076 1416 211 720 1420
68 771 229 720 1420
10055 1420 227 720 1420
10140 1416 221 720 1420
10158 1415 207 720 1420
10173 1416 213 721 1421
10106 1418 211 721 1421
120 225 231 721 1421
10004 1417 211 721 1421
10076 1417 208 721 1421
389 712 223 721 1421
68 772 227 721 1421
10055 1421 228 721 1421
10140 1417 218 721 1421
10158 1416 209 721 1421
10173 1417 208 721 1421
10106 1419 209 722 1422
120 226 239 722 1422
10004 1418 221 722 1422
10076 1418 212 722 1422
68 773 224 722 1422
10055 1422 217 722 1422
10018 749 207 722 1422
10140 1418 223 722 1422
10158 1417 208 722 1422
10173 1418 208 722 1422
10106 1420 211 723 1423
120 227 238 723 1423
10004 1419 222 723 1423
10076 1419 211 723 1423
389 714 223 723 1423
68 774 233 723 1423
10055 1423 233 723 1423
10018 750 213 723 1423
10140 1419 207 723 1423
10158 1418 212 723 1423
10173 1419 217 723 1423
10106 1421 211 724 1424
120 228 239 724 1424
10004 1420 211 724 1424
389 715 227 724 1424
68 775 223 724 1424
10055 1424 227 724 1424
10018 751 208 724 1424
10158 1419 217 724 1424
10173 1420 208 724 1424
653 355 221 724 1424
10144 1420 209 725 1425
10004 1421 210 725 1425
10076 1421 212 725 1425
10010 1416 206 725 1425
10055 1425 213 725 1425
10018 752 207 725 1425
10140 1421 216 725 1425
10173 1421 207 725 1425
120 230 241 726 1426
10076 1422 209 726 1426
389 717 225 726 1426
68 777 228 726 1426
10055 1426 225 726 1426
10140 1422 211 726 1426
10158 1421 211 726 1426
10173 1422 213 726 1426
120 231 239 727 1427
10004 1423 207 727 1427
10076 1423 210 727 1427
389 718 227 727 1427
68 778 229 727 1427
10018 754 214 727 1427
10140 1423 216 727 1427
10158 1422 207 727 1427
10173 1423 214 727 1427
10106 1425 207 728 1428
120 232 239 728 1428
10004 1424 206 728 1428
10076 1424 212 728 1428
389 719 227 728 1428
153 95 221 728 1428
68 779 225 728 1428
10055 1428 219 728 1428
10018 755 206 728 1428
10140 1424 218 728 1428
10158 1423 207 728 1428
10106 1426 207 728 1428
120 233 239 729 1429
10076 1425 207 729 1429
389 720 227 729 1429
68 780 235 729 1429
10055 1429 215 729 1429
10018 756 212 729 1429
10140 1425 209 729 1429
10158 1424 211 729 1429
519 651 221 730 1430
120 234 239 730 1430
389 721 225 730 1430
68 781 228 730 1430
10055 1430 213 730 1430
10018 757 208 730 1430
10140 1426 210 730 1430
10158 1425 209 730 1430
10173 1426 210 730 1430
519 652 221 731 1431
120 235 237 731 1431
10076 1427 210 731 1431
389 722 227 731 1431
68 782 225 731 1431
10055 1431 211 731 1431
10018 758 208 731 1431
10140 1427 215 731 1431
10158 1426 207 731 1431
10106 1429 206 732 1432
519 653 222 732 1432
120 236 237 732 1432
10076 1428 210 732 1432
389 723 221 732 1432
68 783 233 732 1432
10055 1432 218 732 1432
10140 1428 212 732 1432
10158 1427 212 732 1432
10173 1428 208 732 1432
10106 1430 211 733 1433
120 237 227 733 1433
10004 1429 211 733 1433
68 784 224 733 1433
10055 1433 211 733 1433
10018 760 213 733 1433
10140 1429 210 733 1433
10158 1428 214 733 1433
10173 1429 210 733 1433
10004 1430 206 734 1434
68 785 233 734 1434
389 725 231 734 1434
10055 1434 213 734 1434
10018 761 215 734 1434
10140 1430 213 734 1434
10158 1429 211 734 1434
68 786 223 735 1435
389 726 225 735 1435
10055 1435 217 735 1435
10018 762 213 735 1435
10140 1431 213 735 1435
10158 1430 219 735 1435
10173 1431 207 735 1435
10106 1433 211 736 1436
519 657 223 736 1436
10004 1432 217 736 1436
10076 1432 217 736 1436
68 787 231 736 1436
10055 1436 219 736 1436
10018 763 214 736 1436
10140 1432 215 736 1436
10158 1431 217 736 1436
10173 1432 208 736 1436
653 367 222 736 1436
10106 1434 209 736 1436
294 740 221 737 1437
169 42 223 737 1437
635 502 223 737 1437
10004 1433 213 737 1437
10076 1433 219 737 1437
68 788 233 737 1437
10055 1437 223 737 1437
10018 764 219 737 1437
10140 1433 222 737 1437
10158 1432 211 737 1437
169 43 221 738 1438
635 503 222 738 1438
519 659 224 738 1438
10004 1434 217 738 1438
10076 1434 221 738 1438
68 789 235 738 1438
10055 1438 227 738 1438
10018 765 221 738 1438
10098 1435 207 738 1438
10140 1434 216 738 1438
10158 1433 207 738 1438
10173 1434 211 738 1438
10106 1436 209 738 1438
294 742 222 739 1439
169 44 221 739 1439
519 660 224 739 1439
10004 1435 220 739 1439
10076 1435 208 739 1439
389 730 235 739 1439
10055 1439 231 739 1439
10140 1435 221 739 1439
10173 1435 213 739 1439
169 45 221 740 1440
10004 1436 221 740 1440
10076 1436 206 740 1440
68 791 237 740 1440
10055 1440 231 740 1440
10018 767 209 740 1440
10140 1436 219 740 1440
10158 1435 208 740 1440
10173 1436 213 740 1440
10004 1437 219 741 1441
68 792 239 741 1441
10055 1441 230 741 1441
10018 768 210 741 1441
10140 1437 212 741 1441
10158 1436 208 741 1441
10173 1437 208 741 1441
10004 1438 219 742 1442
389 733 221 742 1442
68 793 225 742 1442
10055 1442 231 742 1442
10018 769 211 742 1442
10140 1438 215 742 1442
10158 1437 207 742 1442
10173 1438 206 742 1442
10106 1440 206 743 1443
294 746 221 743 1443
10004 1439 219 743 1443
68 794 233 743 1443
10055 1443 229 743 1443
10018 770 206 743 1443
10140 1439 221 743 1443
10158 1438 207 743 1443
10173 1439 211 743 1443
294 747 223 744 1444
10004 1440 219 744 1444
389 735 221 744 1444
68 795 237 744 1444
10055 1444 229 744 1444
10018 771 209 744 1444
10140 1440 210 744 1444
10158 1439 207 744 1444
10173 1440 210 744 1444
10106 1442 207 745 1445
294 748 222 745 1445
10004 1441 219 745 1445
447 656 223 745 1445
10076 1441 208 745 1445
10055 1445 229 745 1445
10018 772 206 745 1445
10140 1441 219 745 1445
10158 1440 219 745 1445
10173 1441 209 745 1445
636 141 239 746 1446
10004 1442 218 746 1446
447 657 227 746 1446
68 797 228 746 1446
10055 1446 226 746 1446
10018 773 205 746 1446
10140 1442 219 746 1446
10173 1442 213 746 1446
10106 1444 208 747 1447
636 142 225 747 1447
10004 1443 221 747 1447
447 658 223 747 1447
10076 1443 209 747 1447
68 798 230 747 1447
389 738 225 747 1447
10055 1447 223 747 1447
10018 774 213 747 1447
10140 1443 225 747 1447
10158 1442 211 747 1447
10173 1443 213 747 1447
10106 1445 212 748 1448
636 143 236 748 1448
297 688 227 748 1448
519 669 221 748 1448
10004 1444 219 748 1448
447 659 230 748 1448
10076 1444 210 748 1448
68 799 223 748 1448
389 739 221 748 1448
10055 1448 223 748 1448
10018 775 211 748 1448
10098 1445 207 748 1448
10140 1444 221 748 1448
10158 1443 217 748 1448
10173 1444 218 748 1448
10106 1446 211 749 1449
636 144 229 749 1449
10004 1445 219 749 1449
10076 1445 209 749 1449
68 800 225 749 1449
389 740 222 749 1449
10055 1449 225 749 1449
10018 776 205 749 1449
10140 1445 218 749 1449
10158 1444 209 749 1449
10106 1447 211 750 1450
636 145 225 750 1450
10004 1446 219 750 1450
10076 1446 208 750 1450
68 801 239 750 1450
10055 1450 225 750 1450
10018 777 208 750 1450
10140 1446 214 750 1450
10158 1445 225 750 1450
10173 1446 221 750 1450
10106 1448 207 751 1451
636 146 240 751 1451
519 672 223 751 1451
10004 1447 206 751 1451
447 662 221 751 1451
10076 1447 217 751 1451
10055 1451 237 751 1451
10018 778 215 751 1451
649 179 236 751 1451
723 747 235 751 1451
10158 1446 213 751 1451
10106 1449 215 752 1452
10076 1448 223 752 1452
153 119 222 752 1452
10055 1452 227 752 1452
649 180 241 752 1452
10140 1448 208 752 1452
10158 1447 207 752 1452
10173 1448 210 752 1452
10106 1450 215 753 1453
10040 1447 210 753 1453
10055 1453 225 753 1453
649 181 239 753 1453
10140 1449 212 753 1453
10158 1448 205 753 1453
10106 1451 209 754 1454
171 11 236 754 1454
10076 1450 217 754 1454
10018 781 210 754 1454
10040 1449 209 755 1455
10078 1454 217 755 1455
10018 782 206 755 1455
10098 1452 216 755 1455
10140 1451 212 755 1455
10040 1450 210 756 1456
10076 1452 209 756 1456
10055 1456 223 756 1456
649 184 223 756 1456
10140 1452 210 756 1456
10158 1451 207 756 1456
10173 1452 207 756 1456
10106 1454 223 757 1457
433 184 240 757 1457
10076 1453 226 757 1457
10055 1457 220 757 1457
649 185 223 757 1457
10140 1453 221 757 1457
10158 1452 209 757 1457
10173 1453 217 757 1457
10106 1455 219 758 1458
10040 1452 209 758 1458
10076 1454 212 758 1458
10055 1458 231 758 1458
10018 785 216 758 1458
10098 1455 208 758 1458
649 186 241 758 1458
10158 1453 224 758 1458
10173 1454 206 758 1458
10004 1455 209 759 1459
10055 1459 225 759 1459
10018 786 230 759 1459
649 187 239 759 1459
10140 1455 216 759 1459
10158 1454 217 759 1459
10173 1455 211 759 1459
10106 1457 211 760 1460
294 763 222 760 1460
10004 1456 209 760 1460
10076 1456 208 760 1460
447 671 221 760 1460
68 811 223 760 1460
10055 1460 228 760 1460
10018 787 223 760 1460
10140 1456 218 760 1460
649 188 237 760 1460
10158 1455 214 760 1460
10173 1456 206 760 1460
10106 1458 211 761 1461
294 764 226 761 1461
10004 1457 212 761 1461
10076 1457 209 761 1461
68 812 221 761 1461
10055 1461 230 761 1461
10018 788 227 761 1461
649 189 239 761 1461
10140 1457 217 761 1461
10084 1455 208 761 1461
10158 1456 212 761 1461
10106 1459 211 762 1462
294 765 231 762 1462
10004 1458 207 762 1462
10076 1458 207 762 1462
68 813 223 762 1462
10055 1462 231 762 1462
10018 789 229 762 1462
649 190 240 762 1462
10140 1458 219 762 1462
10084 1456 206 762 1462
10158 1457 221 762 1462
10173 1458 208 763 1463
10106 1460 211 763 1463
636 158 221 763 1463
10004 1459 212 763 1463
10076 1459 215 763 1463
153 130 225 763 1463
10055 1463 227 763 1463
10018 790 223 763 1463
649 191 245 763 1463
10140 1459 211 763 1463
10158 1458 213 763 1463
10173 1459 212 763 1463
10106 1461 213 764 1464
294 767 222 764 1464
433 191 221 764 1464
68 815 224 764 1464
10055 1464 223 764 1464
10018 791 213 764 1464
649 192 226 764 1464
10140 1460 212 764 1464
10084 1458 208 764 1464
10158 1459 217 764 1464
10106 1462 210 765 1465
10004 1461 208 765 1465
10055 1465 221 765 1465
10018 792 219 765 1465
649 193 221 765 1465
10140 1461 207 765 1465
10158 1460 210 765 1465
10173 1461 215 765 1465
10106 1463 208 766 1466
433 193 237 766 1466
10076 1462 208 766 1466
10055 1466 225 766 1466
10018 793 230 766 1466
10098 1463 209 766 1466
649 194 231 766 1466
10140 1462 210 766 1466
10158 1461 213 766 1466
10173 1462 212 767 1467
10106 1464 210 767 1467
433 194 226 767 1467
10004 1463 213 767 1467
10076 1463 208 767 1467
10055 1467 225 767 1467
10018 794 229 767 1467
10098 1464 209 767 1467
649 195 239 767 1467
10140 1463 207 767 1467
10173 1463 208 767 1467
10106 1465 208 768 1468
433 195 225 768 1468
10040 1462 205 768 1468
10004 1464 211 768 1468
10076 1464 208 768 1468
10055 1468 226 768 1468
10018 795 226 768 1468
10098 1465 208 768 1468
649 196 238 768 1468
10140 1464 213 768 1468
10173 1464 210 769 1469
10040 1463 205 769 1469
10004 1465 211 769 1469
10076 1465 209 769 1469
10055 1469 224 769 1469
10018 796 228 769 1469
649 197 237 769 1469
10140 1465 212 769 1469
10173 1465 215 770 1470
10106 1467 207 770 1470
433 197 228 770 1470
10004 1466 212 770 1470
10076 1466 209 770 1470
10055 1470 219 770 1470
10018 797 226 770 1470
10098 1467 209 770 1470
649 198 233 770 1470
10140 1466 215 770 1470
10173 1466 212 771 1471
10106 1468 206 771 1471
433 198 221 771 1471
297 711 221 771 1471
10004 1467 212 771 1471
10076 1467 207 771 1471
10055 1471 225 771 1471
10018 798 225 771 1471
10098 1468 212 771 1471
649 199 243 771 1471
10140 1467 211 771 1471
10173 1467 210 772 1472
10106 1469 211 772 1472
433 199 222 772 1472
10004 1468 205 772 1472
10076 1468 210 772 1472
566 768 221 772 1472
10055 1472 221 772 1472
10018 799 226 772 1472
10098 1469 211 772 1472
649 200 237 772 1472
10140 1468 209 772 1472
10173 1468 207 772 1472
10106 1470 207 773 1473
433 200 226 773 1473
10004 1469 215 773 1473
10055 1473 219 773 1473
10018 800 227 773 1473
10098 1470 210 773 1473
649 201 231 773 1473
10140 1469 213 773 1473
10173 1469 212 773 1473
294 777 221 774 1474
10004 1470 217 774 1474
68 825 239 774 1474
10055 1474 225 774 1474
10018 801 227 774 1474
10098 1471 213 774 1474
649 202 237 774 1474
10140 1470 210 774 1474
10158 1469 215 774 1474
10173 1470 213 774 1474
10106 1472 208 775 1475
433 202 222 775 1475
297 715 224 775 1475
10004 1471 208 775 1475
10076 1471 206 775 1475
68 826 241 775 1475
10055 1475 221 775 1475
10018 802 208 775 1475
10098 1472 211 775 1475
649 203 237 775 1475
10140 1471 217 775 1475
10173 1471 210 775 1475
10106 1473 206 776 1476
294 779 222 776 1476
433 203 231 776 1476
10004 1472 212 776 1476
10076 1472 212 776 1476
566 772 223 776 1476
68 827 241 776 1476
10055 1476 215 776 1476
10018 803 225 776 1476
10098 1473 208 776 1476
649 204 238 776 1476
10140 1472 213 776 1476
10158 1471 211 776 1476
10173 1472 213 776 1476
10106 1474 209 777 1477
433 204 222 777 1477
10004 1473 208 777 1477
10076 1473 209 777 1477
153 144 221 777 1477
68 828 243 777 1477
10055 1477 207 777 1477
10018 804 223 777 1477
649 205 236 777 1477
10140 1473 219 777 1477
10158 1472 211 777 1477
10106 1475 209 778 1478
294 781 223 778 1478
433 205 228 778 1478
10004 1474 209 778 1478
566 774 221 778 1478
68 829 246 778 1478
10055 1478 227 778 1478
10018 805 213 778 1478
10098 1475 209 778 1478
649 206 240 778 1478
10140 1474 213 778 1478
10158 1473 209 778 1478
10173 1474 209 778 1478
433 206 235 779 1479
10004 1475 211 779 1479
10076 1475 210 779 1479
566 775 226 779 1479
68 830 242 779 1479
10055 1479 214 779 1479
10018 806 221 779 1479
10098 1476 206 779 1479
649 207 228 779 1479
10140 1475 211 779 1479
10158 1474 208 779 1479
10173 1475 215 779 1479
433 207 237 780 1480
10040 1474 206 780 1480
10004 1476 215 780 1480
10076 1476 207 780 1480
566 776 227 780 1480
153 147 221 780 1480
68 831 244 780 1480
10055 1480 216 780 1480
10018 807 212 780 1480
10098 1477 209 780 1480
649 208 238 780 1480
10140 1476 218 780 1480
10158 1475 207 780 1480
10173 1476 214 780 1480
433 208 233 781 1481
653 411 221 781 1481
10040 1475 207 781 1481
10004 1477 210 781 1481
566 777 223 781 1481
68 832 244 781 1481
10055 1481 221 781 1481
10018 808 213 781 1481
10098 1478 209 781 1481
649 209 239 781 1481
10140 1477 209 781 1481
10158 1476 214 781 1481
10173 1477 213 781 1481
10106 1479 205 782 1482
433 209 227 782 1482
10040 1476 207 782 1482
10004 1478 213 782 1482
10076 1478 214 782 1482
68 833 242 782 1482
10055 1482 218 782 1482
10018 809 215 782 1482
10098 1479 208 782 1482
649 210 239 782 1482
10140 1478 206 782 1482
10158 1477 213 782 1482
10173 1478 214 782 1482
10106 1480 210 782 1482
433 210 227 783 1483
10040 1477 206 783 1483
10004 1479 210 783 1483
10076 1479 209 783 1483
566 779 221 783 1483
68 834 241 783 1483
10055 1483 216 783 1483
10018 810 217 783 1483
649 211 239 783 1483
10098 1480 208 783 1483
10173 1479 211 783 1483
10106 1481 208 783 1483
433 211 227 784 1484
10040 1478 207 784 1484
10004 1480 215 784 1484
10076 1480 208 784 1484
68 835 241 784 1484
649 212 239 784 1484
10055 1484 218 784 1484
10018 811 219 784 1484
10098 1481 212 784 1484
10140 1480 210 784 1484
10158 1479 214 784 1484
10173 1480 213 784 1484
10106 1482 209 785 1485
433 212 227 785 1485
10040 1479 206 785 1485
10004 1481 208 785 1485
10076 1481 210 785 1485
566 781 233 785 1485
68 836 240 785 1485
649 213 241 785 1485
10055 1485 212 785 1485
10018 812 221 785 1485
10098 1482 206 785 1485
10140 1481 219 785 1485
10158 1480 207 785 1485
10173 1481 214 785 1485
10106 1483 210 785 1485
433 213 228 786 1486
10040 1480 206 786 1486
10004 1482 213 786 1486
10076 1482 213 786 1486
566 782 235 786 1486
68 837 247 786 1486
649 214 245 786 1486
10055 1486 217 786 1486
10018 813 219 786 1486
10098 1483 209 786 1486
10140 1482 213 786 1486
10158 1481 212 786 1486
10173 1482 217 786 1486
10106 1484 211 786 1486
433 214 235 786 1486
10004 1483 215 787 1487
10076 1483 212 787 1487
566 783 231 787 1487
68 838 247 787 1487
649 215 241 787 1487
10055 1487 223 787 1487
10018 814 225 787 1487
10140 1483 209 787 1487
10158 1482 210 787 1487
10173 1483 211 787 1487
433 215 229 787 1487
10004 1484 213 788 1488
10076 1484 211 788 1488
566 784 233 788 1488
649 216 241 788 1488
10018 815 223 788 1488
10140 1484 209 788 1488
10158 1483 210 788 1488
10173 1484 212 788 1488
10106 1486 206 788 1488
433 216 226 789 1489
10004 1485 209 789 1489
10076 1485 211 789 1489
10055 1489 220 789 1489
649 217 240 789 1489
10018 816 231 789 1489
10098 1486 209 789 1489
10140 1485 219 789 1489
10158 1484 212 789 1489
10173 1485 211 789 1489
10106 1487 211 790 1490
433 217 221 790 1490
10004 1486 208 790 1490
10076 1486 215 790 1490
10055 1490 222 790 1490
649 218 240 790 1490
10018 817 231 790 1490
10098 1487 208 790 1490
10140 1486 222 790 1490
10158 1485 211 790 1490
10173 1486 210 790 1490
433 218 227 791 1491
10004 1487 207 791 1491
10076 1487 210 791 1491
649 219 240 791 1491
10055 1491 212 791 1491
10018 818 230 791 1491
10098 1488 207 791 1491
10140 1487 222 791 1491
10084 1485 205 791 1491
10158 1486 210 791 1491
495 784 221 791 1491
10173 1487 211 791 1491
10106 1489 207 792 1492
10004 1488 209 792 1492
10076 1488 213 792 1492
649 220 240 792 1492
10055 1492 223 792 1492
10018 819 229 792 1492
10098 1489 210 792 1492
10140 1488 221 792 1492
10158 1487 217 792 1492
10173 1488 208 792 1492
10004 1489 209 793 1493
10076 1489 209 793 1493
649 221 240 793 1493
10055 1493 221 793 1493
10018 820 231 793 1493
10098 1490 211 793 1493
10140 1489 222 793 1493
10076 1490 209 794 1494
649 222 237 794 1494
10055 1494 216 794 1494
10018 821 222 794 1494
10140 1490 209 794 1494
10158 1489 210 794 1494
433 222 228 795 1495
10076 1491 212 795 1495
566 791 224 795 1495
649 223 244 795 1495
10055 1495 220 795 1495
10018 822 221 795 1495
10140 1491 213 795 1495
10158 1490 212 795 1495
10173 1491 205 795 1495
433 1 223 796 1496
10004 1492 207 796 1496
10076 1492 209 796 1496
649 224 247 796 1496
10055 1496 223 796 1496
10018 823 223 796 1496
10140 1492 218 796 1496
10158 1491 218 796 1496
10004 1493 207 797 1497
10076 1493 207 797 1497
649 225 243 797 1497
10055 1497 216 797 1497
649 226 243 798 1498
10055 1498 215 798 1498
10076 1495 208 799 1499
649 227 241 799 1499
10055 1499 210 799 1499
10018 826 207 799 1499
649 228 239 800 1500
10055 1500 215 800 1500
649 229 241 801 1501
10055 1501 221 801 1501
10018 828 212 801 1501
10140 1497 217 801 1501
433 2 229 801 1501
42 457 223 801 1501
10158 1496 216 801 1501
582 803 224 801 1501
10106 1499 209 802 1502
724 809 221 802 1502
10004 1498 211 802 1502
191 198 226 802 1502
381 148 221 802 1502
649 230 241 802 1502
10055 1502 221 802 1502
10018 829 213 802 1502
10140 1498 210 802 1502
433 3 227 802 1502
10158 1497 210 802 1502
10173 1498 209 802 1502
143 51 224 802 1502
777 800 227 803 1503
566 799 221 803 1503
10004 1499 211 803 1503
278 814 237 803 1503
649 231 221 803 1503
199 367 226 803 1503
10055 1503 225 803 1503
10018 830 213 803 1503
79 367 221 803 1503
10140 1499 210 803 1503
433 4 235 803 1503
725 251 221 803 1503
10158 1498 212 803 1503
763 218 225 803 1503
10173 1499 209 803 1503
10106 1501 208 804 1504
171 61 221 804 1504
566 800 224 804 1504
649 232 237 804 1504
10055 1504 205 804 1504
10018 831 214 804 1504
10140 1500 209 804 1504
433 5 238 804 1504
10158 1499 211 804 1504
523 800 221 804 1504
724 812 221 805 1505
566 801 221 805 1505
10004 1501 208 805 1505
649 233 230 805 1505
10055 1505 220 805 1505
10018 832 211 805 1505
10140 1501 210 805 1505
10158 1500 217 805 1505
444 820 227 806 1506
10004 1502 207 806 1506
10055 1506 222 806 1506
10018 833 210 806 1506
433 1 225 806 1506
10140 1502 214 806 1506
403 144 224 806 1506
10158 1501 209 806 1506
556 12 227 806 1506
441 750 228 806 1506
10106 1504 208 807 1507
724 814 223 807 1507
497 811 227 807 1507
596 808 221 807 1507
10004 1503 207 807 1507
684 534 239 807 1507
649 235 223 807 1507
10055 1507 221 807 1507
433 2 234 807 1507
10018 834 209 807 1507
10140 1503 221 807 1507
10158 1502 208 807 1507
441 751 224 807 1507
10173 1503 213 807 1507
649 236 237 808 1508
10055 1508 226 808 1508
433 3 233 808 1508
10018 835 206 808 1508
10140 1504 213 808 1508
403 146 231 808 1508
10158 1503 214 808 1508
10173 1504 207 808 1508
358 476 225 808 1508
438 136 223 809 1509
10004 1505 206 809 1509
10076 1505 213 809 1509
508 724 221 809 1509
649 237 237 809 1509
10055 1509 221 809 1509
10140 1505 208 809 1509
6 15 221 809 1509
10158 1504 207 809 1509
10106 1507 208 809 1509
566 806 221 810 1510
10004 1506 211 810 1510
649 238 237 810 1510
10055 1510 220 810 1510
10018 837 211 810 1510
433 5 224 810 1510
10140 1506 208 810 1510
10004 1507 214 811 1511
649 239 230 811 1511
10055 1511 212 811 1511
10018 838 207 811 1511
433 6 221 811 1511
518 820 225 811 1511
10140 1507 217 811 1511
10106 1509 206 811 1511
694 467 221 812 1512
10004 1508 206 812 1512
10076 1508 207 812 1512
649 240 233 812 1512
10055 1512 223 812 1512
10018 839 215 812 1512
433 7 233 812 1512
10140 1508 209 812 1512
10158 1507 210 812 1512
331 157 221 812 1512
10173 1508 206 812 1512
625 7 221 813 1513
10004 1509 211 813 1513
133 829 221 813 1513
649 241 238 813 1513
10055 1513 221 813 1513
10140 1509 209 813 1513
10023 1505 217 813 1513
10158 1508 207 813 1513
449 573 221 814 1514
433 1 226 814 1514
10004 1510 209 814 1514
10076 1510 207 814 1514
649 242 239 814 1514
10055 1514 222 814 1514
10140 1510 213 814 1514
10023 1506 206 814 1514
10158 1509 210 814 1514
10173 1510 207 814 1514
566 811 223 815 1515
10076 1511 208 815 1515
433 1 237 815 1515
383 818 227 815 1515
649 243 237 815 1515
692 758 221 815 1515
58 488 221 815 1515
210 189 225 815 1515
10055 1515 215 815 1515
10018 842 209 815 1515
578 372 233 815 1515
602 801 221 815 1515
484 662 221 815 1515
750 366 223 815 1515
10173 1511 220 815 1515
10106 1513 219 815 1515
345 495 225 816 1516
10040 1510 209 816 1516
414 823 221 816 1516
451 827 227 816 1516
10076 1512 225 816 1516
421 43 223 816 1516
105 795 235 816 1516
10134 1509 209 816 1516
736 754 237 817 1517
10106 1515 210 817 1517
10154 1511 206 818 1518
736 755 235 818 1518
10101 1512 206 819 1519
10138 1513 207 819 1519
10171 1521 207 819 1519
10068 1525 207 820 1520
10138 1514 209 820 1520
10054 1521 219 821 1521
10052 1523 205 821 1521
10094 1520 208 821 1521
10069 1519 230 821 1521
10171 1523 208 821 1521
10027 1521 218 822 1522
10064 1521 213 822 1522
10094 1521 227 822 1522
10069 1520 238 822 1522
10171 1524 215 822 1522
10027 1522 211 823 1523
10054 1523 206 823 1523
10064 1522 223 823 1523
10094 1522 211 823 1523
10071 1525 210 823 1523
348 508 223 823 1523
10064 1523 209 824 1524
10080 1537 209 834 1534
10080 1538 209 835 1535
10080 1539 209 836 1536
10080 1540 209 837 1537
10080 1541 210 838 1538
10080 1542 206 839 1539
10080 1543 209 840 1540
10080 1544 209 841 1541
10080 1545 209 842 1542
10080 1546 209 843 1543
10080 1547 209 844 1544
10080 1548 209 845 1545
10080 1549 209 846 1546
10080 1550 210 847 1547
10080 1551 209 848 1548
10080 1552 209 849 1549
10080 1553 210 850 1550
10080 1554 209 851 1551
10080 1555 210 852 1552
10080 1556 209 853 1553
10080 1557 210 854 1554
10080 1558 208 855 1555
10080 1559 208 856 1556
10080 1560 209 857 1557
10080 1561 208 858 1558
10080 1562 208 859 1559
10080 1563 207 860 1560
10080 1565 207 862 1562
10080 1566 207 863 1563
10080 1567 208 864 1564
10080 1568 208 865 1565
10080 1569 208 866 1566
10080 1570 208 867 1567
10080 1571 208 868 1568
10080 1572 208 869 1569
10080 1573 208 870 1570
10080 1574 208 871 1571
10080 1575 208 872 1572
10080 1576 208 873 1573
10080 1577 208 874 1574
10080 1578 207 875 1575
10080 1579 207 876 1576
10080 1580 208 877 1577
10080 1581 208 878 1578
10080 1582 208 879 1579
10080 1583 207 880 1580
10080 1585 208 882 1582
10080 1586 207 883 1583
10080 1587 208 884 1584
10080 1588 207 885 1585
10080 1589 207 886 1586
10080 1590 207 887 1587
10080 1591 207 888 1588
10080 1592 207 889 1589
10086 1589 205 889 1589
10080 1593 207 890 1590
10086 1590 206 890 1590
10086 1598 206 898 1598
10086 1603 205 903 1603
10086 1610 206 910 1610
10086 1613 205 913 1613
10086 1614 206 914 1614
10080 1618 208 915 1615
10080 1619 208 916 1616
10086 1616 207 916 1616
10080 1620 207 917 1617
10080 1625 208 922 1622
10080 1626 208 923 1623
10080 1627 208 924 1624
10080 1628 208 925 1625
10080 1629 208 926 1626
10080 1630 208 927 1627
10080 1631 208 928 1628
10080 1632 209 929 1629
10080 1633 208 930 1630
10080 1635 209 932 1632
10080 1636 208 933 1633
10080 1637 208 934 1634
10080 1638 207 935 1635
10080 1639 208 936 1636
10080 1640 208 937 1637
10080 1641 208 938 1638
10080 1642 207 939 1639
10080 1643 208 940 1640
10080 1644 208 941 1641
10080 1645 208 942 1642
10080 1646 208 943 1643
10080 1647 209 944 1644
10080 1648 207 944 1644
10080 1649 208 945 1645
10080 1650 207 946 1646
10080 1651 207 947 1647
10080 1652 207 948 1648
10080 1653 206 949 1649
10080 1654 206 951 1651
10086 1651 205 951 1651
10080 1655 207 951 1651
10080 1656 207 953 1653
10080 1657 207 954 1654
323 886 221 955 1655
10080 1659 209 956 1656
10080 1660 209 956 1656
10080 1661 209 958 1658
10080 1662 209 959 1659
10080 1663 209 960 1660
10080 1664 209 961 1661
10080 1665 209 962 1662
10080 1666 209 963 1663
10086 1663 206 963 1663
10080 1667 209 964 1664
10080 1668 209 965 1665
10080 1669 209 966 1666
10080 1670 207 967 1667
10080 1671 207 968 1668
10080 1673 207 970 1670
10080 1674 206 971 1671
10080 1675 207 972 1672
10080 1676 207 973 1673
10080 1677 207 974 1674
10080 1678 207 975 1675
10080 1679 207 975 1675
10080 1680 207 976 1676
10080 1681 207 977 1677
10080 1682 207 978 1678
10080 1683 207 979 1679
10080 1684 207 980 1680
10080 1685 207 981 1681
10080 1686 206 982 1682
10080 1688 206 984 1684
10080 1692 206 988 1688
10080 1693 206 989 1689
10080 1694 206 990 1690
10086 1766 206 1065 1765
10086 1767 207 1066 1766
10086 1768 207 1067 1767
10086 1769 207 1068 1768
10086 1770 208 1069 1769
10086 1771 207 1070 1770
10086 1772 207 1071 1771
10086 1774 210 1073 1773
10086 1775 206 1074 1774
10086 1776 206 1075 1775
10086 1777 206 1076 1776
10086 1778 206 1077 1777
10086 1779 205 1078 1778
10086 1783 207 1082 1782
10086 1784 207 1083 1783
10086 1785 205 1084 1784
10086 1787 205 1086 1786
10086 1790 205 1089 1789
10086 1797 206 1096 1796
10086 1798 206 1097 1797
10086 1800 205 1099 1799
10086 1801 206 1100 1800
10080 1818 207 1114 1814
10071 1817 208 1115 1815
10064 1815 227 1115 1815
10094 1815 227 1116 1816
58 789 221 1116 1816
10069 1814 211 1116 1816
10027 1816 216 1116 1816
10054 1817 217 1116 1816
10064 1816 223 1116 1816
10094 1816 227 1117 1817
58 790 226 1117 1817
10069 1815 231 1117 1817
10171 1819 211 1117 1817
10027 1817 212 1117 1817
10054 1818 207 1117 1817
10064 1817 208 1117 1817
10094 1817 221 1118 1818
10069 1816 220 1118 1818
10171 1820 211 1118 1818
10027 1818 219 1118 1818
10052 1821 209 1118 1818
10094 1818 231 1119 1819
752 1158 228 1119 1819
58 792 229 1119 1819
10069 1817 223 1119 1819
10171 1821 210 1119 1819
10027 1819 217 1119 1819
10064 1819 208 1119 1819
259 505 222 1119 1819
10094 1819 220 1120 1820
58 793 239 1120 1820
10069 1818 217 1120 1820
10171 1822 213 1120 1820
524 751 221 1120 1820
10054 1821 218 1120 1820
10064 1820 211 1120 1820
10094 1820 231 1121 1821
10069 1819 220 1121 1821
58 794 235 1121 1821
10171 1823 219 1121 1821
10027 1821 217 1121 1821
10054 1822 213 1121 1821
10064 1821 214 1121 1821
10094 1821 235 1122 1822
10069 1820 210 1122 1822
58 795 240 1122 1822
10171 1824 217 1122 1822
524 753 229 1122 1822
10027 1822 220 1122 1822
10054 1823 213 1122 1822
10064 1822 215 1122 1822
10052 1825 207 1122 1822
10094 1822 225 1123 1823
10069 1821 218 1123 1823
58 796 227 1123 1823
10071 1825 208 1123 1823
274 190 224 1123 1823
10171 1825 208 1123 1823
10027 1823 223 1123 1823
10054 1824 207 1123 1823
10064 1823 212 1123 1823
10094 1823 239 1124 1824
10069 1822 217 1124 1824
58 797 237 1124 1824
10171 1826 217 1124 1824
10027 1824 208 1124 1824
10054 1825 209 1124 1824
10064 1824 214 1124 1824
10094 1824 239 1125 1825
10069 1823 217 1125 1825
58 798 233 1125 1825
10171 1827 216 1125 1825
10027 1825 213 1125 1825
10054 1826 209 1125 1825
10064 1825 213 1125 1825
10094 1825 238 1126 1826
10069 1824 219 1126 1826
58 799 235 1126 1826
10171 1828 212 1126 1826
10027 1826 208 1126 1826
10064 1826 209 1126 1826
10052 1829 208 1126 1826
140 1163 227 1126 1826
10094 1826 233 1127 1827
58 800 241 1127 1827
10069 1825 213 1127 1827
10171 1829 218 1127 1827
10027 1827 215 1127 1827
10054 1828 211 1127 1827
10064 1827 213 1127 1827
140 1164 227 1127 1827
10094 1827 240 1128 1828
58 801 237 1128 1828
10069 1826 215 1128 1828
10171 1830 216 1128 1828
10027 1828 223 1128 1828
10052 1831 208 1128 1828
140 1165 227 1128 1828
10094 1828 231 1129 1829
58 802 235 1129 1829
10069 1827 208 1129 1829
10171 1831 215 1129 1829
10027 1829 210 1129 1829
10064 1829 217 1129 1829
681 252 221 1129 1829
10094 1829 230 1130 1830
58 803 237 1130 1830
10069 1828 206 1130 1830
10171 1832 217 1130 1830
10027 1830 221 1130 1830
10054 1831 211 1130 1830
10094 1830 239 1131 1831
10069 1829 216 1131 1831
10171 1833 217 1131 1831
10027 1831 221 1131 1831
10064 1831 220 1131 1831
10094 1831 240 1132 1832
10069 1830 224 1132 1832
524 763 221 1132 1832
10171 1834 217 1132 1832
10027 1832 215 1132 1832
10054 1833 211 1132 1832
10064 1832 213 1132 1832
