10071 654 216 0 652
10149 644 209 0 652
10064 652 218 0 652
10071 655 223 1 653
10149 645 227 1 653
10064 653 212 1 653
10071 656 223 2 654
10149 646 221 2 654
744 81 242 2 654
10071 657 231 3 655
10071 658 213 4 656
10149 648 208 4 656
744 83 246 4 656
10064 656 208 4 656
10071 659 227 5 657
10149 649 213 5 657
744 84 239 5 657
10071 660 217 6 658
10149 650 223 6 658
10064 658 208 6 658
10071 661 209 7 659
10149 651 227 7 659
10064 659 208 7 659
10094 659 209 8 660
10071 662 222 8 660
10149 652 209 8 660
10071 663 219 9 661
10149 653 223 9 661
744 88 243 9 661
10064 661 212 9 661
10071 664 226 10 662
744 89 241 10 662
10064 662 214 10 662
10071 665 232 11 663
10149 655 220 11 663
10027 663 208 11 663
744 90 246 11 663
10094 663 209 12 664
10071 666 233 12 664
10149 656 208 12 664
744 91 240 12 664
10064 664 213 12 664
10071 667 235 13 665
10080 669 213 13 665
10083 666 233 14 666
10046 665 239 14 666
10100 658 222 15 667
10083 667 221 15 667
10046 666 231 15 667
10080 671 211 15 667
10086 668 211 15 667
10100 659 220 16 668
10083 668 240 16 668
10046 667 223 16 668
115 1 231 16 668
10080 672 207 16 668
10086 669 212 16 668
10100 660 209 17 669
10083 669 222 17 669
10046 668 213 17 669
115 2 227 17 669
10080 673 209 17 669
10086 670 214 17 669
10033 668 209 17 669
10083 670 221 18 670
10080 674 220 18 670
10087 671 215 18 670
10064 670 212 18 670
10071 673 224 19 671
10149 663 218 19 671
10071 674 226 20 672
10027 672 209 20 672
10071 675 223 21 673
10149 665 219 21 673
744 100 222 21 673
10064 673 208 21 673
10071 676 224 22 674
10149 666 225 22 674
10071 677 223 23 675
10149 667 214 23 675
10071 678 224 24 676
10149 668 221 24 676
10064 676 209 24 676
10071 679 227 25 677
10149 669 227 25 677
10071 680 213 26 678
10149 670 224 26 678
10064 678 210 26 678
10071 681 230 27 679
10149 671 219 27 679
10071 682 219 28 680
10149 672 220 28 680
10071 683 221 29 681
10149 673 222 29 681
10064 681 210 29 681
10071 684 219 30 682
10149 674 220 30 682
10064 682 212 30 682
10071 685 225 31 683
10149 675 211 31 683
10071 686 219 32 684
10149 676 225 32 684
10071 687 225 33 685
10149 677 217 33 685
10071 688 235 34 686
147 2 235 34 686
10071 689 228 35 687
579 2 231 35 687
10149 679 218 35 687
147 3 225 35 687
10064 687 209 35 687
10071 690 232 36 688
10149 680 217 36 688
10064 688 207 36 688
579 4 231 37 689
10071 691 213 37 689
536 1 227 37 689
463 2 227 38 690
10071 692 234 38 690
579 5 233 38 690
536 2 224 38 690
299 3 227 38 690
290 1 226 38 690
10071 693 225 39 691
10149 683 210 39 691
536 3 224 39 691
290 2 221 39 691
299 4 231 39 691
463 4 235 40 692
10071 694 233 40 692
10149 684 217 40 692
536 4 223 40 692
10064 692 210 40 692
290 3 239 40 692
299 5 229 40 692
10071 695 223 41 693
10149 685 212 41 693
536 5 225 41 693
463 6 232 42 694
579 9 221 42 694
10071 696 228 42 694
10149 686 221 42 694
10064 694 207 42 694
290 5 224 42 694
463 7 231 43 695
579 10 221 43 695
10071 697 227 43 695
10149 687 216 43 695
536 7 223 43 695
299 8 230 43 695
463 8 231 44 696
10071 698 227 44 696
10027 696 207 44 696
536 8 223 44 696
290 7 223 44 696
299 9 231 44 696
463 9 227 45 697
10071 699 233 45 697
10149 689 211 45 697
744 124 223 45 697
536 9 223 45 697
147 13 221 45 697
290 8 221 45 697
299 10 223 45 697
10071 700 221 46 698
299 11 223 46 698
10071 701 225 47 699
10071 702 237 48 700
147 16 221 48 700
290 11 223 48 700
10071 703 210 49 701
10149 693 212 49 701
10027 701 209 49 701
536 13 233 49 701
299 14 221 49 701
10071 704 225 50 702
10064 702 208 50 702
10071 705 223 51 703
10149 695 219 51 703
10027 703 212 51 703
10064 703 213 51 703
290 14 228 51 703
299 16 233 52 704
463 16 229 52 704
10071 706 227 52 704
10149 696 217 52 704
10027 704 209 52 704
696 5 221 52 704
290 15 235 52 704
299 17 225 52 704
10071 707 233 53 705
10149 697 223 53 705
536 17 231 53 705
744 132 223 53 705
10064 705 216 53 705
696 6 221 53 705
299 18 233 53 705
290 16 233 53 705
463 18 233 54 706
10071 708 225 54 706
10149 698 223 54 706
536 18 224 54 706
299 19 226 54 706
290 17 233 55 707
463 19 231 55 707
579 22 223 55 707
10071 709 231 55 707
10149 699 224 55 707
744 134 222 55 707
299 20 228 55 707
696 8 223 55 707
290 18 233 55 707
463 20 231 56 708
579 23 223 56 708
10071 710 226 56 708
10149 700 224 56 708
10027 708 208 56 708
536 20 226 56 708
299 21 229 56 708
696 9 222 56 708
290 19 227 56 708
10071 711 229 57 709
10149 701 216 57 709
299 22 227 57 709
290 20 223 57 709
463 22 225 58 710
10071 712 219 58 710
10149 702 210 58 710
299 23 231 58 710
290 21 234 58 710
10071 713 216 59 711
10149 703 223 59 711
536 23 223 59 711
299 24 229 59 711
290 22 227 59 711
463 24 228 60 712
579 27 223 60 712
10071 714 228 60 712
10149 704 210 60 712
536 24 221 60 712
10064 712 208 60 712
299 25 225 60 712
290 23 227 60 712
463 25 227 61 713
579 28 221 61 713
10071 715 225 61 713
10149 705 231 61 713
536 25 227 61 713
147 29 225 61 713
10064 713 212 61 713
299 26 227 61 713
290 24 223 61 713
579 29 225 62 714
10071 716 238 62 714
10149 706 215 62 714
10027 714 209 62 714
505 98 226 62 714
744 141 223 62 714
10064 714 208 62 714
10149 707 214 63 715
505 99 229 63 715
10071 718 224 64 716
10149 708 217 64 716
505 100 223 64 716
10071 719 228 65 717
10149 709 216 65 717
536 29 229 65 717
696 18 221 65 717
10071 720 231 66 718
531 3 223 66 718
10149 710 223 66 718
536 30 227 66 718
147 34 222 66 718
290 29 237 66 718
696 19 223 66 718
463 31 227 67 719
10071 721 226 67 719
10149 711 220 67 719
299 32 226 67 719
10071 722 221 68 720
531 5 225 68 720
10149 712 211 68 720
536 32 229 68 720
463 33 224 69 721
10071 723 222 69 721
531 6 231 69 721
536 33 230 69 721
299 34 223 69 721
290 32 226 69 721
463 34 224 70 722
10071 724 226 70 722
155 22 221 70 722
10149 714 230 70 722
536 34 223 70 722
299 35 225 70 722
290 33 221 70 722
10071 725 216 71 723
10149 715 209 71 723
536 35 223 71 723
299 36 225 71 723
290 34 222 71 723
10071 726 227 72 724
10149 716 210 72 724
536 36 224 72 724
299 37 225 72 724
10071 727 222 73 725
10149 717 211 73 725
10071 728 226 74 726
10149 718 222 74 726
463 39 225 75 727
10071 729 226 75 727
10149 719 209 75 727
536 39 226 75 727
10071 730 215 76 728
10149 720 216 76 728
579 44 239 77 729
10071 731 227 77 729
531 14 222 77 729
10149 721 209 77 729
536 41 227 77 729
290 40 221 77 729
10071 732 223 78 730
147 46 222 78 730
299 43 222 78 730
10071 733 227 79 731
10149 723 208 79 731
536 43 231 79 731
290 42 231 79 731
299 44 225 79 731
579 47 221 80 732
10071 734 209 80 732
692 35 223 80 732
10149 724 224 80 732
536 44 221 80 732
10071 735 227 81 733
10149 725 216 81 733
536 45 224 81 733
10064 733 209 81 733
290 44 231 81 733
299 46 227 81 733
10071 736 217 82 734
10149 726 222 82 734
147 50 221 82 734
290 45 221 82 734
579 50 221 83 735
10094 734 207 83 735
10071 737 232 83 735
10149 727 232 83 735
10027 735 206 83 735
155 35 231 83 735
10064 735 212 83 735
299 48 228 83 735
290 46 223 83 735
10071 738 222 84 736
10149 728 223 84 736
10064 736 208 84 736
299 49 221 84 736
290 47 232 84 736
10071 739 220 85 737
10149 729 219 85 737
290 48 225 85 737
579 53 221 86 738
463 50 223 86 738
10071 740 219 86 738
10149 730 219 86 738
536 50 223 86 738
299 51 228 86 738
290 49 225 86 738
10071 741 220 87 739
10149 731 217 87 739
696 40 223 87 739
290 50 229 87 739
579 55 223 88 740
463 52 221 88 740
10071 742 220 88 740
10149 732 213 88 740
299 53 223 88 740
290 51 227 88 740
463 53 221 89 741
10071 743 234 89 741
10149 733 219 89 741
299 54 226 89 741
290 52 223 89 741
463 54 227 90 742
10071 744 213 90 742
10149 734 220 90 742
463 55 229 91 743
10071 745 221 91 743
10149 735 213 91 743
579 59 227 92 744
463 56 225 92 744
10071 746 225 92 744
10149 736 217 92 744
299 57 221 92 744
290 55 225 92 744
463 57 222 93 745
10071 747 214 93 745
10064 745 215 93 745
579 61 223 94 746
463 58 227 94 746
10071 748 239 94 746
10149 738 225 94 746
536 58 227 94 746
10064 746 209 94 746
696 47 225 94 746
299 59 225 94 746
290 57 227 94 746
579 62 228 95 747
10071 749 241 95 747
10149 739 228 95 747
147 63 223 95 747
536 59 234 95 747
290 58 223 95 747
463 60 231 96 748
10071 750 238 96 748
10149 740 225 96 748
147 64 225 96 748
536 60 235 96 748
10064 748 213 96 748
696 49 223 96 748
463 61 222 97 749
299 1 225 97 749
10071 751 230 97 749
10149 741 226 97 749
10027 749 209 97 749
147 65 231 97 749
536 61 227 97 749
10064 749 212 97 749
290 60 229 98 750
299 2 233 98 750
10071 752 233 98 750
10149 742 224 98 750
147 66 221 98 750
536 62 225 98 750
10064 750 210 98 750
290 61 231 99 751
299 3 231 99 751
10071 753 237 99 751
10149 743 225 99 751
147 67 234 99 751
536 63 221 99 751
10064 751 218 99 751
290 62 229 100 752
579 67 225 100 752
299 4 231 100 752
10071 754 234 100 752
10149 744 220 100 752
147 68 227 100 752
536 64 225 100 752
10064 752 217 100 752
290 63 233 101 753
579 68 226 101 753
463 65 222 101 753
299 5 223 101 753
10071 755 237 101 753
10149 745 219 101 753
147 69 224 101 753
10064 753 208 101 753
463 66 223 102 754
10071 756 234 102 754
10149 746 223 102 754
147 70 224 102 754
10064 754 209 102 754
290 65 228 102 754
463 67 221 103 755
299 7 225 103 755
10071 757 233 103 755
10149 747 223 103 755
531 40 222 103 755
147 71 227 103 755
10064 755 214 103 755
290 66 225 104 756
579 71 222 104 756
463 68 232 104 756
299 8 222 104 756
10071 758 231 104 756
501 32 227 104 756
10149 748 219 104 756
10027 756 209 104 756
10064 756 218 104 756
696 57 224 105 757
290 67 225 105 757
579 72 227 105 757
463 69 232 105 757
10071 759 232 105 757
501 33 223 105 757
10149 749 219 105 757
10064 757 217 105 757
290 68 225 105 757
579 73 225 106 758
299 10 221 106 758
10071 760 234 106 758
501 34 223 106 758
10149 750 218 106 758
147 74 231 106 758
744 185 222 106 758
10064 758 216 106 758
290 69 222 106 758
579 74 221 107 759
463 71 229 107 759
299 11 222 107 759
10071 761 227 107 759
10149 751 219 107 759
147 75 231 107 759
10064 759 215 107 759
290 70 231 107 759
696 60 222 108 760
579 75 223 108 760
463 72 233 108 760
299 12 221 108 760
10071 762 225 108 760
10149 752 209 108 760
147 76 229 108 760
10064 760 215 108 760
290 71 231 108 760
579 76 221 109 761
696 61 223 109 761
463 73 235 109 761
299 13 229 109 761
10071 763 228 109 761
10149 753 210 109 761
10064 761 217 109 761
536 73 221 109 761
290 72 227 109 761
463 74 231 110 762
10071 764 227 110 762
10149 754 212 110 762
10027 762 209 110 762
744 189 223 110 762
10064 762 217 110 762
536 74 222 110 762
290 73 231 110 762
299 15 229 111 763
10071 765 233 111 763
10149 755 223 111 763
10027 763 210 111 763
463 76 231 112 764
299 16 225 112 764
10071 766 231 112 764
10149 756 212 112 764
10064 764 209 112 764
290 75 221 112 764
463 77 231 113 765
299 17 225 113 765
10071 767 233 113 765
10149 757 218 113 765
290 76 223 113 765
579 81 221 114 766
299 18 224 114 766
10071 768 217 114 766
10149 758 217 114 766
531 51 222 114 766
10064 766 210 114 766
290 77 226 114 766
463 79 222 115 767
299 19 227 115 767
10071 769 225 115 767
10027 767 207 115 767
290 78 226 115 767
299 20 229 116 768
10071 770 228 116 768
10149 760 209 116 768
10064 768 207 116 768
290 79 227 116 768
299 21 227 117 769
10071 771 221 117 769
10149 761 211 117 769
290 80 233 118 770
463 82 224 118 770
299 22 224 118 770
10071 772 234 118 770
10149 762 217 118 770
10064 770 212 118 770
463 83 225 119 771
299 23 224 119 771
10071 773 225 119 771
10149 763 216 119 771
10064 771 211 119 771
290 82 224 120 772
299 24 222 120 772
10071 774 225 120 772
10149 764 218 120 772
10064 772 209 120 772
579 88 223 121 773
463 85 227 121 773
10071 775 225 121 773
10149 765 213 121 773
10064 773 211 121 773
290 84 226 122 774
463 86 231 122 774
10071 776 225 122 774
10149 766 215 122 774
10064 774 211 122 774
290 85 234 123 775
579 90 224 123 775
299 27 223 123 775
10071 777 227 123 775
10149 767 213 123 775
536 87 223 123 775
290 86 231 123 775
696 76 226 124 776
299 28 226 124 776
10071 778 223 124 776
10064 776 207 124 776
463 89 224 125 777
696 77 227 125 777
10071 779 229 125 777
10149 769 212 125 777
463 90 232 126 778
696 78 226 126 778
10071 780 223 126 778
10149 770 212 126 778
531 63 223 126 778
464 87 223 126 778
10064 778 208 126 778
696 79 235 127 779
10071 781 235 127 779
531 64 231 127 779
463 92 222 128 780
10071 782 223 128 780
463 93 223 129 781
10071 783 227 129 781
10149 773 225 129 781
531 66 232 129 781
10071 784 229 130 782
10149 774 223 130 782
531 67 231 130 782
10064 782 208 130 782
10071 785 220 131 783
10149 775 223 131 783
531 68 235 131 783
10071 786 219 132 784
10071 787 219 133 785
10071 788 231 134 786
388 95 221 134 786
10149 778 211 134 786
10064 786 209 134 786
10071 790 210 136 788
10071 791 211 137 789
10149 781 211 137 789
10071 792 217 138 790
10149 782 212 138 790
10071 793 224 139 791
10149 783 214 139 791
10064 791 209 139 791
10071 794 231 140 792
10149 784 223 140 792
10064 792 209 140 792
217 103 221 141 793
10071 795 231 141 793
10149 785 214 141 793
10064 793 209 141 793
10071 796 223 142 794
709 94 221 142 794
10064 794 210 142 794
113 32 237 143 795
10071 797 219 143 795
10149 787 211 143 795
10071 798 208 144 796
10149 788 216 144 796
10064 796 208 144 796
10071 799 214 145 797
10149 789 221 145 797
10071 800 220 146 798
10149 790 220 146 798
10071 801 212 147 799
10149 791 219 147 799
10071 802 212 148 800
10149 792 209 148 800
10071 803 216 149 801
10149 794 212 150 802
10071 805 220 151 803
10071 806 222 152 804
10071 807 222 153 805
10071 808 217 154 806
115 129 230 155 807
10071 809 219 155 807
10064 807 207 156 808
115 130 242 156 808
10071 810 211 156 808
10149 800 213 156 808
10071 811 211 157 809
10149 801 219 157 809
10064 809 207 158 810
10071 812 221 158 810
10149 802 227 158 810
10071 813 223 159 811
10149 803 228 159 811
115 134 225 160 812
10071 814 219 160 812
10149 804 229 160 812
10064 812 207 161 813
10071 815 223 161 813
10149 805 222 161 813
10071 816 221 162 814
10149 806 214 162 814
10071 817 222 163 815
10071 818 220 164 816
10149 808 222 164 816
10064 816 210 165 817
113 54 223 165 817
10071 819 218 165 817
10064 817 208 166 818
10071 820 231 166 818
10149 810 223 166 818
10064 818 211 167 819
744 245 231 167 819
113 56 221 167 819
10071 821 235 167 819
10149 811 222 167 819
709 119 223 167 819
10071 822 223 168 820
303 118 225 168 820
10149 812 214 168 820
10027 820 209 168 820
709 120 229 168 820
10064 820 208 169 821
628 158 234 169 821
10071 823 231 169 821
10149 813 220 169 821
709 121 221 169 821
196 118 221 169 821
539 4 226 170 822
148 125 229 170 822
10149 814 213 170 822
10027 822 217 170 822
709 122 224 170 822
441 67 221 171 823
539 5 221 171 823
10071 825 220 171 823
10149 815 220 171 823
115 146 221 172 824
10064 823 213 172 824
628 161 223 172 824
10071 826 226 172 824
10149 816 217 172 824
744 251 227 173 825
115 147 221 173 825
10064 824 209 173 825
441 69 231 173 825
539 7 224 173 825
10071 827 221 173 825
10149 817 225 173 825
115 148 231 174 826
10071 828 222 174 826
10149 818 210 174 826
10027 826 207 174 826
441 71 233 175 827
539 9 229 175 827
10071 829 237 175 827
10149 819 219 175 827
10027 827 209 175 827
744 254 235 176 828
10064 827 212 176 828
441 72 223 176 828
628 165 225 176 828
10071 830 235 176 828
10149 820 213 176 828
744 255 225 177 829
441 73 223 177 829
115 151 223 177 829
10071 831 231 177 829
303 127 223 177 829
10149 821 215 177 829
10027 829 212 177 829
539 12 230 178 830
628 167 221 178 830
755 131 235 178 830
10071 832 239 178 830
96 114 225 179 831
744 257 221 179 831
441 75 242 179 831
10071 833 229 179 831
303 129 223 179 831
10149 823 217 179 831
96 115 225 180 832
441 76 235 180 832
115 154 223 180 832
539 14 222 180 832
10071 834 234 180 832
303 130 221 180 832
10149 824 219 180 832
96 116 223 181 833
744 259 221 181 833
10064 832 209 181 833
539 15 222 181 833
628 170 225 181 833
303 131 221 181 833
10071 835 235 181 833
10149 825 219 181 833
96 117 222 182 834
10064 833 214 182 834
115 156 225 182 834
303 132 224 182 834
10071 836 229 182 834
10149 826 208 182 834
10027 834 210 182 834
709 134 224 182 834
115 157 238 183 835
113 72 227 183 835
96 121 232 186 838
744 264 223 186 838
113 75 231 186 838
755 139 223 186 838
10071 840 233 186 838
10149 830 225 186 838
96 122 227 187 839
113 76 232 187 839
755 140 231 187 839
10071 841 215 187 839
10149 831 212 187 839
96 123 233 188 840
744 266 231 188 840
113 77 227 188 840
115 162 228 188 840
755 141 235 188 840
303 138 227 188 840
10149 832 221 188 840
709 140 222 188 840
148 144 225 189 841
755 142 227 189 841
10071 843 220 189 841
10149 833 223 189 841
10071 844 221 190 842
10149 834 219 190 842
96 126 223 191 843
10071 845 210 191 843
96 127 226 192 844
113 81 235 192 844
10071 846 230 192 844
96 128 222 193 845
10064 844 219 193 845
10071 847 232 193 845
10149 837 217 193 845
96 129 221 194 846
744 272 223 194 846
10064 845 218 194 846
115 168 221 194 846
113 83 237 194 846
10071 848 235 194 846
10149 838 219 194 846
96 130 225 195 847
744 273 226 195 847
10064 846 209 195 847
10071 849 221 195 847
10149 839 208 195 847
10071 851 207 197 849
10149 841 217 197 849
96 133 247 198 850
10071 852 212 198 850
10149 842 214 198 850
96 134 241 199 851
10071 853 219 199 851
10149 843 211 199 851
96 135 241 200 852
10071 854 213 200 852
10149 844 220 200 852
96 136 242 201 853
10064 852 208 201 853
10071 855 219 201 853
10149 845 219 201 853
96 137 249 202 854
10071 856 219 202 854
10149 846 226 202 854
96 138 252 203 855
10064 854 208 203 855
10071 857 223 203 855
10149 847 223 203 855
10027 855 207 203 855
96 139 251 204 856
10071 858 219 204 856
10149 848 219 204 856
96 140 244 205 857
10071 859 209 205 857
10149 849 211 205 857
96 141 246 206 858
10071 860 217 206 858
10149 850 220 206 858
96 142 248 207 859
115 181 221 207 859
10071 861 220 207 859
10149 851 212 207 859
96 143 250 208 860
10071 862 221 208 860
96 144 246 209 861
10071 863 214 209 861
10149 853 224 209 861
115 184 222 210 862
303 160 222 210 862
10071 864 220 210 862
755 163 223 210 862
10149 854 212 210 862
10064 862 208 211 863
10071 865 220 211 863
755 164 223 211 863
10149 855 223 211 863
10071 866 218 212 864
755 165 222 212 864
10149 856 225 212 864
10071 867 217 213 865
10149 857 225 213 865
10071 868 227 214 866
10149 858 217 214 866
10071 869 223 215 867
10149 859 219 215 867
10071 870 219 216 868
10149 860 219 216 868
539 51 223 217 869
10071 871 223 217 869
10149 861 219 217 869
441 114 221 218 870
10071 872 223 218 870
10149 862 221 218 870
10071 873 221 219 871
10149 863 222 219 871
10071 874 220 220 872
10149 864 213 220 872
10071 875 223 221 873
10149 865 217 221 873
10071 876 223 222 874
10149 866 218 222 874
10071 877 221 223 875
10149 867 218 223 875
10071 878 224 224 876
10149 868 214 224 876
10071 879 223 225 877
10149 869 216 225 877
10071 880 222 226 878
10149 870 213 226 878
10071 881 210 227 879
10149 871 216 227 879
10071 882 212 228 880
755 181 221 228 880
10149 872 219 228 880
10071 883 211 229 881
10149 873 208 229 881
10071 884 219 230 882
10149 874 210 230 882
10071 885 212 231 883
10149 875 212 231 883
10071 886 211 232 884
10149 876 221 232 884
115 207 221 233 885
96 168 221 233 885
10071 887 217 233 885
10149 877 216 233 885
10071 888 221 234 886
10149 878 212 234 886
10064 886 208 235 887
10071 889 210 235 887
10149 879 213 235 887
10071 890 215 236 888
10149 880 213 236 888
10071 891 217 237 889
10149 881 217 237 889
10071 892 214 238 890
10149 882 217 238 890
10071 893 221 239 891
10149 883 215 239 891
10071 894 222 240 892
10149 884 223 240 892
113 130 228 241 893
10071 895 213 241 893
10149 885 221 241 893
113 131 231 242 894
10071 896 222 242 894
10149 886 213 242 894
10071 897 211 243 895
10149 887 212 243 895
113 133 227 244 896
10071 898 217 244 896
10149 888 219 244 896
113 134 227 245 897
10071 899 213 245 897
10149 889 221 245 897
196 194 221 246 898
113 135 239 246 898
10071 900 222 246 898
10149 890 222 246 898
113 136 227 247 899
10071 901 219 247 899
10149 891 223 247 899
113 137 231 248 900
10071 902 219 248 900
10149 892 222 248 900
10071 903 226 249 901
10149 893 213 249 901
10071 904 217 250 902
10149 894 212 250 902
10071 905 216 251 903
10071 906 224 252 904
10149 896 214 252 904
10071 907 209 253 905
10071 908 211 254 906
10149 898 215 254 906
10071 909 210 255 907
10149 899 209 255 907
744 334 221 256 908
303 206 221 256 908
10071 910 235 256 908
10149 900 231 256 908
10027 908 213 256 908
10071 911 210 257 909
10149 901 235 257 909
441 154 227 258 910
148 213 226 258 910
196 206 223 258 910
10071 912 235 258 910
10149 902 225 258 910
709 210 221 258 910
10064 910 212 259 911
196 207 223 259 911
10071 913 228 259 911
10149 903 233 259 911
709 211 225 259 911
10071 914 240 260 912
10149 904 218 260 912
10027 912 208 261 913
744 339 227 261 913
10071 915 223 261 913
10149 905 229 261 913
10027 913 209 261 913
10071 916 226 262 914
10149 906 216 262 914
10027 914 207 263 915
148 218 221 263 915
10064 914 211 263 915
10071 917 235 263 915
10149 907 210 263 915
10071 918 224 264 916
10149 908 216 264 916
744 343 227 265 917
10071 919 232 265 917
10149 909 219 265 917
744 344 230 266 918
10071 920 223 266 918
10149 910 219 266 918
10071 921 224 267 919
10149 911 223 267 919
10027 919 209 268 920
10071 922 234 268 920
10149 912 221 268 920
10071 923 231 269 921
10149 913 218 269 921
10071 924 216 270 922
10149 914 222 270 922
10064 922 212 271 923
10071 925 222 271 923
10149 915 216 271 923
10071 926 220 272 924
10149 916 219 272 924
10071 927 222 273 925
10149 917 207 273 925
10071 928 221 274 926
10149 918 217 274 926
10071 929 219 275 927
10149 919 212 275 927
10071 930 221 276 928
10071 931 223 277 929
10071 932 219 278 930
10149 922 211 278 930
10071 933 222 279 931
10149 923 212 279 931
10071 934 220 280 932
10149 924 217 280 932
441 177 222 281 933
10071 935 222 281 933
10149 925 217 281 933
441 178 221 282 934
10071 936 222 282 934
10149 926 215 282 934
10071 937 222 283 935
10149 927 212 284 936
10071 938 220 284 936
10149 928 221 285 937
10071 939 220 285 937
10149 929 216 286 938
10071 940 217 286 938
10149 930 216 287 939
10071 941 208 287 939
10071 942 210 288 940
10071 943 212 289 941
10149 933 209 289 941
10071 944 219 290 942
10071 945 220 291 943
10071 946 221 292 944
10149 936 209 292 944
10071 947 221 293 945
10071 948 214 294 946
10149 938 210 294 946
10071 949 220 295 947
10149 939 207 295 947
10071 950 221 296 948
10071 951 218 297 949
10149 941 212 297 949
10071 952 221 298 950
10149 942 215 298 950
10071 953 223 299 951
10149 943 221 299 951
196 248 221 300 952
10071 954 225 300 952
10149 944 211 300 952
196 249 221 301 953
10071 955 223 301 953
10149 945 220 301 953
10071 956 218 302 954
10149 946 222 303 955
10071 957 214 303 955
10149 947 223 304 956
10149 948 221 305 957
10071 959 223 305 957
10149 949 219 306 958
10071 960 227 306 958
10149 950 220 307 959
10071 961 225 307 959
10149 951 215 308 960
10071 962 223 308 960
10149 952 220 309 961
10071 963 212 309 961
10149 953 219 310 962
10071 964 215 310 962
10149 954 221 311 963
10071 965 223 311 963
10149 955 218 312 964
10071 966 224 312 964
10149 956 217 313 965
10071 967 223 313 965
10149 957 215 314 966
10071 968 221 314 966
10149 958 214 315 967
10071 969 221 315 967
10149 959 219 316 968
10071 970 222 316 968
10149 960 224 317 969
10071 971 213 317 969
10149 961 220 318 970
10064 969 207 318 970
10071 972 212 318 970
10149 962 218 319 971
10071 973 215 319 971
10149 963 219 320 972
10071 974 222 320 972
10149 964 222 321 973
196 269 223 321 973
10071 975 222 321 973
10149 965 216 322 974
10071 976 227 322 974
10149 966 213 323 975
10071 977 224 323 975
10149 967 217 324 976
10071 978 220 324 976
10149 968 213 325 977
10071 979 221 325 977
10149 969 227 326 978
196 274 221 326 978
10071 980 227 326 978
10149 970 219 327 979
10071 981 226 327 979
10149 971 213 328 980
10071 982 237 328 980
10149 972 225 329 981
10027 980 211 329 981
10064 980 209 329 981
10071 983 223 329 981
10149 973 210 330 982
10071 984 221 330 982
10149 974 210 331 983
10071 985 219 331 983
10149 975 219 332 984
10071 986 213 332 984
10149 976 225 333 985
10071 987 220 333 985
10149 977 220 334 986
10071 988 221 334 986
10149 978 220 335 987
10071 989 226 335 987
10149 979 221 336 988
10071 990 224 336 988
10149 980 208 337 989
10071 991 234 337 989
115 66 239 337 989
10149 981 217 338 990
10071 992 221 338 990
115 67 237 338 990
10149 982 223 339 991
10071 993 226 339 991
115 68 234 339 991
10149 983 217 340 992
10071 994 223 340 992
115 69 225 340 992
10149 984 217 341 993
10071 995 220 341 993
115 70 226 341 993
10149 985 222 342 994
10071 996 223 342 994
115 71 235 342 994
10149 986 223 343 995
10071 997 219 343 995
10149 987 217 344 996
10071 998 218 344 996
10149 988 209 345 997
10071 999 224 345 997
10149 989 214 346 998
10071 1000 220 346 998
10149 990 228 347 999
10071 1001 219 347 999
10149 991 216 348 1000
10071 1002 215 348 1000
10149 992 212 349 1001
10071 1003 218 349 1001
10149 993 222 350 1002
10071 1004 223 350 1002
10149 994 225 351 1003
10071 1005 221 351 1003
10149 995 224 352 1004
10071 1006 219 352 1004
10149 996 223 353 1005
10071 1007 219 353 1005
115 82 228 353 1005
10149 997 215 354 1006
10071 1008 220 354 1006
115 83 227 354 1006
10149 998 212 355 1007
10071 1009 212 355 1007
10149 999 213 356 1008
10071 1010 209 356 1008
696 308 223 357 1009
10149 1000 215 357 1009
10149 1001 212 358 1010
10071 1012 209 358 1010
10149 1002 213 359 1011
10071 1013 210 359 1011
696 311 223 360 1012
10149 1003 212 360 1012
10071 1014 207 360 1012
10149 1004 214 361 1013
10149 1005 214 362 1014
716 321 221 362 1014
10071 1016 211 362 1014
10149 1006 207 363 1015
10071 1017 210 363 1015
10071 1018 213 364 1016
10149 1008 210 365 1017
10071 1019 211 365 1017
10149 1009 208 366 1018
10071 1020 212 366 1018
10071 1021 210 367 1019
115 96 221 367 1019
10149 1012 213 369 1021
402 327 223 370 1022
10149 1013 214 370 1022
10071 1024 214 370 1022
10149 1014 212 371 1023
10071 1025 218 371 1023
10149 1015 218 372 1024
10071 1026 221 372 1024
10149 1016 208 373 1025
10071 1027 219 373 1025
10149 1017 211 374 1026
10071 1028 211 374 1026
10149 1018 212 375 1027
10071 1029 213 375 1027
10149 1019 215 376 1028
10071 1030 218 376 1028
10149 1020 217 377 1029
299 27 221 377 1029
10071 1031 214 377 1029
10149 1021 210 378 1030
10071 1032 215 378 1030
10149 1022 211 379 1031
10071 1033 214 379 1031
10149 1023 211 380 1032
686 320 221 380 1032
74 345 221 380 1032
10149 1024 217 381 1033
76 260 229 381 1033
10071 1035 225 381 1033
10149 1025 217 382 1034
394 335 221 382 1034
10071 1036 225 382 1034
451 345 221 383 1035
10149 1026 214 383 1035
10027 1034 209 383 1035
335 341 221 383 1035
10064 1034 207 383 1035
10071 1037 221 383 1035
10149 1027 212 384 1036
10071 1038 225 384 1036
10149 1028 211 385 1037
10071 1039 227 385 1037
10149 1029 221 386 1038
694 314 241 386 1038
10080 1041 208 386 1038
10064 1037 221 386 1038
757 318 237 386 1038
10080 1042 223 387 1039
10086 1039 218 387 1039
99 76 223 387 1039
10033 1037 211 387 1039
10100 1030 212 387 1039
10083 1039 218 387 1039
10046 1038 243 387 1039
10080 1043 210 388 1040
10086 1040 211 388 1040
10080 1044 218 389 1041
10064 1040 207 389 1041
10164 835 207 389 1041
10083 1041 217 389 1041
10046 1040 214 389 1041
10086 1042 209 390 1042
10100 1033 212 390 1042
10083 1042 226 390 1042
10046 1041 211 390 1042
10100 1034 218 391 1043
10083 1043 234 391 1043
10046 1042 227 391 1043
10080 1047 209 392 1044
10100 1035 210 392 1044
10083 1044 226 392 1044
10046 1043 222 392 1044
10100 1036 223 393 1045
10083 1045 227 393 1045
10046 1044 237 393 1045
10080 1049 207 394 1046
10086 1046 214 394 1046
10090 1046 211 395 1047
96 330 222 395 1047
10149 1043 218 400 1052
10087 1053 208 401 1053
10094 1052 208 401 1053
10071 1055 214 401 1053
323 284 233 401 1053
10064 1053 220 402 1054
73 29 231 402 1054
10071 1056 209 402 1054
323 285 226 402 1054
10027 1054 208 403 1055
73 30 231 403 1055
10094 1054 209 403 1055
10071 1057 227 403 1055
10149 1047 219 404 1056
10071 1058 213 404 1056
10080 1060 231 405 1057
10087 1057 210 405 1057
10083 1057 247 405 1057
10046 1056 220 405 1057
10086 1058 208 406 1058
491 221 221 406 1058
10100 1049 212 406 1058
10083 1058 226 406 1058
10046 1057 217 406 1058
10100 1050 211 407 1059
10083 1059 228 407 1059
10046 1058 212 407 1059
10080 1063 209 408 1060
10086 1060 210 408 1060
10100 1051 210 408 1060
10083 1060 228 408 1060
10046 1059 211 408 1060
10080 1064 208 409 1061
10100 1052 212 409 1061
10083 1061 228 409 1061
10046 1060 211 409 1061
10080 1065 210 410 1062
10100 1053 219 410 1062
10083 1062 207 410 1062
10046 1061 217 410 1062
10080 1066 211 411 1063
10100 1054 221 411 1063
10083 1063 227 411 1063
10046 1062 225 411 1063
210 358 231 412 1064
10086 1064 223 412 1064
229 377 232 412 1064
10033 1062 210 412 1064
10080 1068 221 413 1065
10080 1069 224 414 1066
10080 1070 219 415 1067
10080 1071 226 416 1068
10080 1072 222 417 1069
10080 1073 219 418 1070
10080 1074 221 419 1071
10080 1075 222 420 1072
10080 1076 219 421 1073
10080 1077 210 422 1074
10080 1078 212 423 1075
10080 1079 225 424 1076
10080 1080 230 425 1077
10080 1081 229 426 1078
10080 1082 234 427 1079
10080 1083 210 428 1080
10086 1080 212 428 1080
10100 1071 212 428 1080
10083 1080 225 428 1080
10046 1079 237 428 1080
10080 1084 209 429 1081
10100 1072 210 429 1081
10083 1081 217 429 1081
10046 1080 216 429 1081
10100 1073 208 430 1082
10083 1082 225 430 1082
10046 1081 213 430 1082
10100 1074 217 431 1083
10083 1083 225 431 1083
10100 1075 212 432 1084
10083 1084 225 432 1084
10046 1083 219 432 1084
10100 1076 212 433 1085
10083 1085 237 433 1085
10046 1084 215 433 1085
10100 1077 214 434 1086
10083 1086 231 434 1086
10100 1078 211 435 1087
10083 1087 227 435 1087
10046 1086 214 435 1087
10100 1079 216 436 1088
10083 1088 220 436 1088
10046 1087 210 436 1088
10100 1080 216 437 1089
10083 1089 232 437 1089
10046 1088 209 437 1089
10100 1081 215 438 1090
10083 1090 215 438 1090
10046 1089 211 438 1090
10100 1082 215 439 1091
10083 1091 219 439 1091
10046 1090 212 439 1091
10100 1083 218 440 1092
10083 1092 221 440 1092
10046 1091 214 440 1092
10100 1084 218 441 1093
10083 1093 223 441 1093
10046 1092 213 441 1093
10100 1085 208 442 1094
10083 1094 235 442 1094
10083 1095 231 443 1095
10046 1094 207 443 1095
10100 1087 208 444 1096
10083 1096 227 444 1096
10083 1097 235 445 1097
10046 1096 207 445 1097
10100 1089 214 446 1098
10083 1098 227 446 1098
10046 1097 209 446 1098
10100 1090 216 447 1099
10083 1099 232 447 1099
10046 1098 213 447 1099
10100 1091 215 448 1100
10083 1100 231 448 1100
10046 1099 215 448 1100
10100 1092 216 449 1101
10083 1101 232 449 1101
10046 1100 216 449 1101
10100 1093 215 450 1102
10083 1102 231 450 1102
10046 1101 213 450 1102
10100 1094 215 451 1103
10083 1103 231 451 1103
10046 1102 219 451 1103
10100 1095 209 452 1104
10083 1104 231 452 1104
10046 1103 213 452 1104
10100 1096 210 453 1105
10083 1105 231 453 1105
10046 1104 216 453 1105
10100 1097 213 454 1106
10083 1106 226 454 1106
10046 1105 220 454 1106
10100 1098 210 455 1107
10083 1107 237 455 1107
10046 1106 216 455 1107
10100 1099 212 456 1108
10083 1108 238 456 1108
10046 1107 217 456 1108
10100 1100 211 457 1109
10083 1109 227 457 1109
10046 1108 222 457 1109
10086 1110 207 458 1110
10100 1101 209 458 1110
10083 1110 229 458 1110
10100 1102 213 459 1111
10083 1111 227 459 1111
10071 1113 212 459 1111
10080 1115 225 460 1112
299 81 240 460 1112
10080 1116 216 461 1113
299 82 238 461 1113
10080 1117 215 462 1114
299 83 241 462 1114
10080 1118 214 463 1115
299 84 244 463 1115
10080 1119 218 464 1116
10080 1120 225 465 1117
524 48 223 465 1117
10080 1121 211 466 1118
10086 1118 214 466 1118
10100 1109 221 466 1118
10083 1118 232 466 1118
10046 1117 209 466 1118
10100 1110 216 467 1119
10083 1119 217 467 1119
10046 1118 212 467 1119
10100 1111 213 468 1120
10083 1120 218 468 1120
10046 1119 214 468 1120
10100 1112 219 469 1121
10083 1121 227 469 1121
10046 1120 215 469 1121
10100 1113 208 470 1122
10083 1122 223 470 1122
10046 1121 218 470 1122
10100 1114 207 471 1123
10083 1123 225 471 1123
10046 1122 217 471 1123
10083 1124 223 472 1124
10046 1123 217 472 1124
10100 1116 209 473 1125
10083 1125 225 473 1125
10046 1124 216 473 1125
10083 1126 229 474 1126
10046 1125 216 474 1126
10100 1118 210 475 1127
10083 1127 229 475 1127
10046 1126 217 475 1127
10100 1119 209 476 1128
10083 1128 227 476 1128
10046 1127 210 476 1128
10083 1129 217 477 1129
10046 1128 212 477 1129
10083 1130 216 478 1130
10046 1129 213 478 1130
10086 1131 210 479 1131
10100 1122 210 479 1131
10083 1131 212 479 1131
10100 1123 216 480 1132
10083 1132 224 480 1132
10046 1131 208 480 1132
10100 1124 210 481 1133
10083 1133 224 481 1133
10083 1134 217 482 1134
10083 1135 212 483 1135
10100 1127 216 484 1136
10083 1136 218 484 1136
299 105 224 484 1136
10046 1135 221 484 1136
10080 1140 217 485 1137
299 106 228 485 1137
10071 1139 209 485 1137
10080 1141 223 486 1138
10083 1138 207 486 1138
10080 1142 218 487 1139
10086 1139 210 487 1139
10100 1130 220 487 1139
10083 1139 237 487 1139
10046 1138 224 487 1139
491 303 221 488 1140
10100 1131 211 488 1140
10083 1140 233 488 1140
10046 1139 223 488 1140
10100 1132 211 489 1141
10083 1141 217 489 1141
10046 1140 221 489 1141
10100 1133 213 490 1142
10083 1142 214 490 1142
10046 1141 208 490 1142
10100 1134 210 491 1143
10083 1143 234 491 1143
10046 1142 210 491 1143
10100 1135 218 492 1144
10083 1144 227 492 1144
10100 1136 217 493 1145
10083 1145 230 493 1145
10046 1144 210 493 1145
10100 1137 215 494 1146
10083 1146 227 494 1146
10046 1145 210 494 1146
10100 1138 212 495 1147
10083 1147 232 495 1147
10046 1146 213 495 1147
10100 1139 210 496 1148
10083 1148 223 496 1148
10046 1147 214 496 1148
10083 1149 230 497 1149
10046 1148 215 497 1149
10086 1150 207 498 1150
10083 1150 230 498 1150
10046 1149 214 498 1150
10100 1142 219 499 1151
10083 1151 232 499 1151
10046 1150 231 499 1151
10086 1152 212 500 1152
10083 1152 217 500 1152
76 379 225 500 1152
299 121 231 500 1152
10071 1154 213 500 1152
10046 1151 214 500 1152
10080 1156 210 501 1153
10086 1153 218 501 1153
10033 1151 212 501 1153
10086 1154 210 502 1154
10033 1152 209 502 1154
10071 1156 220 502 1154
10149 1146 219 503 1155
495 447 221 503 1155
10071 1157 219 503 1155
10149 1147 221 504 1156
10064 1155 213 504 1156
468 463 228 505 1157
10149 1148 214 505 1157
355 176 223 505 1157
495 449 235 505 1157
10071 1159 223 505 1157
10149 1149 209 506 1158
10064 1157 209 506 1158
10071 1160 225 506 1158
10149 1150 211 507 1159
10071 1161 207 507 1159
10149 1151 210 508 1160
435 346 222 508 1160
10071 1162 212 508 1160
10149 1152 212 509 1161
10071 1163 214 509 1161
10071 1165 214 511 1163
10149 1155 208 512 1164
10071 1166 221 512 1164
10149 1156 210 513 1165
10071 1167 216 513 1165
10149 1157 210 514 1166
10071 1168 212 514 1166
10149 1158 219 515 1167
10071 1169 220 515 1167
10149 1159 220 516 1168
10071 1170 216 516 1168
10149 1160 216 517 1169
10071 1171 221 517 1169
10149 1161 212 518 1170
10071 1172 214 518 1170
10149 1162 214 519 1171
10071 1173 217 519 1171
10149 1163 215 520 1172
10071 1174 213 520 1172
10149 1164 221 521 1173
10071 1175 215 521 1173
10149 1165 218 522 1174
10071 1176 212 522 1174
10149 1166 219 523 1175
10071 1177 212 523 1175
10149 1167 222 524 1176
10071 1178 211 524 1176
10149 1168 220 525 1177
10071 1179 217 525 1177
10149 1169 221 526 1178
74 491 229 526 1178
10149 1170 218 527 1179
10071 1181 212 527 1179
74 492 221 527 1179
10149 1171 217 528 1180
10071 1182 209 528 1180
10149 1172 213 529 1181
227 412 223 529 1181
10149 1173 210 530 1182
227 413 223 530 1182
10071 1184 213 530 1182
10149 1174 219 531 1183
10071 1185 213 531 1183
10149 1175 211 532 1184
10071 1186 210 532 1184
10149 1176 212 533 1185
10071 1187 214 533 1185
10149 1177 214 534 1186
10149 1178 216 535 1187
10149 1179 212 536 1188
10149 1180 209 537 1189
10071 1191 211 537 1189
10149 1181 211 538 1190
10071 1192 211 538 1190
10149 1182 208 539 1191
10071 1193 211 539 1191
10071 1194 216 540 1192
10149 1184 217 541 1193
10071 1195 217 541 1193
10149 1185 211 542 1194
10071 1196 220 542 1194
10149 1186 216 543 1195
10071 1197 217 543 1195
10149 1187 213 544 1196
10071 1198 215 544 1196
10149 1188 215 545 1197
10071 1199 219 545 1197
93 420 221 546 1198
10149 1189 216 546 1198
10071 1200 213 546 1198
10149 1190 208 547 1199
10071 1201 211 547 1199
451 510 221 547 1199
10149 1191 218 548 1200
10071 1202 211 548 1200
451 511 221 548 1200
686 489 224 549 1201
10149 1192 211 549 1201
554 507 221 549 1201
10071 1203 221 549 1201
10149 1193 218 550 1202
554 508 223 550 1202
10071 1204 211 550 1202
451 513 221 550 1202
10071 1205 213 551 1203
10149 1195 215 552 1204
10071 1206 215 552 1204
603 505 221 553 1205
10149 1196 212 553 1205
10071 1207 217 553 1205
603 506 221 554 1206
10149 1197 212 554 1206
10071 1208 210 554 1206
603 507 221 555 1207
10071 1209 217 555 1207
603 508 222 556 1208
10149 1199 215 556 1208
123 495 221 556 1208
10071 1210 213 556 1208
603 509 222 557 1209
10149 1200 210 557 1209
123 496 221 557 1209
10071 1211 212 557 1209
10149 1201 208 558 1210
10071 1212 211 558 1210
10071 1213 211 559 1211
603 512 221 560 1212
10149 1203 207 560 1212
10064 1211 211 560 1212
10094 1211 209 560 1212
10069 1210 208 560 1212
10071 1214 219 560 1212
10171 1214 208 561 1213
10027 1212 220 561 1213
10054 1213 208 561 1213
10064 1212 221 561 1213
10052 1215 207 561 1213
10068 1218 209 561 1213
10138 1207 207 561 1213
10052 1216 209 562 1214
10092 1214 210 562 1214
10076 1212 207 564 1216
10106 1214 214 565 1217
10076 1213 207 565 1217
10078 1216 217 565 1217
10098 1214 217 565 1217
10106 1215 208 566 1218
10040 1212 212 566 1218
10078 1217 208 566 1218
10106 1216 212 567 1219
10040 1213 211 567 1219
10078 1218 206 567 1219
10106 1217 208 568 1220
10040 1214 216 568 1220
10078 1219 210 568 1220
10055 1220 208 568 1220
10040 1215 230 569 1221
10078 1220 212 569 1221
10106 1219 208 570 1222
10040 1216 227 570 1222
10078 1221 210 570 1222
10055 1222 209 570 1222
10040 1217 224 571 1223
10040 1219 215 573 1225
10106 1223 211 574 1226
10040 1220 212 574 1226
10040 1221 208 575 1227
353 97 233 575 1227
10078 1226 208 575 1227
10040 1222 215 576 1228
10106 1226 206 577 1229
10040 1223 223 577 1229
353 99 231 577 1229
10140 1225 209 577 1229
10106 1227 209 578 1230
10004 1226 208 578 1230
10076 1226 211 578 1230
10018 557 234 578 1230
10098 1227 215 578 1230
10140 1226 209 578 1230
10084 1224 211 578 1230
10055 1231 215 579 1231
10018 558 221 579 1231
10098 1228 208 579 1231
10084 1225 222 579 1231
10158 1226 221 579 1231
10173 1227 209 580 1232
10004 1228 216 580 1232
10076 1228 207 580 1232
10055 1232 213 580 1232
10018 559 235 580 1232
10098 1229 217 580 1232
10055 1233 224 581 1233
10018 560 212 581 1233
10098 1230 216 581 1233
10140 1229 227 581 1233
10084 1227 213 581 1233
10158 1228 209 581 1233
10173 1229 210 582 1234
10106 1231 207 582 1234
10076 1230 208 582 1234
10055 1234 231 582 1234
10018 561 218 582 1234
10140 1230 211 582 1234
10158 1229 218 582 1234
10173 1230 216 583 1235
10106 1232 217 583 1235
10040 1229 209 583 1235
10076 1231 210 583 1235
10055 1235 208 583 1235
10134 1228 213 583 1235
493 527 224 584 1236
10040 1230 210 584 1236
10009 1233 207 584 1236
10134 1229 213 585 1237
10101 1230 212 585 1237
10141 1229 212 585 1237
10088 1232 214 585 1237
229 551 221 586 1238
10128 1232 217 586 1238
10101 1231 217 586 1238
10061 1242 208 586 1238
10169 1239 209 586 1238
10068 1243 214 586 1238
10138 1232 207 586 1238
10163 1241 223 587 1239
10062 1236 217 587 1239
191 335 225 587 1239
10164 1033 219 587 1239
10043 1237 214 587 1239
10033 1238 223 588 1240
10164 1034 212 588 1240
10100 1231 210 588 1240
10046 1239 219 588 1240
10086 1241 216 589 1241
10083 1241 221 589 1241
10046 1240 209 589 1241
10080 1245 221 590 1242
601 553 221 590 1242
10071 1244 217 590 1242
10149 1234 220 591 1243
10071 1245 210 591 1243
10071 1246 219 592 1244
10149 1236 210 593 1245
10149 1237 225 594 1246
394 547 225 594 1246
559 429 221 594 1246
208 556 223 594 1246
151 78 227 594 1246
10071 1248 214 594 1246
10149 1239 213 596 1248
10071 1250 213 596 1248
10149 1240 215 597 1249
10071 1251 216 597 1249
451 560 223 597 1249
10149 1241 212 598 1250
10071 1252 215 598 1250
10149 1242 212 599 1251
13 520 223 599 1251
10071 1253 213 599 1251
10149 1243 217 600 1252
13 521 223 600 1252
99 289 221 600 1252
10071 1254 210 600 1252
10149 1244 217 601 1253
13 522 222 601 1253
99 290 222 601 1253
10071 1255 209 601 1253
10149 1245 219 602 1254
10071 1256 221 602 1254
10149 1246 214 603 1255
554 561 221 603 1255
13 524 222 603 1255
10071 1257 215 603 1255
10149 1247 214 604 1256
554 562 225 604 1256
13 525 221 604 1256
10071 1258 221 604 1256
10149 1248 208 605 1257
13 526 221 605 1257
10071 1259 221 605 1257
93 480 227 606 1258
10149 1249 217 606 1258
468 564 221 606 1258
10071 1260 211 606 1258
10149 1250 211 607 1259
10071 1261 211 607 1259
10149 1251 209 608 1260
10071 1262 213 608 1260
10149 1252 212 609 1261
156 171 228 609 1261
10071 1263 217 609 1261
13 531 221 610 1262
10071 1264 211 610 1262
10149 1254 207 611 1263
10071 1265 211 611 1263
10071 1266 209 612 1264
10149 1256 212 613 1265
10071 1267 209 613 1265
10149 1257 212 614 1266
10071 1268 210 614 1266
10071 1269 217 615 1267
10071 1270 207 616 1268
10071 1271 212 617 1269
10149 1261 211 618 1270
10071 1272 213 618 1270
10149 1262 218 619 1271
155 176 225 619 1271
13 540 221 619 1271
115 348 225 619 1271
10071 1274 214 620 1272
10071 1275 212 621 1273
10149 1265 212 622 1274
115 351 229 622 1274
10149 1266 213 623 1275
10071 1277 218 623 1275
10071 1278 216 624 1276
10149 1268 208 625 1277
10071 1279 219 625 1277
10149 1269 208 626 1278
10071 1280 222 626 1278
10149 1270 211 627 1279
10071 1281 210 627 1279
10149 1271 214 628 1280
10149 1272 211 629 1281
10071 1283 220 629 1281
101 571 221 629 1281
10149 1273 216 630 1282
10071 1284 219 630 1282
10149 1274 220 631 1283
10071 1285 220 631 1283
10149 1275 221 632 1284
10071 1286 219 632 1284
10149 1276 222 633 1285
10071 1287 218 633 1285
101 575 221 633 1285
10149 1277 222 634 1286
10071 1288 218 634 1286
399 16 222 634 1286
10149 1278 222 635 1287
10071 1289 213 635 1287
399 17 222 635 1287
10149 1279 220 636 1288
10071 1290 217 636 1288
399 18 221 636 1288
101 578 222 637 1289
10149 1280 221 637 1289
10071 1291 217 637 1289
399 19 222 637 1289
101 579 223 638 1290
10149 1281 219 638 1290
10071 1292 213 638 1290
101 580 223 639 1291
10149 1282 217 639 1291
156 14 222 639 1291
101 581 221 640 1292
749 275 235 640 1292
10149 1283 209 640 1292
527 598 226 640 1292
10069 1290 217 640 1292
10071 1294 213 640 1292
10080 1296 228 641 1293
10086 1293 218 641 1293
10033 1291 211 641 1293
10100 1284 209 641 1293
10083 1293 231 641 1293
10046 1292 228 641 1293
10080 1297 208 642 1294
10086 1294 208 642 1294
10083 1294 218 642 1294
10046 1293 210 642 1294
10086 1295 208 643 1295
10100 1286 225 643 1295
10083 1295 241 643 1295
10046 1294 214 643 1295
10080 1299 211 644 1296
10086 1296 212 644 1296
10100 1287 214 644 1296
10083 1296 224 644 1296
10046 1295 235 644 1296
115 373 233 645 1297
10080 1300 212 645 1297
10086 1297 210 645 1297
10083 1297 218 645 1297
10046 1296 229 645 1297
10086 1298 208 646 1298
10100 1289 210 646 1298
10083 1298 227 646 1298
10046 1297 221 646 1298
10100 1290 221 647 1299
10083 1299 237 647 1299
10046 1298 223 647 1299
10086 1300 210 648 1300
10083 1300 228 648 1300
10046 1299 221 648 1300
10080 1304 207 649 1301
10086 1301 208 649 1301
10100 1292 221 649 1301
10083 1301 228 649 1301
10046 1300 217 649 1301
10100 1293 212 650 1302
10083 1302 209 650 1302
10100 1294 212 651 1303
10083 1303 235 651 1303
10046 1302 228 651 1303
10086 1304 217 652 1304
10100 1295 208 652 1304
10083 1304 225 652 1304
10046 1303 225 652 1304
10100 1296 207 653 1305
10083 1305 225 653 1305
10046 1304 220 653 1305
10083 1306 225 654 1306
10046 1305 217 654 1306
10100 1298 212 655 1307
10083 1307 215 655 1307
10046 1306 217 655 1307
115 384 221 655 1307
10100 1299 208 656 1308
10083 1308 215 656 1308
115 385 232 656 1308
10100 1300 210 657 1309
10083 1309 223 657 1309
10046 1308 222 657 1309
115 386 224 657 1309
10100 1301 210 658 1310
10083 1310 220 658 1310
10046 1309 216 658 1310
115 387 228 658 1310
10100 1302 213 659 1311
10083 1311 223 659 1311
10046 1310 222 659 1311
10100 1303 210 660 1312
10083 1312 222 660 1312
10046 1311 222 660 1312
10100 1304 224 661 1313
10083 1313 227 661 1313
10046 1312 208 661 1313
10100 1305 214 662 1314
10083 1314 225 662 1314
10100 1306 213 663 1315
10083 1315 224 663 1315
10046 1314 218 663 1315
115 392 223 663 1315
10100 1307 211 664 1316
10083 1316 221 664 1316
10046 1315 223 664 1316
10086 1317 207 665 1317
10100 1308 214 665 1317
10083 1317 221 665 1317
10046 1316 219 665 1317
10086 1318 211 666 1318
10083 1318 229 666 1318
10046 1317 211 666 1318
10086 1319 209 667 1319
10100 1310 219 667 1319
10083 1319 230 667 1319
10046 1318 223 667 1319
10100 1311 214 668 1320
10083 1320 220 668 1320
10046 1319 226 668 1320
10086 1321 212 669 1321
10100 1312 213 669 1321
10083 1321 214 669 1321
10046 1320 217 669 1321
10080 1325 207 670 1322
10086 1322 217 670 1322
10100 1313 217 670 1322
10046 1321 225 670 1322
10086 1323 216 671 1323
10100 1314 212 671 1323
10046 1322 219 671 1323
10100 1315 217 672 1324
10083 1324 223 672 1324
10046 1323 221 672 1324
10086 1325 217 673 1325
10100 1316 212 673 1325
10083 1325 212 673 1325
10046 1324 222 673 1325
10086 1326 211 674 1326
10100 1317 210 674 1326
10046 1325 208 674 1326
10086 1327 219 675 1327
10100 1318 210 675 1327
10083 1327 218 675 1327
10086 1328 211 676 1328
10100 1319 216 676 1328
10083 1328 223 676 1328
10046 1327 223 676 1328
10100 1320 223 677 1329
10083 1329 226 677 1329
10046 1328 210 677 1329
10100 1321 220 678 1330
10083 1330 225 678 1330
10046 1329 219 678 1330
10100 1322 223 679 1331
10083 1331 227 679 1331
10046 1330 209 679 1331
10100 1323 209 680 1332
10083 1332 216 680 1332
10046 1331 219 680 1332
10086 1333 216 681 1333
10083 1333 212 681 1333
10046 1332 220 681 1333
10086 1334 217 682 1334
10083 1334 216 682 1334
10046 1333 219 682 1334
10086 1335 215 683 1335
10083 1335 216 683 1335
10046 1334 216 683 1335
10086 1336 215 684 1336
10083 1336 208 684 1336
10046 1335 216 684 1336
10080 1340 207 685 1337
10086 1337 214 685 1337
10083 1337 211 685 1337
10046 1336 220 685 1337
115 414 226 685 1337
10080 1341 207 686 1338
10086 1338 214 686 1338
10083 1338 213 686 1338
10046 1337 214 686 1338
115 415 222 686 1338
10080 1342 207 687 1339
10086 1339 217 687 1339
10083 1339 208 687 1339
10046 1338 211 687 1339
10086 1340 215 688 1340
10100 1331 214 688 1340
10083 1340 210 688 1340
10046 1339 210 688 1340
10086 1341 215 689 1341
10083 1341 221 689 1341
10046 1340 207 689 1341
10080 1345 208 690 1342
10086 1342 217 690 1342
10100 1333 213 690 1342
10083 1342 227 690 1342
10046 1341 223 690 1342
10080 1346 209 691 1343
10086 1343 211 691 1343
10083 1343 221 691 1343
10046 1342 221 691 1343
10080 1347 207 692 1344
10086 1344 212 692 1344
10100 1335 210 692 1344
10083 1344 213 692 1344
10046 1343 219 692 1344
10086 1345 213 693 1345
10100 1336 207 693 1345
10083 1345 223 693 1345
10046 1344 210 693 1345
10080 1349 208 694 1346
10086 1346 211 694 1346
10100 1337 211 694 1346
10083 1346 223 694 1346
10046 1345 213 694 1346
10086 1347 207 695 1347
10100 1338 209 695 1347
10083 1347 222 695 1347
10046 1346 221 695 1347
10080 1351 207 696 1348
10086 1348 212 696 1348
10100 1339 214 696 1348
10083 1348 225 696 1348
10046 1347 220 696 1348
115 425 225 696 1348
10080 1352 208 697 1349
10086 1349 209 697 1349
10100 1340 217 697 1349
10083 1349 233 697 1349
10046 1348 224 697 1349
115 426 223 697 1349
10080 1353 209 698 1350
10086 1350 209 698 1350
10100 1341 220 698 1350
10083 1350 215 698 1350
10046 1349 225 698 1350
10080 1354 213 699 1351
10086 1351 213 699 1351
10100 1342 211 699 1351
10083 1351 227 699 1351
10046 1350 234 699 1351
10080 1355 208 700 1352
10086 1352 213 700 1352
10083 1352 216 700 1352
10046 1351 219 700 1352
10100 1344 207 701 1353
10083 1353 218 701 1353
10046 1352 219 701 1353
10086 1354 208 702 1354
10100 1345 214 702 1354
10083 1354 229 702 1354
10046 1353 221 702 1354
10100 1346 210 703 1355
10083 1355 220 703 1355
10046 1354 219 703 1355
10100 1347 210 704 1356
10083 1356 220 704 1356
10046 1355 221 704 1356
10100 1348 207 705 1357
10083 1357 222 705 1357
10046 1356 214 705 1357
10100 1349 209 706 1358
10083 1358 221 706 1358
10046 1357 217 706 1358
10100 1350 212 707 1359
10083 1359 212 707 1359
10046 1358 219 707 1359
10100 1351 210 708 1360
10083 1360 224 708 1360
10046 1359 214 708 1360
10100 1352 211 709 1361
10083 1361 223 709 1361
10046 1360 219 709 1361
10100 1353 213 710 1362
10083 1362 219 710 1362
10046 1361 216 710 1362
10100 1354 210 711 1363
10083 1363 220 711 1363
10046 1362 219 711 1363
10100 1355 215 712 1364
10083 1364 217 712 1364
10046 1363 221 712 1364
10100 1356 208 713 1365
10083 1365 217 713 1365
10046 1364 209 713 1365
10100 1357 223 714 1366
10083 1366 221 714 1366
10100 1358 213 715 1367
10083 1367 225 715 1367
10046 1366 210 715 1367
10100 1359 216 716 1368
10083 1368 221 716 1368
10046 1367 211 716 1368
10086 1369 208 717 1369
10083 1369 224 717 1369
10046 1368 207 717 1369
10100 1361 217 718 1370
10083 1370 223 718 1370
10046 1369 219 718 1370
10100 1362 218 719 1371
10083 1371 224 719 1371
10046 1370 219 719 1371
10086 1372 208 720 1372
10100 1363 217 720 1372
10083 1372 225 720 1372
10046 1371 214 720 1372
10100 1364 215 721 1373
10083 1373 227 721 1373
10046 1372 213 721 1373
10100 1365 210 722 1374
10046 1373 216 722 1374
10100 1366 212 723 1375
10083 1375 214 723 1375
10046 1374 221 723 1375
10083 1376 227 724 1376
10046 1375 219 724 1376
10100 1368 213 725 1377
10083 1377 227 725 1377
10046 1376 219 725 1377
10083 1378 223 726 1378
10046 1377 218 726 1378
10086 1379 208 727 1379
10100 1370 209 727 1379
10083 1379 227 727 1379
10046 1378 218 727 1379
10083 1380 226 728 1380
10046 1379 215 728 1380
10086 1381 216 729 1381
10083 1381 221 729 1381
10046 1380 226 729 1381
115 458 225 729 1381
10100 1373 209 730 1382
10083 1382 221 730 1382
10046 1381 224 730 1382
10100 1374 212 731 1383
10083 1383 226 731 1383
10046 1382 219 731 1383
115 460 222 731 1383
10100 1375 208 732 1384
10083 1384 224 732 1384
10046 1383 225 732 1384
115 461 224 732 1384
10083 1385 223 733 1385
10046 1384 225 733 1385
10100 1377 209 734 1386
10083 1386 213 734 1386
10046 1385 226 734 1386
115 463 223 734 1386
10080 1390 207 735 1387
10083 1387 229 735 1387
10046 1386 233 735 1387
10080 1391 213 736 1388
10086 1388 213 736 1388
10100 1379 217 736 1388
10083 1388 232 736 1388
10046 1387 220 736 1388
115 465 227 736 1388
10080 1392 209 737 1389
10086 1389 208 737 1389
10100 1380 215 737 1389
10083 1389 225 737 1389
10046 1388 223 737 1389
115 466 233 737 1389
10100 1381 219 738 1390
10083 1390 227 738 1390
10046 1389 231 738 1390
115 467 231 738 1390
10080 1394 208 739 1391
10086 1391 214 739 1391
10100 1382 219 739 1391
10083 1391 222 739 1391
10046 1390 229 739 1391
115 468 230 739 1391
10080 1395 209 740 1392
10086 1392 216 740 1392
10083 1392 216 740 1392
10071 1394 209 740 1392
10046 1391 212 740 1392
10080 1396 219 741 1393
10064 1392 232 741 1393
10071 1395 210 741 1393
10149 1385 219 742 1394
10071 1396 231 742 1394
10149 1386 217 743 1395
10071 1397 227 743 1395
10149 1387 219 744 1396
10071 1398 227 744 1396
10149 1388 211 745 1397
10071 1399 219 745 1397
10149 1389 213 746 1398
10027 1397 207 746 1398
10064 1397 212 746 1398
558 688 225 746 1398
10071 1400 226 746 1398
399 128 222 746 1398
10149 1390 223 747 1399
10071 1401 225 747 1399
10149 1391 227 748 1400
10064 1399 209 748 1400
558 690 229 748 1400
10071 1402 217 748 1400
10149 1392 215 749 1401
10064 1400 209 749 1401
558 691 232 749 1401
10071 1403 225 749 1401
10149 1393 211 750 1402
10027 1401 207 750 1402
10064 1401 211 750 1402
558 692 236 750 1402
10071 1404 225 750 1402
10149 1394 211 751 1403
558 693 229 751 1403
10071 1405 225 751 1403
10149 1395 219 752 1404
558 694 223 752 1404
10071 1406 227 752 1404
10149 1396 219 753 1405
10064 1404 212 753 1405
10071 1407 214 753 1405
10149 1397 222 754 1406
10071 1408 224 754 1406
10071 1409 221 755 1407
10149 1399 218 756 1408
10064 1407 208 756 1408
10071 1410 227 756 1408
10149 1400 219 757 1409
10064 1408 207 757 1409
10071 1411 225 757 1409
10149 1401 222 758 1410
10071 1412 226 758 1410
10149 1402 215 759 1411
10071 1413 223 759 1411
10149 1403 217 760 1412
10071 1414 223 760 1412
10149 1404 216 761 1413
10071 1415 223 761 1413
10149 1405 211 762 1414
10071 1416 221 762 1414
10149 1406 213 763 1415
10071 1417 209 763 1415
10149 1407 219 764 1416
10071 1418 211 764 1416
10149 1408 219 765 1417
10071 1419 213 765 1417
399 147 221 765 1417
10149 1409 219 766 1418
10071 1420 214 766 1418
10149 1410 221 767 1419
10071 1421 211 767 1419
399 149 223 767 1419
10149 1411 220 768 1420
10071 1422 212 768 1420
399 150 223 768 1420
10149 1412 221 769 1421
10071 1423 211 769 1421
10149 1413 213 770 1422
10071 1424 213 770 1422
10149 1414 212 771 1423
10071 1425 212 771 1423
10149 1415 213 772 1424
10071 1426 213 772 1424
10149 1417 211 774 1426
10149 1418 211 775 1427
10064 1426 207 775 1427
10071 1429 212 775 1427
10149 1419 219 776 1428
10071 1430 211 776 1428
10149 1420 219 777 1429
10071 1431 211 777 1429
399 159 221 777 1429
10149 1421 219 778 1430
10071 1432 211 778 1430
399 160 224 778 1430
10149 1422 220 779 1431
221 737 221 779 1431
558 721 225 779 1431
10071 1433 215 779 1431
10149 1423 218 780 1432
221 738 223 780 1432
10071 1434 207 780 1432
399 162 223 780 1432
10149 1424 219 781 1433
10071 1435 214 781 1433
10149 1425 219 782 1434
10149 1426 213 783 1435
10071 1437 213 783 1435
399 165 221 783 1435
10149 1427 210 784 1436
10071 1438 209 784 1436
10071 1439 208 785 1437
10149 1430 210 787 1439
10071 1441 219 787 1439
399 169 222 787 1439
10149 1431 211 788 1440
10071 1442 219 788 1440
10149 1432 213 789 1441
10071 1443 223 789 1441
10071 1444 218 790 1442
10149 1434 215 791 1443
692 686 227 791 1443
10071 1445 221 791 1443
10149 1435 215 792 1444
692 687 231 792 1444
10071 1446 221 792 1444
10149 1436 210 793 1445
692 688 227 793 1445
10071 1447 221 793 1445
10149 1437 211 794 1446
558 736 227 794 1446
692 689 225 794 1446
10071 1448 221 794 1446
692 690 223 795 1447
10071 1449 219 795 1447
10149 1439 211 796 1448
10071 1450 219 796 1448
10149 1440 207 797 1449
10071 1451 216 797 1449
10071 1452 213 798 1450
692 694 221 799 1451
10071 1453 212 799 1451
386 348 222 801 1453
10071 1455 227 801 1453
10149 1445 217 802 1454
10071 1456 221 802 1454
10071 1457 216 803 1455
403 93 221 803 1455
10149 1447 208 804 1456
10071 1458 216 804 1456
10071 1459 219 805 1457
10149 1449 213 806 1458
399 4 222 806 1458
692 701 224 806 1458
10071 1460 212 806 1458
10149 1450 221 807 1459
10071 1461 210 807 1459
10149 1451 211 808 1460
10071 1462 222 808 1460
10149 1452 212 809 1461
692 704 221 809 1461
10071 1463 219 809 1461
692 705 228 810 1462
10071 1464 215 810 1462
10149 1454 210 811 1463
692 706 227 811 1463
10071 1465 214 811 1463
10071 1466 219 812 1464
10149 1456 216 813 1465
10071 1467 212 813 1465
10149 1457 217 814 1466
10071 1468 219 814 1466
10149 1458 211 815 1467
10071 1469 221 815 1467
10149 1459 212 816 1468
692 711 224 816 1468
10071 1470 223 816 1468
10149 1460 212 817 1469
10071 1471 209 817 1469
10071 1472 218 818 1470
10149 1462 209 819 1471
10071 1473 223 819 1471
386 366 224 819 1471
10149 1463 213 820 1472
10071 1474 211 820 1472
10149 1464 212 821 1473
10071 1475 213 821 1473
386 369 223 822 1474
10071 1476 225 822 1474
10149 1466 215 823 1475
10149 1467 209 824 1476
10071 1478 211 824 1476
221 783 226 825 1477
10149 1468 215 825 1477
10071 1479 225 825 1477
10071 1480 213 826 1478
10080 1482 211 827 1479
10100 1470 209 827 1479
10083 1479 223 827 1479
10046 1478 232 827 1479
10080 1483 211 828 1480
10086 1480 210 828 1480
10083 1480 210 828 1480
10080 1484 217 829 1481
10080 1485 222 830 1482
10046 1481 207 830 1482
10080 1486 233 831 1483
10046 1482 207 831 1483
149 146 224 832 1484
10064 1483 226 832 1484
416 788 221 832 1484
10071 1486 208 832 1484
10149 1476 212 833 1485
692 729 223 834 1486
10071 1488 210 834 1486
10149 1478 215 835 1487
386 382 223 835 1487
692 730 223 835 1487
386 383 221 836 1488
10071 1490 219 836 1488
10149 1480 208 837 1489
734 711 223 837 1489
399 35 221 837 1489
10071 1491 227 837 1489
10149 1481 221 838 1490
734 712 235 838 1490
10064 1489 208 838 1490
10071 1492 226 838 1490
10149 1482 219 839 1491
734 713 239 839 1491
386 386 222 839 1491
10071 1493 214 839 1491
10149 1483 213 840 1492
386 387 222 840 1492
10071 1494 221 840 1492
10149 1484 212 841 1493
10071 1495 221 841 1493
10149 1485 219 842 1494
10071 1496 220 842 1494
10149 1486 220 843 1495
10071 1497 225 843 1495
10149 1487 209 844 1496
10064 1495 210 844 1496
390 798 222 844 1496
10071 1498 212 844 1496
423 794 221 845 1497
10149 1488 217 845 1497
10027 1496 207 845 1497
10069 1495 210 845 1497
10071 1499 211 845 1497
10064 1497 211 846 1498
10064 1498 209 847 1499
390 801 224 847 1499
10064 1499 229 848 1500
10071 1502 224 848 1500
10149 1492 218 849 1501
386 396 221 849 1501
614 800 223 849 1501
10071 1503 226 849 1501
10149 1493 210 850 1502
10071 1504 214 850 1502
10149 1494 210 851 1503
558 793 223 851 1503
614 802 221 851 1503
10071 1505 211 851 1503
10149 1495 213 852 1504
10071 1506 221 852 1504
10149 1496 220 853 1505
558 795 221 853 1505
10071 1507 211 853 1505
10149 1497 225 854 1506
10064 1505 207 854 1506
10071 1508 222 854 1506
10149 1498 224 855 1507
10064 1506 209 855 1507
10071 1509 219 855 1507
10149 1499 225 856 1508
558 798 221 856 1508
10149 1500 221 857 1509
390 811 221 857 1509
10071 1511 228 857 1509
224 719 224 857 1509
10149 1501 207 858 1510
10071 1512 209 858 1510
10149 1502 213 859 1511
10071 1513 222 859 1511
10149 1503 217 860 1512
10071 1514 219 860 1512
10149 1504 212 861 1513
558 803 224 861 1513
10149 1505 211 862 1514
224 724 223 862 1514
10149 1506 215 863 1515
10071 1517 219 863 1515
10149 1507 217 864 1516
10071 1518 214 864 1516
10149 1508 216 865 1517
10071 1519 215 865 1517
10149 1509 223 866 1518
558 808 225 866 1518
10071 1520 218 866 1518
10149 1510 222 867 1519
558 809 223 867 1519
10071 1521 226 867 1519
10149 1511 217 868 1520
10071 1522 213 868 1520
10149 1512 225 869 1521
558 811 227 869 1521
10071 1523 217 869 1521
10149 1513 220 870 1522
10071 1524 212 870 1522
10071 1525 225 871 1523
10149 1515 220 872 1524
10071 1526 211 872 1524
10149 1516 221 873 1525
10071 1527 215 873 1525
676 833 221 873 1525
10149 1517 227 874 1526
694 481 223 874 1526
97 646 221 874 1526
558 816 221 874 1526
10071 1528 221 874 1526
10149 1518 223 875 1527
10071 1529 218 875 1527
10149 1519 226 876 1528
694 483 221 876 1528
10071 1530 220 876 1528
10149 1520 228 877 1529
694 484 221 877 1529
558 819 222 877 1529
10071 1531 223 877 1529
10149 1521 221 878 1530
694 485 226 878 1530
10071 1532 219 878 1530
10149 1522 223 879 1531
694 486 226 879 1531
10071 1533 217 879 1531
10149 1523 222 880 1532
82 770 221 880 1532
10064 1531 213 880 1532
10071 1534 223 880 1532
10149 1524 219 881 1533
10071 1535 213 881 1533
10149 1525 217 882 1534
10064 1533 207 882 1534
386 429 223 882 1534
10071 1536 221 882 1534
10149 1526 225 883 1535
10071 1537 225 883 1535
58 508 226 883 1535
10080 1539 224 884 1536
10083 1536 209 884 1536
10046 1535 215 884 1536
10080 1540 214 885 1537
10086 1537 209 885 1537
10100 1528 218 885 1537
10083 1537 233 885 1537
10046 1536 228 885 1537
10080 1541 210 886 1538
10100 1529 229 886 1538
10083 1538 237 886 1538
10046 1537 239 886 1538
10100 1530 223 887 1539
10083 1539 208 887 1539
10046 1538 214 887 1539
10100 1531 208 888 1540
10083 1540 227 888 1540
10046 1539 219 888 1540
10100 1532 216 889 1541
10083 1541 233 889 1541
10046 1540 221 889 1541
10100 1533 216 890 1542
10083 1542 231 890 1542
10046 1541 227 890 1542
10100 1534 217 891 1543
10083 1543 227 891 1543
10046 1542 223 891 1543
10083 1544 226 892 1544
10046 1543 222 892 1544
10100 1536 210 893 1545
10083 1545 237 893 1545
10046 1544 221 893 1545
10100 1537 216 894 1546
10083 1546 231 894 1546
10046 1545 222 894 1546
10100 1538 215 895 1547
10083 1547 227 895 1547
10046 1546 221 895 1547
10100 1539 214 896 1548
10083 1548 230 896 1548
10046 1547 221 896 1548
10100 1540 216 897 1549
10083 1549 229 897 1549
10046 1548 221 897 1549
10100 1541 218 898 1550
10083 1550 231 898 1550
10046 1549 220 898 1550
10100 1542 217 899 1551
10083 1551 225 899 1551
10046 1550 220 899 1551
10086 1552 207 900 1552
10083 1552 237 900 1552
10046 1551 220 900 1552
10083 1553 237 901 1553
10046 1552 220 901 1553
10086 1554 206 902 1554
10083 1554 236 902 1554
10046 1553 220 902 1554
10083 1555 237 903 1555
10046 1554 213 903 1555
10086 1556 208 904 1556
10083 1556 239 904 1556
10046 1555 213 904 1556
10086 1557 208 905 1557
10083 1557 237 905 1557
10046 1556 213 905 1557
10086 1558 209 906 1558
10083 1558 238 906 1558
10046 1557 212 906 1558
10086 1559 209 907 1559
10100 1550 217 907 1559
10083 1559 239 907 1559
10046 1558 219 907 1559
10080 1563 207 908 1560
10100 1551 223 908 1560
10083 1560 227 908 1560
10046 1559 217 908 1560
10100 1552 209 909 1561
10083 1561 218 909 1561
10046 1560 223 909 1561
10100 1553 223 910 1562
10083 1562 216 910 1562
10046 1561 213 910 1562
10100 1554 225 911 1563
10083 1563 229 911 1563
10046 1562 217 911 1563
10100 1555 211 912 1564
10083 1564 231 912 1564
10046 1563 217 912 1564
10100 1556 213 913 1565
10083 1565 229 913 1565
10046 1564 217 913 1565
10100 1557 214 914 1566
10083 1566 227 914 1566
10046 1565 215 914 1566
10100 1558 215 915 1567
10083 1567 229 915 1567
10046 1566 213 915 1567
10100 1559 215 916 1568
10083 1568 228 916 1568
10046 1567 212 916 1568
10100 1560 215 917 1569
10083 1569 228 917 1569
10046 1568 212 917 1569
10100 1561 214 918 1570
10083 1570 227 918 1570
10046 1569 212 918 1570
10100 1562 216 919 1571
10083 1571 220 919 1571
10046 1570 221 919 1571
10100 1563 208 920 1572
10083 1572 217 920 1572
10046 1571 222 920 1572
10080 1576 207 921 1573
10083 1573 216 921 1573
10046 1572 222 921 1573
10100 1565 215 922 1574
10083 1574 225 922 1574
10046 1573 213 922 1574
10086 1575 207 923 1575
10100 1566 218 923 1575
10083 1575 227 923 1575
10046 1574 211 923 1575
10086 1576 208 924 1576
10100 1567 218 924 1576
10083 1576 228 924 1576
10046 1575 207 924 1576
10086 1577 207 925 1577
10100 1568 219 925 1577
10083 1577 230 925 1577
10086 1578 207 926 1578
10100 1569 219 926 1578
10083 1578 230 926 1578
10100 1570 217 927 1579
10083 1579 220 927 1579
10046 1578 213 927 1579
10100 1571 222 928 1580
10083 1580 227 928 1580
10046 1579 215 928 1580
10100 1572 223 929 1581
10083 1581 221 929 1581
10100 1573 219 930 1582
10083 1582 227 930 1582
10046 1581 218 931 1583
10100 1574 212 931 1583
10083 1583 227 931 1583
10100 1575 213 932 1584
10083 1584 229 932 1584
10046 1583 211 933 1585
10100 1576 213 933 1585
10083 1585 225 933 1585
10046 1584 208 934 1586
10100 1577 212 934 1586
10083 1586 218 934 1586
10046 1585 210 935 1587
10083 1587 231 935 1587
10100 1579 209 936 1588
10083 1588 235 936 1588
10046 1587 218 937 1589
10100 1580 211 937 1589
10083 1589 228 937 1589
10046 1588 211 938 1590
10083 1590 230 938 1590
10083 1591 231 939 1591
10083 1592 233 940 1592
10083 1593 221 941 1593
10100 1585 211 942 1594
10083 1594 232 942 1594
10046 1593 221 943 1595
10100 1586 210 943 1595
10083 1595 220 943 1595
10046 1594 214 944 1596
10083 1596 224 944 1596
10046 1595 210 945 1597
10080 1600 212 945 1597
10086 1597 208 945 1597
10100 1588 209 945 1597
10083 1597 231 945 1597
10046 1596 212 946 1598
10080 1601 212 946 1598
10083 1598 227 946 1598
10046 1597 217 947 1599
10080 1602 211 947 1599
10083 1599 227 947 1599
10046 1598 218 948 1600
10080 1603 211 948 1600
10086 1600 208 948 1600
10100 1591 212 948 1600
10083 1600 224 948 1600
10046 1599 208 949 1601
10080 1604 207 949 1601
10086 1601 207 949 1601
10100 1592 210 949 1601
10083 1601 237 949 1601
10046 1600 219 950 1602
10080 1605 207 950 1602
10100 1593 209 950 1602
10083 1602 235 950 1602
10046 1601 219 951 1603
10080 1606 208 951 1603
10100 1594 208 951 1603
10083 1603 235 951 1603
10046 1602 217 952 1604
10080 1607 208 952 1604
10100 1595 209 952 1604
10083 1604 237 952 1604
10046 1603 217 953 1605
10080 1608 207 953 1605
10100 1596 209 953 1605
10083 1605 237 953 1605
10046 1604 215 954 1606
10080 1609 207 954 1606
10100 1597 209 954 1606
10083 1606 234 954 1606
10100 1598 207 955 1607
10083 1607 226 955 1607
10046 1606 217 956 1608
10080 1611 210 956 1608
10100 1599 210 956 1608
10083 1608 237 956 1608
10046 1607 220 957 1609
10080 1612 210 957 1609
10083 1609 239 957 1609
10046 1608 221 958 1610
10080 1613 207 958 1610
10100 1601 209 958 1610
10083 1610 237 958 1610
10046 1609 217 959 1611
10080 1614 207 959 1611
10100 1602 209 959 1611
491 774 226 959 1611
10083 1611 237 959 1611
10046 1610 217 960 1612
10100 1603 210 960 1612
10083 1612 237 960 1612
10046 1611 217 961 1613
10100 1604 209 961 1613
10083 1613 236 961 1613
10046 1612 217 962 1614
10086 1614 207 962 1614
10100 1605 209 962 1614
10083 1614 236 962 1614
10046 1613 219 963 1615
10100 1606 208 963 1615
10083 1615 237 963 1615
10046 1614 219 964 1616
10100 1607 209 964 1616
10083 1616 239 964 1616
10046 1615 219 965 1617
10100 1608 209 965 1617
10083 1617 237 965 1617
10046 1616 214 966 1618
10100 1609 210 966 1618
10083 1618 237 966 1618
10046 1617 213 967 1619
10086 1619 207 967 1619
10100 1610 209 967 1619
10083 1619 237 967 1619
10046 1618 216 968 1620
10086 1620 207 968 1620
10083 1620 236 968 1620
10046 1619 217 969 1621
10100 1612 207 969 1621
10083 1621 228 969 1621
10083 1622 223 970 1622
10046 1621 212 971 1623
10083 1623 224 971 1623
10046 1622 212 972 1624
10083 1624 229 972 1624
10046 1623 210 973 1625
10100 1616 207 973 1625
10046 1624 209 974 1626
10083 1626 218 974 1626
10100 1618 211 975 1627
10083 1627 226 975 1627
606 10 221 976 1628
10083 1628 221 976 1628
10046 1627 214 977 1629
10100 1620 207 977 1629
10083 1629 222 977 1629
10046 1628 217 978 1630
10100 1621 221 978 1630
10083 1630 223 978 1630
10046 1629 213 979 1631
606 13 223 979 1631
10100 1622 217 979 1631
10083 1631 227 979 1631
10046 1630 210 980 1632
606 14 223 980 1632
10100 1623 210 980 1632
10083 1632 231 980 1632
10046 1631 215 981 1633
10100 1624 208 981 1633
10083 1633 227 981 1633
10046 1632 213 982 1634
10100 1625 210 982 1634
10083 1634 218 982 1634
10046 1633 212 983 1635
10100 1626 209 983 1635
10083 1635 223 983 1635
10046 1634 212 984 1636
10083 1636 222 984 1636
10046 1635 214 985 1637
10100 1628 208 985 1637
10083 1637 219 985 1637
10046 1636 217 986 1638
10083 1638 225 986 1638
10046 1637 216 987 1639
10100 1630 210 987 1639
10083 1639 218 987 1639
10046 1638 216 988 1640
10100 1631 211 988 1640
10083 1640 227 988 1640
10046 1639 222 989 1641
10080 1644 208 989 1641
10100 1632 213 989 1641
10083 1641 227 989 1641
10046 1640 223 990 1642
10080 1645 208 990 1642
10100 1633 213 990 1642
10083 1642 227 990 1642
10046 1641 221 991 1643
10080 1646 208 991 1643
10100 1634 212 991 1643
10083 1643 229 991 1643
10046 1642 221 992 1644
10080 1647 208 992 1644
10100 1635 218 992 1644
10083 1644 225 992 1644
10046 1643 225 993 1645
10080 1648 210 993 1645
10086 1645 207 993 1645
10100 1636 213 993 1645
10083 1645 236 993 1645
10046 1644 223 994 1646
10080 1649 210 994 1646
10100 1637 215 994 1646
10083 1646 235 995 1647
10046 1645 223 995 1647
10080 1650 211 995 1647
10086 1647 207 995 1647
10100 1638 216 995 1647
10083 1647 235 996 1648
10046 1646 223 996 1648
10080 1651 210 996 1648
10086 1648 209 996 1648
10100 1639 215 996 1648
10083 1648 235 997 1649
10046 1647 223 997 1649
10080 1652 210 997 1649
10100 1640 214 997 1649
10083 1649 234 998 1650
10046 1648 223 998 1650
10080 1653 210 998 1650
10086 1650 207 998 1650
10100 1641 216 998 1650
10083 1650 233 999 1651
10046 1649 222 999 1651
10086 1651 208 999 1651
10100 1642 216 999 1651
10083 1651 233 1000 1652
10046 1650 220 1000 1652
10100 1643 221 1000 1652
10083 1652 237 1001 1653
10046 1651 223 1001 1653
10100 1644 219 1001 1653
10083 1653 237 1002 1654
10046 1652 224 1002 1654
10100 1645 216 1002 1654
10083 1654 234 1003 1655
10046 1653 215 1003 1655
10086 1655 209 1003 1655
10100 1646 217 1003 1655
10083 1655 235 1003 1655
10046 1654 215 1004 1656
10080 1659 208 1004 1656
10100 1647 220 1004 1656
10083 1656 235 1005 1657
10046 1655 212 1005 1657
10080 1660 207 1005 1657
10100 1648 221 1005 1657
10083 1657 234 1005 1657
10046 1656 217 1006 1658
10080 1661 207 1006 1658
10100 1649 217 1006 1658
10083 1658 237 1007 1659
10046 1657 225 1007 1659
10100 1650 213 1007 1659
10083 1659 238 1007 1659
10046 1658 225 1008 1660
10100 1651 212 1008 1660
10083 1660 237 1008 1660
10046 1659 225 1009 1661
10100 1652 215 1009 1661
10083 1661 237 1010 1662
10046 1660 220 1010 1662
10083 1662 233 1011 1663
10046 1661 223 1011 1663
10080 1666 209 1011 1663
10100 1654 208 1011 1663
10083 1663 238 1012 1664
10046 1662 225 1012 1664
10080 1667 207 1012 1664
6 169 222 1012 1664
10100 1655 208 1012 1664
10083 1664 237 1012 1664
10046 1663 225 1013 1665
10080 1668 212 1013 1665
10086 1665 210 1013 1665
10100 1656 214 1013 1665
10083 1665 235 1013 1665
10046 1664 223 1014 1666
10080 1669 212 1014 1666
10086 1666 210 1014 1666
10100 1657 217 1014 1666
10083 1666 233 1015 1667
10046 1665 222 1015 1667
10080 1670 211 1015 1667
10086 1667 211 1015 1667
10100 1658 214 1015 1667
10083 1667 233 1015 1667
10046 1666 223 1016 1668
10080 1671 211 1016 1668
10086 1668 210 1016 1668
10083 1668 225 1016 1668
10046 1667 221 1017 1669
10083 1669 225 1017 1669
10046 1668 223 1018 1670
10083 1670 223 1018 1670
10046 1669 222 1019 1671
10083 1671 225 1019 1671
10046 1670 223 1020 1672
10083 1672 225 1020 1672
10083 1673 217 1021 1673
10083 1674 235 1022 1674
10046 1673 211 1023 1675
10083 1675 228 1023 1675
10046 1674 217 1024 1676
10100 1667 208 1024 1676
10046 1675 213 1025 1677
10100 1668 209 1025 1677
10083 1677 217 1025 1677
10046 1676 214 1026 1678
10100 1669 206 1026 1678
10083 1678 219 1026 1678
10046 1677 213 1027 1679
10100 1670 210 1027 1679
10083 1679 221 1027 1679
10046 1678 212 1028 1680
10100 1671 213 1028 1680
10083 1680 227 1028 1680
10046 1679 217 1029 1681
10100 1672 213 1029 1681
10083 1681 231 1029 1681
10046 1680 216 1030 1682
10100 1673 211 1030 1682
10083 1682 230 1030 1682
10046 1681 211 1031 1683
10100 1674 210 1031 1683
10083 1683 231 1031 1683
10046 1682 210 1032 1684
10100 1675 210 1032 1684
10083 1684 231 1032 1684
10046 1683 212 1033 1685
10100 1676 217 1033 1685
10083 1685 231 1033 1685
10046 1684 210 1034 1686
10100 1677 217 1034 1686
10083 1686 228 1034 1686
10046 1685 211 1035 1687
10100 1678 218 1035 1687
10083 1687 231 1035 1687
10100 1679 218 1036 1688
10083 1688 230 1036 1688
10100 1680 219 1037 1689
10083 1689 232 1037 1689
10046 1688 209 1038 1690
10100 1681 217 1038 1690
10083 1690 233 1038 1690
10046 1689 207 1038 1690
10100 1682 218 1039 1691
10083 1691 233 1039 1691
10046 1690 207 1040 1692
10100 1683 217 1040 1692
10083 1692 231 1040 1692
10100 1684 214 1041 1693
10083 1693 232 1041 1693
10046 1692 211 1042 1694
10100 1685 212 1042 1694
10083 1694 231 1042 1694
10046 1693 208 1043 1695
10100 1686 210 1043 1695
10083 1695 230 1043 1695
10100 1687 211 1044 1696
10083 1696 231 1044 1696
10083 1697 225 1045 1697
10046 1696 213 1046 1698
10083 1698 225 1046 1698
10046 1697 211 1047 1699
10083 1699 224 1047 1699
10046 1698 212 1048 1700
10083 1700 223 1048 1700
10046 1699 211 1049 1701
10083 1701 224 1049 1701
10046 1700 211 1050 1702
10100 1693 211 1050 1702
10083 1702 231 1050 1702
10100 1694 212 1051 1703
10083 1703 227 1051 1703
10100 1695 211 1052 1704
10083 1704 217 1052 1704
10100 1696 211 1053 1705
10083 1705 224 1053 1705
10046 1704 210 1054 1706
10100 1697 212 1054 1706
10083 1706 229 1054 1706
10046 1705 210 1055 1707
10100 1698 207 1055 1707
10083 1707 228 1055 1707
10046 1706 212 1056 1708
10083 1708 231 1056 1708
10046 1707 213 1057 1709
10083 1709 233 1057 1709
10046 1708 214 1058 1710
10100 1701 213 1058 1710
10083 1710 225 1058 1710
10046 1709 211 1059 1711
10083 1711 223 1059 1711
10046 1710 212 1060 1712
10100 1703 209 1060 1712
10083 1712 231 1060 1712
10100 1704 209 1061 1713
10083 1713 225 1061 1713
10083 1714 213 1062 1714
10100 1706 210 1063 1715
10083 1715 209 1063 1715
10100 1707 209 1064 1716
10083 1716 219 1064 1716
10046 1715 209 1065 1717
10100 1708 209 1065 1717
10083 1717 219 1065 1717
10100 1709 211 1066 1718
10083 1718 225 1066 1718
10046 1717 213 1067 1719
10100 1710 211 1067 1719
10083 1719 223 1067 1719
10046 1718 212 1068 1720
10100 1711 214 1068 1720
10083 1720 223 1068 1720
10046 1719 208 1069 1721
10100 1712 214 1069 1721
10083 1721 220 1069 1721
10046 1720 213 1070 1722
10100 1713 217 1070 1722
10083 1722 225 1070 1722
10046 1721 217 1071 1723
10100 1714 213 1071 1723
10083 1723 223 1071 1723
10046 1722 212 1072 1724
10083 1724 227 1072 1724
10083 1725 225 1073 1725
10100 1717 211 1074 1726
10083 1726 213 1074 1726
10046 1725 214 1075 1727
10100 1718 211 1075 1727
10083 1727 230 1075 1727
10046 1726 213 1076 1728
10080 1731 207 1076 1728
10100 1719 211 1076 1728
10083 1728 240 1076 1728
10046 1727 217 1077 1729
10100 1720 212 1077 1729
10083 1729 217 1077 1729
10100 1721 207 1078 1730
10083 1730 223 1078 1730
10100 1722 213 1079 1731
10083 1731 216 1079 1731
10100 1723 219 1080 1732
10083 1732 211 1080 1732
10046 1731 214 1081 1733
10100 1724 218 1081 1733
10083 1733 215 1081 1733
10046 1732 213 1082 1734
10100 1725 219 1082 1734
10083 1734 225 1082 1734
10046 1733 211 1083 1735
10083 1735 214 1083 1735
10046 1734 208 1084 1736
10083 1736 217 1084 1736
10046 1735 207 1085 1737
10100 1728 213 1085 1737
10083 1737 224 1085 1737
10100 1729 216 1086 1738
10083 1738 208 1086 1738
10100 1730 219 1087 1739
10083 1739 223 1087 1739
10100 1731 208 1088 1740
10083 1740 221 1088 1740
10046 1739 209 1089 1741
10100 1732 211 1089 1741
10083 1741 223 1089 1741
10046 1740 216 1090 1742
10100 1733 211 1090 1742
10083 1742 212 1090 1742
10046 1741 220 1091 1743
10100 1734 209 1091 1743
10083 1743 224 1091 1743
10046 1742 217 1092 1744
10100 1735 210 1092 1744
10083 1744 226 1092 1744
10046 1743 212 1093 1745
10100 1736 214 1093 1745
10083 1745 219 1093 1745
10046 1744 214 1094 1746
10100 1737 208 1094 1746
10083 1746 226 1094 1746
10046 1745 219 1095 1747
10100 1738 214 1095 1747
10083 1747 231 1095 1747
10046 1746 224 1096 1748
10100 1739 214 1096 1748
10083 1748 231 1096 1748
10046 1747 222 1097 1749
10100 1740 220 1097 1749
10083 1749 227 1097 1749
10046 1748 210 1098 1750
10100 1741 220 1098 1750
10083 1750 225 1098 1750
10046 1749 213 1099 1751
10100 1742 220 1099 1751
10083 1751 220 1099 1751
10046 1750 214 1099 1751
10100 1743 221 1100 1752
10083 1752 219 1100 1752
10046 1751 217 1101 1753
10080 1756 210 1101 1753
10086 1753 208 1101 1753
10100 1744 207 1101 1753
10083 1753 217 1101 1753
10046 1752 210 1101 1753
10083 1754 223 1102 1754
10046 1753 209 1102 1754
10086 1755 211 1103 1755
10083 1755 222 1103 1755
10046 1754 221 1103 1755
10086 1756 207 1104 1756
10100 1747 211 1104 1756
10083 1756 218 1104 1756
10046 1755 216 1104 1756
10100 1748 211 1105 1757
10083 1757 212 1105 1757
10046 1756 207 1105 1757
10083 1758 221 1106 1758
10100 1750 209 1107 1759
10083 1759 226 1107 1759
10046 1758 217 1107 1759
10083 1760 221 1108 1760
10046 1759 213 1108 1760
10083 1761 225 1109 1761
10046 1760 213 1109 1761
10083 1762 225 1110 1762
10046 1761 211 1110 1762
10100 1754 209 1111 1763
10083 1763 227 1111 1763
10046 1762 211 1111 1763
10100 1755 207 1112 1764
10083 1764 227 1112 1764
10046 1763 213 1112 1764
10083 1765 228 1113 1765
10046 1764 212 1113 1765
10100 1757 209 1114 1766
10083 1766 225 1114 1766
10046 1765 213 1114 1766
10083 1767 225 1115 1767
10046 1766 212 1115 1767
10100 1759 211 1116 1768
10083 1768 227 1116 1768
10046 1767 212 1116 1768
10100 1760 209 1117 1769
10083 1769 225 1117 1769
10046 1768 210 1117 1769
10100 1761 210 1118 1770
10083 1770 226 1118 1770
10046 1769 213 1118 1770
10100 1762 210 1119 1771
10083 1771 225 1119 1771
10046 1770 209 1119 1771
10100 1763 209 1120 1772
10083 1772 226 1120 1772
10046 1771 211 1120 1772
10100 1764 210 1121 1773
10083 1773 226 1121 1773
10046 1772 211 1121 1773
10100 1765 211 1122 1774
10083 1774 225 1122 1774
10046 1773 210 1122 1774
10100 1766 210 1123 1775
10083 1775 224 1123 1775
10046 1774 211 1123 1775
10100 1767 210 1124 1776
10083 1776 222 1124 1776
10046 1775 212 1125 1777
10100 1768 211 1125 1777
10083 1777 222 1125 1777
10046 1776 212 1125 1777
10086 1778 212 1126 1778
10100 1769 208 1126 1778
10083 1778 223 1126 1778
10046 1777 207 1126 1778
10100 1770 213 1127 1779
10083 1779 216 1127 1779
10046 1778 211 1127 1779
10100 1771 210 1128 1780
10083 1780 227 1128 1780
10046 1779 211 1128 1780
10100 1772 209 1129 1781
10083 1781 223 1129 1781
10046 1780 208 1129 1781
10100 1773 209 1130 1782
10083 1782 225 1130 1782
10046 1781 207 1130 1782
10100 1774 211 1131 1783
10083 1783 225 1131 1783
10046 1782 211 1131 1783
10100 1775 211 1132 1784
10083 1784 224 1132 1784
10046 1783 212 1132 1784
10100 1776 210 1133 1785
10083 1785 223 1133 1785
10046 1784 208 1133 1785
10100 1777 211 1134 1786
10083 1786 223 1134 1786
10046 1785 210 1134 1786
10100 1778 213 1135 1787
10083 1787 227 1135 1787
10046 1786 221 1135 1787
10086 1788 208 1136 1788
10100 1779 217 1136 1788
10083 1788 235 1136 1788
10100 1780 212 1137 1789
10083 1789 240 1137 1789
10046 1788 222 1137 1789
10086 1790 207 1138 1790
10100 1781 218 1138 1790
10083 1790 234 1138 1790
10046 1789 221 1138 1790
115 3 221 1139 1791
10100 1782 221 1139 1791
10083 1791 229 1139 1791
10046 1790 213 1139 1791
115 4 227 1140 1792
10100 1783 223 1140 1792
10083 1792 231 1140 1792
10046 1791 208 1140 1792
115 5 231 1141 1793
10100 1784 212 1141 1793
10083 1793 229 1141 1793
10046 1792 214 1141 1793
115 6 232 1142 1794
10100 1785 210 1142 1794
10083 1794 232 1142 1794
10046 1793 217 1142 1794
10080 1798 210 1143 1795
10100 1786 216 1143 1795
10083 1795 236 1143 1795
10046 1794 215 1143 1795
10086 1796 207 1144 1796
10100 1787 207 1144 1796
10083 1796 222 1144 1796
10046 1795 222 1144 1796
115 9 227 1145 1797
10100 1788 214 1145 1797
10083 1797 213 1145 1797
10046 1796 223 1145 1797
10086 1798 207 1146 1798
115 10 225 1146 1798
10100 1789 212 1146 1798
10083 1798 233 1146 1798
10046 1797 217 1146 1798
10100 1790 206 1147 1799
10083 1799 231 1147 1799
10046 1798 212 1147 1799
10080 1803 209 1148 1800
10086 1800 209 1148 1800
10100 1791 210 1148 1800
10083 1800 229 1148 1800
10080 1804 207 1149 1801
10100 1792 211 1149 1801
10083 1801 235 1149 1801
10046 1800 214 1149 1801
115 14 222 1150 1802
10100 1793 221 1150 1802
10083 1802 229 1150 1802
10046 1801 220 1150 1802
115 15 224 1151 1803
10100 1794 209 1151 1803
10083 1803 233 1151 1803
10046 1802 214 1151 1803
10100 1795 213 1152 1804
10083 1804 231 1152 1804
10046 1803 214 1152 1804
10100 1796 207 1153 1805
10083 1805 216 1153 1805
10046 1804 217 1153 1805
10086 1806 206 1154 1806
10083 1806 231 1154 1806
10046 1805 220 1154 1806
10083 1807 219 1155 1807
10046 1806 219 1155 1807
115 20 224 1156 1808
10083 1808 219 1156 1808
10046 1807 226 1156 1808
10100 1800 225 1157 1809
10083 1809 225 1157 1809
10046 1808 220 1157 1809
115 22 227 1158 1810
10100 1801 216 1158 1810
10083 1810 227 1158 1810
10046 1809 230 1158 1810
115 23 225 1159 1811
10100 1802 221 1159 1811
10083 1811 225 1159 1811
10046 1810 225 1159 1811
115 24 227 1160 1812
10100 1803 212 1160 1812
10083 1812 216 1160 1812
10046 1811 209 1160 1812
115 25 222 1161 1813
10100 1804 209 1161 1813
10083 1813 223 1161 1813
10046 1812 211 1161 1813
115 26 223 1162 1814
10100 1805 222 1162 1814
10083 1814 225 1162 1814
10046 1813 216 1162 1814
10080 1818 207 1163 1815
115 27 224 1163 1815
10100 1806 221 1163 1815
10083 1815 235 1163 1815
10046 1814 217 1163 1815
10080 1819 208 1164 1816
10100 1807 223 1164 1816
10083 1816 219 1164 1816
10046 1815 211 1164 1816
10086 1817 210 1165 1817
115 29 221 1165 1817
10100 1808 215 1165 1817
10083 1817 228 1165 1817
10046 1816 219 1165 1817
10083 1818 217 1166 1818
10046 1817 208 1166 1818
10080 1822 208 1167 1819
115 31 225 1167 1819
10100 1810 215 1167 1819
10083 1819 232 1167 1819
10046 1818 214 1167 1819
10033 1818 208 1168 1820
10100 1811 210 1168 1820
10046 1819 213 1168 1820
10080 1824 227 1169 1821
10086 1821 209 1169 1821
10080 1825 233 1170 1822
10080 1826 239 1171 1823
10080 1827 236 1172 1824
10046 1823 212 1172 1824
10064 1824 221 1173 1825
10071 1827 230 1173 1825
10149 1817 220 1174 1826
10064 1825 207 1174 1826
547 1135 226 1174 1826
180 136 246 1174 1826
10071 1828 219 1174 1826
10149 1818 210 1175 1827
10064 1826 212 1175 1827
180 137 241 1175 1827
10071 1829 227 1175 1827
10149 1819 207 1176 1828
180 138 221 1176 1828
10071 1830 222 1176 1828
10149 1820 224 1177 1829
10071 1831 207 1177 1829
180 140 231 1178 1830
10071 1832 219 1178 1830
10149 1822 209 1179 1831
10064 1830 208 1179 1831
10071 1833 213 1179 1831
180 142 246 1180 1832
10071 1834 221 1180 1832
10080 1836 223 1181 1833
10083 1833 223 1181 1833
10046 1832 225 1181 1833
10080 1837 207 1182 1834
10086 1834 208 1182 1834
115 46 228 1182 1834
10100 1825 215 1182 1834
10083 1834 227 1182 1834
10046 1833 218 1182 1834
115 47 223 1183 1835
10100 1826 213 1183 1835
10083 1835 233 1183 1835
10046 1834 212 1183 1835
10100 1827 217 1184 1836
10083 1836 224 1184 1836
10046 1835 223 1184 1836
10100 1828 216 1185 1837
10083 1837 221 1185 1837
10046 1836 220 1185 1837
10080 1841 206 1186 1838
771 96 222 1186 1838
10100 1829 221 1186 1838
10083 1838 235 1186 1838
10046 1837 217 1186 1838
10086 1839 210 1187 1839
10100 1830 217 1187 1839
10083 1839 235 1187 1839
10046 1838 225 1187 1839
10100 1831 219 1188 1840
10083 1840 226 1188 1840
10046 1839 212 1188 1840
10100 1832 215 1189 1841
10083 1841 225 1189 1841
10046 1840 212 1189 1841
10100 1833 217 1190 1842
10083 1842 227 1190 1842
10046 1841 219 1190 1842
10100 1834 213 1191 1843
10083 1843 217 1191 1843
10046 1842 209 1191 1843
10100 1835 217 1192 1844
10083 1844 221 1192 1844
10046 1843 208 1192 1844
10100 1836 219 1193 1845
10083 1845 228 1193 1845
10046 1844 207 1193 1845
10100 1837 217 1194 1846
10083 1846 226 1194 1846
10046 1845 210 1194 1846
10100 1838 218 1195 1847
10083 1847 227 1195 1847
10100 1839 212 1196 1848
10083 1848 211 1196 1848
10100 1840 218 1197 1849
10083 1849 229 1197 1849
10100 1841 214 1198 1850
10083 1850 229 1198 1850
10100 1842 216 1199 1851
10083 1851 225 1199 1851
10100 1843 217 1200 1852
10083 1852 227 1200 1852
10100 1844 214 1201 1853
10083 1853 229 1201 1853
10100 1845 216 1202 1854
10083 1854 227 1202 1854
10046 1853 207 1202 1854
10100 1846 216 1203 1855
10083 1855 229 1203 1855
10100 1847 213 1204 1856
10083 1856 231 1204 1856
10046 1855 210 1204 1856
10086 1857 207 1205 1857
10100 1848 210 1205 1857
10083 1857 235 1205 1857
10046 1856 209 1205 1857
10086 1858 208 1206 1858
10100 1849 208 1206 1858
10083 1858 233 1206 1858
10046 1857 212 1206 1858
10100 1850 213 1207 1859
10083 1859 221 1207 1859
10046 1858 208 1207 1859
10100 1851 214 1208 1860
10083 1860 225 1208 1860
10046 1859 214 1208 1860
10100 1852 214 1209 1861
10083 1861 227 1209 1861
10100 1853 210 1210 1862
10083 1862 227 1210 1862
10046 1861 213 1210 1862
10100 1854 208 1211 1863
10083 1863 228 1211 1863
10046 1862 220 1211 1863
10100 1855 216 1212 1864
10083 1864 237 1212 1864
10046 1863 220 1212 1864
10100 1856 209 1213 1865
10083 1865 233 1213 1865
10046 1864 211 1213 1865
10100 1857 219 1214 1866
10083 1866 219 1214 1866
10046 1865 220 1214 1866
10086 1867 208 1215 1867
10100 1858 219 1215 1867
10083 1867 210 1215 1867
10046 1866 221 1215 1867
491 1031 221 1216 1868
10100 1859 221 1216 1868
10083 1868 223 1216 1868
10046 1867 221 1216 1868
10100 1860 219 1217 1869
10083 1869 223 1217 1869
10046 1868 220 1217 1869
10100 1861 216 1218 1870
10083 1870 224 1218 1870
10046 1869 221 1218 1870
10100 1862 209 1219 1871
10083 1871 232 1219 1871
10046 1870 220 1219 1871
10100 1863 216 1220 1872
10083 1872 225 1220 1872
10046 1871 221 1220 1872
10100 1864 217 1221 1873
10083 1873 227 1221 1873
10046 1872 218 1221 1873
10100 1865 225 1222 1874
10083 1874 225 1222 1874
10046 1873 218 1222 1874
10100 1866 225 1223 1875
10083 1875 227 1223 1875
10046 1874 218 1223 1875
10100 1867 225 1224 1876
10083 1876 227 1224 1876
10046 1875 219 1224 1876
10100 1868 221 1225 1877
10083 1877 222 1225 1877
10046 1876 215 1225 1877
10100 1869 222 1226 1878
10083 1878 225 1226 1878
10046 1877 210 1226 1878
10100 1870 222 1227 1879
10083 1879 223 1227 1879
10046 1878 213 1227 1879
10100 1871 224 1228 1880
10083 1880 227 1228 1880
10046 1879 220 1228 1880
10100 1872 223 1229 1881
10083 1881 227 1229 1881
10046 1880 217 1229 1881
10100 1873 225 1230 1882
10083 1882 225 1230 1882
10046 1881 219 1230 1882
10100 1874 225 1231 1883
10083 1883 226 1231 1883
10046 1882 219 1231 1883
10100 1875 225 1232 1884
10083 1884 224 1232 1884
10046 1883 219 1232 1884
10100 1876 225 1233 1885
10083 1885 226 1233 1885
10046 1884 222 1233 1885
10100 1877 225 1234 1886
10083 1886 225 1234 1886
10046 1885 221 1234 1886
10100 1878 213 1235 1887
10083 1887 225 1235 1887
10046 1886 212 1235 1887
10100 1879 212 1236 1888
10083 1888 225 1236 1888
10046 1887 211 1236 1888
10080 1892 208 1237 1889
10086 1889 208 1237 1889
10100 1880 207 1237 1889
10083 1889 227 1237 1889
10046 1888 216 1237 1889
10100 1881 209 1238 1890
10083 1890 227 1238 1890
10046 1889 210 1238 1890
10100 1882 223 1239 1891
10083 1891 227 1239 1891
10046 1890 212 1239 1891
10100 1883 223 1240 1892
10083 1892 227 1240 1892
10046 1891 213 1240 1892
10100 1884 213 1241 1893
10083 1893 227 1241 1893
10100 1885 210 1242 1894
10083 1894 235 1242 1894
10046 1893 212 1242 1894
10100 1886 213 1243 1895
10083 1895 231 1243 1895
10046 1894 221 1243 1895
10100 1887 221 1244 1896
10083 1896 229 1244 1896
10046 1895 216 1244 1896
10100 1888 213 1245 1897
10083 1897 223 1245 1897
10046 1896 219 1245 1897
10100 1889 223 1246 1898
10083 1898 225 1246 1898
10100 1890 220 1247 1899
10083 1899 233 1247 1899
10046 1898 209 1247 1899
10100 1891 217 1248 1900
10083 1900 239 1248 1900
10046 1899 212 1248 1900
10100 1892 221 1249 1901
10083 1901 231 1249 1901
10046 1900 214 1249 1901
10100 1893 226 1250 1902
10083 1902 211 1250 1902
10046 1901 216 1250 1902
10100 1894 226 1251 1903
10083 1903 216 1251 1903
10046 1902 214 1251 1903
491 1067 222 1252 1904
10100 1895 227 1252 1904
10083 1904 223 1252 1904
10046 1903 213 1252 1904
10100 1896 225 1253 1905
10083 1905 223 1253 1905
10046 1904 212 1253 1905
10100 1897 225 1254 1906
10083 1906 227 1254 1906
10046 1905 211 1254 1906
10100 1898 225 1255 1907
10083 1907 225 1255 1907
10046 1906 217 1255 1907
10100 1899 225 1256 1908
10083 1908 221 1256 1908
10046 1907 218 1256 1908
10100 1900 223 1257 1909
10083 1909 219 1257 1909
10046 1908 215 1257 1909
10100 1901 225 1258 1910
10083 1910 231 1258 1910
10046 1909 212 1258 1910
10100 1902 210 1259 1911
10083 1911 223 1259 1911
10046 1910 217 1259 1911
10100 1903 217 1260 1912
10083 1912 225 1260 1912
10046 1911 217 1260 1912
10100 1904 219 1261 1913
10083 1913 225 1261 1913
10046 1912 218 1261 1913
10100 1905 217 1262 1914
10083 1914 225 1262 1914
10046 1913 219 1262 1914
10100 1906 225 1263 1915
10083 1915 228 1263 1915
10046 1914 216 1263 1915
10100 1907 217 1264 1916
10083 1916 227 1264 1916
32 1200 221 1264 1916
10046 1915 217 1264 1916
10100 1908 221 1265 1917
10083 1917 227 1265 1917
10046 1916 217 1265 1917
10100 1909 217 1266 1918
10083 1918 224 1266 1918
10100 1910 217 1267 1919
10083 1919 217 1267 1919
10046 1918 216 1267 1919
10100 1911 219 1268 1920
10083 1920 218 1268 1920
32 1204 221 1268 1920
10046 1919 221 1268 1920
10086 1921 208 1269 1921
10100 1912 210 1269 1921
10083 1921 213 1269 1921
10046 1920 212 1269 1921
10086 1922 207 1270 1922
10100 1913 207 1270 1922
10083 1922 207 1270 1922
10046 1921 217 1270 1922
10100 1914 212 1271 1923
10083 1923 232 1271 1923
10046 1922 215 1271 1923
10100 1915 221 1272 1924
10083 1924 217 1272 1924
10046 1923 219 1272 1924
10100 1916 220 1273 1925
10083 1925 216 1273 1925
10046 1924 220 1273 1925
10100 1917 221 1274 1926
10083 1926 217 1274 1926
10046 1925 221 1274 1926
10100 1918 211 1275 1927
10083 1927 231 1275 1927
10046 1926 219 1275 1927
10100 1919 215 1276 1928
10083 1928 225 1276 1928
10046 1927 211 1276 1928
10100 1920 225 1277 1929
10083 1929 234 1277 1929
10046 1928 213 1277 1929
10100 1921 225 1278 1930
10083 1930 235 1278 1930
10046 1929 212 1278 1930
10100 1922 225 1279 1931
10083 1931 233 1279 1931
10046 1930 213 1279 1931
10100 1923 215 1280 1932
10083 1932 231 1280 1932
10046 1931 210 1280 1932
10100 1924 221 1281 1933
10083 1933 228 1281 1933
10046 1932 211 1281 1933
10100 1925 221 1282 1934
10083 1934 228 1282 1934
10046 1933 213 1282 1934
10100 1926 209 1283 1935
10083 1935 212 1283 1935
10046 1934 209 1283 1935
10100 1927 210 1284 1936
10083 1936 224 1284 1936
115 6 224 1284 1936
10046 1935 227 1284 1936
10086 1937 210 1285 1937
10100 1928 209 1285 1937
10083 1937 232 1285 1937
115 7 224 1285 1937
10100 1929 212 1286 1938
10083 1938 214 1286 1938
115 8 221 1286 1938
10046 1937 220 1286 1938
10083 1939 227 1287 1939
115 9 232 1287 1939
10046 1938 223 1287 1939
10086 1940 211 1288 1940
10083 1940 223 1288 1940
10046 1939 225 1288 1940
10086 1941 206 1289 1941
10100 1932 215 1289 1941
10083 1941 223 1289 1941
115 11 227 1289 1941
10046 1940 227 1289 1941
10100 1933 207 1290 1942
10083 1942 224 1290 1942
10046 1941 218 1290 1942
10086 1943 210 1291 1943
10100 1934 210 1291 1943
10083 1943 226 1291 1943
10046 1942 225 1291 1943
10100 1935 210 1292 1944
10083 1944 227 1292 1944
115 14 222 1292 1944
10046 1943 223 1292 1944
10100 1936 212 1293 1945
10083 1945 225 1293 1945
115 15 231 1293 1945
10046 1944 229 1293 1945
10083 1946 222 1294 1946
115 16 223 1294 1946
10046 1945 223 1294 1946
10083 1947 223 1295 1947
115 17 221 1295 1947
10046 1946 219 1295 1947
10086 1948 208 1296 1948
10100 1939 209 1296 1948
10083 1948 224 1296 1948
115 18 224 1296 1948
10046 1947 225 1296 1948
10086 1949 208 1297 1949
10100 1940 212 1297 1949
10083 1949 228 1297 1949
10046 1948 219 1297 1949
10080 1953 207 1297 1949
10100 1941 211 1298 1950
10083 1950 229 1298 1950
10046 1949 223 1298 1950
10086 1951 208 1298 1950
10100 1942 209 1299 1951
10083 1951 229 1299 1951
10046 1950 224 1299 1951
10080 1955 207 1299 1951
10086 1952 208 1299 1951
10100 1943 209 1300 1952
10083 1952 230 1300 1952
10046 1951 223 1300 1952
10086 1953 208 1300 1952
10100 1944 213 1301 1953
10083 1953 219 1301 1953
115 23 233 1301 1953
10046 1952 221 1301 1953
10086 1954 208 1301 1953
10100 1945 210 1302 1954
10083 1954 221 1302 1954
10046 1953 219 1302 1954
10100 1946 208 1303 1955
10083 1955 226 1303 1955
10046 1954 224 1303 1955
10086 1956 207 1303 1955
10100 1947 208 1304 1956
10083 1956 224 1304 1956
10046 1955 232 1304 1956
10100 1948 218 1305 1957
10083 1957 212 1305 1957
10046 1956 221 1305 1957
10086 1958 209 1305 1957
10100 1949 212 1306 1958
10083 1958 219 1306 1958
10046 1957 225 1306 1958
10100 1950 225 1307 1959
10083 1959 227 1307 1959
10046 1958 223 1307 1959
10083 1960 225 1308 1960
10046 1959 210 1308 1960
10083 1961 222 1309 1961
10046 1960 219 1309 1961
10100 1953 210 1310 1962
10083 1962 219 1310 1962
10046 1961 221 1310 1962
10033 1961 212 1311 1963
10100 1954 207 1311 1963
10083 1963 220 1311 1963
10064 1963 224 1312 1964
10071 1966 217 1312 1964
10149 1956 212 1312 1964
180 275 225 1312 1964
10071 1967 218 1313 1965
10149 1957 211 1313 1965
10027 1965 208 1313 1965
180 276 232 1314 1966
10071 1968 216 1314 1966
10149 1958 210 1314 1966
10064 1966 207 1315 1967
10071 1969 213 1315 1967
10071 1970 217 1316 1968
10071 1971 223 1317 1969
10149 1961 214 1317 1969
180 280 231 1317 1969
10064 1969 209 1318 1970
10071 1972 225 1318 1970
10149 1962 214 1318 1970
180 281 223 1318 1970
10071 1973 228 1319 1971
10149 1963 213 1319 1971
180 282 228 1319 1971
10071 1974 226 1320 1972
10149 1964 220 1320 1972
180 283 237 1320 1972
607 1245 223 1321 1973
10064 1972 207 1321 1973
10071 1975 225 1321 1973
10149 1965 220 1321 1973
180 284 234 1321 1973
10064 1973 207 1322 1974
10071 1976 210 1322 1974
10149 1966 216 1322 1974
10027 1974 208 1322 1974
180 285 229 1322 1974
607 1247 223 1322 1974
8 1227 225 1323 1975
10071 1977 208 1323 1975
10149 1967 219 1323 1975
180 286 227 1323 1975
607 1248 223 1324 1976
10064 1975 209 1324 1976
10071 1978 225 1324 1976
10149 1968 216 1324 1976
10027 1976 208 1324 1976
180 287 240 1324 1976
10071 1979 224 1325 1977
10149 1969 225 1325 1977
180 288 247 1325 1977
10064 1977 211 1326 1978
10071 1980 232 1326 1978
10149 1970 214 1326 1978
180 289 230 1326 1978
10071 1981 227 1327 1979
10149 1971 220 1327 1979
180 290 241 1328 1980
10071 1982 216 1328 1980
607 1253 222 1328 1980
180 291 233 1329 1981
10071 1983 229 1329 1981
10149 1973 223 1329 1981
607 1254 226 1329 1981
180 292 244 1330 1982
10071 1984 231 1330 1982
10149 1974 209 1330 1982
180 293 225 1331 1983
10071 1985 225 1331 1983
180 294 233 1332 1984
10064 1983 212 1332 1984
10071 1986 218 1332 1984
10149 1976 220 1332 1984
607 1257 225 1332 1984
8 1237 234 1333 1985
10071 1987 219 1333 1985
607 1258 235 1333 1985
10071 1988 219 1334 1986
10149 1978 212 1334 1986
334 1224 221 1335 1987
10071 1989 213 1335 1987
283 985 221 1336 1988
10071 1990 212 1336 1988
10149 1980 218 1336 1988
607 1261 230 1336 1988
334 1226 223 1337 1989
83 732 221 1337 1989
10071 1991 218 1337 1989
10149 1981 216 1337 1989
607 1262 223 1337 1989
10071 1992 213 1338 1990
10149 1982 222 1338 1990
607 1263 223 1338 1990
334 1228 223 1339 1991
10071 1993 211 1339 1991
10149 1983 214 1339 1991
334 1229 223 1340 1992
10071 1994 218 1340 1992
10149 1984 214 1340 1992
334 1230 223 1341 1993
10071 1995 222 1341 1993
10149 1985 210 1341 1993
334 1231 225 1342 1994
83 737 221 1342 1994
10071 1996 227 1342 1994
10149 1986 210 1342 1994
607 1267 222 1342 1994
10071 1997 221 1343 1995
607 1268 221 1343 1995
334 1233 221 1344 1996
10071 1998 215 1344 1996
10149 1988 210 1344 1996
607 1269 222 1344 1996
10071 1999 209 1345 1997
10149 1989 212 1345 1997
10071 2000 218 1346 1998
607 1271 224 1346 1998
334 1236 223 1347 1999
83 742 223 1347 1999
10149 1991 218 1347 1999
10064 1999 207 1348 2000
334 1237 223 1348 2000
10071 2002 213 1348 2000
10149 1992 215 1348 2000
607 1273 221 1348 2000
10071 2003 221 1349 2001
334 1239 221 1350 2002
10071 2004 219 1350 2002
10149 1994 224 1350 2002
10071 2005 216 1351 2003
10149 1995 223 1351 2003
607 1276 225 1351 2003
10064 2003 207 1352 2004
10071 2006 210 1352 2004
10149 1996 222 1352 2004
10064 2004 209 1353 2005
10071 2007 225 1353 2005
10149 1997 219 1353 2005
607 1278 225 1354 2006
10064 2005 208 1354 2006
10071 2008 223 1354 2006
10149 1998 217 1354 2006
10071 2009 221 1355 2007
10149 1999 212 1355 2007
607 1280 221 1355 2007
10071 2010 213 1356 2008
10149 2000 210 1356 2008
10071 2011 216 1357 2009
10071 2012 211 1358 2010
10149 2002 216 1358 2010
607 1283 224 1358 2010
10071 2013 217 1359 2011
10149 2003 217 1359 2011
607 1284 225 1359 2011
10071 2014 211 1360 2012
10149 2004 217 1360 2012
334 1250 223 1361 2013
10071 2015 208 1361 2013
10149 2005 220 1361 2013
334 1251 222 1362 2014
10071 2016 211 1362 2014
10149 2006 220 1362 2014
334 1252 223 1363 2015
10071 2017 209 1363 2015
10149 2007 218 1363 2015
10071 2018 220 1364 2016
83 760 236 1365 2017
10071 2019 219 1365 2017
10149 2009 223 1365 2017
607 1290 227 1365 2017
334 1255 225 1366 2018
10071 2020 229 1366 2018
10149 2010 225 1366 2018
292 70 223 1366 2018
334 1256 222 1367 2019
10071 2021 227 1367 2019
10064 2019 213 1368 2020
10071 2022 227 1368 2020
10149 2012 224 1368 2020
10071 2023 227 1369 2021
10149 2013 217 1369 2021
