10090 681 227 0 682
10063 679 206 0 682
10091 680 209 0 682
10070 679 208 1 683
10090 682 225 1 683
10039 679 209 2 684
10090 683 221 2 684
10090 684 209 3 685
10070 682 207 3 685
10039 681 211 4 686
10090 685 235 4 686
72 2 224 4 686
10039 682 210 4 686
10090 686 226 5 687
72 3 236 5 687
17 9 225 5 687
10090 687 213 6 688
229 1 231 6 688
424 2 221 6 688
138 3 233 6 688
728 1 244 6 688
10039 684 212 6 688
10090 688 231 7 689
72 5 222 7 689
728 2 236 7 689
10039 685 212 7 689
216 1 238 8 690
10090 689 236 8 690
138 5 231 8 690
728 3 242 8 690
10039 686 211 8 690
216 2 237 9 691
10090 690 231 9 691
10063 688 207 9 691
424 5 222 9 691
138 6 222 9 691
728 4 237 9 691
216 3 231 10 692
10090 691 237 10 692
728 5 238 10 692
10039 688 208 10 692
216 4 224 11 693
10090 692 238 11 693
17 15 225 11 693
10090 693 227 12 694
424 8 221 12 694
17 16 226 12 694
138 9 226 12 694
728 7 223 12 694
10070 691 206 12 694
10090 694 211 13 695
229 8 222 13 695
72 11 221 13 695
728 8 221 13 695
10039 691 208 13 695
216 7 238 14 696
10090 695 223 14 696
10063 693 210 14 696
10039 692 208 14 696
10090 696 225 15 697
424 11 227 15 697
72 13 236 15 697
10070 694 206 15 697
10039 693 213 15 697
216 9 221 16 698
10090 697 215 16 698
72 14 224 16 698
728 11 235 16 698
10090 698 217 17 699
229 12 221 17 699
10090 699 213 18 700
10090 701 222 20 702
10090 702 222 21 703
72 19 223 21 703
216 15 222 22 704
10090 703 237 22 704
72 20 223 22 704
10070 701 211 22 704
10090 704 216 23 705
424 19 221 23 705
72 21 225 23 705
10090 705 220 24 706
10063 703 208 24 706
10091 704 205 24 706
10090 706 213 25 707
10090 707 215 26 708
10091 706 211 26 708
10090 708 221 27 709
10091 707 209 27 709
10090 709 226 28 710
229 23 221 28 710
10090 710 215 29 711
10039 707 207 29 711
10090 711 213 30 712
10070 709 206 30 712
10039 708 211 30 712
10090 712 219 31 713
167 22 227 31 713
10039 709 223 31 713
10090 713 229 32 714
10063 711 210 32 714
229 27 223 32 714
10090 714 219 33 715
10091 713 208 33 715
10070 712 207 33 715
10039 711 208 33 715
167 24 221 33 715
10090 715 227 34 716
72 32 227 34 716
728 29 227 34 716
167 25 233 34 716
10039 712 210 34 716
216 28 221 35 717
10090 716 233 35 717
10063 714 206 35 717
72 33 227 35 717
10083 717 206 35 717
10070 714 207 35 717
10039 713 206 35 717
10090 717 222 36 718
10063 715 205 36 718
10090 718 213 37 719
10090 719 217 38 720
10090 720 217 39 721
10090 721 221 40 722
10090 722 221 41 723
10090 723 218 42 724
10039 720 208 42 724
10090 724 207 43 725
10090 725 218 44 726
10039 722 206 44 726
10090 726 223 45 727
10063 724 206 45 727
10091 725 205 45 727
10070 724 205 45 727
10039 723 208 45 727
10090 727 207 46 728
10090 728 221 47 729
10039 725 206 47 729
10090 729 217 48 730
10091 728 205 48 730
10090 730 225 49 731
10063 728 205 49 731
10090 731 213 50 732
10090 732 215 51 733
10090 733 213 52 734
10090 734 222 53 735
10090 735 225 54 736
10090 736 225 55 737
10070 734 206 55 737
10039 733 209 55 737
10090 737 214 56 738
10070 735 207 56 738
10039 734 208 56 738
10090 738 223 57 739
10063 736 210 57 739
72 55 223 57 739
10070 736 207 57 739
10039 735 211 57 739
216 51 224 57 739
10090 739 238 58 740
10063 737 206 58 740
229 53 222 58 740
72 56 233 58 740
167 49 229 58 740
216 52 224 58 740
10090 740 231 59 741
424 55 227 59 741
167 50 241 59 741
216 53 225 59 741
10090 741 235 60 742
424 56 225 60 742
138 57 227 60 742
728 55 227 60 742
10039 738 209 60 742
167 51 222 60 742
216 54 223 60 742
10090 742 237 61 743
424 57 223 61 743
72 59 221 61 743
167 52 230 61 743
10039 739 217 61 743
10090 743 231 62 744
72 60 221 62 744
167 53 224 62 744
10070 741 207 62 744
10039 740 211 62 744
10090 744 221 63 745
10063 742 207 63 745
424 59 233 63 745
728 58 231 63 745
10039 741 212 63 745
216 57 222 63 745
10090 745 235 64 746
10063 743 205 64 746
10070 743 208 64 746
216 58 225 64 746
10090 746 225 65 747
10063 744 211 65 747
229 60 235 65 747
424 61 225 65 747
17 69 224 65 747
10039 743 212 65 747
10090 747 224 66 748
10063 745 212 66 748
229 61 225 66 748
424 62 223 66 748
72 64 233 66 748
728 61 233 66 748
10039 744 218 66 748
216 60 225 66 748
10090 748 234 67 749
229 62 232 67 749
424 63 223 67 749
72 65 231 67 749
10070 746 205 67 749
216 61 221 67 749
10090 749 226 68 750
229 63 233 68 750
17 72 223 68 750
10039 746 213 68 750
216 62 223 68 750
10090 750 222 69 751
229 64 221 69 751
72 67 226 69 751
138 66 224 69 751
167 60 224 69 751
10039 747 211 69 751
216 63 223 69 751
10090 751 225 70 752
229 65 227 70 752
17 74 222 70 752
72 68 227 70 752
216 64 223 70 752
10090 752 221 71 753
229 66 228 71 753
72 69 226 71 753
216 65 221 71 753
229 67 228 72 754
10090 753 217 72 754
72 70 227 72 754
216 66 223 72 754
229 68 227 73 755
10090 754 209 73 755
72 71 225 73 755
138 70 221 73 755
10070 752 206 73 755
10039 751 206 73 755
216 67 225 73 755
229 69 224 74 756
10090 755 223 74 756
216 68 224 74 756
229 70 225 75 757
10090 756 221 75 757
72 73 232 75 757
10070 754 204 75 757
216 69 224 75 757
229 71 227 76 758
10090 757 223 76 758
10070 755 207 76 758
10039 754 207 76 758
10090 758 225 77 759
72 75 221 77 759
10070 756 206 77 759
10090 759 225 78 760
10063 757 205 78 760
424 74 222 78 760
72 76 221 78 760
728 73 222 78 760
10090 760 223 79 761
216 1 224 79 761
728 74 223 79 761
10090 761 222 80 762
728 75 223 80 762
10039 758 207 80 762
167 71 222 80 762
10090 762 231 80 762
424 77 229 81 763
216 3 228 81 763
10039 759 207 81 763
10090 763 227 81 763
424 78 221 82 764
10039 760 217 82 764
10090 764 230 82 764
229 78 225 83 765
216 5 223 83 765
10039 761 209 83 765
10090 765 226 84 766
229 79 229 84 766
424 80 233 84 766
216 6 223 84 766
10039 762 209 84 766
10090 766 231 85 767
229 80 230 85 767
216 7 225 85 767
728 80 222 85 767
167 76 221 85 767
10090 767 223 86 768
216 8 222 86 768
10039 764 208 86 768
10090 768 222 87 769
229 82 223 87 769
216 9 223 87 769
10039 765 208 87 769
10090 769 221 87 769
229 83 233 88 770
424 84 221 88 770
72 86 222 88 770
728 83 227 88 770
138 85 224 88 770
10039 766 207 88 770
167 79 223 88 770
10090 770 223 89 771
229 84 225 89 771
72 87 224 89 771
216 11 223 89 771
10039 767 210 89 771
167 80 226 89 771
10090 771 227 90 772
138 87 224 90 772
10039 768 205 90 772
10090 772 229 91 773
10070 770 208 91 773
10039 769 215 91 773
10090 773 238 91 773
216 14 221 92 774
10090 774 221 93 775
10039 771 209 93 775
10090 775 207 94 776
10090 776 216 95 777
10039 773 210 95 777
10090 777 225 96 778
10063 775 207 96 778
10039 774 212 96 778
10090 778 223 97 779
10090 779 227 98 780
10070 777 206 98 780
10039 776 209 98 780
10090 780 222 99 781
10091 779 209 99 781
10039 777 204 99 781
10090 781 235 100 782
10039 778 206 100 782
10090 782 223 101 783
10091 781 221 101 783
10100 774 206 101 783
10080 788 213 103 785
10080 789 217 104 786
10080 790 219 105 787
10080 791 231 106 788
624 110 239 106 788
10080 792 227 107 789
624 111 227 107 789
10080 793 225 108 790
113 27 226 108 790
10071 792 208 108 790
10080 794 209 109 791
10087 791 226 109 791
10087 792 225 110 792
10087 793 229 111 793
10064 792 208 111 793
10087 794 221 112 794
10087 795 225 113 795
10064 794 209 113 795
10087 796 227 114 796
10064 795 209 114 796
10080 800 210 115 797
303 95 229 115 797
10091 796 209 116 798
10100 789 205 116 798
10090 798 216 117 799
10039 795 212 117 799
10090 799 225 118 800
10063 797 208 118 800
10090 800 221 119 801
10091 799 206 119 801
10090 801 209 120 802
10091 800 214 120 802
10070 799 212 120 802
10043 800 210 120 802
10164 597 211 121 803
576 78 231 121 803
10123 798 212 121 803
10138 797 213 122 804
10062 801 221 122 804
10128 798 215 122 804
10068 809 205 122 804
10138 798 208 123 805
416 108 227 123 805
10050 808 209 123 805
10101 798 212 123 805
10141 797 207 123 805
10088 800 209 123 805
416 109 235 124 806
10134 799 209 125 807
10154 800 205 125 807
181 82 221 126 808
10106 805 208 126 808
10154 801 209 126 808
10031 811 210 126 808
10085 809 208 126 808
566 104 227 127 809
10085 810 209 127 809
566 105 226 128 810
10154 803 213 128 810
10097 803 206 128 810
10085 811 209 128 810
566 106 224 129 811
566 107 225 130 812
10085 813 208 130 812
566 108 223 131 813
10154 806 209 131 813
10085 814 205 131 813
566 109 227 132 814
10031 817 207 132 814
10085 815 209 132 814
10097 809 208 134 816
10106 814 210 135 817
10076 813 211 135 817
10078 816 206 135 817
10055 817 212 135 817
10078 817 209 136 818
693 168 221 137 819
10009 816 207 137 819
10050 823 210 138 820
10101 813 216 138 820
10061 824 207 138 820
10123 815 213 139 821
10091 819 213 139 821
10090 821 220 140 822
10091 820 206 140 822
10090 822 223 141 823
10063 820 206 141 823
10039 819 215 141 823
10090 823 233 142 824
10039 820 208 142 824
10090 824 213 143 825
10090 825 223 144 826
10091 824 209 144 826
10039 822 206 144 826
10090 826 216 145 827
10070 824 208 145 827
10039 823 209 145 827
10090 827 220 146 828
10063 825 206 146 828
10091 826 207 146 828
10090 828 219 147 829
10090 829 218 148 830
10091 828 209 148 830
10039 826 207 148 830
10090 830 221 149 831
10090 831 218 150 832
10090 832 208 151 833
10091 831 208 151 833
10090 833 221 152 834
10090 834 217 153 835
10090 835 218 154 836
10063 833 206 154 836
10091 834 211 154 836
10090 836 223 155 837
10091 835 208 155 837
10090 837 223 156 838
10063 835 207 156 838
10070 835 210 156 838
10039 834 208 156 838
10090 838 222 157 839
10039 835 213 157 839
10090 839 222 158 840
10091 838 207 158 840
10090 840 226 159 841
10063 838 213 159 841
10091 839 207 159 841
10090 841 225 160 842
10090 842 233 161 843
10063 840 210 161 843
10091 841 213 161 843
10070 840 211 161 843
10039 839 212 161 843
10090 843 225 162 844
10063 841 213 162 844
10070 841 206 162 844
10039 840 211 162 844
10090 844 225 163 845
10063 842 205 163 845
10090 845 220 164 846
10091 844 207 164 846
10070 843 207 164 846
10090 846 218 165 847
10063 844 211 165 847
10070 844 207 165 847
10090 847 217 166 848
10063 845 205 166 848
10091 846 205 166 848
10090 848 217 167 849
10063 846 206 167 849
10091 847 208 167 849
10039 845 209 167 849
10090 849 217 168 850
10039 846 208 168 850
10039 847 217 169 851
10090 851 231 170 852
10063 849 206 170 852
10070 849 206 170 852
10039 848 210 170 852
10090 852 218 171 853
10039 849 216 171 853
10090 853 227 172 854
10039 850 211 172 854
10090 854 231 173 855
10063 852 205 173 855
10039 851 210 173 855
10090 855 231 174 856
10039 852 219 174 856
10090 856 215 175 857
10091 855 214 175 857
10039 853 211 175 857
10090 857 229 176 858
10039 854 215 176 858
10090 858 221 177 859
10063 856 212 177 859
10039 855 206 177 859
10090 859 218 178 860
10063 857 209 178 860
10091 858 205 178 860
10039 856 219 178 860
10090 860 227 179 861
10063 858 208 179 861
10090 861 226 180 862
10063 859 207 180 862
10039 858 205 180 862
10090 862 222 181 863
10070 860 209 181 863
10039 859 206 181 863
10090 863 221 182 864
10063 861 210 182 864
10091 862 207 182 864
10070 861 223 182 864
10090 864 220 183 865
10063 862 209 183 865
10091 863 206 183 865
10070 862 210 183 865
10090 865 217 184 866
10063 863 219 184 866
10070 863 210 184 866
10090 866 219 185 867
10063 864 215 185 867
10090 867 213 186 868
10070 865 207 186 868
10090 868 218 187 869
10063 866 214 187 869
10090 870 221 189 871
10090 871 215 190 872
10090 872 219 191 873
10063 870 206 191 873
10090 873 222 192 874
10090 874 221 193 875
10090 875 224 194 876
10090 876 221 195 877
10090 877 222 196 878
10090 878 219 197 879
10091 877 206 197 879
10090 879 219 198 880
10090 880 219 199 881
10090 881 208 200 882
10090 882 211 201 883
10090 883 219 202 884
10090 884 221 203 885
10090 885 223 204 886
10070 883 208 204 886
10090 886 224 205 887
10063 884 205 205 887
10070 884 206 205 887
10090 887 224 206 888
10039 884 207 206 888
10090 888 218 207 889
10070 886 210 207 889
10090 889 210 208 890
10063 887 221 208 890
10070 887 217 208 890
10090 890 211 209 891
10090 891 222 210 892
10063 889 222 210 892
10070 889 228 210 892
10090 892 217 211 893
10063 890 207 211 893
10039 889 212 211 893
10090 893 221 212 894
10090 894 223 213 895
10091 893 211 213 895
10090 895 224 214 896
10063 893 206 214 896
10091 894 213 214 896
10090 896 219 215 897
10091 895 211 215 897
10090 897 219 216 898
10063 895 205 216 898
10091 896 211 216 898
10090 898 219 217 899
10063 896 207 217 899
10091 897 209 217 899
10090 899 215 218 900
10063 897 208 218 900
10091 898 209 218 900
10090 900 208 219 901
10063 898 207 219 901
10091 899 211 219 901
10090 901 219 220 902
10063 899 205 220 902
10091 900 211 220 902
10090 902 218 221 903
10063 900 205 221 903
10090 903 210 222 904
10090 904 219 223 905
10090 906 227 225 907
10039 903 208 225 907
10090 907 229 226 908
10039 904 206 226 908
10090 908 215 227 909
10090 909 214 227 909
10063 907 206 228 910
10091 908 207 228 910
10090 910 214 228 910
10039 907 205 229 911
10090 911 219 229 911
10091 910 205 230 912
10090 912 211 230 912
10090 913 217 231 913
10039 910 208 232 914
649 213 221 232 914
10090 914 218 232 914
10063 912 206 233 915
10090 915 219 233 915
10039 912 208 234 916
10090 916 211 235 917
10090 917 215 235 917
10090 918 211 236 918
10091 917 209 237 919
10090 919 212 238 920
10063 917 207 238 920
10070 917 208 238 920
10090 920 211 238 920
10063 918 208 239 921
10070 918 207 239 921
10063 919 208 240 922
10070 919 206 240 922
10090 922 208 240 922
10063 920 205 241 923
10070 920 208 241 923
10090 923 207 241 923
10063 921 206 241 923
10070 921 208 242 924
10090 924 209 242 924
10063 922 207 242 924
10070 922 207 243 925
10090 925 210 243 925
10063 923 208 243 925
10070 923 208 244 926
10090 926 218 244 926
10070 924 206 245 927
10090 927 211 245 927
10063 925 209 245 927
10070 925 209 246 928
10090 928 208 246 928
10063 926 209 246 928
10070 926 208 247 929
10090 929 210 247 929
10063 927 207 247 929
10090 930 211 248 930
10090 931 214 249 931
10063 929 208 250 932
10091 930 205 250 932
10039 928 205 250 932
10090 932 227 250 932
10090 933 227 251 933
10039 930 206 252 934
10090 934 219 252 934
10039 931 206 253 935
10090 935 221 253 935
10090 936 227 254 936
10090 937 221 255 937
10090 938 225 256 938
10090 939 225 257 939
10091 938 204 258 940
10090 940 218 258 940
10090 941 219 259 941
10090 942 220 260 942
10090 943 219 261 943
10090 944 219 262 944
10090 945 220 263 945
10090 946 221 264 946
10090 947 221 265 947
10090 948 222 266 948
10090 949 218 267 949
10090 950 219 268 950
10090 951 223 269 951
10090 952 225 270 952
10090 953 224 271 953
10090 954 225 272 954
10039 951 205 273 955
10090 955 225 273 955
