10064 573 216 0 586
10071 576 229 0 586
10149 566 217 0 586
10064 574 215 1 587
10071 577 221 1 587
10149 567 212 1 587
10064 575 209 2 588
10071 578 219 2 588
10149 568 212 2 588
10064 576 208 3 589
10071 579 230 3 589
10149 569 218 3 589
10027 577 207 3 589
10071 580 237 4 590
10149 570 223 4 590
10064 578 210 5 591
10149 571 209 5 591
10071 582 226 6 592
10149 572 223 6 592
10027 580 211 6 592
10071 583 217 7 593
10149 573 220 7 593
10071 584 231 8 594
10149 574 226 8 594
10064 582 213 9 595
10071 585 225 9 595
10149 575 222 9 595
10027 583 215 9 595
10064 583 207 10 596
10071 586 226 10 596
10149 576 223 10 596
10071 587 221 11 597
10149 577 225 11 597
10071 588 227 12 598
10149 578 220 12 598
10064 586 208 13 599
10064 587 208 14 600
10071 590 225 14 600
10149 580 208 14 600
10027 588 209 14 600
10064 588 218 15 601
10071 591 225 15 601
10149 581 224 15 601
10027 589 208 15 601
10064 589 213 16 602
10071 592 223 16 602
10149 582 210 16 602
10071 593 225 17 603
10149 583 217 17 603
10071 595 237 19 605
10149 585 216 19 605
10064 593 216 20 606
10071 596 233 20 606
10149 586 215 20 606
10071 597 211 21 607
10149 587 209 21 607
10071 598 225 22 608
10149 588 210 22 608
10027 596 209 22 608
10071 599 237 23 609
10149 589 222 23 609
10027 597 211 23 609
10064 597 208 24 610
10071 600 230 24 610
10149 590 213 24 610
10027 598 208 24 610
10064 598 207 25 611
10071 601 232 25 611
10149 591 216 25 611
10064 599 211 26 612
10071 602 219 26 612
10149 592 213 26 612
10071 603 218 27 613
10149 593 217 27 613
10071 604 221 28 614
10149 594 207 28 614
10071 605 220 29 615
10149 595 209 29 615
10071 606 219 30 616
10149 596 212 30 616
10071 607 222 31 617
10149 597 209 31 617
10071 608 217 32 618
10149 598 210 32 618
10071 609 220 33 619
10149 599 209 33 619
10071 610 219 34 620
10149 600 209 34 620
10071 611 219 35 621
10149 601 207 35 621
10071 612 216 36 622
10149 602 216 36 622
10071 613 221 37 623
10149 603 212 37 623
10071 614 215 38 624
10149 604 217 38 624
10071 615 212 39 625
10149 605 214 39 625
10071 616 213 40 626
10149 606 217 40 626
10064 614 207 41 627
10071 617 213 41 627
10149 607 211 41 627
10071 618 220 42 628
10149 608 219 42 628
10071 619 219 43 629
10149 609 217 43 629
10064 617 210 44 630
10071 620 237 44 630
10149 610 221 44 630
10064 618 208 45 631
10071 621 216 45 631
10149 611 225 45 631
10071 622 227 46 632
10149 612 222 46 632
10064 620 209 47 633
10071 623 223 47 633
10149 613 208 47 633
10071 624 221 48 634
10149 614 219 48 634
10071 625 225 49 635
10149 615 223 49 635
10064 623 213 50 636
10071 626 211 50 636
10149 616 216 50 636
10064 624 208 51 637
10071 627 221 51 637
10027 625 212 51 637
10064 625 218 52 638
10094 625 212 52 638
10071 628 219 52 638
10149 618 213 52 638
10064 626 222 53 639
10071 629 223 53 639
10027 627 214 53 639
10064 627 210 54 640
10071 630 221 54 640
10149 620 217 54 640
10027 628 208 54 640
10064 628 210 55 641
10071 631 229 55 641
115 1 235 55 641
10149 621 217 55 641
10071 632 233 56 642
115 2 223 56 642
10149 622 214 56 642
10071 633 229 57 643
115 3 230 57 643
10149 623 208 57 643
10071 634 224 58 644
115 4 222 58 644
10149 624 214 58 644
10064 632 209 59 645
10071 635 225 59 645
10149 625 217 59 645
10071 636 215 60 646
10149 626 213 60 646
10071 637 218 61 647
115 7 235 61 647
10071 638 222 62 648
10149 628 225 62 648
10071 639 213 63 649
115 9 242 63 649
10149 629 207 63 649
10149 635 213 69 655
10071 646 220 70 656
10149 636 209 70 656
10027 644 220 70 656
10064 644 210 71 657
10071 647 223 71 657
10071 648 223 72 658
10149 638 217 72 658
10064 646 207 73 659
10071 649 220 73 659
10149 639 219 73 659
115 1 253 74 660
10071 650 219 74 660
10149 640 220 74 660
115 2 250 75 661
10064 648 209 75 661
10071 651 223 75 661
10149 641 226 75 661
115 3 231 76 662
10064 649 207 76 662
10071 652 237 76 662
10149 642 220 76 662
10149 643 217 77 663
10071 654 210 78 664
10149 644 210 78 664
316 1 221 79 665
10071 655 212 79 665
10149 645 213 79 665
10071 656 225 80 666
10149 646 215 80 666
10064 654 213 81 667
316 3 227 81 667
10071 657 233 81 667
10149 647 221 81 667
316 4 222 82 668
10071 658 215 82 668
10149 648 211 82 668
10064 656 209 83 669
316 5 237 83 669
10071 659 226 83 669
10149 649 219 83 669
10071 660 223 84 670
10149 650 207 84 670
10071 661 219 85 671
10149 651 226 85 671
10064 659 207 86 672
316 8 223 86 672
10071 662 226 86 672
10149 652 218 86 672
10064 660 211 87 673
10071 663 227 87 673
10149 653 220 87 673
316 10 237 88 674
10071 664 225 88 674
10149 654 212 88 674
316 11 247 89 675
10071 665 226 89 675
10149 655 224 89 675
316 12 247 90 676
10071 666 223 90 676
316 13 229 91 677
10071 667 220 91 677
10149 657 212 91 677
10071 668 217 92 678
10149 658 212 92 678
10064 666 209 92 678
10071 669 226 93 679
10149 659 219 93 679
10071 670 233 94 680
10027 668 212 94 680
10071 671 229 95 681
10027 669 208 95 681
10071 672 219 96 682
10071 673 224 97 683
10149 663 217 97 683
10064 671 211 98 684
10071 674 227 98 684
10149 664 218 98 684
10071 675 231 99 685
10149 665 211 99 685
10071 676 223 100 686
10149 666 213 100 686
10027 674 207 100 686
10064 674 208 101 687
10071 677 212 101 687
10149 667 215 101 687
10071 678 214 102 688
10149 668 221 102 688
10071 679 215 103 689
10149 669 217 103 689
10071 680 217 104 690
10149 670 210 104 690
10071 681 214 105 691
10071 682 216 106 692
10071 683 223 107 693
10149 673 209 107 693
10071 684 221 108 694
10071 685 220 109 695
10149 675 217 109 695
10149 676 213 110 696
10071 687 214 111 697
10149 677 219 111 697
10071 688 213 112 698
10149 678 217 112 698
10071 689 212 113 699
10149 679 220 113 699
10149 680 220 114 700
10071 691 222 115 701
10149 681 217 115 701
10071 692 218 116 702
10149 682 212 116 702
290 1 223 117 703
10071 693 223 117 703
10149 683 215 117 703
463 4 225 118 704
10071 694 221 118 704
10149 684 217 118 704
463 5 224 119 705
10071 695 225 119 705
10149 685 217 119 705
10071 696 218 120 706
10149 686 211 120 706
10071 697 220 121 707
10149 687 215 121 707
290 6 221 122 708
10071 698 218 122 708
10149 688 208 122 708
10071 699 222 123 709
10149 689 218 123 709
10071 700 219 124 710
10149 690 219 124 710
10064 698 207 125 711
10071 701 216 125 711
10149 691 218 125 711
10064 699 208 126 712
10071 702 231 126 712
10149 692 225 126 712
147 16 221 127 713
10064 700 211 127 713
10071 703 227 127 713
10149 693 216 127 713
10064 701 207 128 714
10071 704 232 128 714
10149 694 217 128 714
299 15 221 129 715
10071 705 233 129 715
10149 695 211 129 715
316 52 221 130 716
10071 706 235 130 716
10149 696 217 130 716
10064 704 207 131 717
10071 707 231 131 717
10149 697 213 131 717
10071 708 229 132 718
10149 698 213 132 718
516 12 227 133 719
10071 709 230 133 719
10149 699 218 133 719
10071 710 230 134 720
10149 700 218 134 720
10071 711 231 135 721
10149 701 217 135 721
10027 709 208 135 721
10064 709 214 136 722
10071 712 233 136 722
10149 702 231 136 722
10064 710 213 137 723
10071 713 221 137 723
10149 703 214 137 723
10071 714 222 138 724
10149 704 224 138 724
10071 715 210 139 725
10149 705 213 139 725
10071 716 217 140 726
10149 706 215 140 726
505 98 224 140 726
579 30 223 141 727
10071 717 227 141 727
10064 715 210 142 728
10071 718 234 142 728
10149 708 214 142 728
10071 719 227 143 729
10149 709 217 143 729
10064 717 215 144 730
10071 720 238 144 730
10149 710 216 144 730
10064 718 208 145 731
290 29 223 145 731
10071 721 238 145 731
10149 711 221 145 731
10064 719 212 146 732
10149 712 224 146 732
10071 723 236 147 733
531 6 223 147 733
10149 713 224 147 733
10027 721 208 147 733
10064 721 211 148 734
10071 724 209 148 734
10149 714 213 148 734
10064 722 208 149 735
10071 725 213 149 735
10149 715 210 149 735
10064 723 210 150 736
299 36 225 150 736
331 10 225 150 736
10071 726 213 150 736
10149 716 213 150 736
10071 727 229 151 737
10149 717 219 151 737
10064 725 207 152 738
10071 728 224 152 738
10149 718 215 152 738
10064 726 211 153 739
10071 729 234 153 739
683 3 221 153 739
10149 719 215 153 739
10027 727 212 153 739
10064 727 207 154 740
299 40 223 154 740
10071 730 223 154 740
692 31 223 154 740
683 4 239 154 740
10149 720 211 154 740
342 37 235 155 741
10071 731 224 155 741
692 32 221 155 741
683 5 233 155 741
10149 721 208 155 741
10071 732 213 156 742
692 33 233 156 742
683 6 243 156 742
10149 722 209 156 742
155 30 242 156 742
89 42 223 156 742
579 46 228 157 743
10071 733 221 157 743
10149 723 221 157 743
10064 731 214 158 744
10071 734 236 158 744
692 35 223 158 744
10149 724 209 158 744
10071 735 223 159 745
10149 725 220 159 745
10027 733 207 159 745
10064 733 212 160 746
10071 736 227 160 746
10149 726 219 160 746
10027 734 207 160 746
147 50 222 160 746
10064 734 212 161 747
10071 737 230 161 747
10149 727 213 161 747
10064 735 213 162 748
10071 738 231 162 748
10149 728 219 162 748
10064 736 216 163 749
463 49 223 163 749
10071 739 230 163 749
10149 729 218 163 749
10064 737 212 164 750
463 50 223 164 750
10071 740 231 164 750
10149 730 219 164 750
10064 738 213 165 751
10071 741 228 165 751
10149 731 219 165 751
10064 739 215 166 752
10071 742 229 166 752
10149 732 216 166 752
10027 740 207 166 752
10064 740 211 167 753
10071 743 227 167 753
10149 733 215 167 753
10064 741 212 168 754
10071 744 230 168 754
10149 734 217 168 754
10064 742 213 169 755
10071 745 228 169 755
501 19 221 169 755
10149 735 218 169 755
147 59 225 169 755
10064 743 207 170 756
10071 746 225 170 756
10149 736 212 170 756
32 29 221 170 756
10064 744 207 171 757
10071 747 223 171 757
10149 737 208 171 757
10064 745 210 172 758
10071 748 222 172 758
10149 738 212 172 758
10027 746 208 172 758
10071 749 221 173 759
10149 739 220 173 759
10027 747 208 173 759
10071 750 220 174 760
10149 740 221 174 760
10027 748 209 174 760
10064 748 207 175 761
579 64 221 175 761
10071 751 223 175 761
10064 749 210 176 762
219 27 224 176 762
10071 752 225 176 762
10149 742 215 176 762
10027 750 207 176 762
10064 750 209 177 763
10071 753 226 177 763
10149 743 221 177 763
316 100 223 178 764
463 64 222 178 764
10071 754 237 178 764
10149 744 211 178 764
463 65 223 179 765
10071 755 226 179 765
10064 753 206 180 766
316 102 221 180 766
10071 756 221 180 766
10149 746 218 180 766
10027 754 208 180 766
10064 754 209 181 767
10071 757 214 181 767
10149 747 217 181 767
10027 755 208 181 767
10071 758 221 182 768
10071 759 210 183 769
10149 749 207 183 769
10071 760 209 184 770
10149 750 209 184 770
10071 761 225 185 771
10149 751 208 185 771
10071 762 229 186 772
10149 752 229 186 772
147 76 221 186 772
10071 763 225 187 773
10149 753 208 187 773
10071 764 211 188 774
10149 754 222 188 774
299 15 223 189 775
10071 765 221 189 775
10149 755 220 189 775
10064 763 208 190 776
10071 766 228 190 776
10149 756 223 190 776
10064 764 209 191 777
10071 767 211 191 777
10027 765 219 191 777
10064 765 219 192 778
524 155 223 192 778
10094 765 227 192 778
10071 768 210 192 778
10149 758 218 192 778
10087 769 214 194 780
10080 773 227 195 781
10071 772 220 196 782
10027 770 216 196 782
10087 771 208 196 782
10064 770 218 197 783
274 149 221 197 783
10094 770 227 197 783
10069 769 223 197 783
10054 772 209 197 783
10138 766 206 198 784
10092 775 207 201 787
10092 777 208 203 789
10092 780 207 206 792
10052 800 214 224 810
10054 799 215 224 810
10052 801 210 225 811
10094 798 214 225 811
217 109 226 225 811
10069 797 219 225 811
10071 801 206 225 811
10027 799 217 225 811
10054 800 208 225 811
10064 799 243 225 811
10069 798 208 226 812
10071 802 227 226 812
10149 792 225 226 812
10027 800 208 226 812
10064 800 209 226 812
10071 803 222 227 813
10064 801 208 227 813
10071 804 219 228 814
10071 805 213 229 815
10149 795 209 229 815
10071 806 213 230 816
10071 807 210 231 817
10071 808 216 232 818
10149 798 209 232 818
10071 809 233 233 819
10149 799 208 233 819
10071 810 230 234 820
10149 800 209 234 820
10071 811 229 235 821
10149 801 209 235 821
10071 812 231 236 822
10149 802 210 236 822
115 133 221 236 822
10071 813 229 237 823
10149 803 212 237 823
628 149 230 238 824
10071 814 226 238 824
10149 804 210 238 824
115 135 223 238 824
10071 815 222 239 825
10149 805 206 239 825
628 151 223 240 826
10071 816 222 240 826
10149 806 224 240 826
10027 814 210 240 826
10064 814 210 240 826
10071 817 225 241 827
10149 807 215 241 827
10027 815 208 241 827
10064 815 210 241 827
628 153 231 242 828
10071 818 223 242 828
10149 808 220 242 828
709 116 225 242 828
113 54 221 243 829
628 154 244 243 829
10071 819 220 243 829
10149 809 225 243 829
709 117 225 243 829
10064 817 208 243 829
628 155 221 244 830
10071 820 220 244 830
10149 810 223 244 830
316 167 223 244 830
148 122 225 245 831
113 56 225 245 831
628 156 225 245 831
10071 821 225 245 831
10149 811 216 245 831
10064 819 218 246 832
10094 819 209 246 832
10071 822 228 246 832
10149 812 214 246 832
10064 820 207 247 833
10164 615 209 247 833
539 3 227 247 833
10071 823 226 247 833
10149 813 211 247 833
628 159 223 248 834
10071 824 217 248 834
10149 814 221 248 834
10064 822 209 249 835
539 5 226 249 835
148 126 227 249 835
628 160 221 249 835
10071 825 214 249 835
10149 815 226 249 835
115 146 230 250 836
10064 823 209 250 836
628 161 231 250 836
10071 826 237 250 836
10149 816 223 250 836
709 124 221 250 836
539 7 223 251 837
113 62 225 251 837
10071 827 228 251 837
303 123 239 251 837
10149 817 223 251 837
10027 825 210 251 837
709 125 221 251 837
115 148 223 252 838
10064 825 208 252 838
148 129 230 252 838
10071 828 226 252 838
10149 818 217 252 838
316 175 221 252 838
10064 826 213 253 839
628 164 224 253 839
10071 829 236 253 839
10149 819 209 253 839
10027 827 209 253 839
316 176 229 253 839
10064 827 209 254 840
441 72 226 254 840
539 10 227 254 840
113 65 221 254 840
10071 830 219 254 840
10149 820 230 254 840
316 177 229 254 840
115 151 229 255 841
10064 828 210 255 841
10071 831 225 255 841
10149 821 217 255 841
10027 829 207 255 841
10080 833 210 255 841
96 113 230 255 841
10064 829 222 256 842
10094 829 210 256 842
10071 832 240 256 842
303 128 223 256 842
10149 822 216 256 842
96 114 221 256 842
441 75 221 257 843
115 153 239 257 843
539 13 223 257 843
10071 833 221 257 843
10149 823 213 257 843
709 131 221 257 843
96 115 227 257 843
115 154 227 258 844
113 69 221 258 844
10071 834 227 258 844
10149 824 218 258 844
96 116 234 258 844
10064 832 213 259 845
113 70 223 259 845
539 15 223 259 845
755 134 221 259 845
303 131 221 259 845
10149 825 215 259 845
709 133 221 259 845
316 182 221 259 845
10064 833 209 260 846
441 78 223 260 846
539 16 225 260 846
10071 836 231 260 846
10149 826 215 260 846
709 134 223 260 846
10064 834 208 261 847
113 72 223 261 847
303 133 221 261 847
10071 837 213 261 847
10149 827 215 261 847
316 184 226 261 847
96 119 223 262 848
115 158 247 262 848
113 73 223 262 848
10071 838 227 262 848
10149 828 217 262 848
115 159 247 263 849
113 74 223 263 849
10071 839 221 263 849
10149 829 210 263 849
709 137 224 263 849
96 121 222 263 849
113 75 226 264 850
115 160 245 264 850
10071 840 217 264 850
10149 830 216 264 850
709 138 228 264 850
113 76 227 265 851
115 161 247 265 851
10071 841 227 265 851
10149 831 215 265 851
709 139 225 265 851
96 123 227 265 851
10064 839 212 266 852
113 77 226 266 852
10071 842 228 266 852
10149 832 218 266 852
709 140 225 266 852
148 144 221 267 853
115 163 239 267 853
628 178 228 267 853
10071 843 229 267 853
10149 833 211 267 853
115 164 223 268 854
755 143 239 268 854
10071 844 225 268 854
10149 834 219 268 854
709 142 222 268 854
115 165 227 269 855
755 144 231 269 855
10071 845 219 269 855
10149 835 219 269 855
196 140 221 269 855
709 143 233 269 855
115 166 239 270 856
628 181 233 270 856
755 145 229 270 856
10071 846 222 270 856
10149 836 208 270 856
709 144 221 270 856
115 167 234 271 857
10071 847 230 271 857
10149 837 215 271 857
148 149 223 271 857
628 183 228 272 858
755 147 225 272 858
10071 848 223 272 858
10149 838 213 272 858
10027 846 208 272 858
148 150 223 272 858
115 169 236 273 859
628 184 225 273 859
755 148 225 273 859
10071 849 225 273 859
10149 839 211 273 859
709 147 227 273 859
115 170 229 274 860
755 149 237 274 860
10071 850 219 274 860
10149 840 212 274 860
10064 848 208 275 861
115 171 223 275 861
755 150 221 275 861
10071 851 219 275 861
10149 841 221 275 861
10027 849 209 275 861
709 149 223 275 861
628 187 222 276 862
115 172 235 276 862
755 151 226 276 862
10071 852 224 276 862
10149 842 211 276 862
709 150 234 276 862
628 188 221 277 863
115 173 223 277 863
755 152 230 277 863
10071 853 225 277 863
10149 843 212 277 863
709 151 227 277 863
115 174 226 278 864
755 153 223 278 864
10071 854 217 278 864
10149 844 213 278 864
709 152 227 278 864
115 175 231 279 865
755 154 223 279 865
10071 855 225 279 865
10149 845 217 279 865
10064 853 210 280 866
628 191 233 280 866
115 176 242 280 866
755 155 225 280 866
10071 856 227 280 866
709 154 221 280 866
10064 854 211 281 867
115 177 239 281 867
755 156 221 281 867
10071 857 224 281 867
10149 847 218 281 867
10027 855 207 281 867
709 155 225 281 867
10064 855 212 282 868
628 193 225 282 868
115 178 247 282 868
10071 858 229 282 868
10149 848 226 282 868
196 153 222 282 868
709 156 227 282 868
10064 856 211 283 869
628 194 227 283 869
115 179 247 283 869
10071 859 235 283 869
10149 849 224 283 869
709 157 222 283 869
10064 857 213 284 870
628 195 229 284 870
115 180 247 284 870
10071 860 233 284 870
755 159 221 284 870
10149 850 221 284 870
709 158 224 284 870
10064 858 211 285 871
628 196 231 285 871
115 181 245 285 871
10071 861 235 285 871
10149 851 222 285 871
709 159 222 285 871
10064 859 211 286 872
628 197 227 286 872
115 182 240 286 872
10071 862 235 286 872
10149 852 221 286 872
709 160 223 286 872
628 198 229 287 873
10064 860 212 287 873
115 183 245 287 873
10071 863 231 287 873
10149 853 216 287 873
96 145 223 287 873
628 199 233 288 874
10064 861 207 288 874
115 184 244 288 874
10071 864 227 288 874
10149 854 219 288 874
628 200 227 289 875
115 185 244 289 875
10071 865 228 289 875
10149 855 217 289 875
709 163 228 289 875
628 201 231 290 876
115 186 229 290 876
10071 866 233 290 876
10149 856 220 290 876
709 164 231 290 876
628 202 231 291 877
115 187 239 291 877
10071 867 221 291 877
10149 857 219 291 877
709 165 229 291 877
628 203 226 292 878
115 188 245 292 878
10071 868 230 292 878
755 167 222 292 878
10149 858 212 292 878
709 166 227 292 878
10064 866 209 293 879
628 204 233 293 879
115 189 243 293 879
10071 869 229 293 879
10149 859 216 293 879
709 167 225 293 879
10064 867 209 294 880
628 205 231 294 880
115 190 244 294 880
10071 870 229 294 880
10149 860 215 294 880
709 168 227 294 880
628 206 223 295 881
115 191 243 295 881
10071 871 226 295 881
10149 861 215 295 881
709 169 228 295 881
628 207 232 296 882
10064 869 210 296 882
115 192 241 296 882
10071 872 229 296 882
10149 862 211 296 882
709 170 228 296 882
628 208 236 297 883
10064 870 208 297 883
115 193 239 297 883
10071 873 225 297 883
755 172 223 297 883
10149 863 210 297 883
709 171 229 297 883
628 209 223 298 884
10064 871 209 298 884
115 194 245 298 884
10071 874 213 298 884
755 173 229 298 884
10149 864 218 298 884
709 172 227 298 884
628 210 226 299 885
115 195 237 299 885
10071 875 221 299 885
755 174 235 299 885
709 173 225 299 885
10149 865 212 299 885
628 211 227 300 886
115 196 227 300 886
10071 876 210 300 886
755 175 239 300 886
709 174 225 300 886
10149 866 223 300 886
628 212 237 301 887
148 178 224 301 887
115 197 235 301 887
303 173 221 301 887
10071 877 223 301 887
755 176 223 301 887
709 175 232 301 887
10149 867 226 301 887
196 172 223 301 887
628 213 233 302 888
115 198 245 302 888
10071 878 219 302 888
755 177 227 302 888
709 176 222 302 888
10149 868 223 302 888
628 214 232 303 889
115 199 241 303 889
10071 879 221 303 889
755 178 222 303 889
10149 869 227 303 889
709 177 221 303 889
96 161 224 304 890
628 215 224 304 890
115 200 239 304 890
10071 880 227 304 890
755 179 231 304 890
10149 870 215 304 890
96 162 225 305 891
115 201 222 305 891
10071 881 231 305 891
755 180 235 305 891
10149 871 215 305 891
10027 879 208 305 891
148 183 221 306 892
115 202 230 306 892
628 217 224 306 892
96 163 225 306 892
10071 882 230 306 892
709 180 231 306 892
10149 872 219 306 892
115 203 224 307 893
628 218 223 307 893
10071 883 220 307 893
755 182 223 307 893
10149 873 213 307 893
709 181 230 307 893
115 204 233 308 894
628 219 225 308 894
10071 884 221 308 894
755 183 228 308 894
10149 874 213 308 894
115 205 229 308 894
10071 885 207 309 895
10149 875 219 309 895
709 183 228 309 895
115 206 225 309 895
10071 886 223 310 896
755 185 221 310 896
10149 876 209 310 896
115 207 239 310 896
628 222 229 311 897
10071 887 220 311 897
10149 877 223 311 897
709 185 225 311 897
115 208 240 311 897
148 189 221 311 897
10071 888 221 312 898
755 187 224 312 898
10149 878 225 312 898
709 186 225 312 898
115 209 239 312 898
539 69 224 313 899
10071 889 215 313 899
755 188 225 313 899
10149 879 223 313 899
709 187 229 313 899
115 210 239 314 900
539 70 225 314 900
628 225 224 314 900
10071 890 211 314 900
755 189 226 314 900
10149 880 223 314 900
709 188 230 314 900
115 211 234 315 901
539 71 224 315 901
96 172 221 315 901
628 226 226 315 901
10071 891 213 315 901
10149 881 223 315 901
709 189 229 315 901
539 72 223 316 902
115 212 240 316 902
628 227 228 316 902
10071 892 213 316 902
755 191 223 316 902
10149 882 222 316 902
709 190 227 316 902
148 194 221 316 902
628 228 227 317 903
10071 893 220 317 903
10149 883 213 317 903
10064 891 213 318 904
196 188 221 318 904
115 214 239 318 904
628 229 227 318 904
96 175 223 318 904
10071 894 227 318 904
10149 884 212 318 904
115 215 235 319 905
628 230 226 319 905
10071 895 223 319 905
10149 885 207 319 905
115 216 233 320 906
96 177 225 320 906
10071 896 225 320 906
10149 886 211 320 906
628 232 223 321 907
115 217 231 321 907
96 178 224 321 907
10071 897 223 321 907
10149 887 211 321 907
709 195 222 321 907
628 233 227 322 908
115 218 241 322 908
96 179 222 322 908
10071 898 223 322 908
10149 888 223 322 908
709 196 225 322 908
148 200 224 322 908
628 234 235 323 909
96 180 222 323 909
10071 899 231 323 909
10149 889 220 323 909
148 201 224 323 909
628 235 233 323 909
115 220 244 324 910
10071 900 222 324 910
755 199 223 324 910
10149 890 222 324 910
10064 898 207 324 910
628 236 231 324 910
115 221 244 325 911
10071 901 223 325 911
709 199 226 325 911
10149 891 212 325 911
10027 899 207 325 911
148 203 221 326 912
628 237 235 326 912
115 222 248 326 912
10071 902 222 326 912
10149 892 212 326 912
709 200 227 326 912
628 238 230 327 913
115 223 246 327 913
10071 903 227 327 913
10149 893 217 327 913
628 239 233 328 914
115 224 247 328 914
10071 904 231 328 914
10149 894 220 328 914
10064 902 207 329 915
115 225 244 329 915
628 240 222 329 915
10071 905 225 329 915
10149 895 212 329 915
628 241 225 330 916
115 226 245 330 916
96 187 221 330 916
755 205 221 330 916
10149 896 217 330 916
148 208 222 331 917
115 227 253 331 917
628 242 223 331 917
755 206 221 331 917
10149 897 217 331 917
709 205 231 331 917
115 228 246 332 918
10071 908 225 332 918
10149 898 222 332 918
709 206 225 332 918
10071 909 221 333 919
10149 899 217 333 919
709 207 227 333 919
148 211 227 333 919
10064 907 209 334 920
96 191 227 334 920
10071 910 220 334 920
10149 900 218 334 920
709 208 221 334 920
539 91 225 334 920
10064 908 210 335 921
115 231 241 335 921
10071 911 233 335 921
10149 901 210 335 921
10071 912 239 336 922
10149 902 220 336 922
10064 910 210 337 923
115 233 221 337 923
10071 913 231 337 923
10149 903 210 337 923
10027 911 212 337 923
10064 911 214 337 923
10071 914 232 338 924
10149 904 224 338 924
10064 912 208 338 924
10071 915 213 339 925
10149 905 214 339 925
316 76 221 339 925
10071 916 223 340 926
10149 906 218 340 926
316 77 222 340 926
10071 917 231 341 927
709 215 225 341 927
10149 907 224 341 927
10071 918 229 342 928
709 216 226 342 928
10149 908 219 342 928
316 79 227 342 928
196 213 231 342 928
10064 916 208 342 928
10071 919 233 343 929
709 217 227 343 929
10149 909 225 343 929
10092 1021 208 510 1096
10106 1020 207 511 1097
10092 1024 207 513 1099
10092 1050 207 539 1125
10092 1051 207 540 1126
10092 1052 209 541 1127
10106 1068 207 559 1145
10092 1071 206 560 1146
10106 1070 206 561 1147
10052 1085 216 572 1158
10054 1084 214 572 1158
10052 1086 207 573 1159
10069 1082 216 573 1159
10054 1085 212 573 1159
10069 1083 215 574 1160
10054 1086 223 574 1160
10064 1085 207 575 1161
10069 1084 213 575 1161
10054 1087 229 575 1161
10094 1086 223 576 1162
58 60 223 576 1162
524 18 225 576 1162
10027 1087 218 576 1162
10054 1088 211 576 1162
10064 1087 221 577 1163
274 466 221 577 1163
10094 1087 235 577 1163
10069 1086 214 577 1163
524 19 232 577 1163
10171 1090 208 577 1163
10027 1088 222 577 1163
10064 1088 218 578 1164
10094 1088 223 578 1164
10069 1087 222 578 1164
10071 1091 210 578 1164
524 20 224 578 1164
10171 1091 207 578 1164
10027 1089 227 578 1164
10054 1090 213 579 1165
274 468 227 579 1165
10064 1089 223 579 1165
10094 1089 221 579 1165
10069 1088 216 579 1165
10071 1092 209 579 1165
524 21 223 579 1165
10027 1090 220 579 1165
10054 1091 207 580 1166
274 469 225 580 1166
10064 1090 224 580 1166
10094 1090 222 580 1166
10069 1089 219 580 1166
524 22 236 580 1166
10071 1093 208 580 1166
10027 1091 221 580 1166
10054 1092 210 581 1167
274 470 231 581 1167
10064 1091 217 581 1167
10094 1091 218 581 1167
58 65 225 581 1167
10069 1090 220 581 1167
524 23 227 581 1167
10027 1092 212 581 1167
10054 1093 209 582 1168
274 471 227 582 1168
10064 1092 223 582 1168
10094 1092 219 582 1168
10069 1091 212 582 1168
524 24 226 582 1168
10064 1093 210 583 1169
10094 1093 211 583 1169
10069 1092 210 583 1169
10027 1094 213 583 1169
10064 1094 211 584 1170
10094 1094 225 584 1170
10069 1093 212 584 1170
10027 1095 212 584 1170
10054 1096 208 585 1171
10064 1095 215 585 1171
10094 1095 220 585 1171
10069 1094 219 585 1171
58 69 223 585 1171
10027 1096 212 585 1171
10064 1096 219 586 1172
10094 1096 213 586 1172
10069 1095 219 586 1172
58 70 223 586 1172
10027 1097 210 586 1172
10064 1097 216 587 1173
10094 1097 213 587 1173
10069 1096 218 587 1173
274 477 225 588 1174
10064 1098 217 588 1174
10094 1098 214 588 1174
10069 1097 218 588 1174
10064 1099 218 589 1175
681 332 223 589 1175
10094 1099 213 589 1175
10069 1098 218 589 1175
10027 1100 212 589 1175
10064 1100 210 590 1176
10094 1100 220 590 1176
681 333 229 590 1176
10069 1099 213 590 1176
58 74 224 590 1176
10027 1101 214 590 1176
274 480 223 591 1177
10064 1101 219 591 1177
681 334 235 591 1177
10094 1101 221 591 1177
10069 1100 226 591 1177
58 75 222 591 1177
10027 1102 209 591 1177
10064 1102 223 592 1178
10094 1102 212 592 1178
10069 1101 220 592 1178
10027 1103 210 592 1178
10064 1103 215 593 1179
10094 1103 221 593 1179
10069 1102 213 593 1179
10027 1104 209 593 1179
10064 1114 212 604 1190
10094 1114 216 604 1190
10069 1113 212 604 1190
10027 1115 209 604 1190
10054 1116 207 604 1190
10064 1115 213 605 1191
10094 1115 209 605 1191
10069 1114 213 605 1191
58 89 223 605 1191
10027 1116 212 605 1191
10064 1116 207 606 1192
10094 1116 216 606 1192
10069 1115 212 606 1192
10027 1117 212 606 1192
10094 1117 210 607 1193
10069 1116 214 607 1193
10027 1118 211 607 1193
10064 1118 207 608 1194
10094 1118 212 608 1194
10069 1117 214 608 1194
58 92 221 608 1194
10027 1119 211 608 1194
10054 1120 209 608 1194
274 498 221 608 1194
10064 1119 218 609 1195
10094 1119 216 609 1195
10069 1118 207 609 1195
10027 1120 210 609 1195
10064 1120 211 610 1196
10094 1120 220 610 1196
10069 1119 209 610 1196
10054 1122 209 610 1196
10064 1121 210 611 1197
10094 1121 211 611 1197
10069 1120 207 611 1197
10054 1123 210 611 1197
10064 1122 209 612 1198
10094 1122 212 612 1198
10054 1124 210 612 1198
274 4 221 613 1199
10064 1123 211 613 1199
10094 1123 209 613 1199
10069 1122 216 613 1199
10171 1126 212 613 1199
10027 1124 227 613 1199
10054 1125 213 613 1199
10064 1124 211 614 1200
10094 1124 219 614 1200
10069 1123 216 614 1200
10027 1125 208 614 1200
10064 1125 210 615 1201
10094 1125 219 615 1201
10069 1124 211 615 1201
10027 1126 219 615 1201
10064 1126 223 616 1202
10094 1126 219 616 1202
10069 1125 207 616 1202
10027 1127 220 616 1202
10064 1127 223 617 1203
274 8 224 617 1203
10094 1127 218 617 1203
10069 1126 207 617 1203
10027 1128 219 617 1203
10064 1128 217 618 1204
10094 1128 231 618 1204
10069 1127 214 618 1204
10027 1129 217 618 1204
10064 1129 231 619 1205
10094 1129 231 619 1205
10069 1128 215 619 1205
10027 1130 211 619 1205
10064 1130 223 620 1206
10094 1130 223 620 1206
10069 1129 213 620 1206
10054 1132 207 620 1206
274 12 221 621 1207
10064 1131 223 621 1207
10094 1131 222 621 1207
10069 1130 217 621 1207
10054 1133 208 621 1207
10064 1132 225 622 1208
10094 1132 211 622 1208
10069 1131 210 622 1208
58 106 225 622 1208
10027 1133 211 622 1208
274 14 222 623 1209
10064 1133 227 623 1209
10094 1133 212 623 1209
10069 1132 214 623 1209
182 4 227 623 1209
10027 1134 211 623 1209
10064 1134 218 624 1210
10094 1134 215 624 1210
10069 1133 215 624 1210
182 5 221 624 1210
10027 1135 213 624 1210
10064 1135 216 625 1211
10094 1135 217 625 1211
10069 1134 207 625 1211
58 109 223 625 1211
10134 1228 210 650 1236
10106 1233 208 650 1236
724 543 224 650 1236
10076 1232 209 650 1236
12 118 227 650 1236
10055 1236 219 650 1236
10018 563 207 650 1236
695 14 225 650 1236
10140 1232 209 650 1236
10158 1231 223 651 1237
10173 1232 217 651 1237
10106 1234 214 651 1237
10040 1231 214 651 1237
10055 1237 207 651 1237
10018 564 208 651 1237
10098 1234 223 651 1237
10158 1232 209 652 1238
375 460 228 652 1238
10004 1234 210 652 1238
10076 1234 210 652 1238
10018 565 230 652 1238
10098 1235 218 652 1238
10140 1234 211 652 1238
10084 1232 210 653 1239
10158 1233 217 653 1239
10173 1234 207 653 1239
521 715 223 653 1239
787 233 233 653 1239
10018 566 225 653 1239
10098 1236 225 653 1239
201 713 223 653 1239
10140 1235 213 653 1239
10084 1233 208 654 1240
10173 1235 209 654 1240
375 462 248 654 1240
10018 567 215 654 1240
10098 1237 209 654 1240
10140 1236 213 654 1240
10084 1234 210 654 1240
10158 1235 206 655 1241
594 548 226 655 1241
505 446 225 655 1241
375 463 239 655 1241
787 235 228 655 1241
10055 1241 208 655 1241
10018 568 220 655 1241
10098 1238 221 655 1241
201 715 223 655 1241
10140 1237 210 655 1241
10158 1236 211 656 1242
375 464 245 656 1242
10098 1239 221 656 1242
10140 1238 213 656 1242
10173 1238 207 657 1243
10106 1240 209 657 1243
375 465 241 657 1243
10078 1242 206 657 1243
10055 1243 209 657 1243
10018 570 215 657 1243
10098 1240 210 657 1243
10140 1239 211 657 1243
10084 1237 207 657 1243
10173 1239 208 658 1244
505 449 221 658 1244
375 466 242 658 1244
10004 1240 209 658 1244
10055 1244 207 658 1244
10018 571 218 658 1244
10098 1241 227 658 1244
10140 1240 209 658 1244
10106 1242 207 659 1245
375 467 243 659 1245
282 552 233 659 1245
10018 572 229 659 1245
10140 1241 209 659 1245
10084 1239 208 659 1245
10158 1240 213 660 1246
10018 573 215 660 1246
10098 1243 214 660 1246
10140 1242 212 660 1246
10084 1240 207 660 1246
10106 1244 210 661 1247
505 452 223 661 1247
10004 1243 208 661 1247
10076 1243 208 661 1247
278 558 231 661 1247
10055 1247 213 661 1247
10018 574 218 661 1247
10140 1243 208 661 1247
10106 1245 211 662 1248
10040 1242 221 662 1248
787 242 231 662 1248
10076 1244 209 662 1248
282 555 221 662 1248
140 585 221 663 1249
10040 1243 227 663 1249
10076 1245 209 663 1249
10078 1248 214 663 1249
402 35 237 663 1249
10106 1247 213 664 1250
10040 1244 210 664 1250
677 73 227 664 1250
10055 1250 225 664 1250
10018 577 207 664 1250
32 534 227 664 1250
406 600 221 664 1250
10140 1246 213 664 1250
10173 1246 209 665 1251
10106 1248 224 665 1251
10040 1245 211 665 1251
10076 1247 209 665 1251
10055 1251 208 665 1251
674 93 241 665 1251
10140 1247 208 665 1251
348 236 231 665 1251
10106 1249 227 666 1252
10076 1248 209 666 1252
10055 1252 215 666 1252
674 94 235 666 1252
348 237 233 667 1253
10106 1250 229 667 1253
10040 1247 213 667 1253
10076 1249 208 667 1253
436 540 230 667 1253
674 95 233 667 1253
348 238 231 668 1254
10106 1251 233 668 1254
10076 1250 207 668 1254
436 541 226 668 1254
10055 1254 210 668 1254
674 96 237 668 1254
348 239 222 669 1255
10173 1250 208 669 1255
10106 1252 237 669 1255
128 48 226 669 1255
10076 1251 215 669 1255
10055 1255 217 669 1255
674 97 243 669 1255
348 240 221 670 1256
10173 1251 208 670 1256
10106 1253 233 670 1256
128 49 223 670 1256
10076 1252 207 670 1256
436 543 222 670 1256
10055 1256 211 670 1256
674 98 240 670 1256
10106 1254 223 671 1257
128 50 221 671 1257
10055 1257 209 671 1257
348 242 238 671 1257
674 99 230 671 1257
10106 1255 209 672 1258
128 51 226 672 1258
10076 1254 207 672 1258
436 545 223 672 1258
348 243 237 673 1259
10106 1256 218 673 1259
128 52 226 673 1259
10076 1255 216 673 1259
436 546 227 673 1259
10055 1259 217 673 1259
348 244 235 674 1260
10106 1257 210 674 1260
140 596 223 674 1260
128 53 231 674 1260
10076 1256 209 674 1260
436 547 232 674 1260
10055 1260 210 674 1260
348 245 237 675 1261
10106 1258 222 675 1261
140 597 224 675 1261
10076 1257 211 675 1261
128 54 236 675 1261
436 548 229 675 1261
10055 1261 211 675 1261
348 246 235 676 1262
10173 1257 207 676 1262
10106 1259 222 676 1262
140 598 237 676 1262
128 55 238 676 1262
10076 1258 212 676 1262
436 549 232 676 1262
10055 1262 210 676 1262
348 247 230 677 1263
10106 1260 213 677 1263
10076 1259 213 677 1263
128 56 232 677 1263
348 248 231 678 1264
10106 1261 223 678 1264
140 600 223 678 1264
128 57 229 678 1264
10076 1260 213 678 1264
10055 1264 209 678 1264
348 249 225 679 1265
10106 1262 219 679 1265
140 601 235 679 1265
128 58 229 679 1265
10076 1261 213 679 1265
436 552 223 679 1265
10055 1265 210 679 1265
348 250 229 680 1266
10173 1261 207 680 1266
10106 1263 224 680 1266
140 602 231 680 1266
128 59 227 680 1266
10076 1262 221 680 1266
436 553 226 680 1266
10055 1266 212 680 1266
348 251 227 681 1267
10106 1264 225 681 1267
140 603 236 681 1267
10076 1263 229 681 1267
436 554 227 681 1267
10055 1267 216 681 1267
348 252 233 682 1268
10106 1265 218 682 1268
10076 1264 211 682 1268
128 61 227 682 1268
10055 1268 214 682 1268
540 578 223 683 1269
348 253 229 683 1269
10173 1264 207 683 1269
10106 1266 224 683 1269
140 605 233 683 1269
10076 1265 211 683 1269
128 62 231 683 1269
436 556 225 683 1269
10055 1269 209 683 1269
540 579 223 684 1270
348 254 228 684 1270
10106 1267 221 684 1270
10040 1264 207 684 1270
140 606 225 684 1270
10076 1266 217 684 1270
128 63 231 684 1270
436 557 235 684 1270
10055 1270 211 684 1270
348 255 225 685 1271
10106 1268 211 685 1271
140 607 221 685 1271
128 64 234 685 1271
436 558 231 685 1271
348 256 226 686 1272
10173 1267 207 686 1272
10106 1269 223 686 1272
140 608 225 686 1272
10076 1268 213 686 1272
128 65 231 686 1272
436 559 237 686 1272
10055 1272 207 686 1272
348 257 231 687 1273
10106 1270 217 687 1273
140 609 233 687 1273
10076 1269 215 687 1273
128 66 225 687 1273
436 560 237 687 1273
10055 1273 212 687 1273
348 258 230 688 1274
10106 1271 227 688 1274
10040 1268 208 688 1274
140 610 221 688 1274
10076 1270 208 688 1274
128 67 227 688 1274
436 561 240 688 1274
10055 1274 217 688 1274
348 259 232 689 1275
10173 1270 207 689 1275
10106 1272 221 689 1275
140 611 233 689 1275
10076 1271 217 689 1275
128 68 235 689 1275
436 562 231 689 1275
10055 1275 213 689 1275
348 260 237 690 1276
10106 1273 207 690 1276
140 612 235 690 1276
10076 1272 221 690 1276
128 69 235 690 1276
436 563 240 690 1276
10055 1276 217 690 1276
348 261 233 691 1277
10106 1274 221 691 1277
10040 1271 209 691 1277
140 613 235 691 1277
10076 1273 220 691 1277
128 70 227 691 1277
436 564 241 691 1277
10055 1277 215 691 1277
348 262 237 692 1278
10106 1275 222 692 1278
367 257 221 692 1278
140 614 242 692 1278
10076 1274 211 692 1278
128 71 223 692 1278
436 565 245 692 1278
10055 1278 210 692 1278
348 263 237 693 1279
10106 1276 231 693 1279
140 615 236 693 1279
10076 1275 219 693 1279
128 72 236 693 1279
436 566 228 693 1279
10055 1279 218 693 1279
348 264 227 694 1280
10106 1277 220 694 1280
140 616 225 694 1280
10076 1276 216 694 1280
128 73 237 694 1280
436 567 234 694 1280
10055 1280 211 694 1280
348 265 226 695 1281
10106 1278 224 695 1281
140 617 227 695 1281
10076 1277 221 695 1281
128 74 233 695 1281
436 568 241 695 1281
348 266 242 696 1282
10106 1279 221 696 1282
10076 1278 217 696 1282
128 75 233 696 1282
436 569 241 696 1282
10055 1282 217 696 1282
348 267 241 697 1283
10106 1280 219 697 1283
140 619 223 697 1283
10076 1279 220 697 1283
128 76 235 697 1283
436 570 241 697 1283
10055 1283 207 697 1283
348 268 241 698 1284
10106 1281 221 698 1284
140 620 233 698 1284
10076 1280 214 698 1284
128 77 237 698 1284
436 571 236 698 1284
10055 1284 210 698 1284
348 269 241 699 1285
10106 1282 217 699 1285
140 621 242 699 1285
10076 1281 217 699 1285
128 78 233 699 1285
436 572 241 699 1285
10055 1285 211 699 1285
348 270 235 700 1286
10106 1283 217 700 1286
140 622 239 700 1286
10076 1282 213 700 1286
128 79 237 700 1286
436 573 241 700 1286
10055 1286 213 700 1286
348 271 238 701 1287
10106 1284 218 701 1287
140 623 235 701 1287
10076 1283 215 701 1287
128 80 233 701 1287
436 574 229 701 1287
10055 1287 219 701 1287
348 272 235 702 1288
10173 1283 208 702 1288
10106 1285 218 702 1288
140 624 241 702 1288
10076 1284 223 702 1288
128 81 231 702 1288
436 575 236 702 1288
10055 1288 212 702 1288
348 273 239 703 1289
10106 1286 219 703 1289
140 625 237 703 1289
10076 1285 218 703 1289
128 82 237 703 1289
436 576 245 703 1289
10055 1289 210 703 1289
348 274 233 704 1290
10106 1287 215 704 1290
140 626 240 704 1290
10076 1286 215 704 1290
128 83 233 704 1290
436 577 241 704 1290
10055 1290 211 704 1290
348 275 234 705 1291
10106 1288 220 705 1291
140 627 239 705 1291
10076 1287 214 705 1291
128 84 229 705 1291
436 578 241 705 1291
10055 1291 210 705 1291
348 276 230 706 1292
10173 1287 207 706 1292
10106 1289 217 706 1292
140 628 240 706 1292
10076 1288 216 706 1292
128 85 231 706 1292
436 579 241 706 1292
10055 1292 217 706 1292
348 277 234 707 1293
10106 1290 223 707 1293
10076 1289 221 707 1293
140 629 238 707 1293
128 86 237 707 1293
436 580 240 707 1293
348 278 236 708 1294
10106 1291 217 708 1294
10076 1290 219 708 1294
140 630 245 708 1294
128 87 235 708 1294
436 581 241 708 1294
10055 1294 214 708 1294
348 279 233 709 1295
10173 1290 208 709 1295
10106 1292 226 709 1295
140 631 243 709 1295
10076 1291 213 709 1295
128 88 233 709 1295
436 582 236 709 1295
10018 622 207 709 1295
406 645 223 709 1295
348 280 225 710 1296
10173 1291 211 710 1296
10106 1293 215 710 1296
10076 1292 224 710 1296
140 632 245 710 1296
128 89 233 710 1296
436 583 239 710 1296
10055 1296 213 710 1296
348 281 238 711 1297
10106 1294 225 711 1297
10040 1291 208 711 1297
140 633 244 711 1297
10076 1293 217 711 1297
128 90 233 711 1297
436 584 242 711 1297
10018 624 207 711 1297
10106 1295 231 712 1298
10040 1292 209 712 1298
140 634 229 712 1298
10076 1294 216 712 1298
436 585 223 712 1298
10055 1298 222 712 1298
10018 625 209 712 1298
10158 1293 215 713 1299
10106 1296 208 713 1299
478 84 223 713 1299
706 790 236 713 1299
10078 1298 218 713 1299
206 573 235 713 1299
761 602 229 713 1299
10018 626 222 713 1299
10098 1296 210 713 1299
177 151 223 713 1299
10140 1295 209 714 1300
32 583 221 714 1300
10084 1293 207 714 1300
10158 1294 209 714 1300
10106 1297 230 714 1300
229 613 221 714 1300
10076 1296 227 714 1300
446 597 228 714 1300
10171 1303 209 716 1302
10171 1324 206 737 1323
624 280 221 737 1323
10054 1324 212 738 1324
10064 1323 222 738 1324
10094 1323 220 738 1324
524 255 233 738 1324
10069 1322 209 738 1324
10027 1324 210 739 1325
10064 1324 222 739 1325
10094 1324 228 739 1325
524 256 221 739 1325
10069 1323 213 739 1325
10027 1325 210 740 1326
10064 1325 210 740 1326
10094 1325 213 740 1326
10069 1324 217 740 1326
274 106 227 740 1326
10027 1326 210 741 1327
10064 1326 209 741 1327
10094 1326 221 741 1327
10069 1325 217 741 1327
10027 1327 212 742 1328
10064 1327 209 742 1328
10094 1327 212 742 1328
10069 1326 210 742 1328
10027 1328 209 743 1329
10064 1328 213 743 1329
10094 1328 214 743 1329
10069 1327 211 743 1329
10027 1329 208 744 1330
10094 1329 221 744 1330
10069 1328 211 744 1330
10027 1330 218 745 1331
10064 1330 207 745 1331
10094 1330 223 745 1331
10069 1329 211 745 1331
10027 1331 213 746 1332
10064 1331 210 746 1332
10094 1331 227 746 1332
10069 1330 213 746 1332
10064 1332 207 747 1333
10094 1332 225 747 1333
10069 1331 213 747 1333
10027 1333 218 748 1334
10064 1333 215 748 1334
10094 1333 224 748 1334
10069 1332 210 748 1334
10027 1334 211 749 1335
10064 1334 209 749 1335
10094 1334 225 749 1335
10069 1333 213 749 1335
10027 1335 206 750 1336
10064 1335 208 750 1336
10094 1335 225 750 1336
10069 1334 212 750 1336
10064 1336 208 751 1337
10094 1336 222 751 1337
10027 1337 218 752 1338
10064 1337 217 752 1338
10094 1337 224 752 1338
10069 1336 213 752 1338
58 311 221 752 1338
10027 1338 218 753 1339
10064 1338 216 753 1339
10094 1338 223 753 1339
10069 1337 213 753 1339
58 312 225 753 1339
274 119 221 753 1339
10027 1339 213 754 1340
10064 1339 211 754 1340
10094 1339 222 754 1340
10069 1338 207 754 1340
58 313 222 754 1340
274 120 221 754 1340
10027 1340 212 755 1341
10064 1340 212 755 1341
10094 1340 224 755 1341
10069 1339 209 755 1341
274 121 223 755 1341
10027 1341 210 756 1342
10064 1341 213 756 1342
10094 1341 229 756 1342
10094 1344 219 759 1345
58 318 221 759 1345
10069 1343 212 759 1345
10027 1345 217 759 1345
10094 1345 222 760 1346
58 319 221 760 1346
10069 1344 215 760 1346
685 633 235 761 1347
10064 1346 210 761 1347
10094 1346 219 761 1347
10069 1345 221 761 1347
368 591 227 761 1347
10027 1347 213 761 1347
685 634 232 762 1348
10064 1347 221 762 1348
10094 1347 226 762 1348
58 321 223 762 1348
10069 1346 224 762 1348
274 128 226 762 1348
368 592 223 762 1348
10027 1348 213 763 1349
10064 1348 213 763 1349
10094 1348 221 763 1349
10069 1347 211 763 1349
274 129 226 763 1349
10027 1349 215 763 1349
10094 1349 225 764 1350
58 323 221 764 1350
10069 1348 213 764 1350
274 130 221 764 1350
10027 1350 214 764 1350
10064 1350 209 765 1351
10094 1350 224 765 1351
58 324 222 765 1351
10069 1349 211 765 1351
274 131 225 765 1351
10027 1351 212 765 1351
10064 1351 209 766 1352
10094 1351 225 766 1352
10069 1350 212 766 1352
58 325 223 766 1352
10027 1352 215 766 1352
10094 1352 224 767 1353
10069 1351 213 767 1353
58 326 222 767 1353
681 585 221 767 1353
10027 1353 211 767 1353
10094 1353 219 768 1354
10027 1354 210 768 1354
10094 1354 223 769 1355
10069 1353 207 769 1355
10027 1355 209 770 1356
10054 1356 207 770 1356
10064 1355 210 770 1356
10094 1355 225 770 1356
10069 1354 209 770 1356
10027 1356 209 771 1357
10064 1356 211 771 1357
10094 1356 225 771 1357
10069 1355 207 771 1357
10027 1357 210 772 1358
10054 1358 207 772 1358
10064 1357 210 772 1358
10094 1357 225 772 1358
10069 1356 207 772 1358
10027 1358 213 773 1359
10054 1359 208 773 1359
10064 1358 212 773 1359
10094 1358 225 773 1359
10027 1359 213 774 1360
10054 1360 207 774 1360
10064 1359 211 774 1360
10094 1359 225 774 1360
10027 1360 213 774 1360
10064 1360 215 775 1361
10094 1360 210 775 1361
10069 1359 218 775 1361
10064 1361 212 776 1362
10094 1361 211 776 1362
10069 1360 207 776 1362
10027 1362 210 777 1363
10064 1362 220 777 1363
10094 1362 218 777 1363
10027 1363 223 777 1363
10094 1363 214 778 1364
10069 1362 220 778 1364
10027 1364 219 778 1364
10054 1365 209 779 1365
10064 1364 207 779 1365
10094 1364 221 779 1365
10069 1363 217 779 1365
10064 1365 222 780 1366
10027 1366 220 780 1366
10064 1366 224 781 1367
10094 1366 231 781 1367
10027 1367 218 781 1367
10064 1367 223 782 1368
10094 1367 226 782 1368
10027 1368 217 782 1368
10064 1368 219 783 1369
660 664 227 783 1369
10094 1368 225 783 1369
10027 1369 216 783 1369
10064 1369 208 784 1370
10094 1369 217 784 1370
10069 1368 212 784 1370
10027 1370 213 784 1370
10064 1370 221 785 1371
10094 1370 213 785 1371
10069 1369 220 785 1371
10027 1371 215 785 1371
10064 1371 222 786 1372
10094 1371 217 786 1372
10069 1370 219 786 1372
10027 1372 213 786 1372
10064 1372 217 787 1373
10094 1372 209 787 1373
10094 1373 209 788 1374
10064 1374 206 789 1375
10094 1374 208 789 1375
10064 1375 208 790 1376
10094 1375 209 790 1376
10027 1376 211 790 1376
10064 1376 211 791 1377
10094 1376 219 791 1377
10069 1375 217 791 1377
10027 1377 217 791 1377
10064 1377 215 792 1378
10094 1377 219 792 1378
10027 1378 214 792 1378
10064 1378 221 793 1379
10094 1378 217 793 1379
10027 1379 214 793 1379
10064 1379 218 794 1380
10094 1379 225 794 1380
10069 1378 209 794 1380
274 160 227 794 1380
10027 1380 213 794 1380
10064 1380 220 795 1381
10094 1380 224 795 1381
10069 1379 209 795 1381
10027 1381 212 795 1381
10064 1381 219 796 1382
10094 1381 224 796 1382
10069 1380 210 796 1382
10027 1382 214 796 1382
10064 1382 218 797 1383
10094 1382 223 797 1383
10069 1381 211 797 1383
274 163 223 797 1383
10027 1383 213 797 1383
10064 1383 219 798 1384
10094 1383 223 798 1384
10069 1382 212 798 1384
10027 1384 215 798 1384
10064 1384 221 799 1385
10094 1384 227 799 1385
10069 1383 209 799 1385
10027 1385 212 799 1385
10064 1385 217 800 1386
10094 1385 227 800 1386
10069 1384 208 800 1386
10027 1386 214 800 1386
10064 1386 218 801 1387
10069 1385 215 801 1387
10027 1387 215 801 1387
10064 1387 219 802 1388
10094 1387 223 802 1388
10069 1386 212 802 1388
10027 1388 221 802 1388
10054 1389 207 802 1388
10064 1388 209 803 1389
10094 1388 222 803 1389
10069 1387 212 803 1389
10027 1389 216 803 1389
10054 1390 210 804 1390
10064 1389 207 804 1390
10069 1388 213 804 1390
10027 1390 219 804 1390
10064 1390 218 805 1391
10094 1390 220 805 1391
58 364 221 805 1391
10069 1389 212 805 1391
10171 1393 211 805 1391
10027 1391 227 805 1391
10064 1391 218 806 1392
10094 1391 219 806 1392
10069 1390 213 806 1392
10027 1392 210 806 1392
10064 1392 212 807 1393
10027 1393 213 807 1393
10064 1393 211 808 1394
10094 1393 219 808 1394
10064 1394 213 809 1395
10094 1394 217 809 1395
10069 1393 207 809 1395
10027 1395 207 809 1395
10064 1395 208 810 1396
10094 1395 219 810 1396
10064 1396 211 811 1397
10094 1396 228 811 1397
10027 1397 215 811 1397
10064 1397 211 812 1398
10094 1397 225 812 1398
10069 1396 210 812 1398
10027 1398 219 812 1398
10064 1398 208 813 1399
10094 1398 227 813 1399
10069 1397 208 813 1399
10027 1399 219 813 1399
10064 1399 210 814 1400
10094 1399 227 814 1400
10069 1398 208 814 1400
10027 1400 219 814 1400
10064 1400 209 815 1401
10094 1400 227 815 1401
10027 1401 218 815 1401
10064 1401 207 816 1402
10094 1401 227 816 1402
10069 1400 210 816 1402
10027 1402 218 816 1402
10064 1402 215 817 1403
10069 1401 210 817 1403
10064 1403 217 818 1404
10094 1403 223 818 1404
10069 1402 210 818 1404
10027 1404 213 818 1404
10064 1404 209 819 1405
10094 1404 224 819 1405
58 378 221 819 1405
10069 1403 210 819 1405
10027 1405 214 819 1405
10064 1405 211 820 1406
10094 1405 222 820 1406
10069 1404 213 820 1406
10027 1406 216 820 1406
10064 1406 210 821 1407
10094 1406 221 821 1407
10069 1405 213 821 1407
10027 1407 216 821 1407
10027 1409 210 823 1409
10054 1410 210 823 1409
10064 1409 214 823 1409
10094 1409 216 823 1409
10069 1408 219 823 1409
10027 1410 218 824 1410
10054 1411 207 824 1410
10064 1410 216 824 1410
10094 1410 226 824 1410
10064 1411 216 825 1411
10094 1411 220 825 1411
58 385 221 825 1411
10069 1410 211 825 1411
10064 1412 212 826 1412
10094 1412 217 826 1412
58 386 221 826 1412
10069 1411 215 826 1412
10027 1413 212 827 1413
10064 1413 217 827 1413
10094 1413 213 827 1413
10069 1412 217 827 1413
10027 1414 209 828 1414
10054 1415 208 828 1414
10064 1414 220 828 1414
10094 1414 212 828 1414
10069 1413 211 828 1414
10064 1415 215 829 1415
10094 1415 215 829 1415
10069 1414 213 829 1415
10064 1416 215 830 1416
10094 1416 217 830 1416
10069 1415 213 830 1416
10027 1417 223 831 1417
10064 1417 222 831 1417
10094 1417 226 831 1417
10069 1416 216 831 1417
10027 1418 219 832 1418
10064 1418 222 832 1418
10094 1418 223 832 1418
10069 1417 217 832 1418
10027 1419 218 833 1419
10064 1419 223 833 1419
10094 1419 227 833 1419
10069 1418 216 833 1419
656 725 221 834 1420
10027 1420 219 834 1420
10064 1420 221 834 1420
10094 1420 225 834 1420
10069 1419 220 834 1420
10027 1421 221 835 1421
10064 1421 214 835 1421
10069 1420 211 835 1421
10027 1422 215 836 1422
10064 1422 224 836 1422
10094 1422 213 836 1422
10069 1421 208 836 1422
10027 1423 215 837 1423
10054 1424 207 837 1423
10064 1423 221 837 1423
10094 1423 220 837 1423
58 397 221 837 1423
10069 1422 222 837 1423
10027 1424 219 838 1424
10054 1425 207 838 1424
10064 1424 221 838 1424
10094 1424 221 838 1424
10069 1423 223 838 1424
10027 1425 220 839 1425
10054 1426 208 839 1425
10064 1425 221 839 1425
10094 1425 222 839 1425
10069 1424 222 839 1425
10171 1428 207 840 1426
10027 1426 219 840 1426
10054 1427 209 840 1426
10064 1426 221 840 1426
10094 1426 221 840 1426
58 400 223 840 1426
10069 1425 222 840 1426
10171 1429 207 841 1427
10027 1427 219 841 1427
10054 1428 208 841 1427
10064 1427 223 841 1427
10094 1427 226 841 1427
58 401 223 841 1427
10069 1426 219 841 1427
10027 1428 218 842 1428
10054 1429 209 842 1428
10064 1428 225 842 1428
10094 1428 226 842 1428
58 402 223 842 1428
10069 1427 219 842 1428
10027 1429 221 843 1429
10064 1429 219 843 1429
10094 1429 214 843 1429
10069 1428 221 843 1429
10027 1430 217 844 1430
10064 1430 220 844 1430
10094 1430 218 844 1430
10069 1429 220 844 1430
10027 1431 217 845 1431
10054 1432 210 845 1431
10064 1431 213 845 1431
10094 1431 213 845 1431
10069 1430 213 845 1431
10064 1432 218 846 1432
10094 1432 219 846 1432
10069 1431 213 846 1432
10027 1433 208 847 1433
10064 1433 215 847 1433
10094 1433 220 847 1433
10069 1432 213 847 1433
10027 1434 211 848 1434
10054 1435 207 848 1434
10064 1434 211 848 1434
10094 1434 219 848 1434
10069 1433 218 848 1434
10027 1435 212 849 1435
10054 1436 208 849 1435
10064 1435 217 849 1435
10064 1439 219 853 1439
10094 1439 223 853 1439
10069 1438 208 853 1439
10027 1440 212 854 1440
10064 1440 222 854 1440
10094 1440 224 854 1440
10069 1439 216 854 1440
10064 1441 215 855 1441
10094 1441 221 855 1441
10069 1440 215 855 1441
10064 1442 213 856 1442
10094 1442 221 856 1442
10069 1441 217 856 1442
10064 1443 213 857 1443
10094 1443 221 857 1443
10069 1442 217 857 1443
10064 1444 219 858 1444
10094 1444 227 858 1444
10069 1443 222 858 1444
10027 1445 218 859 1445
10064 1445 223 859 1445
10094 1445 227 859 1445
10069 1444 221 859 1445
10027 1446 221 860 1446
10064 1446 223 860 1446
10094 1446 229 860 1446
10069 1445 221 860 1446
10027 1447 222 861 1447
10064 1447 221 861 1447
10094 1447 227 861 1447
10069 1446 223 861 1447
10027 1448 218 862 1448
10064 1448 222 862 1448
10094 1448 226 862 1448
10069 1447 222 862 1448
10027 1449 221 863 1449
10064 1449 222 863 1449
10094 1449 227 863 1449
10069 1448 223 863 1449
10027 1450 221 864 1450
10064 1450 222 864 1450
10094 1450 226 864 1450
10069 1449 222 864 1450
10027 1451 221 865 1451
10064 1451 222 865 1451
10094 1451 226 865 1451
10069 1450 222 865 1451
10027 1452 221 866 1452
10064 1452 222 866 1452
10094 1452 226 866 1452
10069 1451 223 866 1452
10027 1453 221 867 1453
10064 1453 223 867 1453
10094 1453 226 867 1453
10069 1452 223 867 1453
10027 1454 221 868 1454
10064 1454 222 868 1454
10094 1454 231 868 1454
10069 1453 221 868 1454
10027 1455 219 869 1455
10064 1455 222 869 1455
10094 1455 225 869 1455
10069 1454 223 869 1455
10027 1456 220 870 1456
10054 1457 208 870 1456
10064 1456 219 870 1456
10094 1456 227 870 1456
10069 1455 226 870 1456
10064 1457 223 871 1457
10094 1457 211 871 1457
10069 1456 225 871 1457
10027 1458 213 872 1458
10064 1458 223 872 1458
10094 1458 222 872 1458
10069 1457 225 872 1458
10027 1459 215 873 1459
10064 1459 223 873 1459
10094 1459 227 873 1459
10069 1458 218 873 1459
10027 1460 217 874 1460
10054 1461 206 874 1460
10064 1460 222 874 1460
10094 1460 230 874 1460
10069 1459 219 874 1460
10027 1461 215 875 1461
10064 1461 220 875 1461
10094 1461 229 875 1461
10069 1460 219 875 1461
10027 1462 215 876 1462
10064 1462 221 876 1462
10094 1462 230 876 1462
10069 1461 219 876 1462
10027 1463 211 877 1463
10064 1463 216 877 1463
10094 1463 225 877 1463
10069 1462 217 877 1463
10027 1464 216 878 1464
10064 1464 219 878 1464
10094 1464 225 878 1464
10069 1463 223 878 1464
10064 1465 215 879 1465
10094 1465 217 879 1465
10069 1464 213 879 1465
10027 1466 212 880 1466
10054 1467 209 880 1466
10064 1466 221 880 1466
10094 1466 224 880 1466
10069 1465 208 880 1466
10027 1467 223 881 1467
10094 1467 226 881 1467
10069 1466 216 881 1467
10027 1468 223 882 1468
10054 1469 207 882 1468
10094 1468 226 882 1468
10069 1467 211 882 1468
10027 1469 210 883 1469
10064 1469 224 883 1469
10094 1469 222 883 1469
10069 1468 224 883 1469
10027 1470 218 884 1470
10054 1471 214 884 1470
10064 1470 222 884 1470
10094 1470 217 884 1470
10069 1469 224 884 1470
10064 1471 219 885 1471
10094 1471 218 885 1471
10069 1470 215 885 1471
10027 1472 213 885 1471
10064 1472 214 886 1472
10094 1472 225 886 1472
10069 1471 218 886 1472
10027 1473 211 887 1473
10064 1473 213 887 1473
10094 1473 225 887 1473
10069 1472 217 887 1473
10027 1474 211 887 1473
10064 1474 217 888 1474
10094 1474 227 888 1474
10069 1473 217 888 1474
10027 1475 210 888 1474
10064 1475 216 889 1475
10094 1475 227 889 1475
10069 1474 217 889 1475
10027 1476 208 890 1476
10064 1476 217 890 1476
10094 1476 227 890 1476
10069 1475 216 890 1476
10027 1477 209 890 1476
10064 1477 218 891 1477
10094 1477 227 891 1477
10069 1476 216 891 1477
10027 1478 210 891 1477
10064 1478 217 892 1478
10094 1478 229 892 1478
10069 1477 217 892 1478
10027 1479 211 892 1478
10064 1479 217 893 1479
10094 1479 227 893 1479
10069 1478 223 893 1479
58 453 221 893 1479
10027 1480 218 893 1479
10064 1480 211 894 1480
10094 1480 219 894 1480
10069 1479 222 894 1480
10027 1481 217 894 1480
10094 1481 222 895 1481
10069 1480 223 895 1481
10027 1482 219 895 1481
10054 1483 209 896 1482
10064 1482 215 896 1482
10094 1482 219 896 1482
10069 1481 223 896 1482
10027 1483 218 896 1482
10054 1484 210 897 1483
10064 1483 212 897 1483
10094 1483 217 897 1483
10069 1482 223 897 1483
58 457 226 897 1483
10027 1484 216 897 1483
10064 1484 210 898 1484
10094 1484 223 898 1484
10069 1483 223 898 1484
58 458 222 898 1484
10027 1485 217 898 1484
10064 1485 212 899 1485
10094 1485 223 899 1485
10069 1484 223 899 1485
10027 1486 215 899 1485
10064 1486 213 900 1486
10094 1486 223 900 1486
10069 1485 223 900 1486
10027 1487 216 900 1486
10064 1487 212 901 1487
10094 1487 218 901 1487
10069 1486 225 901 1487
58 461 227 901 1487
10027 1488 217 901 1487
10064 1488 212 902 1488
10094 1488 222 902 1488
691 325 229 902 1488
10069 1487 225 902 1488
58 462 223 902 1488
10027 1489 215 902 1488
10054 1490 210 903 1489
10064 1489 225 903 1489
10094 1489 227 903 1489
691 326 225 903 1489
10069 1488 213 903 1489
10027 1490 212 903 1489
10064 1490 220 904 1490
10094 1490 229 904 1490
691 327 226 904 1490
10069 1489 220 904 1490
10027 1491 223 904 1490
10054 1492 207 905 1491
10064 1491 219 905 1491
10094 1491 221 905 1491
10069 1490 215 905 1491
10171 1494 208 905 1491
10027 1492 208 905 1491
10054 1493 209 906 1492
10064 1492 224 906 1492
10027 1493 209 906 1492
10064 1493 209 907 1493
10094 1493 216 907 1493
10069 1492 217 907 1493
10064 1494 209 908 1494
10094 1494 229 908 1494
10069 1493 213 908 1494
10064 1495 212 909 1495
10094 1495 230 909 1495
10069 1494 211 909 1495
10054 1497 207 910 1496
622 143 221 910 1496
10064 1496 217 910 1496
10094 1496 227 910 1496
10069 1495 209 910 1496
524 428 237 910 1496
305 892 228 910 1496
10064 1497 213 911 1497
10094 1497 223 911 1497
10069 1496 217 911 1497
58 471 223 911 1497
524 429 230 911 1497
10027 1498 209 911 1497
622 145 235 912 1498
10064 1498 217 912 1498
10094 1498 227 912 1498
10069 1497 208 912 1498
524 430 233 912 1498
305 894 233 912 1498
10027 1499 214 912 1498
10054 1500 207 913 1499
622 146 236 913 1499
10064 1499 219 913 1499
10094 1499 231 913 1499
10069 1498 215 913 1499
305 895 227 913 1499
10027 1500 215 913 1499
622 147 240 914 1500
10064 1500 221 914 1500
10094 1500 231 914 1500
10069 1499 217 914 1500
524 432 230 914 1500
305 896 223 914 1500
10027 1501 210 914 1500
622 148 230 915 1501
10064 1501 223 915 1501
10094 1501 227 915 1501
10069 1500 227 915 1501
58 475 221 915 1501
524 433 240 915 1501
305 897 232 915 1501
10027 1502 209 915 1501
622 149 227 916 1502
10064 1502 212 916 1502
10094 1502 231 916 1502
10069 1501 219 916 1502
58 476 231 916 1502
524 434 236 916 1502
10027 1509 214 922 1508
10064 1509 227 922 1508
10094 1509 227 922 1508
10069 1508 217 922 1508
10086 1511 208 923 1509
10054 1511 207 923 1509
10052 1513 208 923 1509
10068 1516 208 923 1509
58 484 224 923 1509
10171 1513 217 924 1510
10050 1515 211 924 1510
58 485 247 924 1510
10168 1688 209 1104 1690
10092 1702 207 1114 1700
10052 1715 207 1125 1711
10054 1714 213 1126 1712
10052 1716 210 1126 1712
10094 1713 211 1126 1712
10069 1712 211 1126 1712
10027 1714 224 1127 1713
