237 2 224 0 699
565 5 223 0 699
10113 692 225 0 699
466 2 223 0 699
45 1 223 1 700
10113 693 225 1 700
466 3 221 1 700
10109 689 211 1 700
621 4 227 2 701
588 1 233 2 701
45 2 231 2 701
280 5 225 2 701
10113 694 225 2 701
183 6 225 2 701
10109 690 218 2 701
236 4 225 2 701
237 5 227 3 702
347 3 225 3 702
588 2 241 3 702
45 3 222 3 702
148 5 227 3 702
280 6 233 3 702
10113 695 225 3 702
236 5 221 3 702
621 6 223 4 703
237 6 225 4 703
347 4 238 4 703
243 7 235 4 703
10113 696 235 4 703
466 6 235 4 703
10109 692 217 4 703
236 6 225 4 703
621 7 221 5 704
45 5 233 5 704
148 7 225 5 704
10113 697 220 5 704
466 7 232 5 704
10109 693 218 5 704
236 7 222 5 704
621 8 225 6 705
347 6 223 6 705
237 8 226 6 705
588 5 228 6 705
45 6 221 6 705
280 9 223 6 705
10113 698 222 6 705
466 8 229 6 705
10109 694 219 6 705
236 8 222 6 705
621 9 229 7 706
347 7 225 7 706
237 9 227 7 706
588 6 233 7 706
45 7 228 7 706
10113 699 210 7 706
183 11 225 7 706
10109 695 215 7 706
621 10 235 8 707
347 8 221 8 707
45 8 224 8 707
243 11 235 8 707
148 10 223 8 707
10113 700 230 8 707
236 10 227 8 707
10109 696 213 8 707
621 11 221 9 708
347 9 231 9 708
586 14 221 9 708
588 8 221 9 708
45 9 229 9 708
280 12 233 9 708
10113 701 225 9 708
466 11 221 9 708
10109 697 212 9 708
621 12 227 10 709
347 10 226 10 709
588 9 226 10 709
148 12 223 10 709
10113 702 223 10 709
183 14 225 10 709
10109 698 210 10 709
466 12 233 10 709
565 16 227 11 710
588 10 229 11 710
45 11 225 11 710
148 13 222 11 710
10113 703 209 11 710
236 13 225 11 710
10109 699 214 11 710
466 13 239 11 710
621 14 224 12 711
347 12 223 12 711
237 14 223 12 711
565 17 225 12 711
588 11 227 12 711
45 12 243 12 711
280 15 227 12 711
148 14 226 12 711
10113 704 225 12 711
183 16 225 12 711
10109 700 219 12 711
466 14 223 13 712
237 15 223 13 712
588 12 226 13 712
586 18 223 13 712
45 13 235 13 712
280 16 223 13 712
10113 705 226 13 712
148 15 225 13 712
183 17 225 13 712
236 15 225 13 712
10109 701 215 13 712
466 15 236 14 713
45 14 225 14 713
148 16 225 14 713
10109 702 212 15 714
466 16 241 15 714
621 17 225 15 714
347 15 231 15 714
588 14 223 15 714
45 15 243 15 714
10113 707 219 15 714
148 17 229 15 714
183 19 223 15 714
236 17 223 15 714
10109 703 213 16 715
466 17 224 16 715
621 18 229 16 715
237 18 225 16 715
45 16 240 16 715
280 19 229 16 715
10113 708 228 16 715
148 18 231 16 715
10109 704 218 17 716
466 18 231 17 716
621 19 223 17 716
237 19 223 17 716
565 22 223 17 716
586 22 225 17 716
588 16 237 17 716
45 17 243 17 716
280 20 227 17 716
243 20 221 17 716
10113 709 221 17 716
148 19 240 17 716
10109 705 221 18 717
621 20 225 18 717
565 23 225 18 717
237 20 227 18 717
347 18 223 18 717
588 17 233 18 717
45 18 237 18 717
243 21 225 18 717
148 20 225 18 717
10113 710 225 18 717
10109 706 207 19 718
466 20 221 19 718
237 21 221 19 718
347 19 221 19 718
588 18 227 19 718
45 19 223 19 718
280 22 225 19 718
243 22 223 19 718
148 21 231 19 718
10109 707 213 20 719
466 21 227 20 719
621 22 230 20 719
237 22 225 20 719
588 19 234 20 719
45 20 244 20 719
280 23 229 20 719
148 22 239 20 719
10113 712 227 20 719
347 21 223 21 720
588 20 221 21 720
45 21 235 21 720
243 24 225 21 720
280 24 223 21 720
148 23 231 21 720
10113 713 227 21 720
10109 709 207 22 721
621 24 229 22 721
565 27 223 22 721
237 24 227 22 721
588 21 225 22 721
45 22 243 22 721
243 25 225 22 721
280 25 227 22 721
148 24 243 22 721
10113 714 227 22 721
10109 710 213 23 722
466 24 233 23 722
621 25 221 23 722
565 28 223 23 722
237 25 227 23 722
588 22 232 23 722
45 23 239 23 722
280 26 233 23 722
148 25 227 23 722
10113 715 223 23 722
183 27 226 23 722
236 25 223 23 722
10109 711 212 24 723
466 25 224 24 723
621 26 223 24 723
347 24 223 24 723
45 24 237 24 723
280 27 223 24 723
148 26 237 24 723
10113 716 221 24 723
236 26 221 24 723
10109 712 211 25 724
466 26 227 25 724
565 30 231 25 724
237 27 240 25 724
45 25 250 25 724
10113 717 213 25 724
148 27 239 25 724
183 29 222 25 724
236 27 227 25 724
10109 713 211 26 725
466 27 225 26 725
621 28 221 26 725
10023 716 207 26 725
588 25 221 26 725
45 26 247 26 725
10113 718 224 26 725
148 28 226 26 725
183 30 223 26 725
236 28 223 26 725
10109 714 210 27 726
466 28 237 27 726
621 29 223 27 726
237 29 223 27 726
347 27 230 27 726
45 27 241 27 726
148 29 231 27 726
10113 719 207 27 726
10109 715 205 28 727
466 29 235 28 727
347 28 221 28 727
588 27 231 28 727
45 28 239 28 727
148 30 227 28 727
10113 720 222 28 727
183 32 221 28 727
10109 716 209 29 728
466 30 237 29 728
237 31 221 29 728
588 28 227 29 728
45 29 247 29 728
280 32 221 29 728
148 31 231 29 728
10113 721 227 29 728
466 31 239 30 729
588 29 226 30 729
45 30 235 30 729
148 32 235 30 729
10113 722 225 30 729
183 34 223 30 729
10109 718 209 31 730
466 32 221 31 730
10023 721 208 31 730
237 33 228 31 730
45 31 237 31 730
280 34 221 31 730
148 33 227 31 730
10113 723 219 31 730
183 35 221 31 730
10109 719 206 32 731
466 33 221 32 731
588 31 225 32 731
45 32 237 32 731
148 34 239 32 731
10113 724 223 32 731
236 34 222 32 731
10109 720 207 33 732
466 34 225 33 732
586 38 221 33 732
45 33 241 33 732
148 35 231 33 732
10113 725 228 33 732
10109 721 212 34 733
621 36 225 34 733
10023 724 207 34 733
588 33 224 34 733
45 34 243 34 733
280 37 221 34 733
148 36 227 34 733
10113 726 215 34 733
10109 722 215 35 734
466 36 221 35 734
621 37 221 35 734
588 34 227 35 734
45 35 235 35 734
148 37 227 35 734
10113 727 224 35 734
183 39 229 35 734
10109 723 206 36 735
621 38 235 36 735
237 38 224 36 735
588 35 234 36 735
45 36 243 36 735
280 39 223 36 735
148 38 233 36 735
10113 728 221 36 735
183 40 227 36 735
10109 724 218 37 736
621 39 231 37 736
588 36 235 37 736
45 37 239 37 736
148 39 227 37 736
10113 729 221 37 736
466 39 226 38 737
237 40 221 38 737
347 38 221 38 737
45 38 234 38 737
280 41 221 38 737
148 40 239 38 737
10113 730 221 38 737
466 40 225 39 738
45 39 241 39 738
280 42 221 39 738
148 41 235 39 738
10113 731 217 39 738
183 43 226 39 738
10109 727 212 40 739
466 41 225 40 739
621 42 227 40 739
45 40 231 40 739
243 43 224 40 739
148 42 239 40 739
10113 732 218 40 739
183 44 229 40 739
10109 728 217 41 740
466 42 231 41 740
621 43 232 41 740
588 40 226 41 740
45 41 233 41 740
243 44 223 41 740
148 43 226 41 740
10113 733 219 41 740
10109 729 217 42 741
588 41 222 42 741
45 42 237 42 741
243 45 221 42 741
10113 734 227 42 741
237 45 223 43 742
588 42 229 43 742
45 43 226 43 742
148 45 229 43 742
10113 735 228 43 742
183 47 221 43 742
10109 731 209 44 743
621 46 227 44 743
588 43 238 44 743
45 44 229 44 743
148 46 227 44 743
10113 736 217 44 743
183 48 225 45 744
10109 732 210 45 744
466 46 234 45 744
621 47 225 45 744
588 44 225 45 744
347 45 221 45 744
45 45 235 45 744
148 47 226 45 744
10113 737 217 45 744
621 48 225 46 745
588 45 238 46 745
148 48 223 46 745
10113 738 223 46 745
466 48 223 47 746
588 46 223 47 746
10113 739 217 47 746
621 50 221 48 747
588 47 226 48 747
45 48 233 48 747
10113 740 227 48 747
183 52 221 48 747
621 51 225 49 748
588 48 223 49 748
10113 741 223 49 748
466 51 227 50 749
565 55 225 50 749
45 50 221 50 749
236 52 221 50 749
10113 742 222 50 749
183 54 227 51 750
466 52 227 51 750
621 53 233 51 750
588 50 221 51 750
347 51 225 51 750
45 51 225 51 750
10113 743 231 51 750
183 55 222 52 751
10109 739 209 52 751
621 54 228 52 751
45 52 237 52 751
280 55 221 52 751
10113 744 206 52 751
148 54 226 52 751
183 56 223 53 752
621 55 227 53 752
10023 743 207 53 752
588 52 227 53 752
45 53 238 53 752
10126 686 206 53 752
236 55 225 53 752
10113 745 221 53 752
148 55 224 53 752
183 57 223 54 753
621 56 222 54 753
10023 744 206 54 753
45 54 229 54 753
10113 746 208 54 753
148 56 221 54 753
466 56 221 55 754
10023 745 208 55 754
588 54 235 55 754
45 55 235 55 754
10113 747 212 55 754
183 59 224 55 754
588 55 233 56 755
347 56 223 56 755
45 56 229 56 755
236 58 223 56 755
148 58 223 56 755
10113 748 227 56 755
10109 744 220 57 756
237 59 221 57 756
621 59 233 57 756
588 56 237 57 756
45 57 237 57 756
148 59 221 57 756
10113 749 219 57 756
10109 745 219 58 757
621 60 226 58 757
588 57 229 58 757
45 58 231 58 757
148 60 223 58 757
10113 750 231 58 757
183 62 230 59 758
10109 746 212 59 758
588 58 239 59 758
45 59 235 59 758
10113 751 210 59 758
10109 747 211 60 759
621 62 226 60 759
588 59 233 60 759
347 60 223 60 759
45 60 225 60 759
10113 752 228 60 759
236 62 224 60 759
183 64 225 60 759
10109 748 213 61 760
466 62 223 61 760
621 63 229 61 760
588 60 237 61 760
45 61 227 61 760
148 63 225 61 760
10113 753 231 61 760
236 63 224 61 760
183 65 222 61 760
10109 749 211 62 761
237 64 221 62 761
588 61 235 62 761
45 62 221 62 761
148 64 227 62 761
10113 754 225 62 761
621 65 221 63 762
588 62 232 63 762
280 66 221 63 762
236 65 223 63 762
10113 755 221 63 762
10109 751 214 64 763
237 66 223 64 763
466 65 227 64 763
10023 754 207 64 763
621 66 225 64 763
588 63 231 64 763
45 64 237 64 763
10113 756 225 64 763
10109 752 209 65 764
466 66 221 65 764
621 67 231 65 764
347 65 223 65 764
45 65 229 65 764
243 68 224 65 764
280 68 221 65 764
148 67 221 65 764
10113 757 231 65 764
183 69 224 65 764
10109 753 211 65 764
466 67 221 66 765
237 68 224 66 765
588 65 223 66 765
45 66 223 66 765
243 69 222 66 765
148 68 221 66 765
10113 758 218 66 765
183 70 227 66 765
237 69 223 67 766
10023 757 207 67 766
588 66 226 67 766
10113 759 213 67 766
183 71 221 67 766
10109 755 213 67 766
588 67 221 68 767
347 68 225 68 767
148 70 225 68 767
10113 760 224 68 767
10109 756 211 68 767
237 71 223 69 768
565 74 221 69 768
588 68 234 69 768
45 69 229 69 768
243 72 225 69 768
148 71 226 69 768
10113 761 215 69 768
10109 757 210 69 768
237 72 222 70 769
621 72 223 70 769
588 69 225 70 769
45 70 229 70 769
243 73 223 70 769
148 72 225 70 769
10113 762 225 70 769
236 72 225 70 769
183 74 223 70 769
10109 758 210 70 769
466 72 227 70 769
621 73 223 71 770
588 70 225 71 770
45 71 232 71 770
243 74 221 71 770
148 73 221 71 770
10113 763 219 71 770
10109 759 211 71 770
466 73 227 71 770
588 71 227 72 771
347 72 221 72 771
45 72 232 72 771
243 75 221 72 771
148 74 225 72 771
280 75 223 72 771
10113 764 229 72 771
10109 760 205 72 771
588 72 221 73 772
45 73 233 73 772
243 76 225 73 772
148 75 221 73 772
10113 765 227 73 772
183 77 224 73 772
10109 761 211 73 772
588 73 223 74 773
45 74 230 74 773
10113 766 221 74 773
183 78 227 74 773
10109 762 218 74 773
588 74 228 75 774
347 75 225 75 774
45 75 235 75 774
10113 767 223 75 774
183 79 221 75 774
10109 763 207 75 774
588 75 223 76 775
347 76 226 76 775
45 76 229 76 775
243 79 223 76 775
148 78 224 76 775
10113 768 223 76 775
183 80 221 76 775
10109 764 214 76 775
237 79 226 76 775
466 78 223 77 776
565 82 223 77 776
588 76 233 77 776
45 77 237 77 776
243 80 223 77 776
280 80 221 77 776
148 79 224 77 776
10113 769 219 77 776
236 79 222 77 776
10109 765 212 77 776
183 81 226 77 776
237 80 231 77 776
466 79 233 78 777
621 80 223 78 777
588 77 239 78 777
45 78 224 78 777
10112 766 207 79 778
10023 769 212 79 778
565 84 227 79 778
10147 766 210 79 778
691 74 239 79 778
168 70 225 80 779
320 81 236 80 779
148 82 224 80 779
10154 773 209 81 780
740 11 221 81 780
264 91 238 81 780
10106 778 210 82 781
767 86 233 82 781
774 91 227 82 781
735 90 246 82 781
785 79 221 82 781
10134 774 211 83 782
708 82 237 83 782
597 92 222 83 782
658 90 222 83 782
483 99 244 83 782
10134 775 208 84 783
10171 784 207 84 783
10065 785 208 84 783
10052 785 205 84 783
483 100 247 84 783
10052 786 206 85 784
10092 784 206 85 784
483 101 225 85 784
10171 786 209 86 785
10052 787 206 86 785
483 102 227 86 785
10094 784 209 86 785
10069 783 208 86 785
10052 788 212 87 786
148 89 221 87 786
10171 788 211 88 787
10052 789 207 88 787
752 127 223 88 787
10171 789 210 89 788
10052 790 208 89 788
10171 791 207 91 790
10052 792 207 91 790
483 107 221 91 790
752 130 223 91 790
10171 792 210 92 791
752 131 223 92 791
10171 793 208 93 792
10086 793 206 94 793
10054 793 206 94 793
10068 798 217 94 793
10062 791 213 95 794
10164 589 209 96 795
10159 797 209 96 795
10043 793 222 96 795
10091 794 211 97 796
10100 787 213 97 796
10026 798 212 98 797
10032 798 206 99 798
10066 807 209 107 806
10151 806 207 108 807
10028 807 211 108 807
10022 809 207 108 807
10041 805 208 108 807
10019 808 215 108 807
10152 810 208 108 807
483 124 221 108 807
10151 807 215 109 808
10022 810 207 109 808
10041 806 207 109 808
10152 811 208 109 808
10151 808 218 110 809
10022 811 207 110 809
10152 812 212 110 809
10151 809 211 111 810
10019 811 211 111 810
483 127 227 111 810
10151 810 216 112 811
10034 814 207 112 811
10019 812 214 112 811
10017 808 211 112 811
483 128 247 112 811
10151 811 223 113 812
41 119 240 113 812
10028 812 209 113 812
10022 814 208 113 812
85 111 221 113 812
423 109 225 113 812
10017 809 218 113 812
616 105 223 113 812
10042 813 211 113 812
10152 815 210 113 812
483 129 235 113 812
10151 812 217 114 813
10022 815 221 114 813
357 68 236 114 813
85 112 221 114 813
10017 810 217 114 813
592 117 221 114 813
627 117 226 114 813
10151 813 222 115 814
10022 816 227 115 814
357 69 225 115 814
10017 811 208 115 814
483 131 233 115 814
10151 814 216 116 815
10022 817 222 116 815
10034 818 210 116 815
357 70 229 116 815
10017 812 211 116 815
667 112 221 116 815
483 132 235 116 815
10022 818 221 117 816
357 71 230 117 816
10034 819 208 117 816
10017 813 212 117 816
667 113 222 117 816
10042 817 206 117 816
483 133 241 117 816
10151 816 210 118 817
10022 819 223 118 817
357 72 233 118 817
10034 820 217 118 817
10017 814 223 118 817
484 40 224 118 817
10152 820 207 118 817
483 134 233 118 817
10151 817 213 119 818
10022 820 221 119 818
10034 821 207 119 818
10017 815 223 119 818
483 135 240 119 818
688 123 224 120 819
10151 818 221 120 819
10022 821 217 120 819
10034 822 209 120 819
10017 816 221 120 819
483 136 223 120 819
688 124 223 121 820
10151 819 223 121 820
357 75 222 121 820
10017 817 214 121 820
483 137 229 121 820
10151 820 208 122 821
10022 823 213 122 821
10017 818 215 122 821
349 122 225 122 821
10042 822 205 122 821
483 138 235 122 821
10152 824 207 122 821
627 125 229 123 822
688 126 221 123 822
10151 821 220 123 822
10022 824 218 123 822
357 77 226 123 822
423 119 226 123 822
10017 819 213 123 822
10152 825 213 123 822
483 139 237 123 822
10151 822 218 124 823
10034 826 211 124 823
10017 820 211 124 823
21 117 223 124 823
10152 826 209 124 823
483 140 237 124 823
627 127 227 125 824
688 128 223 125 824
10151 823 215 125 824
10022 826 217 125 824
10034 827 218 125 824
357 79 221 125 824
423 121 223 125 824
10017 821 218 125 824
21 118 222 125 824
10152 827 209 125 824
483 141 233 125 824
10151 824 215 126 825
10022 827 218 126 825
10034 828 215 126 825
357 80 223 126 825
10017 822 219 126 825
21 119 221 126 825
10152 828 212 126 825
483 142 233 126 825
10151 825 209 127 826
10022 828 214 127 826
10017 823 209 127 826
21 120 221 127 826
483 143 230 127 826
10151 826 217 128 827
10022 829 209 128 827
357 82 223 128 827
10017 824 214 128 827
21 121 223 128 827
483 144 233 128 827
10152 830 212 128 827
530 88 221 128 827
10011 827 208 129 828
10151 827 213 129 828
41 135 226 129 828
10022 830 218 129 828
10034 831 219 129 828
357 83 221 129 828
10017 825 217 129 828
349 129 222 129 828
616 121 223 129 828
21 122 225 129 828
483 145 233 129 828
10152 831 213 129 828
530 89 223 129 828
10151 828 212 130 829
41 136 223 130 829
10022 831 212 130 829
10034 832 215 130 829
423 126 223 130 829
10017 826 209 130 829
10042 830 206 130 829
10152 832 209 130 829
483 146 223 130 829
296 145 221 130 829
10151 829 208 131 830
10022 832 212 131 830
10034 833 213 131 830
357 85 225 131 830
423 127 221 131 830
10017 827 209 131 830
10042 831 206 131 830
483 147 223 131 830
10152 833 208 131 830
10151 830 218 132 831
10034 834 221 132 831
357 86 227 132 831
423 128 221 132 831
10017 828 211 132 831
21 125 221 132 831
483 148 222 132 831
10152 834 208 132 831
10151 831 215 133 832
10022 834 217 133 832
10034 835 216 133 832
423 129 223 133 832
10017 829 207 133 832
10152 835 208 133 832
10151 832 222 134 833
10022 835 214 134 833
10034 836 213 134 833
357 88 223 134 833
423 130 221 134 833
349 134 221 134 833
10017 830 211 134 833
483 150 229 134 833
10152 836 213 134 833
334 70 221 134 833
10151 833 219 135 834
10034 837 207 135 834
10017 831 213 135 834
483 151 227 135 834
10152 837 211 135 834
10151 834 208 136 835
10034 838 211 136 835
10017 832 217 136 835
483 152 222 136 835
10152 838 207 136 835
10034 839 207 137 836
357 91 225 137 836
10017 833 211 137 836
688 141 221 138 837
10151 836 212 138 837
10034 840 209 138 837
357 92 223 138 837
349 138 223 138 837
10017 834 218 138 837
10151 837 214 139 838
10022 840 212 139 838
357 93 221 139 838
10017 835 217 139 838
483 155 222 139 838
10151 838 212 140 839
10022 841 210 140 839
10017 836 214 140 839
10022 842 219 141 840
10034 843 215 141 840
357 95 223 141 840
349 141 223 141 840
10017 837 221 141 840
483 157 233 141 840
10152 843 212 141 840
41 148 221 142 841
10022 843 219 142 841
357 96 225 142 841
10034 844 217 142 841
423 138 221 142 841
10017 838 223 142 841
483 158 233 142 841
10152 844 212 142 841
10151 841 213 143 842
10022 844 219 143 842
357 97 227 143 842
10034 845 216 143 842
10017 839 213 143 842
10152 845 211 143 842
10151 842 223 144 843
10022 845 219 144 843
10034 846 208 144 843
10017 840 221 144 843
483 160 231 144 843
10152 846 217 144 843
688 148 221 145 844
10151 843 219 145 844
10022 846 217 145 844
10034 847 212 145 844
357 99 227 145 844
10017 841 214 145 844
483 161 235 145 844
10152 847 217 145 844
10151 844 213 146 845
10022 847 217 146 845
10034 848 215 146 845
483 162 225 146 845
10152 848 208 146 845
10151 845 208 147 846
10022 848 210 147 846
10034 849 211 147 846
10017 843 208 147 846
483 163 231 147 846
10152 849 209 147 846
10022 849 209 148 847
10034 850 210 148 847
357 102 234 148 847
10017 844 221 148 847
483 164 223 148 847
10152 850 207 148 847
10022 850 210 149 848
10034 851 209 149 848
10017 845 213 149 848
483 165 223 149 848
10152 851 207 149 848
10151 848 210 150 849
10022 851 210 150 849
10034 852 208 150 849
357 104 223 150 849
10017 846 213 150 849
10151 849 211 151 850
10022 852 211 151 850
10034 853 209 151 850
10017 847 208 151 850
10151 850 208 152 851
10022 853 211 152 851
10034 854 209 152 851
357 106 223 152 851
10017 848 211 152 851
483 168 225 152 851
10152 854 208 152 851
10151 851 213 153 852
10022 854 212 153 852
357 107 222 153 852
10017 849 207 153 852
10042 853 206 153 852
483 169 246 153 852
10152 855 209 153 852
10151 852 211 154 853
10022 855 213 154 853
10034 856 210 154 853
357 108 223 154 853
10017 850 216 154 853
483 170 237 154 853
10152 856 211 154 853
10151 853 220 155 854
10022 856 219 155 854
10034 857 212 155 854
357 109 231 155 854
10041 852 205 155 854
10017 851 221 155 854
10152 857 214 155 854
483 171 233 155 854
10151 854 215 156 855
10022 857 207 156 855
10017 852 209 156 855
10151 855 217 157 856
357 111 221 157 856
10017 853 211 157 856
10151 856 212 158 857
10022 859 209 158 857
357 112 221 158 857
423 154 221 158 857
10017 854 211 158 857
688 162 221 159 858
10151 857 213 159 858
10017 855 211 159 858
10152 861 212 159 858
483 175 224 159 858
10151 858 215 160 859
10022 861 217 160 859
10034 862 205 160 859
357 114 235 160 859
10041 857 207 160 859
10017 856 218 160 859
10152 862 209 160 859
483 176 227 160 859
10151 859 219 161 860
10022 862 214 161 860
10034 863 212 161 860
357 115 228 161 860
423 157 222 161 860
10017 857 220 161 860
483 177 228 161 860
10017 858 207 162 861
483 178 227 162 861
10017 859 207 163 862
483 179 224 163 862
483 180 223 164 863
483 181 222 165 864
10017 862 216 166 865
10152 868 211 166 865
483 182 243 166 865
10151 865 212 167 866
688 170 223 167 866
10022 868 209 167 866
10034 869 207 167 866
357 121 227 167 866
10017 863 217 167 866
10152 869 208 167 866
483 183 245 167 866
10151 866 215 168 867
688 171 225 168 867
10022 869 217 168 867
357 122 225 168 867
22 120 224 168 867
10017 864 223 168 867
10042 868 210 168 867
483 184 251 168 867
688 172 227 169 868
10151 867 221 169 868
10022 870 212 169 868
10034 871 208 169 868
357 123 223 169 868
10041 866 206 169 868
10017 865 223 169 868
10042 869 209 169 868
483 185 248 169 868
688 173 223 170 869
10151 868 219 170 869
10022 871 210 170 869
357 124 226 170 869
10041 867 209 170 869
10017 866 213 170 869
10152 872 215 170 869
10034 873 210 171 870
357 125 221 171 870
10017 867 208 171 870
10042 871 207 171 870
10152 873 208 171 870
483 187 248 171 870
688 175 225 172 871
10151 870 207 172 871
10022 873 211 172 871
10034 874 207 172 871
357 126 237 172 871
10041 869 206 172 871
10017 868 224 172 871
21 165 222 172 871
10042 872 207 172 871
10152 874 217 172 871
483 188 239 172 871
334 108 221 172 871
688 176 221 173 872
10151 871 219 173 872
10022 874 211 173 872
357 127 233 173 872
10034 875 209 173 872
10041 870 208 173 872
10017 869 224 173 872
21 166 221 173 872
10042 873 207 173 872
10152 875 219 173 872
483 189 239 173 872
688 177 225 174 873
10151 872 217 174 873
10022 875 211 174 873
10034 876 212 174 873
10041 871 209 174 873
423 170 223 174 873
10017 870 223 174 873
21 167 223 174 873
10042 874 207 174 873
10152 876 217 174 873
483 190 240 174 873
10151 873 219 175 874
688 178 221 175 874
10034 877 210 175 874
10017 871 225 175 874
21 168 225 175 874
10042 875 206 175 874
10152 877 217 175 874
483 191 238 175 874
10151 874 219 176 875
10022 877 217 176 875
10034 878 210 176 875
357 130 229 176 875
10017 872 221 176 875
10152 878 210 176 875
483 192 233 176 875
10151 875 218 177 876
688 180 222 177 876
10022 878 208 177 876
357 131 227 177 876
10017 873 217 177 876
688 181 221 178 877
10151 876 215 178 877
10022 879 209 178 877
10034 880 208 178 877
10017 874 217 178 877
10152 880 206 178 877
483 194 229 178 877
688 182 221 179 878
10151 877 214 179 878
10022 880 209 179 878
10034 881 212 179 878
357 133 222 179 878
423 175 221 179 878
10017 875 221 179 878
483 195 233 179 878
10152 881 209 179 878
10151 878 212 180 879
10022 881 214 180 879
10041 877 206 180 879
10017 876 219 180 879
483 196 231 180 879
688 184 222 181 880
10151 879 223 181 880
10022 882 218 181 880
10034 883 207 181 880
41 187 226 181 880
357 135 224 181 880
10017 877 223 181 880
483 197 243 181 880
688 185 223 182 881
10151 880 217 182 881
10022 883 216 182 881
10034 884 207 182 881
41 188 221 182 881
85 180 223 182 881
21 175 223 182 881
10152 884 210 182 881
483 198 233 182 881
10151 881 219 183 882
10022 884 213 183 882
10034 885 209 183 882
41 189 228 183 882
85 181 221 183 882
10041 880 209 183 882
423 179 224 183 882
10017 879 221 183 882
483 199 231 183 882
10151 882 217 184 883
10022 885 211 184 883
10017 880 212 184 883
483 200 221 184 883
10151 883 206 185 884
357 139 225 185 884
10152 887 210 185 884
483 201 225 185 884
10022 887 209 186 885
423 182 225 186 885
10017 882 213 186 885
10151 885 213 187 886
10022 888 217 187 886
10034 889 208 187 886
423 183 223 187 886
10017 883 212 187 886
483 203 237 187 886
10151 886 221 188 887
10022 889 210 188 887
10017 884 223 188 887
10152 890 208 188 887
483 204 233 188 887
688 192 224 189 888
10151 887 213 189 888
10022 890 223 189 888
10034 891 211 189 888
10017 885 225 189 888
10042 889 207 189 888
10152 891 206 189 888
483 205 236 189 888
688 193 223 190 889
10151 888 221 190 889
10022 891 220 190 889
10034 892 213 190 889
357 144 223 190 889
10041 887 208 190 889
10017 886 223 190 889
10152 892 215 190 889
483 206 231 190 889
10151 889 220 191 890
10022 892 210 191 890
10034 893 207 191 890
578 196 227 191 890
10017 887 213 191 890
10152 893 209 191 890
483 207 251 191 890
11 109 221 192 891
10151 890 225 192 891
10022 893 211 192 891
10034 894 208 192 891
357 146 228 192 891
10041 889 213 192 891
10042 892 207 192 891
10008 890 208 192 891
10152 894 211 192 891
483 208 248 192 891
367 179 221 192 891
10151 891 219 193 892
11 110 221 193 892
10022 894 207 193 892
10034 895 208 193 892
357 147 226 193 892
10041 890 212 193 892
10017 889 221 193 892
10042 893 209 193 892
10008 891 207 193 892
10152 895 212 193 892
483 209 250 193 892
10151 892 223 194 893
11 111 222 194 893
10022 895 215 194 893
10034 896 210 194 893
357 148 233 194 893
10041 891 212 194 893
10017 890 222 194 893
10042 894 207 194 893
10008 892 206 194 893
10152 896 209 194 893
483 210 247 194 893
11 112 223 195 894
10151 893 223 195 894
10022 896 211 195 894
10034 897 211 195 894
357 149 228 195 894
10041 892 212 195 894
10017 891 219 195 894
10042 895 210 195 894
21 188 221 195 894
10152 897 208 195 894
483 211 252 195 894
10151 894 225 196 895
11 113 221 196 895
10022 897 214 196 895
41 202 221 196 895
357 150 225 196 895
10041 893 210 196 895
423 192 225 196 895
10017 892 225 196 895
10042 896 211 196 895
483 212 252 196 895
728 35 221 197 896
10151 895 225 197 896
10022 898 216 197 896
357 151 227 197 896
10041 894 211 197 896
10017 893 225 197 896
10042 897 210 197 896
10008 895 207 197 896
483 213 253 197 896
688 201 224 198 897
728 36 221 198 897
10151 896 223 198 897
11 115 221 198 897
10022 899 206 198 897
10034 900 207 198 897
357 152 230 198 897
10041 895 209 198 897
578 203 224 198 897
423 194 224 198 897
10017 894 227 198 897
10042 898 210 198 897
10008 896 206 198 897
10152 900 207 198 897
483 214 253 198 897
688 202 223 199 898
10151 897 225 199 898
10022 900 211 199 898
357 153 221 199 898
10041 896 212 199 898
578 204 223 199 898
10017 895 223 199 898
483 215 252 199 898
688 203 221 200 899
10151 898 223 200 899
10022 901 212 200 899
10034 902 210 200 899
10041 897 212 200 899
578 205 225 200 899
10017 896 221 200 899
483 216 244 200 899
10152 902 211 200 899
10151 899 219 201 900
10017 897 221 201 900
10042 901 210 201 900
21 194 221 201 900
483 217 250 201 900
10152 903 213 201 900
688 205 231 202 901
10151 900 220 202 901
10034 904 208 202 901
10041 899 211 202 901
578 207 227 202 901
10017 898 221 202 901
10042 902 209 202 901
10008 900 206 202 901
483 218 250 202 901
10152 904 206 202 901
688 206 229 203 902
10151 901 223 203 902
10022 904 212 203 902
10034 905 208 203 902
10041 900 210 203 902
10017 899 225 203 902
10042 903 208 203 902
10008 901 207 203 902
10152 905 206 203 902
483 219 250 203 902
688 207 226 204 903
10151 902 225 204 903
10022 905 221 204 903
85 202 221 204 903
10041 901 210 204 903
423 200 224 204 903
10017 900 212 204 903
10152 906 210 204 903
483 220 252 204 903
10151 903 212 205 904
10022 906 210 205 904
10034 907 208 205 904
10017 901 223 205 904
10152 907 212 205 904
483 221 242 205 904
10022 907 215 206 905
22 158 221 206 905
10017 902 212 206 905
483 222 234 206 905
10152 908 206 206 905
688 210 221 207 906
10151 905 209 207 906
10022 908 217 207 906
357 161 223 207 906
10017 903 223 207 906
484 53 223 207 906
483 223 229 207 906
10152 909 218 207 906
688 211 237 208 907
10151 906 223 208 907
11 125 223 208 907
10022 909 217 208 907
10034 910 207 208 907
10041 905 207 208 907
578 213 221 208 907
357 162 227 208 907
532 219 223 208 907
10017 904 216 208 907
10042 908 207 208 907
10152 910 206 208 907
483 224 254 208 907
10151 907 211 209 908
10034 911 208 209 908
10017 905 213 209 908
10042 909 207 209 908
483 225 252 209 908
10151 908 213 210 909
10034 912 207 210 909
10017 906 206 210 909
483 226 253 210 909
10151 909 207 211 910
10022 912 209 211 910
10034 913 207 211 910
10152 913 206 211 910
483 227 251 211 910
10151 910 211 212 911
10034 914 207 212 911
10017 908 207 212 911
10151 911 210 213 912
10022 914 211 213 912
10034 915 211 213 912
10017 909 210 213 912
688 217 227 214 913
10151 912 211 214 913
10022 915 221 214 913
578 219 221 214 913
10041 911 209 214 913
41 220 227 214 913
10042 914 206 214 913
10152 916 210 214 913
483 230 228 214 913
10151 913 223 215 914
10022 916 206 215 914
10019 915 206 215 914
10008 913 209 215 914
10152 917 215 215 914
10042 916 206 216 915
10019 920 210 220 919
483 240 222 224 923
10151 923 207 225 924
10019 926 207 226 925
10151 927 207 229 928
10019 931 207 231 930
10017 927 205 231 930
10152 933 209 231 930
10151 930 213 232 931
10019 932 207 232 931
483 248 229 232 931
483 249 242 233 932
10019 934 210 234 933
483 250 243 234 933
483 251 247 235 934
483 252 242 236 935
10019 937 207 237 936
483 253 236 237 936
483 254 240 238 937
10152 941 204 239 938
10019 940 211 240 939
483 256 225 240 939
483 257 227 241 940
483 258 223 242 941
10019 943 207 243 942
483 260 232 244 943
10151 943 206 245 944
10152 947 208 245 944
483 261 223 245 944
10019 946 209 246 945
483 262 231 246 945
10019 947 209 247 946
483 263 221 247 946
10019 948 210 248 947
483 264 225 248 947
483 265 243 249 948
10151 948 210 250 949
10019 950 215 250 949
10152 952 214 250 949
483 266 247 250 949
10151 949 207 251 950
10152 953 206 251 950
10019 952 208 252 951
10152 954 206 252 951
483 268 225 252 951
10151 952 207 254 953
10019 954 207 254 953
483 270 223 254 953
10151 953 211 255 954
10019 955 211 255 954
10152 957 213 255 954
10152 958 211 256 955
10008 955 212 257 956
10152 959 208 257 956
10008 956 208 258 957
10152 960 210 258 957
483 274 228 258 957
10151 957 208 259 958
10019 959 206 259 958
10008 957 206 259 958
483 275 227 259 958
10019 960 208 260 959
10152 962 210 260 959
483 276 225 260 959
33 230 221 261 960
10019 961 210 261 960
10152 963 206 261 960
483 278 238 262 961
10152 965 207 263 962
483 279 221 263 962
10152 967 210 265 964
483 281 221 265 964
10151 964 207 266 965
10019 966 205 266 965
10019 970 210 270 969
10152 972 206 270 969
10152 973 206 271 970
10019 972 209 272 971
10151 971 207 273 972
10151 972 208 274 973
10019 974 212 274 973
10151 973 209 275 974
10151 974 208 276 975
10152 978 208 276 975
10151 975 209 277 976
10019 977 209 277 976
10152 979 214 277 976
10151 976 209 278 977
10019 978 208 278 977
10152 980 213 278 977
10151 977 207 279 978
10019 979 210 279 978
10151 979 207 281 980
10019 981 206 281 980
10152 983 212 281 980
10151 980 208 282 981
10019 982 208 282 981
10008 980 207 282 981
10152 984 209 282 981
10019 983 210 283 982
10152 985 211 283 982
10151 982 210 284 983
10019 984 210 284 983
10008 982 206 284 983
10152 986 211 284 983
10151 983 208 285 984
10019 985 209 285 984
10042 985 206 285 984
10008 983 206 285 984
10019 986 210 286 985
10008 984 207 286 985
10152 988 208 286 985
10019 987 211 287 986
10008 985 206 287 986
10152 989 209 287 986
10019 988 211 288 987
10152 990 211 288 987
10019 989 208 289 988
10042 989 207 289 988
10008 987 206 289 988
10152 991 210 289 988
10008 989 209 291 990
10019 992 209 292 991
10008 990 206 292 991
10152 994 209 292 991
10008 991 208 293 992
10151 992 208 294 993
10152 996 210 294 993
10151 993 208 295 994
10042 995 206 295 994
10152 997 210 295 994
10019 996 210 296 995
10042 996 207 296 995
10152 998 215 296 995
10019 997 210 297 996
10152 999 214 297 996
10042 998 207 298 997
10152 1000 210 298 997
10152 1001 207 299 998
10152 1002 217 300 999
10008 999 207 301 1000
10152 1003 217 301 1000
10151 1000 208 302 1001
10008 1000 208 302 1001
10152 1004 215 302 1001
10008 1001 205 303 1002
10152 1005 215 303 1002
10152 1006 210 304 1003
10019 1005 208 305 1004
10152 1007 211 305 1004
10019 1006 208 306 1005
10019 1014 221 314 1013
10017 1010 206 314 1013
10008 1012 211 314 1013
10152 1016 211 315 1014
138 328 221 315 1014
10032 1021 207 322 1021
393 77 221 325 1024
702 332 227 325 1024
192 6 223 325 1024
10025 1025 211 326 1025
743 245 223 326 1025
10116 1015 207 327 1026
775 47 221 327 1026
10129 1022 206 327 1026
10166 1029 206 327 1026
10143 1019 207 327 1026
10130 1017 207 327 1026
564 71 235 328 1027
10147 1015 208 328 1027
10029 1018 221 328 1027
199 332 223 328 1027
10112 1016 207 329 1028
279 335 224 329 1028
10102 1019 211 329 1028
111 311 239 329 1028
10029 1019 210 329 1028
10105 1016 210 329 1028
10146 1019 206 330 1029
10111 1018 207 330 1029
10016 1020 207 330 1029
111 312 226 330 1029
10143 1022 213 330 1029
10007 1020 208 331 1030
111 313 234 331 1030
567 291 225 331 1030
612 322 227 332 1031
243 335 221 332 1031
630 2 235 332 1031
310 328 223 333 1032
10127 1021 219 333 1032
17 54 221 333 1032
10108 1022 221 333 1032
525 335 226 333 1032
732 290 225 334 1033
173 139 223 334 1033
10137 1021 209 334 1033
371 385 227 334 1033
63 320 221 334 1033
503 333 222 334 1033
79 336 222 334 1033
10131 1020 225 334 1033
310 329 223 334 1033
10127 1022 209 334 1033
10108 1023 210 334 1033
10125 1023 210 334 1033
462 172 227 335 1034
173 140 224 335 1034
371 386 223 335 1034
503 334 235 335 1034
10131 1021 225 335 1034
446 331 221 335 1034
10127 1023 205 335 1034
732 292 222 336 1035
173 141 247 336 1035
371 387 225 336 1035
63 322 227 336 1035
503 335 231 336 1035
10108 1025 219 336 1035
732 293 223 337 1036
173 142 241 337 1036
503 336 225 337 1036
10148 1031 206 338 1037
173 143 241 338 1037
10104 1024 217 338 1037
503 337 223 338 1037
10114 1030 213 338 1037
32 321 221 339 1038
732 295 221 339 1038
173 144 221 339 1038
503 338 246 339 1038
10112 1026 205 339 1038
10125 1028 222 339 1038
10105 1026 221 339 1038
462 177 237 340 1039
732 296 227 340 1039
10112 1027 208 340 1039
10131 1026 207 340 1039
310 335 225 340 1039
17 61 224 340 1039
10125 1029 227 340 1039
525 342 227 340 1039
10105 1027 211 340 1039
462 178 231 341 1040
371 392 230 341 1040
10104 1027 209 341 1040
10112 1028 207 341 1040
10108 1030 206 341 1040
10125 1030 222 341 1040
10105 1028 213 341 1040
462 179 233 342 1041
10104 1028 207 342 1041
63 328 224 342 1041
10112 1029 212 342 1041
310 337 221 342 1041
173 1 221 342 1041
525 344 223 342 1041
10125 1031 223 342 1041
10105 1029 223 342 1041
462 180 227 343 1042
371 394 221 343 1042
79 345 221 343 1042
10112 1030 211 343 1042
310 338 225 343 1042
525 345 222 343 1042
10125 1032 223 343 1042
10105 1030 222 343 1042
371 395 231 344 1043
503 343 222 344 1043
10112 1031 217 344 1043
10131 1030 209 344 1043
10125 1033 224 344 1043
10105 1031 218 344 1043
462 182 239 345 1044
732 301 223 345 1044
10104 1031 212 345 1044
10112 1032 217 345 1044
310 340 227 345 1044
10131 1031 206 345 1044
10125 1034 227 345 1044
10105 1032 220 345 1044
462 183 235 346 1045
732 302 224 346 1045
32 328 221 346 1045
10104 1032 212 346 1045
10112 1033 210 346 1045
310 341 223 346 1045
173 5 225 346 1045
525 348 229 346 1045
10125 1035 223 346 1045
462 184 243 347 1046
10104 1033 205 347 1046
63 333 223 347 1046
79 349 222 347 1046
10112 1034 215 347 1046
310 342 223 347 1046
17 68 225 347 1046
525 349 227 347 1046
10125 1036 230 347 1046
10105 1034 223 347 1046
462 185 243 348 1047
10104 1034 209 348 1047
10125 1037 221 348 1047
10105 1035 219 348 1047
462 186 225 349 1048
10104 1035 206 349 1048
10112 1036 219 349 1048
310 344 221 349 1048
10125 1038 212 349 1048
10105 1036 223 349 1048
462 187 235 350 1049
732 306 226 350 1049
525 352 225 350 1049
10125 1039 220 350 1049
10105 1037 223 350 1049
732 307 223 351 1050
10104 1037 210 351 1050
63 337 228 351 1050
10112 1038 212 351 1050
10125 1040 213 351 1050
10105 1038 220 351 1050
462 189 237 352 1051
32 334 223 352 1051
732 308 229 352 1051
10104 1038 206 352 1051
503 351 221 352 1051
10112 1039 223 352 1051
17 73 225 352 1051
10125 1041 221 352 1051
10105 1039 225 352 1051
462 190 231 353 1052
32 335 221 353 1052
732 309 228 353 1052
371 404 222 353 1052
10112 1040 223 353 1052
10131 1039 210 353 1052
10125 1042 227 353 1052
10105 1040 229 353 1052
462 191 225 354 1053
732 310 235 354 1053
371 405 225 354 1053
503 353 222 354 1053
10112 1041 225 354 1053
10131 1040 209 354 1053
10125 1043 223 354 1053
10105 1041 225 354 1053
732 311 236 355 1054
10104 1041 212 355 1054
310 350 223 355 1054
10112 1042 223 355 1054
10131 1041 210 355 1054
173 14 222 355 1054
10125 1044 228 355 1054
10105 1042 231 355 1054
462 193 237 356 1055
732 312 231 356 1055
371 407 223 356 1055
10112 1043 223 356 1055
10131 1042 209 356 1055
17 77 225 356 1055
10125 1045 219 356 1055
10105 1043 224 356 1055
462 194 235 357 1056
732 313 225 357 1056
10104 1043 212 357 1056
371 408 221 357 1056
63 343 222 357 1056
79 359 223 357 1056
10112 1044 217 357 1056
10125 1046 221 357 1056
10105 1044 217 357 1056
462 195 234 358 1057
32 340 223 358 1057
10104 1044 205 358 1057
371 409 227 358 1057
273 340 224 358 1057
10112 1045 227 358 1057
173 17 223 358 1057
10125 1047 225 358 1057
10105 1045 224 358 1057
462 196 225 359 1058
732 315 221 359 1058
10112 1046 209 359 1058
17 80 223 359 1058
10125 1048 213 359 1058
10105 1046 215 359 1058
10125 1049 212 360 1059
10105 1047 210 360 1059
10104 1047 207 361 1060
10112 1048 218 361 1060
10125 1050 223 361 1060
10105 1048 222 361 1060
10104 1048 211 362 1061
79 364 221 362 1061
10125 1051 211 362 1061
10105 1049 213 362 1061
32 345 237 363 1062
10104 1049 207 363 1062
371 414 225 363 1062
10112 1050 223 363 1062
173 22 224 363 1062
525 365 221 363 1062
10125 1052 222 363 1062
10105 1050 213 363 1062
462 201 234 364 1063
32 346 227 364 1063
732 320 222 364 1063
10112 1051 223 364 1063
173 23 221 364 1063
10125 1053 222 364 1063
10105 1051 229 364 1063
32 347 225 365 1064
732 321 221 365 1064
79 367 229 365 1064
10112 1052 220 365 1064
10125 1054 213 365 1064
10105 1052 227 365 1064
462 203 223 366 1065
10112 1053 221 366 1065
525 368 229 366 1065
10125 1055 210 366 1065
10105 1053 217 366 1065
462 204 225 367 1066
32 349 225 367 1066
10112 1054 225 367 1066
525 369 227 367 1066
10125 1056 209 367 1066
10105 1054 223 367 1066
32 350 221 368 1067
462 205 225 368 1067
371 419 237 368 1067
79 370 221 368 1067
10112 1055 225 368 1067
10125 1057 219 368 1067
10105 1055 227 368 1067
462 206 227 369 1068
32 351 225 369 1068
371 420 224 369 1068
79 371 221 369 1068
10112 1056 213 369 1068
10125 1058 216 369 1068
10105 1056 211 369 1068
10112 1057 221 370 1069
10125 1059 209 370 1069
10105 1057 226 370 1069
10112 1058 223 371 1070
10125 1060 206 371 1070
10105 1058 219 371 1070
10104 1058 208 372 1071
371 423 223 372 1071
10112 1059 227 372 1071
10125 1061 211 372 1071
10105 1059 229 372 1071
462 210 221 373 1072
503 372 221 373 1072
10112 1060 225 373 1072
10146 1062 205 373 1072
525 375 226 373 1072
10125 1062 229 373 1072
10105 1060 221 373 1072
462 211 229 374 1073
79 376 226 374 1073
310 369 221 374 1073
10112 1061 212 374 1073
10125 1063 223 374 1073
10105 1061 221 374 1073
462 212 224 375 1074
10104 1061 212 375 1074
79 377 224 375 1074
371 426 225 375 1074
10112 1062 209 375 1074
10125 1064 207 375 1074
732 332 224 376 1075
462 213 231 376 1075
371 427 223 376 1075
10112 1063 205 376 1075
10105 1063 229 376 1075
732 333 221 377 1076
462 214 231 377 1076
10104 1063 206 377 1076
79 379 221 377 1076
10112 1064 213 377 1076
10125 1066 213 377 1076
10105 1064 219 377 1076
732 334 223 378 1077
462 215 222 378 1077
10104 1064 211 378 1077
79 380 225 378 1077
10112 1065 218 378 1077
10125 1067 218 378 1077
10105 1065 230 378 1077
10105 1066 206 379 1078
10105 1067 210 380 1079
10112 1068 210 381 1080
10125 1070 223 381 1080
10105 1068 220 381 1080
371 433 223 382 1081
10112 1069 217 382 1081
10125 1071 217 382 1081
10105 1069 225 382 1081
10112 1070 213 383 1082
10105 1070 211 383 1082
10125 1075 209 386 1085
10105 1073 220 386 1085
32 369 222 386 1085
462 224 226 387 1086
10104 1073 206 387 1086
310 382 221 387 1086
10112 1074 213 387 1086
10125 1076 216 387 1086
10105 1074 208 387 1086
10104 1074 213 388 1087
462 225 235 388 1087
310 383 227 388 1087
10112 1075 212 388 1087
10125 1077 218 388 1087
10105 1075 217 388 1087
79 391 221 389 1088
10112 1076 214 389 1088
10125 1078 210 389 1088
10105 1076 208 389 1088
32 372 225 389 1088
732 346 222 389 1088
10112 1077 213 390 1089
10125 1079 214 390 1089
10105 1077 209 390 1089
732 347 221 390 1089
10104 1077 210 391 1090
371 442 224 391 1090
10112 1078 213 391 1090
10125 1080 220 391 1090
10105 1078 218 391 1090
10104 1078 212 392 1091
462 229 221 392 1091
10112 1079 213 392 1091
310 387 225 392 1091
10125 1081 225 392 1091
10105 1079 209 392 1091
732 349 223 392 1091
10104 1079 213 393 1092
79 395 221 393 1092
10125 1082 221 393 1092
10105 1080 206 393 1092
10104 1080 211 394 1093
371 445 222 394 1093
310 389 230 394 1093
10125 1083 223 394 1093
10105 1081 223 394 1093
732 351 227 394 1093
462 232 231 395 1094
503 394 222 395 1094
63 381 223 395 1094
10112 1082 212 395 1094
10125 1084 222 395 1094
10105 1082 223 395 1094
462 233 227 396 1095
371 447 221 396 1095
10112 1083 210 396 1095
10131 1082 208 396 1095
173 55 221 396 1095
10105 1083 210 396 1095
10104 1083 212 397 1096
462 234 233 397 1096
371 448 222 397 1096
503 396 223 397 1096
10112 1084 219 397 1096
63 383 223 397 1096
10125 1086 216 397 1096
10105 1084 216 397 1096
732 354 226 397 1096
10104 1084 214 398 1097
371 449 226 398 1097
10112 1085 212 398 1097
17 119 221 398 1097
10125 1087 223 398 1097
732 355 223 398 1097
462 236 229 399 1098
371 450 233 399 1098
10112 1086 210 399 1098
10125 1088 221 399 1098
10105 1086 215 399 1098
462 237 231 400 1099
10112 1087 211 400 1099
10125 1089 225 400 1099
10105 1087 217 400 1099
10104 1087 206 401 1100
462 238 235 401 1100
371 452 224 401 1100
63 387 234 401 1100
10112 1088 214 401 1100
10131 1087 206 401 1100
10125 1090 222 401 1100
10105 1088 218 401 1100
732 358 233 401 1100
10104 1088 209 402 1101
462 239 225 402 1101
79 404 223 402 1101
63 388 225 402 1101
503 401 221 402 1101
10112 1089 210 402 1101
17 123 223 402 1101
10125 1091 225 402 1101
10105 1089 213 402 1101
732 359 224 402 1101
462 240 237 403 1102
10104 1089 212 403 1102
79 405 229 403 1102
371 454 227 403 1102
10112 1090 209 403 1102
503 402 221 403 1102
10125 1092 227 403 1102
10105 1090 220 403 1102
732 360 225 403 1102
462 241 229 404 1103
10104 1090 210 404 1103
79 406 223 404 1103
63 390 226 404 1103
10125 1093 215 404 1103
10105 1091 217 404 1103
462 242 229 405 1104
10104 1091 215 405 1104
79 407 222 405 1104
17 126 223 405 1104
10125 1094 224 405 1104
10105 1092 224 405 1104
732 362 221 405 1104
32 388 223 405 1104
10104 1092 208 406 1105
462 243 229 406 1105
63 392 223 406 1105
10112 1093 219 406 1105
10131 1092 209 406 1105
10125 1095 228 406 1105
10105 1093 219 406 1105
732 363 221 406 1105
371 458 221 407 1106
63 393 231 407 1106
10112 1094 215 407 1106
503 406 221 407 1106
173 66 223 407 1106
525 409 227 407 1106
10125 1096 227 407 1106
10105 1094 219 407 1106
462 245 233 407 1106
79 410 222 408 1107
371 459 222 408 1107
10112 1095 210 408 1107
10131 1094 211 408 1107
17 129 222 408 1107
525 410 225 408 1107
10125 1097 223 408 1107
10105 1095 220 408 1107
732 365 224 408 1107
32 391 233 408 1107
462 246 242 409 1108
10104 1095 207 409 1108
79 411 234 409 1108
371 460 227 409 1108
10112 1096 219 409 1108
17 130 221 409 1108
10125 1098 208 409 1108
32 392 224 409 1108
462 247 241 409 1108
10104 1096 210 410 1109
79 412 227 410 1109
371 461 235 410 1109
10112 1097 213 410 1109
17 131 223 410 1109
525 412 223 410 1109
10125 1099 226 410 1109
10105 1097 213 410 1109
462 248 235 411 1110
10104 1097 212 411 1110
79 413 233 411 1110
371 462 232 411 1110
310 406 221 411 1110
10112 1098 206 411 1110
525 413 222 411 1110
10125 1100 228 411 1110
10105 1098 216 411 1110
32 394 223 411 1110
462 249 225 412 1111
10104 1098 209 412 1111
79 414 227 412 1111
10112 1099 215 412 1111
10131 1098 208 412 1111
10125 1101 223 412 1111
10105 1099 221 412 1111
32 395 229 413 1112
10104 1099 208 413 1112
371 464 223 413 1112
10112 1100 215 413 1112
10131 1099 208 413 1112
525 415 221 413 1112
10125 1102 228 413 1112
732 370 223 413 1112
32 396 230 414 1113
462 251 236 414 1113
10104 1100 213 414 1113
79 416 221 414 1113
371 465 221 414 1113
10112 1101 219 414 1113
10131 1100 211 414 1113
10125 1103 231 414 1113
10105 1101 219 414 1113
732 371 221 414 1113
32 397 227 415 1114
462 252 229 415 1114
79 417 237 415 1114
10104 1101 207 415 1114
371 466 221 415 1114
10105 1105 224 418 1117
10104 1105 213 418 1117
10112 1106 208 418 1117
10125 1108 216 418 1117
10105 1106 213 419 1118
732 376 221 419 1118
10104 1106 212 419 1118
371 471 221 419 1118
10112 1107 217 419 1118
10131 1106 206 419 1118
173 79 221 419 1118
10125 1109 231 419 1118
10105 1107 220 419 1118
732 377 224 420 1119
462 258 231 420 1119
10104 1107 214 420 1119
79 423 223 420 1119
371 472 221 420 1119
10112 1108 212 420 1119
10131 1107 209 420 1119
10125 1110 235 420 1119
10105 1108 219 420 1119
462 259 231 421 1120
10104 1108 217 421 1120
32 404 225 421 1120
10112 1109 207 421 1120
10131 1108 209 421 1120
10125 1111 225 421 1120
10105 1109 209 422 1121
732 379 221 422 1121
310 418 226 422 1121
10112 1110 214 422 1121
503 422 221 422 1121
10125 1112 227 422 1121
10105 1110 206 422 1121
462 261 227 423 1122
10104 1110 208 423 1122
10112 1111 210 423 1122
10125 1113 227 423 1122
10105 1111 207 423 1122
462 262 230 424 1123
10104 1111 207 424 1123
10112 1112 210 424 1123
10125 1114 228 424 1123
10105 1112 213 425 1124
462 263 237 425 1124
10104 1112 207 425 1124
310 421 221 425 1124
10112 1113 207 425 1124
10125 1115 217 425 1124
10105 1113 226 426 1125
79 429 223 426 1125
10112 1114 212 426 1125
10125 1116 219 426 1125
10105 1114 223 426 1125
462 265 223 427 1126
10104 1114 205 427 1126
371 479 229 427 1126
10112 1115 208 427 1126
10125 1117 224 427 1126
10105 1115 231 428 1127
10112 1116 215 428 1127
10125 1118 213 428 1127
10105 1116 222 429 1128
10112 1117 207 429 1128
10125 1119 227 429 1128
10105 1117 227 430 1129
462 268 223 430 1129
371 482 221 430 1129
63 417 221 430 1129
10112 1118 220 430 1129
525 433 221 430 1129
10125 1120 218 431 1130
10105 1118 214 431 1130
732 388 222 431 1130
32 414 225 431 1130
10131 1118 207 431 1130
10125 1121 221 432 1131
10105 1119 213 432 1131
732 389 227 432 1131
10104 1119 210 432 1131
10112 1120 211 432 1131
10131 1119 209 432 1131
503 432 221 432 1131
10125 1122 239 433 1132
525 435 223 433 1132
10105 1120 223 433 1132
10104 1120 210 433 1132
310 429 224 433 1132
10112 1121 207 433 1132
525 436 227 434 1133
10125 1123 234 434 1133
10105 1121 208 434 1133
10104 1121 209 434 1133
10112 1122 210 434 1133
10125 1124 225 435 1134
10105 1122 218 435 1134
10104 1122 213 435 1134
10112 1123 211 435 1134
10131 1122 208 435 1134
10125 1125 235 436 1135
10105 1123 217 436 1135
10104 1123 207 436 1135
10112 1124 207 436 1135
17 158 221 436 1135
10125 1126 238 437 1136
10105 1124 218 437 1136
10104 1124 213 437 1136
10112 1125 215 437 1136
10131 1124 207 437 1136
17 159 221 437 1136
10125 1127 233 438 1137
10105 1125 215 438 1137
10104 1125 215 438 1137
732 395 222 438 1137
371 490 221 438 1137
310 434 227 438 1137
10112 1126 209 438 1137
17 160 221 438 1137
10125 1128 231 439 1138
10105 1126 219 439 1138
10104 1126 212 439 1138
10112 1127 207 439 1138
10125 1129 223 440 1139
10105 1127 220 440 1139
525 442 222 440 1139
732 397 221 440 1139
32 423 222 440 1139
371 492 221 440 1139
10112 1128 225 440 1139
503 440 221 440 1139
10125 1130 219 441 1140
10105 1128 214 441 1140
10104 1128 213 441 1140
732 398 228 441 1140
32 424 221 441 1140
10112 1129 209 441 1140
10125 1131 221 442 1141
10105 1129 213 442 1141
10104 1129 213 442 1141
10114 1135 214 442 1141
10122 1131 207 442 1141
10110 1130 212 442 1141
10104 1130 206 443 1142
10131 1131 232 444 1143
10127 1133 210 444 1143
17 166 227 444 1143
10125 1134 208 445 1144
10137 1133 210 445 1144
32 428 221 445 1144
310 441 229 445 1144
10131 1132 235 445 1144
503 445 228 445 1144
10127 1134 216 445 1144
79 9 223 445 1144
10108 1135 207 446 1145
10125 1135 211 446 1145
10137 1134 208 446 1145
32 429 225 446 1145
310 442 221 446 1145
10131 1133 222 446 1145
503 446 241 446 1145
173 106 237 446 1145
10127 1135 211 446 1145
17 168 223 446 1145
10108 1136 219 447 1146
10137 1135 208 447 1146
32 430 229 447 1146
10131 1134 228 447 1146
24 307 221 447 1146
503 447 232 447 1146
10127 1136 213 447 1146
10108 1137 214 448 1147
10125 1137 208 448 1147
10104 1135 205 448 1147
10131 1135 227 448 1147
503 448 223 448 1147
17 170 223 448 1147
10108 1138 218 449 1148
32 432 224 449 1148
310 445 223 449 1148
10131 1136 233 449 1148
503 449 229 449 1148
10127 1138 215 449 1148
17 171 225 449 1148
10108 1139 221 450 1149
10125 1139 209 450 1149
310 446 221 450 1149
10131 1137 226 450 1149
503 450 233 450 1149
173 110 229 450 1149
10127 1139 210 450 1149
10108 1140 221 451 1150
10125 1140 207 451 1150
10137 1139 207 451 1150
462 289 227 451 1150
32 434 231 451 1150
10131 1138 225 451 1150
173 111 235 451 1150
79 15 221 452 1151
10108 1141 219 452 1151
525 454 226 452 1151
462 290 229 452 1151
32 435 221 452 1151
310 448 225 452 1151
63 439 225 452 1151
10131 1139 222 452 1151
173 112 234 452 1151
10108 1142 212 453 1152
10125 1142 207 453 1152
732 410 224 453 1152
310 449 223 453 1152
10131 1140 219 453 1152
503 453 223 453 1152
10108 1143 212 454 1153
732 411 227 454 1153
10131 1141 210 454 1153
10127 1143 209 454 1153
10108 1144 208 455 1154
371 507 225 455 1154
10131 1142 223 455 1154
173 115 223 455 1154
10127 1144 207 455 1154
79 19 221 456 1155
371 508 227 456 1155
10131 1143 225 456 1155
173 116 235 456 1155
10127 1145 206 456 1155
10108 1146 206 457 1156
732 414 222 457 1156
10131 1144 218 457 1156
173 117 223 457 1156
10108 1147 207 458 1157
732 415 223 458 1157
10131 1145 224 458 1157
173 118 228 458 1157
17 180 223 458 1157
10108 1148 207 459 1158
310 455 221 459 1158
10131 1146 221 459 1158
10127 1148 208 459 1158
17 181 222 459 1158
310 456 221 460 1159
10131 1147 223 460 1159
173 120 229 460 1159
10127 1149 211 460 1159
10108 1150 207 461 1160
310 457 223 461 1160
10131 1148 223 461 1160
173 121 229 461 1160
10127 1150 207 461 1160
17 183 223 461 1160
10108 1151 208 462 1161
10137 1150 207 462 1161
10131 1149 222 462 1161
173 122 231 462 1161
10127 1151 208 462 1161
10108 1152 207 463 1162
10137 1151 207 463 1162
310 459 223 463 1162
10131 1150 207 463 1162
173 123 226 463 1162
17 185 222 463 1162
10108 1153 208 464 1163
10125 1153 208 464 1163
732 421 226 464 1163
10131 1151 226 464 1163
173 124 228 464 1163
10127 1153 210 464 1163
17 186 223 464 1163
10108 1154 213 465 1164
10131 1152 227 465 1164
173 125 237 465 1164
10127 1154 207 465 1164
10108 1155 206 466 1165
371 518 225 466 1165
10131 1153 221 466 1165
173 126 227 466 1165
10127 1155 207 466 1165
10131 1154 226 467 1166
173 127 225 467 1166
371 520 221 468 1167
10131 1155 227 468 1167
173 128 223 468 1167
10127 1157 206 468 1167
79 32 222 469 1168
10108 1158 208 469 1168
10125 1158 207 469 1168
732 426 223 469 1168
10131 1156 220 469 1168
10125 1159 208 470 1169
10137 1158 208 470 1169
371 522 222 470 1169
32 453 221 470 1169
10131 1157 227 470 1169
10108 1160 212 471 1170
310 467 221 471 1170
10131 1158 209 471 1170
10127 1160 206 471 1170
10108 1161 212 472 1171
10125 1161 206 472 1171
310 468 221 472 1171
10131 1159 220 472 1171
173 132 221 472 1171
10108 1162 212 473 1172
10125 1162 206 473 1172
462 311 221 473 1172
32 456 221 473 1172
10131 1160 227 473 1172
503 473 224 473 1172
10108 1163 208 474 1173
732 431 222 474 1173
10131 1161 225 474 1173
503 474 223 474 1173
173 134 229 474 1173
10108 1164 217 475 1174
10125 1164 206 475 1174
732 432 221 475 1174
462 313 223 475 1174
10131 1162 231 475 1174
173 135 222 475 1174
10108 1165 211 476 1175
10131 1163 225 476 1175
10108 1166 207 477 1176
732 434 225 477 1176
10131 1164 225 477 1176
10127 1166 208 477 1176
10131 1165 223 478 1177
10127 1167 208 478 1177
10131 1166 217 479 1178
173 139 221 479 1178
10127 1168 207 479 1178
732 437 221 480 1179
10131 1167 208 480 1179
173 140 223 480 1179
10127 1169 207 480 1179
732 438 223 481 1180
10131 1168 207 481 1180
173 141 224 481 1180
10131 1171 215 484 1183
10131 1172 209 485 1184
10131 1174 209 487 1186
10131 1175 212 488 1187
10131 1176 211 489 1188
310 486 221 490 1189
10131 1177 224 490 1189
32 473 222 490 1189
10108 1180 205 490 1189
10131 1178 215 491 1190
32 474 225 491 1190
17 213 221 491 1190
10108 1181 206 491 1190
10131 1179 214 492 1191
32 475 221 492 1191
310 489 221 493 1192
173 153 227 493 1192
10131 1180 212 493 1192
32 476 223 493 1192
10127 1182 207 493 1192
10131 1181 215 494 1193
173 154 231 494 1193
10127 1183 207 494 1193
310 491 221 495 1194
10131 1182 211 495 1194
173 155 230 495 1194
10127 1184 208 495 1194
310 492 221 496 1195
10131 1183 210 496 1195
173 156 227 496 1195
10127 1185 210 496 1195
310 493 221 497 1196
10131 1184 214 497 1196
173 157 233 497 1196
10127 1186 209 497 1196
310 494 221 498 1197
10131 1185 212 498 1197
173 158 227 498 1197
10127 1187 206 498 1197
310 495 221 499 1198
10131 1186 223 499 1198
173 159 224 499 1198
310 496 221 500 1199
10131 1187 221 500 1199
173 160 228 500 1199
10127 1189 206 500 1199
79 64 223 500 1199
10108 1190 206 500 1199
310 497 221 501 1200
10137 1189 207 501 1200
10131 1188 217 501 1200
173 161 226 501 1200
732 459 221 502 1201
10131 1189 219 502 1201
173 162 230 502 1201
310 499 225 503 1202
10131 1190 218 503 1202
173 163 228 503 1202
310 500 223 504 1203
10131 1191 213 504 1203
173 164 231 504 1203
79 68 221 504 1203
10131 1192 219 505 1204
173 165 228 505 1204
17 227 221 505 1204
79 69 227 505 1204
10131 1193 224 506 1205
173 166 231 506 1205
17 228 221 506 1205
79 70 226 506 1205
10131 1194 219 507 1206
173 167 231 507 1206
10127 1196 210 507 1206
17 229 221 507 1206
79 71 221 507 1206
10108 1197 209 507 1206
10125 1197 206 507 1206
310 504 227 508 1207
732 465 222 508 1207
63 495 221 508 1207
10131 1195 235 508 1207
173 168 227 508 1207
503 508 221 508 1207
17 230 222 508 1207
10108 1198 217 508 1207
371 561 233 509 1208
10131 1196 229 509 1208
173 169 233 509 1208
503 509 222 509 1208
10127 1198 215 509 1208
10108 1199 208 509 1208
10125 1199 208 509 1208
310 506 231 510 1209
10131 1197 222 510 1209
32 493 223 510 1209
173 170 238 510 1209
10127 1199 209 510 1209
10108 1200 215 510 1209
462 349 221 511 1210
732 468 221 511 1210
10131 1198 223 511 1210
173 171 224 511 1210
503 511 221 511 1210
10108 1201 212 511 1210
10131 1199 219 512 1211
32 495 233 512 1211
503 512 223 512 1211
173 172 225 512 1211
10127 1201 212 512 1211
17 234 231 512 1211
10108 1202 214 512 1211
10125 1202 207 512 1211
63 500 221 513 1212
10131 1200 227 513 1212
32 496 227 513 1212
10127 1202 212 513 1212
10108 1203 213 513 1212
462 352 221 514 1213
10131 1201 219 514 1213
32 497 229 514 1213
17 236 223 514 1213
10108 1204 213 514 1213
371 567 221 515 1214
10131 1202 209 515 1214
32 498 223 515 1214
503 515 222 515 1214
10127 1204 208 515 1214
17 237 223 515 1214
10108 1205 210 515 1214
371 568 223 516 1215
10131 1203 225 516 1215
79 80 223 517 1216
525 519 223 517 1216
371 569 225 517 1216
10131 1204 220 517 1216
32 500 221 517 1216
10108 1207 210 517 1216
10125 1207 206 517 1216
10137 1206 213 518 1217
732 475 221 518 1217
371 570 227 518 1217
462 356 221 518 1217
10131 1205 221 518 1217
503 518 222 518 1217
10127 1207 211 518 1217
10108 1208 214 518 1217
525 521 225 519 1218
273 85 223 519 1218
371 571 229 519 1218
462 357 228 519 1218
10131 1206 228 519 1218
173 179 221 519 1218
10127 1208 209 519 1218
525 522 223 520 1219
371 572 225 520 1219
10131 1207 221 520 1219
10127 1209 212 520 1219
79 84 223 520 1219
10108 1210 211 520 1219
310 517 221 521 1220
371 573 226 521 1220
462 359 227 521 1220
10131 1208 226 521 1220
173 181 227 521 1220
10127 1210 212 521 1220
79 85 225 521 1220
10108 1211 213 521 1220
273 88 225 522 1221
371 574 226 522 1221
462 360 221 522 1221
10131 1209 225 522 1221
173 182 247 522 1221
10108 1212 207 522 1221
525 525 223 523 1222
371 575 221 523 1222
10131 1210 205 523 1222
10108 1213 207 523 1222
10125 1213 205 523 1222
10137 1212 206 524 1223
273 90 226 524 1223
32 507 230 524 1223
173 184 225 524 1223
10108 1214 211 524 1223
732 482 222 525 1224
10131 1212 212 525 1224
503 525 221 525 1224
173 185 229 525 1224
10108 1215 207 525 1224
10137 1214 208 526 1225
732 483 237 526 1225
273 92 221 526 1225
371 578 225 526 1225
10131 1213 215 526 1225
32 509 233 526 1225
173 186 233 526 1225
10127 1215 213 526 1225
79 90 221 526 1225
462 365 223 527 1226
10131 1214 230 527 1226
32 510 233 527 1226
173 187 221 527 1226
10127 1216 212 527 1226
79 91 223 527 1226
10108 1217 211 527 1226
10125 1217 207 527 1226
310 524 225 528 1227
732 485 231 528 1227
371 580 225 528 1227
63 515 223 528 1227
10131 1215 236 528 1227
173 188 235 528 1227
79 92 221 528 1227
310 525 221 529 1228
732 486 229 529 1228
462 367 221 529 1228
10131 1216 226 529 1228
32 512 221 529 1228
173 189 231 529 1228
10127 1218 207 529 1228
79 93 225 529 1228
10108 1219 210 529 1228
10137 1218 208 530 1229
732 487 227 530 1229
10131 1217 225 530 1229
173 190 226 530 1229
503 530 221 530 1229
10108 1220 212 530 1229
310 527 221 531 1230
732 488 235 531 1230
10131 1218 226 531 1230
32 514 233 531 1230
173 191 235 531 1230
503 531 226 531 1230
10127 1220 209 531 1230
79 95 221 531 1230
732 489 236 532 1231
10137 1220 210 532 1231
371 584 221 532 1231
10131 1219 223 532 1231
32 515 222 532 1231
173 192 235 532 1231
10127 1221 214 532 1231
732 490 226 533 1232
371 585 221 533 1232
10131 1220 215 533 1232
32 516 225 533 1232
173 193 239 533 1232
10127 1222 211 533 1232
10108 1223 213 533 1232
525 536 224 534 1233
462 372 223 534 1233
371 586 231 534 1233
10131 1221 221 534 1233
173 194 235 534 1233
10127 1223 210 534 1233
17 256 224 534 1233
79 98 224 534 1233
10108 1224 206 534 1233
525 537 226 535 1234
371 587 229 535 1234
10131 1222 228 535 1234
32 518 221 535 1234
503 535 224 535 1234
173 195 235 535 1234
10127 1224 207 535 1234
10108 1225 209 535 1234
371 588 221 536 1235
10131 1223 227 536 1235
32 519 231 536 1235
503 536 224 536 1235
173 196 239 536 1235
10127 1225 211 536 1235
10108 1226 210 536 1235
732 494 221 537 1236
525 539 223 537 1236
63 524 224 537 1236
10131 1224 221 537 1236
32 520 229 537 1236
503 537 224 537 1236
173 197 231 537 1236
79 101 225 537 1236
10108 1227 215 537 1236
732 495 224 538 1237
273 104 224 538 1237
371 590 221 538 1237
10131 1225 218 538 1237
503 538 226 538 1237
173 198 231 538 1237
79 102 223 538 1237
10108 1228 215 538 1237
732 496 225 539 1238
273 105 225 539 1238
10131 1226 225 539 1238
503 539 225 539 1238
173 199 231 539 1238
79 103 229 539 1238
10108 1229 218 539 1238
462 378 221 540 1239
10131 1227 225 540 1239
32 523 225 540 1239
173 200 226 540 1239
10127 1229 206 540 1239
10108 1230 219 540 1239
310 537 222 541 1240
525 543 225 541 1240
462 379 221 541 1240
10131 1228 219 541 1240
32 524 225 541 1240
503 541 221 541 1240
173 201 231 541 1240
79 105 223 541 1240
10105 1229 205 542 1241
10137 1230 212 542 1241
732 499 221 542 1241
310 538 221 542 1241
525 544 231 542 1241
10131 1229 239 542 1241
173 202 236 542 1241
173 203 250 543 1242
239 545 223 543 1242
10143 1236 206 543 1242
10007 1234 210 544 1243
525 546 225 544 1243
63 531 223 544 1243
10146 1234 207 544 1243
173 204 247 544 1243
79 108 221 544 1243
310 541 223 545 1244
10112 1233 207 545 1244
173 205 253 545 1244
10029 1236 208 546 1245
10105 1233 209 546 1245
10148 1240 207 546 1245
310 542 226 546 1245
63 533 233 546 1245
10112 1234 206 546 1245
32 529 225 546 1245
10023 1237 206 546 1245
173 206 245 546 1245
10120 1241 209 546 1245
310 543 224 547 1246
10129 1243 211 547 1246
173 207 243 547 1246
10129 1244 206 548 1247
173 208 231 548 1247
10085 1249 207 549 1248
173 209 246 549 1248
10031 1252 212 550 1249
63 537 227 550 1249
10106 1247 210 550 1249
79 114 223 550 1249
10076 1246 224 551 1250
396 38 229 551 1250
310 547 225 551 1250
10055 1250 239 551 1250
462 389 221 551 1250
32 534 233 551 1250
406 600 227 551 1250
10140 1246 214 551 1250
744 61 223 551 1250
10158 1245 221 551 1250
10106 1248 211 551 1250
10040 1245 214 551 1250
79 115 237 552 1251
128 44 223 552 1251
10018 578 211 552 1251
10106 1249 222 552 1251
140 588 223 552 1251
10040 1246 223 552 1251
525 555 223 553 1252
10106 1250 211 553 1252
10040 1247 206 553 1252
462 392 229 554 1253
10018 580 226 554 1253
10098 1250 209 554 1253
10140 1249 212 554 1253
10084 1247 212 554 1253
10106 1251 209 554 1253
712 559 222 554 1253
10040 1248 211 554 1253
10076 1250 207 555 1254
525 557 233 555 1254
10078 1253 209 555 1254
677 77 227 555 1254
10040 1249 218 555 1254
10040 1250 207 556 1255
394 558 224 557 1256
10040 1251 227 557 1256
140 593 237 558 1257
10106 1255 211 558 1257
10040 1252 219 558 1257
672 552 241 559 1258
10040 1253 219 559 1258
310 556 223 560 1259
672 553 239 560 1259
10040 1254 217 561 1260
10078 1259 208 561 1260
406 610 221 561 1260
650 512 227 561 1260
10106 1258 212 561 1260
10076 1257 208 562 1261
488 565 227 562 1261
152 567 229 562 1261
10055 1261 207 562 1261
749 245 223 562 1261
660 557 229 562 1261
680 507 227 563 1262
525 565 233 563 1262
567 524 225 563 1262
363 512 243 563 1262
735 202 223 563 1262
284 572 223 563 1262
10154 1256 206 563 1262
556 576 221 564 1263
10154 1257 213 564 1263
10031 1267 215 565 1264
525 567 225 565 1264
464 573 221 566 1265
238 549 235 566 1265
45 232 225 566 1265
10031 1269 218 567 1266
10085 1267 205 567 1266
119 539 221 567 1266
10031 1270 235 568 1267
10031 1271 223 569 1268
10031 1272 229 570 1269
10031 1273 221 571 1270
10031 1274 223 572 1271
10031 1275 225 573 1272
10031 1276 223 574 1273
10031 1277 227 575 1274
10031 1278 219 576 1275
10106 1273 207 576 1275
745 584 223 576 1275
10031 1279 210 577 1276
94 26 227 577 1276
10031 1280 221 578 1277
10055 1277 208 578 1277
10031 1281 221 579 1278
10004 1275 209 580 1279
10031 1282 230 580 1279
10031 1283 229 581 1280
10031 1284 231 582 1281
10085 1282 206 582 1281
249 136 226 582 1281
279 589 221 582 1281
10031 1285 235 583 1282
10085 1283 207 583 1282
10031 1286 221 584 1283
10085 1284 207 584 1283
17 306 221 584 1283
384 593 224 584 1283
10031 1287 233 585 1284
10031 1288 225 586 1285
17 308 223 586 1285
10004 1282 206 587 1286
10031 1289 223 587 1286
10055 1286 210 587 1286
17 309 226 587 1286
10031 1290 233 588 1287
10085 1288 207 588 1287
17 312 232 590 1289
10031 1293 231 590 1289
17 313 225 591 1290
10031 1294 226 591 1290
10031 1295 209 592 1291
10154 1286 208 593 1292
10031 1296 209 593 1292
10031 1297 236 594 1293
17 317 228 595 1294
10004 1291 207 595 1294
10085 1296 206 595 1294
17 318 223 596 1295
10031 1299 223 596 1295
10085 1297 208 596 1295
10031 1300 222 597 1296
10031 1301 212 598 1297
10031 1302 223 599 1298
10031 1303 213 600 1299
10031 1304 226 601 1300
10085 1302 209 601 1300
