10092 482 212 0 482
10052 485 210 1 483
10092 483 213 1 483
10168 480 213 2 484
10092 484 232 2 484
10171 486 208 3 485
10168 481 207 3 485
10092 485 217 3 485
10168 482 210 4 486
10092 486 217 4 486
10168 483 208 5 487
10092 487 225 5 487
10168 484 209 6 488
10092 488 224 6 488
10168 485 210 7 489
10092 489 223 7 489
10168 486 209 8 490
10052 492 207 8 490
10092 490 221 8 490
10168 487 206 9 491
10092 491 219 9 491
10168 488 209 10 492
10052 494 207 10 492
10092 492 218 10 492
10168 489 211 11 493
10052 495 209 11 493
10092 493 221 11 493
10092 494 220 12 494
10168 491 207 13 495
10052 497 208 13 495
10092 495 216 13 495
10168 492 206 14 496
10052 498 209 14 496
10092 496 233 14 496
10171 498 210 15 497
10168 493 223 15 497
10106 496 212 17 499
10076 495 212 17 499
10055 499 219 17 499
10140 495 216 18 500
10158 494 217 18 500
10173 495 208 18 500
10106 497 209 18 500
10004 496 207 18 500
10076 496 213 18 500
10098 497 214 18 500
10140 496 210 19 501
10084 495 223 20 502
51 10 223 20 502
10084 496 219 21 503
10158 497 209 21 503
10084 497 223 22 504
10158 498 214 22 504
10140 500 209 23 505
10084 498 226 23 505
10158 499 210 23 505
10084 501 219 26 508
10084 502 208 27 509
10158 503 212 27 509
10084 503 215 28 510
10084 504 215 29 511
10158 505 213 29 511
10084 505 210 30 512
10158 506 210 30 512
10084 506 217 31 513
10158 507 211 31 513
51 21 221 31 513
10084 507 219 32 514
10158 508 209 32 514
10055 514 210 32 514
10098 511 212 32 514
10140 510 209 33 515
10055 515 207 33 515
10098 512 225 33 515
10106 513 217 34 516
10040 510 211 34 516
10078 515 214 34 516
693 14 224 35 517
10040 511 211 35 517
10078 516 223 35 517
693 15 221 36 518
10040 512 219 36 518
10078 517 219 36 518
10040 513 218 37 519
10078 518 219 37 519
10040 514 208 38 520
10078 519 220 38 520
10040 515 220 39 521
10078 520 209 39 521
10040 516 217 40 522
10078 521 223 40 522
768 24 236 40 522
693 20 230 41 523
10106 520 209 41 523
10040 517 208 41 523
10078 522 211 41 523
10134 516 209 42 524
10171 528 219 45 527
10168 523 212 45 527
10092 527 214 45 527
10168 524 208 46 528
10052 530 212 46 528
10092 528 219 46 528
10168 525 209 47 529
10092 529 225 47 529
10092 530 221 48 530
10092 531 223 49 531
10052 534 208 50 532
10092 532 223 50 532
10092 533 224 51 533
10168 530 209 52 534
10052 536 209 52 534
10092 534 222 52 534
10092 535 211 53 535
10092 536 221 54 536
10092 537 224 55 537
10168 534 207 56 538
10052 540 206 56 538
10092 538 225 56 538
10168 535 211 57 539
10052 541 210 57 539
10092 539 230 57 539
10168 536 211 58 540
10052 542 209 58 540
10092 540 230 58 540
10168 537 211 59 541
10052 543 211 59 541
10092 541 230 59 541
10168 538 211 60 542
10092 542 221 60 542
10168 539 211 61 543
10052 545 206 61 543
10092 543 219 61 543
10092 544 221 62 544
10168 541 210 63 545
10092 545 224 63 545
10168 542 209 64 546
10092 546 223 64 546
10168 543 207 65 547
10092 547 215 65 547
10168 544 209 66 548
10092 548 221 66 548
10168 545 208 67 549
10052 551 207 67 549
10092 549 223 67 549
10168 546 208 68 550
10092 550 218 68 550
10171 552 208 69 551
10168 547 208 69 551
10092 551 218 69 551
10168 548 208 70 552
10052 554 207 70 552
10168 549 209 71 553
10092 553 221 71 553
10168 550 208 72 554
10092 554 213 72 554
10171 556 207 73 555
10168 551 208 73 555
10092 555 217 73 555
10168 552 211 74 556
10092 556 210 74 556
10168 553 209 75 557
10052 559 209 75 557
10092 557 219 75 557
10092 558 219 76 558
10168 555 209 77 559
10092 559 213 77 559
10168 556 208 78 560
10092 560 217 78 560
10092 561 212 79 561
10092 562 208 80 562
10092 563 214 81 563
10168 560 206 82 564
10052 566 207 82 564
10092 564 221 82 564
10168 561 209 83 565
10092 565 210 83 565
10168 562 207 84 566
10092 566 216 84 566
10168 563 209 85 567
10092 567 222 85 567
10168 564 209 86 568
10052 570 208 86 568
10092 568 225 86 568
10168 565 209 87 569
10052 571 207 87 569
10092 569 214 87 569
10168 566 209 88 570
10092 570 210 88 570
10168 567 208 89 571
10092 571 212 89 571
10168 568 207 90 572
10092 572 223 90 572
10052 575 208 91 573
10092 573 211 91 573
10168 570 207 92 574
10052 576 207 92 574
10092 574 222 92 574
10052 577 208 93 575
10092 575 222 93 575
10168 572 207 94 576
10052 578 209 94 576
10092 576 222 94 576
10092 577 212 95 577
10092 578 225 96 578
10171 580 211 97 579
10092 579 209 97 579
10052 582 207 98 580
10092 580 212 98 580
10092 581 219 99 581
10092 582 214 100 582
10052 585 210 101 583
10092 583 221 101 583
10168 580 207 102 584
10092 584 219 102 584
10092 585 210 103 585
10092 586 221 104 586
10052 589 208 105 587
10092 587 217 105 587
10052 590 207 106 588
10092 588 211 106 588
10092 589 213 107 589
10092 590 213 108 590
10092 591 216 109 591
10092 592 223 110 592
10171 594 208 111 593
10168 589 210 111 593
10052 595 212 111 593
10092 593 211 111 593
10052 596 208 112 594
10092 594 213 112 594
10052 597 209 113 595
10092 595 224 113 595
10092 596 211 114 596
10092 597 216 115 597
10168 594 210 116 598
10092 598 219 116 598
10168 595 209 117 599
10092 599 222 117 599
10168 596 211 118 600
10052 602 210 118 600
10092 600 227 118 600
10052 603 212 119 601
10092 601 212 119 601
10171 603 206 120 602
10052 604 211 120 602
10092 602 231 120 602
10052 605 208 121 603
10092 603 223 121 603
10168 600 209 122 604
10092 604 218 122 604
10092 605 211 123 605
10171 607 207 124 606
10168 602 211 124 606
10092 606 229 124 606
10171 608 208 125 607
10092 607 225 125 607
10052 610 211 126 608
10092 608 223 126 608
10052 611 217 127 609
10092 609 222 127 609
10092 610 223 128 610
10168 607 212 129 611
10092 611 225 129 611
10168 608 209 130 612
10092 612 209 130 612
10092 613 219 131 613
10171 615 208 131 613
10052 616 208 132 614
10092 614 218 132 614
10168 611 210 133 615
10092 615 224 133 615
10168 612 208 134 616
10092 616 220 134 616
10092 617 225 135 617
10052 620 213 136 618
10092 618 213 136 618
10171 620 209 137 619
10092 619 225 137 619
10168 616 209 138 620
10092 620 221 138 620
727 11 225 139 621
10052 623 212 139 621
10092 621 227 139 621
10171 623 208 140 622
10168 618 207 140 622
705 23 221 140 622
10052 624 211 140 622
10092 622 224 140 622
10168 619 212 141 623
10092 623 215 141 623
727 14 236 142 624
10092 624 219 142 624
10171 626 209 143 625
727 15 240 143 625
10052 627 210 143 625
10092 625 219 143 625
10052 628 209 144 626
10092 626 230 144 626
727 17 232 145 627
10052 629 207 145 627
10092 627 223 145 627
10092 628 210 146 628
10092 629 221 147 629
727 20 225 148 630
10092 631 212 149 631
10052 634 212 150 632
10092 632 221 150 632
727 23 229 151 633
10052 635 209 151 633
10092 633 213 151 633
727 24 235 152 634
10092 634 215 152 634
10052 637 209 153 635
10092 635 206 153 635
10092 636 224 154 636
10092 637 219 155 637
10092 638 217 156 638
727 29 223 157 639
10171 640 208 157 639
10092 640 221 158 640
727 31 221 159 641
705 42 225 159 641
10092 641 214 159 641
705 43 227 160 642
10052 644 208 160 642
10092 642 221 160 642
727 33 223 161 643
705 44 227 161 643
10052 645 209 161 643
10092 643 217 161 643
10052 646 209 162 644
10092 644 211 162 644
727 35 225 163 645
10092 645 223 163 645
727 36 227 164 646
10168 642 211 164 646
10052 648 213 164 646
10092 646 220 164 646
10171 648 213 165 647
10168 643 222 165 647
10052 649 211 165 647
10092 647 210 165 647
10171 649 219 166 648
10168 644 208 166 648
10052 650 212 166 648
10168 645 211 167 649
10052 651 211 167 649
10171 651 211 168 650
10168 646 208 168 650
10052 652 210 168 650
10134 644 208 170 652
10173 648 206 171 653
10106 650 215 171 653
10076 649 219 171 653
10055 653 226 171 653
10140 649 221 172 654
10106 651 209 172 654
10140 650 209 173 655
10084 648 225 173 655
10084 649 226 174 656
521 132 237 174 656
10084 650 221 175 657
521 133 233 175 657
10084 651 221 176 658
521 134 236 176 658
10084 652 217 177 659
521 135 233 177 659
201 133 223 177 659
10084 653 220 178 660
521 136 235 178 660
10084 654 223 179 661
521 137 233 179 661
10084 655 210 180 662
10084 656 208 181 663
10158 657 221 181 663
44 166 221 181 663
51 171 222 181 663
10140 659 206 182 664
10084 657 223 182 664
10158 658 211 182 664
10098 661 210 182 664
10140 660 207 182 664
10084 658 233 182 664
10158 659 219 183 665
10084 659 226 183 665
10158 660 220 184 666
10055 666 209 184 666
10098 663 208 184 666
10140 662 209 184 666
10084 660 227 184 666
10158 661 217 185 667
51 175 226 185 667
10084 661 223 185 667
10158 662 207 186 668
10084 662 216 186 668
10098 666 208 187 669
10084 663 217 187 669
706 161 231 188 670
10084 664 214 188 670
10140 667 208 189 671
10084 665 235 189 671
10158 666 209 190 672
521 148 234 190 672
10140 668 212 190 672
10084 666 233 190 672
10158 667 223 191 673
51 181 228 191 673
521 149 221 191 673
10018 0 221 191 673
10098 670 207 191 673
10140 669 211 191 673
10084 667 228 191 673
10158 668 212 192 674
10004 670 209 192 674
201 148 226 192 674
10055 674 208 192 674
10018 1 213 192 674
10098 671 226 192 674
10140 670 210 192 674
10078 674 210 193 675
10055 675 214 193 675
10018 2 221 193 675
10140 671 215 194 676
10158 670 216 194 676
10106 673 209 194 676
10004 672 215 194 676
10076 672 208 194 676
10055 676 208 194 676
10018 3 217 194 676
10098 673 209 194 676
10140 672 209 194 676
521 153 229 195 677
10040 671 207 195 677
10078 676 213 195 677
693 27 233 195 677
10040 672 229 196 678
10078 677 221 196 678
10106 676 210 197 679
10040 673 219 197 679
768 43 227 197 679
10078 678 229 197 679
693 29 221 197 679
10040 674 220 198 680
768 44 226 198 680
10106 678 209 199 681
10040 675 227 199 681
10078 680 217 199 681
10106 679 208 200 682
10052 687 207 203 685
10171 687 221 204 686
727 76 221 204 686
10168 682 220 204 686
10092 686 211 204 686
10052 689 212 205 687
10092 687 212 205 687
10171 689 207 206 688
10168 684 208 206 688
10052 690 207 206 688
10092 688 217 206 688
10092 689 215 207 689
10052 692 208 208 690
10092 690 225 208 690
705 92 222 209 691
10092 691 221 209 691
727 82 222 210 692
705 93 235 210 692
10052 694 208 210 692
10092 692 212 210 692
10168 689 209 211 693
705 94 240 211 693
10092 693 217 211 693
727 84 222 212 694
10168 690 211 212 694
705 95 223 212 694
10052 696 209 212 694
10092 694 213 212 694
10171 696 208 213 695
10168 691 208 213 695
10052 697 209 213 695
10092 695 223 213 695
727 86 223 214 696
10168 692 210 214 696
10092 696 217 214 696
10171 698 208 215 697
10168 693 209 215 697
10092 697 221 215 697
10171 699 208 216 698
727 88 223 216 698
10168 694 211 216 698
10052 700 212 216 698
10092 698 221 216 698
727 89 221 217 699
10092 699 210 217 699
10168 696 211 218 700
10092 700 222 218 700
10168 697 214 219 701
10052 703 207 219 701
10092 701 223 219 701
182 1 223 220 702
10052 704 208 220 702
10092 702 221 220 702
727 93 223 221 703
10052 705 211 221 703
10092 703 211 221 703
10171 705 208 222 704
727 94 226 222 704
705 105 223 222 704
10052 706 210 222 704
10092 704 222 222 704
727 95 232 223 705
10052 707 207 223 705
10092 705 214 223 705
727 96 228 224 706
10092 706 222 224 706
727 97 225 225 707
10168 703 209 225 707
10052 709 209 225 707
10092 707 221 225 707
10092 708 220 226 708
727 99 221 227 709
10092 709 223 227 709
10168 706 207 228 710
10092 710 214 228 710
10168 707 208 229 711
10092 711 216 229 711
10092 712 215 230 712
10092 713 221 231 713
10092 714 213 232 714
10168 711 206 233 715
10092 715 220 233 715
10092 716 216 234 716
10092 717 213 235 717
10171 719 207 236 718
10168 714 208 236 718
705 120 235 237 719
10092 719 223 237 719
727 110 235 238 720
10168 716 207 238 720
10052 722 207 238 720
705 121 237 238 720
10092 720 227 238 720
10168 717 206 239 721
10092 721 216 239 721
705 122 223 239 721
10092 722 223 240 722
10168 719 209 241 723
10052 725 210 241 723
10092 723 221 241 723
705 124 235 241 723
727 114 230 242 724
10092 724 221 242 724
727 115 229 243 725
10052 727 207 243 725
10092 725 216 243 725
10168 722 210 244 726
10092 726 211 244 726
727 117 235 245 727
10168 723 210 245 727
10052 729 210 245 727
10092 727 220 245 727
727 118 227 246 728
10168 724 208 246 728
10052 730 207 246 728
10092 728 222 246 728
10168 725 208 247 729
10052 731 210 247 729
705 130 227 247 729
10092 729 223 247 729
10092 730 223 248 730
10171 732 207 249 731
10168 727 210 249 731
705 132 221 249 731
10052 733 206 249 731
10092 731 225 249 731
705 133 230 250 732
10052 734 208 250 732
10092 732 223 250 732
10052 735 210 251 733
10092 733 219 251 733
705 135 230 252 734
10092 734 225 252 734
10171 736 208 253 735
705 136 236 253 735
10092 735 209 253 735
705 137 233 254 736
10092 736 229 254 736
705 138 237 255 737
10052 739 209 255 737
10092 737 222 255 737
10171 739 208 256 738
727 128 223 256 738
10168 734 208 256 738
10052 740 211 256 738
10092 738 209 256 738
727 129 221 257 739
10052 741 208 257 739
10092 739 225 257 739
10171 741 211 258 740
10168 736 213 258 740
10092 740 217 258 740
727 131 221 259 741
10052 743 211 259 741
10092 742 214 260 742
727 133 239 261 743
10052 745 211 261 743
10168 740 212 262 744
10052 746 212 262 744
10092 745 229 263 745
10168 742 209 264 746
10092 746 211 264 746
10052 749 207 265 747
10092 747 211 265 747
10171 749 208 266 748
10092 748 224 266 748
10052 751 213 267 749
10092 749 226 267 749
10052 752 210 268 750
10092 750 214 268 750
10092 751 219 269 751
10168 748 209 270 752
10052 754 212 270 752
10092 752 225 270 752
10052 755 212 271 753
10092 753 224 271 753
10168 750 207 272 754
10052 756 211 272 754
10092 754 209 272 754
10092 755 228 273 755
10092 756 216 274 756
10052 759 207 275 757
10092 757 225 275 757
10092 758 216 276 758
10052 761 211 277 759
10092 759 221 277 759
10052 762 210 278 760
10092 760 217 278 760
10052 763 207 279 761
10092 761 221 279 761
10052 764 209 280 762
10092 762 220 280 762
10052 765 210 281 763
10092 763 221 281 763
10052 766 207 282 764
10092 764 220 282 764
10052 767 208 283 765
10092 765 221 283 765
10092 766 221 284 766
10092 767 222 285 767
10052 770 210 286 768
10092 768 210 286 768
10171 770 207 286 768
10052 771 207 287 769
10092 769 211 287 769
10171 771 209 287 769
10052 772 208 288 770
10092 770 216 288 770
10171 772 207 288 770
10052 773 208 289 771
10092 771 211 289 771
727 162 223 290 772
10052 774 206 290 772
10092 772 222 290 772
10171 774 210 290 772
10092 773 217 291 773
10092 774 222 292 774
10092 775 219 293 775
10168 772 212 294 776
10052 778 209 294 776
10092 776 225 294 776
10168 773 213 295 777
10052 779 212 295 777
10092 777 226 295 777
727 168 229 296 778
10168 774 207 296 778
10092 778 225 296 778
10168 775 212 297 779
10052 781 207 297 779
10092 779 219 297 779
10052 782 209 298 780
10092 780 231 298 780
10171 782 218 298 780
10168 777 221 299 781
483 99 223 300 782
785 80 227 300 782
621 86 233 300 782
10055 783 215 301 783
10158 778 211 301 783
10173 779 217 301 783
10040 778 210 302 784
10078 783 208 302 784
10055 784 208 302 784
10018 111 208 302 784
10098 781 218 302 784
10140 780 221 302 784
10158 779 213 302 784
10173 780 207 302 784
406 134 224 302 784
10018 113 208 304 786
10084 780 208 304 786
10018 115 215 306 788
10140 784 208 306 788
10084 782 225 306 788
10158 783 219 306 788
44 101 225 306 788
10018 116 214 307 789
10140 785 215 307 789
10084 783 220 307 789
51 298 225 307 789
521 266 223 307 789
44 102 223 307 789
10018 117 215 308 790
10140 786 212 308 790
10084 784 219 308 790
10158 785 217 308 790
521 267 226 308 790
44 103 223 308 790
10018 118 221 309 791
10098 788 209 309 791
10084 785 235 309 791
92 260 227 310 792
521 270 221 311 793
10018 121 215 312 794
10084 788 221 312 794
10055 795 219 313 795
10018 122 231 313 795
10098 792 213 313 795
10158 790 211 313 795
10004 792 212 314 796
10055 796 218 314 796
10018 123 226 314 796
10098 793 207 314 796
10140 792 213 314 796
10084 790 235 314 796
10158 791 219 314 796
10018 124 210 315 797
10098 794 209 315 797
10084 791 219 315 797
10140 794 209 316 798
10084 792 239 316 798
10158 793 211 316 798
10084 793 223 317 799
10158 794 219 317 799
10018 127 211 318 800
10098 797 207 318 800
10140 796 221 318 800
10084 794 220 318 800
10158 795 225 318 800
10018 128 221 319 801
10140 797 212 319 801
10084 795 228 319 801
10158 796 209 319 801
51 310 221 319 801
10004 798 211 320 802
10076 798 207 320 802
10055 802 216 320 802
10018 129 223 320 802
10098 799 223 320 802
10140 798 215 320 802
10078 802 217 321 803
10098 800 231 321 803
10106 801 208 321 803
10004 800 207 322 804
10078 803 212 322 804
693 154 231 322 804
10040 799 227 323 805
10078 804 227 323 805
10106 803 212 323 805
693 155 235 323 805
10040 800 238 324 806
10078 805 220 324 806
10055 806 206 324 806
10106 804 219 324 806
693 156 237 324 806
10040 801 233 325 807
10078 806 217 325 807
10106 805 211 325 807
693 157 244 325 807
10040 802 229 326 808
10078 807 215 326 808
10106 806 211 326 808
693 158 233 326 808
10040 803 221 327 809
10078 808 217 327 809
10040 804 212 328 810
10078 809 217 328 810
10098 807 206 328 810
10106 808 213 328 810
10055 811 209 329 811
10134 804 209 329 811
10171 815 225 331 813
10171 816 209 332 814
10168 811 208 333 815
727 205 221 333 815
10052 817 207 333 815
10092 815 223 333 815
10092 816 220 334 816
705 218 235 335 817
10092 817 214 335 817
727 208 229 336 818
705 219 232 336 818
10092 818 217 336 818
727 209 221 337 819
10092 819 209 337 819
182 28 232 337 819
727 210 237 338 820
182 29 221 338 820
727 211 240 339 821
182 30 241 339 821
727 212 247 340 822
182 31 241 340 822
705 224 223 341 823
727 213 235 341 823
182 32 227 341 823
705 225 233 342 824
727 214 247 342 824
182 33 237 342 824
727 215 237 343 825
182 34 233 343 825
705 227 247 344 826
727 216 245 344 826
182 35 241 344 826
705 228 244 345 827
727 217 221 345 827
182 36 229 345 827
727 218 237 346 828
705 229 234 346 828
182 37 237 346 828
727 219 239 347 829
705 230 231 347 829
182 38 238 347 829
727 220 231 348 830
705 231 235 348 830
182 39 222 348 830
727 221 235 349 831
705 232 223 349 831
182 40 235 349 831
727 222 239 350 832
705 233 231 350 832
182 41 235 350 832
727 223 240 351 833
182 42 231 351 833
727 224 237 352 834
182 43 235 352 834
727 225 241 353 835
182 44 231 353 835
727 226 242 354 836
182 45 233 354 836
727 227 237 355 837
705 238 223 355 837
182 46 239 355 837
727 228 235 356 838
705 239 226 356 838
182 47 222 356 838
727 229 235 357 839
705 240 221 357 839
182 48 221 357 839
727 230 231 358 840
182 49 235 358 840
727 231 236 359 841
705 242 228 359 841
182 50 237 359 841
727 232 234 360 842
705 243 237 360 842
182 51 223 360 842
727 233 235 361 843
182 52 233 361 843
727 234 233 362 844
182 53 239 362 844
727 235 231 363 845
182 54 237 363 845
705 247 227 364 846
727 236 231 364 846
182 55 237 364 846
727 237 239 365 847
182 56 231 365 847
727 238 242 366 848
182 57 221 366 848
727 239 229 367 849
182 58 225 367 849
727 240 235 368 850
705 251 222 368 850
182 59 237 368 850
727 241 221 369 851
705 252 222 369 851
182 60 231 369 851
10168 848 212 370 852
10052 854 213 370 852
10092 852 220 370 852
10092 853 216 371 853
705 255 225 372 854
10052 856 208 372 854
10092 854 221 372 854
727 2 225 372 854
10092 855 211 373 855
10092 856 225 374 856
10092 857 223 375 857
10092 858 223 376 858
10052 861 207 377 859
10092 859 219 377 859
727 7 221 377 859
10171 861 208 378 860
10052 862 208 378 860
10092 860 221 378 860
727 8 221 379 861
10052 863 209 379 861
10092 861 218 379 861
10092 862 219 380 862
10092 863 215 381 863
10171 865 208 382 864
10168 860 209 382 864
10052 866 206 382 864
10092 864 214 382 864
10052 867 209 383 865
10092 865 218 383 865
10168 862 209 384 866
10092 866 221 384 866
10171 868 210 385 867
10052 869 209 385 867
10092 867 225 385 867
10092 868 210 386 868
10171 870 207 387 869
10092 869 223 387 869
727 17 225 387 869
10092 870 223 388 870
727 18 222 388 870
10168 867 208 389 871
10092 871 221 389 871
10171 873 208 390 872
10168 868 209 390 872
10052 874 209 390 872
10092 872 215 390 872
727 20 223 390 872
10092 873 208 391 873
10052 876 207 392 874
10092 874 221 392 874
10168 871 210 393 875
10092 875 215 393 875
10171 877 208 394 876
10052 878 207 394 876
10092 876 226 394 876
10092 878 222 396 878
10168 875 208 397 879
10052 881 210 397 879
10092 879 212 397 879
10092 880 223 398 880
727 28 237 398 880
10052 883 209 399 881
10092 881 215 399 881
10052 884 209 400 882
10052 886 207 402 884
10092 884 222 402 884
10168 881 208 403 885
10092 885 220 403 885
10092 886 225 404 886
10052 889 208 405 887
10092 887 224 405 887
10168 884 208 406 888
10092 888 216 406 888
10052 891 207 407 889
10092 889 228 407 889
10168 886 209 408 890
10092 890 216 408 890
10052 893 209 409 891
10092 891 222 409 891
10092 892 223 410 892
10168 889 210 411 893
10092 893 223 411 893
10168 890 210 412 894
10092 894 218 412 894
10168 891 211 413 895
10052 897 207 413 895
705 296 223 413 895
10092 896 213 414 896
10168 893 211 415 897
10092 897 217 415 897
10052 900 214 416 898
10092 898 221 416 898
10168 895 208 417 899
10092 899 217 417 899
727 50 225 421 903
10092 903 209 422 904
10168 900 206 422 904
10092 904 216 423 905
10052 907 207 423 905
10092 905 223 424 906
10052 908 208 425 907
10092 906 216 425 907
10092 907 222 426 908
10171 909 208 426 908
10092 908 227 427 909
10052 911 208 428 910
10092 909 217 428 910
10168 906 208 428 910
10092 910 223 429 911
10171 912 207 429 911
10092 911 229 430 912
10092 912 216 431 913
10168 909 208 431 913
10052 915 213 432 914
10092 913 211 432 914
10168 910 208 432 914
10092 914 215 433 915
10052 917 207 434 916
10092 916 210 435 917
10171 918 207 435 917
10052 919 208 436 918
10092 917 215 436 918
727 65 222 436 918
10052 920 207 437 919
10171 920 211 437 919
10168 915 208 437 919
10052 921 217 438 920
10092 919 212 438 920
10171 921 208 438 920
10168 916 208 438 920
10092 920 210 439 921
10168 917 210 439 921
10092 921 212 440 922
10092 922 222 441 923
10168 919 210 441 923
10052 925 208 442 924
10092 923 215 442 924
10052 926 208 443 925
10092 924 217 443 925
10052 927 207 444 926
10092 925 216 444 926
10168 922 213 444 926
10092 926 213 445 927
10168 923 210 445 927
10092 927 208 446 928
10168 924 208 446 928
10052 930 214 447 929
10092 928 208 447 929
727 76 232 447 929
10052 931 214 448 930
10092 929 219 448 930
727 77 227 448 930
705 331 221 449 931
10052 932 209 449 931
10092 930 220 449 931
10092 931 218 450 932
10092 932 223 451 933
10168 929 210 451 933
10052 935 210 452 934
10092 933 224 452 934
10168 930 209 452 934
10052 936 207 453 935
10092 934 223 453 935
727 82 225 453 935
10168 931 206 453 935
10092 935 227 454 936
727 83 235 454 936
10092 936 217 455 937
727 84 235 455 937
10168 933 211 455 937
10092 937 216 456 938
10052 940 209 457 939
10092 938 213 457 939
727 86 235 457 939
10168 935 207 457 939
10092 939 224 458 940
10171 941 209 458 940
727 87 221 458 940
705 341 228 459 941
10052 942 208 459 941
10092 940 220 459 941
10171 942 210 459 941
705 342 225 459 941
10092 941 219 460 942
10092 942 209 461 943
10168 939 208 461 943
10052 945 211 462 944
10092 943 221 462 944
10171 945 209 462 944
10092 944 223 463 945
727 92 223 463 945
10052 947 209 464 946
10092 945 225 464 946
10052 948 208 465 947
10092 946 228 465 947
727 94 223 465 947
10168 943 207 465 947
10052 949 209 466 948
10092 947 223 466 948
727 95 241 466 948
10052 950 207 467 949
10092 948 219 467 949
10168 945 207 467 949
10092 949 230 468 950
10168 946 213 468 950
10092 950 218 469 951
10092 951 225 470 952
10052 954 211 471 953
10092 952 221 471 953
10052 955 208 472 954
10092 953 208 472 954
10168 950 207 472 954
10092 954 227 473 955
10092 955 224 474 956
10168 953 209 475 957
10092 957 212 475 957
10171 959 209 475 957
10052 960 213 476 958
10092 958 214 476 958
10052 961 210 477 959
10092 959 219 477 959
10168 956 209 478 960
10052 962 209 478 960
10052 963 215 479 961
10092 961 218 479 961
10171 963 209 479 961
10168 958 207 480 962
10052 964 211 480 962
10092 962 208 480 962
705 363 233 480 962
10168 959 207 481 963
10052 965 209 481 963
10092 963 218 481 963
10052 966 208 482 964
10092 964 210 482 964
10092 965 209 483 965
10168 963 209 485 967
10052 969 207 485 967
10092 967 212 485 967
10168 964 208 486 968
10052 970 210 486 968
10092 968 211 486 968
10052 971 210 487 969
10092 969 219 487 969
10168 966 211 488 970
10052 972 209 488 970
10092 970 222 488 970
10052 973 207 489 971
10092 971 229 489 971
10168 968 209 490 972
10052 974 208 490 972
10092 972 214 490 972
10171 974 207 490 972
10092 973 230 491 973
10171 975 206 491 973
10052 976 208 492 974
10092 974 227 492 974
10052 977 209 493 975
10092 975 227 493 975
727 123 221 493 975
10052 978 208 494 976
10092 976 226 494 976
10052 979 209 495 977
10092 978 225 496 978
10168 975 207 497 979
10092 979 218 497 979
10092 980 229 498 980
10092 981 209 499 981
10092 982 210 500 982
10092 983 214 501 983
10168 980 208 502 984
10092 984 209 502 984
727 132 221 502 984
10052 987 209 503 985
10092 985 218 503 985
10171 987 209 503 985
10092 987 215 505 987
705 389 231 506 988
10092 988 219 506 988
705 390 225 507 989
10092 989 213 507 989
10168 986 207 508 990
705 391 226 508 990
10092 990 219 508 990
727 138 223 508 990
10092 991 217 509 991
10092 992 220 510 992
10168 989 209 511 993
10052 995 212 511 993
10092 993 219 511 993
705 395 223 512 994
10052 996 209 512 994
10092 994 212 512 994
727 142 229 512 994
10052 997 209 513 995
10092 995 223 513 995
10052 998 208 514 996
705 397 226 514 996
10092 996 217 514 996
10168 993 209 515 997
705 398 223 515 997
10092 997 220 515 997
727 146 227 516 998
10092 999 226 517 999
10168 996 208 518 1000
10092 1000 219 518 1000
705 402 241 519 1001
10092 1001 226 519 1001
705 403 233 520 1002
10092 1002 225 520 1002
727 150 225 520 1002
10052 1005 209 521 1003
10092 1003 221 521 1003
10052 1006 208 522 1004
10092 1004 213 522 1004
727 152 233 522 1004
10168 1001 208 523 1005
10052 1007 208 523 1005
705 406 243 523 1005
10092 1005 219 523 1005
10171 1007 209 523 1005
10168 1002 209 524 1006
705 407 223 524 1006
10092 1006 226 524 1006
10052 1009 209 525 1007
705 408 227 525 1007
10092 1007 219 525 1007
10092 1008 207 526 1008
10168 1005 208 527 1009
10092 1009 222 527 1009
705 410 223 527 1009
10052 1012 209 528 1010
10092 1010 219 528 1010
10052 1013 207 529 1011
705 412 246 529 1011
10092 1011 225 529 1011
10168 1008 210 530 1012
10052 1014 211 530 1012
10168 1009 211 531 1013
10052 1015 217 531 1013
10168 1010 213 532 1014
10052 1016 210 532 1014
10092 1014 207 532 1014
10168 1011 213 533 1015
10052 1017 212 533 1015
10092 1015 211 533 1015
727 163 225 533 1015
10052 1018 214 534 1016
10092 1016 220 534 1016
10171 1018 208 534 1016
10052 1019 213 535 1017
10092 1017 227 535 1017
10052 1020 213 536 1018
10092 1018 222 536 1018
10171 1020 210 536 1018
10052 1021 211 537 1019
10168 1016 207 538 1020
10052 1022 211 538 1020
10092 1020 215 538 1020
10168 1017 209 539 1021
10052 1023 211 539 1021
10092 1021 221 539 1021
727 169 222 539 1021
10092 1022 213 540 1022
10171 1024 208 540 1022
10092 1023 215 541 1023
10168 1020 209 542 1024
10092 1024 219 542 1024
727 172 231 542 1024
10092 1025 219 543 1025
727 173 221 543 1025
10092 1026 223 544 1026
10171 1028 208 544 1026
10052 1029 212 545 1027
10092 1027 229 545 1027
10092 1028 216 546 1028
10171 1030 209 546 1028
727 176 223 546 1028
10052 1031 208 547 1029
10092 1029 214 547 1029
727 177 240 547 1029
10168 1026 210 548 1030
10092 1030 213 548 1030
10168 1027 209 549 1031
10092 1031 211 549 1031
10092 1032 239 550 1032
727 180 228 550 1032
10092 1033 208 551 1033
727 182 221 552 1034
10092 1035 215 553 1035
10092 1036 217 554 1036
727 184 231 554 1036
10052 1039 210 555 1037
10092 1037 216 555 1037
10168 1034 207 556 1038
10052 1040 208 556 1038
10092 1038 217 556 1038
10168 1035 208 557 1039
10092 1040 226 558 1040
705 441 225 558 1040
10168 1037 207 559 1041
705 442 224 559 1041
10092 1041 226 559 1041
10092 1042 225 560 1042
10168 1039 213 561 1043
10052 1045 211 561 1043
10092 1043 211 561 1043
10092 1044 216 562 1044
705 445 234 562 1044
10092 1045 209 563 1045
705 446 224 563 1045
10168 1042 211 564 1046
10052 1048 224 564 1046
10092 1046 211 564 1046
10171 1048 213 564 1046
10168 1043 209 565 1047
10052 1049 223 565 1047
10094 1046 211 565 1047
10171 1049 224 565 1047
10168 1044 208 566 1048
10052 1050 218 566 1048
10092 1048 209 566 1048
10171 1050 219 566 1048
10168 1045 213 567 1049
10052 1051 223 567 1049
10094 1048 209 567 1049
10171 1051 234 567 1049
10168 1046 209 568 1050
10052 1052 221 568 1050
10092 1050 208 568 1050
10171 1052 218 568 1050
10052 1053 222 569 1051
10092 1051 209 569 1051
10171 1053 221 569 1051
10168 1048 212 570 1052
10052 1054 226 570 1052
10092 1052 209 570 1052
10171 1054 215 570 1052
10052 1055 213 571 1053
10171 1055 215 571 1053
10168 1050 210 572 1054
10052 1056 208 572 1054
10092 1054 222 572 1054
10168 1051 212 573 1055
10092 1055 229 573 1055
10171 1057 211 573 1055
10168 1052 216 574 1056
10052 1058 212 574 1056
10092 1056 227 574 1056
10171 1058 209 574 1056
10168 1053 213 575 1057
10052 1059 211 575 1057
10092 1057 227 575 1057
10171 1059 213 575 1057
10168 1054 212 576 1058
10052 1060 212 576 1058
10092 1058 227 576 1058
10171 1060 211 576 1058
10168 1055 213 577 1059
10052 1061 216 577 1059
10092 1059 227 577 1059
10171 1061 210 577 1059
10168 1056 209 578 1060
10052 1062 210 578 1060
10092 1060 225 578 1060
10171 1062 213 578 1060
10168 1057 217 579 1061
10052 1063 215 579 1061
10092 1061 212 579 1061
10168 1058 213 580 1062
10052 1064 218 580 1062
10092 1062 230 580 1062
10171 1064 210 580 1062
10168 1059 215 581 1063
10052 1065 212 581 1063
10092 1063 229 581 1063
10171 1065 208 581 1063
10168 1060 213 582 1064
10052 1066 213 582 1064
10092 1064 225 582 1064
10171 1066 213 582 1064
10168 1061 217 583 1065
10052 1067 218 583 1065
10092 1065 234 583 1065
10171 1067 215 583 1065
10168 1062 217 584 1066
10052 1068 221 584 1066
705 467 221 584 1066
10092 1066 233 584 1066
10171 1068 216 584 1066
10168 1063 215 585 1067
10052 1069 213 585 1067
10092 1067 229 585 1067
10171 1069 213 585 1067
10168 1064 215 586 1068
10052 1070 219 586 1068
10092 1068 215 586 1068
10094 1067 207 586 1068
10171 1070 214 586 1068
10168 1065 219 587 1069
10052 1071 212 587 1069
10092 1069 229 587 1069
10171 1071 212 587 1069
10168 1066 217 588 1070
10052 1072 213 588 1070
10092 1070 224 588 1070
727 218 221 588 1070
10092 1071 214 589 1071
727 219 222 589 1071
705 473 225 590 1072
10052 1074 215 590 1072
10092 1072 218 590 1072
727 220 226 590 1072
705 474 239 591 1073
10092 1073 219 591 1073
705 475 247 592 1074
10052 1076 209 592 1074
10092 1074 227 592 1074
727 222 229 592 1074
10168 1071 208 593 1075
705 476 242 593 1075
10092 1075 227 593 1075
727 223 237 593 1075
10168 1072 210 594 1076
705 477 247 594 1076
10052 1078 208 594 1076
10092 1076 233 594 1076
727 224 235 594 1076
705 478 221 595 1077
10092 1077 227 595 1077
727 225 239 595 1077
705 479 239 596 1078
10052 1080 208 596 1078
10092 1078 227 596 1078
727 226 232 596 1078
705 480 241 597 1079
10092 1079 225 597 1079
727 227 221 597 1079
10168 1076 208 597 1079
705 481 243 598 1080
10092 1080 226 598 1080
705 482 235 599 1081
10092 1081 227 599 1081
10052 1084 212 600 1082
10092 1082 209 600 1082
10168 1079 207 600 1082
10052 1085 211 601 1083
10092 1083 223 601 1083
727 231 233 601 1083
10052 1086 209 602 1084
10092 1084 219 602 1084
705 486 221 602 1084
10092 1085 219 603 1085
10092 1086 221 604 1086
727 234 221 604 1086
10052 1089 213 604 1086
10092 1087 215 605 1087
10052 1090 212 605 1087
10092 1088 223 606 1088
705 490 225 606 1088
10092 1089 219 607 1089
705 491 225 607 1089
10052 1092 208 608 1090
10092 1090 217 608 1090
727 238 225 608 1090
705 492 222 608 1090
10092 1091 216 609 1091
10052 1094 210 610 1092
10092 1092 219 610 1092
727 240 221 610 1092
10168 1089 206 610 1092
705 494 231 611 1093
10052 1095 210 611 1093
10092 1093 217 611 1093
10171 1095 209 611 1093
727 241 233 611 1093
705 495 233 612 1094
10052 1096 215 612 1094
10092 1094 214 612 1094
705 496 223 613 1095
10092 1095 219 613 1095
10171 1097 209 613 1095
705 497 225 614 1096
10092 1096 211 614 1096
10168 1093 208 614 1096
182 15 233 614 1096
705 498 233 615 1097
10052 1099 208 615 1097
10092 1097 214 615 1097
10168 1094 211 615 1097
705 499 221 616 1098
10052 1100 207 616 1098
10092 1098 225 616 1098
10168 1095 209 616 1098
10052 1101 207 617 1099
10092 1099 211 617 1099
727 247 225 617 1099
10168 1096 209 617 1099
10092 1100 227 618 1100
727 248 223 618 1100
705 502 241 619 1101
10052 1103 208 619 1101
10092 1101 214 619 1101
727 249 227 619 1101
705 503 230 620 1102
10092 1102 225 620 1102
727 250 223 620 1102
705 504 236 621 1103
10052 1105 208 621 1103
10092 1103 221 621 1103
705 505 235 622 1104
10052 1106 207 622 1104
10092 1104 221 622 1104
727 252 231 622 1104
705 506 224 623 1105
10052 1107 209 623 1105
10092 1105 211 623 1105
10171 1107 208 623 1105
727 253 223 623 1105
10052 1108 210 624 1106
10092 1106 209 624 1106
705 508 224 625 1107
10052 1109 217 625 1107
10092 1107 221 625 1107
727 255 237 625 1107
705 509 226 626 1108
10092 1108 223 626 1108
727 256 223 626 1108
705 510 235 627 1109
10052 1111 208 627 1109
10092 1109 226 627 1109
10168 1106 208 628 1110
10092 1110 223 628 1110
10171 1112 210 628 1110
705 512 239 629 1111
10052 1113 207 629 1111
10092 1111 215 629 1111
727 259 223 629 1111
705 513 233 630 1112
10052 1114 211 630 1112
10092 1112 221 630 1112
705 514 223 631 1113
10052 1115 210 631 1113
10092 1113 223 631 1113
727 261 225 631 1113
10092 1114 218 632 1114
10168 1111 221 633 1115
10052 1117 210 633 1115
10106 1114 209 634 1116
10076 1113 211 635 1117
10055 1117 217 635 1117
10018 444 207 635 1117
10140 1113 208 635 1117
10158 1112 216 635 1117
10106 1115 212 635 1117
10040 1112 208 636 1118
10078 1117 210 636 1118
10055 1118 210 636 1118
10106 1116 215 636 1118
10040 1113 212 637 1119
10078 1118 212 637 1119
10055 1119 209 637 1119
10098 1116 209 637 1119
10106 1117 214 637 1119
10040 1114 208 638 1120
10078 1119 207 638 1120
10106 1118 209 638 1120
10040 1115 221 639 1121
693 41 224 639 1121
10040 1116 223 640 1122
768 486 227 640 1122
10078 1121 215 640 1122
693 42 245 640 1122
10040 1117 227 641 1123
10078 1122 218 641 1123
693 43 240 641 1123
10040 1118 225 642 1124
768 488 225 642 1124
10078 1123 220 642 1124
693 44 239 642 1124
10040 1119 223 643 1125
10078 1124 215 643 1125
768 489 233 643 1125
693 45 235 643 1125
10040 1120 212 644 1126
768 490 229 644 1126
10078 1125 223 644 1126
693 46 246 644 1126
10106 1124 209 644 1126
10040 1121 231 645 1127
10078 1126 225 645 1127
768 491 225 645 1127
693 47 242 645 1127
10106 1125 208 645 1127
10040 1122 231 646 1128
10078 1127 222 646 1128
768 492 225 646 1128
693 48 245 646 1128
10040 1123 233 647 1129
10078 1128 215 647 1129
768 493 225 647 1129
10106 1127 208 647 1129
10040 1124 216 648 1130
10078 1129 212 648 1130
10018 457 211 648 1130
201 605 223 649 1131
10018 458 209 649 1131
10098 1128 227 649 1131
201 606 233 650 1132
10018 459 210 650 1132
10098 1129 227 650 1132
10084 1126 210 650 1132
10018 460 220 651 1133
10098 1130 230 651 1133
10084 1127 207 651 1133
10018 461 218 652 1134
10098 1131 230 652 1134
10084 1128 210 652 1134
10055 1135 208 653 1135
10018 462 209 653 1135
10140 1131 210 653 1135
10158 1130 210 653 1135
10173 1131 212 653 1135
10106 1133 209 653 1135
10004 1132 212 654 1136
10076 1132 215 654 1136
10055 1136 215 654 1136
10018 463 215 654 1136
10098 1133 216 654 1136
10140 1132 211 654 1136
10084 1130 207 654 1136
10084 1131 221 655 1137
10084 1146 214 670 1152
10140 1149 206 671 1153
10084 1147 231 671 1153
44 115 230 671 1153
10018 481 221 672 1154
10098 1151 210 672 1154
10084 1148 217 672 1154
10106 1152 208 672 1154
16 137 223 673 1155
10078 1154 213 673 1155
10055 1155 209 673 1155
10106 1153 213 673 1155
10040 1150 222 674 1156
768 520 232 674 1156
10078 1155 208 674 1156
10106 1154 207 674 1156
10040 1151 215 675 1157
768 521 225 675 1157
10106 1155 210 675 1157
10040 1152 221 676 1158
10078 1157 207 676 1158
10040 1153 225 677 1159
768 523 221 677 1159
10106 1157 209 677 1159
10040 1154 225 678 1160
10078 1159 211 678 1160
10106 1158 212 678 1160
10040 1155 213 679 1161
10106 1159 210 679 1161
10040 1156 209 680 1162
10018 489 207 680 1162
10040 1157 221 681 1163
10078 1162 207 681 1163
10040 1158 229 682 1164
768 528 224 682 1164
10106 1162 209 682 1164
10040 1159 212 683 1165
10078 1164 209 683 1165
10018 492 211 683 1165
643 242 223 683 1165
10106 1163 209 683 1165
10076 1162 224 684 1166
10055 1166 223 684 1166
10134 1159 209 684 1166
10106 1164 209 684 1166
10052 1171 208 687 1169
10092 1169 210 687 1169
10168 1166 207 688 1170
10052 1172 211 688 1170
10092 1170 215 688 1170
10052 1173 211 689 1171
10092 1171 217 689 1171
705 572 225 689 1171
727 319 228 690 1172
10052 1174 211 690 1172
10092 1172 225 690 1172
705 573 227 690 1172
727 320 225 691 1173
10052 1175 211 691 1173
10092 1173 222 691 1173
705 574 221 691 1173
10168 1170 209 692 1174
727 321 227 692 1174
10092 1174 212 692 1174
705 575 236 692 1174
10168 1171 207 693 1175
727 322 233 693 1175
10092 1175 219 693 1175
705 576 231 693 1175
10092 1176 223 694 1176
705 577 227 694 1176
10171 1178 210 694 1176
10168 1173 208 695 1177
10092 1177 225 695 1177
705 578 231 695 1177
727 325 234 696 1178
10092 1178 217 696 1178
727 326 227 697 1179
10052 1181 208 697 1179
10092 1179 218 697 1179
10092 1180 218 698 1180
705 581 228 698 1180
10168 1177 209 699 1181
727 328 229 699 1181
10052 1183 211 699 1181
10092 1181 224 699 1181
10171 1183 208 699 1181
727 329 231 700 1182
10052 1184 208 700 1182
10092 1182 225 700 1182
705 583 223 700 1182
727 330 231 701 1183
10092 1183 225 701 1183
705 584 225 701 1183
10092 1184 221 702 1184
727 332 221 703 1185
10052 1187 208 703 1185
10092 1185 213 703 1185
10168 1182 207 704 1186
10092 1186 221 704 1186
10052 1189 208 705 1187
10092 1187 221 705 1187
10168 1184 207 705 1187
10052 1190 209 706 1188
10092 1188 220 706 1188
10168 1185 208 706 1188
10092 1189 219 707 1189
10168 1186 209 707 1189
10052 1192 208 708 1190
10092 1190 217 708 1190
705 592 221 709 1191
10092 1191 214 709 1191
10052 1194 209 710 1192
705 593 222 710 1192
10092 1192 216 710 1192
10052 1195 207 711 1193
10092 1193 212 711 1193
10168 1190 208 712 1194
10052 1196 209 712 1194
10092 1194 223 712 1194
10052 1197 207 713 1195
10092 1195 221 713 1195
10052 1198 211 714 1196
10092 1196 225 714 1196
10092 1197 221 715 1197
10168 1194 207 715 1197
705 599 221 716 1198
10092 1198 220 716 1198
10052 1201 208 717 1199
10092 1199 223 717 1199
10092 1200 224 718 1200
10168 1197 209 718 1200
10052 1203 209 719 1201
10092 1201 226 719 1201
10168 1198 208 719 1201
705 603 221 720 1202
10052 1204 210 720 1202
10092 1202 226 720 1202
10168 1199 210 720 1202
10092 1203 227 721 1203
10092 1204 227 722 1204
10168 1201 207 722 1204
10092 1205 225 723 1205
10092 1206 229 724 1206
10168 1203 209 724 1206
10092 1207 223 725 1207
10092 1220 211 738 1220
10092 1221 206 739 1221
705 662 221 778 1260
10092 1261 223 778 1260
10092 1265 207 782 1264
10092 1266 214 783 1265
10092 1267 215 784 1266
705 669 223 785 1267
10092 1268 217 785 1267
10092 1269 218 786 1268
10092 1270 210 787 1269
10092 1271 213 788 1270
10092 1272 209 789 1271
10092 1273 210 790 1272
10092 1275 212 792 1274
705 678 239 794 1276
10092 1277 209 794 1276
10092 1278 216 795 1277
10092 1279 216 796 1278
705 681 223 797 1279
10092 1282 212 799 1281
10092 1283 209 800 1282
10092 1284 212 801 1283
10092 1286 208 803 1285
10092 1291 209 808 1290
10052 1294 207 809 1291
10092 1292 214 809 1291
10052 1295 211 810 1292
10092 1293 221 810 1292
727 442 221 812 1294
705 696 227 812 1294
10092 1295 219 812 1294
10092 1296 213 813 1295
10092 1297 219 814 1296
10092 1298 212 815 1297
10092 1299 215 816 1298
10092 1300 210 817 1299
10092 1301 211 818 1300
10092 1302 212 819 1301
705 704 221 820 1302
10092 1303 216 820 1302
10092 1304 213 821 1303
10092 1307 211 824 1306
10092 1308 208 825 1307
10092 1309 217 826 1308
10092 1310 213 827 1309
10168 1307 207 828 1310
10052 1313 208 828 1310
10092 1311 207 828 1310
10092 1312 211 829 1311
10092 1313 208 830 1312
10092 1314 215 831 1313
705 716 222 832 1314
10092 1315 209 832 1314
10092 1316 211 833 1315
10052 1319 208 834 1316
10092 1317 208 834 1316
10092 1318 209 835 1317
10092 1319 221 837 1319
10092 1320 207 838 1320
10092 1322 209 840 1322
10092 1323 216 841 1323
727 471 225 841 1323
10092 1324 217 842 1324
10092 1325 216 843 1325
10052 1328 207 844 1326
10092 1326 216 844 1326
705 729 223 845 1327
10092 1328 223 846 1328
705 730 231 846 1328
10092 1329 219 847 1329
705 731 239 847 1329
10092 1330 218 848 1330
705 732 230 848 1330
10092 1331 223 849 1331
705 733 229 849 1331
10092 1332 227 850 1332
705 734 225 850 1332
10052 1335 207 851 1333
10092 1333 220 851 1333
10052 1336 207 852 1334
10092 1334 226 852 1334
10092 1335 212 853 1335
10092 1336 212 854 1336
10092 1337 209 855 1337
10092 1338 211 856 1338
10171 1341 208 857 1339
10092 1340 210 858 1340
10092 1341 211 859 1341
10092 1342 212 860 1342
10092 1343 212 861 1343
10092 1345 208 863 1345
10092 1346 216 864 1346
10092 1347 210 865 1347
705 749 235 865 1347
10168 1344 206 865 1347
10092 1348 225 866 1348
705 750 224 866 1348
10052 1351 207 867 1349
10092 1349 226 867 1349
10052 1352 211 868 1350
10092 1350 225 868 1350
705 753 221 869 1351
10092 1352 207 870 1352
10092 1353 209 871 1353
10092 1355 212 873 1355
10092 1356 214 874 1356
10092 1357 211 875 1357
705 759 233 875 1357
10092 1358 217 876 1358
10092 1360 211 878 1360
10092 1361 220 879 1361
705 763 227 879 1361
10052 1364 207 880 1362
10092 1362 219 880 1362
705 764 233 880 1362
10092 1363 214 881 1363
705 765 224 881 1363
10092 1364 219 882 1364
705 766 222 882 1364
10092 1365 212 883 1365
10092 1367 207 885 1367
10092 1370 214 888 1370
10092 1371 210 889 1371
10092 1372 209 890 1372
10092 1373 212 891 1373
705 775 223 891 1373
10092 1374 211 892 1374
705 776 224 892 1374
705 777 221 893 1375
10092 1377 211 895 1377
10092 1378 208 896 1378
10092 1379 218 897 1379
705 781 221 897 1379
10092 1380 219 898 1380
10092 1381 215 899 1381
10092 1382 208 900 1382
10092 1384 215 902 1384
705 786 233 902 1384
10092 1385 215 903 1385
705 787 234 903 1385
10092 1386 218 904 1386
10092 1387 209 905 1387
705 789 237 905 1387
10092 1388 211 906 1388
705 790 227 906 1388
10092 1389 217 907 1389
705 791 221 907 1389
10092 1390 215 908 1390
705 792 225 908 1390
10092 1391 219 909 1391
727 539 222 909 1391
10092 1392 216 910 1392
10092 1393 214 911 1393
10092 1394 213 912 1394
10092 1395 212 913 1395
10092 1398 209 916 1398
10092 1399 211 917 1399
10092 1400 208 918 1400
10092 1402 210 920 1402
705 804 221 920 1402
705 805 225 921 1403
727 551 231 921 1403
10092 1404 210 922 1404
705 806 232 922 1404
10092 1406 207 924 1406
10092 1407 214 925 1407
10092 1408 212 926 1408
10092 1409 208 927 1409
10092 1410 211 928 1410
10092 1412 219 930 1412
10092 1416 213 934 1416
10092 1417 211 935 1417
10092 1418 210 936 1418
10092 1419 217 937 1419
10092 1420 212 938 1420
10092 1422 207 940 1422
10092 1424 212 942 1424
10092 1425 216 943 1425
10171 1427 210 943 1425
10092 1426 223 944 1426
705 828 223 944 1426
727 574 227 944 1426
10092 1427 214 945 1427
705 829 227 945 1427
727 575 224 945 1427
10092 1428 228 946 1428
10052 1431 211 946 1428
10092 1429 228 947 1429
10052 1432 208 948 1430
10092 1430 227 948 1430
10092 1431 221 949 1431
10092 1432 223 950 1432
10092 1435 212 953 1435
10052 1438 207 954 1436
10092 1436 209 954 1436
10052 1439 207 955 1437
10171 1440 208 956 1438
10140 1440 208 962 1444
10084 1438 221 962 1444
417 926 221 963 1445
10140 1441 207 963 1445
10084 1439 227 963 1445
417 927 221 964 1446
10018 773 207 964 1446
10084 1440 217 964 1446
10158 1441 212 964 1446
10018 774 213 965 1447
10055 1448 218 966 1448
10018 775 209 966 1448
10140 1444 208 966 1448
521 22 230 966 1448
10084 1442 210 966 1448
10055 1449 213 967 1449
10018 776 211 967 1449
521 23 221 967 1449
10055 1450 218 968 1450
10018 777 210 968 1450
521 24 227 968 1450
10084 1445 223 969 1451
521 25 231 969 1451
10018 779 211 970 1452
14 750 224 971 1453
10018 780 219 971 1453
10098 1450 207 971 1453
10084 1447 218 971 1453
10078 1453 213 972 1454
10040 1449 211 972 1454
10078 1454 209 973 1455
521 29 236 973 1455
10040 1450 209 973 1455
521 30 225 974 1456
10040 1451 210 974 1456
768 821 221 975 1457
10078 1457 210 976 1458
521 32 237 976 1458
10078 1458 223 977 1459
521 33 240 977 1459
10040 1454 210 978 1460
10078 1459 214 978 1460
10078 1460 215 979 1461
10040 1456 223 980 1462
10078 1461 221 980 1462
10040 1457 209 981 1463
10018 790 212 981 1463
10098 1460 217 981 1463
10140 1459 207 981 1463
10158 1458 211 981 1463
10084 1458 211 982 1464
92 934 221 984 1466
521 40 225 984 1466
10084 1461 210 985 1467
521 41 224 985 1467
10140 1464 209 986 1468
10084 1462 220 986 1468
10158 1464 218 987 1469
10018 797 221 988 1470
10084 1464 208 988 1470
10158 1465 210 988 1470
10084 1465 210 989 1471
10018 799 208 990 1472
10084 1466 208 990 1472
10158 1467 210 990 1472
10018 800 208 991 1473
10084 1467 211 991 1473
521 47 223 991 1473
10084 1468 213 992 1474
10158 1469 209 992 1474
521 48 231 992 1474
10084 1469 210 993 1475
521 49 223 993 1475
10084 1470 211 994 1476
10158 1471 213 994 1476
182 1 226 995 1477
10018 805 207 996 1478
10084 1472 217 996 1478
10158 1473 209 996 1478
10084 1473 220 997 1479
10158 1474 207 997 1479
417 961 227 998 1480
10084 1474 223 998 1480
10084 1475 215 999 1481
10084 1476 223 1000 1482
10134 1477 212 1002 1484
10092 1487 214 1005 1487
10092 1488 207 1006 1488
705 891 226 1007 1489
10171 1492 212 1008 1490
10134 1485 210 1010 1492
10084 1489 209 1013 1495
44 457 225 1013 1495
10084 1490 225 1014 1496
10158 1491 208 1014 1496
44 458 231 1014 1496
10098 1494 209 1015 1497
10078 1497 212 1016 1498
10040 1493 213 1016 1498
10078 1498 210 1017 1499
10040 1494 213 1017 1499
10078 1499 207 1018 1500
10040 1495 229 1018 1500
10078 1500 212 1019 1501
10040 1496 214 1019 1501
10092 1507 226 1025 1507
10092 1508 212 1026 1508
10092 1509 207 1027 1509
10092 1511 213 1029 1511
10092 1512 208 1030 1512
705 914 234 1030 1512
727 660 223 1030 1512
10052 1515 207 1030 1512
10092 1513 211 1031 1513
10171 1515 206 1031 1513
705 915 224 1031 1513
10092 1514 207 1032 1514
705 916 227 1032 1514
705 917 235 1033 1515
10092 1516 209 1034 1516
10171 1518 207 1034 1516
10092 1517 207 1035 1517
10092 1519 212 1037 1519
10092 1520 212 1038 1520
705 922 223 1038 1520
10092 1521 216 1039 1521
10092 1522 212 1040 1522
10092 1523 207 1041 1523
10168 1520 207 1041 1523
10092 1524 212 1042 1524
10092 1525 211 1043 1525
705 931 221 1047 1529
10092 1530 209 1048 1530
705 932 227 1048 1530
10092 1531 213 1049 1531
10092 1532 216 1050 1532
10092 1533 207 1051 1533
10092 1534 212 1052 1534
10171 1536 207 1052 1534
727 682 221 1052 1534
10092 1535 211 1053 1535
10092 1536 210 1054 1536
10092 1537 207 1055 1537
10092 1538 208 1056 1538
10092 1541 207 1059 1541
10092 1542 206 1060 1542
10092 1544 213 1062 1544
727 692 242 1062 1544
10092 1545 214 1063 1545
10052 1548 209 1064 1546
10092 1546 221 1064 1546
10171 1548 209 1064 1546
727 694 227 1064 1546
10092 1547 213 1065 1547
10092 1549 211 1067 1549
10092 1550 206 1068 1550
10168 1547 208 1068 1550
727 698 224 1068 1550
10092 1551 210 1069 1551
10092 1553 208 1071 1553
10092 1557 209 1075 1557
10092 1560 208 1077 1559
10092 1561 209 1078 1560
10092 1562 210 1079 1561
10092 1563 215 1080 1562
10092 1564 208 1082 1564
10092 1565 211 1083 1565
10092 1566 212 1084 1566
10092 1567 213 1085 1567
10092 1568 210 1086 1568
10092 1570 211 1088 1570
10092 1572 210 1090 1572
10092 1573 210 1091 1573
727 724 239 1094 1576
10052 1579 207 1094 1576
10092 1577 217 1095 1577
10092 1578 213 1096 1578
10092 1579 209 1097 1579
10092 1580 228 1098 1580
10092 1581 209 1099 1581
10092 1583 209 1101 1583
727 2 227 1101 1583
10092 1584 210 1102 1584
10092 1586 209 1103 1585
705 988 232 1104 1586
10092 1587 209 1104 1586
705 989 225 1105 1587
727 6 224 1105 1587
705 990 223 1106 1588
10092 1589 210 1106 1588
10092 1590 211 1107 1589
727 9 223 1108 1590
10092 1591 209 1108 1590
10092 1592 209 1109 1591
705 994 229 1110 1592
705 995 229 1111 1593
10168 1591 208 1112 1594
10171 1598 217 1114 1596
10168 1593 209 1114 1596
10084 1603 225 1127 1609
10084 1604 215 1128 1610
521 64 223 1130 1612
521 65 222 1131 1613
521 69 229 1135 1617
92 1085 223 1135 1617
10084 1613 219 1137 1619
10084 1614 211 1138 1620
768 985 221 1139 1621
521 73 225 1139 1621
10084 1615 225 1139 1621
10158 1616 207 1139 1621
693 88 223 1139 1621
10084 1616 220 1140 1622
10018 950 214 1141 1623
10098 1620 209 1141 1623
10106 1621 211 1141 1623
10076 1620 215 1142 1624
10168 1623 209 1144 1626
10052 1629 208 1144 1626
10092 1628 225 1146 1628
705 1030 222 1146 1628
10092 1629 209 1147 1629
705 1034 221 1150 1632
705 1035 232 1151 1633
705 1036 241 1152 1634
705 1038 225 1154 1636
705 1039 227 1155 1637
10092 1638 210 1156 1638
10092 1639 211 1156 1638
705 1041 232 1157 1639
705 1042 236 1158 1640
705 1043 225 1159 1641
10092 1642 219 1159 1641
10052 1645 212 1160 1642
10092 1643 215 1160 1642
727 62 221 1161 1643
727 65 231 1164 1646
10092 1648 211 1166 1648
10092 1649 221 1167 1649
10092 1650 207 1168 1650
182 1 225 1168 1650
727 69 231 1168 1650
10092 1652 207 1170 1652
705 1054 221 1170 1652
182 4 229 1171 1653
705 1055 223 1171 1653
182 5 226 1172 1654
705 1056 227 1172 1654
10092 1655 207 1172 1654
705 1057 225 1173 1655
727 74 222 1173 1655
10092 1658 207 1175 1657
182 9 221 1176 1658
705 1060 226 1176 1658
10052 1661 207 1176 1658
10092 1659 210 1176 1658
705 1061 232 1177 1659
705 1062 233 1178 1660
705 1063 236 1179 1661
10052 1664 209 1179 1661
10092 1662 218 1179 1661
705 1064 227 1180 1662
10052 1665 209 1180 1662
727 82 224 1181 1663
10092 1664 208 1181 1663
727 83 223 1182 1664
10052 1667 207 1182 1664
10092 1665 217 1182 1664
727 84 233 1183 1665
727 85 231 1184 1666
10092 1667 208 1184 1666
727 86 221 1185 1667
10092 1668 208 1185 1667
10092 1669 208 1186 1668
10092 1670 212 1188 1670
10092 1673 212 1190 1672
10092 1674 212 1191 1673
10052 1677 208 1192 1674
182 16 237 1193 1675
10092 1676 206 1193 1675
705 1078 233 1194 1676
10092 1677 210 1194 1676
705 1079 227 1195 1677
705 1080 225 1196 1678
10052 1681 206 1196 1678
10092 1679 210 1196 1678
705 1081 221 1197 1679
727 98 223 1197 1679
10052 1682 209 1197 1679
10092 1680 221 1197 1679
10092 1681 213 1198 1680
705 1083 227 1199 1681
10092 1682 227 1199 1681
10092 1683 213 1200 1682
10092 1684 222 1201 1683
10052 1687 209 1202 1684
10092 1685 210 1202 1684
705 1089 226 1205 1687
10168 1684 208 1205 1687
10092 1688 223 1205 1687
10052 1691 209 1206 1688
10092 1689 225 1206 1688
705 1091 228 1207 1689
10092 1690 213 1208 1690
10092 1691 227 1209 1691
10171 1694 208 1210 1692
705 1095 227 1211 1693
10092 1694 215 1211 1693
705 1096 232 1212 1694
10092 1695 210 1212 1694
10092 1697 212 1215 1697
10092 1698 211 1216 1698
10092 1699 211 1217 1699
10092 1701 211 1219 1701
10092 1702 208 1220 1702
10092 1703 212 1221 1703
10092 1705 210 1223 1705
10092 1706 216 1224 1706
10092 1707 227 1225 1707
10092 1708 218 1226 1708
10092 1709 208 1227 1709
10092 1710 210 1228 1710
705 1112 225 1228 1710
10092 1711 212 1229 1711
705 1113 229 1229 1711
10052 1714 207 1229 1711
10092 1712 223 1230 1712
705 1114 233 1230 1712
10052 1715 208 1230 1712
10092 1713 227 1231 1713
705 1115 233 1231 1713
10052 1716 219 1231 1713
10171 1716 216 1232 1714
10168 1711 211 1232 1714
10052 1717 224 1232 1714
10158 1712 207 1235 1717
10173 1713 207 1235 1717
10106 1715 210 1235 1717
705 1153 221 1277 1759
705 1154 225 1278 1760
705 1155 223 1279 1761
705 1161 223 1285 1767
705 1162 221 1286 1768
705 1169 221 1293 1775
705 1170 234 1294 1776
705 1171 223 1295 1777
705 1172 227 1296 1778
705 1174 227 1298 1780
705 1175 226 1299 1781
705 1176 225 1300 1782
705 1177 221 1301 1783
705 1180 225 1304 1786
705 1182 235 1306 1788
705 1184 237 1308 1790
705 1185 225 1309 1791
705 1186 224 1310 1792
10084 1787 214 1319 1801
10098 1791 211 1320 1802
10140 1790 213 1320 1802
182 22 222 1322 1804
10040 1791 208 1323 1805
521 249 221 1323 1805
10040 1792 209 1324 1806
182 24 221 1324 1806
10106 1796 207 1324 1806
10040 1793 208 1325 1807
705 1201 221 1325 1807
10040 1794 210 1326 1808
705 1202 221 1326 1808
705 1204 228 1328 1810
10040 1797 217 1329 1811
521 5 222 1329 1811
10040 1798 209 1330 1812
768 1168 221 1330 1812
521 7 222 1331 1813
10040 1800 211 1332 1814
768 1171 221 1333 1815
705 1209 227 1333 1815
10078 1806 213 1333 1815
10040 1802 218 1334 1816
768 1172 224 1334 1816
10078 1807 219 1334 1816
182 34 224 1334 1816
10040 1803 221 1335 1817
768 1173 225 1335 1817
705 1211 225 1335 1817
10078 1808 213 1335 1817
182 35 223 1335 1817
521 11 225 1335 1817
10040 1804 211 1336 1818
705 1212 235 1336 1818
10078 1809 213 1336 1818
10040 1805 215 1337 1819
693 89 221 1337 1819
10078 1810 217 1337 1819
705 1213 226 1337 1819
182 37 221 1337 1819
521 13 224 1337 1819
10040 1806 210 1338 1820
768 1176 225 1338 1820
705 1214 230 1338 1820
10078 1811 219 1338 1820
182 38 224 1338 1820
10040 1807 213 1339 1821
705 1215 231 1339 1821
182 39 223 1339 1821
10040 1808 223 1340 1822
705 1216 223 1340 1822
10078 1813 218 1340 1822
10040 1809 224 1341 1823
10078 1814 213 1341 1823
10040 1810 226 1342 1824
693 94 222 1342 1824
705 1218 227 1342 1824
10078 1815 213 1342 1824
10040 1811 223 1343 1825
768 1181 231 1343 1825
705 1219 231 1343 1825
10078 1816 219 1343 1825
10040 1812 225 1344 1826
768 1182 229 1344 1826
10078 1817 211 1344 1826
182 44 227 1344 1826
10040 1813 223 1345 1827
693 97 223 1345 1827
521 21 223 1345 1827
10078 1818 217 1345 1827
10040 1814 224 1346 1828
768 1184 232 1346 1828
521 22 224 1346 1828
10078 1819 212 1346 1828
10040 1815 217 1347 1829
705 1223 223 1347 1829
10078 1820 209 1347 1829
10040 1816 216 1348 1830
705 1224 221 1348 1830
10078 1821 207 1348 1830
10106 1820 209 1348 1830
10004 1819 210 1349 1831
10040 1818 214 1350 1832
705 1226 223 1350 1832
10078 1823 207 1350 1832
10040 1819 212 1351 1833
705 1227 223 1351 1833
10040 1820 217 1352 1834
705 1228 221 1352 1834
521 5 221 1352 1834
10040 1821 213 1353 1835
705 1229 223 1353 1835
182 53 222 1353 1835
10040 1822 211 1354 1836
10040 1823 210 1355 1837
705 1231 222 1355 1837
10018 1157 218 1356 1838
10140 1826 209 1356 1838
10076 1827 209 1357 1839
10018 1158 208 1357 1839
10098 1829 209 1358 1840
10158 1827 206 1358 1840
10158 1828 211 1359 1841
10084 1828 208 1360 1842
10158 1829 210 1360 1842
10055 1835 210 1361 1843
10084 1829 210 1361 1843
10018 1163 216 1362 1844
10098 1833 214 1362 1844
10040 1831 221 1363 1845
705 1239 223 1363 1845
705 1240 226 1364 1846
10078 1837 207 1364 1846
10040 1833 207 1365 1847
705 1241 225 1365 1847
10040 1834 210 1366 1848
705 1242 225 1366 1848
10078 1839 209 1366 1848
10040 1835 211 1367 1849
521 20 221 1367 1849
10078 1840 208 1367 1849
182 67 225 1367 1849
727 260 228 1368 1850
10040 1836 217 1368 1850
705 1244 239 1368 1850
521 21 229 1368 1850
10078 1841 209 1368 1850
10106 1840 208 1368 1850
482 233 225 1368 1850
727 261 227 1369 1851
10040 1837 212 1369 1851
705 1245 224 1369 1851
10040 1838 211 1370 1852
705 1246 221 1370 1852
10040 1839 211 1371 1853
727 264 223 1372 1854
10040 1840 213 1372 1854
705 1248 230 1372 1854
10078 1845 208 1372 1854
727 265 227 1373 1855
10040 1841 221 1373 1855
705 1249 237 1373 1855
521 26 227 1373 1855
10078 1846 211 1373 1855
182 73 221 1373 1855
10106 1845 210 1373 1855
727 266 227 1374 1856
10040 1842 219 1374 1856
705 1250 241 1374 1856
10078 1847 208 1374 1856
10040 1843 211 1375 1857
10040 1844 209 1376 1858
705 1252 227 1376 1858
705 1253 240 1377 1859
10078 1850 209 1377 1859
10040 1846 210 1378 1860
768 1218 221 1380 1862
705 1257 224 1381 1863
10040 1850 213 1382 1864
705 1258 229 1382 1864
10040 1851 211 1383 1865
705 1259 223 1383 1865
10040 1852 211 1384 1866
705 1260 229 1384 1866
10040 1853 210 1385 1867
705 1261 224 1385 1867
10040 1854 210 1386 1868
10040 1855 225 1387 1869
705 1263 237 1387 1869
10078 1860 209 1387 1869
182 87 224 1387 1869
10040 1856 220 1388 1870
705 1264 235 1388 1870
10040 1857 208 1389 1871
10040 1858 215 1390 1872
10078 1863 207 1390 1872
182 91 221 1391 1873
10040 1865 210 1396 1878
705 1274 228 1398 1880
10040 1867 210 1398 1880
705 1275 224 1399 1881
705 1276 223 1400 1882
10106 1873 208 1401 1883
10040 1870 209 1401 1883
718 1089 227 1401 1883
10078 1875 208 1402 1884
182 102 221 1402 1884
10106 1874 209 1402 1884
10040 1871 208 1402 1884
10040 1872 208 1403 1885
10134 1871 207 1404 1886
10040 1874 223 1405 1887
10106 1878 208 1406 1888
10040 1875 207 1406 1888
10040 1876 207 1408 1890
84 1188 221 1408 1890
423 1180 223 1408 1890
10106 1881 208 1409 1891
705 1286 221 1410 1892
10106 1882 209 1410 1892
10040 1879 211 1411 1893
705 1287 221 1411 1893
10106 1883 217 1411 1893
10040 1880 217 1412 1894
10106 1884 221 1412 1894
10040 1881 211 1413 1895
10055 1887 220 1413 1895
10018 1214 231 1413 1895
10098 1884 208 1413 1895
10158 1882 219 1413 1895
10018 1215 209 1414 1896
10084 1882 212 1414 1896
10158 1883 211 1414 1896
10084 1883 221 1415 1897
10158 1884 209 1415 1897
705 1292 226 1416 1898
10055 1890 207 1416 1898
10018 1217 215 1416 1898
10084 1884 207 1416 1898
705 1293 230 1417 1899
10140 1887 208 1417 1899
10158 1886 210 1417 1899
10018 1219 209 1418 1900
10084 1886 217 1418 1900
10158 1887 214 1418 1900
10084 1887 212 1419 1901
10158 1888 208 1419 1901
10084 1888 208 1420 1902
10018 1222 211 1421 1903
10084 1890 218 1422 1904
10158 1891 212 1422 1904
705 1301 227 1425 1907
10084 1893 209 1425 1907
10018 1227 212 1426 1908
10098 1897 211 1426 1908
10040 1896 214 1428 1910
10040 1897 210 1429 1911
10078 1904 210 1431 1913
10078 1906 207 1433 1915
10078 1908 222 1435 1917
10040 1904 208 1436 1918
10040 1905 218 1437 1919
10078 1910 207 1437 1919
10040 1906 212 1438 1920
10078 1911 209 1438 1920
10040 1907 222 1439 1921
10092 1917 221 1443 1925
727 335 221 1443 1925
10092 1918 211 1444 1926
10092 1919 222 1445 1927
10092 1920 207 1446 1928
10092 1921 207 1447 1929
705 1324 221 1448 1930
10092 1923 208 1449 1931
10092 1924 207 1450 1932
10092 1926 211 1452 1934
705 1331 221 1455 1937
643 1006 221 1455 1937
10092 1930 211 1456 1938
10168 1927 206 1457 1939
10092 1931 207 1457 1939
10092 1933 217 1459 1941
705 1335 226 1459 1941
10092 1934 208 1460 1942
693 212 225 1460 1942
10052 1937 206 1461 1943
693 213 227 1461 1943
10092 1935 218 1461 1943
10168 1932 212 1462 1944
10052 1938 217 1462 1944
10092 1936 217 1462 1944
693 214 239 1462 1944
10092 1937 211 1463 1945
10092 1939 209 1465 1947
693 217 222 1465 1947
10092 1940 211 1466 1948
10168 1937 208 1467 1949
10052 1943 207 1467 1949
10092 1941 219 1467 1949
10092 1942 207 1468 1950
10092 1943 215 1469 1951
705 1345 222 1469 1951
10052 1946 207 1470 1952
10092 1944 220 1470 1952
705 1346 221 1470 1952
10092 1945 221 1471 1953
705 1347 237 1471 1953
10052 1948 208 1472 1954
10092 1946 221 1472 1954
10092 1947 217 1473 1955
705 1349 234 1473 1955
10052 1950 209 1474 1956
10092 1948 219 1474 1956
705 1350 234 1474 1956
10092 1949 215 1475 1957
705 1351 233 1475 1957
10052 1952 207 1476 1958
10092 1950 215 1476 1958
705 1352 228 1476 1958
10052 1953 208 1477 1959
10092 1951 217 1477 1959
705 1353 221 1477 1959
10092 1952 213 1478 1960
10092 1953 211 1479 1961
705 1355 226 1479 1961
10092 1954 219 1480 1962
10171 1956 207 1480 1962
10092 1955 215 1481 1963
10092 1956 215 1482 1964
10092 1957 210 1483 1965
705 1359 226 1483 1965
10092 1958 218 1484 1966
705 1360 227 1484 1966
10168 1955 206 1485 1967
10092 1959 219 1485 1967
705 1361 223 1485 1967
10092 1960 212 1486 1968
705 1362 221 1486 1968
10052 1963 207 1487 1969
10092 1961 219 1487 1969
10092 1962 213 1488 1970
705 1364 224 1488 1970
10092 1963 214 1489 1971
10092 1964 213 1490 1972
10092 1965 215 1491 1973
10092 1966 226 1492 1974
705 1368 236 1492 1974
10092 1967 221 1493 1975
705 1369 234 1493 1975
10092 1968 225 1494 1976
10092 1969 222 1495 1977
705 1371 221 1495 1977
10092 1970 221 1496 1978
10092 1971 208 1497 1979
705 1373 226 1497 1979
705 1374 228 1498 1980
10092 1973 211 1499 1981
705 1375 221 1499 1981
10092 1974 219 1500 1982
705 1376 221 1500 1982
10092 1975 218 1501 1983
10092 1976 219 1502 1984
705 1378 221 1502 1984
10092 1977 211 1503 1985
705 1379 221 1503 1985
10092 1978 223 1504 1986
705 1380 225 1504 1986
10092 1979 224 1505 1987
10092 1980 219 1506 1988
10092 1981 223 1507 1989
705 1383 226 1507 1989
10092 1982 223 1508 1990
705 1384 224 1508 1990
10092 1983 223 1509 1991
705 1385 221 1509 1991
10092 1984 222 1510 1992
10092 1985 221 1511 1993
705 1387 222 1511 1993
10092 1986 225 1512 1994
705 1388 221 1512 1994
10092 1987 209 1513 1995
10092 1988 223 1514 1996
705 1390 221 1514 1996
10092 1989 226 1515 1997
10092 1990 223 1516 1998
10092 1991 227 1517 1999
10092 1992 226 1518 2000
10092 1993 227 1519 2001
10171 1995 207 1519 2001
10092 1994 215 1520 2002
10092 1995 219 1521 2003
10092 1996 217 1522 2004
10052 1999 208 1523 2005
10092 1997 217 1523 2005
705 1399 231 1523 2005
10092 1998 217 1524 2006
10171 2000 207 1524 2006
10168 1995 207 1524 2006
10052 2001 210 1525 2007
10092 1999 217 1525 2007
10092 2000 224 1526 2008
10092 2001 219 1527 2009
10092 2002 226 1528 2010
10171 2004 207 1528 2010
10092 2003 227 1529 2011
10052 2006 207 1530 2012
10092 2004 221 1530 2012
10092 2005 226 1531 2013
705 1407 231 1531 2013
10092 2006 230 1532 2014
705 1408 232 1532 2014
10092 2007 228 1533 2015
705 1409 223 1533 2015
10092 2008 227 1534 2016
705 1410 229 1534 2016
10092 2009 228 1535 2017
705 1411 229 1535 2017
10092 2010 228 1536 2018
705 1412 229 1536 2018
10092 2011 226 1537 2019
705 1413 229 1537 2019
10092 2012 225 1538 2020
705 1414 226 1538 2020
10092 2013 223 1539 2021
705 1415 224 1539 2021
10092 2014 226 1540 2022
705 1416 221 1540 2022
10092 2015 222 1541 2023
10092 2016 207 1542 2024
705 1419 225 1543 2025
10052 2020 209 1544 2026
10092 2019 213 1545 2027
10092 2020 208 1546 2028
705 1422 233 1546 2028
10052 2023 212 1547 2029
10092 2021 219 1547 2029
705 1423 229 1547 2029
10092 2022 217 1548 2030
705 1424 233 1548 2030
10052 2025 207 1549 2031
10092 2023 209 1549 2031
705 1425 223 1549 2031
10092 2024 217 1550 2032
705 1426 233 1550 2032
10052 2027 208 1551 2033
10092 2025 223 1551 2033
705 1427 223 1551 2033
10092 2026 225 1552 2034
705 1428 229 1552 2034
10092 2027 227 1553 2035
10052 2030 207 1554 2036
10092 2028 227 1554 2036
705 1430 229 1554 2036
10052 2031 208 1555 2037
10092 2029 231 1555 2037
705 1431 221 1555 2037
10052 2032 207 1556 2038
10092 2030 226 1556 2038
10052 2033 211 1557 2039
10092 2032 219 1558 2040
10092 2035 217 1561 2043
