10093 778 228 0 776
10093 779 209 1 777
10093 780 210 2 778
10093 784 208 6 782
10093 785 209 7 783
10093 787 222 9 785
10093 788 224 10 786
10093 789 220 11 787
10093 803 217 25 801
10093 810 209 32 808
10093 812 218 34 810
10093 813 219 35 811
10093 814 219 36 812
10093 815 219 37 813
10093 816 220 38 814
375 37 223 38 814
10093 817 217 39 815
10093 818 209 40 816
10093 820 231 42 818
10093 821 221 43 819
289 15 222 43 819
289 17 227 45 821
289 18 225 46 822
375 48 247 49 825
575 130 233 49 825
10093 828 217 50 826
10093 829 226 51 827
10093 830 219 52 828
10031 832 209 52 828
289 24 227 52 828
575 133 237 52 828
10093 831 223 53 829
289 25 233 53 829
575 134 242 53 829
10093 832 219 54 830
10085 832 209 54 830
289 26 231 54 830
575 135 233 54 830
10093 833 209 55 831
10085 833 209 55 831
575 136 223 55 831
10093 834 225 56 832
10085 834 211 56 832
289 28 222 56 832
575 137 226 56 832
10093 835 221 57 833
289 29 242 57 833
10093 836 221 58 834
289 30 221 58 834
545 4 228 58 834
10093 837 216 59 835
375 58 224 59 835
10074 828 209 59 835
545 5 235 59 835
289 31 225 59 835
575 140 238 59 835
10093 838 214 60 836
10093 839 213 61 837
289 33 221 61 837
575 142 227 61 837
375 61 223 62 838
575 143 231 62 838
10093 841 215 63 839
375 62 221 63 839
575 144 231 63 839
10093 842 210 64 840
575 145 227 64 840
10093 843 210 65 841
375 64 221 65 841
575 146 222 65 841
10093 844 211 66 842
575 147 227 66 842
375 66 221 67 843
289 39 222 67 843
575 148 222 67 843
10093 846 212 68 844
375 67 223 68 844
289 40 223 68 844
575 149 229 68 844
10093 847 212 69 845
545 15 235 69 845
289 41 224 69 845
10093 848 211 70 846
575 151 223 70 846
10093 849 212 71 847
375 70 233 71 847
545 17 221 71 847
10093 850 212 72 848
375 71 228 72 848
575 153 222 73 849
10093 851 218 73 849
375 72 225 73 849
10085 851 208 73 849
289 45 221 73 849
10093 852 217 74 850
375 73 229 74 850
10093 853 210 75 851
289 47 226 75 851
10093 854 213 76 852
289 48 239 76 852
10093 855 219 77 853
10097 847 208 77 853
289 49 225 77 853
10093 856 230 78 854
289 50 235 78 854
10093 857 219 79 855
289 51 233 79 855
10093 858 219 80 856
289 52 231 80 856
10093 859 220 81 857
289 53 231 81 857
10093 860 220 82 858
289 54 224 82 858
10093 861 216 83 859
10097 853 210 83 859
289 55 227 83 859
10093 862 218 84 860
289 56 233 84 860
10093 863 211 85 861
289 57 229 85 861
10093 864 215 86 862
289 58 235 86 862
10093 865 217 87 863
10097 857 209 87 863
289 59 224 87 863
10093 866 228 88 864
10097 858 211 88 864
10093 867 223 89 865
10093 868 221 90 866
10093 869 210 91 867
10093 870 210 92 868
10093 871 215 93 869
10093 872 208 94 870
10093 873 216 95 871
10093 874 213 96 872
10093 876 217 98 874
10093 877 217 99 875
10093 878 217 100 876
10093 879 217 101 877
10093 880 217 102 878
10093 881 217 103 879
10093 882 216 104 880
10093 883 217 105 881
10093 884 217 106 882
10093 885 215 107 883
10093 886 216 108 884
566 181 223 109 885
10093 887 217 109 885
10093 888 223 110 886
566 183 224 111 887
10093 889 224 111 887
10093 890 220 112 888
10093 891 211 113 889
10093 892 214 114 890
566 187 221 115 891
10093 893 210 115 891
10093 894 216 116 892
10093 895 221 117 893
10093 896 218 118 894
10085 896 209 118 894
10093 897 213 119 895
10093 898 216 120 896
10093 899 211 121 897
10093 900 211 122 898
10093 901 215 123 899
10093 902 224 124 900
10093 903 225 125 901
10093 904 226 126 902
10093 905 226 127 903
10093 906 218 128 904
10093 907 218 129 905
10093 908 216 130 906
10093 909 217 131 907
10093 910 218 132 908
10093 911 212 133 909
289 106 222 134 910
10093 914 224 136 912
10093 915 223 137 913
10093 916 223 138 914
10093 917 223 139 915
10093 918 223 140 916
10093 919 224 141 917
10093 920 224 142 918
10093 921 219 143 919
10093 922 219 144 920
10093 923 219 145 921
10093 924 222 146 922
10093 925 217 147 923
10093 926 215 148 924
10093 927 215 149 925
10093 928 215 150 926
10093 929 215 151 927
10093 930 219 152 928
10093 931 218 153 929
10093 932 212 154 930
10093 933 216 155 931
10093 934 219 156 932
10093 936 221 158 934
289 131 221 159 935
10093 938 211 160 936
289 132 221 160 936
10093 940 224 162 938
10093 941 218 163 939
10031 943 209 163 939
10093 942 214 164 940
10093 943 212 165 941
10093 944 212 166 942
10093 945 214 167 943
10093 946 215 168 944
10093 948 211 170 946
10093 949 212 171 947
10093 950 216 172 948
10093 951 217 173 949
10093 952 217 174 950
10093 953 217 175 951
10093 954 218 176 952
10093 955 216 177 953
10093 956 210 178 954
10093 957 216 179 955
10093 958 212 180 956
10093 959 217 181 957
10093 960 215 182 958
10093 961 213 183 959
10093 962 214 184 960
10093 963 219 185 961
10093 964 223 186 962
10031 966 209 186 962
10093 966 214 188 964
10093 967 225 189 965
10093 968 222 190 966
10093 969 223 191 967
10093 970 223 192 968
10093 971 223 193 969
10093 972 220 194 970
10093 973 213 195 971
10093 974 216 196 972
10093 975 215 197 973
10093 976 217 198 974
10093 977 217 199 975
10093 978 218 200 976
10093 979 219 201 977
10093 980 218 202 978
575 283 225 202 978
10093 981 219 203 979
10093 982 223 204 980
10093 983 223 205 981
10093 984 224 206 982
10093 985 224 207 983
10093 986 224 208 984
10093 987 224 209 985
10093 988 222 210 986
10093 990 208 212 988
10093 991 212 213 989
10093 992 225 214 990
10093 993 218 215 991
10093 994 210 216 992
10093 995 216 217 993
10093 996 212 218 994
10031 998 210 218 994
10093 997 212 219 995
10031 999 210 219 995
10093 998 214 220 996
10031 1000 210 220 996
10093 999 213 221 997
10031 1001 210 221 997
10093 1000 214 222 998
10031 1002 211 222 998
10093 1001 215 223 999
10031 1003 210 223 999
10093 1002 221 224 1000
10093 1003 219 225 1001
10093 1004 221 226 1002
10093 1005 221 227 1003
10093 1006 221 228 1004
10093 1007 221 229 1005
375 228 224 229 1005
10093 1008 222 230 1006
10093 1009 221 231 1007
10093 1010 221 232 1008
10093 1011 221 233 1009
10093 1012 221 234 1010
10093 1013 220 235 1011
10093 1014 215 236 1012
10093 1015 214 237 1013
10093 1016 221 238 1014
10093 1017 220 239 1015
10093 1018 219 240 1016
10093 1019 223 241 1017
10093 1020 212 242 1018
10093 1021 211 243 1019
10093 1022 225 244 1020
10093 1023 210 245 1021
10093 1024 224 246 1022
10085 1024 209 247 1023
10093 1025 223 247 1023
10093 1026 224 248 1024
10093 1027 225 249 1025
10093 1028 223 250 1026
10093 1029 223 251 1027
10093 1030 223 252 1028
10093 1031 223 253 1029
10093 1032 223 254 1030
10093 1033 222 255 1031
10093 1034 222 256 1032
10097 1026 219 256 1032
10097 1027 218 257 1033
10097 1028 220 258 1034
10097 1029 219 259 1035
10097 1030 223 260 1036
10093 1039 240 261 1037
10031 1041 210 261 1037
10093 1040 225 262 1038
10093 1041 219 263 1039
10093 1042 218 264 1040
10093 1043 217 265 1041
10093 1044 217 266 1042
10093 1045 224 267 1043
10093 1046 212 268 1044
10093 1047 219 269 1045
10093 1048 217 270 1046
10093 1049 213 271 1047
10093 1051 210 273 1049
10093 1052 214 274 1050
10093 1053 218 275 1051
10093 1054 221 276 1052
10093 1055 223 277 1053
10093 1056 223 278 1054
10093 1057 223 279 1055
10093 1058 229 280 1056
10093 1059 229 281 1057
10093 1060 229 282 1058
10093 1061 229 283 1059
10093 1062 227 284 1060
10093 1063 226 285 1061
10093 1064 227 286 1062
10093 1065 227 287 1063
10093 1066 226 288 1064
10085 1066 209 288 1064
10093 1067 225 289 1065
10085 1067 209 289 1065
10093 1068 225 290 1066
10085 1068 209 290 1066
10093 1069 210 291 1067
10093 1070 211 292 1068
10093 1071 211 293 1069
10093 1072 209 294 1070
289 267 221 296 1072
289 268 221 297 1073
10093 1075 210 297 1073
289 269 221 298 1074
10093 1076 210 298 1074
289 270 221 299 1075
10093 1077 210 299 1075
289 271 221 300 1076
10093 1078 212 300 1076
289 272 221 301 1077
10093 1079 209 301 1077
289 273 221 302 1078
10093 1080 212 302 1078
289 274 222 303 1079
10093 1081 211 303 1079
289 275 221 304 1080
10093 1082 213 304 1080
10093 1083 212 305 1081
289 277 221 306 1082
10093 1084 210 306 1082
10093 1086 219 308 1084
10093 1087 220 309 1085
10093 1088 209 310 1086
10093 1089 211 311 1087
10093 1090 213 312 1088
10093 1091 216 313 1089
10093 1092 216 314 1090
10093 1093 217 315 1091
10093 1094 219 316 1092
289 288 221 317 1093
10093 1095 219 317 1093
289 289 221 318 1094
10093 1096 220 318 1094
10093 1097 221 319 1095
10093 1098 220 320 1096
10093 1099 220 321 1097
10093 1100 220 322 1098
10093 1101 219 323 1099
10093 1102 219 324 1100
10093 1103 219 325 1101
10093 1104 219 326 1102
10093 1105 219 327 1103
10093 1106 219 328 1104
10093 1107 209 329 1105
10093 1109 209 331 1107
10093 1110 216 332 1108
10093 1111 218 333 1109
10093 1112 216 334 1110
10093 1113 221 335 1111
10093 1114 221 336 1112
10093 1115 221 337 1113
10093 1116 225 338 1114
10093 1117 223 339 1115
10093 1118 223 340 1116
10093 1119 223 341 1117
10031 1121 210 341 1117
10093 1120 216 342 1118
10031 1122 210 342 1118
10093 1121 213 343 1119
10093 1122 216 344 1120
10031 1124 209 344 1120
289 316 223 345 1121
10093 1123 227 345 1121
10085 1123 210 345 1121
10093 1124 223 346 1122
10093 1125 219 347 1123
10031 1127 209 347 1123
10085 1125 209 347 1123
10093 1126 221 348 1124
10031 1128 209 348 1124
10085 1126 209 348 1124
10093 1127 222 349 1125
10031 1129 209 349 1125
10093 1128 217 350 1126
10093 1129 221 351 1127
10093 1130 219 352 1128
10093 1131 216 353 1129
10093 1132 213 354 1130
10031 1134 210 354 1130
10093 1133 224 355 1131
10031 1135 213 355 1131
10093 1134 224 356 1132
10031 1136 213 356 1132
10085 1134 208 356 1132
10093 1135 223 357 1133
10031 1137 212 357 1133
10093 1136 223 358 1134
10031 1138 212 358 1134
10085 1136 208 358 1134
10093 1137 224 359 1135
10031 1139 212 359 1135
10093 1138 212 360 1136
10093 1139 217 361 1137
10093 1142 218 364 1140
10093 1143 218 365 1141
10093 1144 219 366 1142
10093 1145 213 367 1143
10093 1146 210 368 1144
10093 1147 225 369 1145
10093 1148 209 370 1146
10093 1149 221 371 1147
10093 1150 219 372 1148
10093 1151 220 373 1149
10093 1152 220 374 1150
10093 1153 214 375 1151
10093 1154 211 376 1152
10031 1156 209 376 1152
10093 1155 213 377 1153
10093 1156 222 378 1154
10093 1157 223 379 1155
10093 1158 211 380 1156
10093 1159 222 381 1157
10093 1160 221 382 1158
10093 1161 220 383 1159
10093 1162 219 384 1160
10093 1164 223 386 1162
10093 1165 225 387 1163
10093 1166 214 388 1164
10093 1167 209 389 1165
10093 1168 210 390 1166
10093 1170 209 392 1168
10093 1171 209 393 1169
10093 1172 223 394 1170
10093 1173 212 395 1171
10093 1174 217 396 1172
10093 1176 220 398 1174
10093 1177 209 399 1175
10093 1178 213 400 1176
10093 1179 208 401 1177
10093 1180 210 402 1178
10093 1181 209 403 1179
10093 1182 208 404 1180
10093 1183 210 405 1181
10093 1184 210 406 1182
10093 1185 210 407 1183
10093 1186 211 408 1184
10093 1187 214 409 1185
10093 1188 219 410 1186
10093 1189 215 411 1187
10093 1190 221 412 1188
10093 1191 218 413 1189
10093 1192 221 414 1190
10093 1193 222 415 1191
10093 1194 222 416 1192
10093 1195 221 417 1193
10093 1196 221 418 1194
10093 1197 220 419 1195
10093 1198 210 420 1196
10093 1199 214 421 1197
10093 1200 216 422 1198
10093 1201 215 423 1199
10085 1201 208 423 1199
10093 1202 215 424 1200
10093 1203 213 425 1201
10093 1204 224 426 1202
10031 1206 210 426 1202
10085 1204 209 426 1202
10093 1205 225 427 1203
10031 1207 209 427 1203
10093 1206 217 428 1204
10093 1207 216 429 1205
10093 1208 217 430 1206
10093 1209 219 431 1207
10093 1210 219 432 1208
10031 1212 210 432 1208
10093 1211 226 433 1209
10093 1212 209 434 1210
10031 1214 209 434 1210
10093 1213 212 435 1211
10031 1215 209 435 1211
10093 1214 209 436 1212
10093 1215 223 437 1213
10093 1216 221 438 1214
10093 1217 219 439 1215
10093 1218 226 440 1216
10093 1219 223 441 1217
10093 1220 223 442 1218
10031 1222 208 442 1218
10093 1221 220 443 1219
10093 1222 225 444 1220
10093 1223 223 445 1221
10093 1224 225 446 1222
10093 1225 221 447 1223
10093 1226 216 448 1224
10093 1227 217 449 1225
10093 1228 220 450 1226
10093 1229 218 451 1227
10093 1230 219 452 1228
10093 1231 220 453 1229
10093 1232 217 454 1230
375 453 221 454 1230
10093 1233 218 455 1231
10093 1234 219 456 1232
10093 1235 223 457 1233
10093 1236 223 458 1234
10093 1237 210 459 1235
10093 1238 223 460 1236
10093 1239 225 461 1237
10093 1240 224 462 1238
10093 1241 227 463 1239
10093 1243 209 465 1241
10093 1244 223 466 1242
10093 1245 221 467 1243
10093 1246 216 468 1244
10093 1247 225 469 1245
10093 1248 225 470 1246
10093 1249 225 471 1247
10093 1250 225 472 1248
10093 1251 225 473 1249
10093 1252 225 474 1250
10093 1253 221 475 1251
10093 1254 221 476 1252
10093 1255 221 477 1253
10093 1256 225 478 1254
10093 1257 219 479 1255
10093 1258 223 480 1256
10093 1259 224 481 1257
10093 1260 223 482 1258
10093 1261 223 483 1259
10093 1262 223 484 1260
10093 1263 223 485 1261
10093 1264 221 486 1262
10093 1265 221 487 1263
10093 1266 222 488 1264
10093 1267 222 489 1265
10093 1268 222 490 1266
10093 1269 223 491 1267
10093 1270 227 492 1268
10085 1270 209 492 1268
10093 1271 222 493 1269
10031 1273 208 493 1269
10093 1272 217 494 1270
10093 1273 225 495 1271
10093 1274 225 496 1272
10093 1275 226 497 1273
10093 1276 225 498 1274
10093 1277 225 499 1275
10093 1278 222 500 1276
10093 1279 212 501 1277
10093 1280 220 502 1278
10093 1281 220 503 1279
10093 1282 218 504 1280
10093 1283 219 505 1281
10093 1284 219 506 1282
10093 1285 219 507 1283
10093 1286 214 508 1284
10093 1287 219 509 1285
10093 1288 217 510 1286
10031 1290 209 510 1286
10093 1289 218 511 1287
10031 1291 209 511 1287
10093 1290 219 512 1288
10031 1292 209 512 1288
10093 1291 216 513 1289
10093 1292 217 514 1290
10093 1293 217 515 1291
10093 1294 217 516 1292
10093 1295 220 517 1293
10093 1296 220 518 1294
10093 1297 219 519 1295
10093 1298 215 520 1296
10093 1299 215 521 1297
10093 1300 210 522 1298
10093 1301 216 523 1299
10093 1302 221 524 1300
10093 1303 211 525 1301
10085 1303 209 525 1301
10093 1304 209 526 1302
10085 1304 209 526 1302
10085 1305 209 527 1303
10093 1306 211 528 1304
10085 1306 209 528 1304
10093 1307 214 529 1305
10085 1307 210 529 1305
10093 1308 212 530 1306
10085 1308 209 530 1306
10093 1309 212 531 1307
10085 1309 208 531 1307
10093 1310 212 532 1308
10093 1311 212 533 1309
10093 1312 222 534 1310
10093 1313 221 535 1311
10093 1314 221 536 1312
10093 1315 221 537 1313
10093 1316 221 538 1314
10093 1317 221 539 1315
10093 1318 225 540 1316
10093 1319 225 541 1317
10093 1320 224 542 1318
10093 1321 215 543 1319
10093 1322 225 544 1320
10093 1323 222 545 1321
10093 1324 223 546 1322
10093 1325 217 547 1323
10093 1326 220 548 1324
10093 1327 218 549 1325
10093 1328 224 550 1326
10093 1329 223 551 1327
10093 1330 221 552 1328
10093 1331 217 553 1329
10093 1332 211 554 1330
289 527 223 555 1331
10093 1334 216 556 1332
10093 1335 215 557 1333
289 529 223 557 1333
10093 1336 215 558 1334
289 530 223 558 1334
10093 1337 214 559 1335
10093 1338 217 560 1336
10093 1339 210 561 1337
10093 1340 217 562 1338
10093 1342 209 564 1340
10093 1343 218 565 1341
10093 1345 216 567 1343
10093 1346 215 568 1344
10093 1347 214 569 1345
10031 1349 208 569 1345
10093 1348 216 570 1346
10093 1349 217 571 1347
10093 1350 217 572 1348
10093 1351 218 573 1349
10093 1352 218 574 1350
10093 1353 220 575 1351
10093 1354 217 576 1352
10093 1355 223 577 1353
10093 1356 217 578 1354
10085 1356 210 578 1354
10093 1357 220 579 1355
10093 1358 218 580 1356
10093 1359 218 581 1357
10085 1359 209 581 1357
10093 1360 217 582 1358
10085 1360 210 582 1358
10093 1361 217 583 1359
10093 1362 220 584 1360
10093 1363 216 585 1361
10085 1363 207 585 1361
10093 1364 220 586 1362
10093 1365 223 587 1363
10093 1366 223 588 1364
10093 1367 224 589 1365
10093 1368 223 590 1366
10093 1369 220 591 1367
10093 1370 223 592 1368
10093 1371 222 593 1369
10093 1372 223 594 1370
10093 1373 223 595 1371
10093 1374 218 596 1372
10031 1376 211 596 1372
10093 1375 218 597 1373
10093 1376 214 598 1374
10031 1378 209 598 1374
10093 1377 217 599 1375
10093 1378 221 600 1376
10031 1380 209 600 1376
10093 1379 220 601 1377
10093 1380 222 602 1378
10031 1382 209 602 1378
10085 1380 208 602 1378
10093 1381 221 603 1379
10085 1381 208 603 1379
10093 1382 222 604 1380
10093 1383 221 605 1381
10093 1384 223 606 1382
10093 1385 222 607 1383
10093 1386 216 608 1384
10093 1387 222 609 1385
10093 1388 218 610 1386
10093 1389 220 611 1387
10093 1390 212 612 1388
10093 1391 216 613 1389
10031 1393 209 613 1389
10093 1392 213 614 1390
10031 1394 208 614 1390
10093 1393 220 615 1391
10093 1394 221 616 1392
10093 1395 217 617 1393
10004 1390 212 617 1393
10031 1397 232 617 1393
10055 1394 218 618 1394
10173 1390 229 618 1394
10106 1392 217 618 1394
482 843 223 618 1394
10018 722 216 619 1395
10098 1392 209 619 1395
10158 1390 209 619 1395
10018 723 223 620 1396
10098 1393 226 620 1396
10140 1392 214 620 1396
10084 1390 209 620 1396
389 688 233 620 1396
10055 1397 210 621 1397
10018 724 217 621 1397
10158 1392 210 621 1397
389 689 227 621 1397
10018 725 220 622 1398
10158 1393 216 622 1398
389 690 230 622 1398
10055 1399 212 623 1399
10018 726 232 623 1399
10084 1393 223 623 1399
10158 1394 210 623 1399
389 691 237 623 1399
10055 1400 212 624 1400
10018 727 233 624 1400
10098 1397 221 624 1400
10084 1394 219 624 1400
10158 1395 215 624 1400
10055 1401 219 625 1401
10018 728 230 625 1401
521 878 221 625 1401
10140 1397 223 625 1401
10158 1396 213 625 1401
169 7 221 625 1401
10004 1398 211 625 1401
10078 1401 212 625 1401
10055 1402 212 626 1402
10018 729 218 626 1402
10098 1399 209 626 1402
618 58 226 626 1402
10004 1399 212 626 1402
10076 1399 214 626 1402
10055 1403 219 627 1403
10018 730 212 627 1403
10140 1399 216 627 1403
10106 1401 229 627 1403
10076 1400 209 627 1403
524 335 227 627 1403
10106 1402 221 628 1404
524 336 227 628 1404
10106 1403 231 629 1405
524 337 223 629 1405
10055 1406 210 629 1405
10106 1404 224 630 1406
10076 1403 209 630 1406
524 338 225 630 1406
711 56 223 631 1407
10106 1405 233 631 1407
10076 1404 213 631 1407
524 339 226 631 1407
10055 1408 211 631 1407
723 704 222 632 1408
10106 1406 217 632 1408
10040 1403 209 632 1408
10076 1405 217 632 1408
524 340 229 632 1408
10055 1409 213 632 1408
10106 1407 223 633 1409
10076 1406 211 633 1409
524 341 231 633 1409
10055 1410 210 633 1409
10106 1408 225 634 1410
524 342 227 634 1410
10055 1411 213 635 1411
10106 1409 217 635 1411
10076 1408 208 635 1411
10055 1412 213 636 1412
622 59 231 636 1412
10106 1410 232 636 1412
10076 1409 209 636 1412
10106 1411 226 637 1413
524 345 225 637 1413
10106 1412 223 638 1414
622 61 223 638 1414
524 346 222 638 1414
10055 1415 212 639 1415
10106 1413 233 639 1415
10076 1412 210 639 1415
10106 1414 233 640 1416
10040 1411 209 640 1416
10076 1413 210 640 1416
10055 1417 210 641 1417
10106 1415 235 641 1417
524 349 224 641 1417
10055 1418 210 642 1418
10106 1416 237 642 1418
524 350 227 642 1418
10055 1419 212 642 1418
10106 1417 238 643 1419
10055 1420 211 644 1420
305 815 221 644 1420
10106 1418 226 644 1420
10076 1417 210 644 1420
10055 1421 213 645 1421
10106 1419 237 645 1421
10076 1418 213 645 1421
10055 1422 213 646 1422
305 817 221 646 1422
10106 1420 225 646 1422
10076 1419 210 646 1422
10106 1421 223 647 1423
10106 1422 237 648 1424
10040 1419 209 648 1424
10076 1421 212 648 1424
10106 1423 233 649 1425
10076 1422 210 649 1425
10106 1424 234 650 1426
10106 1425 213 651 1427
10040 1422 210 651 1427
10055 1428 210 651 1427
10106 1426 236 652 1428
10076 1425 211 652 1428
10055 1429 212 652 1428
10106 1427 231 653 1429
10076 1426 211 653 1429
10055 1430 213 653 1429
10106 1428 233 654 1430
10055 1431 214 655 1431
623 573 221 655 1431
10106 1429 236 655 1431
10055 1432 211 656 1432
524 363 224 656 1432
10106 1430 230 656 1432
10076 1429 209 656 1432
10106 1431 231 657 1433
10040 1428 210 657 1433
10106 1432 235 658 1434
10040 1429 210 658 1434
10106 1433 238 659 1435
10040 1430 211 659 1435
10055 1436 211 660 1436
10106 1434 237 660 1436
10040 1431 209 660 1436
10055 1437 209 661 1437
10106 1435 237 661 1437
10040 1432 210 661 1437
10076 1434 213 661 1437
524 369 223 662 1438
10158 1433 210 662 1438
10173 1434 211 662 1438
10106 1436 223 662 1438
622 85 223 662 1438
10040 1433 215 662 1438
201 913 225 662 1438
16 421 231 662 1438
10078 1438 212 662 1438
10018 766 217 663 1439
10098 1436 218 663 1439
10140 1435 210 663 1439
10158 1434 212 663 1439
10106 1437 210 663 1439
10004 1436 212 663 1439
10076 1436 210 663 1439
10055 1440 216 664 1440
10018 767 209 664 1440
10140 1436 221 664 1440
10158 1435 216 664 1440
10173 1436 213 664 1440
10106 1438 215 664 1440
10004 1437 221 664 1440
10031 1444 219 664 1440
10093 1443 220 665 1441
10031 1445 212 665 1441
10085 1443 209 665 1441
10093 1444 216 666 1442
10093 1445 223 667 1443
10085 1445 209 667 1443
10093 1446 221 668 1444
10093 1447 219 669 1445
10085 1447 208 669 1445
10093 1448 221 670 1446
10093 1449 224 671 1447
10093 1450 225 672 1448
10093 1451 225 673 1449
10085 1451 210 673 1449
10093 1452 225 674 1450
10031 1454 211 674 1450
10093 1453 225 675 1451
10031 1455 208 675 1451
10085 1453 211 675 1451
10093 1454 222 676 1452
10093 1455 222 677 1453
10031 1457 209 677 1453
10093 1456 223 678 1454
10093 1457 214 679 1455
10093 1458 214 680 1456
10093 1459 213 681 1457
10093 1460 214 682 1458
10093 1461 214 683 1459
10093 1462 225 684 1460
10085 1462 208 684 1460
10093 1463 214 685 1461
10085 1463 209 685 1461
10093 1464 216 686 1462
10093 1465 225 687 1463
10093 1466 210 688 1464
10031 1468 210 688 1464
10093 1467 223 689 1465
10093 1468 222 690 1466
10093 1469 222 691 1467
10093 1470 221 692 1468
10093 1471 219 693 1469
10093 1472 219 694 1470
10093 1473 221 695 1471
10093 1474 225 696 1472
10031 1476 209 696 1472
10093 1475 223 697 1473
10093 1476 223 698 1474
10031 1478 210 698 1474
10093 1477 222 699 1475
10031 1479 209 699 1475
10093 1478 213 700 1476
10093 1479 214 701 1477
10031 1481 210 701 1477
10093 1480 211 702 1478
10031 1482 209 702 1478
10093 1481 213 703 1479
10031 1483 210 703 1479
10093 1482 218 704 1480
10093 1483 219 705 1481
10031 1485 209 705 1481
10093 1484 214 706 1482
10031 1486 209 706 1482
10093 1485 218 707 1483
10031 1487 210 707 1483
10093 1486 228 708 1484
10093 1487 229 709 1485
10093 1488 216 710 1486
10085 1488 212 710 1486
10093 1489 219 711 1487
10093 1490 211 712 1488
10093 1491 216 713 1489
10093 1492 219 714 1490
10093 1493 221 715 1491
10093 1494 211 716 1492
10093 1495 223 717 1493
10093 1496 223 718 1494
10093 1497 218 719 1495
10093 1498 216 720 1496
10093 1499 221 721 1497
10093 1500 217 722 1498
10093 1501 226 723 1499
10093 1502 226 724 1500
10093 1503 225 725 1501
10093 1504 225 726 1502
10093 1505 225 727 1503
10093 1506 224 728 1504
10093 1507 225 729 1505
10093 1508 224 730 1506
10093 1509 225 731 1507
10093 1510 225 732 1508
10093 1511 213 733 1509
10093 1512 217 734 1510
10093 1513 216 735 1511
10093 1514 218 736 1512
10093 1515 219 737 1513
10093 1516 214 738 1514
10093 1518 221 740 1516
10093 1519 221 741 1517
10085 1519 208 741 1517
10093 1520 224 742 1518
10093 1521 220 743 1519
10093 1522 223 744 1520
10093 1523 217 745 1521
10093 1524 220 746 1522
10093 1525 223 747 1523
10085 1525 210 747 1523
10093 1526 224 748 1524
10085 1526 209 748 1524
10093 1527 213 749 1525
10093 1528 217 750 1526
10093 1529 217 751 1527
10093 1530 218 752 1528
10093 1531 218 753 1529
10093 1532 221 754 1530
10093 1533 222 755 1531
10093 1534 223 756 1532
10093 1535 222 757 1533
10093 1536 223 758 1534
10093 1537 221 758 1534
10093 1538 222 759 1535
10093 1539 213 761 1537
10093 1540 220 762 1538
10031 1542 211 762 1538
10093 1541 224 763 1539
10093 1542 226 764 1540
10093 1543 219 764 1540
10093 1544 216 766 1542
10093 1546 211 767 1543
10093 1547 211 768 1544
10093 1548 223 769 1545
10031 1550 209 770 1546
10093 1549 219 770 1546
10093 1550 214 771 1547
10093 1551 219 772 1548
10093 1552 221 773 1549
10093 1553 216 775 1551
10093 1554 215 775 1551
10093 1555 220 776 1552
10093 1556 220 777 1553
10093 1557 215 779 1555
375 150 221 779 1555
10093 1558 217 780 1556
10093 1559 219 781 1557
10093 1560 217 782 1558
10093 1561 218 783 1559
10093 1563 215 785 1561
10093 1564 214 786 1562
10093 1567 214 789 1565
10093 1568 217 790 1566
10093 1569 210 791 1567
10093 1570 217 792 1568
10093 1574 211 796 1572
10093 1575 210 797 1573
10093 1577 221 799 1575
10093 1578 222 800 1576
10093 1579 210 801 1577
10093 1580 219 802 1578
10093 1582 221 804 1580
10093 1583 223 805 1581
10093 1584 213 806 1582
10093 1585 220 807 1583
10093 1586 223 808 1584
10093 1587 224 809 1585
10093 1588 223 810 1586
785 884 224 810 1586
10093 1589 221 811 1587
10093 1590 221 812 1588
10093 1591 221 813 1589
10093 1592 216 814 1590
10093 1595 211 817 1593
10093 1596 210 818 1594
10093 1597 224 819 1595
10093 1599 216 821 1597
10093 1600 215 822 1598
10093 1601 219 823 1599
10093 1602 217 824 1600
10093 1603 216 825 1601
10093 1604 217 826 1602
10093 1605 215 827 1603
10093 1606 217 828 1604
10093 1607 221 829 1605
10093 1608 211 830 1606
10093 1609 215 831 1607
10093 1610 219 832 1608
10093 1612 223 834 1610
10093 1613 223 835 1611
10093 1614 225 836 1612
10093 1615 221 837 1613
10093 1616 227 838 1614
10093 1617 221 839 1615
10085 1617 216 839 1615
10093 1618 214 840 1616
10004 1613 214 840 1616
10031 1620 213 840 1616
10055 1617 227 840 1616
10158 1612 209 841 1617
10173 1613 223 841 1617
10004 1614 209 841 1617
10076 1614 219 841 1617
10055 1618 216 841 1617
10018 945 209 841 1617
10173 1614 235 842 1618
10076 1615 217 842 1618
10055 1619 212 842 1618
10173 1615 237 843 1619
10004 1616 209 843 1619
10076 1616 224 843 1619
10055 1620 226 843 1619
10018 947 212 843 1619
10158 1615 209 844 1620
10173 1616 234 844 1620
10004 1617 213 844 1620
558 911 221 844 1620
10076 1617 209 844 1620
10031 1624 212 844 1620
10093 1623 220 845 1621
430 831 227 845 1621
10093 1625 216 847 1623
179 250 226 847 1623
10031 1627 209 847 1623
10093 1626 216 848 1624
10093 1627 217 849 1625
10093 1628 220 850 1626
10093 1629 219 851 1627
10093 1630 224 852 1628
10093 1631 212 853 1629
10093 1632 211 854 1630
10093 1633 211 855 1631
10093 1634 213 856 1632
10093 1635 215 857 1633
10093 1636 221 858 1634
10093 1637 225 859 1635
10093 1638 225 860 1636
10093 1639 225 861 1637
10093 1640 225 862 1638
10093 1641 225 863 1639
10093 1642 219 864 1640
10093 1643 216 865 1641
10093 1644 212 866 1642
10093 1645 212 867 1643
10093 1646 212 868 1644
10093 1647 219 869 1645
10093 1648 219 870 1646
10093 1649 223 871 1647
10093 1650 225 872 1648
10093 1651 215 873 1649
10093 1653 217 875 1651
10093 1654 211 876 1652
10093 1655 217 877 1653
10093 1656 209 878 1654
10093 1657 210 879 1655
10093 1658 215 880 1656
10093 1660 213 882 1658
10085 1660 210 882 1658
10031 1663 210 883 1659
10085 1661 210 883 1659
10093 1662 213 884 1660
10093 1663 210 885 1661
10085 1663 209 885 1661
10093 1664 209 886 1662
10031 1666 209 886 1662
10093 1665 216 887 1663
289 859 229 887 1663
375 108 221 888 1664
10093 1666 211 888 1664
10093 1667 213 889 1665
10093 1668 218 890 1666
10085 1668 209 890 1666
10093 1669 215 891 1667
10093 1670 210 892 1668
10093 1671 215 893 1669
10093 1672 212 894 1670
10093 1673 218 895 1671
10093 1675 219 897 1673
10093 1676 225 898 1674
10093 1677 218 899 1675
10093 1678 220 900 1676
10031 1680 208 900 1676
10093 1679 217 901 1677
10093 1680 220 902 1678
10093 1681 218 903 1679
10093 1682 210 904 1680
10093 1683 220 905 1681
10093 1684 219 906 1682
10093 1685 221 907 1683
10093 1686 221 908 1684
10085 1686 208 908 1684
10093 1687 221 909 1685
10093 1688 221 910 1686
10093 1689 220 911 1687
10093 1690 211 912 1688
10085 1690 210 912 1688
10093 1691 210 913 1689
10085 1691 209 913 1689
10093 1692 210 914 1690
10085 1692 208 914 1690
10093 1693 212 915 1691
10085 1693 208 915 1691
10093 1694 209 916 1692
10093 1695 211 917 1693
10093 1696 213 918 1694
10093 1703 218 925 1701
10093 1704 216 926 1702
10093 1705 217 927 1703
10093 1707 210 929 1705
10093 1708 210 930 1706
10093 1709 211 931 1707
10093 1711 210 933 1709
10093 1714 209 936 1712
10093 1716 210 938 1714
10093 1717 210 939 1715
10093 1719 213 941 1717
10093 1720 209 942 1718
10093 1721 231 943 1719
10093 1722 219 944 1720
10093 1723 223 945 1721
10093 1724 225 946 1722
10093 1725 225 947 1723
10093 1726 225 948 1724
10093 1727 225 949 1725
10093 1728 225 950 1726
10093 1729 217 951 1727
10031 1731 210 951 1727
10093 1730 216 952 1728
10031 1732 209 952 1728
10093 1731 224 953 1729
10093 1732 221 954 1730
10093 1733 221 955 1731
10093 1734 221 956 1732
10093 1735 221 957 1733
10093 1736 221 958 1734
10093 1737 219 959 1735
10031 1739 209 959 1735
10093 1738 218 960 1736
10093 1739 220 961 1737
10031 1742 208 962 1738
10093 1741 212 963 1739
10093 1748 224 969 1745
10093 1749 211 970 1746
10093 1750 209 971 1747
10093 1751 210 972 1748
575 328 221 973 1749
10093 1752 208 973 1749
375 194 221 974 1750
10093 1753 211 974 1750
10093 1754 210 975 1751
10093 1756 210 978 1754
10093 1758 210 979 1755
10093 1759 211 980 1756
10093 1760 212 981 1757
375 202 231 981 1757
10093 1761 211 982 1758
10093 1762 212 983 1759
375 204 221 984 1760
10093 1763 217 984 1760
10093 1764 216 985 1761
10093 1765 218 986 1762
10093 1766 217 987 1763
10093 1767 218 988 1764
10093 1768 217 989 1765
10093 1769 217 990 1766
10093 1770 217 991 1767
10093 1771 217 992 1768
10093 1772 217 993 1769
10093 1773 220 994 1770
10093 1774 219 995 1771
10093 1775 219 996 1772
10093 1776 221 997 1773
10093 1777 221 998 1774
10093 1778 218 999 1775
10093 1779 218 1000 1776
10093 1780 219 1001 1777
10093 1781 219 1002 1778
10093 1782 219 1003 1779
10093 1783 218 1004 1780
10093 1784 219 1005 1781
10093 1785 219 1006 1782
10093 1786 215 1007 1783
10093 1787 217 1008 1784
10093 1791 223 1012 1788
10093 1792 215 1013 1789
10093 1793 211 1014 1790
10093 1794 213 1015 1791
10093 1795 214 1016 1792
10093 1796 215 1017 1793
289 990 221 1018 1794
10093 1797 227 1018 1794
53 3 221 1019 1795
10093 1798 224 1019 1795
10093 1799 222 1020 1796
10093 1800 219 1021 1797
10093 1801 213 1022 1798
10093 1802 214 1023 1799
10093 1803 213 1024 1800
10093 1804 213 1025 1801
10093 1805 212 1026 1802
10093 1806 212 1027 1803
10093 1807 221 1028 1804
10093 1808 226 1029 1805
10093 1809 223 1030 1806
10093 1810 223 1031 1807
10093 1811 213 1032 1808
10093 1812 212 1033 1809
10093 1813 212 1034 1810
10085 1813 209 1035 1811
10093 1814 210 1035 1811
10085 1814 209 1036 1812
10093 1815 222 1036 1812
10093 1816 225 1037 1813
10093 1817 224 1038 1814
10093 1818 225 1039 1815
10093 1819 224 1040 1816
10093 1820 223 1041 1817
10093 1821 222 1042 1818
10093 1822 223 1043 1819
10093 1823 223 1044 1820
10093 1824 222 1045 1821
10093 1825 223 1046 1822
10093 1826 223 1047 1823
10093 1827 223 1048 1824
10093 1828 218 1049 1825
10093 1829 219 1050 1826
10093 1830 220 1051 1827
10093 1831 221 1052 1828
10093 1832 221 1053 1829
10031 1834 208 1054 1830
10093 1833 221 1054 1830
10093 1834 220 1055 1831
289 1028 221 1056 1832
10031 1836 208 1056 1832
10093 1835 219 1056 1832
289 1029 221 1057 1833
10093 1836 218 1057 1833
289 1030 221 1058 1834
10031 1838 209 1058 1834
10093 1837 223 1058 1834
10093 1838 217 1059 1835
10093 1839 218 1060 1836
10093 1840 217 1061 1837
10093 1841 216 1062 1838
10093 1842 216 1063 1839
10093 1843 212 1064 1840
10093 1844 213 1065 1841
10093 1845 212 1066 1842
10093 1846 215 1067 1843
10093 1847 213 1068 1844
10093 1848 219 1069 1845
10093 1849 216 1070 1846
10093 1850 216 1071 1847
10093 1851 214 1072 1848
10093 1852 218 1073 1849
10093 1853 218 1074 1850
10093 1854 224 1075 1851
10031 1856 210 1076 1852
10093 1855 223 1076 1852
289 1049 222 1076 1852
10031 1857 210 1077 1853
10093 1856 221 1077 1853
10031 1858 209 1078 1854
10093 1857 221 1078 1854
10031 1859 210 1079 1855
10093 1858 223 1079 1855
10031 1860 210 1080 1856
10093 1859 223 1080 1856
10031 1861 210 1081 1857
10093 1860 224 1081 1857
10031 1862 210 1082 1858
10093 1861 211 1082 1858
10093 1865 209 1086 1862
10093 1867 211 1088 1864
10093 1868 210 1089 1865
10093 1869 212 1090 1866
10093 1870 211 1091 1867
10004 1865 209 1092 1868
10055 1869 219 1092 1868
10140 1865 218 1092 1868
10158 1864 217 1092 1868
10173 1865 212 1092 1868
10106 1867 218 1092 1868
10004 1866 221 1093 1869
10031 1873 221 1093 1869
10093 1872 225 1093 1869
10031 1874 212 1094 1870
10093 1873 209 1094 1870
10093 1874 220 1095 1871
375 316 223 1095 1871
10031 1876 208 1096 1872
10093 1875 212 1096 1872
375 317 221 1096 1872
375 318 229 1097 1873
10031 1878 208 1098 1874
10093 1877 223 1098 1874
10031 1879 209 1099 1875
10093 1878 224 1099 1875
10093 1879 210 1100 1876
10093 1880 212 1101 1877
10093 1881 216 1102 1878
10093 1882 213 1103 1879
10093 1883 215 1104 1880
10093 1884 221 1105 1881
10093 1885 213 1106 1882
10093 1886 215 1107 1883
10093 1887 220 1108 1884
10031 1889 209 1109 1885
10093 1888 217 1109 1885
10093 1889 217 1110 1886
10093 1890 211 1111 1887
10093 1891 208 1112 1888
10031 1893 208 1113 1889
10093 1892 218 1113 1889
10031 1894 209 1114 1890
10093 1893 216 1114 1890
10093 1894 219 1115 1891
10093 1895 217 1116 1892
10093 1896 218 1117 1893
10093 1897 218 1118 1894
10093 1898 219 1119 1895
10093 1899 219 1120 1896
10093 1900 217 1121 1897
10085 1900 209 1122 1898
10093 1901 218 1122 1898
10093 1902 223 1123 1899
10031 1904 208 1124 1900
10093 1903 224 1124 1900
10093 1904 225 1125 1901
10093 1905 225 1126 1902
10093 1906 223 1127 1903
10031 1908 209 1128 1904
10093 1907 217 1128 1904
545 32 224 1129 1905
10031 1909 209 1129 1905
10093 1908 222 1129 1905
10093 1909 219 1130 1906
10093 1910 217 1131 1907
10031 1912 210 1132 1908
10093 1911 219 1132 1908
10031 1913 210 1133 1909
10093 1912 214 1133 1909
10031 1914 208 1134 1910
10093 1913 221 1134 1910
10031 1915 210 1135 1911
10093 1914 220 1135 1911
10093 1915 224 1136 1912
10031 1917 210 1137 1913
10093 1916 226 1137 1913
10093 1917 223 1138 1914
10093 1918 212 1139 1915
10093 1919 215 1140 1916
10093 1920 217 1141 1917
10093 1921 211 1142 1918
10093 1922 215 1143 1919
10093 1923 218 1144 1920
10093 1924 219 1145 1921
10093 1925 219 1146 1922
10093 1926 216 1147 1923
10093 1927 217 1148 1924
575 504 224 1149 1925
10093 1928 219 1149 1925
10093 1929 219 1150 1926
10093 1930 219 1151 1927
10093 1931 216 1152 1928
10093 1932 219 1153 1929
10093 1933 220 1154 1930
10093 1934 216 1155 1931
10093 1935 216 1156 1932
10093 1936 220 1157 1933
10093 1937 213 1158 1934
10093 1938 213 1159 1935
10093 1939 214 1160 1936
10093 1940 217 1161 1937
10093 1941 215 1162 1938
10093 1942 219 1163 1939
10031 1944 209 1163 1939
10093 1943 214 1164 1940
10031 1945 208 1164 1940
10093 1944 215 1165 1941
10093 1945 224 1166 1942
10093 1946 219 1167 1943
10093 1947 219 1168 1944
10093 1948 221 1169 1945
10093 1949 225 1170 1946
10093 1950 225 1171 1947
10093 1951 222 1172 1948
10093 1952 221 1173 1949
10093 1953 218 1174 1950
10093 1954 217 1175 1951
10093 1955 209 1176 1952
10093 1956 219 1177 1953
10093 1957 216 1178 1954
10093 1958 219 1179 1955
10093 1959 217 1180 1956
10093 1960 217 1181 1957
10093 1961 221 1182 1958
10093 1962 219 1183 1959
10093 1963 221 1184 1960
10093 1964 222 1185 1961
10093 1965 219 1186 1962
10093 1966 212 1187 1963
10093 1967 210 1188 1964
10093 1968 218 1189 1965
10093 1969 219 1190 1966
10093 1970 220 1191 1967
10093 1971 219 1192 1968
