162 1 235 4 1865
10023 1861 209 8 1869
10034 1873 209 8 1869
162 17 233 20 1881
10043 1880 211 21 1882
162 18 231 21 1882
10123 1878 213 22 1883
690 1128 225 22 1883
10062 1881 209 22 1883
304 1182 223 22 1883
10068 1889 212 22 1883
398 1196 224 23 1884
10138 1878 208 23 1884
162 20 235 23 1884
10128 1879 208 23 1884
10061 1889 215 23 1884
10061 1890 211 24 1885
10169 1887 207 24 1885
162 22 234 25 1886
10128 1881 218 25 1886
10061 1891 213 25 1886
10050 1891 211 26 1887
272 1199 226 26 1887
10141 1880 218 26 1887
10088 1883 210 26 1887
324 554 221 27 1888
10134 1882 213 28 1889
10154 1883 210 28 1889
10076 1886 208 28 1889
10055 1890 221 29 1890
10158 1885 209 29 1890
10173 1886 216 29 1890
10106 1888 213 29 1890
162 26 226 29 1890
10004 1887 209 29 1890
10076 1887 235 29 1890
10055 1891 223 30 1891
10018 1218 221 30 1891
10140 1887 208 30 1891
10158 1886 210 30 1891
10173 1887 227 30 1891
162 27 226 30 1891
10004 1888 212 30 1891
10173 1888 212 31 1892
162 28 229 31 1892
545 19 221 31 1892
10004 1889 216 31 1892
10076 1889 208 31 1892
10031 1896 210 31 1892
10173 1889 210 32 1893
636 589 225 32 1893
162 29 237 32 1893
545 20 225 32 1893
10004 1890 211 32 1893
10076 1890 211 32 1893
10173 1890 209 33 1894
636 590 226 33 1894
545 21 229 33 1894
10004 1891 209 33 1894
10076 1891 213 33 1894
10173 1891 213 34 1895
636 591 223 34 1895
162 31 230 34 1895
10004 1892 212 34 1895
10076 1892 210 34 1895
10173 1892 211 35 1896
10004 1893 213 35 1896
10076 1893 211 35 1896
10173 1893 211 36 1897
10004 1894 214 36 1897
10076 1894 212 36 1897
10173 1894 211 37 1898
10004 1895 214 37 1898
10076 1895 212 37 1898
10173 1895 212 38 1899
10004 1896 214 38 1899
10076 1896 211 38 1899
10173 1896 212 39 1900
10004 1897 212 39 1900
10076 1897 212 39 1900
10031 1904 209 39 1900
10173 1897 211 40 1901
10004 1898 214 40 1901
10076 1898 213 40 1901
10173 1898 211 41 1902
10004 1899 213 41 1902
10076 1899 213 41 1902
10031 1906 213 41 1902
10173 1899 211 42 1903
10004 1900 213 42 1903
10076 1900 215 42 1903
10031 1907 210 42 1903
10173 1900 211 43 1904
10004 1901 214 43 1904
10076 1901 215 43 1904
10173 1901 211 44 1905
10004 1902 212 44 1905
10076 1902 215 44 1905
10173 1902 210 45 1906
10076 1903 216 45 1906
10173 1903 209 46 1907
10004 1904 213 46 1907
10076 1904 214 46 1907
10031 1911 207 46 1907
10173 1904 211 47 1908
10004 1905 213 47 1908
10076 1905 214 47 1908
10031 1912 207 47 1908
10173 1905 211 48 1909
10004 1906 213 48 1909
10076 1906 212 48 1909
10173 1906 209 49 1910
10004 1907 213 49 1910
10076 1907 213 49 1910
10031 1914 209 49 1910
10173 1907 210 50 1911
10004 1908 210 50 1911
10076 1908 216 50 1911
10173 1908 210 51 1912
10004 1909 209 51 1912
10076 1909 216 51 1912
10031 1916 208 51 1912
10173 1909 211 52 1913
503 1214 225 52 1913
10004 1910 208 52 1913
10076 1910 215 52 1913
10173 1910 210 53 1914
10004 1911 209 53 1914
10076 1911 215 53 1914
10031 1918 208 53 1914
10173 1911 210 54 1915
503 1216 226 54 1915
10004 1912 210 54 1915
10076 1912 213 54 1915
10173 1912 210 55 1916
10004 1913 210 55 1916
10076 1913 214 55 1916
10031 1920 209 55 1916
10173 1913 210 56 1917
10004 1914 210 56 1917
10076 1914 214 56 1917
10031 1921 209 56 1917
10173 1914 210 57 1918
10004 1915 210 57 1918
10076 1915 215 57 1918
10031 1922 209 57 1918
599 86 221 58 1919
10004 1916 212 58 1919
10076 1916 213 58 1919
10173 1916 210 59 1920
10004 1917 211 59 1920
10076 1917 213 59 1920
10031 1924 209 59 1920
10173 1917 211 60 1921
10004 1918 210 60 1921
10076 1918 214 60 1921
10031 1925 209 60 1921
10173 1918 209 61 1922
10004 1919 211 61 1922
10076 1919 214 61 1922
10031 1926 210 61 1922
10173 1919 210 62 1923
10004 1920 211 62 1923
10076 1920 214 62 1923
10031 1927 209 62 1923
10173 1920 209 63 1924
10004 1921 210 63 1924
10076 1921 213 63 1924
10031 1928 210 63 1924
10173 1921 209 64 1925
10004 1922 211 64 1925
10076 1922 213 64 1925
10031 1929 210 64 1925
10173 1922 209 65 1926
10004 1923 210 65 1926
10076 1923 213 65 1926
10031 1930 210 65 1926
10173 1923 210 66 1927
10004 1924 211 66 1927
10076 1924 215 66 1927
10031 1931 211 66 1927
10173 1924 210 67 1928
10004 1925 211 67 1928
10076 1925 213 67 1928
10031 1932 210 67 1928
10173 1925 209 68 1929
473 99 227 68 1929
10004 1926 211 68 1929
10076 1926 215 68 1929
10031 1933 210 68 1929
10173 1926 210 69 1930
10004 1927 212 69 1930
10076 1927 211 69 1930
10031 1934 211 69 1930
10173 1927 209 70 1931
10004 1928 211 70 1931
10076 1928 210 70 1931
10031 1935 208 70 1931
10173 1928 209 71 1932
10004 1929 211 71 1932
10076 1929 210 71 1932
10031 1936 210 71 1932
10173 1929 210 72 1933
10004 1930 211 72 1933
10076 1930 209 72 1933
10031 1937 210 72 1933
636 630 222 73 1934
10173 1930 210 73 1934
10004 1931 213 73 1934
10076 1931 211 73 1934
10031 1938 209 73 1934
10173 1931 209 74 1935
10004 1932 210 74 1935
10076 1932 212 74 1935
10031 1939 208 74 1935
10173 1932 209 75 1936
10004 1933 211 75 1936
10076 1933 209 75 1936
10031 1940 207 75 1936
10173 1933 209 76 1937
10004 1934 209 76 1937
10076 1934 209 76 1937
10031 1941 209 76 1937
10173 1934 210 77 1938
10004 1935 212 77 1938
10076 1935 210 77 1938
10173 1935 209 78 1939
10004 1936 211 78 1939
10076 1936 210 78 1939
10031 1943 209 78 1939
10173 1936 210 79 1940
10004 1937 211 79 1940
10076 1937 209 79 1940
10031 1944 210 79 1940
10173 1937 210 80 1941
10004 1938 210 80 1941
10076 1938 210 80 1941
647 67 224 80 1941
10173 1938 210 81 1942
10004 1939 210 81 1942
647 68 224 81 1942
10076 1939 209 81 1942
10031 1946 207 81 1942
10173 1939 209 82 1943
10004 1940 211 82 1943
647 69 231 82 1943
10076 1940 209 82 1943
10173 1940 210 83 1944
10076 1941 213 83 1944
10173 1941 209 84 1945
10076 1942 212 84 1945
10031 1949 211 84 1945
10173 1942 210 85 1946
10076 1943 208 85 1946
10173 1943 208 86 1947
10076 1944 213 86 1947
10031 1951 209 86 1947
10173 1944 210 87 1948
10076 1945 212 87 1948
10031 1952 207 87 1948
10173 1945 209 88 1949
10076 1946 213 88 1949
10031 1953 207 88 1949
10173 1946 210 89 1950
10076 1947 215 89 1950
10173 1947 210 90 1951
10076 1948 212 90 1951
10173 1948 209 91 1952
10076 1949 215 91 1952
10173 1949 209 92 1953
10004 1950 207 92 1953
10076 1950 213 92 1953
10031 1957 209 92 1953
10173 1950 209 93 1954
10076 1951 212 93 1954
10031 1958 209 93 1954
10004 1952 225 94 1955
10031 1959 209 94 1955
10106 1954 208 95 1956
10004 1953 209 95 1956
10004 1956 212 98 1959
10076 1956 207 98 1959
10055 1960 208 99 1960
10004 1957 218 99 1960
10031 1964 215 99 1960
10004 1958 211 100 1961
10031 1965 208 100 1961
10004 1959 213 101 1962
10031 1966 207 101 1962
10004 1960 211 102 1963
10004 1961 211 103 1964
10004 1962 211 104 1965
10031 1969 208 104 1965
750 337 226 105 1966
10004 1963 211 105 1966
10004 1964 211 106 1967
10004 1968 214 110 1971
10055 1972 210 110 1971
10173 1968 218 111 1972
10004 1969 223 111 1972
10076 1969 227 111 1972
10055 1973 225 111 1972
10018 1300 211 111 1972
10173 1969 222 112 1973
10004 1970 211 112 1973
10076 1970 225 112 1973
10055 1974 210 112 1973
10018 1301 219 113 1974
10140 1970 214 113 1974
10173 1970 226 113 1974
10004 1971 208 113 1974
10076 1971 235 113 1974
10055 1975 225 114 1975
10158 1970 211 114 1975
10173 1971 221 114 1975
10106 1973 213 114 1975
10004 1972 207 114 1975
10076 1972 225 114 1975
10055 1976 225 115 1976
10018 1303 213 115 1976
10173 1972 235 115 1976
10106 1974 209 115 1976
10076 1973 226 115 1976
10055 1977 213 116 1977
10018 1304 209 116 1977
10173 1973 222 116 1977
10106 1975 216 116 1977
10004 1974 212 116 1977
10076 1974 224 116 1977
10031 1981 209 116 1977
10055 1978 225 117 1978
10018 1305 220 117 1978
10140 1974 209 117 1978
10158 1973 217 117 1978
10173 1974 219 117 1978
10004 1975 221 117 1978
10031 1982 218 117 1978
10004 1976 208 118 1979
10031 1983 215 118 1979
10004 1977 208 119 1980
10031 1985 211 120 1981
10031 1986 207 121 1982
10097 1977 211 122 1983
10093 1986 214 123 1984
10004 1981 208 123 1984
10055 1985 217 124 1985
10004 1982 236 124 1985
10055 1986 216 125 1986
10173 1982 207 125 1986
10004 1983 210 125 1986
10076 1983 212 125 1986
10055 1987 208 126 1987
10018 1314 207 126 1987
10158 1982 213 126 1987
10173 1983 210 126 1987
10106 1985 208 126 1987
10004 1984 225 126 1987
10076 1984 208 126 1987
10055 1988 210 127 1988
10106 1986 210 127 1988
10004 1985 223 127 1988
10076 1985 213 127 1988
10055 1989 217 128 1989
10018 1316 209 128 1989
10173 1985 208 128 1989
10004 1986 219 128 1989
10076 1986 215 128 1989
10055 1990 214 129 1990
10158 1985 208 129 1990
10173 1986 223 129 1990
10004 1987 226 129 1990
10076 1987 215 129 1990
10173 1987 217 130 1991
10004 1988 233 130 1991
10031 1996 208 131 1992
10097 1987 227 132 1993
10097 1988 221 133 1994
10097 1989 230 134 1995
10170 1991 209 136 1997
473 1 223 136 1997
10144 1993 208 136 1997
10170 1992 223 137 1998
10158 1993 225 137 1998
10144 1994 221 137 1998
10170 1993 215 138 1999
10144 1995 224 138 1999
10170 1994 231 139 2000
10158 1995 219 139 2000
695 779 224 139 2000
10144 1996 216 139 2000
745 1309 224 139 2000
10170 1995 240 140 2001
10158 1996 215 140 2001
10144 1997 217 140 2001
10010 1993 210 140 2001
10170 1996 218 141 2002
10158 1997 208 141 2002
10144 1998 213 141 2002
10010 1994 210 141 2002
10170 1997 225 142 2003
398 1315 222 142 2003
10144 1999 243 142 2003
10010 1995 209 142 2003
10170 1998 218 143 2004
10140 2000 208 143 2004
10158 1999 209 143 2004
304 55 225 143 2004
10144 2000 239 143 2004
10010 1996 213 143 2004
10170 1999 215 144 2005
10144 2001 235 144 2005
10010 1997 209 144 2005
10170 2000 213 145 2006
10140 2002 207 145 2006
10158 2001 209 145 2006
10144 2002 231 145 2006
10010 1998 226 145 2006
10170 2001 227 146 2007
10140 2003 210 146 2007
499 9 226 146 2007
10144 2003 235 146 2007
10010 1999 210 146 2007
10018 1335 219 147 2008
10170 2002 223 147 2008
10140 2004 215 147 2008
10158 2003 233 147 2008
10173 2004 211 147 2008
10144 2004 216 147 2008
10076 2005 213 147 2008
10010 2000 210 147 2008
10055 2009 220 148 2009
10018 1336 209 148 2009
10170 2003 210 148 2009
10140 2005 210 148 2009
10158 2004 213 148 2009
10077 2000 206 148 2009
10144 2005 227 148 2009
10010 2001 219 148 2009
10170 2004 211 149 2010
10004 2007 213 149 2010
10055 2011 211 150 2011
10004 2008 208 150 2011
10031 2015 207 150 2011
10055 2012 215 151 2012
10158 2007 207 151 2012
10173 2008 233 151 2012
10106 2010 208 151 2012
10076 2009 225 151 2012
10055 2013 217 152 2013
10106 2011 212 152 2013
10040 2008 210 152 2013
10076 2010 207 152 2013
10078 2013 207 152 2013
10106 2012 222 153 2014
10040 2009 209 153 2014
10078 2014 232 153 2014
10106 2013 209 154 2015
10040 2010 211 154 2015
10078 2015 227 154 2015
10106 2014 210 155 2016
10078 2016 220 155 2016
10018 1344 212 156 2017
10098 2014 219 156 2017
10106 2015 217 156 2017
10040 2012 211 156 2017
10078 2017 237 156 2017
10098 2015 210 157 2018
10106 2016 211 157 2018
10040 2013 220 157 2018
10078 2018 215 157 2018
10106 2017 219 158 2019
10040 2014 219 158 2019
10076 2016 211 158 2019
10078 2019 211 158 2019
10055 2020 209 159 2020
10018 1347 221 159 2020
10140 2016 217 159 2020
10158 2015 226 159 2020
10106 2018 223 159 2020
10004 2017 211 159 2020
599 188 222 159 2020
10173 2017 209 160 2021
162 157 225 160 2021
10004 2018 213 160 2021
10031 2025 209 160 2021
162 158 227 161 2022
10004 2019 221 161 2022
10031 2026 210 161 2022
10031 2027 210 162 2023
695 9 221 163 2024
10097 2018 208 163 2024
647 150 225 163 2024
10085 2026 215 163 2024
174 634 222 164 2025
10154 2019 210 164 2025
10124 2016 208 164 2025
10130 2017 209 164 2025
10036 2019 210 164 2025
10085 2027 212 164 2025
488 1331 235 165 2026
10154 2020 212 165 2026
10156 2021 208 165 2026
10107 1436 207 165 2026
172 1335 225 165 2026
10036 2020 212 165 2026
10111 2017 211 166 2027
10016 2019 213 166 2027
10153 2019 211 166 2027
360 236 224 166 2027
460 415 221 166 2027
10073 2020 210 166 2027
776 226 221 166 2027
10143 2021 228 166 2027
10161 2023 236 167 2028
10006 2026 208 167 2028
268 9 224 167 2028
10073 2021 208 167 2028
10143 2022 211 167 2028
10161 2024 220 168 2029
10006 2027 209 168 2029
10016 2021 210 168 2029
10073 2022 210 168 2029
10143 2023 213 168 2029
10059 2029 209 168 2029
10161 2025 209 169 2030
10155 2027 210 169 2030
10075 2022 212 169 2030
10016 2022 211 169 2030
10073 2023 209 169 2030
10143 2024 226 169 2030
10016 2023 208 170 2031
10073 2024 208 170 2031
10143 2025 220 170 2031
10059 2031 209 170 2031
10161 2027 224 171 2032
10145 2026 211 171 2032
10016 2024 209 171 2032
10073 2025 215 171 2032
88 1309 225 171 2032
10143 2026 226 171 2032
10161 2028 232 172 2033
10145 2027 209 172 2033
10016 2025 219 172 2033
10153 2025 212 172 2033
10073 2026 207 172 2033
776 232 233 172 2033
88 1310 233 172 2033
10143 2027 235 172 2033
10059 2033 209 172 2033
10161 2029 207 173 2034
10145 2028 209 173 2034
15 402 223 173 2034
10016 2026 222 173 2034
10153 2026 208 173 2034
10074 2027 213 173 2034
10143 2028 211 173 2034
10107 1444 207 173 2034
10036 2028 223 173 2034
10014 2027 223 173 2034
10115 2030 218 174 2035
10095 2028 208 174 2035
10111 2025 217 174 2035
10154 2029 223 174 2035
10130 2027 209 174 2035
10095 2029 209 175 2036
10154 2030 224 175 2036
10107 1446 208 175 2036
10095 2030 213 176 2037
10016 2029 210 176 2037
244 275 233 176 2037
10154 2031 216 176 2037
10130 2029 218 176 2037
10107 1447 231 176 2037
10036 2031 209 176 2037
10014 2030 208 176 2037
10115 2033 218 177 2038
10154 2032 213 177 2038
10107 1448 237 177 2038
10014 2031 221 177 2038
10116 2029 217 177 2038
10115 2034 227 178 2039
10129 2036 212 178 2039
10111 2029 211 178 2039
10154 2033 210 178 2039
10130 2031 217 178 2039
10107 1449 227 178 2039
10116 2030 210 178 2039
10129 2037 231 179 2040
10111 2030 209 179 2040
10154 2034 209 179 2040
10130 2032 216 179 2040
10107 1450 210 179 2040
10116 2031 227 179 2040
10115 2036 212 180 2041
10129 2038 225 180 2041
10130 2033 224 180 2041
10107 1451 230 180 2041
10116 2032 220 180 2041
10129 2039 216 181 2042
10107 1452 218 181 2042
10116 2033 211 181 2042
10115 2038 209 182 2043
10129 2040 233 182 2043
10154 2037 211 182 2043
10107 1453 222 182 2043
10116 2034 218 182 2043
10115 2039 208 183 2044
10129 2041 235 183 2044
10130 2036 207 183 2044
10107 1454 212 183 2044
10116 2035 226 183 2044
10129 2042 217 184 2045
10130 2037 212 184 2045
10107 1455 218 184 2045
10116 2036 226 184 2045
10115 2041 211 185 2046
10129 2043 233 185 2046
10130 2038 217 185 2046
10107 1456 214 185 2046
10116 2037 229 185 2046
10115 2042 211 186 2047
10129 2044 225 186 2047
10154 2041 229 186 2047
10130 2039 209 186 2047
10107 1457 218 186 2047
10036 2041 209 186 2047
10014 2040 217 186 2047
10116 2038 213 186 2047
10115 2043 210 187 2048
10129 2045 216 187 2048
10154 2042 219 187 2048
10130 2040 219 187 2048
10107 1458 233 187 2048
10116 2039 215 187 2048
10115 2044 212 188 2049
10129 2046 218 188 2049
10154 2043 217 188 2049
10107 1459 209 188 2049
10014 2042 207 188 2049
10116 2040 207 188 2049
209 7 227 189 2050
10154 2044 215 189 2050
10143 2044 213 189 2050
10156 2045 212 189 2050
10107 1460 213 189 2050
10036 2044 209 189 2050
10014 2043 226 189 2050
10111 2041 219 190 2051
10016 2043 219 190 2051
10154 2045 207 190 2051
10143 2045 208 190 2051
10130 2043 208 190 2051
10107 1461 232 190 2051
10014 2044 218 190 2051
10116 2042 209 190 2051
10115 2047 215 191 2052
10129 2049 209 191 2052
10111 2042 225 191 2052
10016 2044 218 191 2052
10143 2046 212 191 2052
10156 2047 214 191 2052
10107 1462 218 191 2052
10036 2046 213 191 2052
10014 2045 225 191 2052
10129 2050 211 192 2053
10111 2043 210 192 2053
10016 2045 222 192 2053
10124 2044 207 192 2053
10156 2048 215 192 2053
10107 1463 226 192 2053
10036 2047 214 192 2053
10014 2046 226 192 2053
10111 2044 217 193 2054
10016 2046 212 193 2054
10154 2048 215 193 2054
10156 2049 208 193 2054
10107 1464 218 193 2054
10036 2048 218 193 2054
10014 2047 231 193 2054
10095 2048 209 194 2055
10111 2045 220 194 2055
10016 2047 209 194 2055
10154 2049 213 194 2055
10143 2049 213 194 2055
10156 2050 212 194 2055
10107 1465 221 194 2055
10036 2049 219 194 2055
10014 2048 237 194 2055
10129 2053 208 195 2056
10111 2046 209 195 2056
10016 2048 217 195 2056
10143 2050 211 195 2056
10156 2051 207 195 2056
10107 1466 208 195 2056
10014 2049 231 195 2056
10016 2049 217 196 2057
10154 2051 208 196 2057
10074 2050 218 196 2057
10107 1467 208 196 2057
10014 2050 212 196 2057
10016 2050 210 197 2058
10153 2050 208 197 2058
10074 2051 219 197 2058
10124 2049 207 197 2058
10143 2052 224 197 2058
10107 1468 209 197 2058
10014 2051 217 197 2058
10081 2052 217 198 2059
10167 2055 212 198 2059
10111 2049 209 198 2059
10016 2051 227 198 2059
10154 2053 209 198 2059
10074 2052 217 198 2059
10143 2053 209 198 2059
10156 2054 208 198 2059
10059 2059 207 198 2059
10143 2054 225 199 2060
10014 2053 213 199 2060
10155 2058 210 200 2061
10145 2055 210 200 2061
10016 2053 217 200 2061
10059 2061 210 200 2061
10161 2057 210 200 2061
10015 2053 223 201 2062
10013 2060 208 201 2062
10143 2056 218 201 2062
10059 2062 219 201 2062
10036 2056 207 201 2062
10014 2055 209 201 2062
10111 2053 207 202 2063
10016 2055 222 202 2063
10154 2057 208 202 2063
10074 2056 209 202 2063
10143 2057 223 202 2063
10107 1473 209 202 2063
10036 2057 209 202 2063
10014 2056 233 202 2063
10111 2054 218 203 2064
10016 2056 211 203 2064
10143 2058 212 203 2064
10107 1474 216 203 2064
10059 2064 209 203 2064
10014 2057 236 203 2064
10095 2058 207 203 2064
10111 2055 212 204 2065
10154 2059 213 204 2065
10143 2059 213 204 2065
10156 2060 211 204 2065
10107 1475 216 204 2065
10014 2058 235 204 2065
10016 2058 212 205 2066
10154 2060 218 205 2066
10074 2059 211 205 2066
10156 2061 209 205 2066
10107 1476 216 205 2066
10014 2059 236 205 2066
10095 2060 209 205 2066
10016 2059 214 206 2067
10154 2061 217 206 2067
10074 2060 210 206 2067
10143 2061 211 206 2067
10156 2062 213 206 2067
10107 1477 213 206 2067
10014 2060 231 206 2067
10095 2061 207 206 2067
10111 2058 216 207 2068
10154 2062 221 207 2068
10124 2059 209 207 2068
10156 2063 208 207 2068
10107 1478 215 207 2068
10036 2062 212 207 2068
10014 2061 240 207 2068
10095 2062 208 207 2068
10111 2059 215 208 2069
10016 2061 208 208 2069
10154 2063 208 208 2069
10074 2062 207 208 2069
10124 2060 212 208 2069
10156 2064 223 208 2069
10107 1479 220 208 2069
10036 2063 221 208 2069
10014 2062 225 208 2069
10095 2063 209 208 2069
10111 2060 209 209 2070
10016 2062 212 209 2070
10156 2065 210 209 2070
10107 1480 220 209 2070
10036 2064 224 209 2070
10014 2063 253 209 2070
10111 2061 209 210 2071
10154 2065 208 210 2071
10143 2065 208 210 2071
10130 2063 210 210 2071
10107 1481 224 210 2071
10036 2065 216 210 2071
10014 2064 227 210 2071
10115 2067 214 210 2071
10111 2062 219 211 2072
10016 2064 211 211 2072
10154 2066 216 211 2072
10143 2066 209 211 2072
10156 2067 211 211 2072
10107 1482 223 211 2072
10036 2066 213 211 2072
10014 2065 219 211 2072
10115 2068 212 211 2072
10095 2066 213 211 2072
10111 2063 221 212 2073
10016 2065 213 212 2073
10154 2067 218 212 2073
10124 2064 207 212 2073
10156 2068 215 212 2073
10107 1483 221 212 2073
10036 2067 222 212 2073
10014 2066 247 212 2073
10115 2069 209 212 2073
10095 2067 209 212 2073
10111 2064 221 213 2074
10016 2066 211 213 2074
10143 2068 211 213 2074
10107 1484 221 213 2074
10036 2068 227 213 2074
10014 2067 233 213 2074
10016 2067 210 214 2075
10154 2069 209 214 2075
10143 2069 210 214 2075
10107 1485 210 214 2075
10036 2069 223 214 2075
10014 2068 218 214 2075
10116 2066 208 214 2075
209 33 233 214 2075
10129 2073 206 215 2076
10154 2070 239 215 2076
10143 2070 210 215 2076
10107 1486 216 215 2076
10036 2070 208 215 2076
10014 2069 222 215 2076
209 34 221 215 2076
10129 2074 213 216 2077
10154 2071 225 216 2077
10095 2071 211 216 2077
10154 2072 213 217 2078
10130 2070 221 217 2078
10156 2073 209 217 2078
10107 1488 208 217 2078
10036 2072 217 217 2078
10115 2074 218 217 2078
10095 2072 208 217 2078
10111 2069 212 218 2079
10154 2073 209 218 2079
10130 2071 231 218 2079
10036 2073 213 218 2079
10014 2072 212 218 2079
10116 2070 209 218 2079
10115 2075 214 218 2079
10111 2070 207 219 2080
10154 2074 217 219 2080
10130 2072 227 219 2080
10115 2076 210 219 2080
10129 2078 210 220 2081
10130 2073 223 220 2081
10107 1491 207 220 2081
10036 2075 223 220 2081
10014 2074 215 220 2081
10115 2077 219 220 2081
10111 2072 218 221 2082
10107 1492 207 221 2082
10036 2076 217 221 2082
704 1390 221 221 2082
10115 2078 237 221 2082
10111 2073 212 222 2083
10130 2075 219 222 2083
10107 1493 219 222 2083
10036 2077 211 222 2083
10116 2074 212 222 2083
10115 2079 212 222 2083
10129 2081 211 223 2084
10130 2076 214 223 2084
10036 2078 211 223 2084
704 1392 224 223 2084
175 1337 223 223 2084
10115 2080 240 223 2084
10129 2082 208 223 2084
10111 2075 210 224 2085
10154 2079 214 224 2085
10130 2077 234 224 2085
10107 1495 218 224 2085
704 1393 227 224 2085
10115 2081 219 224 2085
10111 2076 208 225 2086
10154 2080 210 225 2086
10130 2078 233 225 2086
10107 1496 219 225 2086
10116 2077 207 225 2086
10115 2082 227 225 2086
10129 2084 212 225 2086
10111 2077 208 226 2087
10130 2079 226 226 2087
10107 1497 211 226 2087
10036 2081 210 226 2087
10115 2083 222 226 2087
10154 2082 216 227 2088
10130 2080 226 227 2088
10036 2082 210 227 2088
10115 2084 217 227 2088
10167 2085 210 228 2089
10111 2079 217 228 2089
10016 2081 210 228 2089
10074 2082 212 228 2089
10156 2084 216 228 2089
10036 2083 216 228 2089
10115 2085 209 228 2089
10081 2083 210 229 2090
10167 2086 210 229 2090
10016 2082 222 229 2090
10153 2082 225 229 2090
10074 2083 209 229 2090
10143 2084 237 229 2090
10059 2090 209 229 2090
10161 2086 210 229 2090
10145 2085 216 229 2090
10075 2083 210 229 2090
10016 2083 219 230 2091
10153 2083 214 230 2091
10143 2085 243 230 2091
10016 2084 221 231 2092
10157 2087 207 231 2092
10153 2084 214 231 2092
10074 2085 210 231 2092
10143 2086 236 231 2092
10161 2088 219 231 2092
10015 2084 207 232 2093
10016 2085 223 232 2093
10153 2085 210 232 2093
10143 2087 218 232 2093
10161 2089 221 232 2093
10145 2088 211 232 2093
10016 2086 222 233 2094
10153 2086 213 233 2094
10143 2088 233 233 2094
10036 2088 209 233 2094
10014 2087 208 233 2094
10145 2089 210 233 2094
10111 2085 210 234 2095
10016 2087 224 234 2095
10153 2087 219 234 2095
10143 2089 218 234 2095
10014 2088 206 234 2095
10161 2091 210 234 2095
10145 2090 210 234 2095
10075 2088 209 234 2095
10016 2088 216 235 2096
10013 2094 207 235 2096
10143 2090 233 235 2096
10059 2096 209 235 2096
10036 2090 212 235 2096
10014 2089 213 235 2096
10145 2091 210 235 2096
10111 2087 222 236 2097
10016 2089 218 236 2097
10156 2092 209 236 2097
10107 1507 209 236 2097
10036 2091 227 236 2097
10014 2090 223 236 2097
10115 2093 208 236 2097
10095 2091 215 236 2097
10111 2088 231 237 2098
10016 2090 219 237 2098
10130 2090 211 237 2098
10036 2092 210 237 2098
10115 2094 219 237 2098
10111 2089 224 238 2099
10016 2091 220 238 2099
10074 2092 208 238 2099
10130 2091 212 238 2099
10107 1509 223 238 2099
10036 2093 222 238 2099
10014 2092 208 238 2099
10115 2095 225 238 2099
10095 2093 209 238 2099
10111 2090 226 239 2100
10016 2092 211 239 2100
10143 2094 209 239 2100
10130 2092 212 239 2100
10107 1510 220 239 2100
10036 2094 221 239 2100
10014 2093 222 239 2100
10115 2096 220 239 2100
10095 2094 210 239 2100
10111 2091 225 240 2101
10016 2093 225 240 2101
10143 2095 209 240 2101
10130 2093 209 240 2101
10107 1511 217 240 2101
10036 2095 212 240 2101
10014 2094 215 240 2101
10115 2097 211 240 2101
10111 2092 227 241 2102
10016 2094 212 241 2102
10156 2097 210 241 2102
10036 2096 214 241 2102
10014 2095 219 241 2102
10161 2098 207 241 2102
10115 2098 217 241 2102
10095 2096 221 241 2102
10167 2099 208 242 2103
10111 2093 211 242 2103
10016 2095 219 242 2103
10143 2097 209 242 2103
10036 2097 227 242 2103
10115 2099 217 242 2103
10016 2096 227 243 2104
10074 2097 209 243 2104
10036 2098 227 243 2104
10014 2097 212 243 2104
10095 2098 209 243 2104
10111 2095 210 244 2105
10016 2097 218 244 2105
10074 2098 210 244 2105
10143 2099 209 244 2105
10036 2099 228 244 2105
10014 2098 217 244 2105
10095 2099 218 244 2105
10016 2098 208 245 2106
680 74 225 245 2106
10074 2099 217 245 2106
10036 2100 222 245 2106
10014 2099 211 245 2106
10016 2099 215 246 2107
10074 2100 211 246 2107
10143 2101 219 246 2107
10036 2101 210 246 2107
10145 2102 212 246 2107
10075 2100 208 246 2107
10016 2100 223 247 2108
10153 2100 213 247 2108
10074 2101 211 247 2108
10143 2102 223 247 2108
10161 2104 214 247 2108
10075 2101 208 247 2108
10081 2102 210 248 2109
10167 2105 227 248 2109
10111 2099 207 248 2109
10016 2101 218 248 2109
10153 2101 215 248 2109
10143 2103 227 248 2109
10036 2103 207 248 2109
10161 2105 220 248 2109
10145 2104 213 248 2109
10075 2102 213 248 2109
10111 2100 209 249 2110
10016 2102 219 249 2110
10074 2103 217 249 2110
10143 2104 223 249 2110
10107 1520 208 249 2110
10036 2104 210 249 2110
10161 2106 213 249 2110
10145 2105 212 249 2110
10015 2102 207 250 2111
10167 2107 208 250 2111
10111 2101 210 250 2111
10016 2103 221 250 2111
10153 2103 214 250 2111
10074 2104 208 250 2111
10143 2105 225 250 2111
10036 2105 207 250 2111
10014 2104 209 250 2111
10161 2107 211 250 2111
10145 2106 221 250 2111
10075 2104 212 250 2111
10081 2105 207 251 2112
10111 2102 208 251 2112
10016 2104 212 251 2112
10143 2106 238 251 2112
10059 2112 208 251 2112
10036 2106 216 251 2112
10161 2108 211 251 2112
10145 2107 208 251 2112
10111 2103 223 252 2113
10016 2105 218 252 2113
10074 2106 207 252 2113
10143 2107 214 252 2113
10036 2107 227 252 2113
10014 2106 223 252 2113
10115 2109 218 252 2113
10095 2107 212 252 2113
10111 2104 216 253 2114
10016 2106 209 253 2114
10130 2106 210 253 2114
10107 1524 210 253 2114
10036 2108 242 253 2114
10014 2107 226 253 2114
10115 2110 218 253 2114
10111 2105 219 254 2115
10107 1525 213 254 2115
10036 2109 225 254 2115
10014 2108 224 254 2115
10115 2111 227 254 2115
10111 2106 224 255 2116
10154 2110 208 255 2116
10143 2110 211 255 2116
10130 2108 216 255 2116
10107 1526 207 255 2116
10036 2110 233 255 2116
10014 2109 218 255 2116
10115 2112 219 255 2116
10095 2110 213 255 2116
10111 2107 223 256 2117
10143 2111 209 256 2117
10107 1527 209 256 2117
10036 2111 243 256 2117
10014 2110 223 256 2117
10115 2113 223 256 2117
10095 2111 213 256 2117
10016 2110 208 257 2118
10154 2112 208 257 2118
10074 2111 210 257 2118
10143 2112 212 257 2118
10130 2110 208 257 2118
10107 1528 211 257 2118
10036 2112 225 257 2118
10014 2111 221 257 2118
10115 2114 227 257 2118
10111 2109 211 258 2119
10074 2112 207 258 2119
10036 2113 232 258 2119
10095 2113 208 258 2119
10081 2113 208 259 2120
10167 2116 221 259 2120
10016 2112 220 259 2120
10153 2112 214 259 2120
10143 2114 217 259 2120
10155 2118 208 259 2120
10145 2115 211 259 2120
10016 2113 221 260 2121
10073 2114 211 260 2121
10143 2115 232 260 2121
10145 2116 219 260 2121
10143 2116 224 261 2122
10013 2121 207 262 2123
10143 2126 210 271 2132
10016 2125 223 272 2133
10143 2127 237 272 2133
10014 2126 208 272 2133
10161 2129 224 272 2133
10155 2131 211 272 2133
10016 2126 213 273 2134
10143 2128 227 273 2134
10161 2130 215 273 2134
10145 2129 219 273 2134
10075 2127 221 273 2134
10167 2131 211 274 2135
10016 2127 209 274 2135
10153 2127 210 274 2135
10143 2129 211 274 2135
10161 2131 215 274 2135
10155 2133 212 274 2135
10145 2130 208 274 2135
10075 2128 209 274 2135
10073 2129 210 275 2136
10143 2130 227 275 2136
10161 2132 210 275 2136
10145 2131 211 275 2136
10075 2129 211 275 2136
10016 2129 214 276 2137
10153 2129 207 276 2137
10073 2130 209 276 2137
10143 2131 223 276 2137
10036 2131 209 276 2137
10014 2130 207 276 2137
10161 2133 219 276 2137
10155 2135 210 276 2137
10145 2132 208 276 2137
10111 2128 207 277 2138
10016 2130 221 277 2138
10073 2131 210 277 2138
10143 2132 218 277 2138
10036 2132 207 277 2138
10161 2134 211 277 2138
10145 2133 209 277 2138
10016 2131 221 278 2139
10073 2132 213 278 2139
10143 2133 226 278 2139
10161 2135 213 278 2139
10155 2137 207 278 2139
10145 2134 210 278 2139
10075 2132 209 278 2139
10153 2132 210 279 2140
10073 2133 209 279 2140
10143 2134 223 279 2140
10161 2136 219 279 2140
10155 2138 207 279 2140
10075 2133 207 279 2140
10143 2135 214 280 2141
10016 2134 208 281 2142
10153 2134 211 281 2142
10143 2136 224 281 2142
10016 2135 207 282 2143
10143 2137 217 282 2143
10143 2138 227 283 2144
10016 2137 210 284 2145
10161 2141 210 284 2145
10153 2138 209 285 2146
10143 2140 213 285 2146
10161 2142 211 285 2146
10155 2144 221 285 2146
10075 2139 214 285 2146
10015 2138 210 285 2146
10153 2139 208 286 2147
10073 2140 211 286 2147
10143 2141 216 286 2147
10161 2143 207 286 2147
10155 2145 212 286 2147
10145 2142 210 286 2147
10075 2140 225 286 2147
10015 2139 208 286 2147
10153 2140 208 287 2148
10073 2141 210 287 2148
10155 2146 212 287 2148
10075 2141 223 287 2148
10015 2140 210 287 2148
10073 2142 211 288 2149
10143 2143 210 288 2149
10075 2142 216 288 2149
10143 2144 221 289 2150
10155 2148 212 289 2150
10075 2143 219 289 2150
10161 2147 207 290 2151
10155 2149 213 290 2151
10075 2144 227 290 2151
10015 2143 211 290 2151
10155 2150 211 291 2152
10075 2145 226 291 2152
10015 2144 212 291 2152
10157 2148 208 292 2153
10153 2145 221 292 2153
10143 2147 211 292 2153
10075 2146 229 292 2153
10153 2146 208 293 2154
10143 2148 214 293 2154
10016 2147 216 294 2155
10143 2149 222 294 2155
10036 2149 209 294 2155
10111 2146 206 295 2156
10016 2148 221 295 2156
10143 2150 213 295 2156
10081 2150 211 296 2157
10167 2153 207 296 2157
10016 2149 212 296 2157
10153 2149 211 296 2157
10143 2151 213 296 2157
10016 2150 210 297 2158
10153 2150 218 297 2158
10143 2152 209 297 2158
10075 2151 208 297 2158
10153 2151 227 298 2159
10074 2152 207 298 2159
10143 2153 208 298 2159
10075 2152 209 298 2159
10167 2156 221 299 2160
10016 2152 213 299 2160
10153 2152 220 299 2160
10074 2153 210 299 2160
10143 2154 212 299 2160
10075 2153 209 299 2160
10081 2154 221 300 2161
10167 2157 223 300 2161
10153 2153 231 300 2161
10074 2154 209 300 2161
10155 2159 212 300 2161
10075 2154 213 300 2161
10167 2158 211 301 2162
10157 2157 207 301 2162
10153 2154 223 301 2162
10143 2156 213 301 2162
10167 2159 216 302 2163
10157 2158 207 302 2163
10153 2155 223 302 2163
10075 2156 216 302 2163
10081 2157 209 303 2164
10167 2160 210 303 2164
10016 2156 207 303 2164
10157 2159 208 303 2164
10153 2156 233 303 2164
10074 2157 211 303 2164
10143 2158 214 303 2164
10075 2157 228 303 2164
10167 2161 219 304 2165
10016 2157 210 304 2165
10153 2157 221 304 2165
10074 2158 211 304 2165
10143 2159 213 304 2165
10155 2163 211 304 2165
10075 2158 217 304 2165
10167 2162 220 305 2166
10016 2158 212 305 2166
10157 2161 210 305 2166
10153 2158 231 305 2166
10074 2159 211 305 2166
10143 2160 217 305 2166
10075 2159 221 305 2166
10081 2160 213 306 2167
10167 2163 212 306 2167
10016 2159 210 306 2167
10157 2162 207 306 2167
10153 2159 215 306 2167
10075 2160 216 306 2167
10081 2161 213 307 2168
10167 2164 222 307 2168
10153 2160 226 307 2168
10143 2162 210 307 2168
10075 2161 222 307 2168
10167 2165 207 308 2169
10153 2161 229 308 2169
10075 2162 216 308 2169
10167 2166 217 309 2170
10153 2162 233 309 2170
10074 2163 210 309 2170
10075 2163 217 309 2170
10153 2163 209 310 2171
10143 2165 211 310 2171
10167 2168 208 311 2172
10016 2164 207 311 2172
10153 2164 209 311 2172
10143 2166 207 311 2172
10016 2165 216 312 2173
10153 2165 208 312 2173
10167 2170 223 313 2174
10016 2166 213 313 2174
10153 2166 208 313 2174
10074 2167 218 313 2174
10167 2171 219 314 2175
10153 2167 213 314 2175
10074 2168 214 314 2175
10075 2168 207 314 2175
10081 2169 209 315 2176
10167 2172 227 315 2176
10016 2168 209 315 2176
10153 2168 220 315 2176
10095 2170 208 315 2176
10075 2169 210 315 2176
10081 2170 211 316 2177
10167 2173 219 316 2177
10016 2169 209 316 2177
10153 2169 209 316 2177
10074 2170 217 316 2177
10095 2171 209 316 2177
10081 2171 208 317 2178
10167 2174 218 317 2178
10074 2171 223 317 2178
10081 2172 210 318 2179
10167 2175 227 318 2179
10016 2171 212 318 2179
10074 2172 215 318 2179
10095 2173 207 318 2179
10081 2173 212 319 2180
10167 2176 223 319 2180
10153 2172 207 319 2180
10074 2173 218 319 2180
10167 2177 210 320 2181
10153 2173 208 320 2181
10074 2174 211 320 2181
10167 2178 213 321 2182
10016 2174 207 321 2182
10153 2174 215 321 2182
10074 2175 215 321 2182
10036 2176 206 321 2182
10081 2176 212 322 2183
10167 2179 223 322 2183
10153 2175 213 322 2183
10074 2176 214 322 2183
10143 2177 209 322 2183
10016 2176 218 323 2184
10153 2176 206 323 2184
10016 2177 212 324 2185
10153 2177 209 324 2185
10016 2178 219 325 2186
10143 2180 214 325 2186
10016 2179 208 326 2187
10143 2181 212 326 2187
10161 2183 210 326 2187
10073 2181 213 327 2188
10143 2183 219 328 2189
10161 2185 210 328 2189
10143 2184 214 329 2190
10167 2187 208 330 2191
10016 2183 213 330 2191
10143 2185 223 330 2191
10016 2184 210 331 2192
10143 2186 211 331 2192
10016 2185 210 332 2193
10143 2187 210 332 2193
10143 2188 213 333 2194
10143 2189 218 334 2195
10016 2188 210 335 2196
10143 2190 219 335 2196
10161 2192 207 335 2196
10145 2191 209 335 2196
10016 2189 211 336 2197
10143 2191 213 336 2197
10161 2193 209 336 2197
10016 2190 217 337 2198
10073 2191 209 337 2198
10143 2192 216 337 2198
10161 2194 210 337 2198
10073 2192 208 338 2199
10143 2193 209 338 2199
10016 2192 206 339 2200
10073 2193 210 339 2200
10143 2194 213 339 2200
10016 2193 211 340 2201
10143 2195 214 340 2201
10016 2194 209 341 2202
10143 2196 214 341 2202
10016 2195 208 342 2203
10143 2197 212 342 2203
10161 2199 210 342 2203
10016 2196 213 343 2204
10153 2196 208 343 2204
10073 2197 219 343 2204
10143 2198 210 343 2204
10161 2200 217 343 2204
10143 2199 219 344 2205
10161 2201 211 344 2205
10016 2198 213 345 2206
10143 2200 219 345 2206
10161 2202 212 345 2206
10143 2201 216 346 2207
10016 2200 209 347 2208
10143 2202 221 347 2208
10016 2201 216 348 2209
10153 2201 208 348 2209
10143 2203 210 348 2209
10167 2206 209 349 2210
10153 2202 207 349 2210
10143 2204 210 349 2210
10143 2205 223 350 2211
10143 2206 210 351 2212
10016 2205 208 352 2213
10143 2207 219 352 2213
10016 2206 213 353 2214
10143 2208 220 353 2214
10016 2207 210 354 2215
10143 2209 221 354 2215
10145 2210 208 354 2215
10143 2210 212 355 2216
10145 2211 209 355 2216
10143 2211 211 356 2217
10145 2212 209 356 2217
10143 2212 213 357 2218
10145 2213 210 357 2218
10143 2213 214 358 2219
10145 2214 209 358 2219
10143 2214 213 359 2220
10161 2216 208 359 2220
10073 2214 208 360 2221
10143 2215 221 360 2221
10161 2217 209 360 2221
10115 2217 208 360 2221
10145 2216 221 360 2221
10016 2214 208 361 2222
10153 2214 208 361 2222
10073 2215 211 361 2222
10143 2216 218 361 2222
10059 2222 207 361 2222
10161 2218 222 361 2222
10155 2220 207 361 2222
10145 2217 213 361 2222
10075 2215 207 361 2222
10016 2215 211 362 2223
10143 2217 210 362 2223
10145 2218 214 362 2223
10016 2216 212 363 2224
10073 2217 217 363 2224
10143 2218 229 363 2224
10036 2218 210 363 2224
10161 2220 217 363 2224
10155 2222 207 363 2224
10145 2219 217 363 2224
10167 2221 209 364 2225
10016 2217 222 364 2225
10153 2217 210 364 2225
10074 2218 210 364 2225
10130 2217 207 364 2225
10107 1635 210 364 2225
10036 2219 224 364 2225
10014 2218 219 364 2225
10115 2221 223 364 2225
10016 2218 217 365 2226
10130 2218 208 365 2226
10107 1636 208 365 2226
10036 2220 237 365 2226
10095 2220 210 365 2226
10154 2221 211 366 2227
10130 2219 216 366 2227
10156 2222 212 366 2227
10031 2232 207 367 2228
10106 2227 217 368 2229
10076 2226 223 368 2229
10055 2230 218 368 2229
10098 2227 210 368 2229
10106 2228 210 369 2230
10040 2225 212 369 2230
10078 2230 233 369 2230
10106 2229 213 370 2231
10040 2226 208 370 2231
10078 2231 217 370 2231
10055 2232 207 370 2231
10098 2229 210 370 2231
10106 2230 216 371 2232
10040 2227 211 371 2232
10078 2232 227 371 2232
10018 1560 208 371 2232
10106 2231 213 372 2233
10040 2228 211 372 2233
10078 2233 207 372 2233
10055 2234 218 372 2233
10018 1561 218 372 2233
10098 2231 216 372 2233
10140 2230 209 372 2233
10004 2231 219 373 2234
10076 2231 215 373 2234
10055 2235 209 373 2234
10098 2232 217 373 2234
10170 2229 212 373 2234
10140 2231 209 373 2234
10084 2229 207 373 2234
10158 2230 208 374 2235
10106 2233 227 374 2235
10040 2230 212 374 2235
10078 2235 210 374 2235
10106 2234 212 375 2236
10040 2231 217 375 2236
10078 2236 207 375 2236
10134 2230 219 376 2237
10134 2231 227 377 2238
10134 2232 233 378 2239
10134 2233 229 379 2240
10134 2234 224 380 2241
10134 2235 220 381 2242
10134 2236 228 381 2242
10134 2237 231 382 2243
10134 2238 231 383 2244
10134 2239 235 384 2245
10134 2240 231 385 2246
10134 2241 227 386 2247
10134 2242 230 387 2248
10134 2243 229 388 2249
10134 2244 229 389 2250
10134 2245 231 390 2251
10134 2246 225 391 2252
10134 2247 227 392 2253
10134 2248 231 393 2254
10134 2249 230 395 2256
10134 2250 227 396 2257
10106 2255 208 396 2257
10134 2251 231 397 2258
10134 2252 225 398 2259
10134 2253 224 399 2260
10134 2254 230 399 2260
10134 2255 225 400 2261
10134 2256 229 402 2263
10134 2257 223 402 2263
10134 2258 222 404 2265
10009 2263 209 404 2265
10134 2259 233 405 2266
10106 2264 208 405 2266
10134 2260 231 406 2267
10106 2265 208 406 2267
10134 2261 231 406 2267
10106 2266 210 407 2268
10134 2262 231 408 2269
10134 2263 231 409 2270
10134 2264 229 410 2271
10134 2265 232 410 2271
599 440 221 411 2272
10134 2266 231 411 2272
599 441 225 412 2273
10134 2267 229 413 2274
599 442 222 413 2274
10134 2268 232 413 2274
599 443 221 414 2275
10134 2269 231 414 2275
10134 2270 223 415 2276
10134 2271 214 416 2277
10009 2276 208 417 2278
10134 2272 219 417 2278
10106 2277 210 418 2279
10134 2273 224 418 2279
10106 2278 209 419 2280
10134 2274 227 419 2280
10106 2279 208 420 2281
10134 2275 228 420 2281
10106 2280 208 421 2282
10134 2276 227 421 2282
10009 2281 207 422 2283
10134 2277 211 422 2283
10009 2282 207 423 2284
10134 2278 223 423 2284
10106 2283 210 424 2285
10009 2283 209 424 2285
10134 2279 219 424 2285
10106 2284 210 425 2286
10134 2280 228 425 2286
10134 2281 232 427 2288
10106 2286 208 427 2288
10134 2282 228 428 2289
10106 2287 207 428 2289
10134 2283 225 429 2290
10134 2284 220 430 2291
10134 2285 220 431 2292
10134 2286 223 432 2293
10134 2287 227 433 2294
10134 2288 219 434 2295
10134 2289 224 435 2296
10134 2290 225 436 2297
10134 2291 227 437 2298
10009 2296 208 437 2298
10134 2292 217 438 2299
10106 2298 211 439 2300
10076 2297 206 439 2300
10031 2305 210 440 2301
10085 2303 209 440 2301
10106 2300 208 441 2302
10156 2297 209 441 2302
10095 2296 210 441 2302
10129 2300 208 442 2303
10154 2297 227 442 2303
10130 2295 214 442 2303
10036 2297 212 442 2303
10014 2296 216 442 2303
10095 2297 219 442 2303
10016 2296 235 443 2304
10153 2296 209 443 2304
10143 2298 224 443 2304
10161 2300 210 443 2304
10155 2302 208 443 2304
10145 2299 209 443 2304
10073 2298 209 444 2305
10143 2299 227 444 2305
10014 2298 207 444 2305
10161 2301 223 444 2305
10075 2298 210 444 2305
10016 2298 224 445 2306
10153 2298 208 445 2306
10143 2300 231 445 2306
10036 2300 210 445 2306
10014 2299 212 445 2306
10016 2299 221 446 2307
10143 2301 228 446 2307
10145 2302 221 446 2307
10015 2299 213 447 2308
10016 2300 208 447 2308
10143 2302 207 447 2308
10014 2301 215 447 2308
10161 2304 208 447 2308
10145 2303 209 447 2308
10075 2301 208 447 2308
10015 2300 211 448 2309
10016 2301 210 448 2309
10013 2307 207 448 2309
10143 2303 219 448 2309
10059 2309 210 448 2309
10036 2303 207 448 2309
10014 2302 210 448 2309
10161 2305 208 448 2309
10016 2302 209 449 2310
10153 2302 208 449 2310
10143 2304 229 449 2310
10059 2310 213 449 2310
10014 2303 213 449 2310
10081 2304 213 450 2311
10016 2303 219 450 2311
10157 2306 207 450 2311
10074 2304 211 450 2311
10143 2305 224 450 2311
10014 2304 218 450 2311
10145 2306 207 450 2311
10081 2305 208 451 2312
10016 2304 208 451 2312
10074 2305 207 451 2312
10143 2306 219 451 2312
10107 1722 208 451 2312
10016 2305 226 452 2313
10154 2307 208 452 2313
10074 2306 208 452 2313
10143 2307 211 452 2313
10107 1723 210 452 2313
10059 2313 211 452 2313
10036 2307 210 452 2313
10014 2306 211 452 2313
10081 2307 209 453 2314
10016 2306 222 453 2314
10154 2308 217 453 2314
10124 2305 209 453 2314
10143 2308 220 453 2314
10107 1724 217 453 2314
10059 2314 211 453 2314
10036 2308 222 453 2314
10014 2307 237 453 2314
10095 2308 209 453 2314
10081 2308 210 454 2315
10016 2307 218 454 2315
10154 2309 209 454 2315
10156 2310 208 454 2315
10107 1725 211 454 2315
10036 2309 218 454 2315
10014 2308 223 454 2315
10129 2313 211 455 2316
10154 2310 231 455 2316
10130 2308 217 455 2316
10107 1726 218 455 2316
10036 2310 208 455 2316
10014 2309 218 455 2316
10115 2312 227 455 2316
10129 2314 219 456 2317
10154 2311 216 456 2317
10130 2309 216 456 2317
10107 1727 221 456 2317
10036 2311 213 456 2317
10014 2310 221 456 2317
10116 2308 209 456 2317
10115 2313 210 456 2317
10129 2315 212 456 2317
10154 2312 236 457 2318
10130 2310 208 457 2318
10107 1728 223 457 2318
10036 2312 206 457 2318
10014 2311 212 457 2318
10116 2309 209 457 2318
10129 2316 210 458 2319
10154 2313 210 458 2319
10143 2313 209 458 2319
10107 1729 217 458 2319
10014 2312 210 458 2319
10129 2317 209 459 2320
10154 2314 211 459 2320
10130 2312 208 459 2320
10107 1730 208 459 2320
10014 2313 212 459 2320
10116 2311 214 459 2320
10129 2318 215 460 2321
10154 2315 209 460 2321
10129 2319 217 461 2322
10154 2316 228 461 2322
10130 2314 222 461 2322
10107 1732 208 461 2322
10036 2316 222 461 2322
10115 2318 217 461 2322
10016 2315 214 462 2323
10074 2316 208 462 2323
10143 2317 223 462 2323
10156 2318 209 462 2323
10036 2317 220 462 2323
10075 2316 208 462 2323
10016 2316 227 463 2324
10143 2318 221 463 2324
10161 2320 212 463 2324
10155 2322 209 463 2324
10145 2319 211 463 2324
10016 2317 221 464 2325
10143 2319 221 464 2325
10161 2321 210 464 2325
10155 2323 212 464 2325
10145 2320 214 464 2325
10075 2318 214 464 2325
10016 2318 217 465 2326
10143 2320 229 465 2326
10036 2320 211 465 2326
10161 2322 209 465 2326
10016 2319 219 466 2327
10154 2321 212 466 2327
10143 2321 212 466 2327
10156 2322 213 466 2327
10107 1737 212 466 2327
10036 2321 227 466 2327
10014 2320 211 466 2327
10095 2321 219 466 2327
10016 2320 210 467 2328
10154 2322 218 467 2328
10074 2321 208 467 2328
10143 2322 213 467 2328
10156 2323 213 467 2328
10036 2322 221 467 2328
10014 2321 208 467 2328
10115 2324 215 467 2328
10095 2322 211 467 2328
10016 2321 222 468 2329
10154 2323 208 468 2329
10143 2323 214 468 2329
10036 2323 224 468 2329
10014 2322 222 468 2329
10115 2325 216 468 2329
10095 2323 221 468 2329
10167 2326 215 469 2330
10074 2323 229 469 2330
10124 2321 215 469 2330
10143 2324 211 469 2330
10156 2325 212 469 2330
10107 1740 208 469 2330
10036 2324 226 469 2330
10014 2323 215 469 2330
10115 2326 213 469 2330
10095 2324 210 469 2330
10016 2323 217 470 2331
10154 2325 216 470 2331
10074 2324 209 470 2331
10130 2323 209 470 2331
10156 2326 219 470 2331
10036 2325 219 470 2331
10014 2324 217 470 2331
10095 2325 217 470 2331
10167 2328 218 471 2332
10016 2324 210 471 2332
10074 2325 217 471 2332
10143 2326 231 471 2332
10036 2326 225 471 2332
10014 2325 221 471 2332
10115 2328 212 471 2332
10095 2326 210 471 2332
10081 2326 207 472 2333
10016 2325 215 472 2333
10074 2326 209 472 2333
10156 2328 212 472 2333
10036 2327 208 472 2333
10014 2326 208 472 2333
10095 2327 231 472 2333
10167 2330 206 473 2334
10074 2327 222 473 2334
10156 2329 216 473 2334
10036 2328 210 473 2334
10014 2327 211 473 2334
10095 2328 225 473 2334
10081 2328 212 474 2335
10167 2331 213 474 2335
10016 2327 208 474 2335
10074 2328 225 474 2335
10143 2329 208 474 2335
10036 2329 227 474 2335
10014 2328 221 474 2335
10115 2331 213 474 2335
10095 2329 222 474 2335
10154 2330 210 475 2336
10074 2329 213 475 2336
10156 2331 213 475 2336
10095 2330 223 475 2336
10154 2331 208 476 2337
10074 2330 210 476 2337
10156 2332 219 476 2337
10085 2339 207 476 2337
10115 2333 209 476 2337
10095 2331 236 476 2337
10154 2332 207 477 2338
10074 2331 218 477 2338
10124 2329 209 477 2338
10156 2333 210 477 2338
10095 2332 225 477 2338
10154 2333 207 478 2339
10074 2332 216 478 2339
10156 2334 214 478 2339
10036 2333 208 478 2339
10095 2333 230 478 2339
10074 2333 219 479 2340
10156 2335 216 479 2340
10036 2334 210 479 2340
10095 2334 227 479 2340
10016 2333 212 480 2341
10074 2334 217 480 2341
10143 2335 208 480 2341
10036 2335 214 480 2341
10014 2334 210 480 2341
10095 2335 218 480 2341
10167 2338 208 481 2342
10074 2335 214 481 2342
10156 2337 221 481 2342
10036 2336 217 481 2342
10095 2336 225 482 2343
10154 2337 210 482 2343
10156 2338 222 482 2343
10095 2337 235 482 2343
10167 2340 212 483 2344
10156 2339 222 483 2344
10014 2337 207 483 2344
10095 2338 237 484 2345
10074 2338 215 484 2345
10124 2336 207 484 2345
10156 2340 228 484 2345
10095 2339 239 485 2346
10081 2339 212 485 2346
10167 2342 216 485 2346
10016 2338 207 485 2346
10074 2339 213 485 2346
10156 2341 221 485 2346
10095 2340 209 486 2347
10016 2339 213 486 2347
10153 2339 207 486 2347
10154 2341 208 486 2347
10156 2342 213 486 2347
10095 2341 227 487 2348
10016 2340 206 487 2348
10154 2342 210 487 2348
10074 2341 213 487 2348
10156 2343 210 487 2348
10036 2342 212 487 2348
10095 2342 225 488 2349
10074 2342 207 488 2349
10095 2343 235 489 2350
10081 2343 208 489 2350
10074 2343 219 489 2350
10124 2341 210 489 2350
10156 2345 218 489 2350
10036 2344 209 489 2350
10014 2343 213 489 2350
10095 2344 224 490 2351
10167 2347 213 490 2351
10153 2343 209 490 2351
10074 2344 210 490 2351
10156 2346 208 490 2351
10036 2345 213 490 2351
10095 2345 217 491 2352
10167 2348 217 491 2352
10074 2345 227 491 2352
10124 2343 220 491 2352
10143 2346 208 491 2352
10156 2347 217 491 2352
10036 2346 210 491 2352
10095 2346 229 492 2353
10081 2346 214 492 2353
10167 2349 217 492 2353
10016 2345 210 492 2353
10074 2346 229 492 2353
10124 2344 219 492 2353
10156 2348 220 492 2353
10036 2347 209 492 2353
10095 2347 231 493 2354
10081 2347 216 493 2354
10074 2347 234 493 2354
10124 2345 213 493 2354
10143 2348 209 493 2354
10156 2349 207 493 2354
10036 2348 212 493 2354
10095 2348 220 494 2355
10081 2348 211 494 2355
10167 2351 209 494 2355
10016 2347 219 494 2355
10074 2348 237 494 2355
10124 2346 212 494 2355
10143 2349 210 494 2355
10156 2350 221 494 2355
10036 2349 210 494 2355
10095 2349 221 495 2356
10167 2352 209 495 2356
10074 2349 226 495 2356
10124 2347 217 495 2356
10095 2350 214 496 2357
10167 2353 209 496 2357
10016 2349 219 496 2357
10074 2350 222 496 2357
10143 2351 210 496 2357
10156 2352 212 496 2357
10036 2351 223 496 2357
10014 2350 223 496 2357
10095 2351 209 497 2358
10167 2354 208 497 2358
10016 2350 218 497 2358
10154 2352 209 497 2358
10074 2351 211 497 2358
10143 2352 208 497 2358
10130 2350 207 497 2358
10156 2353 217 497 2358
10036 2352 218 497 2358
10167 2355 212 498 2359
10016 2351 219 498 2359
10074 2352 223 498 2359
10124 2350 211 498 2359
10036 2353 229 498 2359
10014 2352 225 498 2359
10115 2355 209 499 2360
10095 2353 212 499 2360
10081 2353 207 499 2360
10016 2352 221 499 2360
10153 2352 213 499 2360
10074 2353 209 499 2360
10143 2354 227 499 2360
10059 2360 207 499 2360
10161 2356 215 500 2361
10155 2358 209 500 2361
10075 2353 212 500 2361
10016 2353 211 500 2361
10153 2353 207 500 2361
10143 2355 231 500 2361
10161 2357 216 500 2361
10155 2359 208 501 2362
10145 2356 211 501 2362
10016 2354 221 501 2362
10073 2355 212 501 2362
10143 2356 224 501 2362
10059 2362 209 501 2362
10036 2356 208 501 2362
10161 2358 227 501 2362
10016 2355 217 502 2363
10073 2356 215 502 2363
10143 2357 222 502 2363
10161 2359 230 502 2363
10145 2358 217 503 2364
10075 2356 208 503 2364
10016 2356 223 503 2364
10153 2356 209 503 2364
10073 2357 208 503 2364
10143 2358 237 503 2364
10107 1774 208 503 2364
10161 2360 217 504 2365
10155 2362 209 504 2365
10145 2359 207 504 2365
10015 2356 208 504 2365
10073 2358 215 504 2365
10143 2359 222 504 2365
10036 2359 207 504 2365
10161 2361 214 505 2366
10145 2360 211 505 2366
10073 2359 209 505 2366
10143 2360 227 505 2366
10161 2362 213 506 2367
10145 2361 209 506 2367
10075 2359 208 506 2367
10073 2360 211 506 2367
10143 2361 229 506 2367
10161 2363 213 507 2368
10145 2362 212 507 2368
10016 2360 217 507 2368
10153 2360 207 507 2368
10073 2361 222 507 2368
10143 2362 209 507 2368
10036 2362 207 507 2368
10014 2361 209 507 2368
10161 2364 210 508 2369
10145 2363 211 508 2369
10016 2361 217 508 2369
10153 2361 210 508 2369
10143 2363 227 508 2369
10161 2365 207 509 2370
10145 2364 225 509 2370
10013 2368 219 509 2370
10143 2364 221 509 2370
10036 2364 208 509 2370
10014 2363 216 509 2370
10155 2368 215 510 2371
10075 2363 209 510 2371
10015 2362 227 510 2371
10013 2369 210 510 2371
10143 2365 225 510 2371
10014 2364 208 510 2371
10145 2366 209 511 2372
10081 2365 208 511 2372
10016 2364 213 511 2372
10157 2367 211 511 2372
10154 2366 209 511 2372
10143 2366 225 511 2372
10059 2372 209 511 2372
10014 2365 214 511 2372
10145 2367 211 512 2373
10081 2366 211 512 2373
10016 2365 211 512 2373
10154 2367 207 512 2373
10074 2366 209 512 2373
10143 2367 215 512 2373
10107 1783 214 512 2373
10036 2367 211 512 2373
10014 2366 227 512 2373
10129 2371 207 513 2374
10154 2368 233 513 2374
10107 1784 213 513 2374
10014 2367 210 513 2374
10116 2365 211 513 2374
10129 2372 222 514 2375
10130 2367 217 514 2375
10036 2369 209 514 2375
10095 2369 210 515 2376
10130 2368 209 515 2376
10036 2370 208 515 2376
10115 2372 224 516 2377
10154 2371 211 516 2377
10130 2369 225 516 2377
10107 1787 210 516 2377
10036 2371 208 516 2377
10115 2373 218 517 2378
10154 2372 210 517 2378
10130 2370 223 517 2378
10107 1788 212 517 2378
10036 2372 210 517 2378
10115 2374 231 518 2379
10129 2376 208 518 2379
10130 2371 206 518 2379
10129 2377 209 519 2380
10085 2383 210 520 2381
10097 2376 208 521 2382
10031 2386 209 521 2382
10085 2384 221 521 2382
10093 2385 214 522 2383
10031 2387 211 522 2383
10085 2385 220 522 2383
10093 2386 214 523 2384
10004 2381 213 523 2384
10076 2381 213 523 2384
10031 2388 217 523 2384
10031 2392 208 527 2388
10093 2391 212 528 2389
10031 2393 217 528 2389
10085 2391 217 528 2389
10085 2392 211 529 2390
10031 2395 208 530 2391
10085 2393 221 530 2391
10031 2396 208 531 2392
10085 2394 219 531 2392
10097 2387 221 532 2393
10031 2397 208 532 2393
10085 2395 221 532 2393
10031 2398 210 533 2394
10085 2396 229 533 2394
10154 2389 212 534 2395
10085 2397 229 534 2395
10154 2390 223 535 2396
10085 2398 234 535 2396
10031 2401 212 536 2397
10085 2399 223 536 2397
10093 2400 208 537 2398
10031 2402 209 537 2398
10085 2400 220 537 2398
10093 2401 208 538 2399
10085 2401 209 538 2399
10093 2402 209 539 2400
10085 2402 207 539 2400
10093 2403 219 540 2401
10085 2403 209 540 2401
10093 2404 208 541 2402
10031 2406 210 541 2402
10085 2404 214 541 2402
10093 2405 215 542 2403
10031 2407 212 542 2403
10093 2406 207 543 2404
10085 2406 233 543 2404
10031 2409 213 544 2405
10085 2407 228 544 2405
10154 2400 209 545 2406
10085 2408 233 545 2406
10093 2409 207 546 2407
10031 2411 213 546 2407
10085 2409 231 546 2407
10085 2410 218 547 2408
10085 2411 229 548 2409
10097 2404 208 549 2410
10031 2414 213 549 2410
10085 2412 223 549 2410
10097 2405 210 550 2411
10031 2415 221 550 2411
10085 2413 212 550 2411
10097 2406 213 551 2412
10031 2416 221 551 2412
10093 2415 211 552 2413
10031 2417 225 552 2413
10173 2410 206 553 2414
10031 2418 207 553 2414
10093 2417 209 554 2415
10097 2409 210 554 2415
10085 2417 232 554 2415
10085 2418 231 555 2416
10093 2419 212 556 2417
10085 2419 207 556 2417
10093 2420 209 557 2418
10031 2422 207 557 2418
10085 2420 224 557 2418
10093 2421 210 558 2419
10031 2423 208 558 2419
10085 2421 218 558 2419
10085 2422 237 559 2420
10031 2425 208 560 2421
10085 2423 210 560 2421
10004 2419 211 561 2422
10004 2420 221 562 2423
10076 2420 210 562 2423
10031 2427 211 562 2423
10093 2426 213 563 2424
10031 2428 210 563 2424
10093 2427 221 564 2425
10085 2427 209 564 2425
10093 2428 215 565 2426
10031 2430 210 565 2426
10093 2429 215 566 2427
10085 2429 223 567 2428
10093 2430 219 567 2428
10031 2432 208 567 2428
10093 2431 212 568 2429
10093 2432 214 569 2430
10093 2433 221 570 2431
10074 2424 207 570 2431
10085 2433 210 571 2432
10093 2434 209 571 2432
10095 2426 208 572 2433
10093 2435 210 572 2433
10074 2426 209 572 2433
10095 2427 211 573 2434
10074 2427 213 573 2434
10095 2428 207 574 2435
10093 2437 210 574 2435
10097 2429 219 574 2435
10093 2438 224 575 2436
10074 2429 208 575 2436
10085 2438 209 576 2437
10093 2439 207 576 2437
10093 2440 218 577 2438
10093 2441 223 578 2439
10085 2441 210 579 2440
10093 2442 217 579 2440
10085 2442 209 580 2441
10093 2443 220 580 2441
10093 2444 218 581 2442
10085 2444 207 582 2443
10093 2445 219 582 2443
10074 2436 207 582 2443
10093 2446 208 583 2444
10074 2437 208 583 2444
10031 2448 212 583 2444
10085 2446 210 584 2445
10093 2447 218 584 2445
10097 2439 207 584 2445
10093 2448 214 585 2446
10097 2440 208 585 2446
10093 2449 218 586 2447
10097 2441 208 586 2447
10093 2450 210 587 2448
10097 2442 208 587 2448
10093 2451 212 588 2449
10093 2452 215 589 2450
10093 2453 238 590 2451
10093 2454 229 591 2452
10074 2445 209 591 2452
10093 2455 224 592 2453
10093 2456 210 593 2454
10097 2448 212 593 2454
10097 2449 216 594 2455
10093 2458 208 595 2456
10097 2450 232 595 2456
10093 2459 208 596 2457
10097 2451 229 596 2457
10097 2452 229 597 2458
10097 2453 225 598 2459
10097 2454 232 599 2460
10097 2455 229 600 2461
10097 2456 224 601 2462
10097 2457 233 602 2463
10097 2458 219 603 2464
10097 2459 215 604 2465
10097 2460 225 605 2466
10097 2461 218 606 2467
10097 2462 218 607 2468
10097 2463 217 608 2469
10097 2464 211 609 2470
10093 2473 216 610 2471
10031 2475 212 610 2471
10173 2468 209 611 2472
10004 2469 212 611 2472
10076 2470 217 612 2473
10055 2474 223 613 2474
10018 1801 211 613 2474
10140 2470 217 613 2474
10158 2469 208 613 2474
10018 1802 214 614 2475
10098 2472 221 614 2475
10140 2471 210 614 2475
10098 2473 210 615 2476
10098 2474 222 616 2477
10140 2473 208 616 2477
10055 2478 210 617 2478
10018 1805 213 617 2478
10140 2474 219 617 2478
10173 2474 207 617 2478
10040 2473 207 617 2478
10004 2475 213 617 2478
10076 2475 212 617 2478
10140 2475 215 618 2479
10158 2474 209 618 2479
10173 2475 209 618 2479
10106 2477 210 618 2479
10004 2476 221 618 2479
10055 2480 221 619 2480
10018 1807 210 619 2480
10158 2475 211 619 2480
10004 2477 213 619 2480
10055 2481 218 620 2481
10018 1808 208 620 2481
10158 2476 209 620 2481
10173 2477 208 620 2481
10106 2479 211 620 2481
10004 2478 221 620 2481
10076 2478 209 620 2481
10055 2482 225 621 2482
10018 1809 214 621 2482
10158 2477 212 621 2482
10173 2478 212 621 2482
10106 2480 210 621 2482
10004 2479 221 621 2482
10076 2479 209 621 2482
10055 2483 221 622 2483
10173 2479 207 622 2483
10004 2480 210 622 2483
10076 2480 210 622 2483
10055 2484 219 623 2484
10018 1811 209 623 2484
10140 2480 208 623 2484
10173 2480 210 623 2484
10106 2482 207 623 2484
10004 2481 219 623 2484
10076 2481 213 623 2484
10055 2485 225 624 2485
10018 1812 220 624 2485
10140 2481 214 624 2485
10158 2480 212 624 2485
10173 2481 208 624 2485
10004 2482 219 624 2485
10055 2486 224 625 2486
10018 1813 218 625 2486
10140 2482 211 625 2486
10173 2482 209 625 2486
10106 2484 208 625 2486
10004 2483 213 625 2486
10055 2487 227 626 2487
10018 1814 215 626 2487
10140 2483 209 626 2487
10173 2483 212 626 2487
10004 2484 220 626 2487
10076 2484 207 626 2487
10055 2488 225 627 2488
10018 1815 212 627 2488
10140 2484 209 627 2488
10173 2484 213 627 2488
10004 2485 223 627 2488
10076 2485 209 627 2488
10055 2489 231 628 2489
10018 1816 217 628 2489
10140 2485 210 628 2489
10158 2484 208 628 2489
10173 2485 209 628 2489
10106 2487 208 628 2489
10004 2486 212 628 2489
10055 2490 232 629 2490
10018 1817 219 629 2490
10140 2486 213 629 2490
10158 2485 211 629 2490
10004 2487 223 629 2490
10076 2487 211 629 2490
10055 2491 223 630 2491
10018 1818 211 630 2491
10140 2487 209 630 2491
10158 2486 212 630 2491
10173 2487 208 630 2491
10106 2489 209 630 2491
10055 2492 221 631 2492
10018 1819 214 631 2492
10106 2490 217 631 2492
10055 2493 226 632 2493
10018 1820 213 632 2493
10140 2489 212 632 2493
10084 2487 208 632 2493
10158 2488 216 632 2493
10173 2489 213 632 2493
10004 2490 211 632 2493
10055 2494 216 633 2494
10140 2490 210 633 2494
10173 2490 208 633 2494
10004 2491 220 633 2494
10076 2491 207 633 2494
10055 2495 224 634 2495
10018 1822 217 634 2495
10140 2491 210 634 2495
10173 2491 208 634 2495
10004 2492 223 634 2495
10076 2492 212 634 2495
10055 2496 218 635 2496
10018 1823 212 635 2496
10004 2493 213 635 2496
10076 2493 217 635 2496
10055 2497 212 636 2497
10018 1824 215 636 2497
10004 2494 217 636 2497
10076 2494 213 636 2497
10055 2498 211 637 2498
10004 2495 210 637 2498
10018 1826 206 638 2499
10004 2496 214 638 2499
10018 1827 207 639 2500
10004 2497 216 639 2500
10076 2497 209 639 2500
10173 2497 207 640 2501
10004 2498 223 640 2501
10076 2498 213 640 2501
10004 2500 219 642 2503
10076 2500 208 642 2503
10106 2502 208 643 2504
10004 2501 223 643 2504
10076 2501 210 643 2504
10173 2501 208 644 2505
10004 2502 219 644 2505
10076 2502 210 644 2505
10173 2502 210 645 2506
10106 2504 209 645 2506
10004 2503 216 645 2506
10004 2505 215 647 2508
10076 2505 208 647 2508
10173 2505 211 648 2509
10004 2506 219 648 2509
10076 2506 209 648 2509
10173 2506 209 649 2510
10004 2507 219 649 2510
10004 2508 218 650 2511
10004 2509 219 651 2512
10004 2510 220 652 2513
267 726 223 702 2563
267 728 230 704 2565
267 732 223 708 2569
599 744 226 715 2576
599 745 222 716 2577
599 746 221 717 2578
267 1189 230 1165 3026
599 1199 226 1170 3031
599 1202 222 1173 3034
599 1205 233 1176 3037
267 1204 221 1180 3041
599 1213 224 1184 3045
599 1214 223 1185 3046
599 1215 229 1186 3047
599 1218 221 1189 3050
267 1215 222 1191 3052
599 1221 221 1192 3053
599 1222 225 1193 3054
599 1223 226 1194 3055
267 1218 223 1194 3055
267 1219 223 1195 3056
267 1220 224 1196 3057
267 1227 226 1203 3064
267 1228 226 1204 3065
