10143 1793 211 2 1800
10007 1791 212 2 1800
358 769 222 3 1801
286 1104 231 4 1802
10108 1792 213 4 1802
372 156 231 4 1802
10131 1790 224 4 1802
244 40 226 4 1802
358 770 226 4 1802
286 1105 227 5 1803
371 227 232 5 1803
10125 1793 217 5 1803
644 104 227 5 1803
10131 1791 215 5 1803
672 22 225 5 1803
371 228 221 6 1804
10125 1794 211 6 1804
10108 1794 212 6 1804
213 148 227 6 1804
372 158 224 6 1804
644 105 227 6 1804
10137 1793 218 6 1804
10131 1792 237 6 1804
672 23 224 6 1804
10127 1794 215 6 1804
358 772 241 7 1805
371 229 223 7 1805
286 1107 222 7 1805
10108 1795 217 7 1805
372 159 224 7 1805
213 149 226 7 1805
644 106 225 7 1805
10137 1794 215 7 1805
206 1079 225 7 1805
10131 1793 226 7 1805
672 24 225 7 1805
10127 1795 217 7 1805
244 43 234 7 1805
358 773 237 8 1806
371 230 224 8 1806
10125 1796 214 8 1806
10108 1796 220 8 1806
213 150 222 8 1806
644 107 221 8 1806
10131 1794 226 8 1806
672 25 223 8 1806
244 44 222 8 1806
10127 1796 215 8 1806
286 1109 230 9 1807
372 161 237 9 1807
213 151 222 9 1807
10137 1796 214 9 1807
644 108 221 9 1807
206 1081 226 9 1807
10131 1795 219 9 1807
672 26 233 9 1807
10127 1797 213 9 1807
358 775 241 10 1808
371 232 225 10 1808
286 1110 227 10 1808
10125 1798 216 10 1808
10108 1798 221 10 1808
213 152 221 10 1808
10137 1797 214 10 1808
644 109 227 10 1808
10131 1796 238 10 1808
672 27 239 10 1808
10127 1798 223 10 1808
358 776 227 11 1809
371 233 232 11 1809
286 1111 230 11 1809
542 1083 223 11 1809
10125 1799 213 11 1809
10108 1799 218 11 1809
213 153 221 11 1809
644 110 229 11 1809
10131 1797 227 11 1809
10127 1799 217 11 1809
358 777 225 12 1810
371 234 227 12 1810
286 1112 233 12 1810
10108 1800 218 12 1810
542 1084 225 12 1810
372 164 238 12 1810
213 154 232 12 1810
644 111 224 12 1810
10131 1798 218 12 1810
672 29 224 12 1810
10127 1800 214 12 1810
244 48 221 12 1810
371 235 232 13 1811
10108 1801 215 13 1811
372 165 225 13 1811
10131 1799 231 13 1811
672 30 227 13 1811
10127 1801 216 13 1811
358 779 228 14 1812
371 236 230 14 1812
286 1114 222 14 1812
10108 1802 218 14 1812
372 166 225 14 1812
213 156 233 14 1812
10131 1800 223 14 1812
672 31 239 14 1812
244 50 230 14 1812
358 780 243 15 1813
286 1115 221 15 1813
10125 1803 214 15 1813
10108 1803 221 15 1813
542 1087 222 15 1813
372 167 225 15 1813
213 157 237 15 1813
10137 1802 220 15 1813
644 114 225 15 1813
10131 1801 239 15 1813
206 1087 233 15 1813
672 32 227 15 1813
10127 1803 212 15 1813
358 781 233 16 1814
371 238 223 16 1814
10125 1804 211 16 1814
542 1088 225 16 1814
10108 1804 221 16 1814
286 1116 222 16 1814
372 168 223 16 1814
213 158 221 16 1814
10137 1803 217 16 1814
644 115 223 16 1814
10131 1802 217 16 1814
358 782 244 17 1815
542 1089 232 17 1815
10125 1805 212 17 1815
10108 1805 218 17 1815
286 1117 224 17 1815
372 169 234 17 1815
213 159 226 17 1815
644 116 225 17 1815
10131 1803 228 17 1815
672 34 230 17 1815
10127 1805 214 18 1816
358 783 239 18 1816
10125 1806 213 18 1816
10108 1806 222 18 1816
542 1090 224 18 1816
286 1118 233 18 1816
372 170 225 18 1816
10137 1805 216 18 1816
10131 1804 239 18 1816
206 1090 223 18 1816
672 35 222 18 1816
10127 1806 217 19 1817
358 784 240 19 1817
10108 1807 219 19 1817
542 1091 226 19 1817
286 1119 221 19 1817
372 171 225 19 1817
213 161 222 19 1817
10131 1805 233 19 1817
10127 1807 223 19 1817
358 785 242 20 1818
371 242 222 20 1818
10108 1808 216 20 1818
542 1092 222 20 1818
372 172 224 20 1818
644 119 222 20 1818
10131 1806 234 20 1818
206 1092 231 20 1818
10127 1808 220 21 1819
244 56 228 21 1819
358 786 240 21 1819
10108 1809 216 21 1819
542 1093 227 21 1819
372 173 223 21 1819
10137 1808 212 21 1819
10131 1807 238 21 1819
672 38 238 21 1819
10127 1809 213 21 1819
358 787 241 22 1820
371 244 222 22 1820
10108 1810 225 22 1820
372 174 231 22 1820
644 121 225 22 1820
10131 1808 236 22 1820
672 39 229 22 1820
358 788 245 23 1821
371 245 232 23 1821
10108 1811 223 23 1821
286 1123 232 23 1821
372 175 235 23 1821
213 165 223 23 1821
10137 1810 218 23 1821
644 122 221 23 1821
10131 1809 232 23 1821
206 1095 221 23 1821
672 40 222 23 1821
10127 1811 218 23 1821
358 789 241 24 1822
10108 1812 216 24 1822
286 1124 226 24 1822
372 176 221 24 1822
10137 1811 218 24 1822
10131 1810 233 24 1822
206 1096 233 24 1822
672 41 222 24 1822
10127 1812 221 24 1822
244 60 222 25 1823
358 790 241 25 1823
542 1097 222 25 1823
10108 1813 215 25 1823
10137 1812 212 25 1823
10131 1811 232 25 1823
206 1097 225 25 1823
672 42 223 25 1823
10127 1813 210 25 1823
244 61 225 26 1824
358 791 245 26 1824
371 248 225 26 1824
286 1126 225 26 1824
10125 1814 213 26 1824
10108 1814 222 26 1824
372 178 233 26 1824
672 43 224 26 1824
10127 1814 212 26 1824
358 792 233 27 1825
10108 1815 220 27 1825
372 179 222 27 1825
10137 1814 217 27 1825
644 126 224 27 1825
10131 1813 237 27 1825
206 1099 235 27 1825
672 44 235 27 1825
244 63 225 28 1826
358 793 250 28 1826
286 1128 224 28 1826
372 180 226 28 1826
10131 1814 245 28 1826
206 1100 228 28 1826
672 45 235 28 1826
358 794 242 29 1827
371 251 222 29 1827
286 1129 221 29 1827
10108 1817 221 29 1827
213 171 230 29 1827
10137 1816 212 29 1827
644 128 229 29 1827
206 1101 222 29 1827
10131 1815 240 29 1827
672 46 232 29 1827
10127 1817 214 29 1827
358 795 231 30 1828
371 252 223 30 1828
10125 1818 216 30 1828
10108 1818 221 30 1828
372 182 231 30 1828
213 172 229 30 1828
10104 1816 213 30 1828
206 1102 225 30 1828
10131 1816 239 30 1828
672 47 228 30 1828
358 796 237 31 1829
371 253 224 31 1829
542 1103 223 31 1829
286 1131 224 31 1829
10108 1819 215 31 1829
372 183 221 31 1829
10137 1818 213 31 1829
644 130 222 31 1829
206 1103 231 31 1829
10131 1817 231 31 1829
672 48 233 31 1829
10127 1819 215 31 1829
244 67 221 32 1830
358 797 235 32 1830
371 254 225 32 1830
286 1132 225 32 1830
10108 1820 225 32 1830
372 184 234 32 1830
644 131 224 32 1830
206 1104 233 32 1830
10131 1818 236 32 1830
10127 1820 220 32 1830
244 68 226 33 1831
358 798 240 33 1831
371 255 229 33 1831
286 1133 231 33 1831
10108 1821 222 33 1831
372 185 227 33 1831
644 132 224 33 1831
10131 1819 235 33 1831
206 1105 233 33 1831
672 50 224 33 1831
10127 1821 221 33 1831
358 799 243 34 1832
371 256 222 34 1832
286 1134 229 34 1832
10108 1822 220 34 1832
213 176 223 34 1832
10137 1821 216 34 1832
644 133 225 34 1832
10131 1820 230 34 1832
206 1106 226 34 1832
672 51 222 34 1832
10127 1822 219 34 1832
358 800 245 35 1833
371 257 225 35 1833
10108 1823 225 35 1833
213 177 226 35 1833
644 134 230 35 1833
10131 1821 221 35 1833
206 1107 233 35 1833
672 52 228 35 1833
10127 1823 217 35 1833
358 801 249 36 1834
371 258 224 36 1834
286 1136 226 36 1834
10108 1824 224 36 1834
213 178 222 36 1834
372 188 226 36 1834
644 135 227 36 1834
10131 1822 232 36 1834
206 1108 222 36 1834
672 53 223 36 1834
10127 1824 219 36 1834
358 802 244 37 1835
371 259 227 37 1835
286 1137 226 37 1835
10108 1825 223 37 1835
372 189 221 37 1835
10131 1823 218 37 1835
206 1109 241 37 1835
10127 1825 217 37 1835
358 803 247 38 1836
244 73 225 38 1836
371 260 231 38 1836
286 1138 231 38 1836
10108 1826 216 38 1836
644 137 227 38 1836
206 1110 239 38 1836
10131 1824 236 38 1836
672 55 231 38 1836
10127 1826 215 38 1836
244 74 222 39 1837
358 804 227 39 1837
542 1111 231 39 1837
286 1139 227 39 1837
10108 1827 215 39 1837
372 191 231 39 1837
644 138 223 39 1837
10131 1825 238 39 1837
206 1111 234 39 1837
672 56 228 39 1837
244 75 225 40 1838
358 805 243 40 1838
371 262 224 40 1838
542 1112 222 40 1838
286 1140 226 40 1838
10108 1828 218 40 1838
372 192 226 40 1838
644 139 226 40 1838
10131 1826 237 40 1838
206 1112 231 40 1838
10127 1828 215 40 1838
244 76 231 41 1839
358 806 243 41 1839
371 263 222 41 1839
542 1113 227 41 1839
10108 1829 224 41 1839
10137 1828 213 41 1839
644 140 229 41 1839
10131 1827 237 41 1839
206 1113 221 41 1839
672 58 225 41 1839
10127 1829 212 41 1839
244 77 232 42 1840
358 807 231 42 1840
371 264 222 42 1840
286 1142 230 42 1840
542 1114 225 42 1840
10108 1830 214 42 1840
372 194 231 42 1840
10131 1828 245 42 1840
206 1114 222 42 1840
672 59 237 42 1840
10127 1830 220 42 1840
358 808 247 43 1841
542 1115 233 43 1841
286 1143 231 43 1841
371 265 223 43 1841
10108 1831 224 43 1841
372 195 230 43 1841
644 142 224 43 1841
10131 1829 230 43 1841
206 1115 233 43 1841
10127 1831 214 43 1841
358 809 247 44 1842
10125 1832 212 44 1842
10108 1832 213 44 1842
213 186 228 44 1842
372 196 230 44 1842
644 143 226 44 1842
10131 1830 236 44 1842
206 1116 221 44 1842
672 61 230 44 1842
10127 1832 213 45 1843
358 810 221 45 1843
10137 1832 211 45 1843
372 197 222 45 1843
358 811 247 46 1844
672 63 222 46 1844
358 812 242 47 1845
10143 1838 214 47 1845
10146 1836 212 47 1845
358 813 231 48 1846
372 200 221 48 1846
358 814 233 49 1847
10115 1842 211 49 1847
358 815 239 50 1848
213 192 223 50 1848
358 816 235 51 1849
10156 1843 216 51 1849
10085 1850 212 51 1849
719 824 224 51 1849
660 1144 222 51 1849
10097 1843 211 52 1850
10031 1853 212 52 1850
10085 1851 219 52 1850
358 1 223 52 1850
660 1145 225 52 1850
10154 1844 212 53 1851
358 2 227 53 1851
636 547 233 53 1851
587 1150 224 54 1852
569 1153 225 54 1852
10031 1855 235 54 1852
306 86 223 54 1852
358 3 224 54 1852
636 548 221 54 1852
655 412 221 55 1853
10031 1856 229 55 1853
306 87 221 55 1853
358 4 223 55 1853
103 1168 223 55 1853
657 282 245 55 1853
636 549 222 55 1853
10154 1847 215 56 1854
80 1165 246 56 1854
10154 1848 211 57 1855
80 1166 248 57 1855
10085 1856 213 57 1855
536 1167 228 58 1856
10154 1849 216 58 1856
80 1167 231 58 1856
532 365 221 58 1856
358 7 242 58 1856
450 1162 228 58 1856
10106 1854 215 59 1857
536 1168 222 59 1857
10154 1850 218 59 1857
772 38 221 59 1857
10085 1858 218 59 1857
358 8 224 59 1857
190 3 221 60 1858
284 1167 229 60 1858
239 244 221 60 1858
10095 1851 212 60 1858
254 994 222 60 1858
571 277 227 60 1858
497 1163 233 60 1858
597 592 224 61 1859
586 1166 221 61 1859
279 527 224 61 1859
28 114 231 61 1859
708 179 223 61 1859
536 1171 221 62 1860
10154 1853 216 62 1860
10085 1861 215 62 1860
10154 1854 211 63 1861
713 230 223 63 1861
268 1054 231 63 1861
724 1168 222 63 1861
10085 1862 211 63 1861
469 552 225 63 1861
119 1 224 63 1861
45 828 238 63 1861
419 1152 222 64 1862
10085 1863 211 64 1862
45 829 246 64 1862
720 1136 222 65 1863
10154 1856 211 65 1863
501 224 221 65 1863
45 830 245 65 1863
10154 1857 215 66 1864
430 1074 231 66 1864
45 831 245 66 1864
45 832 223 67 1865
10154 1859 211 68 1866
666 21 225 68 1866
45 833 237 68 1866
10115 1862 211 69 1867
153 1 221 70 1868
