10151 726 224 0 726
397 2 236 0 726
10022 729 216 0 726
10041 725 209 0 726
88 2 224 0 726
10019 728 209 0 726
10017 724 213 0 726
283 3 222 0 726
10049 729 212 1 727
619 3 221 1 727
10151 727 223 1 727
397 3 221 1 727
10022 730 217 1 727
786 3 223 1 727
10041 726 219 1 727
10019 729 209 1 727
10017 725 210 1 727
721 22 221 2 728
10151 728 211 2 728
397 4 237 2 728
484 26 222 2 728
10022 731 216 2 728
786 4 227 2 728
10041 727 213 2 728
10019 730 209 2 728
10017 726 208 2 728
283 5 231 2 728
10049 731 216 3 729
619 5 233 3 729
10151 729 213 3 729
10082 728 209 3 729
397 5 238 3 729
10022 732 224 3 729
786 5 225 3 729
88 5 227 3 729
10041 728 214 3 729
10017 727 210 3 729
555 28 221 3 729
166 8 222 3 729
10049 732 214 4 730
549 28 223 4 730
10151 730 209 4 730
397 6 224 4 730
10022 733 219 4 730
786 6 225 4 730
10041 729 209 4 730
88 6 233 4 730
10017 728 212 4 730
283 7 223 4 730
10049 733 210 5 731
10151 731 207 5 731
397 7 234 5 731
10022 734 222 5 731
786 7 234 5 731
10019 733 206 5 731
10045 734 209 5 731
10022 735 224 6 732
786 8 221 6 732
10041 731 218 6 732
166 11 227 6 732
283 9 230 6 732
10151 733 210 7 733
397 9 223 7 733
10022 736 232 7 733
88 9 224 7 733
10041 732 217 7 733
10019 735 207 7 733
10017 731 210 7 733
166 12 230 7 733
283 10 236 7 733
10152 737 210 7 733
10049 736 209 8 734
10151 734 209 8 734
10022 737 221 8 734
88 10 227 8 734
786 10 233 8 734
10041 733 217 8 734
10017 732 218 8 734
514 8 221 8 734
166 13 233 8 734
283 11 233 8 734
10151 735 215 9 735
397 11 225 9 735
10022 738 223 9 735
10041 734 217 9 735
786 11 225 9 735
10017 733 215 9 735
166 14 227 9 735
10152 739 206 9 735
283 12 239 10 736
10151 736 214 10 736
10022 739 235 10 736
88 12 225 10 736
10041 735 221 10 736
10017 734 224 10 736
166 15 222 10 736
283 13 239 11 737
10151 737 214 11 737
10022 740 231 11 737
10041 736 218 11 737
10017 735 213 11 737
166 16 222 11 737
10152 741 208 11 737
619 14 225 12 738
10151 738 208 12 738
484 36 223 12 738
10022 741 227 12 738
10041 737 219 12 738
786 14 229 12 738
10017 736 221 12 738
283 15 221 13 739
177 49 221 13 739
397 15 234 13 739
10151 739 214 13 739
484 37 223 13 739
10022 742 224 13 739
10041 738 219 13 739
10017 737 221 13 739
166 18 227 13 739
10152 743 206 13 739
10049 742 208 14 740
10151 740 213 14 740
397 16 229 14 740
10022 743 222 14 740
10041 739 212 14 740
10019 742 211 14 740
10017 738 215 14 740
514 14 221 14 740
397 17 224 15 741
10151 741 212 15 741
10022 744 225 15 741
10041 740 208 15 741
10017 739 216 15 741
397 18 224 16 742
10151 742 212 16 742
10022 745 221 16 742
10017 740 214 16 742
166 21 221 16 742
10049 745 208 17 743
397 19 229 17 743
10022 746 220 17 743
10017 741 208 17 743
166 22 227 17 743
10049 746 206 18 744
397 20 229 18 744
10151 744 207 18 744
10022 747 222 18 744
10041 743 212 18 744
10017 742 208 18 744
166 23 226 18 744
10022 748 225 19 745
166 24 225 19 745
10152 749 207 19 745
283 22 222 19 745
397 22 227 20 746
10151 746 209 20 746
10022 749 220 20 746
88 22 222 20 746
786 22 221 20 746
10017 744 214 20 746
166 25 225 20 746
283 23 227 20 746
397 23 223 21 747
10022 750 222 21 747
88 23 223 21 747
10041 746 210 21 747
10017 745 211 21 747
166 26 221 21 747
283 24 225 21 747
397 24 227 22 748
10151 748 210 22 748
10022 751 225 22 748
10017 746 210 22 748
166 27 223 22 748
283 25 223 22 748
397 25 225 23 749
10151 749 213 23 749
10022 752 220 23 749
10017 747 208 23 749
166 28 222 23 749
283 26 224 23 749
10049 752 207 24 750
397 26 225 24 750
10022 753 215 24 750
10017 748 213 24 750
283 27 221 24 750
10049 753 207 25 751
397 27 233 25 751
10151 751 211 25 751
10022 754 211 25 751
10041 750 211 25 751
10019 753 213 25 751
10017 749 208 25 751
166 30 224 25 751
10152 755 207 25 751
721 46 221 26 752
10151 752 209 26 752
10082 751 209 26 752
10022 755 221 26 752
10041 751 208 26 752
10019 754 210 26 752
514 26 221 26 752
10049 755 209 27 753
397 29 239 27 753
10082 752 209 27 753
10022 756 211 27 753
10041 752 217 27 753
10019 755 215 27 753
10017 751 209 27 753
166 32 223 27 753
514 27 225 27 753
10045 756 207 27 753
397 30 234 28 754
10151 754 207 28 754
10082 753 208 28 754
10022 757 209 28 754
10041 753 211 28 754
10019 756 212 28 754
10045 757 208 29 755
397 31 238 29 755
10151 755 211 29 755
10022 758 215 29 755
10041 754 209 29 755
10019 757 209 29 755
10017 753 212 29 755
514 29 223 29 755
397 32 238 30 756
10151 756 208 30 756
10022 759 220 30 756
10041 755 216 30 756
10019 758 213 30 756
10017 754 213 30 756
166 35 221 30 756
397 33 235 31 757
10151 757 207 31 757
10082 756 207 31 757
10022 760 219 31 757
10041 756 211 31 757
10019 759 209 31 757
10017 755 210 31 757
514 31 225 31 757
397 34 233 32 758
10151 758 208 32 758
10022 761 217 32 758
10041 757 217 32 758
10019 760 208 32 758
166 37 222 32 758
514 32 224 32 758
397 35 224 33 759
10082 758 210 33 759
10022 762 215 33 759
10041 758 212 33 759
10019 761 210 33 759
10017 757 208 33 759
514 33 223 33 759
397 36 227 34 760
10082 759 207 34 760
10022 763 212 34 760
10041 759 211 34 760
10019 762 209 34 760
10017 758 208 34 760
514 34 227 35 761
397 37 225 35 761
10082 760 207 35 761
10022 764 219 35 761
10041 760 212 35 761
10019 763 207 35 761
10017 759 208 35 761
166 40 222 35 761
514 35 223 35 761
10022 765 221 36 762
10019 764 212 36 762
10017 760 208 36 762
166 41 221 36 762
619 39 221 37 763
10151 763 211 37 763
397 39 223 37 763
10022 766 222 37 763
10019 765 208 37 763
10017 761 211 37 763
166 42 223 37 763
10152 767 206 38 764
283 40 221 38 764
10151 764 208 38 764
397 40 225 38 764
10022 767 223 38 764
10041 763 212 38 764
10019 766 210 38 764
10017 762 213 38 764
166 43 223 38 764
283 41 223 39 765
619 41 225 39 765
10151 765 206 39 765
397 41 223 39 765
10022 768 225 39 765
10041 764 211 39 765
10017 763 208 39 765
166 44 225 39 765
10152 769 207 40 766
283 42 222 40 766
10049 768 209 40 766
10151 766 210 40 766
10022 769 223 40 766
10019 768 207 40 766
10017 764 213 40 766
166 45 225 40 766
10152 770 208 41 767
397 43 227 41 767
10022 770 222 41 767
10019 769 209 41 767
10017 765 207 41 767
166 46 222 41 767
10049 770 206 42 768
10151 768 207 42 768
397 44 221 42 768
10022 771 223 42 768
10019 770 208 42 768
166 47 223 42 768
514 42 221 42 768
10152 772 209 43 769
10049 771 207 43 769
283 45 221 43 769
10022 772 218 43 769
10041 768 207 43 769
10019 771 207 43 769
10017 767 209 43 769
166 48 223 43 769
10152 773 209 44 770
283 46 224 44 770
10151 770 210 44 770
397 46 224 44 770
10022 773 225 44 770
10041 769 211 44 770
10019 772 207 44 770
10017 768 210 44 770
10049 773 208 45 771
10151 771 208 45 771
397 47 233 45 771
10022 774 225 45 771
88 47 221 45 771
10019 773 213 45 771
10017 769 213 45 771
514 45 227 45 771
283 48 225 46 772
10049 774 207 46 772
10151 772 206 46 772
397 48 239 46 772
10022 775 209 46 772
10041 771 208 46 772
10017 770 208 46 772
166 51 230 46 772
283 49 221 47 773
10049 775 212 47 773
397 49 228 47 773
10022 776 221 47 773
10041 772 210 47 773
10017 771 207 47 773
166 52 225 47 773
514 47 223 47 773
10049 776 210 48 774
397 50 235 48 774
10022 777 225 48 774
10041 773 221 48 774
10017 772 207 48 774
194 68 221 48 774
10151 775 206 49 775
397 51 224 49 775
10022 778 219 49 775
10041 774 213 49 775
667 73 223 49 775
10017 773 210 49 775
551 82 222 50 776
10049 778 208 50 776
10151 776 216 50 776
397 52 237 50 776
10022 779 216 50 776
10017 774 209 50 776
10049 779 210 51 777
10151 777 210 51 777
10022 780 223 51 777
10041 776 217 51 777
10019 779 212 51 777
397 54 233 52 778
10082 777 209 52 778
733 86 224 52 778
10028 779 214 52 778
10019 780 216 52 778
574 77 224 52 778
10045 781 209 53 779
10049 781 209 53 779
397 55 230 53 779
733 87 222 53 779
574 78 225 53 779
10003 779 207 54 780
397 56 237 54 780
10002 628 209 54 780
110 79 223 55 781
397 57 238 55 781
309 79 221 55 781
425 84 235 56 782
397 58 241 56 782
10043 781 209 57 783
397 59 243 57 783
10164 578 212 57 783
574 82 221 57 783
56 27 233 57 783
364 91 229 58 784
10067 780 210 58 784
10123 779 215 58 784
251 85 230 58 784
597 95 227 58 784
397 60 242 58 784
598 94 228 58 784
10128 779 208 58 784
574 83 221 58 784
341 93 235 58 784
10138 779 217 59 785
688 90 233 59 785
397 61 233 59 785
598 95 233 59 785
574 84 224 59 785
4 83 221 59 785
10101 779 217 59 785
10141 778 214 59 785
304 85 227 59 785
397 62 243 60 786
598 96 223 60 786
675 96 226 61 787
397 63 226 61 787
397 64 241 62 788
10106 786 210 62 788
133 105 231 62 788
10154 782 215 62 788
10031 792 212 62 788
10085 790 210 63 789
397 65 226 63 789
10154 783 209 63 789
10156 784 207 63 789
10085 791 208 64 790
10095 783 210 64 790
10129 787 207 64 790
397 66 242 64 790
10154 784 215 64 790
10166 794 212 64 790
10130 782 211 64 790
10036 784 207 64 790
63 79 231 65 791
594 99 221 65 791
10115 786 211 65 791
10095 784 208 65 791
124 85 227 65 791
10111 781 206 65 791
10016 783 207 65 791
10074 784 213 65 791
10143 785 229 65 791
63 80 237 66 792
10161 787 209 66 792
10145 786 217 66 792
10111 782 206 66 792
10016 784 218 66 792
416 96 222 66 792
10073 785 210 66 792
10143 786 239 66 792
63 81 244 67 793
10145 787 214 67 793
396 101 221 67 793
10013 791 208 67 793
10143 787 233 67 793
10059 793 221 67 793
10161 789 213 68 794
10145 788 213 68 794
10015 785 218 68 794
223 99 225 68 794
10016 786 219 68 794
10073 787 211 68 794
10143 788 211 68 794
10059 794 227 68 794
63 83 223 69 795
10161 790 227 69 795
10006 793 217 69 795
254 110 235 69 795
10015 786 212 69 795
456 101 233 69 795
10073 788 216 69 795
10013 793 212 69 795
10143 789 211 69 795
568 103 237 69 795
10059 795 212 69 795
595 89 226 70 796
63 84 223 70 796
10161 791 219 70 796
10006 794 212 70 796
254 111 223 70 796
10015 787 208 70 796
10073 789 207 70 796
10013 794 216 70 796
10143 790 207 70 796
568 104 236 70 796
10059 796 231 71 797
10161 792 218 71 797
254 112 221 71 797
568 105 235 71 797
10059 797 230 72 798
595 91 237 72 798
10161 793 217 72 798
10006 796 214 72 798
254 113 223 72 798
10015 789 210 72 798
456 104 235 72 798
10013 796 220 72 798
10143 792 209 72 798
568 106 227 72 798
10059 798 221 73 799
595 92 223 73 799
10161 794 210 73 799
10006 797 215 73 799
254 114 225 73 799
10073 792 210 73 799
10143 793 207 73 799
10059 799 228 74 800
63 88 221 74 800
595 93 223 74 800
10161 795 234 74 800
10155 797 207 74 800
10015 791 207 74 800
456 106 223 74 800
10073 793 209 74 800
10013 798 210 74 800
10059 800 212 75 801
10161 796 218 75 801
10073 794 207 75 801
10013 799 215 75 801
10059 801 226 76 802
595 95 222 76 802
10161 797 225 76 802
10006 800 217 76 802
10015 793 207 76 802
456 108 225 76 802
10013 800 215 76 802
10059 802 223 77 803
10161 798 224 77 803
10006 801 217 77 803
254 118 224 77 803
456 109 225 77 803
10073 796 208 77 803
10013 801 211 77 803
10143 797 208 77 803
568 111 221 77 803
10059 803 223 78 804
63 92 241 78 804
10015 795 207 78 804
10013 802 228 78 804
10059 804 233 79 805
63 93 236 79 805
254 120 224 79 805
10015 796 208 79 805
456 111 225 79 805
10013 803 227 79 805
10143 799 208 79 805
10059 805 213 80 806
63 94 238 80 806
10161 801 213 80 806
10015 797 207 80 806
456 112 222 80 806
10016 798 208 80 806
10013 804 225 80 806
10143 800 209 80 806
10059 806 223 81 807
63 95 235 81 807
10161 802 212 81 807
10006 805 213 81 807
456 113 221 81 807
10016 799 208 81 807
10013 805 226 81 807
10143 801 208 81 807
568 115 225 81 807
10059 807 222 82 808
63 96 239 82 808
10161 803 215 82 808
10006 806 207 82 808
10013 806 227 82 808
63 97 232 83 809
10059 808 227 83 809
10161 804 211 83 809
10145 803 207 83 809
10015 800 207 83 809
10013 807 224 83 809
568 117 222 84 810
63 98 240 84 810
10059 809 218 84 810
10161 805 215 84 810
10006 808 207 84 810
10013 808 223 84 810
63 99 241 85 811
10059 810 214 85 811
568 118 221 85 811
10161 806 209 85 811
10006 809 211 85 811
254 126 225 85 811
10013 809 221 85 811
63 100 240 86 812
10059 811 225 86 812
10006 810 217 86 812
10013 810 217 86 812
10143 806 208 86 812
568 120 222 87 813
10059 812 211 87 813
63 101 241 87 813
10161 808 223 87 813
10013 811 218 87 813
10059 813 220 88 814
63 102 241 88 814
10161 809 223 88 814
10006 812 216 88 814
10145 808 206 88 814
10015 805 207 88 814
10013 812 225 88 814
10143 808 208 88 814
63 103 237 89 815
10059 814 219 89 815
10013 813 230 89 815
568 123 224 90 816
63 104 240 90 816
10059 815 221 90 816
10161 811 218 90 816
10006 814 213 90 816
10013 814 223 90 816
63 105 240 91 817
568 124 223 91 817
10059 816 226 91 817
10161 812 217 91 817
10006 815 215 91 817
10013 815 223 91 817
63 106 235 92 818
10059 817 218 92 818
568 125 223 92 818
10161 813 218 92 818
10006 816 208 92 818
10015 809 208 92 818
10013 816 221 92 818
63 107 239 93 819
10059 818 217 93 819
10006 817 213 93 819
10013 817 224 93 819
63 108 243 94 820
10059 819 230 94 820
10161 815 217 94 820
254 135 222 94 820
10013 818 213 94 820
63 109 237 95 821
10059 820 222 95 821
254 136 222 95 821
10161 816 215 95 821
10015 812 212 95 821
10073 814 207 95 821
10013 819 212 95 821
10143 815 208 95 821
63 110 248 96 822
10059 821 219 96 822
568 129 221 96 822
254 137 221 96 822
10161 817 210 96 822
10006 820 207 96 822
10015 813 209 96 822
10073 815 208 96 822
10013 820 210 96 822
10143 816 208 96 822
63 111 243 97 823
10059 822 223 97 823
595 116 223 97 823
10161 818 209 97 823
254 138 225 97 823
10006 821 209 97 823
10013 821 212 97 823
63 112 241 98 824
10059 823 227 98 824
10161 819 214 98 824
10006 822 209 98 824
456 130 229 98 824
568 132 224 99 825
63 113 251 99 825
10059 824 229 99 825
10161 820 220 99 825
254 140 221 99 825
10013 823 206 99 825
63 114 235 100 826
10059 825 227 100 826
10161 821 209 100 826
10073 819 212 100 826
10013 824 216 100 826
10143 820 208 100 826
63 115 236 101 827
10059 826 227 101 827
10161 822 217 101 827
10015 818 208 101 827
10073 820 213 101 827
10013 825 211 101 827
10143 821 209 101 827
63 116 228 102 828
10059 827 226 102 828
10161 823 215 102 828
10006 826 213 102 828
10073 821 211 102 828
10143 822 207 102 828
63 117 240 103 829
568 136 226 103 829
10059 828 226 103 829
10161 824 213 103 829
10073 822 210 103 829
10013 827 208 103 829
63 118 223 104 830
568 137 234 104 830
10059 829 233 104 830
595 123 233 104 830
10161 825 228 104 830
10006 828 220 104 830
456 136 232 104 830
10073 823 210 104 830
63 119 227 105 831
10059 830 227 105 831
10161 826 227 105 831
254 146 225 105 831
10015 822 210 105 831
10013 829 218 105 831
10143 825 212 105 831
63 120 226 106 832
10059 831 223 106 832
10161 827 211 106 832
254 147 221 106 832
10013 830 213 106 832
10143 826 207 106 832
10059 832 225 107 833
568 140 227 107 833
10006 831 209 107 833
10016 825 207 107 833
10073 826 212 107 833
10013 831 213 107 833
10143 827 216 107 833
63 122 230 108 834
10059 833 228 108 834
568 141 235 108 834
10161 829 208 108 834
10145 828 208 108 834
254 149 222 108 834
10059 834 217 109 835
10161 830 214 109 835
10006 833 209 109 835
10013 833 210 109 835
63 124 221 110 836
10059 835 226 110 836
568 143 243 110 836
10161 831 215 110 836
10013 834 213 110 836
568 144 246 111 837
10059 836 221 111 837
63 125 233 111 837
10161 832 213 111 837
10006 835 209 111 837
10015 828 208 111 837
10013 835 209 111 837
568 145 246 112 838
10059 837 226 112 838
10161 833 211 112 838
10006 836 210 112 838
10013 836 209 112 838
568 146 243 113 839
10059 838 221 113 839
63 127 232 113 839
10013 837 209 113 839
568 147 241 114 840
10059 839 227 114 840
63 128 227 114 840
10161 835 217 114 840
10155 837 205 114 840
10006 838 207 114 840
10013 838 210 114 840
10143 834 208 114 840
568 148 231 115 841
10059 840 227 115 841
63 129 223 115 841
10161 836 215 115 841
10006 839 210 115 841
10013 839 216 115 841
568 149 254 115 841
10059 841 227 116 842
63 130 231 116 842
10161 837 223 116 842
10073 835 208 116 842
10013 840 217 116 842
568 150 250 116 842
10059 842 229 117 843
63 131 233 117 843
10161 838 225 117 843
10006 841 218 117 843
10015 834 208 117 843
10016 835 208 117 843
568 151 241 117 843
10059 843 223 118 844
63 132 221 118 844
10006 842 208 118 844
10145 838 207 118 844
456 150 222 118 844
10013 842 221 118 844
10143 838 210 118 844
568 152 237 118 844
10059 844 211 119 845
63 133 221 119 845
10161 840 209 119 845
10073 838 209 119 845
10013 843 215 119 845
568 153 240 119 845
10059 845 221 120 846
63 134 228 120 846
10161 841 220 120 846
10006 844 212 120 846
10073 839 207 120 846
10013 844 208 120 846
568 154 237 120 846
10059 846 236 121 847
10161 842 209 121 847
10006 845 207 121 847
10015 838 211 121 847
10073 840 206 121 847
10013 845 219 121 847
10143 841 210 121 847
568 155 225 121 847
10059 847 227 122 848
10161 843 213 122 848
10015 839 208 122 848
10013 846 216 122 848
568 156 227 122 848
10059 848 219 123 849
10161 844 210 123 849
10006 847 209 123 849
10013 847 207 123 849
568 157 221 123 849
10059 849 223 124 850
10161 845 220 124 850
10006 848 208 124 850
10015 841 207 124 850
10013 848 213 124 850
568 158 233 124 850
10059 850 231 124 850
10013 849 215 125 851
568 159 237 125 851
10059 851 215 125 851
63 140 223 126 852
10161 847 211 126 852
10006 850 207 126 852
10016 844 207 126 852
10073 845 209 126 852
10013 850 211 126 852
10143 846 208 126 852
568 160 246 126 852
10059 852 225 126 852
63 141 237 127 853
10161 848 221 127 853
10006 851 213 127 853
10015 844 206 127 853
10013 851 210 127 853
568 161 238 127 853
10059 853 225 127 853
63 142 223 128 854
10161 849 215 128 854
10006 852 206 128 854
10013 852 217 128 854
568 162 237 128 854
10059 854 222 128 854
10013 853 213 129 855
568 163 239 129 855
10059 855 227 129 855
10161 851 215 130 856
10015 847 209 130 856
10073 849 206 130 856
10013 854 217 130 856
568 164 237 130 856
10059 856 225 130 856
63 145 227 130 856
10161 852 214 131 857
10015 848 209 131 857
10013 855 214 131 857
568 165 246 131 857
10059 857 219 131 857
63 146 224 131 857
10161 853 217 132 858
10006 856 212 132 858
10015 849 207 132 858
10013 856 214 132 858
568 166 247 132 858
10059 858 223 132 858
63 147 231 132 858
10161 854 216 133 859
10006 857 211 133 859
10013 857 207 133 859
568 167 241 133 859
10059 859 219 133 859
63 148 230 134 860
10161 855 219 134 860
10006 858 208 134 860
10013 858 209 134 860
10059 860 213 135 861
63 149 235 135 861
10161 856 211 135 861
10013 859 209 135 861
10059 861 220 135 861
63 150 234 136 862
10161 857 216 136 862
10006 860 211 136 862
10015 853 207 136 862
10073 855 207 136 862
10013 860 208 136 862
568 170 221 136 862
10059 862 222 136 862
63 151 232 137 863
10161 858 220 137 863
10006 861 215 137 863
10016 855 207 137 863
568 171 221 137 863
10059 863 219 137 863
63 152 247 138 864
10161 859 219 138 864
10006 862 214 138 864
254 179 226 138 864
10015 855 207 138 864
10013 862 214 138 864
568 172 221 138 864
10059 864 221 138 864
63 153 241 139 865
10161 860 219 139 865
10006 863 216 139 865
10015 856 212 139 865
10013 863 210 139 865
10059 865 227 139 865
63 154 237 139 865
10161 861 208 140 866
10073 859 207 140 866
10013 864 210 140 866
568 174 228 140 866
10059 866 218 140 866
63 155 223 141 867
10006 865 213 141 867
10015 858 211 141 867
10073 860 208 141 867
10013 865 211 141 867
568 175 233 141 867
10059 867 215 141 867
63 156 247 142 868
10161 863 214 142 868
10006 866 209 142 868
10015 859 210 142 868
10073 861 209 142 868
10013 866 209 142 868
10143 862 208 142 868
568 176 231 142 868
10059 868 228 142 868
63 157 241 143 869
10161 864 218 143 869
10006 867 208 143 869
10073 862 207 143 869
10013 867 209 143 869
10059 869 227 143 869
63 158 244 144 870
10161 865 212 144 870
10006 868 212 144 870
10143 864 206 144 870
568 178 221 144 870
10059 870 226 145 871
63 159 246 145 871
10161 866 214 145 871
10006 869 215 145 871
10015 862 208 145 871
254 7 223 145 871
10143 865 209 145 871
568 179 235 145 871
10059 871 225 146 872
63 160 245 146 872
10161 867 219 146 872
10006 870 212 146 872
10145 866 208 146 872
10015 863 211 146 872
254 8 221 146 872
10013 870 208 146 872
10059 872 217 147 873
10161 868 213 147 873
10016 865 207 147 873
10013 871 207 147 873
10143 867 210 147 873
568 181 227 147 873
10059 873 225 147 873
63 162 240 148 874
10161 869 216 148 874
10006 872 207 148 874
10013 872 212 148 874
10059 874 216 148 874
63 163 237 149 875
10161 870 217 149 875
10006 873 211 149 875
10015 866 211 149 875
10013 873 212 149 875
568 183 223 149 875
10059 875 227 149 875
10161 871 214 150 876
10006 874 212 150 876
10073 869 206 150 876
10013 874 219 150 876
568 184 221 150 876
10161 872 207 151 877
10013 875 210 151 877
10143 871 208 151 877
10059 877 230 151 877
10161 873 213 152 878
10006 876 211 152 878
10073 871 207 152 878
10059 878 225 152 878
10161 874 210 153 879
10006 877 207 153 879
254 15 223 153 879
10073 872 210 153 879
10143 873 209 153 879
568 187 222 153 879
10059 879 230 153 879
63 168 225 154 880
10161 875 220 154 880
10006 878 213 154 880
254 16 223 154 880
10073 873 207 154 880
10013 878 212 154 880
10143 874 207 154 880
568 188 221 154 880
10059 880 217 154 880
63 169 229 155 881
10161 876 210 155 881
10006 879 217 155 881
254 17 221 155 881
10073 874 207 155 881
10143 875 207 155 881
568 189 231 155 881
10059 881 226 155 881
63 170 223 156 882
10161 877 218 156 882
10006 880 217 156 882
10073 875 210 156 882
10013 880 212 156 882
10059 882 227 156 882
10161 878 217 157 883
10006 881 214 157 883
10145 877 207 157 883
10015 874 208 157 883
10073 876 211 157 883
10013 881 210 157 883
568 191 225 157 883
10059 883 221 157 883
10161 879 211 158 884
10006 882 219 158 884
10016 876 206 158 884
10013 882 217 158 884
568 192 224 158 884
10059 884 219 158 884
63 173 225 159 885
10161 880 212 159 885
10006 883 219 159 885
10015 876 208 159 885
10013 883 213 159 885
568 193 225 159 885
10059 885 223 159 885
10161 881 214 160 886
10006 884 218 160 886
254 22 221 160 886
10073 879 210 160 886
10143 880 208 160 886
568 194 229 160 886
10059 886 228 160 886
10161 882 215 161 887
10013 885 212 161 887
568 195 223 161 887
10059 887 215 161 887
10161 883 210 162 888
10006 886 209 162 888
10073 881 209 162 888
10013 886 209 162 888
10059 888 229 162 888
63 177 223 163 889
10161 884 211 163 889
10006 887 211 163 889
10145 883 207 163 889
10015 880 210 163 889
10013 887 207 163 889
10059 889 231 163 889
10161 885 216 164 890
10145 884 210 164 890
568 198 223 164 890
10059 890 228 164 890
63 179 223 165 891
10161 886 211 165 891
10006 889 210 165 891
10145 885 210 165 891
10013 889 209 165 891
568 199 223 165 891
10059 891 231 165 891
63 180 222 166 892
10161 887 211 166 892
10006 890 210 166 892
10145 886 212 166 892
10015 883 209 166 892
10013 890 214 166 892
568 200 227 166 892
10059 892 217 166 892
10145 887 207 167 893
10073 886 209 167 893
10013 891 209 167 893
568 201 233 167 893
10073 887 209 168 894
10013 892 210 168 894
568 202 231 168 894
10059 894 217 168 894
10161 890 207 169 895
10006 893 209 169 895
10145 889 209 169 895
568 203 225 169 895
10059 895 223 169 895
10161 891 223 170 896
10145 890 209 170 896
10015 887 209 170 896
568 204 227 170 896
10059 896 221 170 896
10161 892 223 171 897
10006 895 210 171 897
10145 891 210 171 897
10015 888 208 171 897
10013 895 211 171 897
10143 891 206 171 897
568 205 221 171 897
10059 897 220 171 897
10161 893 221 172 898
10006 896 208 172 898
10145 892 209 172 898
10015 889 209 172 898
10013 896 206 172 898
568 206 229 172 898
10059 898 223 172 898
63 187 221 173 899
10161 894 221 173 899
10006 897 213 173 899
10015 890 208 173 899
10059 899 221 173 899
10161 895 208 174 900
10006 898 209 174 900
10013 898 212 174 900
10143 894 209 174 900
10059 900 215 174 900
10161 896 209 175 901
10006 899 211 175 901
10073 894 209 175 901
10013 899 213 175 901
10143 895 207 175 901
10059 901 220 175 901
10161 897 208 176 902
10006 900 211 176 902
10073 895 207 176 902
10013 900 213 176 902
568 210 222 176 902
10059 902 221 176 902
10161 898 209 177 903
10006 901 210 177 903
10073 896 208 177 903
10013 901 212 177 903
10143 897 208 177 903
568 211 221 177 903
10059 903 223 177 903
10161 899 208 178 904
10006 902 211 178 904
10073 897 208 178 904
10013 902 213 178 904
10143 898 208 178 904
10059 904 221 178 904
10006 903 210 179 905
10073 898 207 179 905
10013 903 218 179 905
10143 899 211 179 905
568 213 225 179 905
10059 905 227 179 905
10161 901 214 180 906
10006 904 215 180 906
10013 904 219 180 906
10059 906 209 180 906
63 195 223 180 906
10161 902 215 181 907
10145 901 208 181 907
10013 905 219 181 907
10059 907 215 181 907
63 196 223 181 907
10161 903 208 182 908
10006 906 209 182 908
10145 902 207 182 908
10013 906 213 182 908
10059 908 219 182 908
63 197 222 182 908
10161 904 207 183 909
10006 907 207 183 909
10013 907 218 183 909
595 203 222 183 909
10059 909 214 183 909
63 198 223 183 909
10161 905 208 184 910
10006 908 208 184 910
10145 904 210 184 910
10073 903 208 184 910
10013 908 216 184 910
568 218 225 184 910
10059 910 212 184 910
10161 906 209 185 911
568 219 227 185 911
10059 911 212 185 911
568 220 223 186 912
10059 912 211 186 912
10161 908 206 187 913
568 221 225 187 913
10059 913 212 187 913
568 222 224 188 914
10059 914 217 188 914
10161 910 208 189 915
10013 913 216 189 915
568 223 223 189 915
10059 915 213 189 915
10013 914 213 190 916
568 224 222 190 916
10059 916 212 190 916
63 205 222 190 916
10013 915 210 191 917
568 225 221 191 917
63 206 231 191 917
10161 913 208 192 918
10013 916 211 192 918
568 226 231 192 918
10059 918 210 192 918
63 207 223 192 918
10161 914 207 193 919
10006 917 207 193 919
10013 917 209 193 919
568 227 231 193 919
10059 919 216 193 919
10013 918 209 194 920
568 228 229 194 920
10059 921 217 195 921
10059 922 209 196 922
10059 925 209 199 925
10059 926 208 200 926
10013 925 209 201 927
10059 929 211 203 929
10059 930 212 204 930
10059 931 210 205 931
10059 932 210 206 932
10059 933 211 207 933
10059 934 211 208 934
10013 933 206 209 935
10059 935 214 209 935
10059 936 212 210 936
10059 937 210 211 937
10059 938 209 212 938
10059 939 206 213 939
10013 938 207 214 940
10059 940 212 214 940
10013 939 209 215 941
10059 941 209 215 941
10059 942 209 216 942
10059 944 206 218 944
10059 945 208 219 945
10013 945 207 221 947
10059 949 209 223 949
10059 950 210 224 950
10059 951 209 225 951
10013 950 209 226 952
10059 952 212 226 952
10013 951 211 227 953
10013 952 210 228 954
10059 954 209 228 954
10161 950 207 228 954
10013 953 206 229 955
10059 955 206 229 955
10059 957 208 231 957
10059 958 212 232 958
10059 959 213 233 959
10059 960 213 234 960
10059 961 213 235 961
10059 962 212 236 962
63 251 221 236 962
10059 963 212 237 963
10059 964 213 238 964
10059 965 214 239 965
10059 968 207 242 968
10013 968 207 244 970
10059 970 207 244 970
10161 966 206 244 970
10015 963 206 246 972
10013 970 207 246 972
10059 972 208 246 972
10015 964 207 247 973
10013 971 207 247 973
10013 972 208 248 974
10059 974 211 248 974
10161 970 211 248 974
10059 978 210 252 978
10059 979 213 253 979
10059 980 207 254 980
10059 982 206 256 982
10059 984 212 258 984
568 292 227 258 984
568 293 222 259 985
10059 986 212 260 986
568 294 225 260 986
10059 987 210 261 987
568 295 223 261 987
10059 988 213 262 988
568 296 224 262 988
10059 989 213 263 989
568 297 225 263 989
10059 990 210 264 990
568 298 225 264 990
63 279 222 264 990
10059 995 206 269 995
10059 997 207 271 997
63 289 221 274 1000
63 297 222 282 1008
63 298 223 283 1009
10059 1011 207 285 1011
10059 1012 206 286 1012
10059 1013 207 287 1013
10059 1014 218 288 1014
10006 1013 210 288 1014
10013 1013 208 289 1015
10059 1015 211 289 1015
568 329 224 295 1021
10106 1020 209 296 1022
277 35 227 298 1024
10101 1019 210 299 1025
10169 1027 209 299 1025
10138 1020 215 299 1025
10028 1032 209 305 1031
10151 1032 211 306 1032
10022 1035 217 306 1032
10041 1031 207 306 1032
437 296 224 306 1032
661 192 227 306 1032
10151 1033 208 307 1033
10022 1036 210 307 1033
10022 1060 207 331 1057
10022 1064 212 335 1061
10022 1065 206 336 1062
10022 1066 212 337 1063
10151 1064 207 338 1064
10022 1067 211 338 1064
424 379 221 338 1064
10022 1068 210 339 1065
10022 1069 210 340 1066
10022 1070 208 341 1067
424 382 221 341 1067
10022 1071 209 342 1068
10151 1069 207 343 1069
10022 1072 208 343 1069
10022 1073 207 344 1070
10022 1075 207 346 1072
10041 1071 206 346 1072
10022 1076 207 347 1073
10022 1077 208 348 1074
424 391 221 350 1076
10151 1077 207 351 1077
10022 1080 219 351 1077
10022 1085 209 356 1082
10022 1087 207 358 1084
10022 1088 207 359 1085
10022 1089 206 360 1086
10151 1088 206 362 1088
10151 1095 208 369 1095
10022 1098 210 369 1095
10022 1100 209 371 1097
10022 1101 207 372 1098
10022 1102 206 373 1099
10022 1104 210 375 1101
10022 1106 206 377 1103
10022 1107 206 378 1104
10022 1108 211 379 1105
10022 1109 210 380 1106
10022 1110 207 381 1107
10041 1107 207 382 1108
10022 1112 207 383 1109
10041 1108 207 383 1109
10151 1110 210 384 1110
10022 1113 208 384 1110
10151 1111 208 385 1111
10022 1114 207 385 1111
10022 1115 213 386 1112
10151 1114 207 388 1114
10022 1117 210 388 1114
10022 1118 209 389 1115
10022 1119 209 390 1116
10022 1120 208 391 1117
10022 1121 209 392 1118
10022 1122 209 393 1119
10022 1123 209 394 1120
10022 1124 210 395 1121
10022 1125 208 396 1122
10022 1126 211 397 1123
10022 1127 207 398 1124
661 284 221 399 1125
10022 1128 207 399 1125
10022 1130 207 401 1127
10022 1131 207 402 1128
10022 1132 211 403 1129
10041 1128 208 403 1129
10022 1140 207 411 1137
10022 1142 209 413 1139
10022 1143 208 414 1140
10022 1144 210 415 1141
10022 1145 210 416 1142
10022 1146 209 417 1143
10022 1148 211 419 1145
10022 1149 207 420 1146
10022 1150 211 421 1147
10022 1151 209 422 1148
10022 1152 209 423 1149
10022 1153 207 424 1150
10022 1155 208 426 1152
10022 1158 207 429 1155
10022 1159 208 430 1156
10022 1160 209 431 1157
10041 1156 208 431 1157
10022 1161 209 432 1158
10041 1157 208 432 1158
10022 1163 212 434 1160
10022 1164 212 435 1161
10022 1165 214 436 1162
21 140 221 437 1163
10022 1166 210 437 1163
10022 1167 207 438 1164
10022 1168 214 439 1165
10022 1169 211 440 1166
10022 1170 210 441 1167
10022 1171 212 442 1168
10022 1172 208 443 1169
10022 1173 209 444 1170
10022 1174 215 445 1171
10041 1170 209 445 1171
10022 1175 219 446 1172
10041 1171 208 446 1172
10022 1176 219 447 1173
10041 1172 209 447 1173
10022 1177 219 448 1174
10041 1173 210 448 1174
10022 1178 208 449 1175
10022 1179 207 450 1176
10151 1180 209 454 1180
10022 1183 207 454 1180
10022 1184 213 455 1181
10041 1180 208 455 1181
10022 1187 211 458 1184
10049 1187 207 459 1185
10041 1184 210 459 1185
10022 1189 214 460 1186
397 463 221 460 1186
10022 1190 212 461 1187
10022 1191 213 462 1188
10022 1192 211 463 1189
10041 1188 207 463 1189
10022 1193 210 464 1190
10041 1189 207 464 1190
10022 1194 208 465 1191
10041 1190 207 465 1191
10022 1195 213 466 1192
10022 1196 211 467 1193
10022 1197 211 468 1194
10022 1198 211 469 1195
10041 1194 209 469 1195
10022 1199 208 470 1196
10041 1195 208 470 1196
10022 1200 209 471 1197
10022 1201 209 472 1198
10041 1198 208 473 1199
10022 1204 211 475 1201
10022 1208 213 479 1205
10022 1209 210 480 1206
10022 1210 208 481 1207
10022 1218 210 489 1215
10022 1219 209 490 1216
10022 1232 208 503 1229
10041 1229 210 504 1230
10041 1230 208 505 1231
10022 1235 209 506 1232
483 550 222 506 1232
10022 1236 208 507 1233
10022 1237 212 508 1234
10041 1233 210 508 1234
10022 1238 209 509 1235
10022 1239 210 510 1236
10022 1240 209 511 1237
10041 1236 207 511 1237
10022 1241 207 512 1238
10022 1242 209 513 1239
10041 1238 207 513 1239
10022 1243 209 514 1240
10041 1239 209 514 1240
10022 1244 209 515 1241
10041 1240 209 515 1241
10022 1246 207 517 1243
10022 1247 209 518 1244
10022 1248 208 519 1245
10022 1250 212 521 1247
424 562 223 522 1248
10022 1251 221 522 1248
244 550 222 522 1248
244 551 236 523 1249
244 553 221 525 1251
10019 1253 209 525 1251
10045 1254 208 525 1251
244 555 226 527 1253
244 556 234 528 1254
244 557 227 529 1255
10091 1254 208 529 1255
244 560 229 532 1258
10061 1263 209 532 1258
10169 1260 208 532 1258
10050 1263 213 533 1259
244 561 229 533 1259
568 69 221 534 1260
244 564 225 536 1262
10106 1261 209 537 1263
10076 1260 221 537 1263
10106 1262 213 538 1264
10018 592 209 539 1265
10098 1262 208 539 1265
708 5 227 539 1265
244 567 223 539 1265
206 540 228 540 1266
10098 1264 216 541 1267
10018 595 211 542 1268
10098 1265 208 542 1268
229 582 227 542 1268
10106 1267 209 543 1269
431 283 227 543 1269
475 100 226 544 1270
10018 597 207 544 1270
10098 1267 211 544 1270
595 264 225 545 1271
10018 598 212 545 1271
720 544 221 545 1271
10018 599 212 546 1272
17 295 231 546 1272
10018 600 215 547 1273
10098 1270 209 547 1273
416 577 223 547 1273
10018 601 219 548 1274
10018 602 208 549 1275
10098 1272 213 549 1275
713 580 225 550 1276
679 168 225 556 1282
10055 1283 207 557 1283
10055 1284 206 558 1284
10055 1286 206 560 1286
59 498 236 563 1289
59 499 229 564 1290
59 500 229 565 1291
10055 1292 208 566 1292
59 501 227 566 1292
10173 1290 207 568 1294
59 505 228 570 1296
59 506 230 571 1297
59 507 233 572 1298
59 508 232 573 1299
59 509 229 574 1300
59 510 232 575 1301
59 511 231 576 1302
59 512 232 577 1303
59 513 232 578 1304
59 514 234 579 1305
59 515 234 580 1306
59 516 233 581 1307
59 517 234 582 1308
59 518 235 583 1309
59 519 236 584 1310
59 520 236 585 1311
59 521 237 586 1312
59 522 227 587 1313
10106 1312 210 588 1314
10018 642 209 589 1315
49 492 222 590 1316
10018 643 211 590 1316
10018 644 210 591 1317
10055 1320 210 594 1320
10055 1322 213 596 1322
59 531 227 596 1322
10055 1323 212 597 1323
10018 650 208 597 1323
59 532 221 597 1323
10055 1324 210 598 1324
59 533 222 598 1324
172 633 221 598 1324
10055 1325 209 599 1325
59 534 223 599 1325
10055 1326 207 600 1326
59 535 225 600 1326
10055 1327 208 601 1327
10076 1324 207 601 1327
236 631 221 602 1328
10031 1333 207 603 1329
236 633 234 604 1330
10130 1323 212 605 1331
10016 1324 208 606 1332
10036 1326 207 606 1332
10115 1328 209 607 1333
10111 1323 210 607 1333
10107 743 209 607 1333
10036 1327 208 607 1333
10115 1329 209 608 1334
10111 1324 211 608 1334
10036 1328 219 608 1334
10115 1330 211 609 1335
563 645 223 609 1335
10036 1329 207 609 1335
356 321 221 609 1335
563 646 231 610 1336
10111 1326 210 610 1336
10016 1328 211 610 1336
10074 1329 208 610 1336
10036 1330 219 610 1336
356 322 227 610 1336
563 647 226 611 1337
10016 1329 209 611 1337
10143 1331 208 611 1337
10036 1331 210 611 1337
356 323 222 611 1337
10130 1330 211 612 1338
236 642 225 613 1339
297 581 226 614 1340
10059 1340 205 614 1340
762 4 225 615 1341
10016 1333 216 615 1341
10143 1335 208 615 1341
783 633 223 616 1342
349 644 223 616 1342
10016 1334 213 616 1342
10016 1335 210 617 1343
48 636 221 617 1343
349 646 224 618 1344
648 365 221 618 1344
10016 1336 217 618 1344
349 647 221 619 1345
10016 1337 211 619 1345
10014 1338 211 619 1345
153 13 228 620 1346
349 648 225 620 1346
10154 1340 209 620 1346
10166 1350 206 620 1346
10116 1337 207 621 1347
10130 1339 221 621 1347
349 650 222 622 1348
349 651 223 623 1349
349 653 226 625 1351
349 654 233 626 1352
10101 1346 210 626 1352
349 656 244 628 1354
10043 1353 209 629 1355
349 658 221 630 1356
349 659 236 631 1357
349 660 222 632 1358
349 661 225 633 1359
10072 1362 210 633 1359
10019 1362 210 634 1360
10072 1364 209 635 1361
10028 1362 207 635 1361
10033 1365 213 640 1366
10100 1358 207 641 1367
349 669 223 641 1367
10033 1366 208 641 1367
10128 1364 209 643 1369
765 237 221 643 1369
10138 1364 212 644 1370
349 673 226 645 1371
349 674 224 646 1372
10138 1366 208 646 1372
502 36 227 646 1372
10128 1367 209 646 1372
349 675 239 647 1373
10138 1367 206 647 1373
707 627 224 648 1374
349 677 221 649 1375
707 628 221 649 1375
349 678 239 650 1376
349 679 232 651 1377
10123 1372 208 651 1377
349 681 223 653 1379
10100 1372 207 654 1380
10033 1380 208 655 1381
67 625 236 656 1382
10086 1384 220 657 1383
10033 1382 208 657 1383
10086 1385 221 658 1384
67 627 230 658 1384
10086 1386 221 659 1385
10086 1387 218 660 1386
10033 1385 208 660 1386
10086 1388 222 661 1387
10086 1389 216 662 1388
10086 1390 216 663 1389
10033 1388 207 663 1389
10033 1390 212 665 1391
10033 1391 213 666 1392
10033 1392 213 667 1393
10033 1393 213 668 1394
10086 1397 209 670 1396
17 420 226 671 1397
10086 1398 209 671 1397
10033 1397 210 672 1398
17 422 224 673 1399
10086 1400 213 673 1399
17 423 221 674 1400
10086 1401 209 674 1400
10033 1399 207 674 1400
10086 1402 211 675 1401
10033 1400 206 675 1401
10086 1403 208 676 1402
10086 1404 207 677 1403
10086 1405 208 678 1404
10086 1406 207 679 1405
10086 1408 212 681 1407
10086 1409 211 682 1408
10086 1410 209 683 1409
10086 1411 209 684 1410
10086 1412 211 685 1411
10086 1415 208 688 1414
10086 1417 219 690 1416
10033 1415 207 690 1416
10086 1418 215 691 1417
10086 1419 214 692 1418
10086 1420 219 693 1419
10086 1421 213 694 1420
10086 1422 217 695 1421
10086 1423 221 696 1422
10086 1424 211 697 1423
10086 1425 222 698 1424
10033 1423 207 698 1424
10086 1426 225 699 1425
10086 1427 225 700 1426
10086 1428 221 701 1427
10086 1429 219 702 1428
10086 1430 221 703 1429
10086 1431 225 704 1430
10033 1429 206 704 1430
10086 1432 223 705 1431
10086 1433 224 706 1432
10086 1434 223 707 1433
10086 1435 219 708 1434
10086 1436 217 709 1435
10033 1434 212 709 1435
10086 1437 211 710 1436
10033 1435 212 710 1436
10086 1438 221 711 1437
10033 1436 211 711 1437
10086 1439 216 712 1438
10086 1440 217 713 1439
10086 1441 220 714 1440
10086 1442 221 715 1441
10086 1443 217 716 1442
10086 1444 218 717 1443
10086 1445 219 718 1444
10086 1446 222 719 1445
10086 1447 219 720 1446
10086 1448 223 721 1447
10086 1449 219 722 1448
10086 1450 219 723 1449
10086 1451 219 724 1450
10086 1452 221 725 1451
10086 1453 223 726 1452
10086 1454 225 727 1453
10033 1452 208 727 1453
10086 1455 223 728 1454
10086 1456 223 729 1455
10086 1457 221 730 1456
10033 1455 208 730 1456
10086 1458 225 731 1457
10086 1459 227 732 1458
10033 1457 208 732 1458
10086 1460 227 733 1459
10033 1458 210 733 1459
10086 1461 231 734 1460
10033 1459 208 734 1460
10086 1462 231 735 1461
10086 1463 227 736 1462
10033 1461 207 736 1462
10086 1464 228 737 1463
10033 1462 209 737 1463
10086 1465 227 738 1464
10086 1466 227 739 1465
10086 1467 221 740 1466
10033 1465 207 740 1466
10086 1468 221 741 1467
10086 1469 215 742 1468
10086 1470 209 743 1469
10086 1471 210 744 1470
10086 1472 208 745 1471
10086 1473 217 746 1472
10086 1474 208 747 1473
10086 1475 219 748 1474
10086 1476 217 749 1475
10086 1477 222 750 1476
10086 1478 210 751 1477
10086 1479 220 752 1478
10086 1480 215 753 1479
10086 1481 211 754 1480
10086 1482 208 755 1481
10086 1483 221 756 1482
10086 1484 221 757 1483
10086 1485 220 758 1484
10086 1486 223 759 1485
10086 1488 207 761 1487
10086 1489 207 762 1488
10086 1490 210 763 1489
10086 1491 207 764 1490
10086 1494 207 767 1493
10086 1496 214 769 1495
10086 1497 207 770 1496
10086 1498 210 771 1497
10086 1499 216 772 1498
10086 1500 223 773 1499
10086 1501 223 774 1500
10086 1502 223 775 1501
10086 1503 222 776 1502
10033 1501 209 776 1502
10086 1504 221 777 1503
10033 1502 208 777 1503
10086 1505 221 778 1504
10033 1503 207 778 1504
10086 1506 221 779 1505
10086 1507 213 780 1506
10086 1508 222 781 1507
10086 1509 217 782 1508
10086 1510 227 783 1509
10086 1511 224 784 1510
10086 1512 225 785 1511
10086 1513 223 786 1512
10086 1514 223 787 1513
10086 1515 222 788 1514
10086 1516 223 789 1515
10086 1517 228 790 1516
10086 1518 221 791 1517
10033 1516 207 791 1517
10086 1519 230 792 1518
10033 1517 209 792 1518
10086 1520 219 793 1519
10086 1521 221 794 1520
10086 1522 207 795 1521
10086 1523 223 796 1522
10086 1524 220 797 1523
10086 1525 222 798 1524
10086 1526 221 799 1525
10086 1527 225 800 1526
10086 1528 220 801 1527
10086 1529 222 802 1528
10086 1530 224 803 1529
10086 1531 223 804 1530
10086 1532 211 805 1531
10086 1533 212 806 1532
10086 1534 223 807 1533
10086 1535 223 808 1534
10086 1536 223 809 1535
10086 1537 224 810 1536
10086 1538 223 811 1537
10086 1539 225 812 1538
10086 1540 227 813 1539
10086 1541 221 814 1540
10086 1542 222 815 1541
10033 1540 208 815 1541
10086 1543 216 816 1542
10086 1544 213 817 1543
10086 1545 211 818 1544
10086 1546 222 819 1545
10086 1547 219 820 1546
10086 1548 216 821 1547
10086 1549 218 822 1548
10086 1550 214 823 1549
10086 1552 209 825 1551
10086 1553 219 826 1552
10086 1555 208 828 1554
10086 1557 213 830 1556
10086 1558 219 831 1557
10086 1559 222 832 1558
10033 1557 207 832 1558
10086 1560 215 833 1559
10086 1562 212 835 1561
10086 1563 212 836 1562
10086 1564 214 837 1563
10086 1565 218 838 1564
10086 1566 213 839 1565
10086 1567 212 840 1566
10086 1568 213 841 1567
10086 1569 210 842 1568
10086 1570 212 843 1569
10086 1572 218 845 1571
10086 1573 213 846 1572
10086 1574 219 847 1573
10086 1575 217 848 1574
10086 1576 211 849 1575
10033 1574 207 849 1575
10086 1577 227 850 1576
10086 1578 227 851 1577
10033 1576 207 851 1577
10086 1579 227 852 1578
10033 1577 209 852 1578
10086 1580 224 853 1579
10086 1581 227 854 1580
10086 1582 224 855 1581
10086 1583 226 856 1582
10086 1584 218 857 1583
10086 1585 225 858 1584
10086 1586 224 859 1585
10086 1587 220 860 1586
10086 1588 219 861 1587
10086 1589 222 862 1588
10086 1590 216 863 1589
10086 1591 216 864 1590
10086 1592 221 865 1591
10086 1593 217 866 1592
10086 1594 215 867 1593
10086 1595 217 868 1594
10086 1596 214 869 1595
10086 1597 214 870 1596
10086 1598 207 871 1597
10086 1600 214 873 1599
10086 1601 214 874 1600
10033 1599 207 874 1600
10086 1602 218 875 1601
10086 1603 207 876 1602
10086 1604 212 877 1603
10086 1605 213 878 1604
10086 1606 222 879 1605
10086 1607 217 880 1606
10086 1608 225 881 1607
10086 1609 226 882 1608
10086 1610 226 883 1609
10033 1608 207 883 1609
10086 1611 227 884 1610
10086 1612 227 885 1611
10033 1610 207 885 1611
10086 1614 227 887 1613
10033 1612 219 887 1613
292 312 221 887 1613
10033 1613 210 888 1614
10086 1616 210 889 1615
10033 1614 216 889 1615
67 859 227 890 1616
416 60 233 891 1617
682 927 223 892 1618
10138 1613 207 893 1619
203 46 229 893 1619
535 255 223 893 1619
10101 1613 211 893 1619
10169 1621 207 893 1619
578 477 232 894 1620
10138 1614 208 894 1620
10141 1613 210 894 1620
532 131 226 895 1621
277 124 233 899 1625
277 125 233 900 1626
277 126 232 901 1627
10131 1620 208 906 1632
10131 1621 212 907 1633
244 935 231 907 1633
244 936 227 908 1634
286 937 228 908 1634
10114 1629 212 909 1635
244 937 227 909 1635
206 910 227 910 1636
10125 1628 209 911 1637
10105 1626 213 911 1637
10112 1627 214 912 1638
10112 1628 213 913 1639
286 942 222 913 1639
644 37 224 914 1640
10112 1629 210 914 1640
286 943 222 914 1640
10105 1629 215 914 1640
286 944 223 915 1641
10105 1630 211 915 1641
286 945 227 916 1642
10105 1631 217 916 1642
10105 1632 212 917 1643
10105 1633 214 918 1644
10125 1636 206 919 1645
10105 1634 209 919 1645
10112 1635 208 920 1646
10105 1635 219 920 1646
644 44 221 921 1647
10125 1638 206 921 1647
10105 1636 217 921 1647
10112 1637 209 922 1648
10105 1637 218 922 1648
10112 1638 215 923 1649
10125 1640 206 923 1649
10105 1639 214 924 1650
286 954 224 925 1651
286 955 225 926 1652
10105 1641 207 926 1652
644 50 221 927 1653
371 78 229 927 1653
10125 1645 209 928 1654
371 79 221 928 1654
206 929 221 929 1655
10112 1644 212 929 1655
10125 1646 207 929 1655
286 959 228 930 1656
286 960 227 931 1657
10125 1648 210 931 1657
10105 1646 207 931 1657
10112 1647 208 932 1658
213 2 228 932 1658
286 961 227 932 1658
286 962 225 933 1659
10125 1650 208 933 1659
644 57 223 934 1660
286 963 221 934 1660
10105 1649 209 934 1660
286 964 221 935 1661
10105 1650 212 935 1661
286 965 228 936 1662
10125 1653 210 936 1662
10105 1651 207 936 1662
286 966 235 937 1663
10125 1654 210 937 1663
371 88 221 937 1663
10125 1655 208 938 1664
10125 1657 213 940 1666
10125 1658 208 941 1667
10125 1659 209 942 1668
10125 1660 211 943 1669
10125 1661 219 944 1670
10112 1661 212 946 1672
10125 1663 211 946 1672
10125 1664 207 947 1673
10105 1662 210 947 1673
206 948 221 948 1674
10125 1667 211 950 1676
10105 1665 210 950 1676
10125 1669 218 952 1678
10105 1667 209 952 1678
10125 1670 220 953 1679
10105 1668 208 953 1679
10125 1671 217 954 1680
10125 1672 211 955 1681
10105 1671 221 956 1682
10112 1672 210 957 1683
10125 1674 222 957 1683
10125 1675 225 958 1684
10125 1676 224 959 1685
10112 1675 207 960 1686
10125 1678 213 961 1687
10125 1679 210 962 1688
10105 1677 207 962 1688
10125 1680 217 963 1689
10105 1678 208 963 1689
10125 1681 217 964 1690
286 994 221 965 1691
10125 1682 223 965 1691
10105 1680 207 965 1691
286 995 228 966 1692
10125 1683 216 966 1692
286 996 225 967 1693
10125 1684 209 967 1693
10125 1685 212 968 1694
10125 1686 213 969 1695
10112 1685 208 970 1696
10105 1685 209 970 1696
10112 1686 208 971 1697
10125 1688 208 971 1697
10112 1687 207 972 1698
10125 1689 208 972 1698
10105 1687 208 972 1698
10125 1690 209 973 1699
10112 1689 207 974 1700
10105 1689 218 974 1700
10112 1690 213 975 1701
10112 1691 209 976 1702
10105 1691 210 976 1702
10112 1692 209 977 1703
10125 1694 213 977 1703
358 671 223 977 1703
10104 1692 209 978 1704
206 978 226 978 1704
10148 1700 211 978 1704
10131 1695 215 981 1707
10131 1696 223 982 1708
10131 1697 213 983 1709
10131 1698 211 984 1710
206 985 225 985 1711
10131 1699 222 985 1711
10131 1700 211 986 1712
10131 1701 217 987 1713
10131 1702 209 988 1714
10131 1703 209 989 1715
10131 1704 208 990 1716
10131 1705 210 991 1717
10131 1706 210 992 1718
10127 1708 209 992 1718
10131 1707 209 993 1719
206 994 223 994 1720
10131 1708 221 994 1720
10127 1710 209 994 1720
244 1022 229 994 1720
358 688 223 994 1720
10108 1711 217 994 1720
206 995 229 995 1721
10131 1709 225 995 1721
10127 1711 209 995 1721
244 1023 239 995 1721
10108 1712 209 995 1721
206 996 230 996 1722
10131 1710 221 996 1722
244 1 225 996 1722
10108 1713 209 996 1722
10137 1712 207 997 1723
206 997 224 997 1723
10131 1711 220 997 1723
10127 1713 209 997 1723
244 2 231 997 1723
10108 1714 209 997 1723
672 83 225 998 1724
206 998 225 998 1724
10131 1712 220 998 1724
10127 1714 207 998 1724
244 3 222 998 1724
10108 1715 211 998 1724
10131 1713 218 999 1725
244 4 222 999 1725
358 693 221 999 1725
10108 1716 212 999 1725
206 1000 223 1000 1726
10131 1714 222 1000 1726
286 1029 221 1000 1726
371 151 225 1000 1726
244 5 224 1000 1726
10108 1717 213 1000 1726
10125 1717 207 1000 1726
213 71 224 1001 1727
644 28 226 1001 1727
10131 1715 219 1001 1727
10127 1717 206 1001 1727
10108 1718 209 1001 1727
644 29 225 1002 1728
10131 1716 219 1002 1728
10127 1718 207 1002 1728
371 153 231 1002 1728
244 7 226 1002 1728
206 1003 223 1003 1729
644 30 227 1003 1729
10131 1717 224 1003 1729
244 8 229 1003 1729
644 31 221 1004 1730
10131 1718 213 1004 1730
244 9 223 1004 1730
644 32 229 1005 1731
10131 1719 217 1005 1731
10127 1721 207 1005 1731
10108 1722 209 1005 1731
644 33 225 1006 1732
10131 1720 216 1006 1732
244 11 228 1006 1732
10108 1723 209 1006 1732
644 34 225 1007 1733
10131 1721 221 1007 1733
244 12 229 1007 1733
10108 1724 213 1007 1733
10137 1723 207 1008 1734
644 35 225 1008 1734
10131 1722 223 1008 1734
244 13 225 1008 1734
286 1037 222 1008 1734
10108 1725 208 1008 1734
644 36 226 1009 1735
10131 1723 221 1009 1735
244 14 221 1009 1735
286 1038 221 1009 1735
10108 1726 211 1009 1735
10131 1724 223 1010 1736
244 15 221 1010 1736
10108 1727 208 1010 1736
644 38 223 1011 1737
10131 1725 223 1011 1737
10127 1727 207 1011 1737
10108 1728 209 1011 1737
10131 1726 210 1012 1738
371 163 224 1012 1738
10108 1729 210 1012 1738
10131 1727 214 1013 1739
244 18 223 1013 1739
10108 1730 210 1013 1739
644 41 221 1014 1740
10131 1728 217 1014 1740
244 19 231 1014 1740
10131 1729 218 1015 1741
244 20 234 1015 1741
10108 1732 207 1015 1741
644 43 223 1016 1742
10131 1730 218 1016 1742
244 21 231 1016 1742
644 44 226 1017 1743
10131 1731 221 1017 1743
244 22 224 1017 1743
10108 1734 208 1017 1743
644 45 221 1018 1744
10131 1732 221 1018 1744
244 23 224 1018 1744
10108 1735 207 1018 1744
206 1019 222 1019 1745
644 46 225 1019 1745
10131 1733 224 1019 1745
244 24 222 1019 1745
644 47 221 1020 1746
10131 1734 221 1020 1746
244 25 227 1020 1746
10108 1737 207 1020 1746
372 101 223 1021 1747
10131 1735 219 1021 1747
244 26 227 1021 1747
10108 1738 210 1021 1747
644 49 225 1022 1748
10131 1736 221 1022 1748
244 27 221 1022 1748
10108 1739 207 1022 1748
10131 1737 219 1023 1749
10108 1740 210 1023 1749
644 51 222 1024 1750
10131 1738 220 1024 1750
10108 1741 209 1024 1750
644 52 231 1025 1751
10131 1739 221 1025 1751
10108 1742 208 1025 1751
644 53 230 1026 1752
10131 1740 224 1026 1752
244 31 223 1026 1752
644 54 229 1027 1753
10131 1741 223 1027 1753
244 32 227 1027 1753
644 55 229 1028 1754
10131 1742 223 1028 1754
244 33 227 1028 1754
644 56 231 1029 1755
10131 1743 225 1029 1755
244 34 231 1029 1755
10108 1746 216 1029 1755
10131 1744 221 1030 1756
244 35 231 1030 1756
10108 1747 216 1030 1756
672 116 223 1031 1757
10131 1745 227 1031 1757
10108 1748 220 1031 1757
371 182 222 1032 1758
10131 1746 223 1032 1758
10127 1748 207 1032 1758
358 726 222 1032 1758
10108 1749 215 1032 1758
672 118 226 1033 1759
10131 1747 231 1033 1759
10108 1750 214 1034 1760
10131 1748 225 1034 1760
206 1035 221 1035 1761
10131 1749 213 1035 1761
244 40 221 1035 1761
10125 1752 207 1036 1762
10108 1752 213 1036 1762
206 1036 225 1036 1762
10131 1750 225 1036 1762
10108 1753 208 1037 1763
644 64 227 1037 1763
10131 1751 219 1037 1763
244 1 222 1037 1763
10108 1754 211 1038 1764
10131 1752 221 1038 1764
244 2 222 1038 1764
10108 1755 208 1038 1764
10131 1753 225 1039 1765
10127 1755 208 1039 1765
10108 1756 212 1039 1765
371 190 231 1039 1765
10131 1754 222 1040 1766
244 4 226 1040 1766
10127 1756 208 1040 1766
10108 1757 210 1040 1766
10131 1755 223 1041 1767
244 5 223 1041 1767
10127 1757 207 1041 1767
10108 1758 211 1042 1768
10131 1756 217 1042 1768
10127 1758 208 1042 1768
10108 1759 208 1043 1769
10131 1757 221 1043 1769
244 7 225 1043 1769
10127 1759 209 1043 1769
371 194 221 1044 1770
10108 1760 218 1044 1770
10137 1759 208 1044 1770
10131 1758 221 1044 1770
244 8 240 1044 1770
10127 1760 208 1044 1770
10108 1761 210 1045 1771
10131 1759 213 1045 1771
244 9 223 1045 1771
10131 1760 210 1046 1772
244 10 223 1046 1772
10131 1761 221 1047 1773
244 11 243 1047 1773
10127 1763 206 1047 1773
10108 1764 207 1047 1773
10131 1762 223 1048 1774
244 12 239 1048 1774
10108 1765 208 1048 1774
10131 1763 223 1049 1775
244 13 226 1049 1775
10108 1766 213 1049 1775
10131 1764 224 1050 1776
10108 1767 211 1050 1776
10131 1765 223 1051 1777
244 15 224 1051 1777
10108 1768 213 1051 1777
10131 1766 219 1052 1778
244 16 225 1052 1778
10127 1768 207 1052 1778
10131 1767 209 1053 1779
244 17 225 1053 1779
10108 1770 213 1053 1779
10131 1768 218 1054 1780
244 18 229 1054 1780
10127 1770 208 1054 1780
10108 1771 219 1054 1780
372 135 224 1055 1781
10131 1769 225 1055 1781
10127 1771 209 1055 1781
371 206 221 1055 1781
10108 1772 210 1055 1781
10131 1770 227 1056 1782
10127 1772 209 1056 1782
10108 1773 208 1057 1783
10137 1772 207 1057 1783
10131 1771 225 1057 1783
672 2 244 1057 1783
244 21 224 1057 1783
10108 1774 216 1057 1783
10137 1773 207 1058 1784
10131 1772 229 1058 1784
672 3 244 1058 1784
10108 1775 213 1058 1784
372 139 223 1059 1785
10131 1773 231 1059 1785
672 4 235 1059 1785
244 23 227 1059 1785
10108 1776 216 1059 1785
10131 1774 225 1060 1786
672 5 244 1060 1786
10127 1776 208 1060 1786
10108 1777 211 1060 1786
10137 1776 207 1061 1787
206 1061 223 1061 1787
10131 1775 223 1061 1787
672 6 248 1061 1787
244 25 226 1061 1787
10108 1778 213 1061 1787
10137 1777 207 1062 1788
206 1062 227 1062 1788
10131 1776 225 1062 1788
672 7 249 1062 1788
244 26 225 1062 1788
10108 1779 213 1062 1788
10137 1778 207 1063 1789
10131 1777 226 1063 1789
672 8 239 1063 1789
10108 1780 214 1063 1789
213 134 222 1064 1790
206 1064 221 1064 1790
10131 1778 213 1064 1790
672 9 221 1064 1790
10108 1781 221 1064 1790
10137 1780 208 1065 1791
10131 1779 221 1065 1791
672 10 223 1065 1791
358 759 221 1065 1791
10108 1782 219 1065 1791
10131 1780 218 1066 1792
244 30 224 1066 1792
10108 1783 219 1066 1792
10131 1781 218 1067 1793
672 12 222 1067 1793
244 31 223 1067 1793
10108 1784 211 1067 1793
10131 1782 226 1068 1794
10127 1784 211 1068 1794
10108 1785 213 1068 1794
10137 1784 209 1069 1795
10131 1783 229 1069 1795
10127 1785 207 1069 1795
244 33 231 1069 1795
10108 1786 210 1070 1796
10137 1785 208 1070 1796
10131 1784 225 1070 1796
244 34 237 1070 1796
10108 1787 215 1070 1796
206 1071 222 1071 1797
10131 1785 229 1071 1797
10127 1787 208 1071 1797
10108 1788 208 1071 1797
644 99 223 1072 1798
10131 1786 229 1072 1798
10127 1788 208 1072 1798
371 223 223 1072 1798
10108 1789 211 1072 1798
10137 1788 207 1073 1799
644 100 223 1073 1799
10131 1787 225 1073 1799
244 37 228 1073 1799
358 767 222 1073 1799
10108 1790 210 1074 1800
10137 1789 209 1074 1800
10131 1788 225 1074 1800
244 38 239 1074 1800
10108 1791 214 1074 1800
644 102 221 1075 1801
206 1075 221 1075 1801
10131 1789 223 1075 1801
244 39 237 1075 1801
10127 1791 210 1075 1801
465 4 235 1075 1801
286 1104 221 1075 1801
371 226 221 1075 1801
372 156 223 1076 1802
644 103 225 1076 1802
10131 1790 227 1076 1802
244 40 229 1076 1802
371 227 225 1076 1802
10108 1793 208 1076 1802
206 1077 223 1077 1803
10131 1791 233 1077 1803
672 22 221 1077 1803
244 41 230 1077 1803
465 6 225 1077 1803
371 228 226 1077 1803
644 105 233 1078 1804
206 1078 227 1078 1804
10131 1792 233 1078 1804
672 23 229 1078 1804
244 42 223 1078 1804
10108 1795 212 1078 1804
10131 1793 225 1079 1805
10127 1795 208 1079 1805
10108 1796 212 1079 1805
213 150 221 1080 1806
644 107 229 1080 1806
10131 1794 225 1080 1806
244 44 237 1080 1806
10127 1796 219 1080 1806
465 9 228 1080 1806
358 774 231 1080 1806
371 231 223 1080 1806
286 1109 227 1080 1806
10108 1797 209 1080 1806
206 1081 222 1081 1807
10131 1795 224 1081 1807
244 45 241 1081 1807
10127 1797 218 1081 1807
286 1110 221 1081 1807
10108 1798 211 1081 1807
644 109 224 1082 1808
10131 1796 225 1082 1808
10127 1798 215 1082 1808
244 46 244 1082 1808
286 1111 224 1082 1808
644 110 223 1083 1809
10131 1797 225 1083 1809
672 28 222 1083 1809
10127 1799 213 1083 1809
244 47 237 1083 1809
465 12 227 1083 1809
371 234 221 1083 1809
10108 1800 210 1083 1809
213 154 223 1084 1810
10131 1798 220 1084 1810
10127 1800 210 1084 1810
244 48 235 1084 1810
465 13 224 1084 1810
371 235 223 1084 1810
10131 1799 225 1085 1811
10127 1801 212 1085 1811
244 49 235 1085 1811
10108 1802 212 1085 1811
372 166 221 1086 1812
10131 1800 225 1086 1812
672 31 222 1086 1812
10127 1802 212 1086 1812
244 50 242 1086 1812
465 15 224 1086 1812
371 237 222 1086 1812
286 1115 227 1086 1812
10108 1803 212 1086 1812
213 157 224 1087 1813
644 114 221 1087 1813
10131 1801 227 1087 1813
10127 1803 212 1087 1813
465 16 221 1087 1813
244 51 240 1087 1813
286 1116 223 1088 1814
644 115 221 1088 1814
10131 1802 225 1088 1814
465 17 225 1088 1814
10127 1804 210 1088 1814
244 52 241 1088 1814
358 782 233 1088 1814
10108 1805 207 1089 1815
286 1117 223 1089 1815
10131 1803 226 1089 1815
10127 1805 209 1089 1815
244 53 246 1089 1815
358 783 221 1089 1815
10108 1806 211 1089 1815
10137 1805 207 1090 1816
10131 1804 217 1090 1816
465 19 223 1090 1816
244 54 236 1090 1816
10108 1807 209 1090 1816
372 171 225 1091 1817
10131 1805 227 1091 1817
10127 1807 213 1091 1817
244 55 240 1091 1817
10108 1808 209 1091 1817
372 172 225 1092 1818
10131 1806 225 1092 1818
206 1092 223 1092 1818
672 37 221 1092 1818
10127 1808 213 1092 1818
244 56 243 1092 1818
358 786 224 1092 1818
286 1121 223 1092 1818
10108 1809 218 1092 1818
372 173 221 1093 1819
10137 1808 206 1093 1819
644 120 223 1093 1819
10131 1807 227 1093 1819
244 57 237 1093 1819
10125 1810 207 1093 1819
10108 1810 210 1093 1819
286 1122 221 1093 1819
10137 1809 207 1094 1820
644 121 224 1094 1820
10131 1808 219 1094 1820
206 1094 221 1094 1820
465 23 221 1094 1820
286 1123 232 1094 1820
372 175 222 1095 1821
644 122 225 1095 1821
10131 1809 235 1095 1821
206 1095 221 1095 1821
10127 1811 207 1095 1821
244 59 235 1095 1821
286 1124 224 1096 1822
10131 1810 230 1096 1822
244 60 221 1096 1822
10108 1813 209 1097 1823
10137 1812 207 1097 1823
10131 1811 235 1097 1823
206 1097 227 1097 1823
286 1126 227 1098 1824
10108 1814 210 1098 1824
213 168 221 1098 1824
10137 1813 211 1098 1824
10131 1812 235 1098 1824
206 1098 223 1098 1824
244 62 228 1098 1824
10137 1814 210 1099 1825
10131 1813 237 1099 1825
206 1099 221 1099 1825
465 28 222 1099 1825
244 63 232 1099 1825
286 1128 222 1100 1826
10125 1816 208 1100 1826
10108 1816 211 1100 1826
10137 1815 208 1100 1826
10131 1814 239 1100 1826
206 1100 227 1100 1826
244 64 233 1100 1826
286 1129 221 1101 1827
10125 1817 208 1101 1827
644 128 225 1101 1827
206 1101 229 1101 1827
10131 1815 239 1101 1827
244 65 238 1101 1827
10108 1818 210 1102 1828
644 129 234 1102 1828
10131 1816 223 1102 1828
244 66 239 1102 1828
286 1131 225 1103 1829
372 183 221 1103 1829
10137 1818 206 1103 1829
644 130 227 1103 1829
10131 1817 220 1103 1829
244 67 228 1103 1829
10108 1820 212 1104 1830
10131 1818 221 1104 1830
10131 1819 222 1105 1831
10108 1822 209 1106 1832
10131 1820 222 1106 1832
206 1106 223 1106 1832
244 70 230 1106 1832
644 134 232 1107 1833
10131 1821 220 1107 1833
206 1107 221 1107 1833
10127 1823 208 1107 1833
244 71 223 1107 1833
10131 1822 217 1108 1834
10108 1825 209 1109 1835
10131 1823 227 1109 1835
244 73 223 1109 1835
10108 1826 212 1110 1836
10131 1824 219 1110 1836
358 804 224 1110 1836
10108 1827 208 1111 1837
10131 1825 220 1111 1837
672 56 230 1111 1837
10127 1827 208 1111 1837
465 40 221 1111 1837
244 75 222 1111 1837
358 805 227 1111 1837
371 262 227 1111 1837
10108 1828 212 1112 1838
10131 1826 217 1112 1838
672 57 232 1112 1838
465 41 224 1112 1838
286 1141 222 1113 1839
10108 1829 211 1113 1839
10131 1827 220 1113 1839
672 58 228 1113 1839
465 42 221 1113 1839
358 807 224 1113 1839
286 1142 221 1113 1839
10108 1830 209 1114 1840
644 141 221 1114 1840
10131 1828 225 1114 1840
206 1114 222 1114 1840
672 59 226 1114 1840
10127 1830 217 1114 1840
465 43 229 1114 1840
358 808 226 1114 1840
286 1143 221 1115 1841
10125 1831 209 1115 1841
10108 1831 209 1115 1841
10137 1830 211 1115 1841
10131 1829 219 1115 1841
206 1115 223 1115 1841
672 60 223 1115 1841
10127 1831 218 1115 1841
465 44 231 1115 1841
10108 1832 211 1116 1842
644 143 231 1116 1842
10131 1830 220 1116 1842
672 61 221 1116 1842
244 80 231 1116 1842
286 1145 223 1116 1842
10108 1833 208 1117 1843
644 144 227 1117 1843
206 1117 225 1117 1843
10131 1831 217 1117 1843
10127 1833 211 1117 1843
244 81 221 1117 1843
206 1119 223 1119 1845
244 83 227 1119 1845
206 1120 225 1120 1846
244 84 226 1120 1846
10105 1836 219 1122 1848
10137 1837 209 1122 1848
10112 1837 217 1122 1848
10105 1837 211 1123 1849
10112 1838 213 1123 1849
10105 1838 217 1124 1850
10137 1839 208 1124 1850
10112 1839 223 1124 1850
10146 1841 208 1124 1850
10105 1839 219 1125 1851
10137 1840 208 1125 1851
10112 1840 220 1125 1851
10105 1840 221 1126 1852
10137 1841 207 1126 1852
10112 1841 220 1126 1852
10125 1843 206 1127 1853
10105 1841 220 1127 1853
10137 1842 207 1127 1853
10112 1842 221 1127 1853
784 366 225 1127 1853
10105 1842 210 1128 1854
10137 1843 209 1128 1854
10112 1843 224 1128 1854
10146 1845 212 1128 1854
244 92 222 1128 1854
10105 1843 217 1129 1855
10137 1844 207 1129 1855
10112 1844 213 1129 1855
10146 1846 208 1129 1855
244 93 235 1129 1855
10105 1844 217 1130 1856
10112 1845 219 1130 1856
10146 1847 213 1130 1856
10105 1845 217 1131 1857
10137 1846 209 1131 1857
10112 1846 213 1131 1857
10105 1846 223 1132 1858
10112 1847 216 1132 1858
10105 1847 221 1133 1859
10112 1848 214 1133 1859
10105 1848 221 1134 1860
10112 1849 231 1134 1860
10146 1851 209 1134 1860
10105 1849 221 1135 1861
10112 1850 224 1135 1861
10146 1852 210 1135 1861
784 374 221 1135 1861
244 99 226 1135 1861
10105 1850 219 1136 1862
10112 1851 223 1136 1862
10146 1853 208 1136 1862
10105 1851 219 1137 1863
10112 1852 223 1137 1863
10105 1852 225 1138 1864
10112 1853 223 1138 1864
10105 1853 219 1139 1865
37 828 228 1139 1865
10112 1854 223 1139 1865
244 103 227 1139 1865
655 425 223 1139 1865
10105 1854 216 1140 1866
37 829 233 1140 1866
10112 1855 228 1140 1866
655 426 225 1140 1866
10112 1856 218 1141 1867
10146 1858 210 1141 1867
784 380 222 1141 1867
10105 1856 213 1142 1868
10112 1857 213 1142 1868
10146 1859 211 1142 1868
10112 1858 221 1143 1869
10146 1860 210 1143 1869
244 107 223 1143 1869
248 1157 221 1143 1869
10105 1858 207 1144 1870
37 833 223 1144 1870
10112 1859 225 1144 1870
10105 1859 217 1145 1871
10112 1860 218 1145 1871
589 219 221 1145 1871
244 109 237 1145 1871
10105 1860 210 1146 1872
568 347 235 1146 1872
10112 1861 213 1146 1872
244 110 223 1146 1872
248 1160 223 1146 1872
10105 1861 218 1147 1873
37 836 227 1147 1873
10112 1862 225 1147 1873
244 111 247 1147 1873
10105 1862 219 1148 1874
10112 1863 228 1148 1874
244 112 237 1148 1874
10105 1863 223 1149 1875
10112 1864 225 1149 1875
244 113 233 1149 1875
655 435 227 1149 1875
10105 1864 219 1150 1876
568 351 221 1150 1876
10112 1865 212 1150 1876
244 114 236 1150 1876
655 436 239 1150 1876
554 1183 224 1150 1876
10105 1865 213 1151 1877
10112 1866 225 1151 1877
10105 1866 209 1152 1878
446 296 227 1152 1878
10112 1867 220 1152 1878
10146 1869 214 1152 1878
10105 1867 212 1153 1879
10137 1868 206 1153 1879
568 354 247 1153 1879
10112 1868 231 1153 1879
244 117 225 1153 1879
655 439 221 1153 1879
10105 1868 220 1154 1880
568 355 241 1154 1880
10112 1869 225 1154 1880
10146 1871 210 1154 1880
244 118 227 1154 1880
655 440 227 1154 1880
10125 1871 208 1154 1880
10105 1869 215 1155 1881
10137 1870 208 1155 1881
568 356 241 1155 1881
10112 1870 223 1155 1881
10146 1872 211 1155 1881
244 119 231 1155 1881
10125 1872 208 1156 1882
10105 1870 220 1156 1882
568 357 241 1156 1882
10112 1871 231 1156 1882
244 120 221 1156 1882
655 442 223 1156 1882
10105 1871 219 1157 1883
568 358 239 1157 1883
10112 1872 219 1157 1883
10146 1874 211 1157 1883
244 121 222 1157 1883
10105 1872 221 1157 1883
568 359 225 1158 1884
10112 1873 225 1158 1884
589 232 222 1158 1884
10146 1875 207 1158 1884
10125 1875 210 1158 1884
37 848 225 1159 1885
568 360 223 1159 1885
589 233 221 1159 1885
10112 1874 217 1159 1885
244 123 227 1159 1885
248 1173 224 1159 1885
655 445 234 1159 1885
10105 1874 206 1160 1886
568 361 237 1160 1886
10112 1875 222 1160 1886
244 124 221 1160 1886
248 1174 221 1160 1886
655 446 229 1160 1886
10105 1875 220 1161 1887
37 850 227 1161 1887
568 362 223 1161 1887
10112 1876 225 1161 1887
10146 1878 207 1161 1887
244 125 221 1161 1887
248 1175 221 1161 1887
655 447 224 1161 1887
10105 1876 219 1162 1888
568 363 238 1162 1888
10112 1877 220 1162 1888
10146 1879 208 1162 1888
655 448 225 1162 1888
10125 1879 207 1162 1888
10105 1877 210 1162 1888
568 364 231 1163 1889
10112 1878 210 1163 1889
10146 1880 208 1163 1889
244 127 226 1163 1889
248 1177 222 1163 1889
655 449 222 1163 1889
10125 1880 209 1163 1889
10105 1878 212 1164 1890
446 308 221 1164 1890
568 365 233 1164 1890
10112 1879 212 1164 1890
10146 1881 210 1164 1890
10105 1879 210 1165 1891
10112 1880 223 1165 1891
244 129 222 1165 1891
655 451 227 1165 1891
10105 1880 225 1165 1891
10112 1881 229 1166 1892
10146 1883 208 1166 1892
10105 1881 226 1166 1892
589 241 221 1167 1893
10112 1882 226 1167 1893
10105 1882 224 1167 1893
10112 1883 225 1168 1894
10146 1885 206 1168 1894
244 132 222 1168 1894
10105 1883 221 1168 1894
568 370 240 1169 1895
37 858 228 1169 1895
10112 1884 217 1169 1895
244 133 224 1169 1895
655 455 221 1169 1895
10105 1884 219 1169 1895
37 859 223 1170 1896
10112 1885 218 1170 1896
10146 1887 210 1170 1896
655 456 221 1170 1896
10105 1885 224 1170 1896
10112 1886 218 1171 1897
244 135 234 1171 1897
10105 1886 217 1171 1897
589 246 221 1172 1898
10112 1887 223 1172 1898
10146 1889 207 1172 1898
244 136 233 1172 1898
655 458 226 1172 1898
10105 1887 211 1172 1898
10112 1888 217 1173 1899
244 137 224 1173 1899
655 459 234 1173 1899
10125 1890 208 1173 1899
10105 1888 213 1173 1899
446 318 221 1174 1900
568 375 227 1174 1900
37 863 221 1174 1900
589 248 221 1174 1900
10112 1889 211 1174 1900
244 138 221 1174 1900
10125 1891 208 1174 1900
10105 1889 209 1174 1900
446 319 225 1175 1901
10112 1890 217 1175 1901
10146 1892 209 1175 1901
244 139 227 1175 1901
655 461 221 1175 1901
10105 1890 223 1175 1901
248 5 223 1176 1902
37 865 221 1176 1902
10112 1891 218 1176 1902
244 140 225 1176 1902
655 462 232 1176 1902
10105 1891 222 1176 1902
446 321 226 1177 1903
248 6 221 1177 1903
568 378 243 1177 1903
10112 1892 210 1177 1903
244 141 223 1177 1903
655 463 230 1177 1903
10105 1892 224 1177 1903
568 379 233 1178 1904
10112 1893 218 1178 1904
10146 1895 207 1178 1904
244 142 222 1178 1904
655 464 223 1178 1904
10105 1893 220 1178 1904
568 380 228 1179 1905
10112 1894 218 1179 1905
10105 1894 223 1179 1905
37 869 224 1180 1906
10112 1895 213 1180 1906
244 144 223 1180 1906
655 466 224 1180 1906
10105 1895 218 1180 1906
568 382 224 1181 1907
589 255 221 1181 1907
10112 1896 213 1181 1907
244 145 224 1181 1907
10125 1898 207 1181 1907
10105 1896 219 1181 1907
10112 1897 208 1182 1908
244 146 231 1182 1908
655 468 227 1182 1908
10105 1897 217 1182 1908
568 384 241 1183 1909
10112 1898 211 1183 1909
10146 1900 210 1183 1909
244 147 233 1183 1909
655 469 228 1183 1909
10105 1898 212 1183 1909
10112 1899 214 1184 1910
10146 1901 206 1184 1910
244 148 226 1184 1910
655 470 223 1184 1910
10105 1899 208 1184 1910
248 14 225 1185 1911
568 386 227 1185 1911
37 874 221 1185 1911
10112 1900 219 1185 1911
244 149 223 1185 1911
655 471 225 1185 1911
10105 1900 225 1186 1912
248 15 224 1186 1912
568 387 231 1186 1912
10112 1901 222 1186 1912
655 472 229 1186 1912
10105 1901 211 1187 1913
446 331 227 1187 1913
10112 1902 216 1187 1913
10105 1902 216 1188 1914
446 332 223 1188 1914
37 877 224 1188 1914
568 389 232 1188 1914
10112 1903 220 1188 1914
10125 1905 206 1188 1914
10105 1903 221 1189 1915
248 18 221 1189 1915
568 390 222 1189 1915
10112 1904 225 1189 1915
655 475 222 1189 1915
10105 1904 217 1190 1916
568 391 225 1190 1916
10112 1905 228 1190 1916
655 476 221 1190 1916
10105 1905 214 1190 1916
248 20 227 1191 1917
568 392 227 1191 1917
10112 1906 230 1191 1917
10146 1908 207 1191 1917
10125 1908 207 1191 1917
10105 1906 217 1191 1917
248 21 222 1192 1918
568 393 227 1192 1918
10112 1907 226 1192 1918
10146 1909 212 1192 1918
244 156 222 1192 1918
426 49 221 1192 1918
10105 1907 215 1192 1918
248 22 221 1193 1919
568 394 227 1193 1919
10112 1908 223 1193 1919
10146 1910 209 1193 1919
655 2 221 1193 1919
10125 1910 208 1193 1919
10105 1908 217 1193 1919
568 395 225 1194 1920
10112 1909 227 1194 1920
10146 1911 212 1194 1920
244 158 221 1194 1920
655 3 223 1194 1920
46 1219 230 1194 1920
10105 1909 213 1194 1920
568 396 233 1195 1921
10112 1910 213 1195 1921
10146 1912 206 1195 1921
244 159 233 1195 1921
655 4 225 1195 1921
10125 1912 209 1195 1921
10105 1910 219 1195 1921
248 25 223 1196 1922
568 397 234 1196 1922
10112 1911 225 1196 1922
10146 1913 211 1196 1922
244 160 239 1196 1922
655 5 229 1196 1922
10105 1911 219 1196 1922
248 26 221 1197 1923
568 398 227 1197 1923
37 886 225 1197 1923
10112 1912 222 1197 1923
244 161 224 1197 1923
655 6 227 1197 1923
784 436 225 1197 1923
10105 1912 209 1197 1923
10112 1913 227 1198 1924
10146 1915 208 1198 1924
244 162 223 1198 1924
655 7 225 1198 1924
784 437 224 1198 1924
10105 1913 218 1199 1925
568 400 225 1199 1925
37 888 225 1199 1925
10112 1914 226 1199 1925
10146 1916 210 1199 1925
244 163 235 1199 1925
655 8 227 1199 1925
10105 1914 218 1199 1925
568 401 227 1200 1926
10112 1915 226 1200 1926
244 164 225 1200 1926
655 9 228 1200 1926
10105 1915 222 1200 1926
568 402 227 1201 1927
37 890 223 1201 1927
10112 1916 217 1201 1927
244 165 227 1201 1927
655 10 223 1201 1927
10105 1916 210 1201 1927
568 403 228 1202 1928
10112 1917 225 1202 1928
244 166 228 1202 1928
655 11 224 1202 1928
784 441 221 1202 1928
10105 1917 223 1202 1928
568 404 227 1203 1929
37 892 223 1203 1929
10112 1918 225 1203 1929
10146 1920 209 1203 1929
244 167 232 1203 1929
655 12 222 1203 1929
10125 1920 208 1203 1929
10105 1918 213 1203 1929
568 405 236 1204 1930
589 278 221 1204 1930
10112 1919 219 1204 1930
244 168 234 1204 1930
655 13 232 1204 1930
10105 1919 217 1204 1930
446 349 221 1205 1931
568 406 235 1205 1931
10112 1920 219 1205 1931
655 14 223 1205 1931
244 169 233 1205 1931
10125 1922 208 1205 1931
10105 1920 217 1205 1931
568 407 238 1206 1932
10112 1921 220 1206 1932
655 15 227 1206 1932
244 170 228 1206 1932
10125 1923 207 1206 1932
10105 1921 221 1206 1932
568 408 235 1207 1933
446 351 221 1207 1933
10112 1922 213 1207 1933
244 171 223 1207 1933
655 16 234 1207 1933
10125 1924 209 1207 1933
10105 1922 221 1208 1934
568 409 232 1208 1934
446 352 221 1208 1934
10112 1923 218 1208 1934
244 172 223 1208 1934
10146 1925 209 1208 1934
655 17 233 1208 1934
10125 1925 209 1208 1934
10105 1923 211 1208 1934
446 353 222 1209 1935
568 410 233 1209 1935
10112 1924 220 1209 1935
244 173 231 1209 1935
10146 1926 209 1209 1935
655 18 229 1209 1935
10125 1926 210 1209 1935
10105 1924 222 1210 1936
568 411 234 1210 1936
446 354 221 1210 1936
10137 1925 207 1210 1936
10112 1925 213 1210 1936
10146 1927 208 1210 1936
655 19 230 1210 1936
10125 1927 210 1211 1937
10105 1925 217 1211 1937
568 412 233 1211 1937
446 355 221 1211 1937
10112 1926 224 1211 1937
244 175 226 1211 1937
10146 1928 212 1211 1937
655 20 228 1211 1937
10105 1926 221 1212 1938
568 413 227 1212 1938
10112 1927 223 1212 1938
655 21 229 1212 1938
784 451 221 1212 1938
10105 1927 222 1213 1939
37 902 225 1213 1939
10112 1928 223 1213 1939
244 177 225 1213 1939
655 22 223 1213 1939
10105 1928 218 1214 1940
446 358 224 1214 1940
10112 1929 215 1214 1940
655 23 229 1214 1940
244 178 232 1214 1940
10125 1931 211 1215 1941
10105 1929 214 1215 1941
568 416 231 1215 1941
10112 1930 220 1215 1941
10146 1932 208 1215 1941
655 24 227 1215 1941
244 179 235 1215 1941
10125 1932 207 1215 1941
10105 1930 221 1216 1942
568 417 235 1216 1942
10112 1931 215 1216 1942
655 25 223 1216 1942
244 180 237 1216 1942
10125 1933 209 1216 1942
10105 1931 217 1217 1943
568 418 221 1217 1943
10112 1932 222 1217 1943
655 26 224 1217 1943
244 181 222 1217 1943
10125 1934 209 1217 1943
10105 1932 218 1217 1943
568 419 236 1218 1944
10112 1933 213 1218 1944
244 182 225 1218 1944
10105 1933 216 1218 1944
248 48 223 1219 1945
568 420 233 1219 1945
37 908 223 1219 1945
589 293 223 1219 1945
10112 1934 227 1219 1945
655 28 224 1219 1945
244 183 229 1219 1945
10105 1934 213 1219 1945
568 421 246 1220 1946
10112 1935 222 1220 1946
655 29 227 1220 1946
244 184 227 1220 1946
10105 1935 214 1220 1946
568 422 236 1221 1947
10112 1936 210 1221 1947
244 185 223 1221 1947
10146 1938 208 1221 1947
655 30 225 1221 1947
10125 1938 210 1221 1947
10105 1936 218 1221 1947
568 423 228 1222 1948
10112 1937 212 1222 1948
10146 1939 206 1222 1948
244 186 231 1222 1948
655 31 224 1222 1948
10125 1939 208 1222 1948
10105 1937 221 1222 1948
10112 1938 217 1223 1949
10146 1940 208 1223 1949
244 187 228 1223 1949
655 32 227 1223 1949
37 913 224 1224 1950
568 425 225 1224 1950
10112 1939 226 1224 1950
244 188 230 1224 1950
655 33 227 1224 1950
10105 1939 220 1224 1950
568 426 223 1225 1951
10112 1940 218 1225 1951
244 189 231 1225 1951
655 34 233 1225 1951
10125 1942 207 1225 1951
10105 1940 223 1225 1951
248 55 221 1226 1952
10137 1941 206 1226 1952
10112 1941 218 1226 1952
244 190 231 1226 1952
655 35 234 1226 1952
10105 1941 221 1226 1952
568 428 225 1227 1953
10137 1942 207 1227 1953
10112 1942 218 1227 1953
10146 1944 209 1227 1953
244 191 232 1227 1953
655 36 234 1227 1953
784 466 223 1227 1953
10125 1944 206 1227 1953
10105 1942 212 1227 1953
568 429 227 1228 1954
10112 1943 225 1228 1954
10146 1945 208 1228 1954
244 192 227 1228 1954
655 37 234 1228 1954
10105 1943 219 1228 1954
568 430 229 1229 1955
10112 1944 227 1229 1955
10146 1946 213 1229 1955
244 193 224 1229 1955
655 38 237 1229 1955
10105 1944 210 1229 1955
248 59 222 1230 1956
568 431 233 1230 1956
10112 1945 221 1230 1956
10146 1947 207 1230 1956
244 194 227 1230 1956
655 39 229 1230 1956
10125 1947 209 1230 1956
10105 1945 223 1230 1956
568 432 237 1231 1957
37 920 221 1231 1957
10112 1946 224 1231 1957
244 195 232 1231 1957
10146 1948 209 1231 1957
655 40 226 1231 1957
10105 1946 210 1231 1957
248 61 225 1232 1958
568 433 224 1232 1958
10112 1947 230 1232 1958
244 196 238 1232 1958
655 41 225 1232 1958
10105 1947 213 1232 1958
568 434 224 1233 1959
10112 1948 219 1233 1959
244 197 225 1233 1959
10125 1950 207 1233 1959
10105 1948 222 1233 1959
568 435 243 1234 1960
10112 1949 223 1234 1960
244 198 224 1234 1960
655 43 221 1234 1960
426 91 221 1234 1960
10105 1949 212 1234 1960
568 436 221 1235 1961
10112 1950 219 1235 1961
655 44 227 1235 1961
244 199 233 1235 1961
10105 1950 218 1235 1961
10137 1951 209 1236 1962
589 310 227 1236 1962
10112 1951 220 1236 1962
10146 1953 206 1236 1962
655 45 224 1236 1962
244 200 233 1236 1962
273 830 221 1236 1962
10105 1951 216 1236 1962
37 926 221 1237 1963
568 438 226 1237 1963
10112 1952 223 1237 1963
10146 1954 209 1237 1963
244 201 237 1237 1963
655 46 225 1237 1963
10105 1952 214 1237 1963
37 927 224 1238 1964
568 439 221 1238 1964
10112 1953 231 1238 1964
244 202 237 1238 1964
655 47 221 1238 1964
10105 1953 212 1238 1964
37 928 225 1239 1965
568 440 223 1239 1965
10112 1954 227 1239 1965
244 203 239 1239 1965
655 48 226 1239 1965
10105 1954 212 1239 1965
248 69 221 1240 1966
10137 1955 206 1240 1966
568 441 226 1240 1966
10112 1955 221 1240 1966
10146 1957 211 1240 1966
655 49 223 1240 1966
244 204 233 1240 1966
10105 1955 216 1240 1966
248 70 222 1240 1966
568 442 222 1241 1967
10112 1956 222 1241 1967
10146 1958 208 1241 1967
655 50 233 1241 1967
244 205 230 1241 1967
10105 1956 221 1241 1967
248 71 222 1242 1968
568 443 228 1242 1968
10112 1957 221 1242 1968
10146 1959 212 1242 1968
10105 1957 213 1242 1968
248 72 221 1243 1969
568 444 236 1243 1969
244 207 227 1243 1969
10125 1960 209 1243 1969
10105 1958 217 1243 1969
568 445 238 1244 1970
10112 1959 208 1244 1970
244 208 221 1244 1970
10105 1959 223 1244 1970
568 446 239 1245 1971
10112 1960 221 1245 1971
655 54 223 1245 1971
10105 1960 219 1245 1971
568 447 237 1246 1972
589 320 222 1246 1972
10112 1961 208 1246 1972
655 55 225 1246 1972
10105 1961 214 1246 1972
568 448 239 1247 1973
10112 1962 212 1247 1973
655 56 221 1247 1973
244 211 221 1247 1973
10105 1962 213 1247 1973
568 449 238 1248 1974
10112 1963 206 1248 1974
655 57 227 1248 1974
244 212 226 1248 1974
784 487 227 1248 1974
10105 1963 213 1248 1974
248 78 221 1249 1975
568 450 237 1249 1975
10112 1964 217 1249 1975
10146 1966 206 1249 1975
655 58 227 1249 1975
244 213 223 1249 1975
10125 1966 211 1249 1975
10105 1964 220 1249 1975
37 939 223 1250 1976
568 451 238 1250 1976
10112 1965 218 1250 1976
10146 1967 212 1250 1976
655 59 221 1250 1976
244 214 231 1250 1976
10125 1967 211 1250 1976
10105 1965 221 1250 1976
568 452 233 1251 1977
10112 1966 227 1251 1977
10146 1968 207 1251 1977
655 60 228 1251 1977
244 215 228 1251 1977
10105 1966 221 1251 1977
568 453 231 1252 1978
10112 1967 211 1252 1978
10146 1969 207 1252 1978
244 216 223 1252 1978
10105 1967 219 1252 1978
568 454 240 1253 1979
10112 1968 212 1253 1979
10146 1970 213 1253 1979
655 62 231 1253 1979
244 217 224 1253 1979
784 492 221 1253 1979
10125 1970 210 1253 1979
10105 1968 219 1253 1979
568 455 234 1254 1980
589 328 223 1254 1980
10112 1969 223 1254 1980
10146 1971 211 1254 1980
655 63 221 1254 1980
244 218 224 1254 1980
554 57 221 1254 1980
10125 1971 208 1254 1980
10105 1969 212 1254 1980
248 84 225 1255 1981
568 456 239 1255 1981
10112 1970 231 1255 1981
655 64 225 1255 1981
244 219 222 1255 1981
10125 1972 207 1255 1981
10105 1970 220 1255 1981
37 945 224 1256 1982
568 457 225 1256 1982
589 330 223 1256 1982
10112 1971 224 1256 1982
655 65 227 1256 1982
244 220 222 1256 1982
784 495 221 1256 1982
554 59 221 1256 1982
10105 1971 212 1256 1982
37 946 221 1257 1983
568 458 221 1257 1983
589 331 223 1257 1983
10112 1972 228 1257 1983
10146 1974 208 1257 1983
655 66 224 1257 1983
244 221 225 1257 1983
273 851 221 1257 1983
10125 1974 208 1257 1983
10105 1972 219 1257 1983
37 947 225 1258 1984
568 459 222 1258 1984
10112 1973 227 1258 1984
655 67 222 1258 1984
244 222 227 1258 1984
273 852 223 1258 1984
10125 1975 207 1258 1984
10105 1973 219 1258 1984
248 88 221 1259 1985
37 948 227 1259 1985
568 460 227 1259 1985
589 333 222 1259 1985
10112 1974 221 1259 1985
10146 1976 209 1259 1985
655 68 228 1259 1985
273 853 223 1259 1985
10125 1976 206 1259 1985
10105 1974 213 1259 1985
568 461 224 1260 1986
10112 1975 230 1260 1986
655 69 224 1260 1986
244 224 231 1260 1986
784 499 222 1260 1986
10125 1977 207 1260 1986
10105 1975 219 1260 1986
568 462 235 1261 1987
10112 1976 223 1261 1987
655 70 229 1261 1987
244 225 231 1261 1987
784 500 225 1261 1987
10105 1976 223 1261 1987
248 91 223 1262 1988
568 463 237 1262 1988
10112 1977 225 1262 1988
10146 1979 207 1262 1988
244 226 222 1262 1988
10125 1979 208 1262 1988
10105 1977 224 1262 1988
248 92 223 1263 1989
37 952 224 1263 1989
568 464 247 1263 1989
10112 1978 224 1263 1989
10146 1980 207 1263 1989
655 72 227 1263 1989
244 227 224 1263 1989
10125 1980 210 1263 1989
10105 1978 219 1263 1989
248 93 225 1264 1990
37 953 222 1264 1990
568 465 241 1264 1990
10112 1979 220 1264 1990
10146 1981 208 1264 1990
244 228 225 1264 1990
248 94 222 1265 1991
37 954 224 1265 1991
568 466 231 1265 1991
10112 1980 218 1265 1991
10146 1982 207 1265 1991
244 229 223 1265 1991
784 504 221 1265 1991
10125 1982 208 1265 1991
10105 1980 220 1265 1991
248 95 224 1266 1992
10112 1981 225 1266 1992
655 75 227 1266 1992
244 230 224 1266 1992
10105 1981 215 1266 1992
568 468 239 1267 1993
10112 1982 223 1267 1993
655 76 223 1267 1993
244 231 231 1267 1993
10105 1982 220 1268 1994
568 469 223 1268 1994
10112 1983 221 1268 1994
655 77 233 1268 1994
10105 1983 210 1269 1995
568 470 229 1269 1995
10112 1984 230 1269 1995
10146 1986 211 1269 1995
655 78 232 1269 1995
244 233 226 1269 1995
10137 1985 209 1270 1996
568 471 225 1270 1996
10112 1985 234 1270 1996
655 79 227 1270 1996
244 234 231 1270 1996
10105 1985 218 1271 1997
568 472 239 1271 1997
10112 1986 220 1271 1997
655 80 233 1271 1997
10105 1986 214 1272 1998
568 473 235 1272 1998
10112 1987 212 1272 1998
655 81 221 1272 1998
244 236 229 1272 1998
10125 1989 207 1273 1999
10105 1987 220 1273 1999
248 102 229 1273 1999
37 962 225 1273 1999
568 474 238 1273 1999
10112 1988 223 1273 1999
10146 1990 210 1273 1999
655 82 222 1273 1999
244 237 226 1273 1999
10125 1990 209 1274 2000
10105 1988 223 1274 2000
568 475 238 1274 2000
10112 1989 228 1274 2000
655 83 224 1274 2000
10146 1991 209 1274 2000
244 238 225 1274 2000
10125 1991 208 1275 2001
10105 1989 219 1275 2001
568 476 239 1275 2001
10112 1990 229 1275 2001
10146 1992 206 1275 2001
655 84 223 1275 2001
244 239 227 1275 2001
10105 1990 219 1276 2002
568 477 238 1276 2002
10112 1991 223 1276 2002
10146 1993 208 1276 2002
244 240 225 1276 2002
10125 1993 209 1277 2003
10105 1991 218 1277 2003
568 478 239 1277 2003
10112 1992 217 1277 2003
10146 1994 213 1277 2003
655 86 234 1277 2003
10125 1994 209 1278 2004
10105 1992 225 1278 2004
248 107 222 1278 2004
37 967 221 1278 2004
568 479 239 1278 2004
10112 1993 217 1278 2004
10146 1995 212 1278 2004
655 87 227 1278 2004
10125 1995 208 1279 2005
10105 1993 225 1279 2005
37 968 231 1279 2005
568 480 231 1279 2005
10112 1994 222 1279 2005
10146 1996 208 1279 2005
655 88 226 1279 2005
554 82 221 1279 2005
10125 1996 207 1280 2006
10105 1994 223 1280 2006
37 969 231 1280 2006
568 481 234 1280 2006
10112 1995 224 1280 2006
10146 1997 209 1280 2006
655 89 225 1280 2006
10125 1997 207 1281 2007
10105 1995 225 1281 2007
37 970 233 1281 2007
568 482 228 1281 2007
10112 1996 219 1281 2007
10146 1998 209 1281 2007
655 90 232 1281 2007
244 245 222 1281 2007
10125 1998 212 1282 2008
10105 1996 222 1282 2008
248 111 223 1282 2008
10112 1997 212 1282 2008
10146 1999 211 1282 2008
655 91 225 1282 2008
244 246 224 1282 2008
10105 1997 225 1283 2009
248 112 223 1283 2009
37 972 227 1283 2009
446 427 224 1283 2009
568 484 228 1283 2009
10112 1998 229 1283 2009
655 92 222 1283 2009
784 522 221 1283 2009
10105 1998 211 1284 2010
248 113 222 1284 2010
10137 1999 208 1284 2010
10112 1999 233 1284 2010
10146 2001 210 1284 2010
244 248 232 1284 2010
655 93 229 1284 2010
10125 2001 210 1285 2011
10105 1999 223 1285 2011
446 429 224 1285 2011
10112 2000 235 1285 2011
10146 2002 207 1285 2011
244 249 227 1285 2011
655 94 232 1285 2011
10125 2002 207 1286 2012
10105 2000 209 1286 2012
446 430 221 1286 2012
37 975 222 1286 2012
568 487 233 1286 2012
10112 2001 230 1286 2012
10146 2003 211 1286 2012
244 250 234 1286 2012
554 89 223 1286 2012
655 95 227 1286 2012
273 880 221 1286 2012
10105 2001 208 1287 2013
37 976 224 1287 2013
568 488 240 1287 2013
10112 2002 225 1287 2013
655 96 223 1287 2013
37 977 223 1288 2014
10112 2003 227 1288 2014
244 252 231 1288 2014
554 91 222 1288 2014
655 97 237 1288 2014
10105 2003 219 1289 2015
37 978 221 1289 2015
446 433 223 1289 2015
10137 2004 207 1289 2015
568 490 226 1289 2015
10112 2004 231 1289 2015
784 528 223 1289 2015
10112 2005 217 1290 2016
244 254 228 1290 2016
10105 2005 208 1291 2017
568 492 231 1291 2017
10112 2006 230 1291 2017
244 255 228 1291 2017
10105 2006 217 1292 2018
568 493 235 1292 2018
589 366 222 1292 2018
10112 2007 221 1292 2018
655 101 223 1292 2018
10105 2007 212 1293 2019
10112 2008 217 1293 2019
10146 2010 209 1293 2019
244 257 222 1293 2019
655 102 221 1293 2019
10105 2008 220 1294 2020
568 495 225 1294 2020
10114 2014 211 1294 2020
183 1325 235 1294 2020
10147 2009 207 1294 2020
