10138 717 212 0 725
10062 721 217 0 725
10128 718 212 0 725
105 3 226 0 725
10061 728 217 1 726
219 1 241 1 726
769 1 222 1 726
10062 722 215 1 726
10128 719 225 1 726
219 2 221 2 727
769 2 223 2 727
10123 720 211 2 727
10062 723 218 2 727
10128 720 221 2 727
105 5 221 3 728
219 3 227 3 728
10062 724 215 3 728
10128 721 226 3 728
25 1 233 4 729
219 4 227 4 729
10128 722 227 4 729
10061 732 212 4 729
25 2 229 5 730
219 5 233 5 730
501 4 225 5 730
10062 726 216 5 730
10128 723 225 5 730
25 3 221 6 731
219 6 228 6 731
10062 727 217 6 731
10128 724 225 6 731
219 7 224 7 732
25 4 228 7 732
10062 728 216 7 732
10128 725 223 7 732
25 5 235 8 733
219 8 223 8 733
10062 729 212 8 733
10128 726 218 8 733
10128 727 218 9 734
219 10 230 10 735
10128 728 218 10 735
219 11 221 11 736
10128 729 229 11 736
219 12 233 12 737
501 11 224 12 737
10062 733 215 12 737
10128 730 232 12 737
105 15 223 12 737
10061 740 212 12 737
219 13 239 13 738
501 12 227 13 738
10128 731 215 13 738
105 16 221 13 738
219 14 241 14 739
10138 731 212 14 739
501 13 225 14 739
10062 735 213 14 739
10128 732 219 14 739
219 15 242 15 740
501 14 226 15 740
10062 736 218 15 740
10128 733 215 15 740
25 13 223 16 741
219 16 247 16 741
10062 737 216 16 741
10128 734 225 16 741
219 17 247 17 742
10062 738 220 17 742
10128 735 218 17 742
25 15 222 18 743
10062 739 215 18 743
10128 736 223 18 743
219 19 231 19 744
10062 740 216 19 744
10128 737 225 19 744
219 20 236 20 745
10062 741 216 20 745
10128 738 221 20 745
219 21 237 21 746
10062 742 217 21 746
10128 739 222 21 746
219 22 224 22 747
219 23 227 23 748
10128 741 214 23 748
10128 742 216 24 749
10128 743 212 25 750
10128 744 215 26 751
10128 745 214 27 752
10128 746 212 28 753
10128 747 221 29 754
219 30 238 30 755
10062 751 211 30 755
10128 748 212 30 755
219 31 223 31 756
10128 749 211 31 756
219 32 231 32 757
10128 750 215 32 757
219 33 223 33 758
10128 751 219 33 758
10128 752 214 34 759
10062 756 212 35 760
10128 753 227 35 760
219 36 240 36 761
10128 754 221 36 761
219 37 223 37 762
10062 758 211 37 762
10128 755 223 37 762
25 35 225 38 763
219 38 235 38 763
10062 759 211 38 763
10128 756 223 38 763
105 41 221 39 764
25 36 223 39 764
219 39 231 39 764
10062 760 215 39 764
10128 757 226 39 764
219 40 232 40 765
10062 761 212 40 765
10128 758 222 40 765
219 41 235 41 766
501 40 225 41 766
10062 762 211 41 766
10128 759 221 41 766
219 42 224 42 767
501 41 221 42 767
10062 763 212 42 767
10128 760 225 42 767
219 43 233 43 768
10062 764 211 43 768
10128 761 224 43 768
219 44 231 44 769
10062 765 212 44 769
10128 762 215 44 769
219 45 223 45 770
10062 766 212 45 770
10128 763 220 45 770
219 46 231 46 771
10062 767 211 46 771
10128 764 223 46 771
10128 765 221 47 772
219 48 221 48 773
10062 769 213 48 773
10128 766 215 48 773
10062 770 211 49 774
10128 767 220 49 774
25 47 228 50 775
219 50 229 50 775
10128 768 219 50 775
25 48 222 51 776
10062 772 210 51 776
10128 769 220 51 776
25 49 223 52 777
219 52 223 52 777
10062 773 212 52 777
10128 770 224 52 777
25 50 223 53 778
219 53 224 53 778
10062 774 210 53 778
10128 771 221 53 778
10062 775 211 54 779
10128 772 223 54 779
10062 776 211 55 780
10128 773 221 55 780
10062 777 211 56 781
10128 774 222 56 781
10128 775 218 57 782
25 55 229 58 783
219 58 235 58 783
10138 775 217 58 783
501 57 224 58 783
10062 779 212 58 783
10128 776 235 58 783
25 56 244 59 784
219 59 225 59 784
10138 776 211 59 784
501 58 229 59 784
10062 780 213 59 784
10128 777 224 59 784
25 57 224 60 785
219 60 231 60 785
364 90 223 60 785
10128 778 230 60 785
10061 788 217 61 786
517 84 221 61 786
169 84 227 61 786
105 63 221 61 786
10138 778 220 61 786
660 80 221 61 786
171 46 242 61 786
10065 787 211 61 786
184 87 223 61 786
555 83 221 61 786
325 88 226 61 786
10101 778 219 62 787
66 24 223 62 787
678 70 231 62 787
321 57 221 62 787
10050 789 217 62 787
404 58 221 63 788
596 88 224 63 788
10154 781 221 64 789
10031 791 217 64 789
10085 789 212 65 790
575 92 221 65 790
558 78 224 65 790
233 100 233 65 790
211 95 226 65 790
10154 782 219 65 790
10130 780 221 65 790
10156 783 221 65 790
76 16 223 66 791
10115 784 212 66 791
10111 779 217 66 791
10016 781 213 66 791
151 97 224 66 791
10074 782 216 66 791
10143 783 227 66 791
10036 783 212 67 792
10014 782 211 67 792
10161 785 217 67 792
10145 784 215 67 792
365 85 233 67 792
10016 782 217 67 792
10153 782 218 67 792
516 96 224 67 792
10143 784 223 67 792
232 52 221 67 792
426 72 226 68 793
437 54 224 68 793
10161 786 214 68 793
10155 788 224 68 793
10006 789 216 68 793
10075 783 228 68 793
661 52 224 68 793
10015 782 216 68 793
112 82 226 68 793
384 101 225 68 793
10153 783 216 68 793
405 30 231 68 793
516 97 226 68 793
232 53 229 68 793
139 82 232 69 794
437 55 226 69 794
10075 784 231 69 794
773 24 221 69 794
10167 788 216 69 794
516 98 223 69 794
426 74 223 69 794
10155 790 210 70 795
10075 785 222 70 795
10015 784 211 70 795
10167 789 214 70 795
10153 785 216 70 795
774 104 221 70 795
10143 787 212 70 795
437 57 223 71 796
10155 791 214 71 796
10075 786 224 71 796
10153 786 210 71 796
19 97 221 72 797
139 85 225 72 797
10075 787 222 72 797
12 103 224 72 797
384 105 223 72 797
10153 787 212 72 797
405 34 225 72 797
19 98 221 73 798
10155 793 217 73 798
10075 788 227 73 798
440 98 221 73 798
10073 789 211 73 798
19 99 223 74 799
10155 794 212 74 799
10075 789 218 74 799
661 58 224 74 799
10073 790 212 74 799
405 36 223 74 799
10075 790 219 75 800
10073 791 211 75 800
516 104 221 75 800
10155 796 210 76 801
10075 791 214 76 801
10153 791 211 76 801
384 109 223 76 801
516 105 221 76 801
10143 793 212 76 801
10075 792 216 77 802
661 61 227 77 802
12 108 225 77 802
10153 792 212 77 802
12 109 225 78 803
10153 793 211 78 803
294 106 221 79 804
10075 794 224 79 804
10015 793 211 79 804
10155 800 215 80 805
10075 795 223 80 805
10015 794 213 80 805
294 108 223 81 806
10155 801 212 81 806
641 90 222 81 806
10075 796 231 81 806
10145 798 212 81 806
330 56 221 81 806
10015 795 213 81 806
516 110 224 81 806
10155 802 216 82 807
19 107 223 82 807
10075 797 211 82 807
330 57 224 82 807
661 66 221 82 807
230 91 225 82 807
12 113 225 82 807
10153 797 214 82 807
10073 798 214 82 807
139 96 229 83 808
10155 803 217 83 808
19 108 223 83 808
10075 798 226 83 808
330 58 222 83 808
661 67 221 83 808
12 114 221 83 808
10153 798 213 83 808
426 88 225 83 808
294 111 222 84 809
10155 804 219 84 809
10075 799 227 84 809
330 59 222 84 809
661 68 221 84 809
230 93 221 84 809
10153 799 212 84 809
658 116 223 84 809
516 113 221 84 809
10075 800 215 85 810
230 94 228 85 810
12 116 226 85 810
384 118 226 85 810
658 117 223 85 810
10143 802 215 85 810
774 119 223 85 810
516 114 229 85 810
426 90 222 86 811
657 115 223 86 811
294 113 227 86 811
437 72 224 86 811
139 99 221 86 811
10161 804 212 86 811
10155 806 222 86 811
641 95 222 86 811
19 111 227 86 811
10075 801 235 86 811
330 61 221 86 811
393 110 221 86 811
10015 800 212 86 811
661 70 222 86 811
230 95 231 86 811
10167 805 210 86 811
12 117 233 86 811
10157 804 210 86 811
384 119 225 86 811
10153 801 213 86 811
658 118 221 86 811
350 121 224 86 811
516 115 232 86 811
101 100 221 86 811
426 91 221 86 811
294 114 227 87 812
19 112 223 87 812
10075 802 227 87 812
661 71 221 87 812
10015 801 211 87 812
230 96 223 87 812
10167 806 211 87 812
223 115 222 87 812
384 120 225 87 812
10153 802 215 87 812
10073 803 211 87 812
232 72 223 87 812
10143 804 221 87 812
516 116 234 87 812
426 92 229 88 813
10161 806 211 88 813
10155 808 226 88 813
641 97 221 88 813
10075 803 231 88 813
440 113 225 88 813
661 72 231 88 813
12 119 221 88 813
10153 803 210 88 813
10143 805 215 88 813
101 102 221 88 813
516 117 226 88 813
426 93 221 89 814
294 116 224 89 814
10161 807 213 89 814
10155 809 215 89 814
641 98 223 89 814
10075 804 213 89 814
440 114 224 89 814
230 98 222 89 814
223 117 221 89 814
10153 804 216 89 814
10073 805 212 89 814
232 74 224 89 814
10143 806 216 89 814
516 118 235 89 814
294 117 221 90 815
437 76 225 90 815
139 103 221 90 815
10161 808 210 90 815
10075 805 222 90 815
10015 804 218 90 815
230 99 223 90 815
12 121 227 90 815
10073 806 211 90 815
232 75 225 90 815
10143 807 219 90 815
516 119 236 90 815
426 95 227 90 815
641 100 223 91 816
139 104 221 91 816
10161 809 216 91 816
10155 811 219 91 816
10075 806 231 91 816
19 116 226 91 816
773 46 221 91 816
440 116 224 91 816
661 75 227 91 816
10015 805 217 91 816
10016 806 210 91 816
12 122 221 91 816
10153 806 216 91 816
232 76 223 91 816
516 120 227 91 816
437 78 231 92 817
10161 810 217 92 817
10155 812 217 92 817
139 105 233 92 817
19 117 223 92 817
10075 807 227 92 817
773 47 223 92 817
330 67 232 92 817
440 117 226 92 817
661 76 222 92 817
230 101 223 92 817
208 126 222 92 817
10153 807 218 92 817
232 77 225 92 817
10143 809 217 92 817
516 121 221 92 817
294 120 222 93 818
437 79 222 93 818
10161 811 212 93 818
10155 813 229 93 818
139 106 225 93 818
10075 808 223 93 818
19 118 227 93 818
661 77 222 93 818
10015 807 213 93 818
230 102 226 93 818
208 127 231 93 818
10153 808 221 93 818
102 118 225 94 819
10161 812 218 94 819
10155 814 223 94 819
773 49 222 94 819
440 119 225 94 819
393 118 221 94 819
10015 808 212 94 819
230 103 225 94 819
10153 809 217 94 819
10073 810 212 94 819
10143 811 221 94 819
437 81 221 95 820
102 119 223 95 820
10161 813 212 95 820
10155 815 218 95 820
10075 810 224 95 820
19 120 224 95 820
10015 809 214 95 820
10016 810 211 95 820
10153 810 212 95 820
223 123 221 95 820
12 126 223 95 820
384 128 223 95 820
10143 812 220 95 820
101 109 222 95 820
516 124 235 95 820
426 100 222 95 820
10155 816 217 96 821
10075 811 223 96 821
330 71 221 96 821
10015 810 212 96 821
384 129 221 96 821
10153 811 224 96 821
660 115 221 96 821
10073 812 212 96 821
405 58 226 96 821
658 128 226 96 821
232 81 226 96 821
10143 813 221 96 821
516 125 225 96 821
101 110 221 96 821
393 2 229 96 821
437 83 226 97 822
10155 817 212 97 822
139 110 221 97 822
10075 812 229 97 822
641 106 223 97 822
10145 814 213 97 822
330 72 225 97 822
10015 811 211 97 822
661 81 224 97 822
10073 813 212 97 822
350 132 224 97 822
10143 814 214 97 822
426 102 225 97 822
10155 818 218 98 823
10075 813 227 98 823
19 123 225 98 823
10015 812 212 98 823
208 132 225 98 823
223 126 221 98 823
10073 814 211 98 823
232 83 221 98 823
516 127 227 98 823
426 103 226 98 823
102 123 224 99 824
10155 819 219 99 824
10075 814 224 99 824
19 124 222 99 824
350 134 222 99 824
516 128 221 99 824
102 124 221 100 825
10155 820 215 100 825
10075 815 229 100 825
440 125 223 100 825
661 84 225 100 825
658 132 221 100 825
516 129 225 100 825
426 105 229 100 825
102 125 222 101 826
10155 821 219 101 826
10075 816 228 101 826
405 63 227 101 826
350 136 222 101 826
10155 822 219 102 827
10075 817 228 102 827
661 86 222 102 827
350 137 221 102 827
426 107 226 102 827
10 77 222 102 827
437 89 225 102 827
10155 823 223 103 828
10075 818 229 103 828
330 78 221 103 828
10015 817 216 103 828
661 87 227 103 828
10153 818 219 103 828
10073 819 211 103 828
658 135 224 103 828
232 88 225 103 828
101 117 222 103 828
426 108 222 103 828
10155 824 219 104 829
10075 819 224 104 829
19 129 221 104 829
10015 818 215 104 829
661 88 224 104 829
10153 819 214 104 829
10073 820 211 104 829
393 10 223 104 829
10155 825 219 105 830
10075 820 226 105 830
440 130 227 105 830
10015 819 216 105 830
661 89 224 105 830
12 136 224 105 830
10153 820 215 105 830
774 139 224 105 830
516 134 225 105 830
426 110 227 105 830
437 92 225 105 830
10155 826 212 106 831
10075 821 223 106 831
230 115 221 106 831
661 90 225 106 831
10075 822 224 107 832
232 92 221 107 832
10143 824 211 107 832
10075 823 221 108 833
230 117 225 108 833
10075 824 223 109 834
10155 830 211 110 835
10075 825 233 110 835
139 123 225 110 835
440 135 224 110 835
19 135 222 110 835
10015 824 210 110 835
661 94 225 110 835
223 138 222 110 835
294 138 221 110 835
10155 831 216 111 836
10075 826 223 111 836
139 124 227 111 836
10015 825 212 111 836
10153 826 210 111 836
426 116 221 111 836
10155 832 223 112 837
330 87 224 112 837
10075 827 223 112 837
139 125 228 112 837
661 96 226 112 837
10143 829 211 112 837
10155 833 211 113 838
10075 828 217 113 838
10143 830 215 113 838
516 142 231 113 838
426 118 230 113 838
294 141 223 113 838
10155 834 219 114 839
10075 829 227 114 839
139 127 229 114 839
230 123 223 114 839
10015 828 213 114 839
661 98 231 114 839
223 142 223 114 839
10153 829 215 114 839
658 146 221 114 839
10143 831 216 114 839
10155 835 212 115 840
10075 830 231 115 840
139 128 223 115 840
230 124 221 115 840
661 99 226 115 840
112 129 224 115 840
12 146 229 115 840
10153 830 220 115 840
10073 831 212 115 840
10143 832 216 115 840
516 144 223 115 840
426 120 223 115 840
10155 836 212 116 841
10075 831 232 116 841
139 129 222 116 841
230 125 222 116 841
10153 831 213 116 841
10073 832 211 116 841
10143 833 213 116 841
10075 832 226 117 842
139 130 227 117 842
10015 831 211 117 842
661 101 224 117 842
12 148 221 117 842
223 145 221 117 842
10153 832 216 117 842
10143 834 218 117 842
426 122 223 117 842
10 92 231 117 842
437 104 235 117 842
10161 836 211 118 843
10155 838 221 118 843
10075 833 220 118 843
139 131 227 118 843
12 149 223 118 843
10016 833 211 118 843
10153 833 218 118 843
10073 834 213 118 843
516 147 222 118 843
657 148 222 118 843
426 123 226 118 843
10 93 225 118 843
10155 839 213 119 844
661 1 233 119 844
10075 834 229 119 844
330 94 221 119 844
139 132 229 119 844
10015 833 215 119 844
12 150 224 119 844
10167 838 210 119 844
405 81 222 119 844
232 104 225 119 844
10143 836 223 119 844
516 148 229 119 844
426 124 222 119 844
101 133 222 119 844
437 106 224 119 844
102 144 221 119 844
294 147 223 119 844
10161 838 211 120 845
10155 840 223 120 845
661 2 223 120 845
10075 835 221 120 845
139 133 221 120 845
440 145 221 120 845
230 129 225 120 845
10015 834 213 120 845
12 151 221 120 845
112 134 231 120 845
10073 836 213 120 845
232 105 223 120 845
10143 837 212 120 845
516 149 224 120 845
426 125 222 120 845
102 145 221 120 845
661 3 228 121 846
10075 836 220 121 846
641 130 225 121 846
440 146 223 121 846
10015 835 216 121 846
10167 840 212 121 846
10153 836 215 121 846
232 106 221 121 846
10143 838 212 121 846
426 126 225 121 846
101 135 224 121 846
10155 842 219 122 847
10075 837 229 122 847
440 147 223 122 847
10153 837 211 122 847
10075 838 221 123 848
661 6 222 123 848
10155 844 212 124 849
10075 839 221 124 849
437 111 224 124 849
661 7 227 124 849
10155 845 211 125 850
10075 840 211 125 850
10153 840 211 125 850
437 112 221 125 850
10155 846 218 125 850
10075 841 216 126 851
10153 841 211 126 851
437 113 223 126 851
10155 847 216 127 852
10075 842 219 127 852
437 114 223 127 852
10155 848 217 127 852
10075 843 220 128 853
10155 849 217 128 853
10075 844 224 129 854
223 157 222 129 854
10155 850 217 130 855
10075 845 222 130 855
10155 851 211 130 855
10075 846 219 131 856
10153 846 217 131 856
10073 847 212 131 856
10143 848 217 131 856
10155 852 219 132 857
10075 847 221 132 857
230 141 221 132 857
10015 846 212 132 857
10167 851 211 132 857
10153 847 217 132 857
10073 848 217 132 857
12 7 225 132 857
658 164 221 132 857
10143 849 221 132 857
10155 853 222 133 858
294 160 222 133 858
393 38 221 133 858
10075 848 231 133 858
330 108 222 133 858
440 158 221 133 858
384 166 224 133 858
10167 852 214 133 858
405 95 238 133 858
10073 849 211 133 858
232 118 225 133 858
12 8 243 133 858
10143 850 218 133 858
10155 854 216 134 859
10075 849 231 134 859
10153 849 211 134 859
405 96 223 134 859
10155 855 212 135 860
10075 850 225 135 860
10015 849 210 135 860
10153 850 211 135 860
12 10 225 135 860
426 140 221 135 860
661 18 228 135 860
10155 856 221 136 861
10075 851 223 136 861
230 145 221 136 861
10153 851 221 136 861
405 98 228 136 861
10073 852 217 136 861
12 11 221 136 861
10143 853 223 136 861
426 141 226 136 861
661 19 223 136 861
10075 852 222 137 862
405 99 225 137 862
657 167 221 137 862
426 142 225 137 862
10075 853 222 138 863
294 165 225 138 863
10015 852 217 138 863
10153 853 213 138 863
232 123 221 138 863
12 13 225 138 863
10143 855 213 138 863
437 125 222 138 863
10 113 224 138 863
10155 859 224 138 863
10075 854 219 139 864
294 166 231 139 864
10015 853 212 139 864
230 148 223 139 864
10161 858 210 139 864
10155 860 213 139 864
10075 855 222 140 865
10015 854 213 140 865
10153 855 210 140 865
658 172 222 140 865
661 23 222 140 865
10155 861 215 140 865
10075 856 223 141 866
10015 855 213 141 866
384 174 221 141 866
10153 856 210 141 866
405 103 225 141 866
350 176 221 141 866
516 170 221 141 866
10143 858 211 141 866
437 128 230 141 866
10155 862 215 141 866
139 155 223 142 867
10075 857 230 142 867
10015 856 221 142 867
230 151 222 142 867
384 175 225 142 867
223 170 223 142 867
405 104 225 142 867
12 17 226 142 867
10075 858 221 142 867
10015 857 219 143 868
10167 862 210 143 868
12 18 223 143 868
10143 860 212 143 868
10015 858 214 144 869
10153 859 212 144 869
437 131 221 144 869
139 158 224 144 869
10155 865 213 144 869
10075 860 217 145 870
19 170 221 145 870
10015 859 216 145 870
230 154 227 145 870
384 178 223 145 870
10143 862 213 145 870
139 159 225 145 870
10155 866 219 145 870
10015 860 215 146 871
208 180 221 146 871
405 108 225 146 871
10073 862 210 146 871
10143 863 217 146 871
661 29 221 146 871
139 160 224 146 871
10155 867 214 147 872
10075 862 213 147 872
10015 861 217 147 872
223 175 222 147 872
208 181 221 147 872
405 109 229 147 872
10143 864 217 147 872
437 134 223 147 872
101 161 223 147 872
139 161 230 147 872
10155 868 221 148 873
10075 863 223 148 873
10015 862 221 148 873
230 157 223 148 873
223 176 222 148 873
10153 863 215 148 873
10143 865 216 148 873
437 135 225 148 873
101 162 223 148 873
10 123 221 148 873
139 162 229 148 873
10155 869 220 149 874
10075 864 225 149 874
112 163 222 149 874
10015 863 221 149 874
230 158 224 149 874
10153 864 212 149 874
10143 866 214 149 874
437 136 222 149 874
661 32 226 149 874
10155 870 217 150 875
10006 871 210 150 875
10075 865 219 150 875
112 164 221 150 875
10015 864 218 150 875
12 2 221 150 875
10153 865 211 150 875
10155 871 217 151 876
10075 866 214 151 876
10015 865 217 151 876
10167 870 210 151 876
12 3 221 151 876
10153 866 217 151 876
405 113 222 151 876
10143 868 215 151 876
426 156 221 151 876
10155 872 212 151 876
10075 867 221 152 877
294 179 221 152 877
19 177 221 152 877
440 177 221 152 877
112 166 221 152 877
10015 866 219 152 877
230 161 222 152 877
10153 867 211 152 877
10143 869 212 152 877
10155 873 211 153 878
10075 868 223 153 878
294 180 225 153 878
10015 867 210 153 878
230 162 221 153 878
405 115 223 153 878
10075 869 223 154 879
19 179 224 154 879
10153 869 211 154 879
437 141 221 154 879
10075 870 223 155 880
230 164 221 155 880
12 7 227 155 880
10153 870 215 155 880
405 117 223 155 880
232 140 222 155 880
10143 872 219 155 880
426 160 221 155 880
437 142 229 155 880
139 169 223 155 880
10155 876 218 155 880
10075 871 226 156 881
440 181 221 156 881
230 165 222 156 881
10015 870 215 156 881
10153 871 212 156 881
10073 872 210 156 881
405 118 226 156 881
10143 873 215 156 881
437 143 227 156 881
139 170 225 156 881
10155 877 212 156 881
10075 872 226 156 881
294 184 225 156 881
393 62 225 156 881
230 166 225 157 882
112 171 222 157 882
10015 871 216 157 882
12 9 222 157 882
10073 873 211 157 882
10143 874 214 157 882
437 144 234 157 882
139 171 223 157 882
661 40 223 157 882
10 132 223 157 882
10155 878 212 157 882
294 185 232 157 882
10075 873 235 158 883
440 183 223 158 883
10015 872 217 158 883
12 10 224 158 883
10153 873 210 158 883
10073 874 213 158 883
405 120 225 158 883
10143 875 217 158 883
426 163 223 158 883
437 145 235 158 883
139 172 223 158 883
10155 879 211 159 884
393 64 223 159 884
10075 874 235 159 884
294 186 223 159 884
440 184 225 159 884
112 173 221 159 884
19 184 223 159 884
10015 873 212 159 884
384 192 222 159 884
12 11 226 159 884
10153 874 215 159 884
10073 875 212 159 884
405 121 227 159 884
10143 876 215 159 884
437 146 232 159 884
139 173 221 159 884
661 42 222 159 884
294 187 224 160 885
393 65 221 160 885
10075 875 233 160 885
440 185 222 160 885
10015 874 212 160 885
12 12 231 160 885
10073 876 212 160 885
405 122 221 160 885
10143 877 214 160 885
426 165 221 160 885
437 147 231 160 885
139 174 224 160 885
102 185 221 160 885
661 43 221 160 885
294 188 225 161 886
10155 881 217 161 886
393 66 223 161 886
10075 876 235 161 886
440 186 221 161 886
223 189 222 161 886
10015 875 210 161 886
384 194 221 161 886
12 13 225 161 886
405 123 223 161 886
232 146 221 161 886
10143 878 215 161 886
437 148 226 161 886
139 175 221 161 886
102 186 226 161 886
294 189 223 161 886
10 136 222 161 886
10155 882 216 162 887
10075 877 235 162 887
393 67 224 162 887
440 187 223 162 887
10015 876 212 162 887
12 14 224 162 887
10073 878 211 162 887
405 124 225 162 887
232 147 224 162 887
516 191 224 162 887
10143 879 214 162 887
102 187 223 162 887
139 176 223 162 887
661 45 221 162 887
10 137 221 162 887
294 190 223 162 887
10155 883 214 163 888
10075 878 236 163 888
393 68 223 163 888
440 188 221 163 888
10015 877 216 163 888
12 15 227 163 888
10153 878 212 163 888
10073 879 212 163 888
405 125 226 163 888
232 148 224 163 888
516 192 224 163 888
10143 880 213 163 888
102 188 224 163 888
661 46 221 163 888
294 191 226 163 888
10075 879 235 164 889
393 69 221 164 889
440 189 221 164 889
10015 878 213 164 889
12 16 222 164 889
10073 880 212 164 889
405 126 226 164 889
102 189 223 164 889
661 47 223 164 889
294 192 230 165 890
10155 885 217 165 890
10075 880 235 165 890
393 70 223 165 890
440 190 221 165 890
230 174 222 165 890
10015 879 216 165 890
12 17 229 165 890
10153 880 211 165 890
10073 881 212 165 890
405 127 223 165 890
139 179 221 165 890
102 190 223 165 890
101 179 223 165 890
10 140 221 165 890
661 48 222 165 890
294 193 227 166 891
10155 886 215 166 891
10075 881 237 166 891
440 191 222 166 891
230 175 229 166 891
112 180 223 166 891
384 199 223 166 891
12 18 225 166 891
10153 881 213 166 891
10073 882 212 166 891
516 195 222 166 891
10143 883 212 166 891
426 171 230 166 891
101 180 221 166 891
10 141 223 166 891
102 191 222 166 891
661 49 221 166 891
10155 887 219 167 892
10075 882 236 167 892
393 72 222 167 892
384 200 229 167 892
12 19 229 167 892
10153 882 211 167 892
10073 883 212 167 892
405 129 225 167 892
10143 884 214 167 892
426 172 223 167 892
101 181 221 167 892
102 192 223 167 892
294 195 221 167 892
10155 888 219 168 893
10075 883 233 168 893
440 193 222 168 893
112 182 221 168 893
10015 882 213 168 893
384 201 222 168 893
12 20 223 168 893
10153 883 210 168 893
10073 884 212 168 893
405 130 225 168 893
10143 885 215 168 893
426 173 224 168 893
101 182 221 168 893
102 193 223 169 894
10155 889 221 169 894
393 74 221 169 894
10075 884 233 169 894
10015 883 216 169 894
384 202 223 169 894
12 21 224 169 894
10153 884 211 169 894
10073 885 214 169 894
405 131 224 169 894
10143 886 212 169 894
426 174 221 169 894
139 183 231 169 894
101 183 221 169 894
102 194 222 169 894
10155 890 219 170 895
10075 885 237 170 895
230 179 225 170 895
10015 884 211 170 895
384 203 221 170 895
12 22 227 170 895
10073 886 213 170 895
405 132 227 170 895
10143 887 213 170 895
437 157 226 170 895
139 184 227 170 895
102 195 221 170 895
10155 891 217 171 896
10075 886 236 171 896
440 196 222 171 896
10015 885 216 171 896
10153 886 213 171 896
10073 887 213 171 896
405 133 222 171 896
437 158 223 171 896
139 185 222 171 896
10155 892 219 172 897
10075 887 237 172 897
393 77 221 172 897
330 147 226 172 897
19 197 222 172 897
440 197 228 172 897
230 181 225 172 897
223 200 224 172 897
10015 886 216 172 897
12 24 229 172 897
10153 887 210 172 897
232 157 229 172 897
10073 888 215 172 897
10143 889 211 172 897
437 159 225 172 897
102 197 221 172 897
10155 893 220 173 898
10075 888 236 173 898
393 78 223 173 898
10015 887 216 173 898
12 25 227 173 898
384 206 221 173 898
10153 888 212 173 898
10073 889 212 173 898
232 158 222 173 898
405 135 222 173 898
437 160 223 173 898
10 148 224 173 898
139 187 225 173 898
102 198 221 173 898
10155 894 218 174 899
661 56 223 174 899
10075 889 237 174 899
330 149 222 174 899
230 183 223 174 899
10015 888 212 174 899
12 26 225 174 899
10153 889 213 174 899
10073 890 214 174 899
232 159 226 174 899
426 179 225 174 899
10143 891 212 174 899
437 161 225 174 899
10155 895 213 175 900
10075 890 235 175 900
19 200 223 175 900
330 150 229 175 900
230 184 223 175 900
10015 889 211 175 900
112 189 222 175 900
384 208 227 175 900
12 27 223 175 900
10167 894 210 175 900
10153 890 211 175 900
10073 891 211 175 900
405 137 221 175 900
426 180 225 175 900
437 162 231 175 900
641 185 221 176 901
10161 894 210 176 901
10155 896 216 176 901
10075 891 221 176 901
661 58 221 176 901
330 151 225 176 901
384 209 234 176 901
112 190 223 176 901
12 28 221 176 901
10153 891 212 176 901
426 181 223 176 901
10 151 226 176 901
641 186 221 177 902
10161 895 211 177 902
10155 897 213 177 902
10075 892 232 177 902
294 204 226 177 902
393 82 223 177 902
330 152 231 177 902
10015 891 212 177 902
384 210 227 177 902
112 191 223 177 902
10167 896 211 177 902
12 29 227 177 902
10153 892 212 177 902
10143 894 217 177 902
516 206 225 177 902
437 164 225 177 902
10075 893 233 178 903
393 83 221 178 903
230 187 241 178 903
12 30 230 178 903
10153 893 218 178 903
405 140 237 178 903
10155 899 211 179 904
10075 894 226 179 904
230 188 225 179 904
294 207 221 180 905
10075 895 219 180 905
330 155 226 180 905
10015 894 221 180 905
384 213 227 180 905
12 32 243 180 905
10073 896 212 180 905
516 209 222 180 905
657 210 221 180 905
10 155 221 180 905
102 205 223 180 905
641 190 221 181 906
10155 901 223 181 906
10006 902 210 181 906
10075 896 234 181 906
10145 898 211 181 906
230 190 223 181 906
330 156 221 181 906
393 86 225 181 906
10015 895 216 181 906
223 209 221 181 906
384 214 221 181 906
10153 896 219 181 906
232 166 223 181 906
426 186 225 181 906
10143 898 222 181 906
516 210 223 181 906
10155 902 217 181 906
10075 897 223 182 907
661 64 221 182 907
12 34 224 182 907
426 187 222 182 907
10 157 223 182 907
10155 903 220 182 907
10075 898 234 183 908
10145 900 210 183 908
230 192 223 183 908
393 88 226 183 908
10015 897 213 183 908
12 35 242 183 908
384 216 221 183 908
10153 898 212 183 908
10073 899 213 183 908
426 188 222 183 908
641 193 224 183 908
10155 904 216 183 908
10075 899 222 184 909
661 66 223 184 909
230 193 224 184 909
330 159 231 184 909
393 89 225 184 909
10015 898 219 184 909
384 217 221 184 909
12 36 235 184 909
10153 899 214 184 909
232 169 222 184 909
426 189 221 184 909
10143 901 213 184 909
437 171 223 184 909
10155 905 222 184 909
10075 900 233 185 910
661 67 221 185 910
230 194 224 185 910
330 160 226 185 910
10015 899 214 185 910
12 37 239 185 910
10153 900 214 185 910
10073 901 213 185 910
10155 906 216 185 910
10075 901 233 185 910
661 68 224 186 911
10015 900 213 186 911
12 38 240 186 911
10153 901 211 186 911
10073 902 213 186 911
232 171 224 186 911
516 215 221 186 911
437 173 224 186 911
139 200 225 186 911
10161 905 211 186 911
10155 907 216 186 911
10075 902 230 186 911
10015 901 212 187 912
12 39 238 187 912
10143 904 219 187 912
516 216 221 187 912
10155 908 211 187 912
10075 903 225 187 912
330 163 222 188 913
12 40 239 188 913
232 173 223 188 913
10143 905 212 188 913
10155 909 220 188 913
10075 904 230 188 913
393 94 223 189 914
330 164 221 189 914
384 222 221 189 914
10143 906 212 189 914
101 203 221 189 914
10155 910 221 189 914
10075 905 225 190 915
19 215 227 190 915
12 42 239 190 915
426 195 228 190 915
10143 907 217 190 915
10155 911 219 190 915
10075 906 223 190 915
230 200 222 191 916
393 96 221 191 916
10015 905 211 191 916
12 43 236 191 916
426 196 223 191 916
10143 908 215 191 916
10155 912 218 191 916
10075 907 214 191 916
230 201 221 192 917
19 217 226 192 917
405 154 222 192 917
12 44 246 192 917
426 197 231 192 917
10143 909 215 192 917
10155 913 220 192 917
10075 908 222 192 917
19 218 225 193 918
330 168 226 193 918
12 45 235 193 918
426 198 228 193 918
10143 910 212 193 918
10155 914 221 193 918
10075 909 223 193 918
330 169 221 194 919
223 222 223 194 919
12 1 246 194 919
426 199 224 194 919
10143 911 216 194 919
10155 915 219 194 919
10075 910 224 194 919
232 180 224 195 920
426 200 225 195 920
10143 912 212 195 920
139 209 227 195 920
10075 911 219 195 920
330 171 230 196 921
10153 911 212 196 921
232 181 222 196 921
426 201 234 196 921
10143 913 223 196 921
516 225 227 196 921
437 183 222 196 921
139 210 224 196 921
10161 915 210 196 921
10155 917 219 196 921
10075 912 225 196 921
12 4 226 197 922
10155 918 217 197 922
10075 913 220 197 922
12 5 234 198 923
10155 919 211 198 923
10075 914 221 198 923
12 6 233 199 924
10075 915 219 199 924
12 7 231 200 925
10075 916 219 200 925
12 8 233 201 926
10155 922 210 201 926
10075 917 221 201 926
12 9 234 202 927
426 207 221 202 927
10075 918 223 202 927
12 10 223 203 928
139 217 227 203 928
10155 924 220 203 928
10075 919 227 203 928
10167 923 215 204 929
10016 919 215 204 929
405 166 225 204 929
10153 919 217 204 929
10073 920 211 204 929
139 218 231 204 929
10075 920 227 204 929
230 214 233 205 930
10153 920 224 205 930
12 12 241 205 930
10143 922 211 205 930
10155 926 213 205 930
10075 921 232 205 930
139 219 233 205 930
661 88 224 205 930
230 215 231 206 931
10153 921 222 206 931
12 13 239 206 931
10143 923 212 206 931
10155 927 212 206 931
10075 922 235 206 931
139 220 229 206 931
661 89 229 207 932
440 232 223 207 932
10015 921 210 207 932
230 216 225 207 932
10153 922 221 207 932
12 14 242 207 932
139 221 236 207 932
10075 923 227 207 932
440 233 223 208 933
661 90 229 208 933
230 217 222 208 933
10081 924 211 208 933
10153 923 221 208 933
12 15 237 208 933
426 213 223 208 933
10143 925 210 208 933
516 237 229 208 933
10161 927 211 208 933
10155 929 217 208 933
10075 924 233 208 933
139 222 222 208 933
10015 923 211 209 934
112 223 223 209 934
405 171 223 209 934
10155 930 212 209 934
139 223 226 209 934
10075 925 222 209 934
10153 925 211 210 935
12 17 241 210 935
641 220 222 210 935
10075 926 225 210 935
139 224 225 210 935
661 93 223 211 936
230 220 223 211 936
10153 926 214 211 936
12 18 225 211 936
10143 928 216 211 936
10155 932 217 211 936
10075 927 223 211 936
10015 926 211 212 937
658 244 222 212 937
10073 928 211 212 937
10143 929 213 212 937
516 241 225 212 937
10155 933 212 212 937
10075 928 227 212 937
661 95 226 213 938
393 118 221 213 938
12 20 221 213 938
10153 928 214 213 938
405 175 229 213 938
426 218 223 213 938
516 242 222 213 938
437 200 225 213 938
10161 932 212 213 938
10155 934 216 213 938
10075 929 225 213 938
139 227 225 214 939
230 223 221 214 939
10015 928 220 214 939
393 119 235 214 939
112 228 225 214 939
10153 929 212 214 939
10143 931 214 214 939
516 243 221 214 939
10155 935 214 214 939
10075 930 223 214 939
139 228 229 214 939
10153 930 211 215 940
10143 932 215 215 940
208 249 222 215 940
10155 936 216 215 940
10075 931 219 215 940
661 98 225 216 941
230 225 225 216 941
384 249 227 216 941
12 23 224 216 941
405 178 225 216 941
516 245 223 216 941
10075 932 224 216 941
661 99 225 217 942
139 230 225 217 942
112 231 222 217 942
405 179 225 217 942
232 202 227 217 942
10143 934 211 217 942
516 246 225 217 942
437 204 221 217 942
10155 938 214 217 942
10075 933 219 217 942
661 100 228 218 943
230 227 223 218 943
12 25 222 218 943
405 180 221 218 943
10143 935 212 218 943
10155 939 218 218 943
10075 934 222 218 943
661 101 228 218 943
223 247 222 219 944
12 26 225 219 944
405 181 224 219 944
208 253 221 219 944
10155 940 220 219 944
661 102 225 219 944
10075 935 221 219 944
230 229 223 220 945
12 27 226 220 945
350 255 222 220 945
10143 937 211 220 945
10155 941 222 220 945
10075 936 223 221 946
661 103 222 221 946
330 196 222 221 946
12 28 225 221 946
10155 942 222 221 946
10075 937 224 222 947
661 104 225 222 947
112 236 223 222 947
12 29 225 222 947
10155 943 223 222 947
10075 938 223 222 947
230 232 225 223 948
112 237 223 223 948
10153 938 211 223 948
12 30 229 223 948
426 228 224 223 948
10143 940 218 223 948
10155 944 217 223 948
10075 939 218 223 948
661 106 224 223 948
10075 940 212 224 949
661 107 223 224 949
112 239 221 225 950
19 250 224 225 950
10153 940 210 225 950
426 230 221 225 950
10143 942 211 225 950
661 108 227 225 950
10153 941 212 226 951
426 231 222 226 951
10143 943 215 226 951
437 213 221 226 951
10161 945 210 226 951
10155 947 211 226 951
661 109 224 226 951
10075 942 225 226 951
440 252 221 227 952
10015 941 218 227 952
330 202 221 227 952
112 241 224 227 952
223 255 221 227 952
426 232 227 227 952
10143 944 220 227 952
516 256 228 227 952
10075 943 229 228 953
139 241 221 228 953
440 253 223 228 953
10015 942 212 228 953
330 203 224 228 953
223 256 223 228 953
19 253 221 228 953
10167 947 210 228 953
232 213 230 228 953
426 233 232 228 953
10143 945 219 228 953
437 215 223 228 953
101 242 223 228 953
10161 947 211 228 953
10075 944 223 228 953
661 111 225 229 954
440 254 223 229 954
139 242 233 229 954
384 262 225 229 954
112 243 222 229 954
330 204 233 229 954
223 257 225 229 954
10153 944 219 229 954
10073 945 213 229 954
426 234 221 229 954
10143 946 219 229 954
516 258 228 229 954
10 204 224 229 954
437 216 224 229 954
10161 948 213 229 954
10155 950 221 229 954
10075 945 221 229 954
102 254 223 229 954
661 112 223 229 954
139 243 221 230 955
10015 944 217 230 955
330 205 225 230 955
112 244 221 230 955
10167 949 211 230 955
10153 945 210 230 955
10143 947 212 230 955
516 259 227 230 955
10161 949 213 230 955
10155 951 214 230 955
10075 946 227 230 955
330 206 224 231 956
10015 945 214 231 956
112 245 225 231 956
10153 946 214 231 956
12 38 224 231 956
10073 947 213 231 956
516 260 223 231 956
10155 952 220 231 956
661 114 225 231 956
10075 947 229 231 956
440 257 223 231 956
139 245 223 231 956
10015 946 213 232 957
10016 947 211 232 957
405 194 222 232 957
10153 947 221 232 957
12 39 222 232 957
10073 948 220 232 957
426 237 226 232 957
516 261 225 232 957
393 10 221 232 957
437 219 234 232 957
10155 953 225 232 957
10006 954 210 232 957
10075 948 233 232 957
10145 950 213 232 957
661 115 226 232 957
641 242 222 233 958
10015 947 214 233 958
112 247 233 233 958
658 265 221 233 958
10016 948 210 233 958
405 195 225 233 958
10153 948 221 233 958
426 238 227 233 958
10143 950 212 233 958
10155 954 225 233 958
10075 949 230 233 958
661 116 225 233 958
440 259 225 233 958
10015 948 213 234 959
10153 949 214 234 959
10143 951 221 234 959
516 263 221 234 959
10 209 221 234 959
10155 955 214 234 959
10075 950 223 234 959
661 117 225 234 959
641 244 223 235 960
223 263 221 235 960
19 260 223 235 960
426 240 229 235 960
10155 956 214 235 960
10075 951 224 235 960
661 118 227 235 960
440 261 221 235 960
641 245 225 236 961
112 250 223 236 961
10153 951 211 236 961
12 43 221 236 961
426 241 229 236 961
10143 953 211 236 961
393 14 221 236 961
10155 957 221 236 961
10075 952 225 236 961
661 119 225 236 961
223 265 223 237 962
10167 956 211 237 962
12 44 221 237 962
10143 954 212 237 962
426 242 235 237 962
437 224 221 237 962
10155 958 220 237 962
10075 953 221 237 962
661 120 222 237 962
12 45 225 238 963
426 243 229 238 963
437 225 222 238 963
10155 959 222 238 963
10075 954 227 238 963
661 121 223 238 963
440 264 221 238 963
223 267 221 239 964
426 244 228 239 964
437 226 222 239 964
773 195 221 239 964
10155 960 220 239 964
10075 955 225 239 964
223 268 223 240 965
10015 954 213 240 965
112 254 221 240 965
10153 955 211 240 965
12 47 224 240 965
426 245 233 240 965
437 227 223 240 965
10155 961 216 240 965
10075 956 225 240 965
661 123 224 240 965
230 250 221 240 965
10015 955 218 241 966
405 203 222 241 966
10073 957 210 241 966
657 271 221 241 966
426 246 235 241 966
437 228 227 241 966
10155 962 216 241 966
10075 957 227 241 966
294 269 222 241 966
661 124 221 242 967
10015 956 214 242 967
12 49 226 242 967
657 272 222 242 967
426 247 227 242 967
393 20 222 242 967
10 217 223 242 967
10155 963 219 242 967
10075 958 222 242 967
661 125 228 242 967
641 252 226 243 968
384 276 233 243 968
10015 957 214 243 968
658 275 224 243 968
12 50 221 243 968
657 273 222 243 968
516 272 224 243 968
393 21 223 243 968
773 199 222 243 968
10155 964 225 243 968
10075 959 222 243 968
230 253 221 243 968
641 253 228 244 969
10015 958 213 244 969
10153 959 214 244 969
12 51 225 244 969
10143 961 217 244 969
208 278 222 244 969
10155 965 220 244 969
294 272 222 244 969
10075 960 225 244 969
661 127 223 244 969
12 52 221 245 970
10155 966 213 245 970
10075 961 213 245 970
384 279 226 245 970
10143 963 212 246 971
10155 967 211 246 971
10075 962 219 246 971
101 261 222 247 972
10155 968 218 247 972
661 130 222 247 972
10075 963 221 247 972
101 262 222 248 973
10155 969 217 248 973
10075 964 223 248 973
661 131 225 248 973
10143 966 210 249 974
101 263 222 249 974
10155 970 210 249 974
10075 965 218 249 974
10143 967 210 250 975
101 264 221 250 975
10155 971 215 250 975
10075 966 221 250 975
661 133 222 250 975
10143 968 210 251 976
10155 972 219 251 976
10075 967 223 251 976
10155 973 217 252 977
10075 968 217 252 977
10155 974 215 253 978
10075 969 217 253 978
10155 975 216 254 979
10075 970 218 254 979
10155 976 213 255 980
10075 971 220 255 980
10155 977 213 256 981
10075 972 217 256 981
10155 978 214 257 982
10075 973 221 257 982
10155 979 214 258 983
10075 974 223 258 983
10155 980 214 259 984
10075 975 220 259 984
10155 981 216 260 985
10075 976 218 260 985
426 266 221 261 986
10155 982 215 261 986
10075 977 221 261 986
10075 978 215 262 987
10155 984 211 263 988
10075 979 221 263 988
294 291 221 263 988
10015 978 212 264 989
12 71 222 264 989
10155 985 221 264 989
10075 980 221 264 989
641 274 223 264 989
112 279 221 264 989
10015 979 212 265 990
658 297 221 265 990
12 72 223 265 990
10155 986 220 265 990
10075 981 213 265 990
10015 980 212 266 991
10155 987 212 266 991
10075 982 219 266 991
10015 981 214 267 992
10155 988 217 267 992
10075 983 220 267 992
10015 982 212 268 993
10155 989 221 268 993
10075 984 211 268 993
12 76 223 269 994
10155 990 218 269 994
10075 985 212 269 994
294 297 221 269 994
12 77 229 270 995
10143 987 216 270 995
10155 991 223 270 995
10075 986 211 270 995
10015 985 213 271 996
10155 992 220 271 996
330 247 223 272 997
12 79 221 272 997
516 301 222 272 997
10 247 223 272 997
10155 993 214 272 997
10075 988 221 272 997
641 282 225 273 998
330 248 223 273 998
10015 987 212 273 998
12 80 223 273 998
10 248 223 273 998
10155 994 222 273 998
10075 989 223 273 998
10015 988 212 274 999
330 249 223 274 999
112 288 223 274 999
10155 995 222 274 999
10075 990 219 274 999
10015 989 211 275 1000
330 250 221 275 1000
12 82 224 275 1000
10 250 221 275 1000
10155 996 215 275 1000
10075 991 212 275 1000
437 263 225 276 1001
661 159 229 276 1001
10155 997 214 276 1001
10075 992 223 276 1001
294 304 227 277 1002
330 252 225 277 1002
12 84 225 277 1002
10143 994 223 277 1002
516 306 224 277 1002
437 264 231 277 1002
661 160 223 277 1002
10155 998 212 277 1002
10075 993 210 277 1002
12 85 221 278 1003
10143 995 215 278 1003
661 161 227 278 1003
10155 999 218 278 1003
10075 994 227 278 1003
10015 993 210 279 1004
641 288 222 279 1004
10153 994 219 279 1004
426 284 236 279 1004
10143 996 221 279 1004
437 266 233 279 1004
10155 1000 220 279 1004
661 162 221 279 1004
10075 995 233 279 1004
10145 997 213 279 1004
10015 994 214 280 1005
330 255 222 280 1005
426 285 221 280 1005
10143 997 213 280 1005
516 309 221 280 1005
437 267 231 280 1005
661 163 227 280 1005
10155 1001 214 280 1005
10075 996 227 280 1005
294 308 221 281 1006
641 290 226 281 1006
10075 997 222 281 1006
294 309 222 282 1007
330 257 223 282 1007
10167 1001 212 282 1007
10016 997 209 282 1007
10153 997 213 282 1007
658 314 223 282 1007
12 89 227 282 1007
10143 999 226 282 1007
10161 1001 210 282 1007
10155 1003 217 282 1007
10075 998 229 282 1007
10073 999 211 283 1008
12 90 231 283 1008
426 288 233 283 1008
516 312 224 283 1008
10143 1000 220 283 1008
208 317 221 283 1008
10 258 221 283 1008
440 4 221 283 1008
102 308 221 283 1008
10161 1002 211 283 1008
10075 999 223 283 1008
661 166 231 283 1008
223 312 222 284 1009
139 297 225 284 1009
10015 998 217 284 1009
641 293 223 284 1009
10016 999 210 284 1009
232 269 231 284 1009
10153 999 212 284 1009
658 316 221 284 1009
12 91 225 284 1009
426 289 225 284 1009
516 313 230 284 1009
10143 1001 212 284 1009
437 271 223 284 1009
440 5 229 284 1009
10155 1005 213 284 1009
10075 1000 220 284 1009
641 294 221 285 1010
139 298 226 285 1010
10153 1000 214 285 1010
10073 1001 212 285 1010
12 92 226 285 1010
516 314 221 285 1010
10 260 222 285 1010
10155 1006 219 285 1010
10075 1001 226 285 1010
294 313 221 286 1011
437 273 221 286 1011
10155 1007 210 286 1011
10075 1002 220 286 1011
294 314 221 287 1012
10015 1001 214 287 1012
139 300 229 287 1012
10153 1002 213 287 1012
444 325 226 287 1012
10073 1003 215 287 1012
426 292 235 287 1012
516 316 235 287 1012
10143 1004 213 287 1012
437 274 223 287 1012
10 262 221 287 1012
10155 1008 220 287 1012
10075 1003 222 287 1012
661 170 240 287 1012
223 316 221 288 1013
294 315 223 288 1013
232 273 227 288 1013
10153 1003 220 288 1013
335 318 223 288 1013
658 320 226 288 1013
10073 1004 210 288 1013
12 95 233 288 1013
426 293 227 288 1013
10143 1005 220 288 1013
440 9 224 288 1013
10155 1009 219 288 1013
10075 1004 227 288 1013
661 171 225 288 1013
384 322 223 289 1014
641 298 235 289 1014
10015 1003 214 289 1014
10153 1004 217 289 1014
10155 1010 212 289 1014
10075 1005 225 289 1014
661 172 235 289 1014
10015 1004 213 290 1015
10153 1005 223 290 1015
10073 1006 213 290 1015
516 319 224 290 1015
10143 1007 219 290 1015
10075 1006 218 290 1015
661 173 225 290 1015
294 318 225 291 1016
641 300 221 291 1016
10015 1005 210 291 1016
405 253 229 291 1016
10016 1006 210 291 1016
10153 1006 218 291 1016
12 98 223 291 1016
516 320 226 291 1016
10143 1008 216 291 1016
10155 1012 210 291 1016
10006 1013 211 291 1016
10075 1007 225 291 1016
10111 1005 210 292 1017
350 327 221 292 1017
10153 1007 212 292 1017
10073 1008 210 292 1017
10074 1008 211 292 1017
10143 1009 226 292 1017
437 279 221 292 1017
448 325 237 292 1017
10016 1008 218 293 1018
12 100 240 293 1018
700 181 226 293 1018
318 320 223 294 1019
633 308 222 294 1019
12 101 225 294 1019
215 236 227 294 1019
254 154 222 295 1020
10147 1007 211 295 1020
10029 1010 219 295 1020
10105 1007 214 295 1020
347 321 226 296 1021
10113 1013 218 296 1021
31 329 243 296 1021
10109 1009 219 296 1021
137 319 224 297 1022
250 323 223 297 1022
10113 1014 231 297 1022
31 330 225 297 1022
10109 1010 211 297 1022
137 320 221 298 1023
250 324 241 298 1023
718 235 226 298 1023
10113 1015 225 298 1023
10113 1016 231 299 1024
137 322 223 300 1025
10113 1017 235 300 1025
31 333 222 300 1025
187 322 223 301 1026
107 12 221 301 1026
10113 1018 232 301 1026
31 334 222 301 1026
10109 1014 219 301 1026
117 240 225 302 1027
107 13 225 302 1027
10126 960 211 302 1027
10113 1019 224 302 1027
10109 1015 213 302 1027
187 324 222 303 1028
137 325 231 303 1028
10113 1020 229 303 1028
364 334 237 303 1028
10109 1016 219 303 1028
187 325 231 304 1029
250 330 225 304 1029
137 326 232 304 1029
631 7 231 304 1029
718 241 221 304 1029
107 15 225 304 1029
464 336 224 304 1029
10113 1021 231 304 1029
31 337 226 304 1029
527 335 231 304 1029
10109 1017 210 304 1029
364 335 231 304 1029
187 326 221 305 1030
250 331 221 305 1030
137 327 224 305 1030
117 243 231 305 1030
718 242 234 305 1030
107 16 221 305 1030
10113 1022 231 305 1030
527 336 226 305 1030
364 336 224 305 1030
187 327 225 306 1031
250 332 231 306 1031
137 328 223 306 1031
117 244 224 306 1031
631 9 226 306 1031
718 243 225 306 1031
398 341 223 306 1031
107 17 225 306 1031
464 338 227 306 1031
10113 1023 237 306 1031
31 339 223 306 1031
527 337 229 306 1031
187 328 235 307 1032
250 333 227 307 1032
137 329 221 307 1032
117 245 222 307 1032
631 10 232 307 1032
718 244 237 307 1032
398 342 225 307 1032
464 339 221 307 1032
10113 1024 229 307 1032
31 340 235 307 1032
187 329 236 308 1033
250 334 223 308 1033
631 11 233 308 1033
117 246 225 308 1033
347 333 223 308 1033
718 245 224 308 1033
107 19 227 308 1033
10113 1025 223 308 1033
31 341 221 308 1033
187 330 221 309 1034
250 335 225 309 1034
137 331 224 309 1034
464 341 222 309 1034
10113 1026 222 309 1034
31 342 221 309 1034
527 340 221 309 1034
364 340 225 309 1034
107 21 225 310 1035
31 343 222 310 1035
10113 1027 222 310 1035
137 333 223 311 1036
10113 1028 221 311 1036
364 342 223 311 1036
117 250 226 312 1037
631 15 226 312 1037
718 249 227 312 1037
107 23 232 312 1037
464 344 227 312 1037
31 345 230 312 1037
10113 1029 236 312 1037
364 343 223 312 1037
527 343 223 312 1037
187 334 225 313 1038
137 335 226 313 1038
117 251 233 313 1038
347 338 222 313 1038
718 250 227 313 1038
398 348 221 313 1038
464 345 223 313 1038
10109 1026 219 313 1038
364 344 221 313 1038
117 252 226 314 1039
31 347 222 314 1039
10113 1031 237 314 1039
527 345 222 314 1039
187 336 223 315 1040
250 341 227 315 1040
347 340 229 315 1040
631 18 228 315 1040
718 252 221 315 1040
107 26 223 315 1040
398 350 221 315 1040
31 348 231 315 1040
10113 1032 234 315 1040
10109 1028 219 315 1040
364 346 223 315 1040
187 337 226 316 1041
250 342 224 316 1041
137 338 221 316 1041
117 254 221 316 1041
631 19 225 316 1041
718 253 223 316 1041
464 348 223 316 1041
31 349 234 316 1041
10113 1033 233 316 1041
10109 1029 216 316 1041
364 347 224 317 1042
187 338 223 317 1042
250 343 225 317 1042
718 254 235 317 1042
398 352 225 317 1042
464 349 222 317 1042
31 350 223 317 1042
10113 1034 225 317 1042
527 348 227 317 1042
10109 1030 217 317 1042
364 348 221 318 1043
250 344 221 318 1043
137 340 229 318 1043
117 256 222 318 1043
107 29 223 318 1043
31 351 233 318 1043
10113 1035 229 318 1043
364 349 235 319 1044
187 340 237 319 1044
250 345 223 319 1044
718 256 221 319 1044
710 310 224 319 1044
107 30 223 319 1044
398 354 226 319 1044
464 351 222 319 1044
10113 1036 239 319 1044
187 341 225 320 1045
364 350 222 320 1045
250 346 226 320 1045
464 352 227 320 1045
30 22 224 320 1045
31 353 222 320 1045
10113 1037 226 320 1045
10109 1033 221 320 1045
250 347 223 321 1046
30 23 224 321 1046
31 354 223 321 1046
10113 1038 225 321 1046
10109 1034 225 321 1046
187 343 224 321 1046
364 352 225 322 1047
137 344 221 322 1047
347 347 221 322 1047
631 25 221 322 1047
718 259 225 322 1047
107 33 224 322 1047
31 355 227 322 1047
10113 1039 236 322 1047
10109 1035 213 322 1047
187 344 226 322 1047
527 353 223 322 1047
364 353 227 323 1048
250 349 224 323 1048
631 26 221 323 1048
718 260 229 323 1048
710 314 221 323 1048
398 358 223 323 1048
31 356 231 323 1048
10113 1040 235 323 1048
187 345 225 323 1048
527 354 224 323 1048
364 354 222 324 1049
250 350 235 324 1049
137 346 229 324 1049
347 349 223 324 1049
117 262 222 324 1049
718 261 231 324 1049
710 315 224 324 1049
464 356 221 324 1049
31 357 227 324 1049
10113 1041 215 324 1049
10109 1037 216 324 1049
187 346 224 324 1049
527 355 225 325 1050
364 355 226 325 1050
250 351 235 325 1050
347 350 225 325 1050
117 263 226 325 1050
710 316 223 325 1050
398 360 227 325 1050
31 358 231 325 1050
10113 1042 225 325 1050
10109 1038 217 325 1050
364 356 224 326 1051
250 352 227 326 1051
137 348 223 326 1051
347 351 228 326 1051
718 263 223 326 1051
107 37 225 326 1051
31 359 232 326 1051
10113 1043 222 326 1051
10109 1039 220 326 1051
364 357 227 326 1051
137 349 236 327 1052
347 352 227 327 1052
710 318 221 327 1052
464 359 225 327 1052
107 38 225 327 1052
398 362 230 327 1052
31 360 232 327 1052
10113 1044 225 327 1052
527 358 222 327 1052
10109 1040 218 327 1052
187 349 234 327 1052
364 358 231 328 1053
137 350 225 328 1053
347 353 226 328 1053
710 319 223 328 1053
107 39 225 328 1053
398 363 231 328 1053
31 361 231 328 1053
10113 1045 222 328 1053
10109 1041 219 328 1053
187 350 234 328 1053
527 359 226 328 1053
364 359 229 329 1054
250 355 221 329 1054
137 351 233 329 1054
710 320 225 329 1054
464 361 227 329 1054
398 364 229 329 1054
107 40 227 329 1054
31 362 233 329 1054
10113 1046 216 329 1054
527 360 231 329 1054
10109 1042 219 329 1054
187 351 237 329 1054
364 360 225 330 1055
250 356 223 330 1055
137 352 231 330 1055
347 355 228 330 1055
631 33 225 330 1055
710 321 221 330 1055
107 41 227 330 1055
398 365 227 330 1055
31 363 221 330 1055
10113 1047 229 330 1055
527 361 230 330 1055
10109 1043 218 330 1055
187 352 231 330 1055
364 361 230 331 1056
250 357 233 331 1056
137 353 234 331 1056
347 356 229 331 1056
631 34 223 331 1056
464 363 226 331 1056
107 42 225 331 1056
398 366 227 331 1056
10113 1048 220 331 1056
527 362 229 331 1056
187 353 235 331 1056
10109 1044 219 331 1056
250 358 235 332 1057
137 354 234 332 1057
347 357 228 332 1057
117 270 225 332 1057
631 35 224 332 1057
107 43 221 332 1057
398 367 226 332 1057
31 365 233 332 1057
10113 1049 215 332 1057
527 363 227 332 1057
10109 1045 218 332 1057
187 354 236 332 1057
364 363 222 332 1057
250 359 235 333 1058
137 355 231 333 1058
347 358 229 333 1058
631 36 226 333 1058
464 365 221 333 1058
398 368 227 333 1058
31 366 232 333 1058
10113 1050 218 333 1058
527 364 226 333 1058
10109 1046 216 333 1058
187 355 237 333 1058
364 364 223 333 1058
250 360 223 334 1059
137 356 230 334 1059
347 359 222 334 1059
718 271 221 334 1059
631 37 227 334 1059
107 45 231 334 1059
398 369 225 334 1059
31 367 228 334 1059
10113 1051 235 334 1059
527 365 223 334 1059
10109 1047 222 334 1059
364 365 225 334 1059
187 356 231 334 1059
250 361 223 335 1060
137 357 228 335 1060
347 360 230 335 1060
631 38 223 335 1060
31 368 237 335 1060
10113 1052 222 335 1060
10109 1048 222 335 1060
187 357 237 335 1060
364 366 222 335 1060
250 362 228 336 1061
137 358 230 336 1061
347 361 231 336 1061
107 47 225 336 1061
631 39 227 336 1061
398 371 231 336 1061
31 369 227 336 1061
10113 1053 222 336 1061
527 367 228 336 1061
10109 1049 221 336 1061
364 367 226 336 1061
187 358 237 337 1062
137 359 227 337 1062
347 362 221 337 1062
710 328 221 337 1062
107 48 229 337 1062
631 40 229 337 1062
464 369 227 337 1062
31 370 235 337 1062
10113 1054 228 337 1062
527 368 227 337 1062
10109 1050 221 337 1062
187 359 237 337 1062
364 368 224 337 1062
250 364 225 338 1063
137 360 233 338 1063
347 363 223 338 1063
718 275 231 338 1063
117 276 224 338 1063
107 49 225 338 1063
31 371 227 338 1063
10113 1055 233 338 1063
527 369 227 338 1063
10109 1051 221 338 1063
187 360 237 338 1063
364 369 229 338 1063
250 365 223 339 1064
347 364 222 339 1064
718 276 227 339 1064
117 277 229 339 1064
464 371 223 339 1064
631 42 225 339 1064
107 50 226 339 1064
398 374 229 339 1064
31 372 229 339 1064
10113 1056 232 339 1064
527 370 228 339 1064
10109 1052 219 339 1064
187 361 230 339 1064
250 366 229 340 1065
347 365 228 340 1065
718 277 226 340 1065
631 43 226 340 1065
398 375 230 340 1065
31 373 223 340 1065
10113 1057 227 340 1065
187 362 231 340 1065
10109 1053 221 340 1065
527 371 231 340 1065
364 371 226 340 1065
250 367 231 340 1065
137 363 229 341 1066
347 366 226 341 1066
718 278 227 341 1066
117 279 224 341 1066
107 52 222 341 1066
631 44 222 341 1066
398 376 229 341 1066
31 374 224 341 1066
10113 1058 233 341 1066
187 363 233 341 1066
10109 1054 222 341 1066
527 372 231 341 1066
364 372 227 341 1066
250 368 231 342 1067
137 364 230 342 1067
347 367 227 342 1067
718 279 225 342 1067
464 374 221 342 1067
117 280 221 342 1067
107 53 226 342 1067
631 45 225 342 1067
31 375 231 342 1067
10113 1059 230 342 1067
527 373 236 342 1067
187 364 231 342 1067
10109 1055 222 342 1067
250 369 229 343 1068
137 365 227 343 1068
347 368 227 343 1068
718 280 226 343 1068
117 281 227 343 1068
107 54 227 343 1068
398 378 223 343 1068
31 376 230 343 1068
10113 1060 234 343 1068
527 374 225 343 1068
10109 1056 222 343 1068
187 365 231 343 1068
364 374 226 343 1068
137 366 234 344 1069
631 1 227 344 1069
107 55 231 344 1069
10113 1061 231 344 1069
527 375 231 344 1069
10109 1057 222 344 1069
187 366 231 344 1069
364 375 229 345 1070
250 371 232 345 1070
137 367 231 345 1070
631 2 223 345 1070
718 282 231 345 1070
464 377 224 345 1070
117 283 221 345 1070
107 56 230 345 1070
31 378 227 345 1070
10113 1062 237 345 1070
527 376 233 345 1070
187 367 228 345 1070
10109 1058 221 345 1070
364 376 235 346 1071
250 372 233 346 1071
137 368 231 346 1071
718 283 233 346 1071
464 378 225 346 1071
107 57 232 346 1071
398 381 225 346 1071
31 379 235 346 1071
10113 1063 237 346 1071
187 368 225 346 1071
527 377 234 346 1071
10109 1059 219 346 1071
364 377 231 347 1072
250 373 235 347 1072
137 369 233 347 1072
631 4 225 347 1072
718 284 230 347 1072
107 58 231 347 1072
398 382 222 347 1072
30 49 221 347 1072
31 380 227 347 1072
10113 1064 235 347 1072
187 369 229 347 1072
10109 1060 223 347 1072
527 378 231 347 1072
364 378 233 348 1073
250 374 223 348 1073
137 370 225 348 1073
631 5 222 348 1073
398 383 224 348 1073
31 381 230 348 1073
10113 1065 236 348 1073
187 370 234 348 1073
10109 1061 223 348 1073
527 379 234 348 1073
364 379 225 349 1074
250 375 226 349 1074
137 371 233 349 1074
631 6 226 349 1074
347 374 221 349 1074
718 286 224 349 1074
107 60 223 349 1074
398 384 224 349 1074
31 382 225 349 1074
10113 1066 235 349 1074
187 371 228 349 1074
10109 1062 222 349 1074
527 380 231 349 1074
364 380 225 350 1075
250 376 233 350 1075
137 372 224 350 1075
718 287 227 350 1075
107 61 223 350 1075
31 383 229 350 1075
10113 1067 237 350 1075
187 372 230 350 1075
10109 1063 221 350 1075
527 381 233 350 1075
364 381 230 351 1076
250 377 229 351 1076
631 8 225 351 1076
137 373 231 351 1076
718 288 227 351 1076
464 383 227 351 1076
107 62 227 351 1076
398 386 223 351 1076
10113 1068 235 351 1076
187 373 231 351 1076
10109 1064 221 351 1076
527 382 233 351 1076
364 382 233 351 1076
250 378 232 352 1077
137 374 231 352 1077
631 9 225 352 1077
718 289 229 352 1077
117 290 221 352 1077
107 63 226 352 1077
398 387 229 352 1077
31 385 225 352 1077
10113 1069 237 352 1077
187 374 223 352 1077
10109 1065 222 352 1077
364 383 234 352 1077
250 379 226 353 1078
137 375 233 353 1078
718 290 228 353 1078
107 64 224 353 1078
31 386 225 353 1078
10113 1070 237 353 1078
187 375 224 353 1078
10109 1066 221 353 1078
527 384 225 353 1078
364 384 235 353 1078
250 380 224 354 1079
137 376 224 354 1079
718 291 231 354 1079
464 386 222 354 1079
398 389 230 354 1079
107 65 226 354 1079
31 387 231 354 1079
10113 1071 237 354 1079
187 376 225 354 1079
10109 1067 220 354 1079
364 385 233 354 1079
527 385 224 354 1079
250 381 231 355 1080
137 377 223 355 1080
347 380 225 355 1080
398 390 231 355 1080
31 388 233 355 1080
10113 1072 237 355 1080
187 377 223 355 1080
10109 1068 222 355 1080
364 386 234 355 1080
527 386 225 356 1081
250 382 225 356 1081
137 378 227 356 1081
718 293 231 356 1081
631 13 225 356 1081
117 294 222 356 1081
464 388 227 356 1081
107 67 221 356 1081
398 391 229 356 1081
30 58 221 356 1081
31 389 233 356 1081
10113 1073 239 356 1081
10109 1069 222 356 1081
364 387 232 356 1081
527 387 231 357 1082
250 383 228 357 1082
137 379 222 357 1082
631 14 228 357 1082
718 294 231 357 1082
398 392 224 357 1082
31 390 229 357 1082
10113 1074 238 357 1082
10109 1070 221 357 1082
364 388 234 357 1082
527 388 224 357 1082
250 384 229 358 1083
137 380 225 358 1083
117 296 226 358 1083
631 15 221 358 1083
464 390 222 358 1083
398 393 224 358 1083
31 391 231 358 1083
10113 1075 238 358 1083
10109 1071 221 358 1083
364 389 235 358 1083
527 389 227 359 1084
250 385 225 359 1084
137 381 225 359 1084
347 384 231 359 1084
117 297 227 359 1084
464 391 226 359 1084
398 394 224 359 1084
31 392 230 359 1084
10113 1076 237 359 1084
364 390 236 359 1084
10109 1072 221 359 1084
527 390 225 360 1085
250 386 228 360 1085
137 382 228 360 1085
117 298 222 360 1085
347 385 231 360 1085
398 395 222 360 1085
10113 1077 237 360 1085
364 391 235 360 1085
10109 1073 221 360 1085
527 391 226 361 1086
250 387 222 361 1086
137 383 229 361 1086
347 386 230 361 1086
718 298 224 361 1086
31 394 237 361 1086
10113 1078 238 361 1086
364 392 235 361 1086
10109 1074 221 361 1086
527 392 231 362 1087
250 388 231 362 1087
137 384 226 362 1087
117 300 224 362 1087
347 387 230 362 1087
718 299 230 362 1087
464 394 224 362 1087
398 397 224 362 1087
31 395 233 362 1087
10113 1079 236 362 1087
364 393 223 362 1087
10109 1075 221 362 1087
527 393 233 363 1088
250 389 229 363 1088
117 301 223 363 1088
137 385 224 363 1088
347 388 229 363 1088
718 300 233 363 1088
631 20 225 363 1088
107 74 231 363 1088
398 398 223 363 1088
31 396 231 363 1088
10113 1080 236 363 1088
364 394 235 363 1088
10109 1076 222 363 1088
527 394 234 364 1089
117 302 227 364 1089
137 386 225 364 1089
718 301 227 364 1089
347 389 227 364 1089
631 21 231 364 1089
464 396 223 364 1089
107 75 228 364 1089
398 399 221 364 1089
31 397 232 364 1089
10113 1081 236 364 1089
364 395 235 364 1089
10109 1077 222 364 1089
527 395 224 365 1090
117 303 225 365 1090
137 387 226 365 1090
250 391 237 365 1090
347 390 227 365 1090
631 22 230 365 1090
718 302 223 365 1090
464 397 224 365 1090
107 76 226 365 1090
398 400 221 365 1090
31 398 231 365 1090
10113 1082 237 365 1090
364 396 233 365 1090
10109 1078 221 365 1090
527 396 231 366 1091
250 392 227 366 1091
137 388 225 366 1091
347 391 229 366 1091
631 23 221 366 1091
107 77 224 366 1091
398 401 222 366 1091
31 399 237 366 1091
10113 1083 236 366 1091
364 397 235 366 1091
187 388 221 366 1091
10109 1079 221 366 1091
527 397 222 367 1092
250 393 227 367 1092
347 392 225 367 1092
137 389 222 367 1092
718 304 231 367 1092
631 24 231 367 1092
464 399 224 367 1092
107 78 229 367 1092
398 402 222 367 1092
30 69 227 367 1092
31 400 232 367 1092
10113 1084 227 367 1092
187 389 235 367 1092
10109 1080 223 367 1092
527 398 233 368 1093
117 306 221 368 1093
137 390 237 368 1093
718 305 234 368 1093
464 400 225 368 1093
107 79 229 368 1093
30 70 227 368 1093
31 401 225 368 1093
10113 1085 228 368 1093
187 390 233 368 1093
364 399 222 368 1093
10109 1081 220 368 1093
527 399 226 369 1094
10023 1084 213 369 1094
117 307 224 369 1094
347 394 225 369 1094
137 391 232 369 1094
718 306 234 369 1094
631 26 225 369 1094
107 80 235 369 1094
30 71 225 369 1094
31 402 222 369 1094
10113 1086 235 369 1094
187 391 230 369 1094
364 400 227 369 1094
10109 1082 221 369 1094
527 400 231 370 1095
10023 1085 213 370 1095
117 308 226 370 1095
250 396 224 370 1095
347 395 222 370 1095
137 392 232 370 1095
718 307 226 370 1095
464 402 223 370 1095
710 361 223 370 1095
107 81 225 370 1095
31 403 221 370 1095
10113 1087 237 370 1095
187 392 221 370 1095
364 401 228 370 1095
10109 1083 220 370 1095
527 401 223 371 1096
10023 1086 213 371 1096
117 309 225 371 1096
250 397 232 371 1096
137 393 226 371 1096
631 28 225 371 1096
107 82 235 371 1096
10113 1088 233 371 1096
187 393 226 371 1096
10109 1084 212 371 1096
10023 1087 211 372 1097
250 398 225 372 1097
137 394 230 372 1097
347 397 222 372 1097
631 29 221 372 1097
718 309 235 372 1097
464 404 223 372 1097
107 83 231 372 1097
31 405 228 372 1097
10113 1089 235 372 1097
187 394 231 372 1097
364 403 227 372 1097
10109 1085 221 372 1097
527 403 227 373 1098
10023 1088 210 373 1098
137 395 230 373 1098
631 30 225 373 1098
718 310 237 373 1098
464 405 226 373 1098
107 84 233 373 1098
710 364 221 373 1098
398 408 222 373 1098
31 406 234 373 1098
30 75 225 373 1098
10113 1090 231 373 1098
187 395 233 373 1098
364 404 235 373 1098
10109 1086 219 373 1098
10023 1089 214 374 1099
250 400 228 374 1099
137 396 226 374 1099
631 31 225 374 1099
718 311 239 374 1099
464 406 229 374 1099
107 85 227 374 1099
398 409 223 374 1099
30 76 224 374 1099
31 407 235 374 1099
10113 1091 236 374 1099
364 405 233 374 1099
187 396 237 374 1099
10109 1087 217 374 1099
250 401 226 375 1100
137 397 225 375 1100
631 32 224 375 1100
464 407 225 375 1100
107 86 223 375 1100
710 366 222 375 1100
10126 1033 213 375 1100
398 410 222 375 1100
31 408 227 375 1100
30 77 225 375 1100
10113 1092 237 375 1100
364 406 232 375 1100
187 397 234 375 1100
527 406 227 376 1101
10023 1091 211 376 1101
250 402 225 376 1101
137 398 222 376 1101
631 33 227 376 1101
718 313 229 376 1101
464 408 222 376 1101
10126 1034 212 376 1101
30 78 224 376 1101
31 409 228 376 1101
10113 1093 232 376 1101
364 407 232 376 1101
187 398 233 376 1101
527 407 229 377 1102
250 403 231 377 1102
107 88 224 377 1102
10126 1035 211 377 1102
30 79 223 377 1102
31 410 233 377 1102
10113 1094 233 377 1102
364 408 234 377 1102
187 399 231 377 1102
10109 1090 212 377 1102
527 408 225 378 1103
10023 1093 210 378 1103
250 404 227 378 1103
137 400 225 378 1103
718 315 225 378 1103
631 35 230 378 1103
107 89 222 378 1103
10126 1036 210 378 1103
30 80 222 378 1103
31 411 235 378 1103
10113 1095 223 378 1103
364 409 235 378 1103
187 400 226 378 1103
10109 1091 210 378 1103
527 409 229 379 1104
250 405 228 379 1104
137 401 223 379 1104
718 316 227 379 1104
631 36 225 379 1104
464 411 221 379 1104
398 414 225 379 1104
31 412 237 379 1104
10113 1096 225 379 1104
364 410 235 379 1104
187 401 226 379 1104
10109 1092 213 380 1105
527 410 230 380 1105
347 405 223 380 1105
250 406 225 380 1105
718 317 227 380 1105
137 402 223 380 1105
631 37 226 380 1105
710 371 227 380 1105
398 415 224 380 1105
10113 1097 228 380 1105
364 411 237 380 1105
187 402 223 380 1105
527 411 232 381 1106
250 407 225 381 1106
117 319 223 381 1106
137 403 225 381 1106
718 318 231 381 1106
107 92 222 381 1106
631 38 224 381 1106
710 372 225 381 1106
31 414 235 381 1106
10113 1098 229 381 1106
364 412 233 381 1106
187 403 229 382 1107
10109 1094 211 382 1107
718 319 225 382 1107
710 373 223 382 1107
464 414 223 382 1107
10126 1040 211 382 1107
398 417 222 382 1107
10113 1099 217 382 1107
364 413 236 382 1107
187 404 233 382 1107
10109 1095 214 383 1108
527 413 223 383 1108
250 409 231 383 1108
137 405 229 383 1108
718 320 226 383 1108
710 374 221 383 1108
10126 1041 210 383 1108
31 416 224 383 1108
398 418 225 383 1108
10113 1100 223 383 1108
364 414 231 383 1108
187 405 233 384 1109
10109 1096 216 384 1109
250 410 231 384 1109
718 321 227 384 1109
631 41 221 384 1109
710 375 223 384 1109
10126 1042 210 384 1109
10113 1101 220 384 1109
364 415 235 384 1109
187 406 234 385 1110
10109 1097 216 385 1110
250 411 230 385 1110
137 407 227 385 1110
718 322 227 385 1110
710 376 225 385 1110
10126 1043 210 385 1110
31 418 232 385 1110
398 420 223 385 1110
10113 1102 231 385 1110
364 416 235 385 1110
187 407 224 385 1110
10109 1098 210 386 1111
250 412 231 386 1111
137 408 225 386 1111
718 323 231 386 1111
631 43 225 386 1111
710 377 225 386 1111
10126 1044 210 386 1111
398 421 222 386 1111
10113 1103 226 386 1111
187 408 224 387 1112
10109 1099 212 387 1112
527 417 227 387 1112
250 413 225 387 1112
718 324 233 387 1112
710 378 223 387 1112
10126 1045 210 387 1112
398 422 222 387 1112
10113 1104 224 387 1112
364 418 233 387 1112
187 409 227 387 1112
10109 1100 214 388 1113
137 410 229 388 1113
250 414 227 388 1113
107 99 225 388 1113
464 420 229 388 1113
710 379 224 388 1113
10126 1046 210 388 1113
31 421 230 388 1113
10113 1105 222 388 1113
364 419 233 388 1113
187 410 226 389 1114
137 411 225 389 1114
250 415 229 389 1114
718 326 225 389 1114
710 380 225 389 1114
31 422 233 389 1114
10126 1047 210 389 1114
10113 1106 223 389 1114
364 420 233 389 1114
187 411 230 389 1114
250 416 231 390 1115
137 412 229 390 1115
718 327 230 390 1115
631 47 225 390 1115
710 381 225 390 1115
31 423 230 390 1115
10113 1107 216 390 1115
364 421 237 390 1115
10109 1103 212 391 1116
527 421 228 391 1116
347 416 221 391 1116
250 417 228 391 1116
137 413 230 391 1116
718 328 231 391 1116
710 382 221 391 1116
31 424 227 391 1116
398 426 225 391 1116
10113 1108 225 391 1116
364 422 236 391 1116
187 413 223 391 1116
10023 1107 210 392 1117
137 414 229 392 1117
250 418 228 392 1117
718 329 233 392 1117
631 49 228 392 1117
31 425 221 392 1117
398 427 225 392 1117
10113 1109 223 392 1117
364 423 235 392 1117
187 414 232 392 1117
10109 1105 211 393 1118
137 415 221 393 1118
250 419 229 393 1118
718 330 223 393 1118
710 384 225 393 1118
31 426 225 393 1118
10126 1051 210 393 1118
398 428 222 393 1118
10113 1110 225 393 1118
364 424 227 393 1118
187 415 236 393 1118
10109 1106 212 394 1119
250 420 229 394 1119
137 416 225 394 1119
464 426 224 394 1119
631 51 221 394 1119
710 385 225 394 1119
31 427 225 394 1119
398 429 224 394 1119
10113 1111 237 394 1119
364 425 235 394 1119
187 416 232 395 1120
10109 1107 217 395 1120
527 425 228 395 1120
117 333 231 395 1120
137 417 236 395 1120
250 421 230 395 1120
718 332 223 395 1120
631 52 223 395 1120
710 386 223 395 1120
31 428 235 395 1120
398 430 223 395 1120
10113 1112 230 395 1120
364 426 232 395 1120
187 417 231 396 1121
527 426 227 396 1121
250 422 229 396 1121
718 333 231 396 1121
464 428 225 396 1121
631 53 229 396 1121
31 429 230 396 1121
30 98 221 396 1121
10113 1113 227 396 1121
364 427 229 396 1121
187 418 231 396 1121
527 427 230 397 1122
250 423 221 397 1122
137 419 233 397 1122
718 334 236 397 1122
631 54 222 397 1122
31 430 239 397 1122
398 432 221 397 1122
30 99 221 397 1122
10113 1114 229 397 1122
187 419 231 397 1122
527 428 223 398 1123
137 420 223 398 1123
631 55 222 398 1123
31 431 222 398 1123
30 100 226 398 1123
10113 1115 234 398 1123
187 420 227 398 1123
10109 1111 216 399 1124
137 421 224 399 1124
718 336 222 399 1124
631 56 227 399 1124
710 390 222 399 1124
31 432 225 399 1124
10113 1116 229 399 1124
364 430 229 399 1124
187 421 225 399 1124
10109 1112 216 400 1125
718 337 223 400 1125
631 57 229 400 1125
30 102 223 400 1125
10113 1117 216 400 1125
187 422 233 400 1125
10109 1113 223 401 1126
527 431 229 401 1126
117 339 221 401 1126
137 423 237 401 1126
107 2 224 401 1126
718 338 231 401 1126
631 58 230 401 1126
710 392 222 401 1126
31 434 229 401 1126
10126 1059 211 401 1126
398 436 221 401 1126
30 103 222 401 1126
10113 1118 233 401 1126
187 423 229 401 1126
10109 1114 222 402 1127
527 432 223 402 1127
137 424 235 402 1127
250 428 221 402 1127
107 3 226 402 1127
464 434 225 402 1127
631 59 223 402 1127
31 435 231 402 1127
10113 1119 224 402 1127
10109 1115 213 403 1128
527 433 224 403 1128
250 429 222 403 1128
718 340 225 403 1128
631 60 225 403 1128
31 436 228 403 1128
398 438 224 403 1128
10113 1120 228 403 1128
364 434 223 403 1128
187 425 231 403 1128
10109 1116 221 404 1129
527 434 223 404 1129
347 429 221 404 1129
107 5 223 404 1129
718 341 221 404 1129
631 61 223 404 1129
31 437 225 404 1129
398 439 221 404 1129
10113 1121 228 404 1129
364 435 224 404 1129
187 426 228 404 1129
718 342 227 405 1130
710 396 221 405 1130
631 62 225 405 1130
398 440 221 405 1130
10113 1122 225 405 1130
187 427 225 405 1130
10109 1118 218 406 1131
527 436 222 406 1131
117 344 231 406 1131
107 7 223 406 1131
250 432 226 406 1131
718 343 227 406 1131
710 397 221 406 1131
10113 1123 218 406 1131
187 428 221 406 1131
137 429 221 407 1132
31 440 221 407 1132
10113 1124 221 407 1132
187 429 225 407 1132
10109 1120 214 408 1133
10113 1125 221 408 1133
187 430 224 408 1133
10109 1121 210 409 1134
137 431 223 409 1134
10113 1126 223 409 1134
187 431 224 409 1134
398 445 222 410 1135
10113 1127 219 410 1135
187 432 225 410 1135
10109 1123 213 411 1136
137 433 221 411 1136
31 444 221 411 1136
10113 1128 227 411 1136
187 433 225 411 1136
10109 1124 222 412 1137
347 437 223 412 1137
137 434 223 412 1137
464 444 221 412 1137
10113 1129 215 412 1137
187 434 225 412 1137
10109 1125 214 413 1138
398 448 221 413 1138
10113 1130 225 413 1138
187 435 223 413 1138
10109 1126 216 414 1139
347 439 222 414 1139
137 436 223 414 1139
718 351 221 414 1139
710 405 232 414 1139
398 449 222 414 1139
10113 1131 225 414 1139
187 436 221 414 1139
10109 1127 215 415 1140
710 406 225 415 1140
464 447 221 415 1140
10113 1132 217 415 1140
187 437 227 415 1140
10109 1128 216 416 1141
347 441 226 416 1141
710 407 224 416 1141
10113 1133 234 416 1141
187 438 226 416 1141
527 447 223 417 1142
107 18 222 417 1142
710 408 221 417 1142
398 452 225 417 1142
10113 1134 221 417 1142
10109 1130 212 418 1143
527 448 225 418 1143
30 120 224 418 1143
10113 1135 227 418 1143
187 440 232 419 1144
10109 1131 219 419 1144
710 410 224 419 1144
10113 1136 223 419 1144
187 441 221 420 1145
10109 1132 219 420 1145
527 450 223 420 1145
710 411 222 420 1145
10113 1137 222 420 1145
187 442 223 420 1145
10109 1133 216 421 1146
710 412 224 421 1146
10113 1138 225 421 1146
10109 1134 217 422 1147
527 452 232 422 1147
710 413 222 422 1147
187 444 223 422 1147
10109 1135 220 423 1148
527 453 229 423 1148
107 24 221 423 1148
10113 1140 213 423 1148
10109 1136 217 424 1149
527 454 222 424 1149
10113 1141 218 424 1149
10109 1137 217 425 1150
347 450 221 425 1150
10113 1142 217 425 1150
10109 1138 216 426 1151
527 456 221 426 1151
464 458 224 426 1151
10109 1139 221 427 1152
250 453 221 427 1152
398 462 221 427 1152
10113 1144 211 427 1152
10109 1140 221 428 1153
527 458 224 428 1153
398 463 223 428 1153
10113 1145 218 428 1153
10109 1141 218 429 1154
10113 1146 225 429 1154
10109 1142 218 430 1155
10113 1147 216 430 1155
10109 1143 219 431 1156
10109 1144 217 432 1157
10113 1149 217 432 1157
10109 1145 217 433 1158
10113 1150 215 433 1158
10109 1146 216 434 1159
107 35 221 434 1159
631 91 223 434 1159
10113 1151 216 434 1159
10109 1147 216 435 1160
10113 1152 211 435 1160
187 457 221 435 1160
10109 1148 216 436 1161
10113 1153 219 436 1161
10109 1149 216 436 1161
137 459 221 437 1162
10113 1154 217 437 1162
10109 1150 215 437 1162
10113 1155 221 438 1163
10109 1151 212 438 1163
250 465 221 439 1164
10113 1156 220 439 1164
10109 1152 211 439 1164
10113 1157 217 440 1165
10109 1153 216 440 1165
31 474 222 441 1166
10113 1158 222 441 1166
187 463 223 441 1166
10109 1154 217 441 1166
31 475 223 442 1167
10113 1159 224 442 1167
10109 1155 216 442 1167
10113 1160 219 443 1168
10109 1156 215 443 1168
10113 1161 213 444 1169
187 466 221 444 1169
10109 1157 212 444 1169
710 436 224 445 1170
10113 1162 216 445 1170
10109 1158 212 445 1170
527 476 221 446 1171
347 471 230 446 1171
107 47 223 446 1171
710 437 226 446 1171
31 479 230 446 1171
250 472 226 446 1171
398 481 222 446 1171
10113 1163 223 446 1171
187 468 225 446 1171
10109 1159 213 446 1171
347 472 231 447 1172
107 48 225 447 1172
710 438 221 447 1172
10113 1164 228 447 1172
187 469 223 447 1172
10109 1160 214 447 1172
347 473 230 448 1173
107 49 221 448 1173
710 439 222 448 1173
250 474 225 448 1173
10113 1165 228 448 1173
10109 1161 213 448 1173
347 474 230 449 1174
107 50 224 449 1174
710 440 229 449 1174
10113 1166 218 449 1174
10109 1162 217 449 1174
527 480 225 450 1175
347 475 221 450 1175
710 441 223 450 1175
10109 1163 216 450 1175
710 442 222 451 1176
10113 1168 224 451 1176
187 473 222 451 1176
10109 1164 218 451 1176
710 443 227 452 1177
718 389 221 452 1177
10113 1169 225 452 1177
10109 1165 218 452 1177
710 444 227 453 1178
10113 1170 219 453 1178
10109 1166 216 453 1178
710 445 226 454 1179
10113 1171 224 454 1179
10109 1167 216 455 1180
527 485 222 455 1180
710 446 226 455 1180
10113 1172 225 455 1180
10109 1168 216 455 1180
527 486 225 456 1181
710 447 225 456 1181
398 491 221 456 1181
250 482 221 456 1181
10113 1173 218 456 1181
10109 1169 215 457 1182
527 487 225 457 1182
107 58 223 457 1182
710 448 223 457 1182
718 394 222 457 1182
10113 1174 217 457 1182
10109 1170 214 458 1183
527 488 224 458 1183
107 59 225 458 1183
710 449 225 458 1183
398 493 223 458 1183
250 484 221 458 1183
10113 1175 223 458 1183
10109 1171 218 459 1184
527 489 223 459 1184
718 396 222 459 1184
31 492 223 459 1184
10113 1176 231 459 1184
10109 1172 211 460 1185
710 451 221 460 1185
10113 1177 218 460 1185
10109 1173 216 461 1186
710 452 226 461 1186
31 494 221 461 1186
10113 1178 218 461 1186
10109 1174 214 462 1187
10113 1179 217 462 1187
187 484 221 462 1187
10109 1175 215 463 1188
710 454 226 463 1188
10113 1180 219 463 1188
10109 1176 215 464 1189
710 455 232 464 1189
31 497 224 464 1189
10113 1181 225 464 1189
187 486 228 464 1189
10109 1177 213 465 1190
107 66 221 465 1190
710 456 230 465 1190
31 498 225 465 1190
10113 1182 218 465 1190
187 487 227 465 1190
10109 1178 214 466 1191
527 496 227 466 1191
710 457 229 466 1191
31 499 228 466 1191
187 488 225 466 1191
10109 1179 212 467 1192
117 405 223 467 1192
710 458 221 467 1192
31 500 223 467 1192
631 124 221 467 1192
10113 1184 222 467 1192
187 489 224 467 1192
10109 1180 212 468 1193
117 406 224 468 1193
107 69 221 468 1193
710 459 226 468 1193
31 501 226 468 1193
631 125 223 468 1193
10113 1185 223 468 1193
187 490 225 468 1193
10109 1181 215 469 1194
527 499 223 469 1194
117 407 222 469 1194
31 502 227 469 1194
631 126 223 469 1194
250 495 228 469 1194
10113 1186 231 469 1194
30 171 223 469 1194
187 491 221 469 1194
10109 1182 213 470 1195
117 408 221 470 1195
107 71 231 470 1195
31 503 232 470 1195
464 502 221 470 1195
250 496 223 470 1195
631 127 224 470 1195
10113 1187 241 470 1195
10109 1183 213 470 1195
117 409 229 471 1196
31 504 224 471 1196
631 128 221 471 1196
250 497 222 471 1196
10113 1188 238 471 1196
187 493 224 471 1196
10109 1184 211 471 1196
527 502 223 472 1197
117 410 227 472 1197
107 73 221 472 1197
718 409 223 472 1197
31 505 232 472 1197
464 504 223 472 1197
631 129 223 472 1197
250 498 224 472 1197
10113 1189 226 472 1197
10109 1185 223 472 1197
527 503 222 473 1198
117 411 229 473 1198
107 74 221 473 1198
31 506 230 473 1198
631 130 222 473 1198
10113 1190 231 473 1198
10109 1186 211 473 1198
117 412 233 474 1199
31 507 221 474 1199
631 131 229 474 1199
250 500 233 474 1199
30 176 221 474 1199
10113 1191 225 474 1199
710 466 223 475 1200
31 508 221 475 1200
631 132 235 475 1200
250 501 234 475 1200
10113 1192 227 475 1200
364 506 223 475 1200
31 509 231 476 1201
250 502 237 476 1201
10113 1193 221 476 1201
364 507 225 476 1201
117 415 227 477 1202
31 510 226 477 1202
464 509 223 477 1202
250 503 236 477 1202
10113 1194 219 477 1202
364 508 223 477 1202
117 416 233 478 1203
710 469 222 478 1203
31 511 233 478 1203
631 135 229 478 1203
250 504 233 478 1203
10113 1195 231 478 1203
364 509 225 478 1203
527 509 221 479 1204
117 417 235 479 1204
31 512 231 479 1204
631 136 221 479 1204
10113 1196 233 479 1204
117 418 224 480 1205
107 81 222 480 1205
710 471 221 480 1205
31 513 228 480 1205
631 137 223 480 1205
250 506 223 480 1205
10113 1197 227 480 1205
117 419 227 481 1206
710 472 221 481 1206
31 514 231 481 1206
631 138 228 481 1206
250 507 223 481 1206
10113 1198 224 481 1206
187 503 225 481 1206
117 420 226 482 1207
107 83 221 482 1207
31 515 229 482 1207
398 517 222 482 1207
631 139 222 482 1207
10113 1199 221 482 1207
364 513 221 482 1207
137 505 223 483 1208
718 420 231 483 1208
31 516 238 483 1208
250 510 222 484 1209
10113 1201 227 484 1209
364 515 223 484 1209
117 423 239 484 1209
718 422 223 484 1209
631 142 224 484 1209
250 511 232 485 1210
10113 1202 233 485 1210
364 516 231 485 1210
10109 1198 213 485 1210
137 508 227 485 1210
527 516 229 485 1210
117 424 239 485 1210
10113 1203 216 486 1211
10113 1204 213 487 1212
10113 1205 225 488 1213
10109 1201 216 488 1213
137 511 221 488 1213
527 519 221 488 1213
107 90 242 488 1213
347 514 228 488 1213
117 427 221 488 1213
631 146 230 488 1213
30 191 225 489 1214
10113 1206 212 489 1214
10109 1202 219 489 1214
137 512 224 489 1214
527 520 227 489 1214
107 91 230 489 1214
347 515 221 489 1214
718 427 237 489 1214
631 147 225 489 1214
10113 1207 223 490 1215
187 512 223 490 1215
10109 1203 213 490 1215
10023 1206 212 490 1215
107 92 221 490 1215
117 429 228 490 1215
710 482 222 490 1215
398 526 223 490 1215
10113 1208 231 491 1216
187 513 224 491 1216
250 517 223 491 1216
117 430 221 491 1216
31 525 223 491 1216
10113 1209 228 492 1217
250 518 223 492 1217
187 514 225 492 1217
117 431 233 492 1217
718 430 239 492 1217
31 526 225 492 1217
10113 1210 226 493 1218
250 519 229 493 1218
187 515 224 493 1218
364 524 230 493 1218
10109 1206 216 493 1218
117 432 232 493 1218
10113 1211 234 494 1219
10109 1207 211 494 1219
117 433 238 494 1219
347 520 226 494 1219
718 432 228 494 1219
31 528 231 494 1219
10113 1212 239 495 1220
187 517 224 495 1220
10109 1208 212 495 1220
137 518 223 495 1220
117 434 238 495 1220
527 526 229 495 1220
347 521 225 495 1220
31 529 223 495 1220
250 522 226 496 1221
10113 1213 235 496 1221
10109 1209 219 496 1221
107 98 222 496 1221
117 435 227 496 1221
347 522 231 496 1221
718 434 222 496 1221
250 523 229 497 1222
10113 1214 235 497 1222
187 519 221 497 1222
10109 1210 213 497 1222
137 520 228 497 1222
107 99 224 497 1222
527 528 224 497 1222
347 523 223 497 1222
718 435 225 497 1222
31 531 221 497 1222
631 155 221 497 1222
10113 1215 218 498 1223
10113 1216 219 499 1224
137 522 223 499 1224
10113 1217 216 500 1225
10113 1218 214 501 1226
10113 1219 216 502 1227
31 537 223 503 1228
10113 1222 212 505 1230
347 531 222 505 1230
31 540 222 506 1231
10113 1224 213 507 1232
718 445 221 507 1232
10113 1225 212 508 1233
10113 1226 224 509 1234
464 542 227 510 1235
10113 1227 219 510 1235
137 533 222 510 1235
31 544 224 510 1235
464 543 226 511 1236
10113 1228 225 511 1236
137 534 225 511 1236
710 503 221 511 1236
31 545 222 512 1237
464 544 223 512 1237
10113 1229 227 512 1237
137 535 227 512 1237
710 504 221 512 1237
631 170 221 512 1237
31 546 224 512 1237
464 545 225 513 1238
10113 1230 228 513 1238
137 536 227 513 1238
527 544 221 513 1238
631 171 223 514 1239
31 547 223 514 1239
464 546 225 514 1239
187 536 222 514 1239
10113 1231 227 514 1239
137 537 225 514 1239
631 172 222 515 1240
31 548 221 515 1240
464 547 229 515 1240
187 537 227 515 1240
10113 1232 233 515 1240
364 546 222 515 1240
137 538 231 515 1240
347 541 221 515 1240
398 551 224 515 1240
631 173 226 516 1241
31 549 230 516 1241
464 548 224 516 1241
187 538 224 516 1241
10113 1233 236 516 1241
10109 1229 214 516 1241
137 539 225 516 1241
347 542 223 516 1241
250 543 222 517 1242
347 543 223 517 1242
464 550 225 518 1243
10113 1235 225 518 1243
10109 1231 211 518 1243
347 544 225 518 1243
31 552 227 519 1244
631 176 225 519 1244
10113 1236 227 519 1244
31 553 225 520 1245
10113 1237 226 520 1245
137 543 227 520 1245
347 546 227 520 1245
10113 1238 223 521 1246
10113 1239 223 522 1247
398 566 227 531 1256
631 188 238 531 1256
10126 1189 212 531 1256
31 564 223 531 1256
187 553 229 531 1256
10113 1248 237 531 1256
10109 1244 222 531 1256
364 562 221 531 1256
137 554 227 531 1256
10023 1247 210 531 1256
107 29 227 531 1256
527 562 233 531 1256
347 557 236 531 1256
117 470 240 531 1256
710 523 222 531 1256
398 567 226 532 1257
30 234 225 532 1257
187 554 223 532 1257
10113 1249 239 532 1257
250 558 233 532 1257
364 563 233 532 1257
10109 1245 215 532 1257
107 30 222 532 1257
527 563 233 532 1257
347 558 223 532 1257
117 471 223 532 1257
631 190 225 533 1258
31 566 225 533 1258
30 235 225 533 1258
464 565 221 533 1258
187 555 233 533 1258
10113 1250 235 533 1258
250 559 237 533 1258
364 564 233 533 1258
137 556 235 533 1258
10023 1249 210 533 1258
107 31 230 533 1258
347 559 230 533 1258
527 564 229 533 1258
117 472 223 533 1258
398 569 225 534 1259
30 236 233 534 1259
10105 1246 213 534 1259
567 520 225 534 1259
10023 1250 215 534 1259
749 242 221 534 1259
527 565 225 534 1259
242 49 222 534 1259
10120 1254 212 534 1259
10147 1247 210 534 1259
516 564 223 534 1259
10029 1250 220 534 1259
30 237 229 535 1260
337 561 231 535 1260
438 291 236 535 1260
10112 1248 209 535 1260
371 612 223 535 1260
265 574 222 535 1260
10147 1248 214 535 1260
398 571 222 535 1260
10105 1248 215 536 1261
10007 1251 212 536 1261
119 533 225 536 1261
581 574 233 536 1261
10016 1252 216 536 1261
10143 1254 213 536 1261
553 560 235 536 1261
438 293 225 537 1262
10007 1252 211 537 1262
458 577 233 537 1262
10145 1255 210 537 1262
438 294 247 538 1263
10007 1253 211 538 1263
10137 1251 225 538 1263
10131 1250 218 538 1263
317 568 235 538 1263
10105 1251 213 539 1264
10007 1254 219 539 1264
10137 1252 243 539 1264
317 569 227 539 1264
651 570 221 540 1265
518 572 229 540 1265
438 296 224 540 1265
10137 1253 239 540 1265
10137 1254 225 541 1266
10131 1253 212 541 1266
518 574 221 542 1267
10137 1255 237 542 1267
10112 1255 212 542 1267
10131 1254 213 542 1267
317 572 231 542 1267
10127 1256 213 542 1267
776 427 226 542 1267
421 575 227 542 1267
10137 1256 227 543 1268
776 428 225 543 1268
421 576 237 543 1268
518 576 227 543 1268
651 574 221 543 1268
438 300 229 544 1269
10137 1257 230 544 1269
10131 1256 212 544 1269
776 429 225 544 1269
421 577 225 544 1269
10137 1258 230 545 1270
455 578 233 545 1270
578 126 223 545 1270
733 577 221 545 1270
10131 1257 216 545 1270
317 575 226 545 1270
134 264 225 545 1270
776 430 227 545 1270
421 578 225 545 1270
414 577 235 545 1270
151 102 225 545 1270
518 578 235 546 1271
10137 1259 226 546 1271
497 574 227 546 1271
455 579 224 546 1271
10112 1259 214 546 1271
10131 1258 216 546 1271
317 576 227 546 1271
134 265 239 546 1271
776 431 230 546 1271
421 579 226 546 1271
151 103 231 546 1271
651 577 224 546 1271
518 579 233 547 1272
10007 1262 225 547 1272
10137 1260 233 547 1272
497 575 225 547 1272
455 580 223 547 1272
10131 1259 214 547 1272
317 577 230 547 1272
134 266 247 547 1272
776 432 241 547 1272
414 579 234 547 1272
151 104 221 547 1272
651 578 221 548 1273
608 1 222 548 1273
438 304 221 548 1273
10007 1263 210 548 1273
10137 1261 237 548 1273
497 576 222 548 1273
10131 1260 212 548 1273
317 578 221 548 1273
134 267 245 548 1273
776 433 249 548 1273
414 580 229 548 1273
151 105 221 548 1273
518 581 226 549 1274
10007 1264 223 549 1274
10137 1262 238 549 1274
455 582 222 549 1274
10131 1261 213 549 1274
134 268 247 549 1274
10127 1263 213 549 1274
776 434 236 549 1274
421 582 224 549 1274
414 581 229 549 1274
634 15 229 550 1275
518 582 229 550 1275
438 306 226 550 1275
10007 1265 215 550 1275
10137 1263 222 550 1275
497 578 239 550 1275
455 583 236 550 1275
134 269 241 550 1275
421 583 221 550 1275
414 582 223 550 1275
151 107 243 550 1275
634 16 225 550 1275
518 583 225 551 1276
10007 1266 225 551 1276
10137 1264 238 551 1276
455 584 242 551 1276
10131 1263 214 551 1276
317 581 227 551 1276
134 270 249 551 1276
776 436 227 551 1276
421 584 224 551 1276
414 583 228 551 1276
151 108 240 551 1276
651 582 221 552 1277
10007 1267 219 552 1277
10137 1265 230 552 1277
455 585 223 552 1277
134 271 241 552 1277
776 437 228 552 1277
421 585 232 552 1277
151 109 239 552 1277
651 583 224 553 1278
518 585 223 553 1278
10007 1268 220 553 1278
10137 1266 231 553 1278
497 581 225 553 1278
317 583 228 553 1278
134 272 223 553 1278
776 438 222 553 1278
596 579 222 553 1278
151 110 233 553 1278
161 75 229 553 1278
634 19 231 553 1278
704 584 225 554 1279
518 586 224 554 1279
10007 1269 228 554 1279
10137 1267 234 554 1279
497 582 227 554 1279
455 587 242 554 1279
10131 1266 219 554 1279
317 584 225 554 1279
134 273 237 554 1279
421 587 225 554 1279
414 586 225 554 1279
151 111 225 554 1279
518 587 231 555 1280
704 585 221 555 1280
651 585 226 555 1280
10007 1270 225 555 1280
10137 1268 215 555 1280
134 274 242 555 1280
151 112 239 555 1280
651 586 221 555 1280
704 586 223 555 1280
10007 1271 215 555 1280
10137 1269 224 555 1280
497 584 227 555 1280
455 589 239 555 1280
10112 1269 217 555 1280
317 586 223 555 1280
134 275 241 556 1281
776 441 224 556 1281
634 22 225 556 1281
151 113 231 556 1281
651 587 227 556 1281
518 589 230 556 1281
608 10 221 556 1281
438 313 223 556 1281
10007 1272 225 556 1281
366 2 233 556 1281
