509 1 0 1 740
567 1 0 1 740
637 1 0 1 741
509 2 0 2 741
42 0 0 1 741
637 2 0 2 742
509 3 0 3 742
42 1 0 2 742
637 3 0 3 743
42 2 0 3 743
42 3 0 4 744
509 6 0 6 745
42 4 0 5 745
530 6 0 7 746
509 7 0 7 746
567 7 0 7 746
637 7 0 7 747
530 7 0 8 747
509 8 0 8 747
567 8 0 8 747
42 6 0 7 747
637 8 0 8 748
567 9 0 9 748
42 7 0 8 748
530 9 0 10 749
530 10 0 11 750
42 9 0 10 750
637 11 0 11 751
637 12 0 12 752
42 11 0 12 752
637 13 0 13 753
530 13 0 14 753
509 14 0 14 753
567 14 0 14 753
42 12 0 13 753
530 14 0 15 754
509 15 0 15 754
567 15 0 15 754
42 13 0 14 754
530 15 0 16 755
42 14 0 15 755
42 15 0 16 756
567 18 0 18 757
42 16 0 17 757
637 18 0 18 758
530 19 0 20 759
567 21 0 21 760
42 19 0 20 760
637 21 0 21 761
42 20 0 21 761
637 22 0 22 762
42 22 0 23 763
42 23 0 24 764
567 26 0 26 765
42 24 0 25 765
530 26 0 27 766
42 25 0 26 766
42 26 0 27 767
567 29 0 29 768
42 27 0 28 768
637 29 0 29 769
42 28 0 29 769
42 29 0 30 770
567 32 0 32 771
42 30 0 31 771
484 68 0 32 772
42 31 0 32 772
509 34 0 33 773
42 34 0 35 775
567 37 0 37 776
567 39 0 39 778
42 38 0 39 779
42 43 0 44 784
42 44 0 45 785
617 113 0 47 786
42 45 0 46 786
777 84 0 48 787
279 95 0 49 788
270 69 0 48 788
771 92 0 48 788
655 87 0 48 788
471 98 0 49 788
279 96 0 50 789
450 95 0 50 789
30 98 0 50 789
9 98 0 49 789
9 99 0 50 790
471 100 0 51 790
600 74 0 52 791
9 101 0 52 792
471 102 0 53 792
600 75 0 53 792
694 69 0 54 793
9 102 0 53 793
65 43 0 54 793
279 101 0 55 794
30 103 0 55 794
9 103 0 54 794
65 44 0 55 794
279 102 0 56 795
118 87 0 56 795
9 104 0 55 795
573 105 0 59 797
279 105 0 59 798
694 74 0 59 798
30 107 0 59 798
9 107 0 58 798
600 81 0 59 798
721 91 0 59 799
279 106 0 60 799
9 108 0 59 799
507 94 0 60 799
65 49 0 60 799
694 76 0 61 800
9 109 0 60 800
509 61 0 60 800
65 50 0 61 800
495 92 0 61 800
279 108 0 62 801
694 77 0 62 801
9 110 0 61 801
65 51 0 62 801
495 93 0 62 801
600 84 0 62 801
279 109 0 63 802
694 78 0 63 802
30 111 0 63 802
9 111 0 62 802
65 52 0 63 802
495 94 0 63 802
600 85 0 63 802
694 79 0 64 803
9 112 0 63 803
65 53 0 64 803
471 113 0 64 803
495 95 0 64 803
600 86 0 64 803
721 96 0 64 804
279 111 0 65 804
694 80 0 65 804
9 113 0 64 804
495 96 0 65 804
721 97 0 65 805
30 114 0 66 805
9 114 0 65 805
471 115 0 66 805
495 97 0 66 805
9 115 0 66 806
65 56 0 67 806
471 116 0 67 806
495 98 0 67 806
721 99 0 67 807
694 83 0 68 807
30 116 0 68 807
9 116 0 67 807
65 57 0 68 807
495 99 0 68 807
721 100 0 68 808
694 84 0 69 808
30 117 0 69 808
9 117 0 68 808
65 58 0 69 808
495 100 0 69 808
694 85 0 70 809
9 118 0 69 809
471 119 0 70 809
495 101 0 70 809
279 117 0 71 810
694 86 0 71 810
118 102 0 71 810
30 119 0 71 810
9 119 0 70 810
495 102 0 71 810
721 103 0 71 811
279 118 0 72 811
118 103 0 72 811
30 120 0 72 811
9 120 0 71 811
495 103 0 72 811
279 119 0 73 812
694 88 0 73 812
9 121 0 72 812
495 104 0 73 812
279 120 0 74 813
9 122 0 73 813
495 105 0 74 813
279 121 0 75 814
118 106 0 75 814
9 123 0 74 814
495 106 0 75 814
279 122 0 76 815
9 124 0 75 815
495 107 0 76 815
279 123 0 77 816
9 125 0 76 816
573 124 0 78 816
495 108 0 77 816
279 124 0 78 817
9 126 0 77 817
573 125 0 79 817
495 109 0 78 817
9 127 0 78 818
65 68 0 79 818
495 110 0 79 818
279 126 0 79 819
9 128 0 79 819
65 69 0 80 819
495 111 0 80 819
450 126 0 81 820
9 129 0 80 820
65 70 0 81 820
495 112 0 81 820
600 103 0 81 820
721 113 0 81 821
694 97 0 82 821
30 130 0 82 821
9 130 0 81 821
65 71 0 82 821
495 113 0 82 821
279 129 0 82 822
694 98 0 83 822
9 131 0 82 822
495 114 0 83 822
30 132 0 84 823
471 133 0 84 823
9 133 0 84 824
471 134 0 85 824
495 116 0 85 824
91 73 0 85 825
30 134 0 86 825
9 134 0 85 825
471 135 0 86 825
495 117 0 86 825
91 74 0 86 826
91 74 0 87 826
471 136 0 87 826
495 118 0 87 826
91 75 0 88 827
30 136 0 88 827
65 77 0 88 827
471 137 0 88 827
495 119 0 88 827
721 120 0 88 828
694 104 0 89 828
9 137 0 88 828
471 138 0 89 828
694 105 0 90 829
9 138 0 89 829
471 139 0 90 829
30 139 0 91 830
471 140 0 91 830
495 122 0 91 830
30 140 0 92 831
471 141 0 92 831
495 123 0 92 831
279 139 0 92 832
30 141 0 93 832
573 140 0 94 832
471 142 0 93 832
495 124 0 93 832
694 109 0 94 833
450 139 0 94 833
30 142 0 94 833
471 143 0 94 833
495 125 0 94 833
600 116 0 94 833
694 110 0 95 834
30 143 0 95 834
9 143 0 94 834
495 126 0 95 834
279 142 0 95 835
118 127 0 96 835
91 83 0 95 835
9 144 0 95 835
65 85 0 96 835
279 143 0 96 836
694 112 0 97 836
451 146 0 97 836
91 84 0 97 836
9 145 0 96 836
471 146 0 97 836
721 129 0 97 837
279 144 0 97 837
451 147 0 98 837
9 146 0 97 837
495 129 0 98 837
279 145 0 98 838
30 147 0 99 838
9 147 0 98 838
279 146 0 99 839
30 148 0 100 839
495 131 0 100 839
279 147 0 100 840
721 134 0 102 842
118 134 0 103 842
495 134 0 103 842
118 135 0 104 843
65 93 0 104 843
471 153 0 104 843
495 135 0 104 843
279 151 0 104 844
694 120 0 105 844
9 153 0 104 844
495 136 0 105 844
91 93 0 106 845
30 154 0 106 845
471 155 0 106 845
495 137 0 106 845
30 155 0 107 846
471 156 0 107 846
495 138 0 107 846
450 153 0 108 847
91 95 0 108 847
471 157 0 108 847
495 139 0 108 847
721 140 0 108 848
118 140 0 109 848
91 96 0 109 848
30 157 0 109 848
471 158 0 109 848
30 158 0 110 849
721 142 0 110 850
279 157 0 110 850
118 142 0 111 850
91 98 0 111 850
30 159 0 111 850
471 160 0 111 850
279 158 0 111 851
118 143 0 112 851
30 160 0 112 851
279 159 0 112 852
91 100 0 113 852
30 161 0 113 852
471 162 0 113 852
279 160 0 113 853
694 129 0 114 853
30 162 0 114 853
471 163 0 114 853
495 145 0 114 853
721 146 0 114 854
279 161 0 114 854
30 163 0 115 854
471 164 0 115 854
279 162 0 115 855
118 147 0 116 855
30 164 0 116 855
471 165 0 116 855
495 147 0 116 855
600 138 0 116 855
279 163 0 116 856
118 148 0 117 856
30 165 0 117 856
471 166 0 117 856
495 148 0 117 856
279 164 0 117 857
694 133 0 118 857
471 167 0 118 857
495 149 0 118 857
721 150 0 118 858
279 165 0 118 858
118 150 0 119 858
721 151 0 119 859
279 166 0 119 859
118 151 0 120 859
30 168 0 120 859
279 167 0 120 860
451 170 0 121 860
30 169 0 121 860
573 168 0 122 860
471 170 0 121 860
495 152 0 121 860
721 153 0 121 861
279 168 0 121 861
694 137 0 122 861
118 153 0 122 861
451 171 0 122 861
450 167 0 122 861
367 149 0 122 861
495 153 0 122 861
721 154 0 122 862
279 169 0 122 862
694 138 0 123 862
118 154 0 123 862
450 168 0 123 862
91 110 0 123 862
9 171 0 122 862
495 154 0 123 862
721 155 0 123 863
279 170 0 123 863
118 155 0 124 863
450 169 0 124 863
471 173 0 124 863
495 155 0 124 863
279 171 0 124 864
118 156 0 125 864
450 170 0 125 864
495 156 0 125 864
279 172 0 125 865
694 141 0 126 865
118 157 0 126 865
450 171 0 126 865
91 113 0 126 865
9 174 0 125 865
471 175 0 126 865
495 157 0 126 865
279 173 0 126 866
694 142 0 127 866
118 158 0 127 866
451 176 0 126 866
91 114 0 127 866
471 176 0 127 866
279 174 0 127 867
118 159 0 128 867
573 175 0 129 867
471 177 0 128 867
279 175 0 128 868
91 116 0 129 868
30 177 0 129 868
721 161 0 129 869
279 176 0 129 869
91 117 0 130 869
9 178 0 129 869
471 179 0 130 869
600 152 0 130 869
721 162 0 130 870
279 177 0 130 870
573 178 0 132 870
600 153 0 131 870
721 163 0 131 871
118 163 0 132 871
91 119 0 132 871
471 181 0 132 871
118 164 0 133 872
91 120 0 133 872
471 182 0 133 872
600 155 0 133 872
279 180 0 133 873
118 165 0 134 873
471 183 0 134 873
495 165 0 134 873
118 166 0 135 874
91 122 0 135 874
471 184 0 135 874
694 151 0 136 875
118 167 0 136 875
91 123 0 136 875
471 185 0 136 875
495 167 0 136 875
600 158 0 136 875
118 168 0 137 876
471 186 0 137 876
471 187 0 138 877
600 160 0 138 877
118 170 0 139 878
471 188 0 139 878
118 171 0 140 879
471 189 0 140 879
9 189 0 140 880
471 190 0 141 880
495 172 0 141 880
721 173 0 141 881
118 173 0 142 881
471 191 0 142 881
600 164 0 142 881
279 189 0 142 882
118 174 0 143 882
573 190 0 143 882
471 192 0 143 882
495 174 0 143 882
279 190 0 143 883
91 131 0 144 883
471 193 0 144 883
495 175 0 144 883
600 166 0 144 883
279 191 0 144 884
694 160 0 145 884
91 132 0 145 884
471 194 0 145 884
600 167 0 145 884
279 192 0 145 885
118 177 0 146 885
471 195 0 146 885
279 193 0 146 886
471 196 0 147 886
279 194 0 147 887
118 179 0 148 887
471 197 0 148 887
495 179 0 148 887
600 170 0 148 887
279 195 0 148 888
118 180 0 149 888
88 164 0 149 888
471 198 0 149 888
495 180 0 149 888
279 196 0 149 889
694 165 0 150 889
118 181 0 150 889
91 137 0 150 889
471 199 0 150 889
495 181 0 150 889
91 138 0 151 890
471 200 0 151 890
495 182 0 151 890
118 183 0 152 891
91 139 0 152 891
471 201 0 152 891
495 183 0 152 891
600 174 0 152 891
91 140 0 153 892
471 202 0 153 892
279 200 0 153 893
471 203 0 154 893
279 201 0 154 894
118 186 0 155 894
471 204 0 155 894
279 202 0 155 895
118 187 0 156 895
471 205 0 156 895
279 203 0 156 896
694 172 0 156 896
9 205 0 156 896
471 206 0 157 896
279 204 0 157 897
118 189 0 158 897
471 207 0 158 897
600 180 0 158 897
279 205 0 158 898
471 208 0 159 898
495 190 0 159 898
279 206 0 159 899
118 191 0 160 899
9 208 0 159 899
721 192 0 160 900
279 207 0 160 900
118 192 0 161 900
573 208 0 161 900
495 192 0 161 900
279 208 0 161 901
118 193 0 162 901
721 194 0 161 902
279 209 0 162 902
279 210 0 163 903
91 151 0 164 903
573 211 0 164 903
471 213 0 164 903
279 211 0 164 904
118 196 0 165 904
279 212 0 165 905
118 197 0 166 905
30 214 0 166 905
495 197 0 166 905
721 198 0 165 906
279 213 0 166 906
450 212 0 166 906
279 214 0 167 907
118 199 0 168 907
30 216 0 168 907
471 217 0 168 907
495 199 0 167 907
279 215 0 168 908
118 200 0 169 908
9 217 0 168 908
495 200 0 168 908
721 201 0 168 909
279 216 0 169 909
118 201 0 170 909
451 219 0 169 909
91 157 0 169 909
24 165 0 171 909
471 219 0 170 909
495 201 0 169 909
279 217 0 170 910
694 186 0 170 910
118 202 0 171 910
91 158 0 170 910
9 219 0 170 910
24 166 0 172 910
600 193 0 171 910
279 218 0 171 911
118 203 0 172 911
9 220 0 171 911
573 219 0 172 911
471 221 0 172 911
600 194 0 172 911
721 204 0 171 912
279 219 0 172 912
118 204 0 173 912
451 222 0 172 912
88 188 0 173 912
24 168 0 174 912
471 222 0 173 912
600 195 0 173 912
279 220 0 173 913
118 205 0 174 913
450 219 0 173 913
600 196 0 174 913
279 221 0 174 914
320 215 0 174 914
9 223 0 174 914
600 197 0 175 914
721 207 0 174 915
279 222 0 175 915
118 207 0 176 915
30 224 0 176 915
236 217 0 175 915
573 223 0 176 915
600 198 0 176 915
279 223 0 176 916
694 192 0 176 916
9 225 0 176 916
88 192 0 177 916
721 209 0 176 917
279 224 0 177 917
694 193 0 177 917
450 223 0 177 917
30 226 0 178 917
9 226 0 177 917
573 225 0 178 917
279 225 0 178 918
30 227 0 179 918
471 228 0 179 918
495 210 0 179 918
721 211 0 178 919
279 226 0 179 919
694 195 0 179 919
451 229 0 179 919
91 167 0 179 919
9 228 0 179 919
471 229 0 180 919
495 211 0 180 919
694 196 0 180 920
9 229 0 180 920
573 228 0 181 920
495 212 0 181 920
9 230 0 181 921
573 229 0 182 921
495 213 0 182 921
279 229 0 182 922
694 198 0 182 922
118 214 0 183 922
9 231 0 182 922
495 214 0 183 922
600 205 0 183 922
694 199 0 183 923
495 215 0 184 923
9 233 0 184 924
495 216 0 185 924
9 234 0 185 925
495 217 0 186 925
721 218 0 185 926
694 202 0 186 926
9 235 0 186 926
495 218 0 187 926
694 203 0 187 927
118 219 0 188 927
450 233 0 187 927
9 236 0 187 927
495 219 0 188 927
721 220 0 187 928
9 237 0 188 928
9 238 0 189 929
495 221 0 189 929
694 206 0 190 930
9 239 0 190 930
495 222 0 190 930
694 207 0 191 931
9 240 0 191 931
694 208 0 192 932
9 241 0 192 932
495 224 0 192 932
9 242 0 193 933
9 243 0 194 934
495 226 0 194 934
694 211 0 195 935
9 244 0 195 935
495 227 0 195 935
694 212 0 196 936
9 245 0 196 936
495 228 0 196 936
694 213 0 197 937
30 246 0 198 937
9 246 0 197 937
495 229 0 197 937
118 230 0 199 938
30 247 0 199 938
9 247 0 198 938
495 230 0 198 938
9 248 0 199 939
65 189 0 199 939
495 231 0 199 939
9 249 0 200 940
495 232 0 200 940
9 250 0 201 941
495 233 0 201 941
694 218 0 202 942
9 251 0 202 942
495 234 0 202 942
694 219 0 203 943
9 252 0 203 943
495 235 0 203 943
9 253 0 204 944
495 236 0 204 944
9 254 0 205 945
65 195 0 205 945
495 237 0 205 945
9 255 0 206 946
495 238 0 206 946
721 239 0 206 947
694 223 0 207 947
9 256 0 207 947
495 239 0 207 947
721 240 0 207 948
694 224 0 208 948
9 257 0 208 948
495 240 0 208 948
694 225 0 209 949
9 258 0 209 949
495 241 0 209 949
9 259 0 210 950
495 242 0 210 950
9 260 0 211 951
495 243 0 211 951
694 228 0 212 952
9 261 0 212 952
495 244 0 212 952
694 229 0 213 953
9 262 0 213 953
65 203 0 213 953
495 245 0 213 953
9 263 0 214 954
495 246 0 214 954
9 264 0 215 955
495 247 0 215 955
694 232 0 216 956
9 265 0 216 956
495 248 0 216 956
694 233 0 217 957
30 266 0 218 957
9 266 0 217 957
495 249 0 217 957
694 234 0 218 958
30 267 0 219 958
9 267 0 218 958
495 250 0 218 958
721 251 0 218 959
694 235 0 219 959
30 268 0 220 959
9 268 0 219 959
495 251 0 219 959
694 236 0 220 960
9 269 0 220 960
65 210 0 220 960
495 252 0 220 960
721 253 0 220 961
694 237 0 221 961
9 270 0 221 961
65 211 0 221 961
495 253 0 221 961
694 238 0 222 962
9 271 0 222 962
495 254 0 222 962
694 239 0 223 963
9 272 0 223 963
495 255 0 223 963
694 240 0 224 964
9 273 0 224 964
495 256 0 224 964
694 241 0 225 965
118 257 0 226 965
9 274 0 225 965
65 215 0 225 965
495 257 0 225 965
694 242 0 226 966
9 275 0 226 966
495 258 0 226 966
514 240 0 228 967
694 243 0 227 967
9 276 0 227 967
495 259 0 227 967
694 244 0 228 968
30 277 0 229 968
9 277 0 228 968
495 260 0 228 968
721 261 0 228 969
694 245 0 229 969
9 278 0 229 969
573 277 0 230 969
495 261 0 229 969
694 246 0 230 970
91 218 0 230 970
9 279 0 230 970
495 262 0 230 970
694 247 0 231 971
694 247 0 232 971
9 280 0 231 971
495 263 0 231 971
694 248 0 233 972
777 269 0 233 972
9 281 0 232 972
495 264 0 232 972
91 221 0 233 973
9 282 0 233 973
495 265 0 233 973
694 250 0 235 974
91 222 0 234 974
9 283 0 234 974
495 266 0 234 974
694 251 0 236 975
91 223 0 235 975
9 284 0 235 975
495 267 0 235 975
721 268 0 236 976
91 224 0 236 976
91 224 0 237 976
9 285 0 236 976
495 268 0 236 976
600 259 0 237 976
91 225 0 238 977
9 286 0 237 977
495 269 0 237 977
694 254 0 239 978
118 270 0 239 978
91 226 0 239 978
9 287 0 238 978
495 270 0 238 978
721 271 0 239 979
279 286 0 239 979
694 255 0 240 979
118 271 0 240 979
91 227 0 240 979
9 288 0 239 979
495 271 0 239 979
694 256 0 241 980
91 228 0 241 980
9 289 0 240 980
495 272 0 240 980
721 273 0 241 981
694 257 0 242 981
9 290 0 241 981
471 291 0 242 981
495 273 0 241 981
694 258 0 243 982
91 230 0 243 982
9 291 0 242 982
471 292 0 243 982
495 274 0 242 982
694 259 0 244 983
118 275 0 244 983
9 292 0 243 983
471 293 0 244 983
495 275 0 243 983
721 276 0 244 984
694 260 0 245 984
777 281 0 245 984
118 276 0 245 984
91 232 0 244 984
91 232 0 245 984
9 293 0 244 984
471 294 0 245 984
495 276 0 244 984
694 261 0 246 985
91 233 0 246 985
9 294 0 245 985
471 295 0 246 985
495 277 0 245 985
600 268 0 246 985
694 262 0 247 986
91 234 0 247 986
9 295 0 246 986
495 278 0 246 986
694 263 0 248 987
9 296 0 247 987
471 297 0 248 987
495 279 0 247 987
279 295 0 248 988
694 264 0 249 988
91 236 0 248 988
91 236 0 249 988
9 297 0 248 988
495 280 0 248 988
495 280 0 249 988
91 237 0 250 989
9 298 0 249 989
471 299 0 250 989
495 281 0 250 989
600 272 0 250 989
694 266 0 251 990
91 238 0 251 990
9 299 0 250 990
471 300 0 251 990
495 282 0 251 990
694 267 0 252 991
777 288 0 252 991
91 239 0 252 991
30 300 0 252 991
9 300 0 251 991
471 301 0 252 991
495 283 0 252 991
279 299 0 252 992
694 268 0 253 992
91 240 0 253 992
9 301 0 252 992
471 302 0 253 992
495 284 0 253 992
721 285 0 253 993
279 300 0 253 993
694 269 0 254 993
91 241 0 254 993
9 302 0 253 993
471 303 0 254 993
495 285 0 254 993
721 286 0 254 994
279 301 0 254 994
694 270 0 255 994
118 286 0 255 994
91 242 0 255 994
9 303 0 254 994
471 304 0 255 994
495 286 0 255 994
118 287 0 256 995
91 243 0 256 995
9 304 0 255 995
471 305 0 256 995
495 287 0 256 995
721 288 0 256 996
694 272 0 257 996
91 244 0 257 996
9 305 0 256 996
65 246 0 256 996
471 306 0 257 996
495 288 0 257 996
721 289 0 257 997
279 304 0 257 997
694 273 0 258 997
9 306 0 257 997
471 307 0 258 997
495 289 0 258 997
279 305 0 258 998
694 274 0 259 998
777 295 0 259 998
91 246 0 258 998
9 307 0 258 998
471 308 0 259 998
495 290 0 259 998
279 306 0 259 999
91 247 0 259 999
9 308 0 259 999
65 249 0 259 999
471 309 0 260 999
495 291 0 260 999
721 292 0 260 1000
279 307 0 260 1000
694 276 0 260 1000
91 248 0 260 1000
9 309 0 260 1000
471 310 0 261 1000
694 277 0 261 1001
91 249 0 261 1001
9 310 0 261 1001
471 311 0 262 1001
495 293 0 261 1001
694 278 0 262 1002
91 250 0 262 1002
9 311 0 262 1002
471 312 0 263 1002
495 294 0 262 1002
495 294 0 263 1002
279 310 0 263 1003
694 279 0 263 1003
91 251 0 263 1003
9 312 0 263 1003
471 313 0 264 1003
721 296 0 264 1004
694 280 0 264 1004
91 252 0 264 1004
9 313 0 264 1004
471 314 0 265 1004
495 296 0 264 1004
721 297 0 265 1005
694 281 0 265 1005
91 253 0 265 1005
91 253 0 266 1005
9 314 0 265 1005
65 255 0 265 1005
471 315 0 266 1005
495 297 0 265 1005
694 282 0 266 1006
30 315 0 267 1006
9 315 0 266 1006
471 316 0 267 1006
495 298 0 266 1006
279 314 0 267 1007
694 283 0 267 1007
118 299 0 268 1007
91 255 0 267 1007
91 255 0 268 1007
9 316 0 267 1007
471 317 0 268 1007
495 299 0 267 1007
279 315 0 268 1008
694 284 0 268 1008
91 256 0 269 1008
9 317 0 268 1008
471 318 0 269 1008
495 300 0 268 1008
694 285 0 269 1009
9 318 0 269 1009
471 319 0 270 1009
495 301 0 269 1009
279 317 0 270 1010
694 286 0 270 1010
118 302 0 271 1010
91 258 0 270 1010
91 258 0 271 1010
30 319 0 271 1010
9 319 0 270 1010
471 320 0 271 1010
495 302 0 270 1010
495 302 0 271 1010
694 287 0 271 1011
118 303 0 272 1011
91 259 0 272 1011
30 320 0 272 1011
9 320 0 271 1011
471 321 0 272 1011
694 288 0 272 1012
91 260 0 273 1012
30 321 0 273 1012
9 321 0 272 1012
507 307 0 272 1012
471 322 0 273 1012
495 304 0 272 1012
279 320 0 273 1013
694 289 0 273 1013
30 322 0 274 1013
9 322 0 273 1013
471 323 0 274 1013
495 305 0 273 1013
279 321 0 274 1014
694 290 0 274 1014
91 262 0 274 1014
9 323 0 274 1014
573 322 0 275 1014
65 264 0 274 1014
471 324 0 275 1014
495 306 0 274 1014
721 307 0 274 1015
91 263 0 275 1015
9 324 0 275 1015
471 325 0 276 1015
495 307 0 275 1015
694 292 0 276 1016
9 325 0 276 1016
471 326 0 277 1016
495 308 0 276 1016
91 265 0 277 1017
30 326 0 278 1017
9 326 0 277 1017
65 267 0 277 1017
471 327 0 278 1017
495 309 0 277 1017
694 294 0 278 1018
91 266 0 278 1018
30 327 0 279 1018
471 328 0 279 1018
721 311 0 278 1019
91 267 0 279 1019
9 328 0 279 1019
65 269 0 279 1019
42 278 0 280 1019
495 311 0 279 1019
434 318 0 280 1019
717 326 0 281 1020
91 268 0 281 1020
30 329 0 281 1020
451 331 0 281 1021
9 330 0 281 1021
65 271 0 281 1021
271 275 0 287 1026
251 331 0 291 1030
239 332 0 291 1030
12 337 0 292 1031
349 332 0 291 1031
640 318 0 292 1031
594 339 0 292 1032
423 329 0 293 1032
669 337 0 293 1032
349 333 0 292 1032
530 292 0 292 1032
517 331 0 292 1032
176 286 0 294 1033
423 330 0 294 1033
754 336 0 294 1033
349 334 0 293 1033
530 293 0 293 1033
517 332 0 293 1033
186 326 0 292 1033
12 340 0 295 1034
669 339 0 294 1034
349 335 0 294 1034
530 294 0 294 1034
12 341 0 296 1035
669 340 0 295 1035
349 336 0 295 1035
530 295 0 295 1035
640 322 0 296 1035
517 334 0 295 1035
12 342 0 297 1036
349 337 0 296 1036
530 296 0 296 1036
448 344 0 296 1036
176 290 0 298 1037
12 343 0 298 1037
754 340 0 298 1037
349 338 0 297 1037
448 345 0 297 1037
176 291 0 299 1038
594 345 0 298 1038
423 335 0 299 1038
349 339 0 298 1038
530 298 0 298 1038
448 346 0 298 1038
594 346 0 299 1039
176 293 0 1 1040
530 300 0 300 1040
423 338 0 1 1041
530 301 0 1 1041
448 349 0 1 1041
640 328 0 1 1041
517 340 0 1 1041
176 306 0 1 1053
640 340 0 1 1053
594 361 0 1 1054
423 351 0 1 1054
349 355 0 1 1054
448 362 0 1 1054
594 362 0 2 1055
423 352 0 2 1055
349 356 0 2 1055
448 363 0 2 1055
640 342 0 3 1055
176 309 0 4 1056
594 363 0 3 1056
423 353 0 3 1056
448 364 0 3 1056
594 364 0 4 1057
423 354 0 4 1057
530 317 0 4 1057
448 365 0 4 1057
640 344 0 5 1057
423 355 0 5 1058
349 359 0 5 1058
448 366 0 5 1058
594 366 0 6 1059
423 356 0 6 1059
695 371 0 6 1060
594 367 0 7 1060
423 357 0 7 1060
448 368 0 7 1060
423 358 0 8 1061
669 366 0 8 1061
448 369 0 8 1061
517 360 0 8 1061
423 359 0 9 1062
669 367 0 9 1062
448 370 0 9 1062
594 370 0 10 1063
423 360 0 10 1063
349 364 0 10 1063
448 371 0 10 1063
594 371 0 11 1064
423 361 0 11 1064
448 372 0 11 1064
594 372 0 12 1065
423 362 0 12 1065
640 352 0 13 1065
517 364 0 11 1065
517 364 0 12 1065
594 373 0 13 1066
423 363 0 13 1066
448 374 0 13 1066
517 365 0 13 1066
423 364 0 14 1067
448 375 0 14 1067
517 366 0 14 1067
176 321 0 16 1068
594 375 0 15 1068
423 365 0 15 1068
448 376 0 15 1068
176 322 0 17 1069
594 376 0 16 1069
423 366 0 16 1069
594 377 0 17 1070
349 371 0 17 1070
448 378 0 17 1070
176 324 0 19 1071
423 368 0 18 1071
448 379 0 18 1071
640 358 0 19 1071
349 373 0 19 1072
448 380 0 19 1072
530 333 0 20 1073
517 372 0 20 1073
695 385 0 20 1074
448 383 0 1 1075
349 377 0 2 1076
448 384 0 2 1076
448 386 0 4 1078
594 386 0 5 1079
12 385 0 6 1079
448 387 0 5 1079
640 367 0 7 1080
176 334 0 8 1081
12 387 0 8 1081
423 378 0 7 1081
669 386 0 7 1081
349 382 0 7 1081
448 389 0 7 1081
517 380 0 7 1081
176 335 0 9 1082
12 388 0 9 1082
448 390 0 8 1082
695 394 0 8 1083
669 388 0 9 1083
349 384 0 9 1083
186 376 0 9 1083
12 390 0 11 1084
349 385 0 10 1084
448 392 0 10 1084
594 392 0 11 1085
448 393 0 11 1085
594 393 0 12 1086
448 394 0 12 1086
448 395 0 13 1087
594 396 0 15 1089
448 397 0 15 1089
695 401 0 16 1090
594 397 0 16 1090
349 391 0 16 1090
530 350 0 16 1090
448 400 0 18 1092
176 346 0 1 1093
517 392 0 19 1093
754 397 0 1 1094
640 381 0 1 1094
594 402 0 1 1095
754 398 0 1 1095
517 394 0 1 1095
176 349 0 3 1096
594 403 0 2 1096
448 404 0 2 1096
640 383 0 3 1096
176 350 0 4 1097
448 405 0 3 1097
594 405 0 4 1098
530 358 0 4 1098
448 406 0 4 1098
517 397 0 4 1098
594 406 0 5 1099
448 407 0 5 1099
517 398 0 5 1099
594 407 0 6 1100
423 397 0 6 1100
349 401 0 6 1100
448 408 0 6 1100
517 399 0 6 1100
695 412 0 6 1101
423 398 0 7 1101
448 409 0 7 1101
517 400 0 7 1101
176 355 0 9 1102
594 409 0 8 1102
448 410 0 8 1102
176 356 0 10 1103
594 410 0 9 1103
448 411 0 9 1103
517 402 0 9 1103
176 357 0 11 1104
594 411 0 10 1104
423 401 0 10 1104
517 403 0 10 1104
176 358 0 12 1105
594 412 0 11 1105
448 413 0 11 1105
176 359 0 13 1106
448 414 0 12 1106
517 405 0 12 1106
594 414 0 13 1107
423 404 0 13 1107
448 415 0 13 1107
517 406 0 13 1107
176 361 0 15 1108
594 415 0 14 1108
423 405 0 14 1108
448 416 0 14 1108
640 395 0 15 1108
176 362 0 16 1109
594 416 0 15 1109
423 406 0 15 1109
448 417 0 15 1109
640 396 0 16 1109
176 363 0 17 1110
594 417 0 16 1110
423 407 0 16 1110
448 418 0 16 1110
640 397 0 17 1110
176 364 0 18 1111
423 408 0 17 1111
448 419 0 17 1111
640 398 0 18 1111
176 365 0 19 1112
423 409 0 18 1112
448 420 0 18 1112
594 420 0 19 1113
423 410 0 19 1113
448 421 0 19 1113
176 367 0 20 1114
594 421 0 20 1114
423 411 0 20 1114
448 423 0 21 1115
517 414 0 21 1115
594 423 0 22 1116
517 415 0 22 1116
176 370 0 23 1117
594 424 0 23 1117
517 416 0 23 1117
594 425 0 24 1118
448 426 0 24 1118
517 417 0 24 1118
594 426 0 25 1119
517 418 0 25 1119
594 427 0 26 1120
517 419 0 26 1120
423 418 0 27 1121
530 381 0 27 1121
448 429 0 27 1121
517 420 0 27 1121
448 430 0 28 1122
517 421 0 28 1122
594 430 0 29 1123
448 431 0 29 1123
448 432 0 30 1124
640 411 0 30 1124
594 432 0 31 1125
448 433 0 31 1125
640 412 0 31 1125
176 379 0 32 1126
594 433 0 32 1126
448 434 0 32 1126
176 380 0 34 1127
594 434 0 33 1127
530 387 0 33 1127
448 435 0 33 1127
176 381 0 35 1128
594 435 0 34 1128
423 425 0 34 1128
448 436 0 34 1128
594 436 0 35 1129
349 430 0 35 1129
448 437 0 35 1129
517 428 0 35 1129
594 437 0 36 1130
448 438 0 36 1130
594 438 0 37 1131
448 439 0 37 1131
517 430 0 37 1131
423 429 0 38 1132
669 437 0 38 1132
754 435 0 38 1132
448 440 0 38 1132
640 419 0 38 1132
517 431 0 38 1132
176 387 0 41 1134
754 437 0 40 1134
517 433 0 40 1134
176 388 0 42 1135
594 442 0 41 1135
448 443 0 41 1135
176 389 0 43 1136
594 443 0 42 1136
448 444 0 42 1136
594 444 0 43 1137
423 434 0 43 1137
448 445 0 43 1137
517 436 0 44 1137
754 441 0 44 1138
594 446 0 45 1139
530 399 0 45 1139
448 447 0 45 1139
176 393 0 1 1140
594 448 0 2 1141
530 401 0 1 1141
448 449 0 1 1141
176 395 0 3 1142
594 449 0 3 1142
448 450 0 2 1142
669 448 0 4 1143
176 397 0 5 1144
349 445 0 4 1144
186 437 0 5 1144
448 453 0 5 1145
176 399 0 1 1146
423 443 0 1 1146
349 448 0 1 1147
448 455 0 1 1147
517 446 0 2 1147
186 440 0 2 1147
423 445 0 3 1148
448 456 0 2 1148
517 447 0 4 1148
186 441 0 3 1148
423 446 0 4 1149
448 457 0 3 1149
186 442 0 4 1149
349 451 0 5 1150
448 458 0 4 1150
186 443 0 5 1150
594 458 0 6 1151
448 459 0 5 1151
176 405 0 7 1152
594 459 0 7 1152
530 412 0 6 1152
448 460 0 6 1152
530 413 0 7 1153
448 461 0 7 1153
517 452 0 1 1153
176 407 0 2 1154
517 453 0 2 1154
176 408 0 3 1155
12 461 0 2 1155
448 465 0 4 1157
594 465 0 5 1158
349 459 0 5 1158
448 466 0 5 1158
448 470 0 2 1162
176 416 0 3 1163
517 462 0 4 1163
176 417 0 4 1164
594 471 0 4 1164
448 472 0 4 1164
12 471 0 5 1165
448 473 0 5 1165
640 452 0 5 1165
594 473 0 6 1166
448 474 0 6 1166
176 420 0 7 1167
695 478 0 6 1167
594 474 0 7 1167
530 427 0 7 1167
448 475 0 7 1167
640 454 0 7 1167
530 428 0 8 1168
448 476 0 8 1168
594 476 0 9 1169
517 468 0 10 1169
594 477 0 10 1170
517 469 0 11 1170
176 424 0 11 1171
594 478 0 11 1171
448 479 0 11 1171
695 483 0 11 1172
594 479 0 12 1172
594 480 0 13 1173
448 481 0 13 1173
594 481 0 14 1174
530 434 0 14 1174
448 482 0 14 1174
448 483 0 15 1175
594 483 0 16 1176
448 484 0 16 1176
594 484 0 17 1177
530 437 0 17 1177
448 485 0 17 1177
594 485 0 18 1178
530 438 0 18 1178
448 486 0 18 1178
176 432 0 19 1179
530 439 0 19 1179
448 487 0 19 1179
176 434 0 21 1181
594 488 0 21 1181
530 441 0 21 1181
448 489 0 20 1181
594 489 0 22 1182
530 442 0 22 1182
448 490 0 21 1182
640 469 0 22 1182
517 481 0 23 1182
176 436 0 23 1183
594 490 0 23 1183
12 489 0 23 1183
448 491 0 22 1183
517 482 0 24 1183
176 437 0 24 1184
594 491 0 24 1184
448 492 0 23 1184
176 438 0 25 1185
530 445 0 25 1185
448 493 0 24 1185
176 439 0 26 1186
594 493 0 26 1186
349 487 0 26 1186
530 446 0 26 1186
448 494 0 25 1186
288 843 0 118 1187
530 447 0 27 1187
448 495 0 26 1187
176 441 0 28 1188
530 448 0 28 1188
517 487 0 29 1188
423 486 0 29 1189
448 497 0 28 1189
517 488 0 30 1189
12 496 0 30 1190
423 487 0 30 1190
754 493 0 30 1190
448 498 0 29 1190
640 477 0 30 1190
186 483 0 30 1190
176 444 0 31 1191
594 498 0 31 1191
448 499 0 30 1191
517 490 0 32 1191
186 484 0 31 1191
176 445 0 32 1192
695 503 0 31 1192
594 499 0 32 1192
530 452 0 32 1192
448 500 0 31 1192
594 500 0 33 1193
423 490 0 33 1193
530 453 0 33 1193
448 501 0 32 1193
176 447 0 34 1194
695 505 0 33 1194
669 499 0 34 1194
448 502 0 33 1194
640 481 0 34 1194
594 502 0 35 1195
530 455 0 35 1195
448 503 0 34 1195
186 488 0 35 1195
594 505 0 38 1198
423 495 0 38 1198
754 502 0 39 1199
349 500 0 38 1199
448 507 0 38 1199
448 508 0 39 1200
176 454 0 1 1201
594 508 0 1 1201
530 461 0 1 1201
176 455 0 2 1202
12 508 0 2 1202
517 501 0 3 1202
594 510 0 3 1203
349 504 0 3 1203
640 490 0 3 1203
517 502 0 4 1203
594 511 0 4 1204
12 510 0 4 1204
448 512 0 4 1204
640 491 0 4 1204
594 512 0 5 1205
530 468 0 1 1208
754 513 0 1 1210
186 503 0 1 1210
176 464 0 2 1211
754 514 0 2 1211
530 471 0 1 1211
176 465 0 3 1212
530 472 0 2 1212
594 520 0 3 1213
517 512 0 4 1213
423 512 0 6 1215
349 517 0 6 1216
176 471 0 1 1218
754 521 0 1 1218
423 518 0 1 1221
186 514 0 1 1221
423 519 0 2 1222
530 482 0 2 1222
176 476 0 1 1223
517 522 0 1 1223
186 516 0 1 1223
12 530 0 2 1224
423 521 0 2 1224
530 484 0 2 1224
448 532 0 1 1224
517 523 0 2 1224
186 517 0 2 1224
176 478 0 3 1225
12 531 0 3 1225
423 522 0 3 1225
530 485 0 3 1225
448 533 0 2 1225
517 524 0 3 1225
176 479 0 4 1226
423 523 0 4 1226
448 534 0 3 1226
176 480 0 5 1227
423 524 0 5 1227
669 532 0 5 1227
349 528 0 4 1227
530 487 0 5 1227
448 535 0 4 1227
530 488 0 6 1228
448 536 0 5 1228
423 526 0 7 1229
669 534 0 7 1229
530 489 0 7 1229
448 537 0 6 1229
517 528 0 7 1229
176 483 0 8 1230
754 533 0 8 1230
448 538 0 7 1230
186 523 0 8 1230
594 538 0 9 1231
349 532 0 8 1231
448 539 0 8 1231
594 539 0 10 1232
754 535 0 10 1232
517 531 0 10 1232
297 494 0 7 1254
322 558 0 16 1263
379 576 0 20 1267
379 577 0 21 1268
397 543 0 20 1268
379 578 0 22 1269
397 544 0 21 1269
397 545 0 22 1270
379 580 0 24 1271
219 547 0 24 1271
379 581 0 25 1272
173 578 0 24 1272
397 547 0 24 1272
379 582 0 26 1273
397 548 0 25 1273
379 583 0 27 1274
397 549 0 26 1274
379 584 0 28 1275
219 551 0 28 1275
397 550 0 27 1275
379 585 0 29 1276
173 582 0 28 1276
397 551 0 28 1276
379 586 0 30 1277
219 553 0 30 1277
397 552 0 29 1277
173 584 0 30 1278
219 554 0 31 1278
397 553 0 30 1278
173 585 0 31 1279
219 555 0 32 1279
397 554 0 31 1279
173 586 0 32 1280
219 556 0 33 1280
397 555 0 32 1280
379 590 0 34 1281
173 587 0 33 1281
219 557 0 34 1281
379 591 0 35 1282
173 588 0 34 1282
219 558 0 35 1282
379 592 0 36 1283
219 559 0 36 1283
397 558 0 35 1283
379 593 0 37 1284
173 590 0 37 1284
219 560 0 37 1284
379 594 0 38 1285
219 561 0 38 1285
379 595 0 39 1286
397 561 0 38 1286
397 562 0 39 1287
223 591 0 39 1287
397 563 0 40 1288
379 599 0 43 1290
379 602 0 46 1293
379 606 0 50 1297
379 607 0 51 1298
379 608 0 52 1299
379 609 0 53 1300
379 610 0 54 1301
397 577 0 54 1302
379 616 0 60 1307
163 14 0 66 1314
379 624 0 68 1315
173 621 0 68 1315
163 15 0 67 1315
379 625 0 69 1316
173 622 0 69 1316
173 623 0 70 1317
219 593 0 70 1317
379 627 0 71 1318
219 594 0 71 1318
379 628 0 72 1319
163 20 0 72 1320
379 630 0 74 1321
379 631 0 75 1322
173 628 0 75 1322
219 598 0 75 1322
397 597 0 75 1322
379 632 0 76 1323
173 629 0 76 1323
219 599 0 76 1323
397 598 0 76 1323
379 633 0 77 1324
219 600 0 77 1324
397 599 0 77 1324
379 634 0 78 1325
173 631 0 78 1325
219 601 0 78 1325
397 600 0 78 1325
379 635 0 79 1326
173 632 0 79 1326
219 602 0 79 1326
397 601 0 79 1326
173 633 0 80 1327
219 603 0 80 1327
397 602 0 80 1327
219 604 0 81 1328
163 28 0 80 1328
379 639 0 83 1330
173 636 0 83 1330
173 637 0 84 1331
173 638 0 85 1332
173 640 0 87 1334
397 611 0 89 1336
379 647 0 91 1338
173 644 0 91 1338
219 614 0 91 1338
163 38 0 90 1338
397 613 0 91 1338
379 648 0 92 1339
724 646 0 91 1339
379 654 0 98 1345
219 621 0 98 1345
724 653 0 98 1346
397 622 0 100 1347
379 657 0 101 1348
397 624 0 102 1349
780 665 0 102 1350
397 626 0 104 1351
397 628 0 106 1353
724 661 0 106 1354
397 629 0 107 1354
724 662 0 107 1355
379 665 0 109 1356
724 663 0 108 1356
379 666 0 110 1357
724 664 0 109 1357
379 667 0 111 1358
379 668 0 112 1359
397 637 0 115 1362
397 638 0 116 1363
322 659 0 117 1364
322 660 0 118 1365
322 661 0 119 1366
379 678 0 122 1369
322 664 0 122 1369
379 679 0 123 1370
190 605 0 123 1370
322 667 0 125 1372
724 679 0 124 1372
379 682 0 126 1373
724 680 0 125 1373
379 683 0 127 1374
724 681 0 126 1374
379 684 0 128 1375
173 681 0 128 1375
219 651 0 128 1375
724 682 0 127 1375
397 650 0 128 1375
379 685 0 129 1376
724 683 0 128 1376
163 76 0 128 1376
397 651 0 129 1376
379 686 0 130 1377
397 652 0 130 1377
379 687 0 131 1378
379 688 0 132 1379
780 694 0 131 1379
219 655 0 132 1379
397 654 0 132 1379
379 690 0 134 1381
379 691 0 135 1382
219 658 0 135 1382
379 692 0 136 1383
397 658 0 136 1383
379 693 0 137 1384
397 659 0 137 1384
379 694 0 138 1385
219 661 0 138 1385
397 660 0 138 1385
219 662 0 139 1386
379 696 0 140 1387
397 662 0 140 1387
379 697 0 141 1388
219 664 0 141 1388
397 663 0 141 1388
379 698 0 142 1389
481 699 0 141 1389
397 664 0 142 1389
379 700 0 144 1391
219 667 0 144 1391
397 666 0 144 1391
379 701 0 145 1392
219 668 0 145 1392
397 667 0 145 1392
379 702 0 146 1393
219 669 0 146 1393
379 703 0 147 1394
219 670 0 147 1394
379 704 0 148 1395
219 671 0 148 1395
379 705 0 149 1396
379 706 0 150 1397
219 673 0 150 1397
397 672 0 150 1397
379 707 0 151 1398
219 674 0 151 1398
397 673 0 151 1398
379 708 0 152 1399
173 705 0 152 1399
219 675 0 152 1399
397 674 0 152 1399
379 709 0 153 1400
219 676 0 153 1400
379 710 0 154 1401
379 711 0 155 1402
219 678 0 155 1402
379 712 0 156 1403
379 713 0 157 1404
379 714 0 158 1405
219 681 0 158 1405
379 716 0 160 1407
609 744 0 9 1428
454 743 0 13 1433
423 731 0 15 1434
423 732 0 16 1435
423 733 0 17 1436
423 734 0 18 1437
520 745 0 20 1439
520 746 0 21 1440
520 749 0 23 1443
454 753 0 24 1443
454 754 0 25 1444
520 751 0 25 1445
520 767 0 41 1461
251 763 0 44 1462
520 790 0 64 1484
454 796 0 67 1486
549 792 0 76 1495
121 808 0 77 1496
332 570 0 77 1496
322 791 0 77 1496
454 806 0 76 1496
444 810 0 77 1496
396 804 0 79 1497
332 571 0 78 1497
413 793 0 79 1498
342 807 0 80 1499
71 660 0 80 1499
345 740 0 80 1499
776 809 0 80 1499
160 798 0 80 1499
610 731 0 80 1499
334 737 0 81 1500
414 811 0 85 1504
789 813 0 85 1504
412 758 0 86 1505
112 795 0 86 1505
301 231 0 86 1505
789 815 0 87 1506
88 783 0 88 1507
789 816 0 88 1507
110 804 0 88 1507
221 813 0 88 1507
312 802 0 89 1508
221 814 0 89 1508
598 828 0 92 1511
414 818 0 92 1511
317 816 0 92 1511
607 783 0 92 1511
598 829 0 93 1512
414 819 0 93 1512
598 830 0 94 1513
414 820 0 94 1513
153 808 0 95 1514
598 832 0 96 1515
105 793 0 95 1515
598 833 0 97 1516
83 757 0 97 1516
598 834 0 98 1517
598 835 0 99 1518
598 836 0 100 1519
598 837 0 101 1520
598 838 0 102 1521
771 825 0 101 1521
598 840 0 104 1523
598 841 0 105 1524
598 842 0 106 1525
598 843 0 107 1526
725 834 0 108 1527
725 835 0 109 1528
598 848 0 112 1531
598 849 0 113 1532
598 851 0 115 1534
598 852 0 116 1535
598 853 0 117 1536
598 854 0 118 1537
598 855 0 119 1538
602 823 0 119 1538
393 836 0 119 1538
412 792 0 120 1539
290 849 0 120 1539
266 823 0 119 1539
98 841 0 120 1539
77 845 0 120 1539
16 1042 0 122 1540
716 846 0 121 1540
24 796 0 121 1540
54 835 0 121 1540
598 858 0 122 1541
261 844 0 122 1541
50 834 0 122 1541
90 933 0 122 1541
598 859 0 123 1542
38 842 0 124 1543
692 845 0 124 1543
363 792 0 124 1543
50 837 0 125 1544
717 851 0 126 1545
598 862 0 126 1545
667 842 0 126 1545
747 833 0 126 1545
145 846 0 126 1545
629 768 0 127 1546
322 841 0 127 1546
593 843 0 127 1546
160 845 0 127 1546
598 864 0 128 1547
414 854 0 128 1547
634 853 0 128 1547
509 808 0 128 1547
651 853 0 128 1547
598 865 0 129 1548
312 842 0 129 1548
634 854 0 129 1548
509 809 0 129 1548
598 866 0 130 1549
414 856 0 130 1549
312 843 0 130 1549
634 855 0 130 1549
509 810 0 130 1549
598 867 0 131 1550
414 857 0 131 1550
81 844 0 131 1550
634 856 0 131 1550
598 868 0 132 1551
414 858 0 132 1551
312 845 0 132 1551
634 857 0 132 1551
509 812 0 132 1551
598 869 0 133 1552
634 858 0 133 1552
651 858 0 133 1552
598 870 0 134 1553
414 860 0 134 1553
81 847 0 134 1553
312 847 0 134 1553
634 859 0 134 1553
651 859 0 134 1553
598 871 0 135 1554
414 861 0 135 1554
81 848 0 135 1554
312 848 0 135 1554
634 860 0 135 1554
301 280 0 135 1554
651 860 0 135 1554
598 872 0 136 1555
414 862 0 136 1555
81 849 0 136 1555
312 849 0 136 1555
634 861 0 136 1555
301 281 0 136 1555
598 873 0 137 1556
312 850 0 137 1556
634 862 0 137 1556
301 282 0 137 1556
651 862 0 137 1556
312 851 0 138 1557
634 863 0 138 1557
301 283 0 138 1557
598 875 0 139 1558
312 852 0 139 1558
634 864 0 139 1558
301 284 0 139 1558
651 864 0 139 1558
598 876 0 140 1559
312 853 0 140 1559
301 285 0 140 1559
312 854 0 141 1560
634 866 0 141 1560
509 821 0 141 1560
317 865 0 141 1560
301 286 0 141 1560
598 878 0 142 1561
312 855 0 142 1561
509 822 0 142 1561
317 866 0 142 1561
301 287 0 142 1561
312 856 0 143 1562
634 868 0 143 1562
509 823 0 143 1562
301 288 0 143 1562
598 880 0 144 1563
312 857 0 144 1563
634 869 0 144 1563
509 824 0 144 1563
317 868 0 144 1563
312 858 0 145 1564
509 825 0 145 1564
317 869 0 145 1564
301 290 0 145 1564
634 871 0 146 1565
509 826 0 146 1565
301 291 0 146 1565
598 883 0 147 1566
509 827 0 147 1566
301 292 0 147 1566
598 884 0 148 1567
312 861 0 148 1567
634 873 0 148 1567
509 828 0 148 1567
301 293 0 148 1567
509 829 0 149 1568
317 873 0 149 1568
301 294 0 149 1568
598 886 0 150 1569
414 876 0 150 1569
312 863 0 150 1569
301 295 0 150 1569
509 831 0 151 1570
188 826 0 156 1575
414 882 0 156 1575
301 301 0 156 1575
173 882 0 157 1576
567 837 0 157 1576
779 847 0 157 1576
785 873 0 157 1576
666 882 0 157 1577
681 811 0 160 1579
558 869 0 160 1579
383 883 0 161 1580
625 858 0 161 1580
457 888 0 161 1580
301 306 0 161 1580
374 884 0 160 1580
457 889 0 162 1581
301 307 0 162 1581
301 308 0 163 1582
301 309 0 164 1583
414 891 0 165 1584
301 310 0 165 1584
598 902 0 173 1585
509 846 0 166 1585
354 919 0 166 1585
301 311 0 166 1585
235 885 0 166 1585
598 903 0 174 1586
414 893 0 167 1586
312 880 0 167 1586
509 847 0 167 1586
598 904 0 175 1587
414 894 0 168 1587
312 881 0 168 1587
483 904 0 168 1587
509 848 0 168 1587
763 301 0 167 1587
607 859 0 168 1587
598 905 0 176 1588
150 896 0 170 1588
312 882 0 169 1588
272 899 0 169 1588
607 860 0 169 1588
598 906 0 177 1589
414 896 0 170 1589
312 883 0 170 1589
455 897 0 170 1589
414 897 0 171 1590
247 895 0 170 1590
598 908 0 179 1591
297 831 0 172 1591
251 892 0 173 1591
312 885 0 172 1591
262 896 0 173 1591
763 305 0 171 1591
598 909 0 180 1592
312 886 0 173 1592
788 862 0 173 1592
262 897 0 174 1592
414 900 0 174 1593
297 833 0 174 1593
312 887 0 174 1593
788 863 0 174 1593
509 854 0 174 1593
262 898 0 175 1593
598 911 0 182 1594
414 901 0 175 1594
312 888 0 175 1594
735 901 0 175 1594
509 855 0 175 1594
598 912 0 183 1595
634 901 0 176 1595
262 900 0 177 1595
598 913 0 184 1596
414 903 0 177 1596
297 836 0 177 1596
312 890 0 177 1596
634 902 0 177 1596
788 866 0 177 1596
509 857 0 177 1596
262 901 0 178 1596
414 904 0 178 1597
297 837 0 178 1597
239 899 0 177 1597
312 891 0 178 1597
509 858 0 178 1597
262 902 0 179 1597
598 915 0 1 1598
414 905 0 179 1598
297 838 0 179 1598
312 892 0 179 1598
509 859 0 179 1598
262 903 0 180 1598
598 916 0 2 1599
414 906 0 180 1599
312 893 0 180 1599
634 905 0 180 1599
598 918 0 4 1601
468 907 0 182 1601
312 895 0 182 1601
598 919 0 5 1602
297 842 0 183 1602
634 908 0 183 1602
262 907 0 184 1602
301 328 0 183 1602
297 843 0 184 1603
312 897 0 184 1603
634 909 0 184 1603
598 921 0 7 1604
297 844 0 1 1604
468 910 0 1 1604
312 898 0 1 1604
634 910 0 1 1604
747 892 0 184 1604
262 909 0 1 1604
763 318 0 184 1604
301 330 0 1 1604
297 846 0 3 1606
634 912 0 3 1606
262 911 0 3 1606
414 914 0 4 1607
312 901 0 4 1607
598 925 0 11 1608
414 915 0 5 1608
312 902 0 5 1608
262 913 0 5 1608
598 926 0 12 1609
312 903 0 6 1609
262 914 0 6 1609
607 881 0 5 1609
598 927 0 13 1610
414 917 0 7 1610
312 904 0 7 1610
262 915 0 7 1610
301 336 0 6 1610
518 919 0 8 1611
598 928 0 14 1611
414 918 0 8 1611
312 905 0 8 1611
634 917 0 8 1611
262 916 0 8 1611
763 325 0 7 1611
414 919 0 9 1612
312 906 0 9 1612
518 921 0 10 1613
598 930 0 16 1613
235 913 0 10 1613
297 854 0 11 1614
7 908 0 10 1614
112 904 0 10 1614
262 919 0 11 1614
455 922 0 11 1614
763 328 0 10 1614
235 914 0 11 1614
490 856 0 12 1615
160 914 0 12 1615
153 909 0 12 1615
598 936 0 22 1619
499 908 0 19 1622
116 936 0 19 1623
178 934 0 20 1623
295 901 0 20 1623
82 862 0 20 1624
584 866 0 23 1626
506 392 0 23 1627
658 935 0 23 1627
159 873 0 23 1627
520 934 0 24 1628
520 936 0 26 1630
520 938 0 28 1632
404 904 0 29 1633
460 938 0 30 1633
520 940 0 30 1634
669 939 0 30 1634
763 348 0 30 1634
763 349 0 31 1635
520 942 0 32 1636
460 941 0 33 1636
520 943 0 33 1637
404 908 0 33 1637
669 942 0 33 1637
460 942 0 34 1637
520 944 0 34 1638
404 909 0 34 1638
669 943 0 34 1638
460 943 0 35 1638
296 953 0 34 1638
763 352 0 34 1638
669 944 0 35 1639
460 944 0 36 1639
296 954 0 35 1639
763 353 0 35 1639
404 911 0 36 1640
669 945 0 36 1640
460 945 0 37 1640
763 354 0 36 1640
669 946 0 37 1641
460 946 0 38 1641
763 355 0 37 1641
669 947 0 38 1642
460 947 0 39 1642
763 356 0 38 1642
669 948 0 39 1643
763 357 0 39 1643
669 949 0 40 1644
460 949 0 41 1644
669 950 0 41 1645
460 950 0 42 1645
520 952 0 42 1646
669 951 0 42 1646
460 951 0 43 1646
763 360 0 42 1646
669 952 0 43 1647
460 952 0 44 1647
763 361 0 43 1647
669 953 0 44 1648
460 953 0 45 1648
763 362 0 44 1648
404 920 0 45 1649
669 954 0 45 1649
150 957 0 46 1649
460 954 0 46 1649
763 363 0 45 1649
763 364 0 46 1650
520 957 0 47 1651
404 922 0 47 1651
669 956 0 47 1651
150 959 0 48 1651
669 957 0 48 1652
296 967 0 48 1652
520 959 0 49 1653
460 958 0 50 1653
296 968 0 49 1653
520 960 0 50 1654
669 959 0 50 1654
460 959 0 51 1654
669 960 0 51 1655
460 960 0 52 1655
763 369 0 51 1655
669 961 0 52 1656
296 971 0 52 1656
763 370 0 52 1656
669 962 0 53 1657
669 963 0 54 1658
669 964 0 55 1659
669 965 0 56 1660
669 966 0 57 1661
763 376 0 58 1662
669 968 0 59 1663
460 968 0 60 1663
460 969 0 61 1664
763 378 0 60 1664
404 937 0 62 1666
460 971 0 62 1666
763 380 0 62 1666
669 972 0 63 1667
460 972 0 63 1667
763 381 0 63 1667
404 939 0 64 1668
460 973 0 64 1668
669 974 0 65 1669
460 974 0 65 1669
520 976 0 66 1670
404 941 0 66 1670
460 975 0 66 1670
460 976 0 67 1671
404 946 0 71 1675
296 991 0 72 1676
404 948 0 73 1677
296 992 0 73 1677
460 983 0 74 1678
763 392 0 74 1678
460 984 0 75 1679
460 984 0 76 1679
763 393 0 75 1679
460 985 0 77 1680
763 394 0 76 1680
460 986 0 78 1681
763 395 0 77 1681
150 990 0 79 1682
460 987 0 79 1682
763 396 0 78 1682
669 988 0 79 1683
150 991 0 80 1683
460 988 0 80 1683
763 397 0 79 1683
460 989 0 81 1684
763 398 0 80 1684
669 990 0 81 1685
150 993 0 82 1685
763 399 0 81 1685
763 400 0 82 1686
404 958 0 83 1687
763 401 0 83 1687
763 402 0 84 1688
404 960 0 85 1689
460 994 0 86 1689
763 403 0 85 1689
460 995 0 87 1690
763 404 0 86 1690
404 962 0 87 1691
763 405 0 87 1691
404 963 0 88 1692
669 997 0 88 1692
460 997 0 89 1692
763 406 0 88 1692
626 971 0 90 1693
460 998 0 90 1693
763 407 0 89 1693
404 965 0 90 1694
460 999 0 91 1694
460 1001 0 93 1696
763 411 0 93 1697
460 1004 0 96 1699
460 1005 0 97 1700
404 972 0 97 1701
460 1006 0 98 1701
520 1008 0 98 1702
296 1017 0 98 1702
520 1009 0 99 1703
460 1008 0 100 1703
626 982 0 101 1704
460 1009 0 101 1704
460 1010 0 102 1705
64 991 0 101 1705
296 1020 0 101 1705
520 1012 0 102 1706
460 1011 0 103 1706
460 1012 0 104 1707
520 1014 0 104 1708
404 979 0 104 1708
520 1015 0 105 1709
150 1017 0 106 1709
460 1014 0 105 1709
626 988 0 107 1710
150 1018 0 107 1710
460 1015 0 106 1710
626 989 0 108 1711
460 1016 0 107 1711
626 990 0 109 1712
150 1020 0 109 1712
460 1017 0 108 1712
520 1019 0 109 1713
626 991 0 110 1713
312 1007 0 109 1713
460 1018 0 110 1713
520 1020 0 110 1714
626 992 0 111 1714
312 1008 0 110 1714
460 1019 0 111 1714
763 428 0 110 1714
312 1009 0 111 1715
460 1020 0 112 1715
763 429 0 111 1715
520 1022 0 112 1716
438 1022 0 115 1716
626 994 0 113 1716
296 1031 0 112 1716
763 430 0 112 1716
626 995 0 114 1717
460 1022 0 114 1717
763 431 0 113 1717
520 1024 0 114 1718
312 1012 0 114 1718
520 1025 0 115 1719
626 997 0 116 1719
763 433 0 115 1719
669 1025 0 116 1720
669 1026 0 117 1721
669 1028 0 119 1723
520 1031 0 121 1725
520 1032 0 122 1726
669 1031 0 122 1726
763 440 0 122 1726
520 1033 0 123 1727
763 441 0 123 1727
763 442 0 124 1728
763 443 0 125 1729
296 1045 0 126 1730
763 446 0 128 1732
763 447 0 129 1733
763 448 0 130 1734
763 451 0 133 1737
520 1044 0 134 1738
763 452 0 134 1738
520 1046 0 136 1740
510 1035 0 137 1740
669 1045 0 136 1740
767 1045 0 136 1740
763 454 0 136 1740
312 1036 0 139 1742
763 456 0 138 1742
520 1049 0 139 1743
763 457 0 139 1743
520 1050 0 140 1744
460 1049 0 140 1744
763 458 0 140 1744
669 1050 0 141 1745
312 1039 0 142 1745
669 1051 0 142 1746
460 1051 0 142 1746
296 1061 0 142 1746
763 461 0 143 1747
460 1053 0 144 1748
763 462 0 144 1748
520 1055 0 145 1749
150 1057 0 146 1749
312 1043 0 145 1749
460 1054 0 145 1749
763 463 0 145 1749
460 1055 0 146 1750
763 464 0 146 1750
438 1057 0 150 1751
312 1045 0 147 1751
763 465 0 147 1751
763 466 0 148 1752
520 1059 0 149 1753
669 1058 0 149 1753
763 467 0 149 1753
669 1059 0 150 1754
150 1062 0 151 1754
763 468 0 150 1754
669 1060 0 151 1755
150 1063 0 152 1755
763 469 0 151 1755
669 1061 0 152 1756
460 1061 0 152 1756
763 470 0 152 1756
438 1063 0 156 1757
460 1062 0 153 1757
763 471 0 153 1757
296 1073 0 154 1758
763 472 0 154 1758
460 1064 0 155 1759
150 1068 0 157 1760
460 1065 0 156 1760
520 1067 0 157 1761
404 1032 0 157 1761
763 475 0 157 1761
520 1068 0 158 1762
763 476 0 158 1762
404 1036 0 161 1765
150 1073 0 162 1765
763 479 0 161 1765
520 1072 0 162 1766
404 1037 0 162 1766
150 1074 0 163 1766
763 480 0 162 1766
150 1075 0 164 1767
520 1074 0 164 1768
404 1039 0 164 1768
669 1073 0 164 1768
150 1076 0 165 1768
460 1073 0 164 1768
669 1074 0 165 1769
460 1074 0 165 1769
763 483 0 165 1769
520 1076 0 166 1770
150 1078 0 167 1770
460 1075 0 166 1770
296 1085 0 166 1770
520 1077 0 167 1771
669 1076 0 167 1771
460 1076 0 167 1771
763 485 0 167 1771
520 1078 0 168 1772
763 486 0 168 1772
520 1079 0 169 1773
669 1078 0 169 1773
296 1088 0 169 1773
763 487 0 169 1773
520 1080 0 170 1774
64 1060 0 170 1774
763 488 0 170 1774
520 1081 0 171 1775
150 1083 0 172 1775
460 1080 0 171 1775
64 1061 0 171 1775
763 489 0 171 1775
404 1047 0 172 1776
669 1081 0 172 1776
460 1081 0 172 1776
763 490 0 172 1776
669 1084 0 175 1779
460 1085 0 176 1780
669 1088 0 179 1783
763 498 0 180 1784
520 1092 0 182 1786
763 501 0 183 1787
520 1094 0 184 1788
520 1096 0 186 1790
669 1096 0 187 1791
150 1100 0 189 1792
460 1098 0 189 1793
763 507 0 189 1793
150 1102 0 191 1794
460 1099 0 190 1794
763 508 0 190 1794
669 1100 0 191 1795
763 509 0 191 1795
520 1102 0 192 1796
460 1101 0 192 1796
763 510 0 192 1796
669 1102 0 193 1797
763 511 0 193 1797
669 1103 0 194 1798
763 512 0 194 1798
669 1104 0 195 1799
150 1107 0 196 1799
669 1105 0 196 1800
460 1105 0 196 1800
150 1110 0 199 1802
669 1108 0 199 1803
150 1111 0 200 1803
669 1109 0 200 1804
150 1112 0 201 1804
520 1111 0 201 1805
669 1110 0 201 1805
150 1113 0 202 1805
460 1110 0 201 1805
763 519 0 201 1805
150 1114 0 203 1806
150 1115 0 204 1807
150 1116 0 205 1808
150 1117 0 206 1809
150 1118 0 207 1810
150 1119 0 208 1811
150 1120 0 209 1812
150 1121 0 210 1813
64 1099 0 209 1813
520 1120 0 210 1814
150 1122 0 211 1814
520 1121 0 211 1815
150 1123 0 212 1815
520 1122 0 212 1816
150 1124 0 213 1816
150 1125 0 214 1817
150 1125 0 215 1817
460 1122 0 213 1817
520 1124 0 214 1818
150 1126 0 216 1818
64 1105 0 215 1819
520 1126 0 216 1820
520 1127 0 217 1821
150 1129 0 218 1821
763 535 0 217 1821
520 1128 0 218 1822
150 1131 0 220 1823
520 1130 0 220 1824
150 1132 0 221 1824
520 1132 0 222 1826
150 1134 0 224 1826
150 1136 0 225 1828
460 1133 0 225 1828
763 542 0 224 1828
150 1138 0 228 1830
150 1139 0 229 1831
150 1140 0 230 1832
150 1141 0 231 1833
150 1142 0 232 1834
460 1139 0 230 1834
150 1143 0 233 1835
520 1142 0 232 1836
150 1144 0 234 1836
520 1143 0 233 1837
150 1145 0 235 1837
460 1142 0 233 1837
763 551 0 233 1837
520 1144 0 234 1838
150 1146 0 236 1838
460 1143 0 234 1838
150 1147 0 237 1839
460 1144 0 235 1839
150 1148 0 238 1840
520 1147 0 237 1841
150 1150 0 239 1842
150 1150 0 240 1842
64 1128 0 238 1842
520 1149 0 239 1843
520 1150 0 240 1844
150 1152 0 241 1844
460 1149 0 240 1844
150 1153 0 242 1845
296 1160 0 241 1845
64 1132 0 242 1846
150 1155 0 244 1847
296 1162 0 243 1847
150 1156 0 245 1848
150 1157 0 246 1849
460 1154 0 245 1849
404 1121 0 246 1850
150 1158 0 247 1850
669 1156 0 247 1851
763 565 0 247 1851
598 1169 0 255 1852
438 1158 0 250 1852
520 1159 0 249 1853
598 1170 0 256 1853
404 1124 0 249 1853
150 1161 0 250 1853
460 1158 0 249 1853
520 1160 0 250 1854
669 1159 0 250 1854
150 1162 0 251 1854
460 1159 0 250 1854
64 1140 0 250 1854
296 1169 0 250 1854
64 1141 0 251 1855
611 1149 0 251 1855
264 1165 0 252 1855
651 1161 0 251 1855
598 1173 0 259 1856
221 1163 0 254 1857
123 1145 0 255 1858
299 1168 0 255 1858
517 1157 0 255 1858
221 1164 0 255 1858
123 1146 0 256 1859
299 1169 0 256 1859
221 1165 0 256 1859
552 1164 0 256 1860
123 1147 0 257 1860
299 1170 0 257 1860
416 1163 0 254 1860
221 1166 0 257 1860
221 1167 0 258 1861
221 1168 0 259 1862
441 1173 0 261 1863
252 1174 0 261 1863
31 1173 0 261 1864
141 1157 0 261 1864
363 1114 0 261 1865
403 1169 0 261 1865
661 1125 0 262 1866
562 1172 0 262 1866
22 1119 0 262 1866
223 1170 0 262 1866
724 1174 0 264 1867
735 1174 0 264 1867
525 1170 0 264 1867
34 1 0 263 1867
544 1172 0 264 1867
725 1175 0 264 1868
385 1149 0 264 1868
403 1172 0 264 1868
666 1174 0 266 1869
567 1130 0 265 1869
98 1171 0 265 1869
396 1177 0 267 1870
423 1167 0 266 1870
567 1131 0 266 1870
98 1172 0 266 1870
658 1178 0 266 1870
43 1178 0 268 1871
370 1177 0 268 1872
451 1183 0 268 1873
658 1182 0 270 1874
712 1181 0 272 1876
388 1183 0 270 1876
10 1128 0 274 1877
502 1134 0 276 1880
733 1198 0 288 1891
84 1197 0 288 1892
733 1199 0 289 1892
423 1190 0 289 1893
84 1198 0 289 1893
733 1200 0 290 1893
84 1199 0 290 1894
769 1172 0 292 1895
84 1206 0 297 1901
84 1212 0 303 1907
84 1239 0 330 1934
84 1250 0 341 1945
84 1252 0 343 1947
84 1253 0 344 1948
84 1255 0 346 1950
84 1258 0 349 1953
84 1260 0 351 1955
84 1267 0 358 1962
84 1273 0 364 1968
84 1274 0 365 1969
84 1275 0 366 1970
84 1276 0 367 1971
84 1279 0 370 1974
84 1280 0 371 1975
10 1238 0 384 1987
84 1292 0 383 1987
84 1293 0 384 1988
461 1261 0 385 1989
84 1295 0 386 1990
84 1297 0 388 1992
522 1299 0 388 1992
84 1300 0 391 1995
84 1302 0 393 1997
626 1282 0 401 2004
124 1297 0 400 2004
425 1306 0 401 2005
183 1309 0 401 2005
670 1312 0 403 2007
522 1318 0 1 2011
84 1317 0 2 2012
522 1319 0 2 2012
84 1319 0 4 2014
84 1320 0 5 2015
84 1321 0 6 2016
522 1324 0 7 2017
84 1323 0 8 2018
598 1336 0 16 2019
10 1271 0 11 2020
522 1329 0 12 2022
598 1340 0 20 2023
598 1341 0 21 2024
598 1342 0 22 2025
745 1333 0 16 2025
360 1326 0 18 2026
598 1343 0 23 2026
598 1344 0 24 2027
598 1345 0 25 2028
598 1346 0 26 2029
172 1337 0 20 2029
598 1347 0 27 2030
373 1326 0 21 2031
598 1348 0 28 2031
400 1347 0 21 2031
598 1349 0 29 2032
20 149 0 22 2032
598 1350 0 30 2033
598 1351 0 31 2034
461 1306 0 24 2034
581 1347 0 25 2034
246 1329 0 25 2034
8 1288 0 27 2035
598 1353 0 1 2036
8 1291 0 30 2038
598 1357 0 4 2040
598 1358 0 5 2041
517 1352 0 10 2053
517 1355 0 13 2056
