477 4 221 0 1865
477 5 241 1 1866
10021 1878 207 14 1879
477 20 233 16 1881
477 21 243 17 1882
10070 1879 206 17 1882
10043 1880 216 17 1882
10164 1677 214 18 1883
10091 1881 209 18 1883
477 22 221 18 1883
10123 1878 213 18 1883
690 1128 223 18 1883
10163 1886 208 18 1883
304 1182 236 19 1884
10068 1889 215 19 1884
398 1196 223 19 1884
10138 1878 213 19 1884
370 1190 223 19 1884
10128 1879 221 20 1885
304 1183 227 20 1885
10141 1877 209 20 1885
10061 1889 212 20 1885
477 24 239 20 1885
398 1197 231 20 1885
10138 1879 211 20 1885
10101 1879 210 21 1886
10061 1890 219 21 1886
10169 1887 224 21 1886
10128 1881 219 22 1887
10061 1891 231 22 1887
10169 1888 215 22 1887
10138 1881 208 22 1887
10050 1891 211 23 1888
10065 1890 207 23 1888
272 1199 226 23 1888
10141 1880 220 23 1888
10101 1881 219 23 1888
10088 1883 211 23 1888
10134 1881 207 23 1888
323 1119 221 23 1888
10134 1882 213 24 1889
10055 1890 207 25 1890
10140 1886 206 25 1890
10106 1888 218 25 1890
10076 1887 226 26 1891
477 30 221 26 1891
10055 1891 221 26 1891
10018 1218 219 26 1891
10140 1887 210 26 1891
10158 1886 211 26 1891
10173 1887 227 26 1891
10004 1888 212 27 1892
10076 1888 206 27 1892
10031 1895 211 27 1892
10004 1889 210 28 1893
545 20 230 29 1894
10004 1892 212 31 1896
10031 1899 209 31 1896
10055 1896 208 31 1896
10018 1223 208 31 1896
10173 1892 229 31 1896
10004 1893 206 32 1897
10076 1893 225 32 1897
10055 1897 229 32 1897
10018 1224 223 32 1897
716 1204 231 32 1897
10140 1893 219 32 1897
10084 1891 207 32 1897
10158 1892 209 32 1897
10173 1893 210 32 1897
10106 1895 215 32 1897
10040 1892 210 33 1898
10004 1894 215 33 1898
10076 1894 212 33 1898
10055 1898 223 33 1898
10018 1225 223 33 1898
10140 1894 221 33 1898
10158 1893 213 33 1898
10173 1894 208 33 1898
10106 1896 209 33 1898
10004 1895 209 34 1899
10076 1895 206 34 1899
10055 1899 225 34 1899
10018 1226 208 34 1899
10140 1895 216 34 1899
10173 1895 211 34 1899
10106 1897 209 34 1899
10004 1896 212 35 1900
10076 1896 217 35 1900
10055 1900 226 35 1900
10018 1227 210 35 1900
10140 1896 228 35 1900
10158 1895 223 35 1900
295 50 233 35 1900
10173 1896 207 35 1900
10076 1897 215 36 1901
10055 1901 225 36 1901
10018 1228 225 36 1901
10140 1897 219 36 1901
10084 1895 207 36 1901
10158 1896 212 36 1901
10173 1897 208 36 1901
10004 1898 211 37 1902
10076 1898 222 37 1902
10078 1901 207 37 1902
10055 1902 217 37 1902
10018 1229 215 37 1902
10098 1899 221 37 1902
10140 1898 223 37 1902
10158 1897 214 37 1902
10173 1898 208 37 1902
10106 1900 208 37 1902
10144 1898 207 38 1903
10076 1899 208 38 1903
551 328 223 38 1903
10055 1903 219 38 1903
10018 1230 225 38 1903
10098 1900 208 38 1903
10170 1897 206 38 1903
10140 1899 223 38 1903
10158 1898 237 38 1903
10144 1899 208 39 1904
10004 1900 211 39 1904
10055 1904 219 39 1904
10018 1231 213 39 1904
10140 1900 215 39 1904
10158 1899 220 39 1904
10173 1900 215 39 1904
443 262 222 39 1904
10106 1902 212 39 1904
10004 1901 213 40 1905
10055 1905 227 40 1905
10018 1232 213 40 1905
10140 1901 213 40 1905
10158 1900 217 40 1905
10173 1901 217 40 1905
10106 1903 215 40 1905
10004 1902 221 41 1906
10076 1902 221 41 1906
10055 1906 227 41 1906
10018 1233 211 41 1906
10158 1901 227 41 1906
10173 1902 212 41 1906
10106 1904 219 41 1906
10040 1901 207 42 1907
10004 1903 211 42 1907
10076 1903 217 42 1907
10055 1907 235 42 1907
543 17 223 42 1907
10140 1903 213 42 1907
10158 1902 209 42 1907
10173 1903 215 42 1907
10106 1905 215 42 1907
10004 1904 207 43 1908
10076 1904 217 43 1908
10055 1908 239 43 1908
10018 1235 213 43 1908
10140 1904 215 43 1908
10173 1904 229 43 1908
10106 1906 209 43 1908
10004 1905 216 44 1909
10076 1905 219 44 1909
10031 1912 211 44 1909
10055 1909 232 44 1909
10140 1905 210 44 1909
10106 1907 219 44 1909
10040 1904 207 45 1910
10004 1906 206 45 1910
10076 1906 209 45 1910
10018 1237 206 45 1910
10140 1906 223 45 1910
10173 1906 210 45 1910
10106 1908 226 45 1910
10004 1907 208 46 1911
10076 1907 213 46 1911
10078 1910 207 46 1911
10055 1911 213 46 1911
10018 1238 219 46 1911
10140 1907 207 46 1911
10158 1906 212 46 1911
10173 1907 208 46 1911
16 894 221 46 1911
10106 1909 223 46 1911
10076 1908 218 47 1912
10055 1912 213 47 1912
10018 1239 218 47 1912
10098 1909 211 47 1912
10140 1908 211 47 1912
10158 1907 217 47 1912
10004 1909 212 48 1913
10076 1909 218 48 1913
621 1217 223 48 1913
10055 1913 212 48 1913
10018 1240 207 48 1913
10140 1909 213 48 1913
10158 1908 208 48 1913
10173 1909 207 48 1913
10106 1911 225 48 1913
10040 1908 217 49 1914
10078 1913 207 49 1914
10055 1914 209 49 1914
10098 1911 209 49 1914
10106 1912 209 49 1914
10040 1909 219 50 1915
10076 1911 206 50 1915
10098 1912 209 50 1915
10106 1913 210 50 1915
10040 1910 209 51 1916
10076 1912 209 51 1916
10078 1915 207 51 1916
10055 1916 211 51 1916
10106 1914 211 51 1916
10076 1913 206 52 1917
10078 1916 214 52 1917
10106 1915 213 52 1917
10040 1912 221 53 1918
10078 1917 211 53 1918
10098 1915 207 53 1918
10106 1916 210 53 1918
10040 1913 211 54 1919
10106 1917 214 54 1919
10040 1914 211 55 1920
10078 1919 217 55 1920
10018 1247 209 55 1920
10106 1918 208 55 1920
10040 1915 220 56 1921
10040 1916 211 57 1922
10106 1920 207 57 1922
10040 1917 212 58 1923
10106 1921 208 58 1923
10078 1923 207 59 1924
10106 1922 208 59 1924
10040 1919 229 59 1924
10078 1924 211 60 1925
10106 1923 207 60 1925
10040 1920 213 60 1925
10078 1925 221 61 1926
10106 1924 223 61 1926
10040 1921 218 61 1926
10076 1923 213 62 1927
10078 1926 211 62 1927
10018 1254 212 62 1927
10098 1924 208 62 1927
10106 1925 207 62 1927
10040 1922 212 62 1927
10055 1928 210 63 1928
10018 1255 208 63 1928
10098 1925 208 63 1928
10158 1923 208 63 1928
10173 1924 217 63 1928
10106 1926 206 63 1928
10004 1925 206 64 1929
10076 1925 215 64 1929
10055 1929 219 64 1929
10018 1256 206 64 1929
473 99 221 65 1930
10031 1933 207 65 1930
477 69 229 65 1930
10173 1926 210 65 1930
636 626 229 65 1930
10004 1927 210 66 1931
10076 1927 231 66 1931
10055 1931 222 66 1931
10018 1258 221 66 1931
10140 1927 208 66 1931
10158 1926 223 66 1931
10173 1927 209 66 1931
10106 1929 213 66 1931
10055 1932 215 67 1932
10018 1259 215 67 1932
10098 1929 208 67 1932
10140 1928 219 67 1932
10158 1927 217 67 1932
10106 1930 209 67 1932
670 794 229 67 1932
10076 1929 207 68 1933
10055 1933 225 68 1933
10018 1260 217 68 1933
10140 1929 225 68 1933
10158 1928 209 68 1933
10173 1929 207 68 1933
10106 1931 209 68 1933
10076 1930 210 69 1934
473 103 221 69 1934
10055 1934 225 69 1934
10018 1261 217 69 1934
10140 1930 210 69 1934
10084 1928 206 69 1934
10158 1929 224 69 1934
10173 1930 208 69 1934
10106 1932 209 69 1934
10076 1931 210 70 1935
10055 1935 220 70 1935
10018 1262 210 70 1935
10098 1932 208 70 1935
10140 1931 217 70 1935
10158 1930 219 70 1935
10004 1932 210 71 1936
10076 1932 213 71 1936
10055 1936 232 71 1936
10018 1263 219 71 1936
10140 1932 209 71 1936
10158 1931 209 71 1936
10173 1932 215 71 1936
10004 1933 215 72 1937
10055 1937 218 72 1937
10018 1264 217 72 1937
10098 1934 210 72 1937
10140 1933 227 72 1937
10158 1932 218 72 1937
10173 1933 208 72 1937
10004 1934 214 73 1938
10076 1934 209 73 1938
10055 1938 220 73 1938
10018 1265 208 73 1938
10098 1935 212 73 1938
10140 1934 221 73 1938
10173 1934 215 73 1938
10106 1936 211 73 1938
10004 1935 208 74 1939
10076 1935 210 74 1939
10055 1939 219 74 1939
10018 1266 225 74 1939
10098 1936 208 74 1939
10140 1935 227 74 1939
10158 1934 227 74 1939
10173 1935 213 74 1939
10106 1937 210 74 1939
10076 1936 208 75 1940
10055 1940 219 75 1940
10018 1267 210 75 1940
10140 1936 226 75 1940
10158 1935 231 75 1940
10173 1936 207 75 1940
10106 1938 212 75 1940
10004 1937 207 76 1941
10076 1937 213 76 1941
10055 1941 213 76 1941
10018 1268 213 76 1941
10098 1938 208 76 1941
10140 1937 223 76 1941
10158 1936 218 76 1941
10173 1937 208 76 1941
10106 1939 211 76 1941
10004 1938 206 77 1942
10055 1942 219 77 1942
10018 1269 216 77 1942
10098 1939 207 77 1942
10140 1938 223 77 1942
10158 1937 227 77 1942
10173 1938 210 77 1942
10076 1939 213 78 1943
10055 1943 219 78 1943
10018 1270 217 78 1943
10140 1939 225 78 1943
10158 1938 213 78 1943
10173 1939 213 78 1943
10106 1941 211 78 1943
10076 1940 212 79 1944
10055 1944 215 79 1944
10018 1271 225 79 1944
10098 1941 207 79 1944
10140 1940 219 79 1944
10158 1939 217 79 1944
10173 1940 222 79 1944
10106 1942 210 79 1944
10004 1941 207 80 1945
10076 1941 208 80 1945
10055 1945 209 80 1945
10018 1272 217 80 1945
10098 1942 208 80 1945
10140 1941 217 80 1945
10158 1940 219 80 1945
10106 1943 208 80 1945
10144 1941 207 81 1946
10004 1942 206 81 1946
10076 1942 209 81 1946
10055 1946 212 81 1946
10018 1273 211 81 1946
10140 1942 219 81 1946
10084 1940 215 81 1946
10158 1941 223 81 1946
10173 1942 212 81 1946
10106 1944 212 81 1946
10004 1943 206 82 1947
10055 1947 216 82 1947
10018 1274 226 82 1947
10098 1944 212 82 1947
10158 1942 216 82 1947
10173 1943 223 82 1947
10106 1945 210 82 1947
10004 1944 210 83 1948
10076 1944 207 83 1948
10055 1948 224 83 1948
10018 1275 217 83 1948
10140 1944 212 83 1948
10158 1943 211 83 1948
10173 1944 209 83 1948
10106 1946 209 83 1948
10004 1945 210 84 1949
10076 1945 212 84 1949
10018 1276 210 84 1949
10098 1946 212 84 1949
10140 1945 220 84 1949
10158 1944 214 84 1949
10173 1945 213 84 1949
10106 1947 217 84 1949
10004 1946 213 85 1950
10076 1946 221 85 1950
10055 1950 219 85 1950
10018 1277 224 85 1950
10140 1946 223 85 1950
10106 1948 210 85 1950
10076 1947 211 86 1951
10055 1951 225 86 1951
10018 1278 217 86 1951
10140 1947 211 86 1951
10158 1946 210 86 1951
10173 1947 211 86 1951
10106 1949 208 86 1951
10004 1948 217 87 1952
10076 1948 212 87 1952
10055 1952 230 87 1952
10018 1279 212 87 1952
10140 1948 207 87 1952
10158 1947 210 87 1952
10173 1948 209 87 1952
10106 1950 208 87 1952
10004 1949 210 88 1953
10076 1949 208 88 1953
10055 1953 223 88 1953
10018 1280 215 88 1953
10140 1949 211 88 1953
10158 1948 219 88 1953
10173 1949 206 88 1953
10106 1951 209 88 1953
10004 1950 213 89 1954
10076 1950 211 89 1954
10055 1954 233 89 1954
10018 1281 218 89 1954
10140 1950 211 89 1954
10158 1949 207 89 1954
10173 1950 217 89 1954
10106 1952 208 89 1954
10076 1951 219 90 1955
10055 1955 226 90 1955
10018 1282 213 90 1955
10098 1952 206 90 1955
10140 1951 219 90 1955
10158 1950 215 90 1955
10173 1951 219 90 1955
10106 1953 219 90 1955
10004 1952 211 91 1956
10076 1952 209 91 1956
10055 1956 227 91 1956
10018 1283 223 91 1956
10140 1952 213 91 1956
10173 1952 208 91 1956
10076 1953 214 92 1957
10055 1957 213 92 1957
10018 1284 223 92 1957
10140 1953 217 92 1957
10158 1952 207 92 1957
10173 1953 213 92 1957
10076 1954 208 93 1958
10055 1958 209 93 1958
10018 1285 216 93 1958
10140 1954 219 93 1958
10158 1953 217 93 1958
10173 1954 213 93 1958
10106 1956 213 93 1958
10076 1955 212 94 1959
10055 1959 209 94 1959
10018 1286 218 94 1959
10140 1955 219 94 1959
10158 1954 219 94 1959
10173 1955 208 94 1959
10076 1956 213 95 1960
10018 1287 221 95 1960
10098 1957 212 95 1960
10140 1956 218 95 1960
10158 1955 208 95 1960
10173 1956 209 95 1960
10106 1958 211 95 1960
10004 1957 216 96 1961
10076 1957 207 96 1961
10055 1961 223 96 1961
10018 1288 212 96 1961
10140 1957 226 96 1961
10158 1956 222 96 1961
10173 1957 216 96 1961
10106 1959 210 96 1961
10076 1958 209 97 1962
10018 1289 217 97 1962
10140 1958 214 97 1962
10158 1957 217 97 1962
10173 1958 215 97 1962
10004 1959 211 98 1963
10076 1959 227 98 1963
10055 1963 241 98 1963
10140 1959 209 98 1963
10158 1958 210 98 1963
10173 1959 218 98 1963
10106 1961 212 98 1963
10076 1960 208 99 1964
599 131 223 99 1964
10055 1964 225 99 1964
10140 1960 211 99 1964
10158 1959 208 99 1964
10173 1960 214 99 1964
10106 1962 213 99 1964
10040 1959 211 99 1964
10004 1961 210 100 1965
10076 1961 210 100 1965
10055 1965 227 100 1965
10018 1292 208 100 1965
10140 1961 221 100 1965
10173 1961 213 100 1965
10106 1963 217 100 1965
10040 1960 208 100 1965
10076 1962 209 101 1966
10055 1966 217 101 1966
10018 1293 218 101 1966
10140 1962 211 101 1966
10158 1961 206 101 1966
10173 1962 211 101 1966
10106 1964 215 101 1966
10004 1963 210 102 1967
10076 1963 208 102 1967
10055 1967 213 102 1967
10018 1294 217 102 1967
10140 1963 211 102 1967
10158 1962 220 102 1967
10173 1963 213 102 1967
10106 1965 212 102 1967
10004 1964 217 103 1968
10076 1964 215 103 1968
10055 1968 227 103 1968
10140 1964 219 103 1968
10158 1963 215 103 1968
10173 1964 211 103 1968
10106 1966 223 103 1968
10076 1965 224 104 1969
10055 1969 237 104 1969
10018 1296 225 104 1969
10158 1964 217 104 1969
10173 1965 229 104 1969
10106 1967 216 104 1969
10004 1966 209 105 1970
10076 1966 230 105 1970
10055 1970 231 105 1970
10018 1297 210 105 1970
10140 1966 223 105 1970
10158 1965 211 105 1970
10173 1966 224 105 1970
10106 1968 210 105 1970
10076 1967 239 106 1971
10055 1971 212 106 1971
10173 1967 223 106 1971
10076 1968 231 107 1972
10055 1972 215 107 1972
10018 1299 209 107 1972
10173 1968 225 107 1972
10076 1969 235 108 1973
10055 1973 210 108 1973
10018 1300 207 108 1973
477 112 228 108 1973
10158 1968 209 108 1973
10173 1969 217 108 1973
10076 1970 227 109 1974
10055 1974 223 109 1974
10018 1301 206 109 1974
10140 1970 207 109 1974
10173 1970 211 109 1974
10106 1972 217 109 1974
10076 1971 223 110 1975
10055 1975 221 110 1975
10140 1971 215 110 1975
10173 1971 212 110 1975
10106 1973 212 110 1975
10076 1972 227 111 1976
10055 1976 227 111 1976
10018 1303 214 111 1976
10140 1972 227 111 1976
10158 1971 218 111 1976
10173 1972 211 111 1976
398 1288 225 111 1976
10106 1974 217 111 1976
10040 1971 209 111 1976
10004 1973 207 112 1977
10076 1973 223 112 1977
10055 1977 221 112 1977
10018 1304 219 112 1977
10140 1973 210 112 1977
10158 1972 209 112 1977
10076 1974 225 113 1978
10055 1978 223 113 1978
10018 1305 214 113 1978
10140 1974 210 113 1978
10106 1976 220 113 1978
10004 1975 210 114 1979
10076 1975 216 114 1979
10055 1979 225 114 1979
10018 1306 209 114 1979
10140 1975 217 114 1979
10158 1974 209 114 1979
10173 1975 207 114 1979
10040 1974 210 114 1979
10076 1976 223 115 1980
10055 1980 233 115 1980
10018 1307 215 115 1980
10140 1976 216 115 1980
10158 1975 216 115 1980
10173 1976 217 115 1980
10106 1978 221 115 1980
10076 1977 215 116 1981
10055 1981 206 116 1981
10140 1977 208 116 1981
10173 1977 207 116 1981
10106 1979 222 116 1981
10076 1978 219 117 1982
10055 1982 223 117 1982
10140 1978 206 117 1982
10106 1980 219 117 1982
10076 1979 213 118 1983
10055 1983 207 118 1983
10106 1981 235 118 1983
10040 1978 210 118 1983
10076 1980 225 119 1984
10055 1984 215 119 1984
10106 1982 231 119 1984
10076 1981 208 120 1985
10055 1985 209 120 1985
10140 1981 213 120 1985
10106 1983 229 120 1985
10040 1980 207 120 1985
10076 1982 213 121 1986
10055 1986 210 121 1986
10140 1982 217 121 1986
10173 1982 207 121 1986
10106 1984 223 121 1986
10040 1981 211 121 1986
10004 1983 208 122 1987
10076 1983 216 122 1987
10055 1987 225 122 1987
10018 1314 210 122 1987
10106 1985 219 122 1987
727 406 225 122 1987
10055 1988 216 123 1988
10140 1984 212 123 1988
10158 1983 206 123 1988
10173 1984 209 123 1988
10106 1986 233 123 1988
10040 1983 209 123 1988
10076 1985 207 124 1989
10055 1989 219 124 1989
10018 1316 208 124 1989
10140 1985 215 124 1989
10173 1985 206 124 1989
10106 1987 215 124 1989
10040 1984 209 124 1989
10076 1986 216 125 1990
10078 1989 210 125 1990
10040 1985 233 125 1990
10106 1989 210 126 1991
10040 1986 223 126 1991
10055 1992 206 127 1992
10040 1987 214 127 1992
10078 1992 206 128 1993
10055 1993 207 128 1993
10106 1991 213 128 1993
10040 1988 210 128 1993
10106 1992 221 129 1994
10040 1989 216 129 1994
10106 1993 209 130 1995
10040 1990 221 130 1995
10040 1991 231 131 1996
768 1361 221 132 1997
10078 1996 221 132 1997
10106 1995 216 132 1997
10040 1992 233 133 1998
10078 1997 211 133 1998
10106 1996 208 133 1998
10040 1993 209 133 1998
10078 1998 209 134 1999
10040 1994 219 134 1999
10106 1998 206 135 2000
10040 1995 215 135 2000
10134 1994 207 136 2001
10040 1996 225 136 2001
10076 1998 205 137 2002
10078 2001 219 137 2002
10106 2000 215 137 2002
10040 1997 221 137 2002
10078 2002 206 138 2003
10098 2000 206 138 2003
10106 2001 209 138 2003
10040 1998 219 138 2003
10076 2000 205 139 2004
10078 2003 210 139 2004
10018 1331 207 139 2004
10098 2001 209 139 2004
10106 2002 211 139 2004
10040 1999 223 139 2004
10078 2004 212 140 2005
10018 1332 211 140 2005
10106 2003 217 140 2005
10040 2000 209 140 2005
10076 2002 210 141 2006
10078 2005 212 141 2006
10055 2006 207 141 2006
10040 2001 219 141 2006
10078 2006 208 142 2007
10055 2007 211 142 2007
10140 2003 206 142 2007
10106 2005 219 142 2007
10040 2002 212 142 2007
10078 2007 215 143 2008
10106 2006 219 143 2008
10040 2003 223 143 2008
10078 2008 219 144 2009
10106 2007 212 144 2009
10040 2004 219 144 2009
10078 2009 225 145 2010
10055 2010 210 145 2010
10018 1337 207 145 2010
10098 2007 209 145 2010
10106 2008 213 145 2010
10040 2005 207 145 2010
10076 2007 210 146 2011
10078 2010 225 146 2011
10055 2011 209 146 2011
10098 2008 210 146 2011
10106 2009 213 146 2011
10040 2006 224 146 2011
10078 2011 217 147 2012
10098 2009 211 147 2012
10106 2010 225 147 2012
10040 2007 211 147 2012
10076 2009 210 148 2013
10078 2012 221 148 2013
10106 2011 211 148 2013
10040 2008 212 148 2013
10078 2013 218 149 2014
10055 2014 214 149 2014
10018 1341 206 149 2014
10140 2010 211 149 2014
10158 2009 211 149 2014
10173 2010 211 149 2014
10106 2012 219 149 2014
10040 2009 206 149 2014
10004 2011 225 150 2015
10076 2011 224 150 2015
10031 2018 214 150 2015
473 19 225 150 2015
10173 2011 206 150 2015
10004 2012 223 151 2016
10031 2019 211 151 2016
599 183 231 151 2016
10173 2012 208 151 2016
10004 2013 208 152 2017
10031 2020 211 152 2017
599 184 225 152 2017
473 1 221 152 2017
10173 2013 208 152 2017
10004 2014 225 153 2018
10031 2021 213 153 2018
599 185 229 153 2018
10055 2018 211 153 2018
10173 2014 229 153 2018
443 68 224 153 2018
10004 2015 206 154 2019
10076 2015 213 154 2019
10018 1346 227 154 2019
10098 2016 209 154 2019
10158 2014 217 154 2019
10173 2015 205 154 2019
10004 2016 215 155 2020
10076 2016 227 155 2020
599 187 221 155 2020
10055 2020 239 155 2020
10018 1347 211 155 2020
10140 2016 219 155 2020
10158 2015 211 155 2020
10173 2016 237 155 2020
10004 2017 219 156 2021
10031 2024 218 156 2021
10031 2025 207 157 2022
10106 2020 207 157 2022
10004 2019 212 158 2023
10031 2026 208 158 2023
477 162 241 158 2023
10173 2019 208 158 2023
10031 2027 211 159 2024
10055 2024 218 159 2024
10173 2020 233 159 2024
10106 2022 213 159 2024
10040 2019 209 159 2024
10076 2021 213 160 2025
10055 2025 213 160 2025
10018 1352 207 160 2025
10106 2023 222 160 2025
10040 2020 211 160 2025
10078 2025 215 161 2026
599 193 238 161 2026
10106 2024 207 161 2026
10040 2021 207 161 2026
10134 2020 219 162 2027
10040 2022 208 162 2027
10134 2021 214 163 2028
638 1321 223 164 2029
10050 2033 219 164 2029
10065 2032 207 164 2029
10141 2022 214 165 2030
10101 2023 212 165 2030
10061 2034 210 165 2030
638 1322 233 165 2030
10088 2025 206 165 2030
331 5 228 165 2030
176 46 221 165 2030
473 14 224 165 2030
10050 2034 221 165 2030
10065 2033 208 165 2030
10141 2023 211 166 2031
10101 2024 225 166 2031
10061 2035 212 166 2031
294 397 227 166 2031
599 198 225 166 2031
473 15 243 166 2031
314 417 221 166 2031
10128 2026 220 166 2031
10141 2024 207 167 2032
10101 2025 209 167 2032
10061 2036 215 167 2032
10169 2033 212 167 2032
10138 2026 209 167 2032
10128 2027 209 167 2032
10101 2026 206 168 2033
10061 2037 225 168 2033
10169 2034 211 168 2033
599 200 221 168 2033
473 17 229 168 2033
10128 2028 221 168 2033
10061 2038 225 169 2034
10169 2035 207 169 2034
599 201 227 169 2034
473 18 225 169 2034
10128 2029 225 169 2034
10061 2039 231 170 2035
599 202 241 170 2035
10128 2030 211 170 2035
10061 2040 233 171 2036
10169 2037 210 171 2036
599 203 233 171 2036
473 20 234 171 2036
10128 2031 227 172 2037
10101 2030 206 172 2037
10061 2041 221 172 2037
10169 2038 211 172 2037
473 21 239 172 2037
10101 2031 208 173 2038
10061 2042 231 173 2038
10169 2039 219 173 2038
599 205 225 173 2038
473 22 230 173 2038
10128 2033 210 173 2038
10061 2043 225 174 2039
10169 2040 215 174 2039
599 206 221 174 2039
10128 2034 221 174 2039
10061 2044 227 175 2040
10169 2041 210 175 2040
599 207 229 175 2040
473 24 221 175 2040
10061 2045 225 176 2041
10169 2042 209 176 2041
599 208 233 176 2041
10128 2036 211 176 2041
10061 2046 222 177 2042
10169 2043 219 177 2042
599 209 223 177 2042
473 26 231 177 2042
10128 2037 208 178 2043
10061 2047 233 178 2043
10169 2044 221 178 2043
599 210 221 178 2043
473 27 233 178 2043
10128 2038 211 179 2044
10101 2037 208 179 2044
10061 2048 229 179 2044
10169 2045 220 179 2044
599 211 227 179 2044
473 28 221 179 2044
10128 2039 213 180 2045
10101 2038 208 180 2045
10061 2049 224 180 2045
10169 2046 219 180 2045
599 212 225 180 2045
10138 2039 208 180 2045
10128 2040 215 181 2046
10101 2039 207 181 2046
10061 2050 233 181 2046
10169 2047 214 181 2046
10128 2041 217 182 2047
10061 2051 231 182 2047
10169 2048 217 182 2047
10128 2042 216 183 2048
10061 2052 221 183 2048
10169 2049 224 183 2048
10061 2053 223 184 2049
10169 2050 225 184 2049
10128 2044 221 185 2050
10101 2043 207 185 2050
10061 2054 227 185 2050
10169 2051 223 185 2050
10138 2044 212 185 2050
10128 2045 213 186 2051
10101 2044 213 186 2051
10061 2055 221 186 2051
10169 2052 206 186 2051
10138 2045 221 186 2051
10062 2049 207 187 2052
10128 2046 210 187 2052
10101 2045 209 187 2052
10068 2057 214 187 2052
10138 2046 207 187 2052
10062 2050 207 187 2052
10128 2047 207 188 2053
10138 2047 211 188 2053
10062 2051 220 188 2053
10128 2048 214 189 2054
10068 2059 211 189 2054
10062 2052 208 189 2054
10068 2060 211 190 2055
10138 2049 208 190 2055
10163 2058 217 190 2055
10062 2053 208 190 2055
10067 2052 207 191 2056
10123 2051 213 191 2056
10163 2059 206 191 2056
10164 1851 212 192 2057
10123 2052 206 192 2057
10123 2053 207 193 2058
10043 2057 210 194 2059
10164 1854 213 195 2060
10159 2062 216 195 2060
10043 2058 219 195 2060
10091 2059 217 196 2061
10159 2063 223 196 2061
10043 2059 211 196 2061
674 144 223 196 2061
10091 2060 211 197 2062
10159 2064 225 197 2062
10043 2060 215 197 2062
10164 1857 208 198 2063
10091 2061 214 198 2063
10159 2065 209 198 2063
10043 2061 221 198 2063
10164 1858 215 199 2064
10091 2062 209 199 2064
10159 2066 207 199 2064
10164 1859 217 200 2065
10123 2060 210 200 2065
10163 2068 209 200 2065
10138 2060 221 201 2066
10050 2070 206 201 2066
10128 2061 212 202 2067
10141 2059 209 202 2067
10101 2060 225 202 2067
10061 2071 221 202 2067
10169 2068 231 202 2067
10138 2061 208 202 2067
10050 2071 219 202 2067
10141 2060 227 203 2068
10101 2061 214 203 2068
10061 2072 209 203 2068
10088 2063 218 203 2068
10050 2072 213 203 2068
10141 2061 216 204 2069
10101 2062 208 204 2069
10088 2064 208 204 2069
10050 2073 216 204 2069
10065 2072 210 204 2069
10141 2062 209 205 2070
10088 2065 210 205 2070
10134 2063 209 205 2070
10134 2064 206 206 2071
10134 2065 210 207 2072
91 456 223 208 2073
10134 2066 209 208 2073
10009 2071 208 209 2074
10134 2067 212 209 2074
10009 2072 209 210 2075
10140 2080 207 219 2084
10158 2079 212 219 2084
10134 2080 209 222 2087
10134 2081 208 223 2088
10009 2086 209 224 2089
10134 2082 219 224 2089
10065 2092 208 224 2089
10141 2082 214 225 2090
10101 2083 208 225 2090
10061 2094 207 225 2090
10088 2085 207 225 2090
10050 2094 213 225 2090
10141 2083 219 226 2091
10101 2084 213 226 2091
10061 2095 217 226 2091
10050 2095 220 226 2091
10141 2084 221 227 2092
10088 2087 209 227 2092
10169 2093 208 227 2092
10101 2086 228 228 2093
10061 2097 221 228 2093
10169 2094 209 228 2093
10068 2098 206 228 2093
10138 2087 206 228 2093
10128 2088 207 228 2093
10101 2087 212 229 2094
10169 2095 211 229 2094
10128 2089 210 229 2094
10101 2088 209 230 2095
10061 2099 224 230 2095
10169 2096 215 230 2095
10061 2100 233 231 2096
10169 2097 219 231 2096
10061 2101 225 232 2097
10128 2092 221 232 2097
10101 2091 208 233 2098
10061 2102 217 233 2098
10128 2093 208 233 2098
10101 2092 211 234 2099
10061 2103 223 234 2099
10068 2104 206 234 2099
10128 2094 217 234 2099
10101 2093 215 235 2100
10061 2104 231 235 2100
10169 2101 210 235 2100
10101 2094 213 236 2101
10061 2105 233 236 2101
10169 2102 213 236 2101
10128 2096 219 236 2101
10101 2095 211 237 2102
10061 2106 241 237 2102
10169 2103 221 237 2102
10128 2097 213 237 2102
10101 2096 210 238 2103
10061 2107 239 238 2103
10169 2104 221 238 2103
10128 2098 212 238 2103
10061 2108 234 239 2104
10169 2105 230 239 2104
10128 2099 215 239 2104
10101 2098 219 240 2105
10061 2109 209 240 2105
10068 2110 208 240 2105
10128 2100 214 240 2105
10101 2099 209 241 2106
10061 2110 227 241 2106
10169 2107 212 241 2106
10128 2101 219 241 2106
10061 2111 227 242 2107
10169 2108 217 242 2107
10061 2112 219 243 2108
10169 2109 207 243 2108
10061 2113 208 244 2109
10061 2114 208 245 2110
10128 2105 211 245 2110
10061 2115 209 246 2111
10128 2106 209 246 2111
10169 2113 209 247 2112
10169 2114 206 248 2113
10169 2115 207 249 2114
10061 2119 211 250 2115
10169 2116 207 250 2115
599 282 221 250 2115
10128 2110 207 250 2115
10061 2120 208 251 2116
10128 2111 207 251 2116
10061 2121 217 252 2117
599 284 222 252 2117
10128 2112 207 252 2117
10061 2122 214 253 2118
10061 2123 217 254 2119
599 286 230 254 2119
10128 2114 217 254 2119
10061 2124 221 255 2120
599 287 221 255 2120
10128 2115 207 255 2120
10061 2125 212 256 2121
10169 2122 207 256 2121
599 288 233 256 2121
10128 2116 206 256 2121
599 289 221 257 2122
10061 2127 207 258 2123
599 290 227 258 2123
10128 2118 211 258 2123
10061 2128 211 259 2124
599 291 227 259 2124
10128 2119 210 259 2124
10061 2129 212 260 2125
10169 2126 209 260 2125
599 292 237 260 2125
10061 2130 219 261 2126
10169 2127 211 261 2126
10128 2121 207 261 2126
10061 2131 210 262 2127
10169 2128 210 262 2127
599 294 231 262 2127
10128 2122 206 262 2127
10061 2132 210 263 2128
599 295 224 263 2128
10061 2133 213 264 2129
10128 2124 205 264 2129
10061 2134 215 265 2130
599 297 230 265 2130
10128 2125 207 265 2130
10061 2135 206 266 2131
10138 2125 206 266 2131
10128 2126 208 267 2132
10138 2126 221 267 2132
10062 2130 208 267 2132
599 300 231 268 2133
10123 2128 211 268 2133
10164 1928 207 268 2133
599 301 229 269 2134
10091 2135 211 271 2136
10043 2135 206 272 2137
10091 2136 226 272 2137
10043 2138 206 275 2140
10091 2139 209 275 2140
10159 2143 208 276 2141
10043 2140 210 277 2142
10043 2141 216 278 2143
10091 2142 213 278 2143
10091 2143 227 279 2144
10043 2143 213 280 2145
10091 2144 219 280 2145
10159 2148 208 281 2146
10043 2144 217 281 2146
10091 2145 232 281 2146
10159 2149 209 282 2147
10043 2145 208 282 2147
10091 2146 227 282 2147
10043 2146 206 283 2148
10091 2147 233 283 2148
10159 2151 207 284 2149
10043 2147 206 284 2149
10091 2148 231 284 2149
10091 2149 219 285 2150
10159 2153 208 286 2151
10091 2150 213 286 2151
10043 2150 208 287 2152
10091 2151 225 287 2152
10159 2155 209 288 2153
10043 2151 208 288 2153
10091 2152 221 288 2153
10091 2153 222 289 2154
10159 2157 208 290 2155
10091 2154 223 290 2155
10159 2158 208 291 2156
10043 2154 215 291 2156
10091 2155 221 291 2156
10159 2159 210 292 2157
10091 2156 212 292 2157
10043 2156 208 293 2158
10091 2157 221 293 2158
10091 2158 209 294 2159
10043 2158 208 295 2160
10091 2159 225 295 2160
10091 2161 227 297 2162
10043 2161 221 298 2163
10091 2162 226 298 2163
10091 2163 219 299 2164
10091 2164 223 300 2165
10091 2165 206 301 2166
10091 2166 217 302 2167
10091 2167 219 303 2168
10091 2168 210 304 2169
10091 2169 217 305 2170
10043 2169 211 306 2171
10091 2170 211 306 2171
10061 2179 219 310 2175
10169 2176 209 310 2175
10061 2180 215 311 2176
10128 2171 213 311 2176
10123 2173 208 313 2178
10043 2177 214 314 2179
10091 2178 224 314 2179
10159 2182 206 315 2180
10043 2178 209 315 2180
10091 2179 223 315 2180
10043 2179 212 316 2181
10091 2180 217 316 2181
10159 2184 206 317 2182
10091 2181 220 317 2182
10043 2181 208 318 2183
10091 2182 221 318 2183
10043 2182 205 319 2184
10091 2183 220 319 2184
10159 2187 210 320 2185
10091 2184 233 320 2185
10043 2184 206 321 2186
10063 2184 207 321 2186
10091 2185 231 321 2186
10091 2186 227 322 2187
10091 2187 221 323 2188
10043 2187 212 324 2189
10100 2181 206 325 2190
10091 2189 215 325 2190
10043 2189 207 326 2191
10091 2190 224 326 2191
10159 2194 207 327 2192
10100 2183 209 327 2192
10043 2190 211 327 2192
10091 2191 227 327 2192
10043 2192 207 329 2194
10091 2193 208 329 2194
10091 2194 233 330 2195
10091 2195 223 331 2196
10091 2196 209 332 2197
10091 2197 217 333 2198
10159 2201 209 334 2199
10091 2198 221 334 2199
10091 2199 210 335 2200
10043 2199 208 336 2201
10091 2200 219 336 2201
10043 2200 211 337 2202
10091 2201 213 337 2202
10091 2202 217 338 2203
10043 2202 206 339 2204
10091 2203 214 339 2204
10043 2203 209 340 2205
10091 2204 214 340 2205
10063 2204 206 341 2206
10159 2209 206 342 2207
10043 2205 206 342 2207
10043 2206 212 343 2208
10091 2207 207 343 2208
10043 2207 213 344 2209
10164 2004 206 344 2209
10043 2208 212 345 2210
10164 2005 209 345 2210
10128 2208 211 348 2213
10128 2209 208 349 2214
10101 2208 211 350 2215
10128 2210 211 351 2216
10101 2209 214 351 2216
10061 2220 210 351 2216
10141 2209 216 352 2217
10061 2221 208 352 2217
599 387 233 354 2219
10040 2215 208 355 2220
10018 1549 206 357 2222
10098 2219 234 357 2222
10098 2220 217 358 2223
10140 2219 207 358 2223
10018 1551 209 359 2224
10098 2221 207 359 2224
10055 2225 210 360 2225
10098 2222 210 360 2225
10106 2223 211 360 2225
10040 2220 210 360 2225
10078 2225 210 361 2226
10134 2220 221 362 2227
10134 2231 207 373 2238
10134 2235 208 377 2242
10134 2236 216 378 2243
10134 2238 205 380 2245
10134 2239 207 381 2246
10134 2240 207 382 2247
10134 2241 206 383 2248
10134 2242 205 384 2249
10134 2243 210 385 2250
10134 2244 209 386 2251
10134 2245 215 387 2252
10134 2246 208 388 2253
10134 2249 208 391 2256
10134 2251 208 393 2258
10009 2256 206 394 2259
10134 2252 208 394 2259
10009 2257 206 395 2260
10134 2253 210 395 2260
10009 2258 206 396 2261
10134 2254 211 396 2261
10009 2259 206 397 2262
10134 2257 206 399 2264
10134 2258 208 400 2265
10134 2262 208 404 2269
10134 2263 206 405 2270
10134 2265 207 407 2272
10134 2266 207 408 2273
10134 2271 209 413 2278
10134 2279 207 421 2286
10134 2281 206 423 2288
10134 2286 206 428 2293
10134 2287 206 429 2294
10134 2289 207 431 2296
10134 2291 207 433 2298
10134 2292 209 434 2299
599 468 233 436 2301
10050 2305 207 436 2301
10065 2304 205 436 2301
10141 2294 219 437 2302
10101 2295 208 437 2302
10128 2297 209 438 2303
10101 2296 208 438 2303
10128 2298 207 439 2304
10061 2308 219 439 2304
10169 2305 209 439 2304
10128 2299 207 440 2305
10061 2309 223 440 2305
10128 2300 211 441 2306
10061 2310 223 441 2306
10169 2307 210 441 2306
10128 2301 215 442 2307
10061 2311 207 442 2307
10169 2308 211 442 2307
10138 2301 214 442 2307
10128 2302 215 443 2308
10061 2312 212 443 2308
10128 2303 206 444 2309
10141 2301 206 444 2309
10101 2302 212 444 2309
10061 2313 209 444 2309
10169 2310 208 444 2309
10128 2304 209 445 2310
10061 2314 212 445 2310
10169 2311 207 445 2310
10128 2305 207 446 2311
10101 2304 207 446 2311
10050 2315 208 446 2311
10101 2305 214 447 2312
10061 2316 212 447 2312
10101 2306 214 448 2313
10061 2317 214 448 2313
10169 2314 212 448 2313
10101 2307 218 449 2314
10061 2318 219 449 2314
10169 2315 213 449 2314
10141 2307 206 450 2315
10101 2308 218 450 2315
10061 2319 219 450 2315
10169 2316 213 450 2315
10141 2308 207 451 2316
10101 2309 215 451 2316
10061 2320 225 451 2316
10169 2317 211 451 2316
10128 2311 207 452 2317
10101 2310 213 452 2317
10061 2321 221 452 2317
10169 2318 217 452 2317
10138 2311 206 452 2317
10061 2322 212 453 2318
10169 2319 219 453 2318
10061 2323 215 454 2319
10169 2320 212 454 2319
10101 2313 209 455 2320
10061 2324 226 455 2320
10169 2321 209 455 2320
10101 2314 221 456 2321
10061 2325 216 456 2321
10101 2315 213 457 2322
10061 2326 207 457 2322
10138 2316 208 457 2322
10061 2327 227 458 2323
10169 2324 209 458 2323
10101 2317 211 459 2324
10061 2328 223 459 2324
10169 2325 211 459 2324
10061 2329 217 460 2325
10169 2326 207 460 2325
10061 2330 217 461 2326
10169 2327 217 461 2326
10128 2321 211 462 2327
10061 2331 229 462 2327
10169 2328 207 462 2327
10128 2322 212 463 2328
10061 2332 230 463 2328
10169 2329 209 463 2328
