10164 373 209 0 580
10091 577 219 0 580
10159 581 211 0 580
10091 578 220 1 581
10159 582 227 1 581
10091 579 219 2 582
10159 583 231 2 582
10091 580 229 3 583
10159 584 215 3 583
10043 580 208 3 583
10091 581 218 4 584
10159 585 221 4 584
10159 586 222 5 585
10091 583 218 6 586
10159 587 225 6 586
10091 584 223 7 587
10159 588 225 7 587
10091 585 213 8 588
10159 589 228 8 588
10043 585 209 8 588
10091 586 216 9 589
10159 590 229 9 589
10091 587 214 10 590
10159 591 223 10 590
10091 588 209 11 591
10159 592 220 11 591
10164 385 210 12 592
10091 589 218 12 592
10159 593 223 12 592
10043 589 211 12 592
10091 590 223 13 593
10159 594 226 13 593
10091 591 213 14 594
10091 592 222 15 595
10159 596 212 15 595
10043 592 208 15 595
10091 593 221 16 596
10091 594 217 17 597
10159 598 208 17 597
10091 595 213 18 598
10159 599 223 18 598
10043 595 210 18 598
10091 597 225 20 600
10159 601 227 20 600
10091 598 221 21 601
10159 602 219 21 601
10091 599 226 22 602
10159 603 221 22 602
10091 600 217 23 603
10159 604 218 23 603
10091 601 213 24 604
10043 601 209 24 604
10164 398 211 25 605
10091 602 228 25 605
10159 606 223 25 605
10043 602 208 25 605
10091 603 219 26 606
10159 607 214 26 606
10091 604 222 27 607
10159 608 235 27 607
10091 605 218 28 608
10159 609 225 28 608
10091 606 225 29 609
10159 610 221 29 609
10091 607 211 30 610
10159 611 223 30 610
10043 607 214 30 610
10164 404 209 31 611
10091 608 218 31 611
10159 612 215 31 611
10043 608 215 31 611
10091 609 221 32 612
10159 613 217 32 612
10091 610 221 33 613
10159 614 228 33 613
10091 611 220 34 614
10159 615 220 34 614
10091 612 216 35 615
10159 616 222 35 615
10091 613 213 36 616
10159 617 231 36 616
10091 614 226 37 617
10159 618 233 37 617
10091 615 223 38 618
10159 619 225 38 618
10091 616 225 39 619
10159 620 227 39 619
10043 616 209 39 619
10091 617 225 40 620
10159 621 223 40 620
10091 618 218 41 621
10159 622 219 41 621
10164 415 209 42 622
10091 619 210 42 622
10159 623 219 42 622
10043 619 209 42 622
10091 620 213 43 623
10159 624 211 43 623
10091 621 214 44 624
10159 625 225 44 624
10091 622 220 45 625
10159 626 218 45 625
10164 419 209 46 626
10091 623 221 46 626
10159 627 219 46 626
10043 623 210 46 626
10091 624 212 47 627
10159 628 227 47 627
10091 625 228 48 628
10159 629 232 48 628
10091 626 220 49 629
10159 630 233 49 629
10091 627 222 50 630
10159 631 225 50 630
10043 627 216 50 630
10091 628 226 51 631
10159 632 225 51 631
10091 629 210 52 632
10159 633 215 52 632
10159 634 221 53 633
10043 630 216 53 633
10091 631 219 54 634
10159 635 228 54 634
10043 631 218 54 634
10091 632 221 55 635
10159 636 231 55 635
10043 632 217 55 635
10091 633 221 56 636
10159 637 231 56 636
10043 633 217 56 636
10164 430 209 57 637
10091 634 222 57 637
10159 638 229 57 637
10043 634 212 57 637
10164 431 208 58 638
10091 635 221 58 638
10159 639 232 58 638
10043 635 214 58 638
10091 636 213 59 639
10159 640 226 59 639
10043 636 209 59 639
10159 641 223 60 640
10091 638 213 61 641
10159 642 237 61 641
10091 639 219 62 642
10159 643 219 62 642
10091 640 217 63 643
10159 644 210 63 643
10043 640 216 63 643
10091 641 211 64 644
10159 645 217 64 644
10091 642 208 65 645
10159 646 226 65 645
10091 643 222 66 646
10159 647 227 66 646
10159 648 214 67 647
10091 645 211 68 648
10159 649 223 68 648
10043 645 211 68 648
10091 646 214 69 649
10159 650 223 69 649
10091 647 214 70 650
10159 651 212 70 650
10091 648 211 71 651
10159 652 229 71 651
10091 649 212 72 652
10159 653 220 72 652
10091 650 216 73 653
10159 654 235 73 653
10159 655 224 74 654
10043 651 217 74 654
10091 652 217 75 655
10159 656 221 75 655
10091 653 223 76 656
10159 657 231 76 656
10091 654 222 77 657
10159 658 219 77 657
10164 451 209 78 658
10091 655 218 78 658
10159 659 210 78 658
10091 656 218 79 659
10159 660 218 79 659
10091 657 220 80 660
10159 661 217 80 660
10043 657 209 80 660
10091 658 221 81 661
10159 662 218 81 661
10091 659 213 82 662
10159 663 225 82 662
10159 664 219 83 663
10159 665 214 84 664
10091 662 216 85 665
10159 666 218 85 665
10091 663 217 86 666
10159 667 226 86 666
10091 664 223 87 667
10159 668 223 87 667
10091 665 216 88 668
10159 669 221 88 668
10091 666 216 89 669
10159 670 223 89 669
10091 667 217 90 670
10159 671 211 90 670
10091 668 227 91 671
10159 672 215 91 671
10043 668 210 91 671
10091 669 209 92 672
10043 669 208 92 672
10091 670 211 93 673
10043 670 211 93 673
10159 675 216 94 674
10091 672 219 95 675
10159 676 222 95 675
10091 673 214 96 676
10159 677 213 96 676
10091 674 221 97 677
10159 678 225 97 677
10164 471 209 98 678
10091 675 218 98 678
10159 679 222 98 678
10159 680 220 99 679
10164 473 210 99 679
10159 681 225 100 680
10091 678 219 101 681
10159 682 227 101 681
10091 679 217 101 681
10159 683 215 102 682
10091 680 216 102 682
10159 684 212 103 683
10091 681 219 103 683
10159 685 214 104 684
10091 682 216 104 684
10159 686 227 105 685
10091 683 210 105 685
10159 687 211 106 686
10091 684 214 106 686
10159 688 209 107 687
10043 684 211 107 687
10091 685 223 107 687
10159 689 225 108 688
10091 686 218 108 688
10159 690 225 109 689
10091 687 210 109 689
10159 691 210 110 690
10043 687 209 110 690
10091 688 210 110 690
10159 692 210 111 691
10070 687 210 111 691
10043 688 214 111 691
10033 689 223 111 691
10100 682 210 112 692
10083 691 212 112 692
10080 695 234 112 692
10080 696 222 113 693
10083 693 212 114 694
10080 697 237 114 694
10086 694 209 114 694
10083 694 210 115 695
10033 693 217 115 695
10164 489 209 115 695
10043 693 211 116 696
10091 694 213 116 696
10159 698 218 117 697
10091 695 218 117 697
10159 699 227 118 698
10091 696 209 118 698
10159 700 223 119 699
10091 697 215 119 699
10159 701 225 120 700
10091 698 229 120 700
10159 702 217 121 701
10159 703 231 122 702
10091 700 214 122 702
10159 704 222 123 703
10091 701 210 123 703
10159 705 227 124 704
10043 701 211 124 704
10091 702 212 124 704
10159 706 223 125 705
10159 707 235 126 706
10091 704 212 126 706
10159 708 218 127 707
10043 704 210 127 707
10091 705 222 127 707
10159 709 222 128 708
10091 706 221 129 709
10159 710 225 129 709
10091 707 212 129 709
10159 711 223 130 710
10043 707 210 130 710
10091 708 212 130 710
10159 712 220 131 711
10091 709 216 131 711
10159 713 217 132 712
10091 710 212 132 712
10159 714 213 133 713
10091 711 212 134 714
10159 715 218 134 714
10164 508 208 134 714
10091 712 213 134 714
10159 716 218 135 715
10091 713 209 135 715
10091 714 211 136 716
10159 718 217 137 717
10164 511 208 137 717
10091 715 209 137 717
10159 719 208 138 718
10091 716 221 138 718
10159 720 214 139 719
10091 717 212 139 719
10159 721 226 140 720
10091 718 208 140 720
10091 719 217 141 721
10159 723 214 142 722
10164 516 209 142 722
10091 720 215 142 722
10159 724 225 143 723
10091 721 212 143 723
10159 725 221 144 724
10091 722 213 144 724
10159 726 216 145 725
10091 723 219 145 725
10159 727 217 146 726
10091 724 217 146 726
10159 728 210 147 727
10091 725 210 147 727
10159 729 211 148 728
10091 726 217 148 728
10159 731 216 150 730
10091 728 223 150 730
10159 732 221 151 731
10043 728 211 151 731
10091 729 213 151 731
10159 733 223 152 732
10091 730 222 152 732
10091 731 216 153 733
10159 735 212 154 734
10159 736 222 155 735
10159 737 222 156 736
10091 734 221 156 736
10159 738 215 157 737
10043 734 212 157 737
10091 735 220 157 737
10159 739 229 158 738
10091 736 213 158 738
10159 740 219 159 739
10091 737 217 159 739
10159 741 221 160 740
10164 534 210 160 740
10091 738 216 160 740
10159 742 225 161 741
155 40 242 161 741
10091 739 223 161 741
10159 743 224 162 742
155 41 228 162 742
10091 740 228 162 742
10159 744 235 163 743
10159 745 211 164 744
10091 742 212 164 744
10159 746 228 165 745
10164 539 211 165 745
10091 743 221 165 745
10159 747 210 166 746
10086 746 213 166 746
10083 746 208 167 747
10080 750 223 167 747
10071 749 214 168 748
10080 751 212 168 748
10164 542 210 168 748
10091 747 214 169 749
10159 751 217 170 750
10091 748 221 170 750
10159 752 225 171 751
10091 749 213 171 751
10159 753 220 172 752
10043 749 210 172 752
10091 750 213 172 752
10159 754 214 173 753
10091 751 215 173 753
10159 755 221 174 754
