10171 662 215 0 661
10052 663 209 0 661
10171 663 207 1 662
10171 664 215 2 663
10171 665 210 3 664
10171 666 207 4 665
10171 667 212 5 666
10171 668 210 6 667
10052 669 208 6 667
10171 669 209 7 668
10052 670 207 7 668
10171 670 209 8 669
10052 671 208 8 669
10171 671 208 9 670
10054 671 212 10 671
10069 669 206 11 672
10027 671 213 11 672
10064 671 221 11 672
10094 671 206 11 672
10171 674 206 12 673
10054 673 215 12 673
10052 675 208 12 673
10171 675 208 13 674
10052 676 210 13 674
10052 677 211 14 675
10171 677 207 15 676
10052 678 208 15 676
10171 678 209 16 677
10171 679 212 17 678
10171 680 206 18 679
10171 681 207 19 680
10171 682 206 20 681
10171 683 209 21 682
10171 684 209 22 683
10171 685 209 23 684
10171 688 212 26 687
10052 689 210 26 687
10171 690 206 28 689
10171 691 207 29 690
10171 692 206 30 691
10052 693 206 30 691
10052 697 208 34 695
10052 698 206 35 696
10171 698 209 36 697
10171 699 208 37 698
10171 700 209 38 699
10171 701 209 39 700
10171 702 209 40 701
10171 703 213 41 702
10171 704 211 42 703
10052 705 210 42 703
10171 705 211 43 704
10171 706 209 44 705
10171 707 206 45 706
10171 708 207 46 707
10052 709 207 46 707
10171 709 207 47 708
10171 710 207 48 709
10171 711 207 49 710
10171 712 206 50 711
10171 713 206 51 712
10171 714 206 52 713
10171 716 207 54 715
10052 718 208 55 716
423 13 227 55 716
10052 719 208 56 717
10171 719 205 57 718
10052 721 207 58 719
10171 725 205 63 724
10171 730 210 68 729
10171 731 210 69 730
10171 732 209 70 731
10171 733 209 71 732
10171 734 207 72 733
10052 735 206 72 733
10171 735 208 73 734
10052 736 207 73 734
10052 738 207 75 736
10052 739 214 76 737
10171 739 208 77 738
10052 740 211 77 738
10171 740 209 78 739
720 12 227 79 740
10171 741 211 79 740
10052 742 205 79 740
720 13 223 80 741
10171 742 209 80 741
720 14 227 81 742
10171 743 209 81 742
10171 744 208 82 743
10171 745 206 83 744
10171 746 208 84 745
10171 747 209 85 746
10171 748 208 86 747
10171 749 208 87 748
10171 750 209 88 749
10171 751 209 89 750
10052 753 206 90 751
10052 754 206 91 752
10052 755 206 92 753
10052 756 206 93 754
10052 757 206 94 755
215 70 221 94 755
10171 757 207 95 756
215 71 221 95 756
10171 758 209 96 757
10171 761 211 99 760
215 75 224 99 760
10171 762 209 100 761
10171 763 208 101 762
10171 764 208 102 763
10171 765 209 103 764
10171 766 206 104 765
10052 768 207 105 766
10171 768 209 106 767
10171 769 212 107 768
10171 770 208 108 769
10171 773 205 111 772
382 79 223 119 780
10171 782 210 120 781
10052 783 208 120 781
10171 783 207 121 782
10171 786 208 124 785
474 87 221 125 786
10171 787 207 125 786
10052 789 206 126 787
10052 790 206 127 788
10171 790 205 128 789
10052 791 206 128 789
474 92 221 130 791
10052 793 209 130 791
474 93 223 131 792
10052 794 209 131 792
474 94 224 132 793
483 110 227 132 793
483 111 227 133 794
148 99 221 135 796
10171 798 207 136 797
10171 804 211 142 803
148 106 223 142 803
10171 805 208 143 804
539 32 227 143 804
10171 806 209 144 805
539 33 225 144 805
10171 807 206 145 806
539 34 224 145 806
10171 808 206 146 807
539 35 231 146 807
10052 809 206 146 807
10171 809 206 147 808
539 36 230 147 808
10052 810 207 147 808
539 37 221 148 809
10052 811 208 148 809
10052 812 208 149 810
539 39 229 150 811
10052 813 207 150 811
539 40 230 151 812
10052 814 209 151 812
539 41 221 152 813
10052 815 210 152 813
539 42 227 153 814
10171 816 212 154 815
539 43 224 154 815
10052 817 209 154 815
10171 817 215 155 816
539 44 231 155 816
10052 818 209 155 816
10171 818 209 156 817
10171 819 211 157 818
539 46 222 157 818
10171 821 209 159 820
10052 823 207 160 821
10054 822 207 161 822
10171 825 208 163 824
10054 825 204 164 825
10054 831 211 170 831
10171 833 209 171 832
10052 834 210 171 832
10171 834 209 172 833
10171 836 209 174 835
10052 837 211 174 835
10171 837 209 175 836
10052 838 207 175 836
10171 838 214 176 837
10171 839 210 177 838
10171 840 210 178 839
10171 841 208 179 840
10171 842 208 180 841
10171 843 207 181 842
10171 844 207 182 843
10171 845 208 183 844
10171 846 206 184 845
10171 847 207 185 846
10171 848 208 186 847
10171 849 207 187 848
10171 850 206 188 849
10171 851 207 189 850
10171 852 207 190 851
10171 853 208 191 852
10171 856 207 194 855
10171 857 211 195 856
10171 858 206 196 857
10171 862 208 200 861
10171 863 207 201 862
10171 864 207 202 863
10052 866 210 203 864
10171 866 206 204 865
10171 867 206 205 866
10171 868 206 206 867
10171 869 206 207 868
10171 870 208 208 869
10171 871 206 209 870
10171 873 209 211 872
10171 874 209 212 873
10171 875 210 213 874
10171 876 208 214 875
10171 877 213 215 876
10052 878 208 215 876
10171 878 210 216 877
10052 883 206 220 881
10052 884 209 221 882
10171 884 208 222 883
10052 886 206 223 884
10052 887 215 224 885
10171 887 209 225 886
10052 888 209 225 886
10052 889 210 226 887
10052 890 210 227 888
10171 890 210 228 889
10052 891 210 228 889
10171 891 210 229 890
10052 892 210 229 890
10171 892 211 230 891
10052 893 211 230 891
10171 893 211 231 892
10052 894 209 231 892
10171 894 209 232 893
10052 895 207 232 893
10171 895 211 233 894
10052 896 206 233 894
10171 896 214 234 895
10171 897 213 235 896
10171 898 207 236 897
10052 899 207 236 897
10171 899 213 237 898
10052 900 209 237 898
10171 900 212 238 899
10052 901 207 238 899
10171 901 211 239 900
10052 902 208 239 900
10171 902 212 240 901
10052 903 207 240 901
10171 903 212 241 902
10052 904 206 241 902
10171 904 212 242 903
10052 905 207 242 903
10171 905 211 243 904
10171 906 212 244 905
10052 907 206 244 905
10171 907 211 245 906
10052 908 208 245 906
10171 908 211 246 907
10171 909 212 247 908
10052 910 206 247 908
10171 911 208 249 910
10171 912 208 250 911
10171 913 207 251 912
10052 914 206 251 912
10171 914 209 252 913
10052 915 205 252 913
10171 915 209 253 914
10052 916 205 253 914
10171 916 211 254 915
10171 917 213 255 916
10052 918 207 255 916
10171 918 211 256 917
10052 919 206 256 917
10171 919 209 257 918
10171 920 210 258 919
10052 921 207 258 919
10171 921 214 259 920
10052 922 206 259 920
10171 922 214 260 921
10052 923 207 260 921
10171 923 215 261 922
10171 924 215 262 923
10052 925 206 262 923
10171 925 214 263 924
10052 926 205 263 924
10171 926 211 264 925
10171 927 211 265 926
10171 928 206 266 927
10171 930 205 268 929
10171 931 205 269 930
10171 932 217 270 931
10171 933 207 271 932
10171 934 215 272 933
10052 935 213 272 933
10171 935 209 273 934
10171 936 215 274 935
10052 938 206 275 936
10052 940 207 277 938
10054 939 212 278 939
10052 941 207 278 939
10094 938 212 278 939
10069 937 211 278 939
10171 941 208 279 940
14 236 223 279 940
10027 939 206 279 940
10054 940 223 279 940
10068 945 205 279 940
10171 942 207 280 941
10171 944 209 282 943
10052 945 208 282 943
10052 948 205 285 946
10052 949 205 286 947
10052 950 206 287 948
10052 951 206 288 949
10052 952 207 289 950
10052 953 206 290 951
10171 955 207 293 954
10052 956 206 293 954
10052 958 206 295 956
10171 958 208 296 957
10171 960 205 298 959
10052 962 206 299 960
10171 962 208 300 961
10052 963 205 300 961
10052 964 207 301 962
10052 965 208 302 963
10052 966 206 303 964
10171 966 207 304 965
10052 967 205 304 965
10171 967 207 305 966
10171 968 208 306 967
10052 969 208 306 967
10052 970 208 307 968
10052 971 206 308 969
10171 971 207 309 970
10171 972 208 310 971
10171 973 208 311 972
10171 974 207 312 973
10052 975 206 312 973
10052 976 207 313 974
10052 977 208 314 975
10052 978 206 315 976
10052 979 206 316 977
10171 979 205 317 978
10052 980 205 317 978
10171 980 207 318 979
10052 982 210 319 980
10171 982 209 320 981
10171 983 210 321 982
10052 984 208 321 982
10171 984 208 322 983
10052 986 206 323 984
10171 987 209 325 986
10052 988 207 325 986
10171 988 206 326 987
10052 989 209 326 987
10171 989 207 327 988
10171 990 211 328 989
10054 991 221 330 991
10033 990 206 331 992
10171 994 207 332 993
10171 996 209 334 995
10052 999 205 336 997
10171 999 207 337 998
10054 998 205 337 998
10052 1000 207 337 998
10171 1000 208 338 999
10052 1002 206 339 1000
10171 1002 211 340 1001
10171 1003 205 341 1002
10171 1004 209 342 1003
10171 1005 207 343 1004
10171 1006 206 344 1005
10052 1007 206 344 1005
10171 1007 211 345 1006
10171 1008 208 346 1007
10052 1009 206 346 1007
10171 1009 208 347 1008
10171 1010 208 348 1009
10171 1011 208 349 1010
10171 1012 207 350 1011
10171 1013 208 351 1012
10171 1014 207 352 1013
10171 1020 206 358 1019
10171 1021 207 359 1020
10171 1024 205 362 1023
10171 1026 205 364 1025
10171 1027 213 365 1026
10052 1029 206 366 1027
10052 1030 205 367 1028
10052 1031 206 368 1029
10052 1032 205 369 1030
10052 1034 206 371 1032
10171 1034 210 372 1033
531 317 227 372 1033
10171 1035 205 373 1034
10052 1037 206 374 1035
10052 1038 209 375 1036
10052 1039 206 376 1037
10171 1039 212 377 1038
10171 1040 212 378 1039
10052 1041 207 378 1039
10171 1041 211 379 1040
10052 1042 209 379 1040
10171 1042 211 380 1041
10171 1043 211 381 1042
10052 1044 209 381 1042
10171 1044 213 382 1043
10052 1045 208 382 1043
10171 1045 212 383 1044
10052 1046 209 383 1044
10171 1046 211 384 1045
10171 1048 206 386 1047
10052 1049 208 386 1047
10171 1049 206 387 1048
10052 1050 209 387 1048
10171 1052 205 390 1051
10171 1054 209 392 1053
10052 1055 207 392 1053
10171 1055 208 393 1054
10171 1059 206 397 1058
10171 1060 211 398 1059
10052 1061 209 398 1059
10171 1061 207 399 1060
10171 1062 207 400 1061
10052 1063 208 400 1061
10171 1063 207 401 1062
10052 1065 207 402 1063
10052 1066 207 403 1064
10092 1064 205 403 1064
10052 1067 207 404 1065
10052 1068 206 405 1066
10052 1069 208 406 1067
10052 1070 207 407 1068
10052 1071 207 408 1069
10052 1072 206 409 1070
10052 1073 207 410 1071
10052 1074 208 411 1072
10052 1075 207 412 1073
10052 1076 207 413 1074
10052 1077 207 414 1075
10052 1078 206 415 1076
10052 1079 206 416 1077
10052 1080 206 417 1078
10052 1081 206 418 1079
10052 1082 207 419 1080
10052 1083 207 420 1081
10052 1084 207 421 1082
10092 1082 205 421 1082
10171 1084 208 422 1083
10052 1085 211 422 1083
10171 1085 207 423 1084
10052 1087 210 424 1085
10052 1088 210 425 1086
10052 1089 210 426 1087
278 398 226 426 1087
10052 1090 210 427 1088
278 399 233 427 1088
10052 1091 210 428 1089
278 400 233 428 1089
10052 1092 210 429 1090
278 401 231 429 1090
10171 1092 210 430 1091
10171 1093 211 431 1092
10171 1094 207 432 1093
10171 1096 207 434 1095
10171 1097 209 435 1096
10171 1098 209 436 1097
10171 1099 208 437 1098
10171 1100 209 438 1099
10171 1101 206 439 1100
10052 1102 212 439 1100
10052 1103 211 440 1101
10171 1104 210 442 1103
10052 1105 207 442 1103
10171 1105 209 443 1104
10052 1106 207 443 1104
10171 1106 212 444 1105
10171 1107 208 445 1106
10052 1108 206 445 1106
10171 1110 206 448 1109
10054 1109 207 448 1109
10171 1111 206 449 1110
10052 1112 207 449 1110
10052 1115 207 452 1113
10052 1116 208 453 1114
10052 1117 209 454 1115
10171 1118 211 456 1117
10171 1119 211 457 1118
10171 1120 210 458 1119
10052 1121 207 458 1119
10052 1123 210 460 1121
10171 1125 208 463 1124
10052 1126 209 463 1124
10171 1126 209 464 1125
10171 1127 207 465 1126
10171 1128 206 466 1127
10171 1129 206 467 1128
10052 1130 209 467 1128
10171 1131 210 469 1130
10052 1132 206 469 1130
10171 1132 209 470 1131
10171 1134 211 472 1133
10052 1135 210 472 1133
10171 1135 213 473 1134
10052 1137 207 474 1135
10171 1137 209 475 1136
10052 1138 207 475 1136
10171 1138 210 476 1137
10171 1139 209 477 1138
10171 1140 210 478 1139
10052 1141 207 478 1139
10171 1141 209 479 1140
10171 1142 210 480 1141
10171 1143 209 481 1142
10052 1146 205 483 1144
10171 1147 208 485 1146
10052 1148 206 485 1146
10171 1148 206 486 1147
10171 1149 209 487 1148
10171 1150 208 488 1149
10052 1151 207 488 1149
10171 1151 207 489 1150
10052 1152 206 489 1150
10171 1152 207 490 1151
10052 1153 206 490 1151
10171 1153 206 491 1152
10171 1154 207 492 1153
10171 1155 209 493 1154
10052 1156 207 493 1154
10171 1156 207 494 1155
10052 1157 206 494 1155
10171 1157 208 495 1156
10052 1158 207 495 1156
10171 1158 208 496 1157
10052 1160 205 497 1158
10171 1160 205 498 1159
10171 1161 208 499 1160
10052 1162 209 499 1160
10052 1163 207 500 1161
10171 1163 209 501 1162
10171 1164 211 502 1163
10052 1165 206 502 1163
10171 1166 207 504 1165
10171 1167 207 505 1166
10171 1168 209 506 1167
10052 1169 208 506 1167
10171 1169 209 507 1168
10052 1170 207 507 1168
10171 1170 209 508 1169
10052 1171 209 508 1169
10171 1171 209 509 1170
10052 1172 208 509 1170
10171 1172 209 510 1171
10052 1173 205 510 1171
10171 1173 209 511 1172
10052 1174 205 511 1172
10171 1174 209 512 1173
10052 1175 207 512 1173
10171 1175 208 513 1174
10052 1176 207 513 1174
10171 1176 209 514 1175
10052 1177 208 514 1175
10171 1177 209 515 1176
10052 1178 207 515 1176
10171 1178 209 516 1177
10052 1179 208 516 1177
10171 1179 210 517 1178
10052 1180 208 517 1178
10171 1180 209 518 1179
10052 1181 208 518 1179
10171 1181 209 519 1180
10052 1182 210 519 1180
10171 1182 211 520 1181
10052 1183 208 520 1181
10171 1183 209 521 1182
10171 1184 209 522 1183
10052 1185 206 522 1183
10171 1185 211 523 1184
10171 1186 210 524 1185
10171 1187 210 525 1186
10052 1188 206 525 1186
10171 1188 208 526 1187
10052 1189 206 526 1187
10171 1189 208 527 1188
10171 1190 207 528 1189
10171 1191 207 529 1190
10052 1192 206 529 1190
10171 1192 207 529 1190
10171 1193 206 531 1192
10052 1194 212 531 1192
10052 1196 206 533 1194
10171 1197 206 535 1196
10171 1198 206 536 1197
10052 1199 207 536 1197
10052 1201 207 538 1199
10052 1202 210 539 1200
10171 1202 206 540 1201
10054 1202 206 541 1202
10171 1204 207 542 1203
10054 1203 206 542 1203
10171 1205 211 543 1204
10171 1206 205 544 1205
10171 1208 209 546 1207
10054 1207 208 546 1207
10052 1209 207 546 1207
10052 1210 205 547 1208
10171 1210 207 548 1209
10052 1212 207 549 1210
10171 1212 208 550 1211
10052 1213 208 550 1211
10052 1214 207 551 1212
10052 1216 209 553 1214
10054 1215 225 554 1215
10094 1214 205 554 1215
10069 1213 211 554 1215
10054 1216 209 555 1216
10094 1215 209 555 1216
10069 1214 206 555 1216
10027 1216 207 556 1217
10054 1217 207 556 1217
10027 1217 205 557 1218
10054 1218 213 557 1218
10064 1217 206 557 1218
10094 1217 211 557 1218
10054 1219 212 558 1219
10094 1218 206 558 1219
10069 1217 221 558 1219
10054 1220 231 559 1220
10094 1219 217 559 1220
10069 1218 233 559 1220
10054 1221 226 560 1221
10094 1220 207 560 1221
10052 1224 212 561 1222
10092 1222 205 561 1222
10094 1221 206 561 1222
10171 1224 205 562 1223
10106 1221 208 563 1224
10154 1217 207 563 1224
10040 1218 204 563 1224
10076 1220 209 563 1224
10055 1224 209 563 1224
10134 1217 207 563 1224
10173 1220 213 564 1225
10106 1222 219 564 1225
10076 1221 210 564 1225
10078 1224 218 564 1225
10018 552 223 564 1225
10098 1222 217 564 1225
10140 1221 209 564 1225
10055 1226 207 565 1226
10018 553 226 565 1226
10098 1223 214 565 1226
10140 1222 214 565 1226
10084 1220 208 565 1226
10158 1221 213 565 1226
643 303 225 565 1226
10018 554 221 566 1227
10140 1223 210 566 1227
10084 1221 219 566 1227
10158 1222 211 566 1227
10173 1223 206 567 1228
10076 1224 207 567 1228
10055 1228 207 567 1228
10018 555 219 567 1228
10098 1225 212 567 1228
10106 1226 212 568 1229
10040 1223 215 568 1229
10040 1224 217 569 1230
353 100 231 569 1230
10040 1225 219 570 1231
353 101 225 570 1231
10078 1230 206 570 1231
10040 1226 223 571 1232
353 102 226 571 1232
10040 1227 215 572 1233
10040 1228 219 573 1234
10106 1232 211 574 1235
10040 1229 230 574 1235
353 105 231 574 1235
348 220 221 574 1235
10106 1233 208 575 1236
10040 1230 237 575 1236
10078 1235 207 575 1236
348 221 225 575 1236
10106 1234 207 576 1237
10040 1231 217 576 1237
128 30 221 576 1237
436 524 221 576 1237
10078 1236 206 576 1237
10106 1235 208 577 1238
10018 565 223 577 1238
10098 1235 227 577 1238
10140 1234 205 577 1238
744 49 223 577 1238
10158 1233 209 577 1238
10106 1236 210 578 1239
10004 1235 205 578 1239
10076 1235 219 578 1239
10055 1239 206 578 1239
10173 1235 207 578 1239
136 317 221 578 1239
10106 1237 214 579 1240
10168 1238 209 581 1242
10052 1244 213 581 1242
10092 1242 209 581 1242
10052 1245 206 582 1243
10171 1245 211 582 1243
10171 1246 206 583 1244
10054 1245 207 584 1245
10052 1248 206 585 1246
10052 1249 206 586 1247
10171 1249 207 586 1247
10052 1250 209 587 1248
10171 1250 209 587 1248
10052 1251 207 588 1249
10171 1251 205 588 1249
10054 1250 207 589 1250
10052 1252 208 589 1250
10171 1252 209 589 1250
10052 1253 209 590 1251
10171 1253 208 590 1251
10052 1254 207 591 1252
10171 1254 209 591 1252
10052 1255 206 592 1253
10171 1255 205 592 1253
10171 1256 208 593 1254
10054 1255 205 594 1255
10171 1257 208 594 1255
10054 1256 205 595 1256
10054 1257 207 596 1257
10171 1261 207 598 1259
10054 1261 208 600 1261
10171 1263 206 600 1261
10171 1264 209 601 1262
10171 1266 206 603 1264
94 15 221 604 1265
10171 1267 207 604 1265
10052 1268 211 605 1266
94 16 228 605 1266
10171 1268 206 605 1266
10052 1269 210 606 1267
94 17 229 606 1267
10171 1269 206 606 1267
10052 1270 211 607 1268
94 18 231 607 1268
94 19 231 608 1269
10171 1271 207 608 1269
10052 1272 207 609 1270
558 560 223 609 1270
10171 1272 205 609 1270
10052 1273 210 610 1271
558 561 231 610 1271
10171 1273 205 610 1271
558 562 237 611 1272
558 563 233 612 1273
10052 1276 208 613 1274
558 564 225 613 1274
10092 1274 204 613 1274
10171 1276 210 613 1274
10052 1277 206 614 1275
558 565 235 614 1275
558 566 227 615 1276
10171 1278 208 615 1276
558 567 228 616 1277
10171 1279 207 616 1277
10052 1280 207 617 1278
558 568 223 617 1278
10171 1280 210 617 1278
10052 1281 208 618 1279
558 569 231 618 1279
10171 1281 210 618 1279
558 570 223 619 1280
10171 1283 205 620 1281
255 182 221 621 1282
10052 1284 205 621 1282
10171 1284 205 621 1282
255 183 235 622 1283
10171 1285 206 622 1283
10171 1286 206 623 1284
10052 1287 207 624 1285
255 185 223 624 1285
255 186 226 625 1286
10052 1288 207 625 1286
10171 1288 207 625 1286
10052 1289 207 626 1287
255 187 225 626 1287
255 188 233 627 1288
10052 1290 209 627 1288
255 189 224 628 1289
10052 1291 208 628 1289
255 190 221 629 1290
10052 1292 208 629 1290
255 191 221 630 1291
10052 1293 208 630 1291
10052 1294 209 631 1292
117 507 225 631 1292
117 508 223 632 1293
10052 1296 206 633 1294
10171 1296 207 633 1294
117 509 223 633 1294
10171 1297 207 634 1295
117 510 230 634 1295
10171 1298 207 635 1296
750 149 221 638 1299
10052 1302 210 639 1300
10171 1302 206 639 1300
750 151 236 640 1301
10052 1303 207 640 1301
10171 1303 211 640 1301
10171 1304 208 641 1302
10052 1305 206 642 1303
10171 1305 207 642 1303
10171 1306 213 643 1304
10052 1308 205 645 1306
10171 1309 209 646 1307
10171 1311 207 648 1309
10052 1312 205 649 1310
10171 1313 211 650 1311
10052 1315 206 652 1313
10171 1315 208 652 1313
10171 1318 208 655 1316
10171 1319 208 656 1317
10171 1320 207 657 1318
10171 1321 208 658 1319
10171 1323 207 660 1321
10171 1324 208 661 1322
10052 1325 206 662 1323
10171 1325 205 662 1323
10171 1326 208 663 1324
10052 1327 208 664 1325
10171 1327 211 664 1325
10052 1328 208 665 1326
10171 1328 210 665 1326
10052 1329 210 666 1327
10171 1329 209 666 1327
10052 1330 211 667 1328
10171 1330 211 667 1328
10052 1331 209 668 1329
10052 1332 208 669 1330
10171 1332 212 669 1330
10052 1333 207 670 1331
10171 1333 210 670 1331
10171 1334 212 671 1332
10171 1335 211 672 1333
10171 1336 213 673 1334
10052 1337 208 674 1335
10171 1337 215 674 1335
10171 1338 215 675 1336
10171 1339 215 676 1337
10171 1340 216 677 1338
10171 1341 216 678 1339
310 637 228 679 1340
10171 1342 209 679 1340
10052 1343 211 680 1341
10171 1343 211 680 1341
10052 1345 205 682 1343
10052 1346 205 683 1344
10069 1343 228 684 1345
10171 1347 214 684 1345
10027 1345 213 684 1345
10054 1346 211 685 1346
10064 1345 208 685 1346
10094 1345 219 685 1346
368 590 221 685 1346
10171 1348 207 685 1346
10027 1346 209 685 1346
10054 1347 213 686 1347
10052 1349 212 686 1347
10068 1352 207 686 1347
10052 1350 210 687 1348
10171 1354 206 691 1352
10052 1355 208 692 1353
10171 1355 205 692 1353
10052 1356 210 693 1354
10171 1356 206 693 1354
10052 1357 209 694 1355
10052 1359 210 696 1357
10171 1359 206 696 1357
10052 1360 209 697 1358
10171 1360 207 697 1358
10052 1361 208 698 1359
10171 1361 207 698 1359
10052 1362 207 699 1360
10171 1362 206 699 1360
10052 1363 206 700 1361
10171 1363 207 700 1361
10052 1364 207 701 1362
10092 1362 204 701 1362
10171 1364 207 701 1362
10052 1365 207 702 1363
10171 1365 207 702 1363
10052 1366 208 703 1364
10171 1366 207 703 1364
10052 1367 207 704 1365
10171 1367 205 704 1365
10052 1368 207 705 1366
10052 1369 206 706 1367
10052 1370 206 707 1368
10171 1370 205 707 1368
10052 1371 208 708 1369
10052 1372 208 709 1370
10171 1372 206 709 1370
10052 1373 207 710 1371
10171 1374 206 711 1372
10052 1375 206 712 1373
10052 1376 206 713 1374
10052 1377 208 714 1375
10171 1378 206 715 1376
10052 1380 205 717 1378
743 599 227 717 1378
10052 1381 207 718 1379
743 600 225 718 1379
10171 1381 213 718 1379
10052 1382 208 719 1380
743 601 225 719 1380
10171 1382 213 719 1380
10052 1383 208 720 1381
743 602 227 720 1381
10171 1383 213 720 1381
10052 1384 207 721 1382
743 603 226 721 1382
10171 1384 210 721 1382
10052 1385 206 722 1383
743 604 221 722 1383
10171 1385 210 722 1383
10052 1386 209 723 1384
10171 1386 213 723 1384
10052 1387 209 724 1385
10171 1387 212 724 1385
10052 1388 209 725 1386
10171 1388 209 725 1386
10052 1389 208 726 1387
10171 1389 210 726 1387
10052 1390 207 727 1388
10171 1390 211 727 1388
10052 1391 208 728 1389
10171 1391 211 728 1389
10052 1392 208 729 1390
10171 1392 210 729 1390
10052 1393 207 730 1391
10171 1393 216 730 1391
10171 1394 211 731 1392
10171 1395 211 732 1393
10171 1396 209 733 1394
10171 1397 210 734 1395
10171 1398 209 735 1396
10171 1399 209 736 1397
10138 1392 205 737 1398
10054 1399 208 737 1398
10138 1393 205 738 1399
10054 1400 208 738 1399
10138 1394 206 739 1400
10054 1401 206 739 1400
10052 1404 206 741 1402
10171 1404 206 741 1402
10171 1405 206 742 1403
10052 1406 205 743 1404
10171 1406 207 743 1404
10171 1407 208 744 1405
10052 1408 206 745 1406
10171 1408 207 745 1406
10052 1409 207 746 1407
10171 1409 207 746 1407
10052 1410 207 747 1408
10171 1410 207 747 1408
10052 1411 207 748 1409
10171 1411 206 748 1409
10052 1412 206 749 1410
10171 1412 208 749 1410
10052 1414 208 751 1412
10171 1415 209 752 1413
10052 1416 208 753 1414
10052 1417 207 754 1415
10052 1418 207 755 1416
10052 1425 205 762 1423
10171 1426 209 763 1424
10052 1427 211 764 1425
10171 1427 208 764 1425
10138 1420 206 765 1426
10054 1427 208 765 1426
10138 1421 207 766 1427
10054 1428 207 766 1427
10052 1430 205 767 1428
10138 1422 207 767 1428
10054 1429 208 767 1428
10052 1431 206 768 1429
10138 1423 206 768 1429
10054 1430 207 768 1429
10052 1432 205 769 1430
10138 1424 207 769 1430
10054 1431 208 769 1430
10138 1425 207 770 1431
10054 1432 207 770 1431
10171 1435 206 772 1433
10052 1436 206 773 1434
10052 1437 205 774 1435
10054 1436 207 774 1435
10054 1437 206 775 1436
10138 1431 206 776 1437
10054 1438 206 776 1437
10052 1440 207 777 1438
10138 1432 207 777 1438
10054 1439 208 777 1438
10052 1441 207 778 1439
10054 1440 207 778 1439
10052 1442 207 779 1440
10138 1434 207 779 1440
10054 1441 207 779 1440
10052 1443 207 780 1441
10138 1435 207 780 1441
10054 1442 207 780 1441
10052 1444 207 781 1442
750 293 235 781 1442
10052 1445 209 782 1443
10171 1445 208 782 1443
10052 1446 210 783 1444
750 295 221 783 1444
10171 1446 205 783 1444
10052 1447 211 784 1445
750 296 231 784 1445
10052 1448 209 785 1446
10171 1448 208 785 1446
750 297 227 785 1446
10171 1449 211 786 1447
10054 1448 207 786 1447
10171 1450 211 787 1448
10054 1449 208 788 1449
10171 1451 208 788 1449
10054 1450 206 788 1449
10171 1452 207 789 1450
10052 1453 206 790 1451
10052 1454 206 791 1452
10171 1454 209 791 1452
10171 1455 209 792 1453
10171 1458 207 795 1456
10052 1459 206 796 1457
10171 1459 207 796 1457
10052 1460 206 797 1458
10171 1461 206 798 1459
10171 1464 209 801 1462
10171 1465 209 802 1463
10052 1466 205 803 1464
10171 1467 206 804 1465
10052 1468 207 805 1466
10171 1468 211 805 1466
10171 1469 211 806 1467
729 187 223 807 1468
10052 1470 208 807 1468
10171 1470 207 807 1468
10052 1471 210 808 1469
10171 1471 206 808 1469
10171 1472 206 809 1470
10171 1473 206 810 1471
10052 1474 208 811 1472
10171 1474 205 811 1472
729 192 221 812 1473
10171 1475 207 812 1473
729 193 221 812 1473
10052 1478 207 815 1476
10171 1478 205 815 1476
10052 1479 207 816 1477
10052 1480 207 817 1478
10052 1481 208 818 1479
10052 1483 205 820 1481
10171 1484 206 821 1482
10052 1485 207 822 1483
10171 1486 209 823 1484
10052 1487 208 824 1485
10052 1488 209 825 1486
10171 1488 207 825 1486
10052 1489 210 826 1487
10052 1490 209 827 1488
10052 1491 210 828 1489
10052 1492 209 829 1490
10052 1493 209 830 1491
10171 1493 210 830 1491
10052 1494 209 831 1492
10052 1495 207 832 1493
10171 1495 206 832 1493
10052 1496 207 833 1494
10052 1497 206 834 1495
10171 1497 206 834 1495
10052 1498 205 835 1496
10171 1498 207 835 1496
10052 1499 205 836 1497
10171 1499 207 836 1497
10052 1500 205 837 1498
10171 1500 207 837 1498
10171 1501 207 838 1499
10052 1507 208 844 1505
10052 1509 206 846 1507
604 5 225 846 1507
604 8 221 849 1510
604 9 223 850 1511
604 10 225 851 1512
10171 1514 207 851 1512
10052 1515 209 852 1513
604 11 230 852 1513
10171 1515 211 852 1513
10052 1516 206 853 1514
10171 1516 209 853 1514
10052 1517 208 854 1515
10171 1517 210 854 1515
10052 1518 206 855 1516
10171 1518 212 855 1516
728 656 225 856 1517
10171 1519 213 856 1517
728 657 223 857 1518
10171 1520 211 857 1518
728 658 223 858 1519
10171 1521 212 858 1519
10171 1522 210 859 1520
10052 1523 210 860 1521
10171 1523 210 860 1521
10171 1524 209 861 1522
10052 1525 205 862 1523
10171 1525 209 862 1523
10171 1526 207 863 1524
10052 1527 207 864 1525
10171 1527 207 864 1525
10052 1528 207 865 1526
10171 1528 209 865 1526
608 256 229 865 1526
10052 1529 209 866 1527
10171 1529 205 866 1527
608 257 221 866 1527
10052 1530 205 867 1528
608 258 221 867 1528
10052 1531 206 868 1529
608 259 221 868 1529
608 260 223 869 1530
608 261 223 870 1531
10171 1535 207 872 1533
608 263 221 872 1533
10052 1537 206 874 1535
608 265 221 874 1535
10052 1538 206 875 1536
608 266 221 875 1536
10052 1539 207 876 1537
608 267 234 876 1537
10054 1538 209 876 1537
608 268 237 877 1538
10052 1541 206 878 1539
10171 1541 208 878 1539
10052 1542 207 879 1540
10171 1542 211 879 1540
10052 1543 207 880 1541
10171 1543 210 880 1541
10052 1544 207 881 1542
10171 1544 211 881 1542
288 24 227 881 1542
10052 1545 207 882 1543
10171 1545 205 882 1543
288 25 227 882 1543
10052 1546 207 883 1544
288 26 231 883 1544
10052 1547 205 884 1545
10171 1547 211 884 1545
10052 1548 207 885 1546
381 192 225 885 1546
10171 1548 211 885 1546
10052 1549 208 886 1547
10171 1552 207 889 1550
10171 1553 211 890 1551
10068 1557 206 891 1552
10171 1554 206 891 1552
10171 1555 207 892 1553
10054 1554 205 892 1553
10171 1556 207 893 1554
523 850 230 893 1554
10171 1557 206 894 1555
523 851 227 894 1555
523 852 227 895 1556
523 853 224 896 1557
10171 1560 208 897 1558
523 854 229 897 1558
10171 1561 209 898 1559
523 855 229 898 1559
10171 1562 208 899 1560
523 856 233 899 1560
10171 1563 209 900 1561
523 857 233 900 1561
10171 1565 211 902 1563
523 859 221 902 1563
10052 1566 209 903 1564
10171 1567 206 904 1565
340 284 222 905 1566
105 845 229 905 1566
10171 1568 206 905 1566
340 285 227 906 1567
105 846 235 906 1567
10171 1569 211 906 1567
10052 1570 209 907 1568
340 286 227 907 1568
105 847 227 907 1568
10052 1571 208 908 1569
105 848 227 908 1569
10171 1571 207 908 1569
10052 1572 207 908 1569
340 288 225 909 1570
105 849 227 909 1570
10171 1572 206 909 1570
340 289 221 910 1571
105 850 221 910 1571
105 851 223 911 1572
10052 1575 206 911 1572
340 291 227 912 1573
10171 1575 205 912 1573
10052 1576 207 912 1573
340 292 221 913 1574
105 853 231 913 1574
10171 1576 206 913 1574
10171 1578 208 915 1576
10171 1579 206 916 1577
10052 1581 207 917 1578
340 298 225 919 1580
340 299 221 920 1581
10171 1583 206 920 1581
340 300 237 921 1582
10171 1584 209 921 1582
10052 1585 207 921 1582
340 301 227 922 1583
10171 1585 212 922 1583
10052 1586 208 922 1583
340 302 228 923 1584
10171 1586 207 923 1584
10171 1587 210 924 1585
340 304 229 925 1586
10171 1588 210 925 1586
10092 1587 205 925 1586
10052 1590 207 926 1587
10171 1590 208 927 1588
10052 1591 206 927 1588
10171 1591 210 928 1589
393 644 221 929 1590
393 645 223 930 1591
10171 1593 207 930 1591
10052 1595 207 931 1592
10171 1597 205 934 1595
10052 1600 206 936 1597
458 915 227 938 1599
10171 1601 208 938 1599
10052 1602 209 938 1599
458 916 225 939 1600
10171 1602 211 939 1600
10052 1603 209 939 1600
10171 1603 210 940 1601
413 323 225 940 1601
10052 1604 206 940 1601
10171 1604 209 941 1602
413 324 223 941 1602
10052 1605 208 941 1602
10171 1605 210 942 1603
413 325 229 942 1603
10052 1606 208 942 1603
10171 1606 208 943 1604
413 326 225 943 1604
10052 1607 207 944 1605
10171 1607 208 944 1605
413 327 223 944 1605
10052 1608 208 945 1606
10171 1608 209 945 1606
413 328 223 945 1606
10052 1609 206 945 1606
10171 1609 208 946 1607
413 329 221 946 1607
10052 1610 206 946 1607
10171 1610 209 947 1608
413 330 221 947 1608
10052 1611 208 947 1608
413 331 233 948 1609
10171 1612 206 949 1610
413 332 231 949 1610
413 333 225 950 1611
10171 1614 212 951 1612
10052 1615 208 951 1612
10171 1615 211 952 1613
413 335 224 952 1613
10052 1616 207 952 1613
10171 1616 211 953 1614
413 336 224 953 1614
10052 1617 207 953 1614
10171 1617 210 954 1615
10052 1618 207 954 1615
10171 1618 212 955 1616
10052 1619 207 955 1616
10171 1619 212 956 1617
10171 1620 214 957 1618
10052 1621 208 958 1619
10171 1621 214 958 1619
10052 1622 207 959 1620
10171 1622 213 959 1620
10052 1623 208 960 1621
10171 1623 213 960 1621
10052 1624 208 961 1622
10171 1624 213 961 1622
10052 1625 207 962 1623
10171 1625 212 962 1623
10052 1626 208 963 1624
10171 1626 215 963 1624
10171 1627 207 964 1625
24 175 229 964 1625
10052 1628 210 965 1626
10052 1629 211 966 1627
560 935 222 967 1628
10171 1630 208 967 1628
560 936 224 968 1629
10171 1631 208 968 1629
560 937 229 969 1630
10171 1632 208 969 1630
10052 1633 205 970 1631
560 938 234 970 1631
10171 1633 210 970 1631
10052 1634 206 971 1632
560 939 234 971 1632
10171 1634 207 971 1632
560 940 227 972 1633
10171 1635 208 972 1633
10052 1636 207 973 1634
560 941 231 973 1634
10052 1637 208 974 1635
507 128 227 974 1635
10052 1639 205 975 1636
10171 1639 207 976 1637
10171 1640 207 977 1638
10171 1641 209 978 1639
10171 1642 209 979 1640
10171 1643 214 980 1641
10171 1644 211 981 1642
10171 1645 208 982 1643
10052 1646 208 982 1643
10171 1647 205 984 1645
10171 1648 210 985 1646
10171 1649 211 986 1647
10171 1650 212 987 1648
10052 1651 208 987 1648
10171 1651 211 988 1649
195 5 224 989 1650
10171 1652 211 989 1650
195 6 223 990 1651
10171 1653 212 990 1651
195 7 221 991 1652
10171 1654 210 991 1652
195 8 221 992 1653
10171 1655 213 992 1653
195 9 225 993 1654
10171 1656 211 993 1654
10092 1655 206 994 1655
195 10 233 994 1655
10171 1657 211 994 1655
363 390 231 997 1658
10171 1660 212 997 1658
363 391 229 997 1658
10171 1661 211 998 1659
363 392 227 999 1660
10171 1662 216 999 1660
10171 1663 215 1000 1661
10171 1664 209 1001 1662
10171 1665 205 1002 1663
10052 1666 208 1002 1663
10171 1666 206 1003 1664
10171 1668 207 1005 1666
10171 1669 206 1006 1667
10171 1671 208 1008 1669
10052 1672 207 1008 1669
10052 1673 211 1009 1670
10052 1676 211 1012 1673
10171 1683 207 1020 1681
10054 1682 205 1020 1681
10171 1684 206 1021 1682
10171 1685 207 1022 1683
10171 1686 206 1023 1684
10054 1686 206 1024 1685
10171 1688 206 1025 1686
10171 1689 206 1026 1687
10054 1688 209 1026 1687
10171 1691 205 1028 1689
10171 1693 206 1030 1691
10052 1694 209 1030 1691
10171 1694 209 1031 1692
10052 1695 209 1031 1692
10171 1695 210 1032 1693
10052 1696 210 1032 1693
10171 1696 209 1033 1694
10052 1697 210 1033 1694
10171 1697 208 1034 1695
10171 1698 210 1035 1696
10171 1699 210 1036 1697
10171 1700 211 1037 1698
10052 1701 206 1037 1698
10171 1701 211 1038 1699
10052 1702 207 1038 1699
10171 1702 211 1039 1700
10052 1703 207 1039 1700
10171 1703 210 1040 1701
10052 1704 207 1040 1701
10171 1704 210 1041 1702
10052 1705 207 1041 1702
10171 1705 210 1042 1703
10052 1706 207 1042 1703
10171 1706 210 1043 1704
10052 1707 208 1043 1704
10171 1707 207 1044 1705
10052 1708 206 1044 1705
10171 1708 210 1045 1706
10052 1709 207 1045 1706
10171 1709 211 1046 1707
10052 1710 207 1046 1707
10171 1710 210 1047 1708
10052 1711 208 1047 1708
10171 1711 210 1048 1709
10052 1712 208 1048 1709
10171 1712 206 1049 1710
10052 1713 207 1049 1710
10171 1713 211 1050 1711
10171 1714 206 1051 1712
24 262 224 1051 1712
10052 1715 207 1051 1712
10171 1715 209 1052 1713
10052 1716 208 1052 1713
10171 1716 208 1053 1714
24 264 228 1053 1714
10052 1717 210 1053 1714
10171 1717 206 1054 1715
10171 1718 210 1055 1716
10052 1719 206 1055 1716
10171 1719 210 1056 1717
10052 1720 207 1056 1717
10171 1720 210 1057 1718
10052 1721 207 1057 1718
10171 1721 207 1058 1719
10052 1722 207 1058 1719
10052 1723 207 1059 1720
10171 1723 207 1060 1721
10052 1724 207 1060 1721
10171 1724 206 1061 1722
10052 1725 207 1061 1722
10171 1725 208 1062 1723
10052 1727 206 1063 1724
10171 1730 208 1067 1728
10052 1731 208 1067 1728
10171 1731 210 1068 1729
10052 1732 209 1068 1729
10171 1732 210 1069 1730
10052 1733 212 1069 1730
10171 1733 208 1070 1731
10052 1734 212 1070 1731
10171 1734 212 1071 1732
10171 1735 209 1072 1733
10052 1736 208 1072 1733
10171 1736 206 1073 1734
10054 1735 209 1073 1734
10171 1737 206 1074 1735
10054 1736 209 1074 1735
10138 1730 205 1075 1736
10171 1738 206 1075 1736
10054 1737 210 1075 1736
10138 1731 205 1076 1737
10171 1739 206 1076 1737
10054 1738 209 1076 1737
10052 1740 204 1076 1737
10138 1732 206 1077 1738
10171 1740 205 1077 1738
10054 1739 208 1077 1738
10052 1742 206 1078 1739
10171 1742 205 1079 1740
10052 1743 209 1079 1740
10171 1743 208 1080 1741
10052 1744 207 1080 1741
10171 1744 206 1081 1742
10052 1745 206 1081 1742
10171 1745 211 1082 1743
10171 1746 207 1083 1744
10052 1747 207 1083 1744
10171 1747 207 1084 1745
10052 1748 207 1084 1745
10171 1748 207 1085 1746
10052 1749 207 1085 1746
10171 1749 210 1086 1747
10052 1750 207 1086 1747
10171 1750 205 1087 1748
10052 1751 206 1087 1748
10171 1751 206 1088 1749
10052 1753 207 1089 1750
10171 1753 205 1090 1751
10052 1754 207 1090 1751
10052 1755 208 1091 1752
10171 1756 211 1093 1754
10171 1757 209 1094 1755
10171 1758 209 1095 1756
10171 1759 209 1096 1757
10171 1760 209 1097 1758
10171 1761 209 1098 1759
10052 1763 209 1099 1760
10171 1763 206 1100 1761
10052 1764 207 1100 1761
10054 1763 219 1101 1762
10094 1762 220 1101 1762
10069 1761 208 1102 1763
10071 1765 210 1102 1763
10094 1763 236 1102 1763
10027 1764 206 1103 1764
10064 1764 208 1103 1764
10052 1767 208 1103 1764
681 187 223 1103 1764
10094 1764 225 1103 1764
10069 1763 209 1104 1765
10064 1765 217 1104 1765
10094 1765 230 1105 1766
10171 1768 205 1105 1766
10027 1766 205 1105 1766
10054 1767 207 1105 1766
10064 1766 206 1105 1766
10094 1766 223 1105 1766
10069 1765 211 1106 1767
10027 1767 213 1106 1767
622 46 221 1106 1767
10064 1767 211 1106 1767
10052 1770 208 1106 1767
10094 1767 212 1106 1767
10069 1766 208 1107 1768
10171 1770 208 1107 1768
10054 1769 207 1107 1768
10064 1768 214 1107 1768
10052 1771 212 1107 1768
10094 1768 217 1107 1768
10069 1767 218 1108 1769
10054 1770 221 1108 1769
10064 1769 206 1108 1769
10094 1769 207 1108 1769
10069 1768 212 1109 1770
723 1066 221 1109 1770
10054 1771 217 1109 1770
10069 1769 210 1110 1771
10054 1772 217 1110 1771
10027 1772 206 1111 1772
10054 1773 216 1111 1772
10094 1772 207 1111 1772
10069 1771 214 1112 1773
10054 1774 221 1112 1773
10094 1773 211 1112 1773
10069 1772 219 1113 1774
10171 1776 205 1113 1774
10054 1775 227 1113 1774
10094 1774 213 1113 1774
10069 1773 233 1114 1775
10171 1777 207 1114 1775
10054 1776 227 1114 1775
10052 1778 207 1114 1775
10171 1778 208 1115 1776
10052 1779 207 1115 1776
10052 1780 211 1116 1777
10171 1780 207 1117 1778
10171 1781 206 1118 1779
10052 1782 209 1118 1779
10171 1782 209 1119 1780
10052 1783 207 1119 1780
10171 1783 209 1120 1781
10052 1784 207 1120 1781
10171 1784 208 1121 1782
10171 1785 208 1122 1783
10052 1786 210 1122 1783
10171 1786 211 1123 1784
10171 1787 211 1124 1785
10171 1788 212 1125 1786
10171 1789 211 1126 1787
10171 1790 212 1127 1788
10052 1791 208 1127 1788
10052 1792 206 1128 1789
10052 1793 205 1129 1790
10171 1801 206 1138 1799
10171 1802 213 1139 1800
10052 1803 209 1139 1800
10171 1803 207 1140 1801
10052 1804 206 1140 1801
10171 1804 206 1141 1802
10052 1805 209 1141 1802
10171 1805 208 1142 1803
10052 1806 209 1142 1803
10171 1806 206 1143 1804
10052 1807 207 1143 1804
10171 1807 214 1144 1805
10052 1808 208 1144 1805
10171 1808 206 1145 1806
10052 1809 211 1145 1806
10052 1810 210 1146 1807
10052 1811 206 1147 1808
10171 1811 211 1148 1809
10052 1812 209 1148 1809
10171 1812 212 1149 1810
10052 1813 209 1149 1810
10171 1813 212 1150 1811
10052 1814 209 1150 1811
10171 1814 213 1151 1812
10052 1815 207 1151 1812
10171 1815 212 1152 1813
10052 1816 206 1152 1813
10052 1819 207 1155 1816
10171 1819 208 1156 1817
10052 1820 208 1156 1817
10086 1819 207 1157 1818
10054 1819 219 1157 1818
10094 1818 227 1157 1818
10069 1817 212 1158 1819
10149 1811 206 1158 1819
10027 1819 207 1158 1819
10064 1819 219 1158 1819
10080 1824 207 1159 1820
10080 1825 209 1160 1821
10080 1826 209 1161 1822
10080 1829 208 1164 1825
10080 1834 207 1169 1830
10080 1836 211 1171 1832
10080 1837 209 1172 1833
10064 1833 206 1172 1833
10069 1832 211 1173 1834
10027 1834 218 1173 1834
10054 1835 206 1173 1834
10052 1837 208 1173 1834
10068 1840 207 1173 1834
10069 1833 205 1174 1835
10054 1836 207 1174 1835
10054 1837 209 1175 1836
10054 1838 210 1176 1837
10052 1840 205 1176 1837
10054 1839 209 1177 1838
10054 1840 209 1178 1839
10054 1841 207 1179 1840
10171 1843 209 1180 1841
10052 1844 208 1180 1841
10171 1844 209 1181 1842
10052 1845 208 1181 1842
10052 1846 207 1182 1843
10171 1846 209 1183 1844
10052 1847 209 1183 1844
10171 1847 208 1184 1845
10052 1848 208 1184 1845
10171 1848 209 1185 1846
10052 1849 209 1185 1846
10171 1849 209 1186 1847
10052 1850 207 1186 1847
10171 1850 208 1187 1848
10052 1851 207 1187 1848
10171 1851 208 1188 1849
10171 1852 209 1189 1850
10171 1853 209 1190 1851
10171 1854 209 1191 1852
10171 1855 209 1192 1853
712 1159 225 1192 1853
10171 1856 207 1193 1854
10171 1857 209 1194 1855
10171 1859 209 1196 1857
10171 1860 207 1197 1858
10171 1861 207 1198 1859
10171 1862 208 1199 1860
10171 1863 208 1200 1861
10052 1864 205 1200 1861
10171 1864 207 1201 1862
10171 1865 206 1202 1863
10052 1866 207 1202 1863
10171 1867 209 1204 1865
10052 1868 210 1204 1865
10171 1868 208 1205 1866
10052 1869 209 1205 1866
10171 1870 208 1207 1868
10052 1871 208 1207 1868
10171 1871 208 1208 1869
10052 1872 208 1208 1869
10171 1872 209 1209 1870
10052 1873 207 1209 1870
10052 1874 205 1210 1871
10171 1874 211 1211 1872
10052 1875 207 1211 1872
10052 1876 208 1212 1873
10171 1876 207 1213 1874
10052 1877 209 1213 1874
10171 1877 208 1214 1875
10052 1878 210 1214 1875
10171 1878 209 1215 1876
10052 1879 210 1215 1876
10052 1880 209 1216 1877
10171 1880 206 1217 1878
468 1185 226 1217 1878
10171 1881 205 1218 1879
468 1186 230 1218 1879
468 1187 235 1219 1880
10171 1883 207 1220 1881
10054 1882 205 1220 1881
468 1188 240 1220 1881
10052 1884 207 1220 1881
10171 1884 206 1221 1882
514 265 225 1221 1882
10171 1885 211 1222 1883
514 266 223 1222 1883
639 1195 223 1222 1883
10052 1886 206 1222 1883
10171 1886 212 1223 1884
10171 1887 206 1224 1885
514 268 232 1224 1885
10052 1888 206 1224 1885
10171 1888 205 1225 1886
514 269 225 1225 1886
10171 1889 211 1226 1887
514 270 223 1226 1887
10052 1890 207 1226 1887
10171 1890 212 1227 1888
10052 1891 207 1227 1888
10171 1891 215 1228 1889
514 272 223 1228 1889
10171 1892 212 1229 1890
10171 1893 213 1230 1891
514 274 221 1230 1891
10052 1894 207 1230 1891
10171 1894 213 1231 1892
10052 1895 205 1231 1892
10171 1895 208 1232 1893
10052 1896 207 1232 1893
10171 1896 205 1233 1894
10052 1897 208 1233 1894
10171 1897 209 1234 1895
10052 1898 209 1234 1895
10052 1899 209 1235 1896
10171 1899 206 1236 1897
10052 1900 207 1236 1897
10171 1900 207 1237 1898
10052 1901 206 1237 1898
10171 1901 210 1238 1899
10052 1902 209 1238 1899
10171 1902 211 1239 1900
10052 1903 205 1239 1900
10171 1903 210 1240 1901
10052 1904 208 1240 1901
10171 1904 210 1241 1902
10052 1905 206 1241 1902
10171 1905 208 1242 1903
10052 1906 206 1242 1903
10171 1906 206 1243 1904
10052 1907 209 1243 1904
10171 1907 210 1244 1905
639 1217 225 1244 1905
10171 1908 209 1245 1906
10171 1909 211 1246 1907
10052 1910 206 1246 1907
10171 1910 209 1247 1908
10052 1911 207 1247 1908
10171 1911 211 1248 1909
10052 1912 207 1248 1909
10171 1912 211 1249 1910
10052 1913 209 1249 1910
10171 1913 211 1250 1911
10171 1914 211 1251 1912
502 79 225 1251 1912
10052 1915 207 1251 1912
10171 1915 211 1252 1913
10052 1916 208 1252 1913
10171 1917 209 1254 1915
10171 1918 209 1255 1916
10171 1919 209 1256 1917
10171 1920 207 1257 1918
10171 1921 209 1258 1919
10052 1922 206 1258 1919
10171 1922 208 1259 1920
10171 1923 210 1260 1921
10052 1924 205 1260 1921
10171 1924 213 1261 1922
10171 1925 209 1262 1923
10171 1926 206 1263 1924
10171 1927 210 1264 1925
10171 1928 208 1265 1926
10171 1929 211 1266 1927
10171 1930 213 1267 1928
10171 1931 213 1268 1929
10171 1932 215 1269 1930
10171 1933 213 1270 1931
10171 1934 214 1271 1932
10171 1935 206 1272 1933
10171 1936 207 1273 1934
10171 1937 209 1274 1935
10171 1938 211 1275 1936
10171 1939 209 1276 1937
10052 1940 206 1276 1937
10171 1940 208 1277 1938
10171 1944 210 1281 1942
10171 1945 209 1282 1943
10171 1947 207 1284 1945
10171 1948 208 1285 1946
10171 1949 209 1286 1947
10052 1950 207 1286 1947
10054 1951 205 1289 1950
10171 1954 206 1291 1952
10171 1955 210 1292 1953
10052 1957 210 1293 1954
10171 1957 206 1294 1955
10171 1958 208 1295 1956
10052 1960 208 1296 1957
10052 1961 207 1297 1958
10171 1961 209 1298 1959
10052 1962 209 1298 1959
10171 1962 208 1299 1960
10052 1963 207 1299 1960
10171 1963 209 1300 1961
10052 1964 206 1300 1961
10052 1965 209 1301 1962
10052 1966 209 1302 1963
10171 1966 207 1303 1964
10171 1968 210 1305 1966
10052 1969 207 1305 1966
10171 1969 209 1306 1967
10052 1970 206 1306 1967
10171 1970 210 1307 1968
10052 1971 207 1307 1968
10052 1972 206 1308 1969
10052 1973 206 1309 1970
10171 1973 206 1310 1971
10052 1975 205 1311 1972
10171 1976 207 1313 1974
10052 1977 210 1313 1974
10171 1977 211 1314 1975
10052 1978 212 1314 1975
10171 1979 206 1316 1977
10052 1980 205 1316 1977
10171 1980 206 1317 1978
10052 1981 207 1317 1978
10171 1981 206 1318 1979
10052 1982 208 1318 1979
10052 1983 210 1319 1980
10052 1984 206 1320 1981
10171 1984 211 1321 1982
10052 1985 206 1321 1982
10171 1985 212 1322 1983
10052 1988 209 1324 1985
10171 1988 208 1325 1986
10052 1989 207 1325 1986
10171 1989 210 1326 1987
10052 1990 206 1326 1987
10171 1990 207 1327 1988
10171 1991 209 1328 1989
10052 1993 207 1329 1990
10171 1993 205 1330 1991
10171 1994 207 1331 1992
10171 1998 208 1335 1996
10052 1999 206 1335 1996
10171 1999 207 1336 1997
10171 2000 209 1337 1998
10171 2001 210 1338 1999
10052 2003 206 1339 2000
10171 2003 205 1340 2001
10171 2004 206 1341 2002
10052 2005 207 1341 2002
10171 2006 207 1343 2004
10052 2007 208 1343 2004
10171 2007 205 1344 2005
10052 2008 208 1344 2005
10052 2009 208 1345 2006
10171 2009 209 1346 2007
10052 2010 207 1346 2007
10171 2010 210 1347 2008
10052 2011 207 1347 2008
10171 2011 206 1348 2009
10052 2012 206 1348 2009
10171 2012 208 1349 2010
10171 2014 209 1351 2012
10171 2015 207 1352 2013
10171 2016 208 1353 2014
10052 2019 206 1355 2016
10052 2020 210 1356 2017
10092 2018 207 1356 2017
10171 2020 209 1357 2018
10052 2021 210 1357 2018
10171 2021 205 1358 2019
10052 2022 208 1358 2019
10171 2022 205 1359 2020
10052 2024 210 1360 2021
10171 2024 211 1361 2022
10052 2025 210 1361 2022
10171 2025 210 1362 2023
10052 2026 209 1362 2023
10171 2026 210 1363 2024
10052 2027 209 1363 2024
10171 2027 210 1364 2025
10052 2028 208 1364 2025
10171 2028 210 1365 2026
10052 2029 209 1365 2026
10171 2029 210 1366 2027
10052 2030 207 1366 2027
10171 2030 212 1367 2028
10171 2031 210 1368 2029
10052 2032 206 1368 2029
10171 2032 208 1369 2030
320 590 225 1369 2030
10171 2033 209 1370 2031
10086 2034 207 1372 2033
10054 2034 205 1372 2033
541 513 235 1373 2034
