10083 691 210 0 692
10046 690 209 0 692
10159 694 211 0 692
10100 683 225 0 692
10083 692 210 1 693
10046 691 213 1 693
212 1 224 1 693
10033 691 213 1 693
10091 691 211 1 693
789 2 225 1 693
735 2 231 1 693
455 2 222 1 693
10100 684 231 1 693
10083 693 216 2 694
10046 692 211 2 694
10033 692 211 2 694
10091 692 211 2 694
789 3 225 2 694
735 3 227 2 694
10100 685 231 2 694
10083 694 219 3 695
10046 693 211 3 695
464 3 223 3 695
10100 686 209 3 695
10083 695 213 4 696
10046 694 211 4 696
107 1 221 4 696
464 4 223 4 696
735 5 233 4 696
516 1 222 4 696
10100 687 223 4 696
455 5 231 4 696
10083 696 221 5 697
10046 695 214 5 697
379 5 224 5 697
107 2 221 5 697
464 5 221 5 697
10100 688 234 5 697
455 6 222 5 697
10083 697 216 6 698
107 3 223 6 698
212 6 229 6 698
464 6 224 6 698
384 7 223 6 698
789 7 222 6 698
516 3 221 6 698
10100 689 235 6 698
455 7 221 6 698
10083 698 220 7 699
10046 697 217 7 699
379 7 221 7 699
212 7 225 7 699
789 8 234 7 699
735 8 221 7 699
516 4 223 7 699
10100 690 239 7 699
10083 699 214 8 700
379 8 221 8 700
107 5 225 8 700
212 8 241 8 700
384 9 223 8 700
789 9 227 8 700
735 9 232 8 700
10100 691 233 8 700
10083 700 225 9 701
10046 699 210 9 701
735 10 227 9 701
10100 692 235 9 701
455 10 227 10 702
10083 701 225 10 702
10046 700 221 10 702
464 10 225 10 702
384 11 224 10 702
789 11 227 10 702
294 6 224 10 702
10100 693 233 10 702
10083 702 217 11 703
455 11 230 11 703
10046 701 210 11 703
379 11 221 11 703
107 8 221 11 703
735 12 232 11 703
10100 694 230 11 703
10083 703 215 12 704
10046 702 232 12 704
789 1 222 12 704
379 12 236 12 704
384 13 227 12 704
10091 702 212 12 704
735 13 243 12 704
10159 706 211 12 704
10100 695 227 12 704
10083 704 213 13 705
455 13 235 13 705
379 13 228 13 705
107 10 237 13 705
464 13 229 13 705
10033 703 210 13 705
10091 703 210 13 705
10100 696 226 13 705
10083 705 215 14 706
10046 704 212 14 706
789 3 227 14 706
735 15 221 14 706
10100 697 226 14 706
10046 705 209 15 707
212 15 221 15 707
384 16 226 15 707
10083 707 218 16 708
789 5 227 16 708
384 17 224 16 708
10100 699 226 16 708
10083 708 217 17 709
384 18 241 17 709
735 18 223 17 709
516 14 228 17 709
10100 700 223 17 709
10083 709 214 18 710
455 18 223 18 710
10046 708 211 18 710
212 18 221 18 710
384 19 232 18 710
464 18 246 18 710
735 19 227 18 710
10100 701 225 18 710
10083 710 223 19 711
455 19 222 19 711
789 8 221 19 711
379 19 222 19 711
212 19 221 19 711
384 20 227 19 711
735 20 230 19 711
10100 702 230 19 711
10083 711 223 20 712
455 20 224 20 712
212 20 221 20 712
384 21 226 20 712
464 20 231 20 712
10100 703 221 20 712
10083 712 213 21 713
455 21 231 21 713
10046 711 217 21 713
212 21 233 21 713
107 18 221 21 713
516 18 221 21 713
10100 704 217 21 713
10083 713 213 22 714
455 22 227 22 714
789 11 221 22 714
10046 712 212 22 714
212 22 221 22 714
107 19 227 22 714
384 23 233 22 714
464 22 224 22 714
10033 712 209 22 714
735 23 224 22 714
516 19 221 22 714
10100 705 217 22 714
10083 714 215 23 715
455 23 227 23 715
10046 713 214 23 715
212 23 223 23 715
107 20 226 23 715
384 24 230 23 715
735 24 223 23 715
516 20 227 23 715
10100 706 222 23 715
10083 715 212 24 716
455 24 222 24 716
10046 714 214 24 716
107 21 225 24 716
384 25 225 24 716
516 21 223 24 716
10100 707 210 24 716
10083 716 213 25 717
10046 715 213 25 717
455 25 225 25 717
107 22 224 25 717
384 26 229 25 717
464 25 225 25 717
10091 715 210 25 717
10159 719 212 25 717
10100 708 225 25 717
10083 717 215 26 718
455 26 227 26 718
384 27 232 26 718
464 26 221 26 718
516 23 222 26 718
10100 709 221 26 718
10083 718 215 27 719
789 16 224 27 719
10046 717 213 27 719
384 28 222 27 719
10086 719 210 27 719
735 28 223 27 719
10100 710 211 27 719
10083 719 215 28 720
379 28 223 28 720
789 17 221 28 720
455 28 224 28 720
212 28 222 28 720
384 29 235 28 720
464 28 223 28 720
735 29 222 28 720
10100 711 215 28 720
10083 720 213 29 721
212 29 224 29 721
384 30 231 29 721
735 30 225 29 721
10083 721 211 30 722
789 19 221 30 722
384 31 228 30 722
10083 722 212 31 723
212 31 227 31 723
10086 723 211 31 723
384 32 232 31 723
464 31 221 31 723
10033 721 210 31 723
10159 725 210 31 723
10100 714 225 31 723
10083 723 211 32 724
10046 722 210 32 724
212 32 227 32 724
107 29 221 32 724
531 8 221 32 724
384 33 235 32 724
464 32 221 32 724
10159 726 210 32 724
516 29 227 32 724
10083 724 221 33 725
212 33 229 33 725
464 33 226 33 725
10100 716 225 33 725
10083 725 217 34 726
10046 724 216 34 726
212 34 224 34 726
107 31 223 34 726
384 35 226 34 726
516 31 227 34 726
10083 726 219 35 727
455 35 224 35 727
212 35 227 35 727
107 32 227 35 727
464 35 231 35 727
10100 718 221 35 727
10083 727 217 36 728
379 36 222 36 728
10100 719 229 36 728
10046 727 211 37 729
10100 720 231 37 729
10046 728 214 38 730
212 38 222 38 730
10100 721 229 38 730
10083 730 210 38 730
10046 729 212 39 731
516 36 221 39 731
10100 722 228 39 731
10083 731 215 39 731
516 37 221 40 732
10100 723 229 40 732
10083 732 210 40 732
10100 724 227 41 733
10083 733 213 42 734
212 42 221 42 734
10100 725 225 42 734
10083 734 212 43 735
10100 726 227 43 735
10100 727 228 44 736
10046 735 215 45 737
212 45 232 45 737
464 45 222 45 737
10033 735 211 45 737
735 46 226 45 737
10100 728 228 45 737
10083 737 211 46 738
789 35 229 46 738
10046 736 218 46 738
107 43 222 46 738
212 46 224 46 738
10086 738 211 46 738
464 46 223 46 738
10033 736 210 46 738
10091 736 210 46 738
735 47 223 46 738
10100 729 231 46 738
10083 738 210 46 738
10046 737 212 47 739
384 48 221 47 739
735 48 226 47 739
10100 730 225 47 739
10083 739 218 47 739
789 37 222 47 739
10046 738 213 48 740
212 48 226 48 740
464 48 225 48 740
735 49 221 48 740
10100 731 219 48 740
10083 740 219 48 740
379 49 221 49 741
10046 739 211 49 741
212 49 224 49 741
10100 732 224 49 741
10083 741 211 49 741
10046 740 212 50 742
10164 536 219 50 742
10067 738 215 51 743
10033 741 212 51 743
10100 734 229 51 743
10083 743 214 51 743
10100 735 230 52 744
10100 736 227 53 745
10100 737 227 54 746
10100 738 224 55 747
212 56 222 56 748
10086 748 210 56 748
10033 746 213 56 748
10091 746 213 56 748
10067 744 211 57 749
10163 751 213 57 749
10033 747 213 57 749
212 58 230 58 750
10086 750 210 58 750
10100 741 229 58 750
10046 749 211 59 751
212 59 226 59 751
516 56 227 59 751
10100 742 219 59 751
789 49 226 60 752
10100 743 224 60 752
10083 752 211 60 752
10100 744 224 61 753
10083 753 211 61 753
10100 745 225 62 754
10083 754 210 62 754
10100 746 222 63 755
789 53 229 63 755
10083 755 210 63 755
10100 747 223 64 756
789 54 230 64 756
10083 756 209 64 756
10100 748 225 65 757
789 55 228 65 757
10083 757 209 65 757
107 63 225 66 758
10100 749 230 66 758
10083 758 212 67 759
516 64 225 67 759
10100 750 217 67 759
789 57 235 67 759
10100 751 216 68 760
789 58 231 68 760
10083 760 210 69 761
516 66 225 69 761
10100 752 219 69 761
789 59 235 69 761
516 67 225 70 762
10100 753 213 70 762
789 61 221 71 763
10100 754 218 71 763
789 62 236 72 764
10100 755 222 72 764
10083 764 212 73 765
10091 763 212 73 765
789 63 232 73 765
10100 756 220 73 765
10083 765 209 74 766
212 74 222 74 766
516 71 225 74 766
10100 757 233 74 766
516 72 227 75 767
789 65 224 75 767
10100 758 230 75 767
10100 759 231 76 768
10083 768 209 76 768
789 67 228 77 769
10100 760 230 77 769
789 68 229 78 770
10100 761 221 78 770
10083 770 221 79 771
10046 769 213 79 771
789 69 237 79 771
10100 762 228 79 771
10083 771 212 79 771
379 80 221 79 771
10046 770 212 80 772
516 77 226 80 772
10100 763 227 80 772
10083 772 212 80 772
10046 771 211 81 773
384 82 225 81 773
516 78 226 81 773
789 71 245 81 773
10100 764 225 81 773
10083 773 216 81 773
384 83 222 82 774
150 82 221 82 774
754 77 223 82 774
789 72 225 82 774
10100 765 214 82 774
455 83 223 83 775
10046 773 214 83 775
212 83 221 83 775
384 84 225 83 775
789 73 226 83 775
10100 766 229 83 775
10083 775 215 83 775
384 85 222 84 776
10100 767 233 84 776
10046 775 209 85 777
107 82 237 85 777
10100 768 223 85 777
10083 777 210 85 777
10100 769 224 86 778
10083 778 217 86 778
10046 777 215 87 779
10100 770 228 87 779
10083 779 213 87 779
10100 771 226 88 780
10083 780 213 89 781
10100 772 226 89 781
10083 781 214 90 782
10100 773 226 90 782
10083 782 213 91 783
10100 774 233 91 783
10083 783 218 91 783
510 79 223 92 784
10100 775 231 92 784
10083 784 222 92 784
510 80 223 93 785
10083 785 215 93 785
510 81 225 94 786
10100 777 211 94 786
10083 786 216 94 786
510 82 225 95 787
10083 787 214 96 788
510 83 223 96 788
10100 779 235 96 788
10083 788 225 96 788
517 89 224 97 789
10100 780 227 97 789
10083 789 218 97 789
10046 788 210 98 790
251 90 235 98 790
10086 790 212 98 790
614 88 222 98 790
10100 781 229 98 790
10083 790 212 99 791
10086 791 210 99 791
10091 789 211 99 791
10100 782 217 99 791
10083 791 210 99 791
10046 790 211 100 792
251 92 228 100 792
10100 783 225 100 792
10083 792 217 101 793
286 95 221 101 793
10100 784 210 101 793
10083 793 213 102 794
10046 792 210 102 794
251 94 223 102 794
10100 785 231 102 794
10083 794 218 103 795
10046 793 209 103 795
251 95 222 103 795
10100 786 230 103 795
286 98 221 104 796
10083 795 215 104 796
10046 794 211 104 796
10100 787 231 104 796
10083 796 220 105 797
510 92 221 105 797
626 75 223 105 797
10100 788 232 105 797
10100 789 231 106 798
10083 798 211 106 798
10100 790 217 107 799
10083 799 221 108 800
10100 791 220 108 800
10083 800 218 109 801
10046 799 215 109 801
10086 801 213 109 801
10100 792 223 109 801
10083 801 215 110 802
10046 800 210 110 802
10100 793 229 110 802
10046 801 211 111 803
10100 794 211 111 803
10100 796 220 113 805
10086 806 211 114 806
10100 797 225 114 806
10083 806 212 114 806
10046 805 211 115 807
10100 798 216 115 807
10159 810 214 116 808
10100 799 236 116 808
10083 808 213 116 808
10046 807 210 117 809
10159 811 210 117 809
10100 800 235 117 809
10083 809 221 117 809
10046 808 218 118 810
10086 810 211 118 810
10100 801 227 118 810
10046 809 212 119 811
10100 802 229 119 811
251 112 222 120 812
10100 803 235 120 812
10046 811 215 121 813
251 113 226 121 813
614 111 222 121 813
10091 811 219 121 813
10100 804 229 121 813
10083 813 213 121 813
10046 812 214 122 814
10100 805 223 122 814
10083 814 219 122 814
510 110 227 122 814
10046 813 211 123 815
251 115 224 123 815
626 93 230 123 815
614 113 244 123 815
10033 813 210 123 815
10100 806 216 123 815
10083 815 210 123 815
517 115 246 123 815
10046 814 212 124 816
251 116 239 124 816
614 114 232 124 816
10033 814 210 124 816
184 118 228 124 816
10100 807 242 124 816
517 116 227 124 816
10046 815 221 125 817
626 95 222 125 817
10100 808 235 125 817
10083 817 225 125 817
10046 816 214 125 817
614 116 227 126 818
10033 816 215 126 818
184 120 222 126 818
286 121 229 126 818
10100 809 235 126 818
517 118 231 126 818
10083 818 216 126 818
10046 817 216 127 819
251 119 223 127 819
614 117 225 127 819
10091 817 212 127 819
10159 821 216 127 819
286 122 222 127 819
10100 810 221 127 819
10083 819 220 127 819
10046 818 212 127 819
251 120 229 128 820
614 118 225 128 820
10100 811 219 128 820
517 120 229 128 820
10083 820 210 128 820
10046 819 220 129 821
251 121 231 129 821
614 119 230 129 821
10033 819 210 129 821
10100 812 232 129 821
517 121 231 129 821
10083 821 223 129 821
10046 820 210 129 821
10033 820 210 130 822
184 124 223 130 822
10100 813 236 130 822
10083 822 219 130 822
10046 821 211 131 823
251 123 227 131 823
626 101 229 131 823
614 121 240 131 823
10033 821 210 131 823
184 125 223 131 823
10159 825 212 131 823
286 126 226 131 823
10100 814 233 131 823
517 123 221 131 823
10083 823 221 131 823
510 119 229 132 824
251 124 224 132 824
10046 822 218 132 824
626 102 236 132 824
614 122 233 132 824
184 126 229 132 824
10100 815 238 132 824
286 127 225 132 824
10083 824 220 132 824
10046 823 217 133 825
251 125 223 133 825
510 120 237 133 825
614 123 234 133 825
10091 823 213 133 825
184 127 235 133 825
286 128 239 133 825
10100 816 228 133 825
517 125 221 133 825
10083 825 219 133 825
510 121 231 133 825
251 126 225 133 825
626 104 235 134 826
614 124 230 134 826
10091 824 211 134 826
184 128 230 134 826
286 129 238 134 826
10100 817 223 134 826
10083 826 221 134 826
510 122 235 134 826
10046 825 213 135 827
626 105 231 135 827
614 125 231 135 827
184 129 226 135 827
286 130 238 135 827
10100 818 235 135 827
10083 827 216 135 827
510 123 223 135 827
10046 826 213 135 827
251 128 221 136 828
626 106 231 136 828
614 126 230 136 828
10100 819 220 136 828
10083 828 213 136 828
10046 827 217 136 828
184 131 234 137 829
10100 820 230 137 829
10083 829 213 137 829
10046 828 216 137 829
614 128 226 138 830
10086 830 211 138 830
10091 828 210 138 830
184 132 231 138 830
517 130 227 138 830
10100 821 223 138 830
10083 830 215 138 830
510 126 238 138 830
10046 829 214 138 830
251 131 232 139 831
626 109 222 139 831
614 129 225 139 831
10091 829 211 139 831
517 131 227 139 831
10100 822 215 139 831
10083 831 220 139 831
510 127 221 139 831
10046 830 213 139 831
626 110 246 140 832
184 134 223 140 832
517 132 229 140 832
10100 823 226 140 832
286 135 228 140 832
10083 832 213 140 832
10046 831 214 140 832
251 133 221 141 833
626 111 226 141 833
614 131 227 141 833
10100 824 233 141 833
10083 833 222 141 833
10046 832 224 141 833
184 136 231 142 834
517 134 233 142 834
10100 825 222 142 834
286 137 225 142 834
10083 834 219 142 834
10046 833 212 142 834
251 135 231 142 834
626 113 223 143 835
614 133 222 143 835
10091 833 210 143 835
184 137 224 143 835
10100 826 229 143 835
10083 835 225 143 835
510 131 227 143 835
10046 834 211 143 835
626 114 233 144 836
10091 834 221 144 836
184 138 226 144 836
10100 827 232 144 836
510 132 233 144 836
251 137 225 144 836
10046 835 211 144 836
626 115 226 145 837
10033 835 212 145 837
10083 837 222 145 837
10046 836 213 145 837
626 116 227 146 838
614 136 239 146 838
184 140 221 146 838
517 138 225 146 838
10100 829 227 146 838
10083 838 217 146 838
10046 837 220 146 838
10100 830 226 147 839
10083 839 213 147 839
10046 838 212 147 839
626 118 224 148 840
10033 838 209 148 840
10100 831 229 148 840
10083 840 213 148 840
510 136 227 148 840
10046 839 222 148 840
614 139 227 149 841
184 143 223 149 841
517 141 226 149 841
286 144 222 149 841
10100 832 229 149 841
510 137 222 149 841
251 142 223 149 841
10046 840 212 149 841
626 120 223 150 842
10100 833 228 150 842
10083 842 215 150 842
614 141 229 151 843
517 143 223 151 843
10100 834 236 151 843
286 146 223 151 843
10083 843 223 151 843
251 144 221 151 843
510 139 225 151 843
10046 842 222 151 843
626 122 227 152 844
10033 842 210 152 844
10100 835 233 152 844
286 147 226 152 844
10083 844 225 152 844
10046 843 217 152 844
491 7 221 152 844
626 123 223 153 845
10033 843 209 153 845
517 145 224 153 845
10100 836 232 153 845
10083 845 224 153 845
10046 844 217 153 845
10086 846 211 154 846
10033 844 214 154 846
10100 837 225 154 846
10083 846 225 154 846
10046 845 229 154 846
10100 838 225 155 847
10083 847 212 155 847
10100 839 227 156 848
510 144 221 156 848
10083 848 213 156 848
251 149 225 156 848
626 127 225 156 848
10100 840 227 157 849
10083 849 212 157 849
626 128 222 157 849
10100 841 222 158 850
10083 850 210 158 850
251 151 222 158 850
10100 842 221 159 851
10100 843 221 160 852
10100 844 221 161 853
10100 845 225 162 854
10046 853 212 162 854
626 133 222 162 854
10100 846 220 163 855
10083 855 218 163 855
251 156 228 163 855
10046 854 213 163 855
10100 847 225 164 856
10083 856 209 164 856
251 157 221 164 856
10100 848 224 165 857
251 158 223 165 857
10100 849 227 166 858
10046 857 210 166 858
626 137 221 167 859
10100 850 225 167 859
10083 859 211 167 859
510 155 222 167 859
10100 851 219 168 860
10083 860 211 168 860
10100 852 231 169 861
10083 861 216 169 861
510 157 222 169 861
626 140 225 170 862
10100 853 223 170 862
10083 862 213 170 862
10046 861 209 170 862
10100 854 223 171 863
10083 863 213 171 863
10046 862 211 171 863
517 164 221 172 864
10100 855 223 172 864
10083 864 212 172 864
510 160 221 172 864
10046 863 213 172 864
251 166 225 173 865
10100 857 227 174 866
10083 866 218 174 866
10046 865 210 174 866
251 167 223 174 866
10100 858 217 175 867
10083 867 218 175 867
10046 866 211 175 867
626 146 221 176 868
10100 859 214 176 868
10083 868 218 176 868
10046 867 212 176 868
626 147 221 177 869
10100 860 214 177 869
10083 869 217 177 869
510 165 221 177 869
10100 861 210 178 870
10083 870 218 178 870
10046 869 211 178 870
251 171 222 178 870
10083 871 217 179 871
10100 863 212 180 872
10083 872 217 180 872
10046 871 211 180 872
10100 864 218 181 873
10083 873 217 181 873
10046 872 211 181 873
10100 865 212 182 874
10083 874 218 182 874
10046 873 212 182 874
10083 875 218 183 875
10046 874 211 183 875
10100 867 226 184 876
10083 876 212 184 876
251 178 221 186 878
10100 869 227 186 878
10083 878 211 186 878
10100 870 217 187 879
10083 879 213 187 879
10046 878 211 187 879
10100 871 220 188 880
10083 880 210 188 880
251 181 233 189 881
517 181 225 189 881
10100 872 231 189 881
10083 881 214 189 881
517 182 221 190 882
10100 873 216 190 882
10046 881 212 190 882
517 183 234 191 883
286 187 225 192 884
10100 875 219 192 884
10083 884 211 192 884
251 185 223 193 885
10091 883 210 193 885
10100 876 223 193 885
286 188 227 193 885
10083 885 212 193 885
614 184 223 194 886
10033 884 210 194 886
517 186 224 194 886
510 182 223 194 886
10100 877 230 194 886
10083 886 225 194 886
626 165 221 195 887
251 187 222 195 887
517 187 225 195 887
10100 878 226 195 887
10083 887 210 195 887
10100 879 223 196 888
10083 888 213 196 888
10046 887 215 196 888
626 167 226 196 888
10086 889 211 197 889
10100 880 226 197 889
10083 889 212 197 889
10046 888 216 197 889
626 168 227 197 889
10086 890 211 198 890
614 188 221 198 890
10100 881 228 198 890
10083 890 210 198 890
10046 889 217 198 890
626 169 229 198 890
10086 891 211 199 891
614 189 224 199 891
10100 882 222 199 891
10083 891 219 199 891
10046 890 218 199 891
626 170 225 199 891
614 190 223 200 892
10086 892 211 200 892
517 192 221 200 892
10100 883 225 200 892
10083 892 213 200 892
626 171 225 200 892
10046 891 215 200 892
10086 893 210 201 893
614 191 221 201 893
517 193 224 201 893
10100 884 227 201 893
10046 892 216 201 893
626 172 227 201 893
10100 885 225 202 894
10083 894 218 202 894
626 173 221 202 894
10100 886 223 203 895
10083 895 213 203 895
626 174 223 203 895
10100 887 223 204 896
626 175 224 204 896
10100 888 234 205 897
10083 897 223 205 897
517 198 225 206 898
10100 889 231 206 898
10083 898 212 206 898
626 177 225 206 898
10086 899 210 207 899
614 197 221 207 899
517 199 227 207 899
10100 890 235 207 899
10083 899 224 207 899
10046 898 214 207 899
10086 900 211 208 900
517 200 227 208 900
10100 891 233 208 900
10083 900 222 208 900
10046 899 211 208 900
10086 901 212 209 901
614 199 221 209 901
517 201 231 209 901
10100 892 233 209 901
10083 901 217 209 901
10046 900 217 209 901
626 180 229 209 901
184 204 223 210 902
10033 900 210 210 902
517 202 227 210 902
286 205 221 210 902
10100 893 233 210 902
10083 902 225 210 902
10046 901 223 210 902
626 181 231 210 902
517 203 223 211 903
10100 894 232 211 903
10046 902 214 211 903
626 182 234 211 903
10086 904 211 212 904
510 200 227 212 904
517 204 227 212 904
10100 895 227 212 904
286 207 221 212 904
10083 904 219 212 904
10046 903 223 212 904
10086 905 215 213 905
10033 903 210 213 905
517 205 229 213 905
510 201 226 213 905
10159 907 210 213 905
10100 896 231 213 905
10083 905 214 213 905
10046 904 220 213 905
626 184 233 213 905
517 206 228 214 906
510 202 232 214 906
10100 897 225 214 906
10046 905 213 214 906
10091 905 212 215 907
286 210 225 215 907
10100 898 232 215 907
10083 907 223 215 907
10046 906 219 215 907
10086 908 211 216 908
614 206 227 216 908
517 208 221 216 908
10159 910 213 216 908
10100 899 229 216 908
10083 908 218 216 908
10046 907 223 216 908
649 207 225 217 909
614 207 231 217 909
10100 900 221 217 909
10083 909 211 217 909
10046 908 211 217 909
614 208 231 218 910
10100 901 223 218 910
10083 910 213 218 910
10046 909 211 218 910
614 209 231 219 911
10100 902 227 219 911
10046 910 212 219 911
614 210 232 220 912
10100 903 220 220 912
10046 911 212 220 912
614 211 231 221 913
10100 904 217 221 913
10083 913 209 221 913
10046 912 214 221 913
614 212 231 222 914
10100 905 216 222 914
10046 913 214 222 914
614 213 233 223 915
10100 906 213 223 915
10083 915 209 223 915
10046 914 215 223 915
614 214 229 224 916
10100 907 222 224 916
10046 915 210 224 916
614 215 225 225 917
10100 908 223 225 917
10046 916 210 225 917
251 218 222 225 917
614 216 227 226 918
10100 909 225 226 918
614 217 227 227 919
10100 910 223 227 919
614 218 233 228 920
10100 911 225 228 920
10046 919 209 228 920
614 219 230 229 921
10100 912 225 229 921
614 220 230 230 922
10100 913 225 230 922
614 221 232 231 923
10100 914 224 231 923
614 222 232 232 924
10100 915 223 232 924
510 221 222 233 925
10100 916 225 233 925
614 224 223 234 926
10100 917 224 234 926
614 225 222 235 927
10100 918 224 235 927
614 226 221 236 928
10100 919 222 236 928
614 227 221 237 929
10100 920 221 237 929
614 228 228 238 930
10100 921 222 238 930
614 229 232 239 931
10100 922 223 239 931
614 230 232 240 932
10100 923 223 240 932
614 231 232 241 933
10100 924 223 241 933
614 232 231 242 934
10100 925 223 242 934
614 233 232 243 935
10100 926 224 243 935
614 234 232 244 936
10100 927 222 244 936
614 235 233 245 937
10100 928 223 245 937
614 236 231 246 938
10100 929 222 246 938
614 237 230 247 939
10100 930 223 247 939
614 238 229 248 940
10100 931 223 248 940
614 239 229 249 941
10100 932 223 249 941
614 240 228 250 942
10100 933 224 250 942
614 241 228 251 943
10100 934 225 251 943
614 242 229 252 944
10100 935 225 252 944
614 243 227 253 945
10100 936 225 253 945
614 244 229 254 946
10100 937 224 254 946
614 245 229 255 947
10100 938 225 255 947
614 246 232 256 948
10100 939 225 256 948
614 247 227 257 949
10100 940 225 257 949
614 248 227 258 950
10100 941 223 258 950
614 249 227 259 951
10100 942 224 259 951
614 250 226 260 952
10100 943 223 260 952
614 251 227 261 953
10100 944 223 261 953
614 252 231 262 954
10100 945 223 262 954
614 253 230 263 955
10100 946 223 263 955
614 254 229 264 956
10100 947 223 264 956
614 255 228 265 957
10100 948 223 265 957
614 256 229 266 958
10100 949 223 266 958
614 257 228 267 959
10100 950 220 267 959
614 258 225 268 960
10100 951 221 268 960
10046 959 209 268 960
614 259 225 269 961
10100 952 220 269 961
614 260 226 270 962
10100 953 221 270 962
614 261 223 271 963
10100 954 210 271 963
10083 963 209 271 963
10046 962 210 271 963
614 262 223 272 964
10100 955 211 272 964
10046 963 210 272 964
614 263 223 273 965
10100 956 212 273 965
10046 965 209 274 966
10100 958 210 275 967
10046 966 209 275 967
10100 959 223 276 968
10083 968 214 276 968
10046 967 211 276 968
510 22 225 277 969
10100 960 223 277 969
10083 969 214 277 969
10046 968 210 277 969
510 23 223 278 970
10100 961 221 278 970
10083 970 214 278 970
10046 969 210 278 970
510 24 222 279 971
10100 962 221 279 971
10083 971 214 279 971
510 25 223 280 972
10100 963 221 280 972
10083 972 215 280 972
10046 971 210 280 972
10100 964 226 281 973
10083 973 215 281 973
10046 972 214 281 973
10100 965 224 282 974
10083 974 216 282 974
10046 973 214 282 974
10100 966 224 283 975
10083 975 216 283 975
10046 974 213 283 975
10083 976 215 284 976
10046 975 210 284 976
10100 968 212 285 977
10083 977 215 285 977
10083 978 216 286 978
10046 977 210 286 978
10100 970 211 287 979
10083 979 216 287 979
10046 978 211 287 979
10083 980 216 288 980
10046 979 210 288 980
10100 972 210 289 981
10083 981 213 289 981
10046 980 211 289 981
10100 973 214 290 982
10083 982 212 290 982
10046 981 211 290 982
10100 974 211 291 983
10083 983 213 291 983
10046 982 210 291 983
10100 975 213 292 984
10083 984 212 292 984
10046 983 211 292 984
10100 976 212 293 985
10083 985 213 293 985
10046 984 211 293 985
10100 977 218 294 986
10046 985 211 294 986
10100 978 212 295 987
10083 987 213 295 987
10046 986 211 295 987
10100 979 212 296 988
10083 988 213 296 988
10046 987 211 296 988
10100 980 215 297 989
10083 989 213 297 989
10046 988 210 297 989
10100 981 215 298 990
10083 990 213 298 990
10046 989 211 298 990
10100 982 214 299 991
10083 991 213 299 991
10046 990 211 299 991
10100 983 213 300 992
10083 992 213 300 992
10046 991 211 300 992
10100 984 212 301 993
10083 993 214 301 993
10046 992 210 301 993
10100 985 212 302 994
10083 994 214 302 994
10046 993 211 302 994
10100 986 212 303 995
10083 995 215 303 995
10046 994 211 303 995
10100 987 212 304 996
10083 996 214 304 996
10046 995 211 304 996
614 295 221 305 997
10100 988 213 305 997
10083 997 214 305 997
10046 996 210 305 997
614 296 223 306 998
10100 989 226 306 998
10083 998 216 306 998
10046 997 212 306 998
614 297 222 307 999
10100 990 219 307 999
10083 999 219 307 999
10046 998 211 307 999
614 298 224 308 1000
10100 991 219 308 1000
10083 1000 219 308 1000
10046 999 212 308 1000
10100 992 213 309 1001
10083 1001 215 309 1001
10046 1000 212 309 1001
614 300 221 310 1002
10100 993 219 310 1002
10083 1002 216 310 1002
10046 1001 213 310 1002
10100 994 215 311 1003
10083 1003 217 311 1003
10046 1002 212 311 1003
10100 995 212 312 1004
10083 1004 214 312 1004
10100 996 215 313 1005
10083 1005 213 313 1005
10100 997 213 314 1006
10083 1006 213 314 1006
10100 998 220 315 1007
10083 1007 210 315 1007
510 5 232 315 1007
10046 1006 218 315 1007
10086 1008 209 316 1008
614 306 226 316 1008
10100 999 221 316 1008
10083 1008 223 316 1008
510 6 221 316 1008
184 311 223 317 1009
10033 1007 211 317 1009
614 307 221 317 1009
10100 1000 230 317 1009
10083 1009 220 317 1009
10046 1008 215 317 1009
184 312 223 318 1010
10033 1008 210 318 1010
614 308 229 318 1010
10100 1001 224 318 1010
10083 1010 219 318 1010
10046 1009 215 318 1010
184 313 222 319 1011
10100 1002 222 319 1011
10083 1011 218 319 1011
10046 1010 215 319 1011
626 290 226 320 1012
184 314 223 320 1012
10033 1010 211 320 1012
614 310 224 320 1012
10100 1003 226 320 1012
10083 1012 218 320 1012
510 10 223 320 1012
626 291 224 321 1013
184 315 223 321 1013
10033 1011 211 321 1013
614 311 227 321 1013
10100 1004 227 321 1013
10083 1013 219 321 1013
510 11 221 321 1013
626 292 225 321 1013
184 316 221 322 1014
10033 1012 211 322 1014
614 312 225 322 1014
10100 1005 227 322 1014
10083 1014 218 322 1014
184 317 221 323 1015
10033 1013 211 323 1015
614 313 225 323 1015
10100 1006 231 323 1015
10083 1015 219 323 1015
10046 1014 224 323 1015
626 294 241 323 1015
10100 1007 228 324 1016
10083 1016 211 324 1016
10046 1015 215 324 1016
10100 1008 219 325 1017
10083 1017 212 325 1017
10046 1016 212 325 1017
10100 1009 211 326 1018
10083 1018 210 326 1018
262 175 227 327 1019
10067 1015 211 327 1019
402 325 224 328 1020
10086 1020 212 328 1020
10100 1011 227 328 1020
10083 1020 216 328 1020
10046 1019 221 328 1020
10091 1019 214 329 1021
10159 1023 215 329 1021
10100 1012 226 329 1021
10083 1021 214 329 1021
10046 1020 214 329 1021
10100 1013 229 330 1022
10083 1022 218 330 1022
10100 1014 229 331 1023
10083 1023 214 331 1023
10100 1015 229 332 1024
10083 1024 217 332 1024
10100 1016 221 333 1025
10083 1025 210 333 1025
455 334 224 333 1025
10100 1017 219 334 1026
10046 1025 211 334 1026
10100 1018 225 335 1027
10083 1027 213 335 1027
10046 1026 211 335 1027
10100 1019 231 336 1028
317 334 224 336 1028
10046 1027 211 336 1028
10100 1020 230 337 1029
317 335 225 337 1029
10100 1021 231 338 1030
10046 1029 210 338 1030
10100 1022 227 339 1031
10100 1023 228 340 1032
10083 1032 214 340 1032
10046 1031 211 340 1032
455 341 224 340 1032
767 338 225 341 1033
390 334 225 341 1033
10033 1031 209 341 1033
10100 1024 220 341 1033
10083 1033 219 341 1033
317 339 223 341 1033
10046 1032 215 341 1033
455 342 230 341 1033
767 339 229 342 1034
10086 1034 211 342 1034
10033 1032 213 342 1034
657 340 225 342 1034
10100 1025 221 342 1034
10083 1034 218 342 1034
10046 1033 224 342 1034
10086 1035 214 343 1035
10033 1033 213 343 1035
10159 1037 210 343 1035
10100 1026 219 343 1035
10083 1035 221 343 1035
317 341 221 343 1035
10046 1034 212 343 1035
455 344 221 343 1035
767 341 222 344 1036
10100 1027 225 344 1036
10083 1036 215 344 1036
455 345 233 344 1036
767 342 221 345 1037
712 342 224 345 1037
10100 1028 225 345 1037
455 346 232 345 1037
712 343 223 346 1038
10100 1029 221 346 1038
10083 1038 216 346 1038
712 344 225 347 1039
10100 1030 232 347 1039
10083 1039 216 347 1039
10046 1038 211 347 1039
712 345 225 348 1040
10100 1031 233 348 1040
10083 1040 216 348 1040
10046 1039 212 348 1040
10100 1032 231 349 1041
10083 1041 217 349 1041
10046 1040 211 349 1041
10100 1033 231 350 1042
10083 1042 214 350 1042
10046 1041 212 350 1042
10100 1034 230 351 1043
10083 1043 215 351 1043
10046 1042 211 351 1043
10100 1035 223 352 1044
10083 1044 216 352 1044
10046 1043 210 352 1044
455 353 236 352 1044
10100 1036 221 353 1045
10083 1045 216 353 1045
455 354 226 353 1045
10100 1037 229 354 1046
10083 1046 211 354 1046
455 355 234 354 1046
10100 1038 212 355 1047
10083 1047 211 355 1047
10046 1046 210 355 1047
10100 1039 223 356 1048
10083 1048 210 356 1048
455 357 221 357 1049
10100 1040 225 357 1049
10083 1049 215 357 1049
455 358 225 357 1049
10091 1048 210 358 1050
10100 1041 214 358 1050
10046 1049 213 358 1050
455 359 237 359 1051
10091 1049 210 359 1051
10100 1042 221 359 1051
455 360 238 360 1052
10033 1050 210 360 1052
712 357 221 360 1052
10100 1043 223 360 1052
10083 1052 212 360 1052
455 361 231 361 1053
767 358 222 361 1053
10033 1051 211 361 1053
712 358 228 361 1053
10100 1044 223 361 1053
10083 1053 214 361 1053
455 362 239 361 1053
767 359 221 362 1054
712 359 225 362 1054
10100 1045 222 362 1054
10046 1053 210 362 1054
455 363 233 363 1055
390 356 221 363 1055
10091 1053 210 363 1055
10100 1046 230 363 1055
10083 1055 218 363 1055
10033 1054 209 364 1056
712 361 221 364 1056
10100 1047 223 364 1056
10083 1056 213 364 1056
10046 1055 215 364 1056
455 365 227 364 1056
317 362 221 364 1056
10100 1048 223 365 1057
10083 1057 217 365 1057
10046 1056 214 365 1057
455 366 226 365 1057
317 363 221 366 1058
657 364 221 366 1058
10100 1049 222 366 1058
10083 1058 220 366 1058
10046 1057 213 366 1058
455 367 231 366 1058
317 364 221 366 1058
10100 1050 216 367 1059
10083 1059 220 367 1059
10046 1058 210 367 1059
317 365 224 367 1059
767 365 224 368 1060
10033 1058 211 368 1060
657 366 223 368 1060
10100 1051 225 368 1060
10083 1060 218 368 1060
10046 1059 213 368 1060
455 369 227 368 1060
390 362 221 369 1061
10100 1052 216 369 1061
10100 1053 217 370 1062
10100 1055 220 372 1064
10083 1064 211 372 1064
10046 1063 210 372 1064
455 373 223 372 1064
10091 1063 213 373 1065
657 371 225 373 1065
10100 1056 229 373 1065
10083 1065 211 373 1065
10046 1064 215 373 1065
455 374 233 374 1066
10100 1057 227 374 1066
10083 1066 211 374 1066
421 375 221 375 1067
10100 1058 228 375 1067
10083 1067 210 375 1067
455 376 227 375 1067
10100 1059 230 376 1068
10083 1068 211 376 1068
10046 1067 211 376 1068
455 377 229 377 1069
317 374 221 377 1069
10100 1060 224 377 1069
455 378 231 378 1070
317 375 229 378 1070
767 375 222 378 1070
10100 1061 221 378 1070
10083 1070 215 378 1070
10046 1069 210 378 1070
455 379 229 379 1071
317 376 221 379 1071
10100 1062 223 379 1071
10046 1070 212 379 1071
455 380 233 380 1072
767 377 221 380 1072
421 380 224 380 1072
657 378 230 380 1072
10100 1063 215 380 1072
10083 1072 216 380 1072
317 378 233 381 1073
712 378 222 381 1073
421 381 225 381 1073
657 379 229 381 1073
10100 1064 222 381 1073
10083 1073 215 381 1073
317 379 225 382 1074
712 379 224 382 1074
421 382 223 382 1074
657 380 227 382 1074
10100 1065 225 382 1074
10083 1074 219 382 1074
317 380 233 383 1075
421 383 221 383 1075
657 381 223 383 1075
10100 1066 221 383 1075
10083 1075 217 383 1075
10046 1074 210 383 1075
317 381 227 384 1076
767 381 225 384 1076
10100 1067 234 384 1076
455 385 221 385 1077
767 382 223 385 1077
10100 1068 218 385 1077
317 383 223 386 1078
10086 1078 213 386 1078
10033 1076 211 386 1078
390 379 221 386 1078
421 386 222 386 1078
657 384 222 386 1078
10100 1069 227 386 1078
712 384 225 387 1079
10100 1070 225 387 1079
10083 1079 211 387 1079
10046 1078 213 387 1079
317 385 225 388 1080
712 385 223 388 1080
421 388 227 388 1080
10100 1071 221 388 1080
10046 1079 211 389 1081
317 386 231 389 1081
767 386 221 389 1081
10100 1072 221 389 1081
10083 1081 212 389 1081
10046 1080 218 390 1082
317 387 227 390 1082
767 387 222 390 1082
657 388 223 390 1082
421 390 228 390 1082
10100 1073 226 390 1082
10046 1081 212 391 1083
317 388 221 391 1083
10100 1074 225 391 1083
10083 1083 221 391 1083
317 389 233 392 1084
657 390 222 392 1084
10100 1075 225 392 1084
10083 1084 210 392 1084
10046 1083 211 393 1085
317 390 225 393 1085
10033 1083 213 393 1085
390 386 221 393 1085
421 393 227 393 1085
10100 1076 223 393 1085
10083 1085 210 393 1085
10086 1086 210 394 1086
767 391 224 394 1086
657 392 229 394 1086
10100 1077 233 394 1086
10083 1086 218 394 1086
10046 1085 212 395 1087
767 392 221 395 1087
10100 1078 225 395 1087
455 396 223 396 1088
767 393 223 396 1088
10100 1079 227 396 1088
10083 1088 219 396 1088
455 397 223 397 1089
317 394 223 397 1089
767 394 225 397 1089
10100 1080 225 397 1089
10083 1089 216 397 1089
455 398 224 398 1090
10100 1081 217 398 1090
10083 1090 217 398 1090
10046 1089 210 398 1090
455 399 221 399 1091
657 397 222 399 1091
421 399 227 399 1091
10100 1082 227 399 1091
10083 1091 216 399 1091
455 400 229 400 1092
10033 1090 210 400 1092
10083 1092 214 400 1092
767 398 223 401 1093
421 401 223 401 1093
10100 1084 229 401 1093
10083 1093 218 401 1093
767 399 222 402 1094
657 400 221 402 1094
10100 1085 219 402 1094
10083 1094 214 402 1094
767 400 225 403 1095
657 401 221 403 1095
10100 1086 223 403 1095
10083 1095 211 403 1095
657 402 223 404 1096
10100 1087 227 404 1096
10083 1096 211 404 1096
10046 1095 214 404 1096
10100 1088 226 405 1097
10083 1097 215 405 1097
10046 1096 213 405 1097
657 404 221 406 1098
10100 1089 226 406 1098
10083 1098 212 406 1098
317 404 221 407 1099
767 404 223 407 1099
712 404 225 407 1099
10100 1090 225 407 1099
10083 1099 222 407 1099
10046 1098 210 407 1099
317 405 225 408 1100
657 406 221 408 1100
421 408 225 408 1100
10100 1091 228 408 1100
767 406 221 409 1101
712 406 223 409 1101
421 409 226 409 1101
10100 1092 227 409 1101
10046 1100 218 409 1101
767 407 223 410 1102
10100 1093 221 410 1102
10083 1102 216 410 1102
10100 1094 227 411 1103
10083 1103 212 411 1103
10046 1102 214 411 1103
317 409 227 412 1104
421 412 221 412 1104
10100 1095 215 412 1104
10083 1104 212 412 1104
10086 1105 211 413 1105
657 411 226 413 1105
10100 1096 227 413 1105
10083 1105 219 413 1105
10046 1104 217 413 1105
317 411 221 414 1106
657 412 230 414 1106
421 414 225 414 1106
10100 1097 216 414 1106
10083 1106 221 414 1106
10046 1105 217 414 1106
10100 1098 228 415 1107
10083 1107 217 415 1107
10091 1106 212 416 1108
712 413 230 416 1108
657 414 227 416 1108
421 416 226 416 1108
10100 1099 235 416 1108
10083 1108 223 416 1108
10046 1107 223 416 1108
455 417 236 417 1109
712 414 228 417 1109
390 410 221 417 1109
421 417 240 417 1109
10100 1100 227 417 1109
10083 1109 213 417 1109
10046 1108 211 417 1109
317 415 234 418 1110
10086 1110 209 418 1110
712 415 229 418 1110
421 418 223 418 1110
10100 1101 219 418 1110
10083 1110 215 418 1110
10046 1109 217 418 1110
455 419 222 419 1111
712 416 222 419 1111
10100 1102 239 419 1111
10083 1111 218 419 1111
10046 1110 218 419 1111
767 417 226 420 1112
421 420 223 420 1112
10100 1103 229 420 1112
10083 1112 216 420 1112
10046 1111 217 420 1112
10086 1113 211 421 1113
10100 1104 229 421 1113
10083 1113 215 421 1113
10046 1112 217 421 1113
455 422 227 422 1114
767 419 228 422 1114
421 422 245 422 1114
657 420 221 422 1114
10100 1105 222 422 1114
10083 1114 221 422 1114
10046 1113 219 422 1114
455 423 225 423 1115
712 420 228 423 1115
390 416 223 423 1115
421 423 235 423 1115
10159 1117 210 423 1115
10100 1106 231 423 1115
10046 1114 211 423 1115
317 421 223 424 1116
390 417 223 424 1116
657 422 229 424 1116
10100 1107 231 424 1116
10083 1116 221 424 1116
10046 1115 222 424 1116
10100 1108 223 425 1117
10083 1117 214 425 1117
10046 1116 211 425 1117
10086 1118 210 426 1118
10100 1109 236 426 1118
10083 1118 210 426 1118
10100 1110 221 427 1119
10083 1119 210 427 1119
10100 1111 219 428 1120
10100 1112 219 429 1121
10100 1113 220 430 1122
10100 1114 216 431 1123
10100 1115 220 432 1124
10100 1116 217 433 1125
10100 1117 223 434 1126
421 435 229 435 1127
10100 1118 213 435 1127
10083 1127 210 435 1127
10046 1126 219 435 1127
10100 1119 224 436 1128
421 437 221 437 1129
10100 1120 230 437 1129
10083 1129 209 437 1129
10046 1128 211 438 1130
10100 1121 225 438 1130
10046 1129 210 438 1130
10100 1122 226 439 1131
10083 1131 210 439 1131
10046 1130 211 439 1131
10100 1123 221 440 1132
10046 1131 211 440 1132
10100 1124 225 441 1133
10083 1133 210 441 1133
10046 1132 212 442 1134
10100 1125 224 442 1134
10083 1134 211 442 1134
10046 1133 216 442 1134
421 443 226 443 1135
10100 1126 223 443 1135
10083 1135 211 443 1135
10046 1134 212 443 1135
421 444 224 444 1136
10100 1127 223 444 1136
10046 1135 212 444 1136
10100 1128 226 445 1137
10083 1137 219 445 1137
455 446 237 445 1137
10046 1136 221 445 1137
390 439 225 446 1138
712 443 227 446 1138
421 446 235 446 1138
10100 1129 211 446 1138
657 444 229 446 1138
10083 1138 225 446 1138
455 447 229 446 1138
10046 1137 212 446 1138
10086 1139 209 447 1139
10100 1130 229 447 1139
10083 1139 226 447 1139
10046 1138 221 448 1140
390 441 224 448 1140
10033 1138 210 448 1140
10100 1131 231 448 1140
10083 1140 223 448 1140
153 435 222 449 1141
390 442 231 449 1141
10100 1132 213 449 1141
10083 1141 221 449 1141
455 450 221 449 1141
10046 1140 211 450 1142
390 443 223 450 1142
10033 1140 210 450 1142
10100 1133 229 450 1142
10083 1142 214 450 1142
10046 1141 212 451 1143
767 448 223 451 1143
390 444 225 451 1143
10100 1134 217 451 1143
10083 1143 218 451 1143
10046 1142 219 452 1144
767 449 223 452 1144
390 445 229 452 1144
10100 1135 218 452 1144
10083 1144 222 452 1144
10046 1143 213 453 1145
153 439 222 453 1145
767 450 223 453 1145
10091 1143 213 453 1145
10100 1136 233 453 1145
10083 1145 217 453 1145
10046 1144 215 454 1146
390 447 231 454 1146
421 454 228 454 1146
10100 1137 225 454 1146
10083 1146 219 454 1146
10046 1145 224 455 1147
10100 1138 227 455 1147
10083 1147 221 455 1147
10046 1146 221 456 1148
10086 1148 212 456 1148
390 449 231 456 1148
10033 1146 212 456 1148
10091 1146 210 456 1148
10159 1150 211 456 1148
10100 1139 227 456 1148
10083 1148 221 456 1148
10091 1147 217 457 1149
10100 1140 224 457 1149
10083 1149 215 457 1149
10046 1148 211 458 1150
10086 1150 210 458 1150
390 451 223 458 1150
10091 1148 214 458 1150
10159 1152 216 458 1150
10100 1141 226 458 1150
10083 1150 218 458 1150
10046 1149 213 459 1151
10086 1151 211 459 1151
390 452 226 459 1151
10091 1149 215 459 1151
10159 1153 216 459 1151
10100 1142 226 459 1151
10083 1151 219 459 1151
10046 1150 212 460 1152
421 460 223 460 1152
10100 1143 211 460 1152
10083 1152 213 460 1152
10046 1151 211 461 1153
390 454 225 461 1153
10091 1151 214 461 1153
10100 1144 229 461 1153
10083 1153 216 461 1153
10046 1152 216 462 1154
390 455 225 462 1154
10100 1145 221 462 1154
10083 1154 211 462 1154
10046 1153 213 463 1155
10091 1153 215 463 1155
10100 1146 226 463 1155
455 464 221 463 1155
10083 1155 212 463 1155
10046 1154 216 464 1156
10086 1156 211 464 1156
10100 1147 212 464 1156
10046 1155 212 465 1157
10100 1148 223 465 1157
10083 1157 221 465 1157
10046 1156 211 466 1158
10100 1149 225 466 1158
10100 1150 227 467 1159
421 468 225 468 1160
10100 1151 228 468 1160
10083 1160 217 469 1161
10100 1152 231 469 1161
10083 1161 217 470 1162
10100 1153 218 470 1162
10083 1162 209 471 1163
455 472 222 471 1163
10100 1154 211 471 1163
10083 1163 212 472 1164
767 469 221 472 1164
10100 1155 222 472 1164
455 473 229 472 1164
10083 1164 212 472 1164
10100 1156 223 473 1165
10083 1165 220 473 1165
10100 1157 221 474 1166
10083 1166 216 474 1166
10046 1165 212 475 1167
10100 1158 222 475 1167
10083 1167 216 475 1167
10046 1166 210 476 1168
10091 1166 209 476 1168
10100 1159 216 476 1168
10083 1168 216 476 1168
390 470 221 477 1169
10100 1160 229 477 1169
10083 1169 217 477 1169
10046 1168 210 478 1170
317 475 221 478 1170
10100 1161 223 478 1170
10083 1170 219 478 1170
10100 1162 229 479 1171
10083 1171 219 479 1171
390 473 221 480 1172
10100 1163 229 480 1172
10083 1172 214 480 1172
10046 1171 212 481 1173
10100 1164 228 481 1173
10083 1173 221 481 1173
10091 1172 209 482 1174
421 482 225 482 1174
10100 1165 230 482 1174
10083 1174 217 482 1174
10046 1173 210 483 1175
390 476 221 483 1175
10100 1166 228 483 1175
10083 1175 219 483 1175
10046 1174 218 484 1176
10091 1174 212 484 1176
10100 1167 230 484 1176
10083 1176 212 484 1176
10046 1175 214 485 1177
10091 1175 211 485 1177
10100 1168 233 485 1177
10083 1177 212 485 1177
10046 1176 216 486 1178
10091 1176 212 486 1178
10100 1169 222 486 1178
10046 1177 211 487 1179
10100 1170 230 487 1179
10083 1179 212 487 1179
10046 1178 213 488 1180
10100 1171 227 488 1180
10083 1180 211 488 1180
10046 1179 212 489 1181
10100 1172 229 489 1181
10083 1181 212 489 1181
10046 1180 212 490 1182
317 487 221 490 1182
10100 1173 229 490 1182
10083 1182 213 490 1182
10046 1181 216 490 1182
10100 1174 228 491 1183
10083 1183 212 491 1183
10046 1182 212 491 1183
10100 1175 225 492 1184
10083 1184 217 492 1184
10046 1183 210 492 1184
10091 1183 209 493 1185
421 493 222 493 1185
10100 1176 226 493 1185
10083 1185 217 493 1185
10046 1184 210 493 1185
10100 1177 223 494 1186
10083 1186 213 494 1186
767 492 221 495 1187
390 488 222 495 1187
421 495 226 495 1187
10100 1178 234 495 1187
10083 1187 215 495 1187
10046 1186 211 495 1187
421 496 223 496 1188
10100 1179 231 496 1188
10083 1188 215 496 1188
10046 1187 216 496 1188
10091 1187 210 497 1189
421 497 223 497 1189
10100 1180 231 497 1189
10083 1189 222 497 1189
10046 1188 215 497 1189
10100 1181 233 498 1190
10083 1190 221 498 1190
10046 1189 215 498 1190
10086 1191 210 499 1191
10100 1182 235 499 1191
10083 1191 210 499 1191
10046 1190 211 499 1191
10086 1192 210 500 1192
767 497 224 500 1192
421 500 221 500 1192
10100 1183 224 500 1192
10083 1192 219 500 1192
10091 1191 214 501 1193
10100 1184 227 501 1193
10046 1192 212 501 1193
421 502 224 502 1194
10091 1192 215 502 1194
10100 1185 225 502 1194
10100 1186 228 503 1195
10083 1195 216 503 1195
10046 1194 214 503 1195
421 504 223 504 1196
10100 1187 230 504 1196
10083 1196 211 504 1196
10046 1195 210 504 1196
421 505 224 505 1197
10100 1188 231 505 1197
10083 1197 210 505 1197
10046 1196 212 505 1197
421 506 224 506 1198
10100 1189 231 506 1198
10083 1198 215 506 1198
10046 1197 215 506 1198
421 507 223 507 1199
10091 1197 209 507 1199
10100 1190 230 507 1199
10083 1199 213 507 1199
10046 1198 210 507 1199
421 508 224 508 1200
10100 1191 225 508 1200
10083 1200 215 508 1200
10046 1199 213 508 1200
10100 1192 227 509 1201
10083 1201 217 509 1201
10046 1200 214 509 1201
10100 1193 227 510 1202
10083 1202 218 510 1202
10046 1201 210 510 1202
421 511 225 511 1203
10100 1194 229 511 1203
10083 1203 218 511 1203
10046 1202 211 511 1203
421 512 223 512 1204
10100 1195 229 512 1204
10083 1204 217 512 1204
10046 1203 211 512 1204
10100 1196 229 513 1205
10083 1205 217 513 1205
10046 1204 212 513 1205
390 507 223 514 1206
421 514 221 514 1206
10100 1197 231 514 1206
10083 1206 216 514 1206
10046 1205 214 514 1206
421 515 223 515 1207
10100 1198 230 515 1207
10083 1207 219 515 1207
10046 1206 212 516 1208
421 516 224 516 1208
10100 1199 230 516 1208
10083 1208 218 516 1208
10046 1207 211 517 1209
421 523 225 523 1215
10100 1206 228 523 1215
455 524 221 523 1215
10083 1215 211 523 1215
10046 1214 210 523 1215
421 524 225 524 1216
390 517 222 524 1216
10100 1207 231 524 1216
10083 1216 210 524 1216
10046 1215 216 524 1216
421 525 223 525 1217
10100 1208 225 525 1217
10083 1217 211 525 1217
421 526 221 526 1218
10100 1209 223 526 1218
10100 1210 229 527 1219
421 528 221 528 1220
390 521 221 528 1220
10091 1218 210 528 1220
10100 1211 220 528 1220
421 529 222 529 1221
767 526 221 529 1221
390 522 223 529 1221
10091 1219 210 529 1221
10100 1212 224 529 1221
10083 1221 217 529 1221
10046 1220 212 529 1221
767 527 221 530 1222
390 523 223 530 1222
10091 1220 210 530 1222
10100 1213 225 530 1222
10083 1222 216 530 1222
767 528 221 531 1223
657 529 230 531 1223
10100 1214 229 531 1223
10083 1223 219 531 1223
455 532 231 531 1223
10046 1222 217 531 1223
421 532 235 532 1224
390 525 221 532 1224
10033 1222 212 532 1224
10100 1215 237 532 1224
10083 1224 221 532 1224
455 533 226 532 1224
10046 1223 219 532 1224
421 533 230 532 1224
767 530 221 533 1225
657 531 222 533 1225
10100 1216 223 533 1225
455 534 228 533 1225
10046 1224 217 533 1225
421 534 237 534 1226
767 531 223 534 1226
712 531 223 534 1226
10100 1217 227 534 1226
10083 1226 224 534 1226
455 535 222 534 1226
10046 1225 223 534 1226
421 535 224 535 1227
10086 1227 211 535 1227
10159 1229 210 535 1227
10100 1218 227 535 1227
10083 1227 220 535 1227
455 536 221 535 1227
10067 1223 210 535 1227
421 536 221 536 1228
10086 1228 210 536 1228
767 533 221 536 1228
390 529 222 536 1228
10033 1226 213 536 1228
10159 1230 212 536 1228
10100 1219 232 536 1228
10083 1228 217 536 1228
10046 1227 213 536 1228
10067 1224 210 536 1228
10086 1229 210 537 1229
767 534 221 537 1229
390 530 221 537 1229
10100 1220 224 537 1229
10083 1229 216 537 1229
10046 1228 211 537 1229
10067 1225 210 537 1229
421 538 225 538 1230
767 535 222 538 1230
390 531 223 538 1230
10033 1228 216 538 1230
10159 1232 211 538 1230
10100 1221 225 538 1230
10083 1230 221 538 1230
10046 1229 212 538 1230
390 532 225 539 1231
10159 1233 210 539 1231
10100 1222 225 539 1231
10083 1231 216 539 1231
10046 1230 212 539 1231
390 533 224 540 1232
10091 1230 210 540 1232
10159 1234 209 540 1232
10100 1223 212 540 1232
10083 1232 215 540 1232
10046 1231 215 540 1232
421 541 222 541 1233
10091 1231 209 541 1233
10100 1224 219 541 1233
10083 1233 212 541 1233
10046 1232 211 541 1233
10067 1229 210 541 1233
421 542 225 542 1234
10033 1232 212 542 1234
10100 1225 221 542 1234
10083 1234 212 542 1234
10046 1233 211 542 1234
10067 1230 211 542 1234
421 543 222 543 1235
10033 1233 212 543 1235
10100 1226 221 543 1235
10083 1235 214 543 1235
10046 1234 211 543 1235
10091 1234 211 544 1236
10100 1227 227 544 1236
10083 1236 214 544 1236
10046 1235 212 544 1236
10067 1232 209 544 1236
421 545 221 545 1237
712 542 221 545 1237
390 538 221 545 1237
10091 1235 211 545 1237
10100 1228 227 545 1237
10083 1237 217 545 1237
10046 1236 211 545 1237
317 543 222 545 1237
10100 1229 221 546 1238
10083 1238 216 546 1238
10046 1237 214 546 1238
10091 1237 210 547 1239
10100 1230 223 547 1239
10083 1239 211 547 1239
10046 1238 214 547 1239
421 548 221 548 1240
10091 1238 211 548 1240
10100 1231 227 548 1240
10083 1240 213 548 1240
10046 1239 216 548 1240
421 549 221 549 1241
10091 1239 211 549 1241
10100 1232 228 549 1241
10083 1241 216 549 1241
10046 1240 217 549 1241
421 550 227 550 1242
10159 1244 211 550 1242
10100 1233 233 550 1242
10046 1241 218 550 1242
10067 1238 211 550 1242
421 551 223 551 1243
10091 1241 211 551 1243
10100 1234 230 551 1243
10046 1242 214 551 1243
767 549 221 552 1244
10091 1242 210 552 1244
10100 1235 229 552 1244
10046 1243 217 552 1244
10100 1236 233 553 1245
10083 1245 217 553 1245
455 554 222 553 1245
10046 1244 221 553 1245
317 551 221 553 1245
421 554 230 554 1246
767 551 221 554 1246
10100 1237 233 554 1246
10083 1246 218 554 1246
455 555 222 554 1246
10046 1245 228 554 1246
317 552 228 554 1246
421 555 231 555 1247
767 552 226 555 1247
390 548 227 555 1247
10091 1245 211 555 1247
10100 1238 223 555 1247
10083 1247 220 555 1247
10046 1246 222 555 1247
421 556 229 556 1248
390 549 238 556 1248
10091 1246 212 556 1248
10100 1239 227 556 1248
10083 1248 221 556 1248
455 557 227 556 1248
10046 1247 213 556 1248
10100 1240 225 557 1249
10083 1249 223 557 1249
10046 1248 216 557 1249
10086 1250 210 558 1250
10033 1248 221 558 1250
10100 1241 217 558 1250
10083 1250 213 558 1250
10046 1249 215 558 1250
10086 1251 210 559 1251
10100 1242 218 559 1251
451 562 222 559 1251
333 555 221 559 1251
10163 1254 223 560 1252
191 348 225 560 1252
10101 1245 209 560 1252
10128 1247 224 561 1253
10101 1246 221 561 1253
10141 1245 216 561 1253
10061 1257 229 561 1253
10169 1254 220 561 1253
10128 1248 209 562 1254
10101 1247 212 562 1254
10061 1258 242 562 1254
10169 1255 227 562 1254
10061 1259 227 563 1255
10169 1256 223 563 1255
10128 1250 210 564 1256
10061 1260 235 564 1256
10169 1257 216 564 1256
10128 1251 210 565 1257
556 570 227 565 1257
480 2 222 565 1257
10101 1250 217 565 1257
10141 1249 214 565 1257
10169 1258 214 565 1257
199 121 223 565 1257
745 566 231 566 1258
642 564 236 566 1258
10134 1251 210 566 1258
10078 1258 218 567 1259
114 358 225 567 1259
575 563 223 568 1260
10076 1256 211 568 1260
10055 1260 210 568 1260
451 571 239 568 1260
672 554 232 568 1260
10106 1258 222 568 1260
10040 1256 223 570 1262
10078 1261 210 570 1262
10018 589 214 570 1262
10098 1259 220 570 1262
454 573 221 570 1262
10140 1258 217 570 1262
650 514 228 570 1262
85 251 230 570 1262
16 245 233 571 1263
737 558 225 571 1263
696 563 226 571 1263
654 560 229 571 1263
454 574 226 571 1263
10018 590 226 571 1263
10098 1260 211 571 1263
10140 1259 229 571 1263
10084 1257 211 571 1263
10158 1258 210 571 1263
639 575 232 572 1264
144 211 224 572 1264
246 559 223 572 1264
10018 591 227 572 1264
10098 1261 212 572 1264
10140 1260 218 572 1264
10084 1258 210 572 1264
205 289 222 572 1264
245 578 221 573 1265
493 556 227 573 1265
10004 1261 210 573 1265
144 212 236 573 1265
10018 592 217 573 1265
10140 1261 220 573 1265
10158 1260 215 573 1265
254 401 222 573 1265
144 213 235 574 1266
10018 593 223 574 1266
10084 1260 224 574 1266
10158 1261 219 574 1266
643 343 224 574 1266
683 438 224 575 1267
699 468 227 575 1267
307 574 227 575 1267
30 245 225 575 1267
275 575 221 575 1267
10018 594 229 575 1267
10140 1263 216 575 1267
10084 1261 219 575 1267
10158 1262 220 575 1267
630 239 222 576 1268
350 579 225 576 1268
595 261 224 576 1268
43 575 227 576 1268
10018 595 223 576 1268
10098 1265 220 576 1268
521 745 223 576 1268
171 10 231 576 1268
611 563 225 576 1268
431 282 221 577 1269
469 9 225 577 1269
737 564 232 577 1269
539 70 229 577 1269
630 240 229 577 1269
67 511 224 577 1269
585 3 223 577 1269
356 254 237 577 1269
703 560 227 577 1269
10018 596 229 577 1269
10098 1266 215 577 1269
201 743 223 577 1269
10140 1265 212 577 1269
10084 1263 212 577 1269
10158 1264 212 577 1269
372 553 222 577 1269
10076 1266 213 578 1270
228 585 221 578 1270
356 255 221 578 1270
10055 1270 220 578 1270
10018 597 223 578 1270
764 511 221 578 1270
10106 1268 212 578 1270
469 11 223 579 1271
10076 1267 217 579 1271
10055 1271 219 579 1271
355 291 231 579 1271
10173 1267 218 579 1271
563 581 224 579 1271
10106 1269 231 579 1271
327 614 224 580 1272
10076 1268 225 580 1272
128 65 221 580 1272
436 559 225 580 1272
10055 1272 220 580 1272
540 582 228 580 1272
348 257 225 580 1272
409 30 225 580 1272
10173 1268 216 580 1272
10106 1270 235 580 1272
10076 1269 212 581 1273
436 560 225 581 1273
10055 1273 209 581 1273
540 583 240 581 1273
744 84 222 581 1273
10106 1271 233 581 1273
540 584 231 582 1274
10106 1272 223 582 1274
436 562 221 583 1275
406 625 221 583 1275
540 585 235 583 1275
10106 1273 235 583 1275
436 563 223 584 1276
10055 1276 213 584 1276
540 586 231 584 1276
406 626 228 584 1276
348 261 221 584 1276
10106 1274 229 584 1276
10076 1273 211 585 1277
10055 1277 210 585 1277
540 587 245 585 1277
10106 1275 239 585 1277
540 588 241 586 1278
10106 1276 223 586 1278
10076 1275 212 587 1279
436 566 221 587 1279
10055 1279 214 587 1279
540 589 233 587 1279
10106 1277 229 587 1279
436 567 222 588 1280
540 590 237 588 1280
10106 1278 237 588 1280
10076 1277 210 589 1281
436 568 221 589 1281
540 591 242 589 1281
348 266 224 589 1281
10106 1279 237 589 1281
10076 1278 209 590 1282
540 592 240 590 1282
10106 1280 231 590 1282
10076 1279 217 591 1283
540 593 237 591 1283
10106 1281 225 591 1283
10076 1280 211 592 1284
436 571 221 592 1284
10055 1284 211 592 1284
406 634 221 592 1284
540 594 242 592 1284
10106 1282 234 592 1284
406 635 225 593 1285
33 556 224 593 1285
540 595 239 593 1285
744 96 221 593 1285
348 270 224 593 1285
10106 1283 225 593 1285
10055 1286 212 594 1286
540 596 238 594 1286
348 271 225 594 1286
10106 1284 224 594 1286
10076 1283 212 595 1287
436 574 222 595 1287
10055 1287 212 595 1287
540 597 225 595 1287
348 272 225 595 1287
10106 1285 232 595 1287
10076 1284 212 596 1288
10055 1288 212 596 1288
406 638 222 596 1288
540 598 232 596 1288
348 273 221 596 1288
10106 1286 241 596 1288
372 572 222 597 1289
10076 1285 216 597 1289
10055 1289 211 597 1289
540 599 233 597 1289
10106 1287 239 597 1289
10076 1286 213 598 1290
540 600 234 598 1290
10106 1288 237 598 1290
10076 1287 214 599 1291
10055 1291 211 599 1291
406 641 223 599 1291
540 601 235 599 1291
10106 1289 237 599 1291
10076 1288 212 600 1292
406 642 222 600 1292
540 602 244 600 1292
10106 1290 241 600 1292
10076 1289 212 601 1293
11 48 221 601 1293
406 643 227 601 1293
540 603 221 601 1293
10106 1291 240 601 1293
10040 1288 211 602 1294
10076 1290 215 602 1294
406 644 222 602 1294
540 604 231 602 1294
744 105 224 602 1294
10106 1292 232 602 1294
10076 1291 212 603 1295
10055 1295 211 603 1295
406 645 224 603 1295
540 605 225 603 1295
10106 1293 230 603 1295
10076 1292 211 604 1296
10055 1296 210 604 1296
540 606 224 604 1296
10173 1292 221 604 1296
10106 1294 235 604 1296
10076 1293 210 605 1297
11 52 235 605 1297
33 568 221 605 1297
10018 624 210 605 1297
744 108 230 605 1297
10140 1293 212 605 1297
333 601 221 605 1297
10106 1295 225 605 1297
10078 1297 217 606 1298
761 601 228 606 1298
10055 1298 212 606 1298
10018 625 214 606 1298
10098 1295 222 606 1298
10140 1294 209 606 1298
32 582 221 606 1298
304 597 226 606 1298
206 573 225 607 1299
761 602 225 607 1299
520 606 240 607 1299
10018 626 227 607 1299
10098 1296 235 607 1299
10140 1295 222 607 1299
32 583 221 607 1299
10084 1293 212 607 1299
10158 1294 213 607 1299
304 598 223 607 1299
117 514 222 608 1300
418 606 221 608 1300
10144 1295 212 608 1300
606 566 221 608 1300
10004 1296 216 608 1300
10076 1296 214 608 1300
360 48 229 608 1300
520 607 227 608 1300
8 553 222 608 1300
10055 1300 218 608 1300
10018 627 219 608 1300
177 152 225 608 1300
119 573 222 608 1300
10140 1296 229 608 1300
10158 1295 235 608 1300
304 599 225 608 1300
676 608 227 608 1300
30 279 221 609 1301
41 608 224 609 1301
10018 628 210 609 1301
10140 1297 211 609 1301
10084 1295 213 609 1301
10158 1296 223 609 1301
406 658 224 616 1308
406 659 225 617 1309
406 660 229 618 1310
406 661 235 619 1311
406 662 233 620 1312
406 663 235 621 1313
406 664 233 622 1314
348 299 227 622 1314
406 665 222 623 1315
348 300 251 623 1315
128 109 237 624 1316
406 666 223 624 1316
348 301 247 624 1316
128 110 222 625 1317
406 667 239 625 1317
348 302 232 625 1317
406 668 238 626 1318
348 303 235 626 1318
406 669 234 627 1319
348 304 234 627 1319
406 670 234 628 1320
348 305 231 628 1320
406 671 231 629 1321
348 306 229 629 1321
406 672 230 630 1322
348 307 238 630 1322
406 673 233 631 1323
348 308 239 631 1323
406 674 229 632 1324
348 309 233 632 1324
128 118 229 633 1325
406 675 233 633 1325
348 310 233 633 1325
406 676 225 634 1326
348 311 226 634 1326
348 312 229 635 1327
406 678 223 636 1328
348 313 226 636 1328
348 314 235 637 1329
406 680 222 638 1330
348 315 225 638 1330
406 681 229 639 1331
348 316 235 639 1331
348 317 225 640 1332
128 127 225 642 1334
348 319 233 642 1334
406 685 221 643 1335
348 321 223 644 1336
128 130 221 645 1337
406 687 231 645 1337
348 322 225 645 1337
406 688 230 646 1338
348 323 231 646 1338
406 689 231 647 1339
348 324 236 647 1339
406 690 228 648 1340
348 325 225 648 1340
406 691 223 649 1341
348 326 229 649 1341
406 692 225 650 1342
348 327 233 650 1342
406 693 226 651 1343
348 328 239 651 1343
406 694 226 652 1344
348 329 239 652 1344
406 695 231 653 1345
348 330 237 653 1345
406 696 224 654 1346
348 331 234 654 1346
406 697 224 655 1347
348 332 234 655 1347
406 698 229 656 1348
348 334 236 657 1349
406 700 227 658 1350
348 335 239 658 1350
348 336 238 659 1351
348 337 246 660 1352
348 338 235 661 1353
348 339 242 662 1354
348 340 239 663 1355
348 341 231 664 1356
348 342 225 665 1357
348 343 223 666 1358
348 344 227 667 1359
348 345 231 668 1360
348 346 230 669 1361
128 155 222 670 1362
348 347 230 670 1362
128 156 223 671 1363
348 348 231 671 1363
128 157 225 672 1364
348 349 246 672 1364
348 350 231 673 1365
348 351 239 674 1366
128 160 221 675 1367
348 352 239 675 1367
348 353 235 676 1368
348 354 239 677 1369
348 355 238 678 1370
128 164 221 679 1371
348 356 240 679 1371
348 357 239 680 1372
348 358 237 681 1373
348 359 234 682 1374
348 360 234 683 1375
348 361 237 684 1376
128 170 222 685 1377
348 362 236 685 1377
128 171 223 686 1378
348 363 233 686 1378
128 172 223 687 1379
348 364 226 687 1379
348 367 233 690 1382
348 368 237 691 1383
348 369 235 692 1384
348 370 237 693 1385
128 179 222 694 1386
348 371 234 694 1386
128 180 222 695 1387
348 372 234 695 1387
348 373 237 696 1388
128 182 222 697 1389
348 374 223 697 1389
128 183 233 698 1390
348 375 237 698 1390
128 184 227 699 1391
348 376 236 699 1391
128 185 222 700 1392
348 377 235 700 1392
128 186 233 701 1393
348 378 237 701 1393
128 187 225 702 1394
348 379 239 702 1394
128 188 224 703 1395
348 380 239 703 1395
128 189 229 704 1396
348 381 237 704 1396
348 382 238 705 1397
128 191 227 706 1398
348 383 232 706 1398
128 192 225 707 1399
348 384 231 707 1399
128 193 221 708 1400
348 385 232 708 1400
128 194 225 709 1401
128 195 223 710 1402
348 387 231 710 1402
128 196 231 711 1403
348 388 234 711 1403
128 197 232 712 1404
348 389 241 712 1404
128 198 226 713 1405
348 390 241 713 1405
128 199 224 714 1406
348 391 240 714 1406
348 392 235 715 1407
128 201 226 716 1408
348 393 242 716 1408
128 202 226 717 1409
348 394 241 717 1409
348 395 229 718 1410
128 204 224 719 1411
348 396 233 719 1411
128 205 231 720 1412
348 397 237 720 1412
128 206 228 721 1413
348 398 237 721 1413
128 207 225 722 1414
10009 1415 214 726 1418
348 403 234 726 1418
630 94 221 727 1419
348 404 223 727 1419
335 726 223 727 1419
10050 1423 215 727 1419
10101 1413 220 728 1420
10061 1424 223 728 1420
10169 1421 215 728 1420
128 213 225 728 1420
630 95 237 728 1420
10128 1415 210 729 1421
10123 1416 223 729 1421
171 163 222 729 1421
10164 1216 214 729 1421
348 407 226 730 1422
10100 1414 219 731 1423
10083 1423 218 731 1423
10100 1415 215 732 1424
10100 1416 209 733 1425
10100 1418 209 735 1427
10046 1426 211 735 1427
10100 1419 229 736 1428
10083 1428 216 736 1428
10046 1427 212 736 1428
10100 1420 224 737 1429
10083 1429 216 737 1429
10046 1428 213 737 1429
10100 1421 230 738 1430
10083 1430 217 738 1430
10046 1429 215 738 1430
10100 1422 232 739 1431
10083 1431 217 739 1431
10046 1430 215 739 1431
10100 1423 232 740 1432
10083 1432 213 740 1432
10046 1431 213 740 1432
10100 1424 232 741 1433
10083 1433 212 741 1433
10046 1432 212 741 1433
10100 1425 233 742 1434
10100 1426 227 743 1435
10083 1435 211 743 1435
10100 1427 230 744 1436
10046 1435 211 744 1436
10100 1428 230 745 1437
10100 1429 226 746 1438
10083 1438 210 746 1438
10046 1437 211 746 1438
10091 1437 211 746 1438
10100 1430 237 747 1439
10083 1439 218 747 1439
10046 1438 211 747 1439
10100 1431 231 748 1440
10083 1440 217 748 1440
10100 1432 229 749 1441
10083 1441 212 749 1441
10100 1433 226 750 1442
10083 1442 211 750 1442
10100 1434 227 751 1443
10083 1443 214 751 1443
10046 1442 212 751 1443
10100 1435 229 752 1444
10083 1444 216 752 1444
10046 1443 212 752 1444
10100 1436 222 753 1445
10083 1445 214 753 1445
10100 1437 223 754 1446
10083 1446 214 754 1446
10100 1438 223 755 1447
10083 1447 215 755 1447
10100 1439 223 756 1448
10083 1448 215 756 1448
10100 1440 223 757 1449
10083 1449 215 757 1449
10100 1441 224 758 1450
10083 1450 214 758 1450
10100 1442 227 759 1451
10083 1451 223 759 1451
10046 1450 211 759 1451
10100 1443 220 760 1452
10083 1452 209 760 1452
10100 1444 221 761 1453
10083 1453 209 761 1453
10100 1445 220 762 1454
10083 1454 209 762 1454
10100 1446 220 763 1455
10046 1455 209 764 1456
10100 1448 227 765 1457
10100 1449 227 766 1458
10100 1450 227 767 1459
10100 1451 227 768 1460
10083 1460 215 768 1460
10100 1452 213 769 1461
10083 1461 212 769 1461
10100 1453 215 770 1462
10083 1462 213 770 1462
10100 1454 232 771 1463
10046 1462 214 771 1463
10100 1455 232 772 1464
10046 1463 212 772 1464
10100 1456 232 773 1465
10046 1464 216 773 1465
10100 1457 232 774 1466
10046 1465 219 774 1466
10100 1458 224 775 1467
10083 1467 218 775 1467
10091 1466 215 775 1467
10159 1470 212 776 1468
10100 1459 224 776 1468
10083 1468 220 776 1468
10033 1467 211 776 1468
10091 1467 217 776 1468
10159 1471 211 777 1469
10100 1460 227 777 1469
10083 1469 218 777 1469
10091 1468 218 777 1469
10159 1472 211 778 1470
10100 1461 228 778 1470
10083 1470 223 778 1470
10033 1469 209 778 1470
10091 1469 216 778 1470
10159 1473 210 779 1471
10100 1462 229 779 1471
10083 1471 222 779 1471
10091 1470 217 779 1471
10159 1474 210 780 1472
10100 1463 226 780 1472
10083 1472 221 780 1472
10091 1471 219 780 1472
10100 1464 229 781 1473
10083 1473 216 781 1473
10091 1472 219 781 1473
10100 1465 231 782 1474
10083 1474 219 782 1474
10046 1473 210 782 1474
10091 1473 222 782 1474
10100 1466 223 783 1475
10083 1475 211 783 1475
10091 1474 221 783 1475
10100 1467 218 784 1476
10083 1476 213 784 1476
10046 1475 215 784 1476
10091 1475 220 784 1476
10159 1479 210 785 1477
10100 1468 233 785 1477
10083 1477 215 785 1477
10046 1476 215 785 1477
10091 1476 221 785 1477
10100 1469 224 786 1478
10083 1478 219 786 1478
10091 1477 217 786 1478
10100 1470 232 787 1479
10083 1479 219 787 1479
10091 1478 219 787 1479
10100 1471 218 788 1480
10083 1480 213 788 1480
10046 1479 214 788 1480
10091 1479 221 788 1480
10100 1472 233 789 1481
10083 1481 213 789 1481
10046 1480 215 789 1481
10091 1480 220 789 1481
10100 1473 234 790 1482
10083 1482 216 790 1482
10046 1481 214 790 1482
10091 1481 221 790 1482
10159 1485 214 791 1483
10100 1474 219 791 1483
10083 1483 213 791 1483
10046 1482 219 791 1483
10159 1486 212 792 1484
10100 1475 225 792 1484
10083 1484 217 792 1484
10046 1483 215 792 1484
10159 1487 211 793 1485
10100 1476 227 793 1485
10046 1484 214 793 1485
10159 1488 211 794 1486
10100 1477 225 794 1486
10083 1486 211 794 1486
10046 1485 213 794 1486
10159 1489 211 795 1487
10100 1478 224 795 1487
10046 1486 213 795 1487
10100 1479 230 796 1488
10083 1488 210 796 1488
10046 1487 213 796 1488
10159 1491 210 797 1489
10100 1480 223 797 1489
10046 1488 217 797 1489
10100 1481 227 798 1490
10083 1490 211 798 1490
10046 1489 217 798 1490
10100 1482 226 799 1491
10083 1491 213 799 1491
10046 1490 217 799 1491
10100 1483 227 800 1492
10083 1492 213 800 1492
10046 1491 217 800 1492
10100 1484 227 801 1493
10083 1493 213 801 1493
10046 1492 217 801 1493
10086 1494 210 801 1493
10100 1485 227 802 1494
10083 1494 215 802 1494
10046 1493 217 802 1494
10100 1486 227 803 1495
10083 1495 216 803 1495
10046 1494 218 803 1495
141 190 227 803 1495
10100 1487 235 804 1496
10083 1496 217 804 1496
10046 1495 217 804 1496
10159 1499 209 805 1497
10100 1488 228 805 1497
10083 1497 214 805 1497
10046 1496 217 805 1497
10100 1489 231 806 1498
10083 1498 213 806 1498
10046 1497 217 806 1498
10100 1490 233 807 1499
10083 1499 215 807 1499
10046 1498 217 807 1499
10100 1491 227 808 1500
10083 1500 215 808 1500
10046 1499 216 808 1500
10100 1492 231 809 1501
10083 1501 210 809 1501
10046 1500 217 809 1501
10100 1493 234 810 1502
10083 1502 214 810 1502
10046 1501 217 810 1502
10100 1494 235 811 1503
10083 1503 214 811 1503
10046 1502 217 811 1503
10100 1495 231 812 1504
10083 1504 213 812 1504
10046 1503 217 812 1504
10100 1496 231 813 1505
10083 1505 215 813 1505
10046 1504 216 813 1505
10100 1497 233 814 1506
10083 1506 216 814 1506
10046 1505 216 814 1506
10100 1498 233 815 1507
10083 1507 216 815 1507
10046 1506 216 815 1507
10100 1499 222 816 1508
10083 1508 212 816 1508
10100 1500 224 817 1509
10083 1509 211 817 1509
10046 1508 215 817 1509
10100 1501 226 818 1510
10046 1509 216 818 1510
10100 1502 224 819 1511
10046 1510 215 819 1511
655 71 227 819 1511
10100 1504 220 821 1513
655 73 247 821 1513
10100 1505 230 822 1514
10083 1514 221 822 1514
10046 1513 215 822 1514
655 74 246 822 1514
10100 1506 233 823 1515
10083 1515 225 823 1515
10046 1514 213 823 1515
655 75 242 823 1515
10100 1507 233 824 1516
10083 1516 225 824 1516
10046 1515 218 824 1516
655 76 245 824 1516
10086 1517 212 824 1516
10100 1508 237 825 1517
10083 1517 225 825 1517
10046 1516 218 825 1517
655 77 243 825 1517
10086 1518 212 825 1517
10100 1509 237 826 1518
10083 1518 223 826 1518
10046 1517 214 826 1518
655 78 247 826 1518
10100 1510 232 827 1519
655 79 245 827 1519
10086 1520 211 827 1519
10100 1511 237 828 1520
10083 1520 222 828 1520
655 80 235 828 1520
10086 1521 210 828 1520
10100 1512 238 829 1521
10083 1521 216 829 1521
10046 1520 211 829 1521
655 81 240 829 1521
10086 1522 211 829 1521
10100 1513 240 830 1522
10083 1522 218 830 1522
10046 1521 219 830 1522
655 82 246 830 1522
10086 1523 210 830 1522
10100 1514 241 831 1523
10083 1523 221 831 1523
10046 1522 219 831 1523
655 83 246 831 1523
10086 1524 211 831 1523
10100 1515 236 832 1524
10083 1524 222 832 1524
10046 1523 218 832 1524
655 84 230 832 1524
10086 1525 212 832 1524
10100 1516 229 833 1525
10083 1525 221 833 1525
10046 1524 217 833 1525
655 85 243 833 1525
10086 1526 211 833 1525
10100 1517 230 834 1526
10083 1526 222 834 1526
10046 1525 215 834 1526
655 86 240 834 1526
10100 1518 231 835 1527
10083 1527 221 835 1527
10046 1526 216 835 1527
655 87 248 835 1527
10086 1528 210 835 1527
10100 1519 239 836 1528
10083 1528 218 836 1528
10046 1527 218 836 1528
10100 1520 236 837 1529
10083 1529 221 837 1529
10046 1528 211 837 1529
655 89 227 837 1529
10086 1530 211 837 1529
10100 1521 237 838 1530
10083 1530 217 838 1530
10046 1529 218 838 1530
655 90 235 838 1530
10086 1531 211 838 1530
10100 1522 237 839 1531
10083 1531 225 839 1531
10046 1530 219 839 1531
655 91 239 839 1531
10100 1523 236 840 1532
10083 1532 223 840 1532
10046 1531 220 840 1532
655 92 234 840 1532
10100 1524 219 841 1533
655 93 221 841 1533
10163 1536 213 841 1533
10033 1532 218 841 1533
655 94 221 842 1534
10086 1535 211 842 1534
10091 1533 210 842 1534
10100 1526 239 843 1535
10083 1535 216 843 1535
10046 1534 210 843 1535
655 95 221 843 1535
10100 1527 229 844 1536
10083 1536 213 844 1536
10046 1535 211 844 1536
655 96 225 844 1536
10100 1528 229 845 1537
10083 1537 212 845 1537
655 97 235 845 1537
10100 1529 224 846 1538
10083 1538 215 846 1538
10046 1537 210 846 1538
655 98 225 846 1538
10100 1530 225 847 1539
10083 1539 221 847 1539
10046 1538 210 847 1539
10100 1531 231 848 1540
10083 1540 215 848 1540
10046 1539 210 848 1540
10100 1532 231 849 1541
10083 1541 215 849 1541
10100 1533 230 850 1542
10083 1542 213 850 1542
10100 1534 230 851 1543
10083 1543 218 851 1543
10046 1542 211 851 1543
10100 1535 224 852 1544
10083 1544 212 852 1544
10046 1543 211 852 1544
10100 1536 231 853 1545
10083 1545 213 853 1545
10046 1544 213 853 1545
10100 1537 233 854 1546
10083 1546 211 854 1546
10100 1538 232 855 1547
10083 1547 219 855 1547
10100 1539 231 856 1548
10083 1548 221 856 1548
10100 1540 231 857 1549
10083 1549 221 857 1549
10100 1541 231 858 1550
10083 1550 221 858 1550
10100 1542 227 859 1551
10083 1551 218 859 1551
10046 1550 211 859 1551
10100 1543 231 860 1552
10083 1552 219 860 1552
10100 1544 231 861 1553
10083 1553 220 861 1553
10100 1545 231 862 1554
10083 1554 219 862 1554
10100 1546 231 863 1555
10083 1555 219 863 1555
10100 1547 231 864 1556
10083 1556 219 864 1556
10100 1548 229 865 1557
10083 1557 219 865 1557
10100 1549 230 866 1558
10083 1558 221 866 1558
10100 1550 229 867 1559
10083 1559 219 867 1559
10100 1551 229 868 1560
10083 1560 219 868 1560
10100 1552 229 869 1561
10083 1561 219 869 1561
10100 1553 229 870 1562
10083 1562 220 870 1562
10100 1554 228 871 1563
10083 1563 219 871 1563
10046 1562 209 871 1563
10100 1555 231 872 1564
10083 1564 220 872 1564
10100 1556 233 873 1565
10083 1565 217 873 1565
10100 1557 226 874 1566
10083 1566 219 874 1566
10100 1558 226 875 1567
10083 1567 219 875 1567
10100 1559 226 876 1568
10083 1568 219 876 1568
10100 1560 229 877 1569
10083 1569 219 877 1569
10100 1561 229 878 1570
10083 1570 219 878 1570
10100 1562 229 879 1571
10083 1571 219 879 1571
10100 1563 229 880 1572
10083 1572 215 880 1572
10100 1564 229 881 1573
10083 1573 219 881 1573
10100 1565 230 882 1574
10083 1574 220 882 1574
10100 1566 230 883 1575
10083 1575 219 883 1575
10100 1567 229 884 1576
10083 1576 219 884 1576
10046 1575 211 884 1576
10100 1568 229 885 1577
10083 1577 219 885 1577
10100 1569 229 886 1578
10083 1578 219 886 1578
10100 1570 230 887 1579
10046 1578 212 887 1579
10100 1571 228 888 1580
10083 1580 209 888 1580
10046 1579 211 888 1580
10100 1572 229 889 1581
10083 1581 209 889 1581
10046 1580 212 889 1581
10100 1573 229 890 1582
10100 1574 221 891 1583
10083 1583 215 891 1583
10100 1575 222 892 1584
10083 1584 216 892 1584
10100 1576 223 893 1585
10083 1585 212 893 1585
10100 1577 216 894 1586
10083 1586 210 894 1586
10100 1578 219 895 1587
10083 1587 211 895 1587
10100 1579 219 896 1588
10083 1588 210 896 1588
10100 1580 218 897 1589
10083 1589 211 897 1589
10100 1581 218 898 1590
10083 1590 210 898 1590
10100 1582 216 899 1591
10083 1591 211 899 1591
10046 1590 210 899 1591
10100 1583 226 900 1592
10083 1592 211 900 1592
10046 1591 210 900 1592
10100 1584 225 901 1593
10083 1593 212 901 1593
10046 1592 210 901 1593
10091 1592 210 901 1593
10100 1585 230 902 1594
10083 1594 210 902 1594
10046 1593 213 902 1594
10100 1586 230 903 1595
10046 1594 215 903 1595
10100 1587 234 904 1596
10046 1595 214 904 1596
10100 1588 230 905 1597
10083 1597 212 905 1597
10046 1596 213 905 1597
10100 1589 213 906 1598
10083 1598 213 906 1598
10100 1590 221 907 1599
10100 1591 231 908 1600
10046 1599 215 908 1600
10091 1599 211 908 1600
10100 1592 227 909 1601
10083 1601 219 909 1601
10046 1600 210 909 1601
10091 1600 210 909 1601
10100 1593 233 910 1602
10083 1602 219 910 1602
10046 1601 213 910 1602
10091 1601 210 910 1602
10100 1594 233 911 1603
10083 1603 220 911 1603
10046 1602 214 911 1603
10100 1595 229 912 1604
10083 1604 216 912 1604
10046 1603 218 912 1604
10100 1596 229 913 1605
10046 1604 214 913 1605
10100 1597 229 914 1606
10046 1605 212 914 1606
10100 1598 226 915 1607
10046 1606 210 915 1607
10100 1599 225 916 1608
10083 1608 211 916 1608
10046 1607 211 916 1608
10100 1600 224 917 1609
10100 1601 228 918 1610
10083 1610 215 918 1610
10046 1609 211 918 1610
10100 1602 230 919 1611
10083 1611 215 919 1611
10046 1610 210 919 1611
10100 1603 229 920 1612
10083 1612 212 920 1612
10091 1611 211 921 1613
10100 1604 227 921 1613
10083 1613 216 921 1613
10100 1605 231 922 1614
10083 1614 211 922 1614
10100 1606 233 923 1615
10083 1615 212 923 1615
10100 1607 232 924 1616
10083 1616 215 924 1616
10046 1615 214 924 1616
10100 1608 233 925 1617
10083 1617 211 925 1617
10046 1616 213 925 1617
10100 1609 231 926 1618
10083 1618 213 926 1618
10046 1617 212 926 1618
10100 1610 230 927 1619
10083 1619 212 927 1619
10046 1618 212 927 1619
10100 1611 231 928 1620
10046 1619 212 928 1620
10100 1612 231 929 1621
10046 1620 210 929 1621
10100 1613 233 930 1622
10083 1622 213 930 1622
10046 1621 211 930 1622
10100 1614 231 931 1623
10083 1623 217 931 1623
10100 1615 230 932 1624
10083 1624 210 932 1624
10100 1616 229 933 1625
10100 1617 228 934 1626
10083 1626 212 934 1626
10100 1618 228 935 1627
10083 1627 210 935 1627
10100 1619 227 936 1628
10100 1620 227 937 1629
10083 1629 211 937 1629
10100 1621 227 938 1630
10046 1629 210 938 1630
10100 1622 235 939 1631
10100 1623 230 940 1632
10086 1633 212 940 1632
10091 1631 210 940 1632
10067 1629 212 941 1633
10033 1632 217 941 1633
10046 1633 216 942 1634
10091 1633 217 942 1634
10100 1626 220 943 1635
10083 1635 213 943 1635
10100 1627 220 944 1636
10083 1636 212 944 1636
10091 1635 211 944 1636
10046 1636 210 945 1637
449 697 224 945 1637
10086 1638 221 945 1637
10071 1640 212 946 1638
10080 1642 216 946 1638
10080 1643 240 947 1639
10033 1638 212 947 1639
10083 1640 222 948 1640
10046 1639 221 948 1640
683 71 223 948 1640
10091 1639 212 948 1640
10100 1632 221 949 1641
10100 1633 215 950 1642
10100 1634 215 951 1643
10100 1635 212 952 1644
10100 1636 225 953 1645
10083 1645 213 953 1645
10100 1637 224 954 1646
10083 1646 214 954 1646
10100 1638 227 955 1647
10046 1646 218 955 1647
10067 1644 214 956 1648
10033 1647 214 956 1648
10100 1640 233 957 1649
10083 1649 219 957 1649
10046 1648 215 957 1649
10091 1648 211 957 1649
10100 1641 228 958 1650
10083 1650 215 958 1650
10100 1642 233 959 1651
10083 1651 216 959 1651
10046 1650 211 959 1651
10100 1643 225 960 1652
10083 1652 211 960 1652
10046 1651 211 960 1652
10100 1644 229 961 1653
10083 1653 214 961 1653
10046 1652 210 961 1653
10100 1645 226 962 1654
10083 1654 211 962 1654
10100 1646 225 963 1655
10100 1647 228 964 1656
10083 1656 213 964 1656
10046 1655 214 964 1656
10100 1648 227 965 1657
10083 1657 215 965 1657
10046 1656 215 965 1657
10100 1649 235 966 1658
10046 1657 216 966 1658
10100 1650 235 967 1659
10083 1659 213 967 1659
10046 1658 216 967 1659
10100 1651 223 968 1660
10083 1660 211 968 1660
10086 1661 210 968 1660
10100 1652 233 969 1661
10083 1661 215 969 1661
10046 1660 213 969 1661
10100 1653 233 970 1662
10083 1662 213 970 1662
10046 1661 213 970 1662
10100 1654 229 971 1663
10046 1662 210 971 1663
10100 1655 229 972 1664
10083 1664 212 972 1664
10046 1663 210 972 1664
10100 1656 229 973 1665
10083 1665 209 973 1665
10046 1664 209 973 1665
10100 1657 230 974 1666
10083 1666 213 974 1666
10046 1665 219 974 1666
10100 1658 223 975 1667
10046 1666 211 975 1667
609 406 221 976 1668
10100 1659 229 976 1668
10046 1667 213 976 1668
10100 1660 227 977 1669
10083 1669 217 977 1669
10046 1668 213 977 1669
10100 1661 221 978 1670
10083 1670 213 978 1670
10100 1662 228 979 1671
10100 1663 231 980 1672
10083 1672 213 980 1672
10046 1671 211 980 1672
10100 1664 231 981 1673
10083 1673 213 981 1673
10046 1672 213 981 1673
10100 1665 230 982 1674
10083 1674 217 982 1674
10046 1673 212 982 1674
10100 1666 236 983 1675
10083 1675 215 983 1675
10046 1674 216 983 1675
10100 1667 235 984 1676
10083 1676 214 984 1676
10100 1668 214 985 1677
10083 1677 216 985 1677
10071 1679 211 985 1677
10046 1676 213 985 1677
10080 1681 214 985 1677
10071 1680 210 986 1678
10064 1678 215 986 1678
10064 1680 213 988 1680
10080 1685 212 989 1681
10064 1681 213 989 1681
10071 1684 211 990 1682
10080 1686 209 990 1682
10064 1682 210 990 1682
10071 1685 212 991 1683
10080 1687 211 991 1683
10064 1683 215 991 1683
10080 1688 212 992 1684
10064 1684 211 992 1684
10080 1689 210 993 1685
10064 1685 217 993 1685
10080 1690 218 994 1686
10064 1686 214 994 1686
10071 1690 213 996 1688
10080 1693 214 997 1689
10080 1694 221 998 1690
10080 1695 221 999 1691
10080 1696 220 1000 1692
10080 1697 232 1001 1693
10083 1694 219 1002 1694
10046 1693 210 1002 1694
10100 1686 231 1003 1695
10083 1695 212 1003 1695
10091 1694 211 1003 1695
10100 1687 226 1004 1696
10083 1696 212 1004 1696
10046 1695 213 1004 1696
10100 1688 235 1005 1697
10083 1697 218 1005 1697
10046 1696 212 1005 1697
10100 1689 229 1006 1698
10100 1690 225 1007 1699
10083 1699 211 1007 1699
10100 1691 231 1008 1700
10083 1700 211 1008 1700
10046 1699 210 1008 1700
10100 1692 229 1009 1701
10100 1693 229 1010 1702
10083 1702 215 1010 1702
10100 1694 218 1011 1703
10083 1703 212 1011 1703
10100 1695 231 1012 1704
10083 1704 214 1012 1704
10100 1696 222 1013 1705
10083 1705 215 1013 1705
10046 1704 212 1013 1705
10100 1697 223 1014 1706
10083 1706 215 1014 1706
10046 1705 211 1014 1706
10100 1698 228 1015 1707
10083 1707 212 1015 1707
10100 1699 234 1016 1708
10083 1708 217 1016 1708
10046 1707 212 1016 1708
10100 1700 234 1017 1709
10083 1709 216 1017 1709
10046 1708 210 1017 1709
10100 1701 234 1018 1710
10083 1710 213 1018 1710
10046 1709 215 1018 1710
10100 1702 229 1019 1711
10083 1711 212 1019 1711
10100 1703 229 1020 1712
10083 1712 214 1020 1712
10100 1704 233 1021 1713
10083 1713 215 1021 1713
10100 1705 233 1022 1714
10083 1714 214 1022 1714
10100 1706 233 1023 1715
10083 1715 212 1023 1715
10100 1707 234 1024 1716
10083 1716 213 1024 1716
10100 1708 234 1025 1717
10083 1717 215 1025 1717
10100 1709 233 1026 1718
10083 1718 215 1026 1718
10100 1710 233 1027 1719
10083 1719 216 1027 1719
10100 1711 234 1028 1720
10083 1720 215 1028 1720
10046 1719 209 1028 1720
10100 1712 227 1029 1721
10083 1721 210 1029 1721
10046 1720 211 1029 1721
10100 1713 227 1030 1722
10100 1714 227 1031 1723
10100 1715 227 1032 1724
10100 1716 225 1033 1725
10100 1717 225 1034 1726
10033 1725 210 1034 1726
10091 1725 211 1034 1726
10100 1718 225 1035 1727
10083 1727 211 1035 1727
10046 1726 212 1035 1727
10100 1719 214 1036 1728
10046 1727 211 1036 1728
10100 1720 212 1037 1729
10046 1728 211 1037 1729
10100 1721 212 1038 1730
10046 1729 211 1038 1730
10100 1722 213 1039 1731
10046 1730 211 1039 1731
10100 1723 213 1040 1732
10046 1731 210 1040 1732
10100 1724 227 1041 1733
10083 1733 211 1041 1733
10100 1725 223 1042 1734
10100 1732 228 1049 1741
10083 1741 215 1049 1741
10046 1740 213 1049 1741
10100 1733 228 1050 1742
10083 1742 217 1050 1742
10100 1734 225 1051 1743
10046 1742 213 1051 1743
10100 1735 227 1052 1744
10046 1743 213 1052 1744
10100 1736 227 1053 1745
10046 1744 212 1053 1745
609 484 238 1054 1746
10100 1737 231 1054 1746
10046 1745 215 1054 1746
10100 1738 234 1055 1747
10046 1746 216 1055 1747
10100 1739 225 1056 1748
10083 1748 211 1056 1748
10100 1740 226 1057 1749
10046 1748 211 1057 1749
10086 1750 211 1058 1750
10091 1748 210 1058 1750
10100 1741 224 1058 1750
10083 1750 210 1058 1750
10100 1742 213 1059 1751
10083 1751 215 1059 1751
10046 1750 214 1059 1751
10100 1743 231 1060 1752
10083 1752 215 1060 1752
10100 1744 231 1061 1753
10083 1753 216 1061 1753
10046 1752 216 1061 1753
10100 1745 232 1062 1754
10083 1754 212 1062 1754
10046 1753 216 1062 1754
10100 1746 233 1063 1755
10083 1755 211 1063 1755
10046 1754 216 1063 1755
10100 1747 233 1064 1756
10083 1756 218 1064 1756
10046 1755 213 1064 1756
10100 1748 224 1065 1757
10083 1757 219 1065 1757
10046 1756 220 1065 1757
10086 1758 212 1066 1758
10033 1756 210 1066 1758
10100 1749 216 1066 1758
10046 1757 219 1066 1758
10033 1757 211 1067 1759
10091 1757 210 1067 1759
10100 1750 229 1067 1759
10083 1759 218 1067 1759
10086 1760 216 1068 1760
10033 1758 216 1068 1760
10083 1760 218 1068 1760
10046 1759 227 1068 1760
10080 1764 219 1069 1761
10071 1763 209 1069 1761
10080 1765 229 1070 1762
10080 1766 219 1071 1763
10033 1761 212 1071 1763
10100 1754 210 1071 1763
10083 1763 211 1071 1763
10164 1558 210 1072 1764
10062 1762 218 1073 1765
10101 1758 211 1073 1765
10061 1769 213 1073 1765
10068 1770 210 1073 1765
10050 1769 212 1074 1766
10065 1768 214 1074 1766
277 265 222 1074 1766
10141 1758 209 1074 1766
10088 1761 209 1074 1766
10134 1760 217 1076 1768
10134 1800 217 1116 1808
10134 1801 212 1117 1809
10050 1812 219 1117 1809
10065 1811 218 1117 1809
279 477 225 1117 1809
10141 1801 218 1117 1809
