10031 1878 224 0 1875
138 96 221 0 1875
636 571 252 0 1875
503 1176 223 0 1875
10031 1879 230 1 1876
10004 1873 207 1 1876
10031 1880 226 2 1877
10154 1871 217 2 1877
10130 1869 211 2 1877
10156 1872 221 3 1878
10129 1875 208 3 1878
65 110 233 3 1878
10154 1872 219 3 1878
10130 1870 223 3 1878
10036 1872 209 4 1879
10115 1874 212 4 1879
10129 1876 215 4 1879
476 644 231 4 1879
175 1132 221 4 1879
10154 1873 230 4 1879
10130 1871 223 4 1879
10107 1289 210 5 1880
10036 1873 216 5 1880
10014 1872 214 5 1880
10111 1870 233 5 1880
10016 1872 210 5 1880
10154 1874 208 5 1880
10156 1875 207 6 1881
10107 1290 209 6 1881
10036 1874 234 6 1881
10014 1873 235 6 1881
10115 1876 221 6 1881
10111 1871 211 6 1881
10016 1873 209 6 1881
10107 1291 213 7 1882
10036 1875 210 7 1882
10115 1877 212 7 1882
10111 1872 213 7 1882
175 1135 234 7 1882
10154 1876 210 7 1882
10130 1874 217 7 1882
10107 1292 208 8 1883
10036 1876 208 8 1883
10115 1878 223 8 1883
10129 1880 207 8 1883
10111 1873 209 8 1883
175 1136 225 8 1883
10130 1875 225 8 1883
10107 1293 226 9 1884
10036 1877 222 9 1884
10014 1876 213 9 1884
769 191 221 9 1884
10115 1879 221 9 1884
10154 1878 208 9 1884
503 1186 223 10 1885
545 12 227 11 1886
10031 1889 237 11 1886
17 909 221 11 1886
10031 1890 221 12 1887
17 910 229 12 1887
10031 1891 219 13 1888
17 911 223 13 1888
17 912 233 14 1889
636 585 235 14 1889
545 16 227 15 1890
10031 1893 210 15 1890
17 913 225 15 1890
636 586 222 15 1890
545 17 231 16 1891
10004 1887 212 16 1891
10031 1894 220 16 1891
17 914 226 16 1891
636 587 236 16 1891
545 18 222 17 1892
10004 1888 208 17 1892
10031 1895 222 17 1892
17 915 237 17 1892
636 588 241 17 1892
545 19 225 18 1893
10031 1896 223 18 1893
10031 1897 220 19 1894
138 115 223 19 1894
503 1195 223 19 1894
10004 1891 214 20 1895
10031 1898 235 20 1895
138 116 221 20 1895
10031 1899 223 21 1896
138 117 221 21 1896
10031 1900 233 22 1897
503 1198 221 23 1898
545 24 227 23 1898
10031 1901 231 23 1898
138 119 222 23 1898
545 25 223 24 1899
10031 1902 225 24 1899
138 120 221 24 1899
10031 1903 225 25 1900
10031 1904 218 26 1901
503 1202 223 27 1902
10031 1906 225 28 1903
10031 1907 227 29 1904
503 1205 222 30 1905
10031 1908 227 30 1905
10004 1902 208 31 1906
10031 1909 229 31 1906
477 45 221 31 1906
503 1207 231 32 1907
10004 1903 210 32 1907
10031 1910 229 32 1907
10085 1908 208 32 1907
503 1208 229 33 1908
10031 1912 228 34 1909
10085 1910 212 34 1909
10031 1913 221 35 1910
10031 1914 219 36 1911
10031 1915 222 37 1912
10031 1917 217 39 1914
503 1215 229 40 1915
10031 1918 229 40 1915
10085 1916 209 40 1915
10031 1919 226 41 1916
503 1217 236 42 1917
10031 1920 227 42 1917
503 1218 231 43 1918
10031 1921 235 43 1918
503 1219 235 44 1919
10031 1922 228 44 1919
503 1220 239 45 1920
10031 1923 225 45 1920
503 1221 237 46 1921
10031 1924 217 46 1921
503 1222 232 47 1922
10031 1925 211 47 1922
503 1223 241 48 1923
10031 1926 225 48 1923
10085 1924 209 48 1923
503 1224 239 49 1924
10031 1927 225 49 1924
503 1225 221 50 1925
10031 1928 223 50 1925
10031 1929 223 51 1926
503 1227 225 52 1927
10031 1930 223 52 1927
503 1228 227 53 1928
10031 1931 221 53 1928
632 160 223 53 1928
636 624 225 53 1928
503 1229 235 54 1929
10031 1932 221 54 1929
632 161 225 54 1929
636 625 227 54 1929
503 1230 231 55 1930
10031 1933 223 55 1930
10031 1934 223 56 1931
10031 1935 219 57 1932
636 628 235 57 1932
10031 1936 222 58 1933
10031 1937 223 59 1934
636 630 221 59 1934
10004 1931 208 60 1935
10031 1938 221 60 1935
636 631 241 60 1935
503 1236 236 61 1936
10031 1939 221 61 1936
10085 1937 208 61 1936
48 1229 221 62 1937
10031 1941 209 63 1938
48 1230 221 63 1938
10004 1935 217 63 1938
10031 1942 226 64 1939
503 1240 225 64 1939
10031 1943 214 65 1940
48 1232 242 65 1940
10004 1937 214 65 1940
10031 1944 221 66 1941
477 80 221 66 1941
10173 1937 207 66 1941
10031 1945 214 67 1942
477 81 227 67 1942
10031 1946 219 68 1943
10031 1947 207 69 1944
10031 1948 222 70 1945
10085 1946 211 70 1945
10031 1949 222 71 1946
10031 1950 219 72 1947
48 1239 233 72 1947
10031 1951 213 73 1948
10085 1949 209 73 1948
10093 1950 207 73 1948
503 1249 233 73 1948
10004 1945 210 73 1948
10031 1952 233 74 1949
48 1241 223 74 1949
503 1250 222 74 1949
10031 1953 227 75 1950
48 1242 234 75 1950
503 1251 221 75 1950
10031 1954 210 76 1951
48 1243 232 76 1951
10004 1948 207 76 1951
10031 1955 225 77 1952
48 1244 228 77 1952
10031 1956 222 78 1953
48 1245 240 78 1953
10031 1957 222 79 1954
48 1246 239 79 1954
10031 1958 222 80 1955
48 1247 239 80 1955
10031 1959 223 81 1956
48 1248 240 81 1956
10031 1960 230 82 1957
48 1249 238 82 1957
10031 1961 219 83 1958
10031 1962 227 84 1959
10031 1963 217 85 1960
48 1252 225 85 1960
10031 1964 220 86 1961
48 1253 231 86 1961
10031 1965 221 87 1962
48 1254 229 87 1962
10031 1966 223 88 1963
48 1255 232 88 1963
10031 1967 227 89 1964
48 1256 235 89 1964
750 335 223 89 1964
10031 1968 226 90 1965
48 1257 234 90 1965
10031 1969 226 91 1966
48 1258 235 91 1966
10031 1970 227 92 1967
48 1259 233 92 1967
750 338 233 92 1967
10031 1971 221 93 1968
48 1260 233 93 1968
10031 1972 218 94 1969
48 1261 231 94 1969
10031 1973 221 95 1970
10031 1974 217 96 1971
10031 1975 221 97 1972
48 1264 224 97 1972
10031 1976 226 98 1973
48 1265 224 98 1973
10031 1977 224 99 1974
48 1266 227 99 1974
10031 1978 215 100 1975
48 1267 222 100 1975
10093 1977 208 100 1975
10031 1979 228 101 1976
48 1268 235 101 1976
10031 1980 217 102 1977
48 1269 237 102 1977
10031 1981 224 103 1978
10031 1982 217 104 1979
10085 1980 208 104 1979
48 1271 225 104 1979
10031 1983 212 105 1980
48 1272 222 105 1980
10031 1984 229 106 1981
48 1273 225 106 1981
750 352 222 106 1981
10031 1985 224 107 1982
48 1274 223 107 1982
750 353 223 107 1982
10031 1986 223 108 1983
48 1275 234 108 1983
750 354 231 108 1983
10031 1987 225 109 1984
48 1276 222 109 1984
10031 1988 211 110 1985
10031 1989 216 111 1986
10004 1983 211 112 1987
503 1287 227 112 1987
10031 1990 224 112 1987
503 1288 224 113 1988
10031 1991 223 113 1988
10004 1985 209 114 1989
48 1281 225 114 1989
10004 1986 210 115 1990
10031 1993 222 115 1990
10031 1994 228 116 1991
10031 1995 223 117 1992
10055 1992 210 117 1992
10077 1983 208 117 1992
10004 1989 212 118 1993
10031 1996 237 118 1993
10004 1990 208 118 1993
10031 1997 247 119 1994
10031 1998 219 120 1995
10085 1996 208 120 1995
503 1296 224 121 1996
10031 1999 237 121 1996
10031 2000 221 122 1997
10085 1998 209 122 1997
10031 2001 218 123 1998
10085 1999 209 123 1998
10031 2002 221 124 1999
48 1291 226 124 1999
10031 2003 229 125 2000
10093 2002 208 125 2000
10004 1997 210 125 2000
10031 2004 236 126 2001
10004 1998 208 126 2001
10031 2005 237 127 2002
10031 2006 225 128 2003
636 699 227 128 2003
10031 2007 226 129 2004
503 1305 225 130 2005
10031 2008 225 130 2005
636 701 222 130 2005
10031 2009 235 131 2006
48 1298 229 131 2006
503 1307 231 131 2006
10031 2010 241 132 2007
48 1299 223 132 2007
10031 2011 225 133 2008
503 1309 228 133 2008
10031 2012 233 134 2009
503 1310 222 134 2009
10031 2013 239 134 2009
10031 2014 239 135 2010
503 1312 230 136 2011
10031 2015 235 136 2011
10031 2016 234 137 2012
503 1314 237 138 2013
10031 2017 225 139 2014
10031 2018 231 140 2015
503 1315 238 140 2015
48 1307 224 140 2015
10031 2019 239 141 2016
503 1316 228 141 2016
48 1308 223 141 2016
10031 2020 237 142 2017
503 1317 235 142 2017
48 1309 225 142 2017
636 713 223 142 2017
10031 2021 233 143 2018
503 1318 224 143 2018
48 1310 231 143 2018
636 714 226 143 2018
10031 2022 221 144 2019
503 1319 227 144 2019
10031 2023 227 145 2020
503 1320 229 145 2020
10031 2024 224 146 2021
503 1321 225 146 2021
636 717 223 146 2021
10031 2025 236 147 2022
503 1322 229 147 2022
10031 2026 234 148 2023
503 1323 221 148 2023
10031 2027 220 148 2023
503 1324 223 149 2024
636 720 222 149 2024
758 47 222 149 2024
695 9 223 149 2024
10031 2028 213 150 2025
577 1 222 150 2025
10085 2026 211 150 2025
481 126 221 150 2025
10154 2019 208 150 2025
10130 2017 208 150 2025
10156 2020 211 151 2026
10129 2023 207 151 2026
413 748 242 151 2026
179 653 231 152 2027
89 1338 225 152 2027
538 1319 254 152 2027
107 120 225 152 2027
666 76 224 152 2027
10143 2022 215 153 2028
364 1335 225 154 2029
10120 2026 215 155 2030
10029 2022 221 155 2030
364 1337 234 156 2031
481 3 226 156 2031
10135 2024 207 156 2031
10120 2027 211 156 2031
10147 2020 221 156 2031
90 43 238 156 2031
10029 2023 240 156 2031
