720 735 223 0 1462
580 279 223 0 1462
156 185 226 0 1462
10045 1464 216 0 1462
10049 1464 216 0 1462
388 771 221 0 1462
10021 1461 211 0 1462
10082 1461 211 0 1462
269 183 221 0 1462
10041 1461 213 0 1462
156 186 224 1 1463
543 62 221 1 1463
10045 1465 226 1 1463
10049 1465 231 1 1463
388 772 225 1 1463
10021 1462 212 1 1463
487 206 229 1 1463
10072 1466 207 1 1463
10082 1462 209 1 1463
269 184 231 1 1463
10041 1462 211 1 1463
10019 1465 206 1 1463
156 187 226 2 1464
703 755 221 2 1464
10045 1466 225 2 1464
10049 1466 225 2 1464
388 773 223 2 1464
329 705 227 2 1464
10082 1463 223 2 1464
10028 1465 208 2 1464
10041 1463 217 2 1464
10019 1466 213 2 1464
580 282 223 3 1465
543 64 221 3 1465
10045 1467 215 3 1465
10049 1467 225 3 1465
269 186 221 3 1465
580 283 221 4 1466
156 189 221 4 1466
10045 1468 212 4 1466
543 65 233 4 1466
388 775 221 4 1466
10049 1468 233 4 1466
10021 1465 215 4 1466
487 209 228 4 1466
269 187 226 4 1466
10045 1469 219 5 1467
10049 1469 227 5 1467
543 66 221 5 1467
10021 1466 213 5 1467
329 708 221 5 1467
487 210 228 5 1467
10041 1466 215 5 1467
10019 1469 208 5 1467
580 285 223 6 1468
10045 1470 211 6 1468
10049 1470 235 6 1468
543 67 223 6 1468
10021 1467 213 6 1468
487 211 224 6 1468
764 709 225 6 1468
10082 1467 219 6 1468
10041 1467 216 6 1468
144 416 223 7 1469
10045 1471 216 7 1469
10049 1471 226 7 1469
10021 1468 215 7 1469
487 212 229 7 1469
764 710 221 7 1469
10072 1472 209 7 1469
10022 1472 209 7 1469
269 190 221 7 1469
10041 1468 211 7 1469
10019 1471 210 7 1469
208 780 225 8 1470
580 287 222 8 1470
10045 1472 212 8 1470
10049 1472 211 8 1470
388 779 221 8 1470
10021 1469 214 8 1470
487 213 233 8 1470
10082 1469 212 8 1470
10019 1472 211 8 1470
388 780 221 9 1471
10045 1473 212 9 1471
10049 1473 217 9 1471
543 70 223 9 1471
10021 1470 209 9 1471
329 712 221 9 1471
10082 1470 216 9 1471
10028 1472 207 9 1471
10041 1470 211 9 1471
703 763 221 10 1472
580 289 225 10 1472
10045 1474 213 10 1472
388 781 224 10 1472
10049 1474 230 10 1472
543 71 222 10 1472
10021 1471 211 10 1472
329 713 225 10 1472
10066 1474 207 10 1472
10082 1471 207 10 1472
703 764 222 11 1473
10045 1475 226 11 1473
388 782 224 11 1473
10021 1472 212 11 1473
329 714 225 11 1473
764 714 225 11 1473
487 216 223 11 1473
10151 1473 207 11 1473
10082 1472 214 11 1473
442 777 222 11 1473
10041 1472 217 11 1473
10019 1475 215 11 1473
580 291 229 12 1474
10045 1476 216 12 1474
10049 1476 226 12 1474
10021 1473 213 12 1474
487 217 223 12 1474
10082 1473 218 12 1474
10028 1475 209 12 1474
269 195 227 12 1474
10041 1473 216 12 1474
10019 1476 210 12 1474
10045 1477 215 13 1475
10049 1477 223 13 1475
388 784 229 13 1475
543 74 233 13 1475
10021 1474 209 13 1475
329 716 223 13 1475
10072 1478 210 13 1475
10082 1474 211 13 1475
10019 1477 213 13 1475
580 293 230 14 1476
10045 1478 226 14 1476
10049 1478 231 14 1476
388 785 221 14 1476
543 75 222 14 1476
329 717 222 14 1476
226 240 225 14 1476
10082 1475 214 14 1476
10028 1477 212 14 1476
269 197 223 14 1476
442 780 223 14 1476
580 294 223 15 1477
10049 1479 223 15 1477
543 76 235 15 1477
329 718 225 15 1477
10066 1479 208 15 1477
487 220 227 15 1477
10072 1480 210 15 1477
10082 1476 210 15 1477
10041 1476 207 15 1477
10019 1479 213 16 1478
156 201 223 16 1478
10045 1480 222 16 1478
10049 1480 221 16 1478
543 77 229 16 1478
10021 1477 209 16 1478
329 719 223 16 1478
10066 1480 210 16 1478
10072 1481 214 16 1478
10082 1477 213 16 1478
10028 1479 211 16 1478
10041 1477 210 16 1478
10019 1480 209 17 1479
10045 1481 217 17 1479
10049 1481 221 17 1479
10021 1478 211 17 1479
487 222 225 17 1479
10072 1482 208 17 1479
10082 1478 214 17 1479
10028 1480 208 17 1479
10045 1482 214 18 1480
388 789 221 18 1480
10049 1482 220 18 1480
543 79 224 18 1480
10021 1479 211 18 1480
487 223 226 18 1480
10082 1479 221 18 1480
10028 1481 212 18 1480
269 201 224 18 1480
10041 1479 210 18 1480
156 204 233 19 1481
580 298 238 19 1481
10045 1483 214 19 1481
10049 1483 217 19 1481
543 80 240 19 1481
10021 1480 211 19 1481
487 224 242 19 1481
10082 1480 211 19 1481
269 202 227 19 1481
156 205 235 20 1482
388 791 221 20 1482
10045 1484 219 20 1482
10049 1484 229 20 1482
543 81 221 20 1482
10021 1481 208 20 1482
329 723 231 20 1482
764 723 229 20 1482
487 225 237 20 1482
10082 1481 214 20 1482
10028 1483 207 20 1482
10041 1481 208 20 1482
269 203 226 20 1482
156 206 231 21 1483
10045 1485 217 21 1483
10049 1485 225 21 1483
10021 1482 221 21 1483
329 724 229 21 1483
10066 1485 209 21 1483
487 226 241 21 1483
10072 1486 207 21 1483
10082 1482 214 21 1483
10041 1482 211 21 1483
269 204 225 21 1483
208 794 221 22 1484
156 207 230 22 1484
580 301 221 22 1484
10045 1486 220 22 1484
10049 1486 231 22 1484
543 83 223 22 1484
10021 1483 213 22 1484
329 725 222 22 1484
743 705 222 22 1484
487 227 237 22 1484
442 788 221 22 1484
10041 1483 209 22 1484
269 205 223 22 1484
156 208 233 23 1485
388 794 227 23 1485
10045 1487 217 23 1485
10049 1487 233 23 1485
543 84 235 23 1485
10021 1484 219 23 1485
329 726 221 23 1485
487 228 221 23 1485
10082 1484 218 23 1485
10022 1488 208 23 1485
442 789 221 23 1485
10041 1484 218 23 1485
10019 1487 213 24 1486
388 795 222 24 1486
10045 1488 223 24 1486
10049 1488 233 24 1486
543 85 231 24 1486
10021 1485 210 24 1486
329 727 225 24 1486
487 229 237 24 1486
10082 1485 220 24 1486
10028 1487 209 24 1486
10041 1485 208 24 1486
10019 1488 211 25 1487
156 210 233 25 1487
580 304 230 25 1487
10045 1489 217 25 1487
10049 1489 236 25 1487
543 86 221 25 1487
10021 1486 217 25 1487
487 230 227 25 1487
226 251 221 25 1487
10082 1486 221 25 1487
269 208 221 25 1487
156 211 234 26 1488
580 305 227 26 1488
388 797 223 26 1488
10045 1490 213 26 1488
116 802 221 26 1488
10049 1490 231 26 1488
543 87 239 26 1488
10021 1487 212 26 1488
487 231 246 26 1488
764 729 223 26 1488
10082 1487 217 26 1488
10041 1487 212 26 1488
156 212 235 27 1489
580 306 223 27 1489
10045 1491 208 27 1489
388 798 221 27 1489
10049 1491 241 27 1489
10021 1488 213 27 1489
487 232 248 27 1489
226 253 223 27 1489
10082 1488 213 27 1489
442 793 221 27 1489
10041 1488 215 27 1489
156 213 229 28 1490
703 781 221 28 1490
10045 1492 219 28 1490
10049 1492 212 28 1490
10021 1489 212 28 1490
487 233 243 28 1490
10082 1489 215 28 1490
10041 1489 221 28 1490
208 801 225 28 1490
10019 1492 209 29 1491
580 308 221 29 1491
388 800 223 29 1491
10049 1493 223 29 1491
10021 1490 212 29 1491
543 90 229 29 1491
487 234 227 29 1491
10082 1490 207 29 1491
10028 1492 209 29 1491
10041 1490 210 29 1491
156 215 227 30 1492
10049 1494 223 30 1492
543 91 221 30 1492
487 235 243 30 1492
10082 1491 217 30 1492
10022 1495 208 30 1492
442 796 221 30 1492
10041 1491 212 30 1492
10019 1494 210 30 1492
156 216 227 31 1493
580 310 225 31 1493
10045 1495 226 31 1493
10049 1495 218 31 1493
10021 1492 209 31 1493
329 734 225 31 1493
487 236 241 31 1493
764 734 225 31 1493
10072 1496 210 31 1493
226 257 223 31 1493
10082 1492 221 31 1493
10041 1492 209 31 1493
10019 1495 213 31 1493
156 217 229 32 1494
580 311 223 32 1494
10045 1496 213 32 1494
10049 1496 233 32 1494
543 93 226 32 1494
10021 1493 209 32 1494
487 237 240 32 1494
10082 1493 209 32 1494
208 805 221 32 1494
156 218 221 32 1494
10045 1497 223 33 1495
10049 1497 220 33 1495
543 94 222 33 1495
10021 1494 210 33 1495
487 238 242 33 1495
10082 1494 216 33 1495
442 799 226 33 1495
10041 1494 211 33 1495
10019 1497 208 33 1495
10045 1498 215 34 1496
10049 1498 226 34 1496
388 805 229 34 1496
543 95 238 34 1496
10021 1495 219 34 1496
487 239 242 34 1496
10082 1495 211 34 1496
10028 1497 210 34 1496
208 807 225 34 1496
10041 1495 215 34 1496
156 220 229 34 1496
703 788 223 35 1497
10045 1499 222 35 1497
10049 1499 231 35 1497
543 96 237 35 1497
10021 1496 215 35 1497
487 240 240 35 1497
10082 1496 215 35 1497
10028 1498 207 35 1497
10041 1496 221 35 1497
208 808 221 35 1497
156 221 233 35 1497
580 315 221 36 1498
116 812 221 36 1498
703 789 221 36 1498
10049 1500 239 36 1498
543 97 235 36 1498
10021 1497 212 36 1498
487 241 242 36 1498
10082 1497 221 36 1498
10028 1499 209 36 1498
269 219 224 36 1498
10041 1497 217 36 1498
208 809 221 36 1498
10019 1500 209 36 1498
10045 1501 215 37 1499
10049 1501 232 37 1499
10021 1498 215 37 1499
543 98 235 37 1499
487 242 221 37 1499
329 740 227 37 1499
10082 1498 213 37 1499
10028 1500 208 37 1499
10041 1498 221 37 1499
208 810 222 37 1499
10045 1502 219 38 1500
10049 1502 241 38 1500
660 795 222 38 1500
10021 1499 213 38 1500
543 99 231 38 1500
329 741 230 38 1500
10066 1502 208 38 1500
10082 1499 213 38 1500
10041 1499 208 38 1500
10019 1502 213 38 1500
10045 1503 209 39 1501
10049 1503 241 39 1501
10021 1500 208 39 1501
543 100 241 39 1501
487 244 223 39 1501
329 742 225 39 1501
764 742 221 39 1501
269 222 225 39 1501
10082 1500 215 39 1501
10028 1502 211 39 1501
10041 1500 209 39 1501
208 812 225 39 1501
10019 1503 208 39 1501
156 225 227 40 1502
580 319 227 40 1502
10045 1504 223 40 1502
10049 1504 239 40 1502
10021 1501 219 40 1502
543 101 239 40 1502
487 245 229 40 1502
329 743 221 40 1502
10072 1505 207 40 1502
10082 1501 209 40 1502
10028 1503 209 40 1502
10041 1501 217 40 1502
10019 1504 207 40 1502
10045 1505 212 41 1503
10049 1505 225 41 1503
388 812 224 41 1503
543 102 223 41 1503
487 246 229 41 1503
10041 1502 213 41 1503
156 227 225 42 1504
10045 1506 220 42 1504
10049 1506 231 42 1504
388 813 225 42 1504
543 103 235 42 1504
487 247 221 42 1504
10066 1506 211 42 1504
329 745 233 42 1504
10072 1507 212 42 1504
10082 1503 222 42 1504
10028 1505 210 42 1504
10041 1503 211 42 1504
208 815 221 42 1504
10019 1506 215 42 1504
156 228 227 43 1505
10045 1507 210 43 1505
10049 1507 217 43 1505
329 746 221 43 1505
487 248 221 43 1505
156 229 222 44 1506
10045 1508 210 44 1506
10049 1508 223 44 1506
543 105 226 44 1506
10019 1508 207 44 1506
10049 1509 218 45 1507
487 250 228 45 1507
156 231 222 46 1508
10049 1510 218 46 1508
10021 1507 207 46 1508
543 107 221 46 1508
487 251 221 46 1508
208 819 221 46 1508
10041 1507 212 46 1508
10019 1510 208 46 1508
156 232 226 47 1509
10045 1511 223 47 1509
10049 1511 237 47 1509
660 804 221 47 1509
10021 1508 213 47 1509
543 108 230 47 1509
487 252 223 47 1509
10082 1508 213 47 1509
10041 1508 210 47 1509
10049 1512 227 48 1510
10021 1509 209 48 1510
543 109 225 48 1510
487 253 235 48 1510
10082 1509 210 48 1510
10041 1509 209 48 1510
10045 1513 215 49 1511
10049 1513 229 49 1511
10021 1510 220 49 1511
487 254 230 49 1511
10082 1510 219 49 1511
442 815 223 49 1511
208 822 225 49 1511
10041 1510 216 49 1511
144 459 224 50 1512
10049 1514 235 50 1512
10021 1511 212 50 1512
388 821 228 50 1512
543 111 231 50 1512
10082 1511 213 50 1512
10045 1515 213 51 1513
10049 1515 225 51 1513
487 256 221 51 1513
10082 1512 217 51 1513
10028 1514 208 51 1513
10041 1512 208 51 1513
10019 1515 209 52 1514
10049 1516 223 52 1514
10021 1513 219 52 1514
543 113 233 52 1514
487 257 227 52 1514
329 755 221 52 1514
10082 1513 222 52 1514
10041 1513 208 52 1514
10019 1516 212 53 1515
156 238 232 53 1515
10045 1517 212 53 1515
10049 1517 216 53 1515
10021 1514 215 53 1515
543 114 235 53 1515
487 258 237 53 1515
10082 1514 217 53 1515
10019 1517 213 54 1516
156 239 226 54 1516
10049 1518 227 54 1516
543 115 223 54 1516
329 757 221 54 1516
487 259 235 54 1516
10082 1515 211 54 1516
156 240 225 55 1517
10045 1519 212 55 1517
10049 1519 212 55 1517
10021 1516 215 55 1517
543 116 224 55 1517
487 260 231 55 1517
10082 1516 218 55 1517
442 821 224 55 1517
208 828 224 55 1517
10041 1516 208 55 1517
10019 1519 212 56 1518
10049 1520 223 56 1518
10021 1517 210 56 1518
487 261 223 56 1518
10082 1517 214 56 1518
10041 1517 212 56 1518
10019 1520 208 57 1519
10045 1521 221 57 1519
10049 1521 225 57 1519
543 118 233 57 1519
487 262 231 57 1519
329 760 224 57 1519
10082 1518 221 57 1519
496 464 223 58 1520
10045 1522 214 58 1520
10049 1522 225 58 1520
543 119 227 58 1520
487 263 229 58 1520
329 761 225 58 1520
10082 1519 223 58 1520
208 831 227 58 1520
156 244 223 59 1521
10045 1523 217 59 1521
10049 1523 223 59 1521
543 120 233 59 1521
10021 1520 208 59 1521
487 264 227 59 1521
10072 1524 208 59 1521
10082 1520 212 59 1521
10028 1522 209 59 1521
10019 1523 208 60 1522
156 245 223 60 1522
10045 1524 217 60 1522
703 813 221 60 1522
10049 1524 229 60 1522
10021 1521 212 60 1522
543 121 225 60 1522
487 265 229 60 1522
10072 1525 211 60 1522
10082 1521 215 60 1522
10019 1524 215 61 1523
156 246 232 61 1523
10045 1525 217 61 1523
10049 1525 221 61 1523
10045 1526 209 62 1524
10049 1526 221 62 1524
543 123 226 62 1524
487 267 221 62 1524
329 765 227 62 1524
10082 1523 219 62 1524
10041 1523 211 62 1524
10019 1526 211 63 1525
156 248 229 63 1525
10045 1527 215 63 1525
10049 1527 233 63 1525
703 816 221 63 1525
543 124 234 63 1525
10021 1524 207 63 1525
487 268 233 63 1525
329 766 222 63 1525
10082 1524 213 63 1525
10019 1527 219 63 1525
156 249 245 64 1526
10049 1528 231 64 1526
543 125 227 64 1526
487 269 237 64 1526
10072 1529 207 64 1526
442 830 223 64 1526
10082 1525 215 64 1526
10019 1528 217 64 1526
10045 1529 217 65 1527
10049 1529 235 65 1527
10021 1526 208 65 1527
543 126 226 65 1527
487 270 237 65 1527
329 768 225 65 1527
10082 1526 207 65 1527
10041 1526 212 65 1527
156 251 241 66 1528
10049 1530 218 66 1528
10021 1527 208 66 1528
543 127 228 66 1528
487 271 235 66 1528
10082 1527 220 66 1528
10041 1527 208 66 1528
156 252 241 67 1529
10045 1531 210 67 1529
10049 1531 227 67 1529
543 128 237 67 1529
487 272 227 67 1529
10082 1528 211 67 1529
10019 1531 208 67 1529
226 293 223 68 1530
156 253 235 68 1530
10045 1532 210 68 1530
10049 1532 223 68 1530
543 129 226 68 1530
487 273 228 68 1530
10072 1533 208 68 1530
10041 1529 210 68 1530
10019 1532 213 68 1530
10045 1533 223 69 1531
10049 1533 220 69 1531
543 130 237 69 1531
10082 1530 215 69 1531
580 349 221 70 1532
156 255 227 70 1532
10045 1534 213 70 1532
10049 1534 229 70 1532
703 823 222 70 1532
388 841 222 70 1532
10021 1531 212 70 1532
543 131 241 70 1532
487 275 227 70 1532
10082 1531 224 70 1532
442 836 223 70 1532
10028 1533 209 70 1532
10041 1531 212 70 1532
10045 1535 215 71 1533
10049 1535 225 71 1533
10021 1532 209 71 1533
543 132 227 71 1533
487 276 225 71 1533
329 774 223 71 1533
764 774 221 71 1533
10072 1536 210 71 1533
10082 1532 208 71 1533
156 257 222 72 1534
10045 1536 212 72 1534
10049 1536 227 72 1534
10021 1533 208 72 1534
543 133 221 72 1534
487 277 231 72 1534
329 775 223 72 1534
10082 1533 219 72 1534
10041 1533 209 72 1534
156 258 239 73 1535
10045 1537 221 73 1535
10049 1537 231 73 1535
388 844 221 73 1535
10021 1534 213 73 1535
487 278 233 73 1535
543 134 225 73 1535
10082 1534 209 73 1535
10041 1534 209 73 1535
10019 1537 211 73 1535
226 299 223 74 1536
10045 1538 208 74 1536
10049 1538 234 74 1536
703 827 227 74 1536
388 845 227 74 1536
10021 1535 212 74 1536
543 135 234 74 1536
329 777 225 74 1536
764 777 225 74 1536
10082 1535 217 74 1536
10028 1537 211 74 1536
10041 1535 211 74 1536
10019 1538 208 74 1536
156 260 237 75 1537
10045 1539 214 75 1537
10049 1539 215 75 1537
10021 1536 218 75 1537
487 280 231 75 1537
10041 1536 210 75 1537
10019 1539 213 75 1537
156 261 232 76 1538
10045 1540 223 76 1538
10049 1540 233 76 1538
388 847 223 76 1538
10021 1537 209 76 1538
10066 1540 210 76 1538
10072 1541 210 76 1538
10082 1537 223 76 1538
10028 1539 209 76 1538
10041 1537 209 76 1538
10019 1540 209 76 1538
156 262 233 77 1539
10045 1541 219 77 1539
10049 1541 228 77 1539
388 848 223 77 1539
10021 1538 212 77 1539
487 282 221 77 1539
329 780 223 77 1539
10082 1538 214 77 1539
156 263 230 78 1540
10049 1542 225 78 1540
487 283 223 78 1540
10082 1539 215 78 1540
156 264 231 79 1541
10049 1543 208 79 1541
487 284 227 79 1541
543 140 233 79 1541
10082 1540 211 79 1541
156 265 225 80 1542
10045 1544 219 80 1542
10049 1544 235 80 1542
10021 1541 216 80 1542
543 141 239 80 1542
487 285 237 80 1542
10082 1541 215 80 1542
10028 1543 210 80 1542
10019 1544 211 80 1542
388 1 223 80 1542
156 266 229 81 1543
10045 1545 217 81 1543
10049 1545 229 81 1543
10021 1542 210 81 1543
543 142 225 81 1543
329 784 221 81 1543
487 286 245 81 1543
10066 1545 207 81 1543
764 784 225 81 1543
10082 1542 219 81 1543
10028 1544 208 81 1543
10022 1546 209 81 1543
10041 1542 211 81 1543
10019 1545 211 81 1543
156 267 229 82 1544
10045 1546 213 82 1544
10049 1546 224 82 1544
10021 1543 216 82 1544
543 143 225 82 1544
329 785 221 82 1544
487 287 229 82 1544
10082 1543 217 82 1544
10028 1545 208 82 1544
10022 1547 208 82 1544
10041 1543 211 82 1544
10045 1547 213 83 1545
10049 1547 230 83 1545
703 836 221 83 1545
10021 1544 221 83 1545
543 144 223 83 1545
329 786 229 83 1545
487 288 240 83 1545
764 786 222 83 1545
10072 1548 207 83 1545
442 849 221 83 1545
10082 1544 225 83 1545
10041 1544 213 83 1545
10019 1547 211 83 1545
156 269 231 84 1546
10045 1548 221 84 1546
10049 1548 225 84 1546
10021 1545 219 84 1546
329 787 223 84 1546
487 289 245 84 1546
10072 1549 208 84 1546
10082 1545 217 84 1546
10041 1545 211 84 1546
10019 1548 209 84 1546
10045 1549 223 85 1547
10049 1549 229 85 1547
10021 1546 218 85 1547
487 290 230 85 1547
10072 1550 208 85 1547
10082 1546 222 85 1547
10041 1546 208 85 1547
10019 1549 209 85 1547
156 271 225 86 1548
10045 1550 223 86 1548
10049 1550 233 86 1548
703 839 223 86 1548
10021 1547 219 86 1548
329 789 223 86 1548
487 291 231 86 1548
269 269 221 86 1548
10082 1547 216 86 1548
10041 1547 209 86 1548
10045 1551 221 87 1549
10049 1551 230 87 1549
10021 1548 209 87 1549
487 292 228 87 1549
329 790 225 87 1549
764 790 226 87 1549
10082 1548 227 87 1549
10041 1548 209 87 1549
388 8 222 87 1549
10019 1551 213 87 1549
156 273 223 88 1550
10045 1552 214 88 1550
10049 1552 233 88 1550
10021 1549 212 88 1550
703 841 223 88 1550
487 293 242 88 1550
10072 1553 211 88 1550
10082 1549 209 88 1550
10028 1551 211 88 1550
10041 1549 208 88 1550
10045 1553 221 89 1551
10049 1553 223 89 1551
10021 1550 213 89 1551
543 150 244 89 1551
487 294 230 89 1551
10082 1550 207 89 1551
388 10 223 89 1551
156 275 223 90 1552
10045 1554 221 90 1552
10021 1551 213 90 1552
543 151 221 90 1552
329 793 223 90 1552
487 295 230 90 1552
764 793 223 90 1552
10082 1551 214 90 1552
10028 1553 210 90 1552
10041 1551 207 90 1552
580 370 223 91 1553
156 276 226 91 1553
10045 1555 212 91 1553
10049 1555 218 91 1553
10021 1552 214 91 1553
543 152 235 91 1553
487 296 226 91 1553
764 794 223 91 1553
269 274 223 91 1553
10082 1552 213 91 1553
10028 1554 206 91 1553
10041 1552 209 91 1553
10019 1555 207 91 1553
156 277 239 92 1554
10045 1556 209 92 1554
10049 1556 213 92 1554
10021 1553 215 92 1554
487 297 223 92 1554
10028 1555 211 92 1554
10019 1556 211 92 1554
156 278 227 93 1555
10045 1557 209 93 1555
10049 1557 229 93 1555
10021 1554 210 93 1555
543 154 235 93 1555
329 796 223 93 1555
487 298 226 93 1555
10066 1557 209 93 1555
764 796 221 93 1555
10072 1558 208 93 1555
10082 1554 221 93 1555
10028 1556 209 93 1555
10041 1554 211 93 1555
10019 1557 219 93 1555
226 319 221 94 1556
156 279 231 94 1556
10045 1558 223 94 1556
10049 1558 221 94 1556
703 847 231 94 1556
10021 1555 217 94 1556
543 155 226 94 1556
487 299 238 94 1556
764 797 223 94 1556
10072 1559 209 94 1556
10082 1555 211 94 1556
10041 1555 212 94 1556
156 280 237 95 1557
10045 1559 219 95 1557
10049 1559 229 95 1557
10021 1556 211 95 1557
329 798 224 95 1557
487 300 233 95 1557
269 278 223 95 1557
10028 1558 208 95 1557
10041 1556 213 95 1557
10019 1559 210 95 1557
226 321 224 96 1558
156 281 223 96 1558
10045 1560 225 96 1558
10049 1560 223 96 1558
703 849 221 96 1558
10021 1557 208 96 1558
543 157 225 96 1558
487 301 231 96 1558
10066 1560 211 96 1558
269 279 223 96 1558
10072 1561 212 96 1558
764 799 227 96 1558
10082 1557 211 96 1558
10028 1559 210 96 1558
10041 1557 211 96 1558
388 17 221 96 1558
10019 1560 221 96 1558
156 282 239 97 1559
10045 1561 225 97 1559
10049 1561 227 97 1559
703 850 222 97 1559
10021 1558 209 97 1559
329 800 227 97 1559
543 158 225 97 1559
487 302 229 97 1559
10082 1558 215 97 1559
10041 1558 211 97 1559
388 18 225 97 1559
10019 1561 208 97 1559
580 377 223 98 1560
156 283 229 98 1560
10045 1562 227 98 1560
10049 1562 229 98 1560
10021 1559 214 98 1560
487 303 237 98 1560
10072 1563 208 98 1560
10082 1559 219 98 1560
10028 1561 209 98 1560
10041 1559 209 98 1560
10019 1562 215 98 1560
226 324 221 99 1561
156 284 230 99 1561
10045 1563 227 99 1561
10049 1563 233 99 1561
703 852 227 99 1561
10021 1560 219 99 1561
329 802 225 99 1561
543 160 222 99 1561
487 304 225 99 1561
269 282 225 99 1561
10082 1560 219 99 1561
10028 1562 211 99 1561
10041 1560 211 99 1561
10019 1563 219 99 1561
156 285 234 100 1562
10045 1564 219 100 1562
10049 1564 233 100 1562
10021 1561 214 100 1562
487 305 226 100 1562
543 161 223 100 1562
764 803 223 100 1562
442 866 222 100 1562
10041 1561 216 100 1562
10019 1564 216 100 1562
226 326 229 101 1563
156 286 227 101 1563
10045 1565 221 101 1563
10049 1565 223 101 1563
10021 1562 215 101 1563
487 306 243 101 1563
543 162 221 101 1563
10072 1566 208 101 1563
10082 1562 211 101 1563
10028 1564 210 101 1563
10019 1565 211 101 1563
226 327 225 102 1564
10045 1566 220 102 1564
10049 1566 219 102 1564
10021 1563 216 102 1564
329 805 223 102 1564
487 307 230 102 1564
10072 1567 213 102 1564
10082 1563 223 102 1564
388 23 223 102 1564
10019 1566 216 102 1564
156 288 244 103 1565
10045 1567 213 103 1565
10049 1567 219 103 1565
487 308 237 103 1565
543 164 235 103 1565
764 806 221 103 1565
10072 1568 208 103 1565
10082 1564 225 103 1565
10041 1564 209 103 1565
10019 1567 208 103 1565
156 289 235 104 1566
10045 1568 216 104 1566
10049 1568 231 104 1566
10021 1565 219 104 1566
329 807 223 104 1566
487 309 231 104 1566
543 165 233 104 1566
10082 1565 212 104 1566
10028 1567 212 104 1566
10022 1569 212 104 1566
10041 1565 217 104 1566
10019 1568 215 104 1566
226 330 227 105 1567
156 290 226 105 1567
10045 1569 223 105 1567
10049 1569 217 105 1567
10021 1566 213 105 1567
329 808 227 105 1567
487 310 223 105 1567
764 808 221 105 1567
10072 1570 207 105 1567
10082 1566 221 105 1567
10028 1568 210 105 1567
10022 1570 209 105 1567
156 291 231 106 1568
10049 1570 225 106 1568
10021 1567 213 106 1568
743 789 222 106 1568
543 167 222 106 1568
487 311 233 106 1568
144 55 221 106 1568
764 809 230 106 1568
10019 1570 213 106 1568
156 292 231 107 1569
10049 1571 221 107 1569
10021 1568 218 107 1569
329 810 224 107 1569
543 168 235 107 1569
487 312 233 107 1569
10028 1570 211 107 1569
388 28 226 107 1569
10019 1571 222 107 1569
156 293 226 108 1570
10049 1572 219 108 1570
10021 1569 215 108 1570
250 872 224 108 1570
329 811 227 108 1570
10066 1572 208 108 1570
487 313 233 108 1570
543 169 225 108 1570
10072 1573 210 108 1570
10082 1569 221 108 1570
10041 1569 212 108 1570
10017 1568 211 109 1571
156 294 233 109 1571
10045 1573 223 109 1571
10049 1573 223 109 1571
703 862 225 109 1571
10021 1570 217 109 1571
487 314 226 109 1571
543 170 233 109 1571
764 812 227 109 1571
10072 1574 210 109 1571
10082 1570 221 109 1571
10028 1572 217 109 1571
388 30 231 109 1571
10019 1573 214 109 1571
156 295 227 110 1572
10045 1574 222 110 1572
10049 1574 229 110 1572
487 315 237 110 1572
527 879 221 110 1572
543 171 233 110 1572
764 813 227 110 1572
10082 1571 221 110 1572
10028 1573 209 110 1572
10041 1571 208 110 1572
10019 1574 220 110 1572
156 296 237 111 1573
10045 1575 217 111 1573
10049 1575 227 111 1573
10021 1572 217 111 1573
329 814 222 111 1573
487 316 230 111 1573
543 172 233 111 1573
764 814 221 111 1573
10082 1572 217 111 1573
10019 1575 211 111 1573
156 297 229 112 1574
10045 1576 227 112 1574
10049 1576 221 112 1574
487 317 231 112 1574
543 173 223 112 1574
10082 1573 217 112 1574
10028 1575 207 112 1574
10022 1577 210 112 1574
10041 1573 215 112 1574
388 33 227 112 1574
10019 1576 214 113 1575
156 298 233 113 1575
10045 1577 221 113 1575
10049 1577 225 113 1575
10021 1574 210 113 1575
329 816 222 113 1575
487 318 227 113 1575
543 174 241 113 1575
10072 1578 209 113 1575
10082 1574 209 113 1575
10028 1576 212 113 1575
10019 1577 207 113 1575
156 299 227 114 1576
10045 1578 229 114 1576
10049 1578 228 114 1576
329 817 230 114 1576
10021 1575 208 114 1576
487 319 230 114 1576
543 175 230 114 1576
10082 1575 230 114 1576
10028 1577 215 114 1576
10022 1579 211 114 1576
10041 1575 211 114 1576
388 35 226 114 1576
10019 1578 213 114 1576
10045 1579 213 115 1577
10049 1579 226 115 1577
329 818 231 115 1577
10021 1576 221 115 1577
764 818 223 115 1577
543 176 224 115 1577
10072 1580 208 115 1577
10082 1576 219 115 1577
10028 1578 210 115 1577
442 881 229 115 1577
388 36 221 115 1577
10041 1576 209 115 1577
720 851 221 115 1577
10019 1579 208 115 1577
580 395 227 116 1578
156 301 231 116 1578
10045 1580 221 116 1578
10049 1580 215 116 1578
703 869 221 116 1578
329 819 223 116 1578
10021 1577 224 116 1578
226 1 221 116 1578
543 177 226 116 1578
764 819 221 116 1578
10082 1577 223 116 1578
10028 1579 211 116 1578
442 882 225 116 1578
388 37 223 116 1578
156 302 227 117 1579
10045 1581 225 117 1579
10049 1581 230 117 1579
703 870 222 117 1579
329 820 225 117 1579
10021 1578 221 117 1579
487 322 226 117 1579
226 2 221 117 1579
543 178 229 117 1579
10072 1582 209 117 1579
10082 1578 223 117 1579
442 883 223 117 1579
10019 1581 217 117 1579
156 303 225 118 1580
10045 1582 211 118 1580
10049 1582 232 118 1580
10021 1579 219 118 1580
743 801 221 118 1580
487 323 245 118 1580
764 821 222 118 1580
543 179 223 118 1580
269 301 223 118 1580
10072 1583 211 118 1580
10082 1579 227 118 1580
10028 1581 213 118 1580
442 884 221 118 1580
10041 1579 219 118 1580
156 304 238 119 1581
10045 1583 209 119 1581
10049 1583 227 119 1581
10021 1580 213 119 1581
743 802 224 119 1581
487 324 246 119 1581
10082 1580 223 119 1581
10041 1580 219 119 1581
10019 1583 216 119 1581
156 305 232 120 1582
10045 1584 225 120 1582
10049 1584 230 120 1582
10021 1581 219 120 1582
487 325 229 120 1582
764 823 230 120 1582
269 303 222 120 1582
442 886 224 120 1582
10082 1581 225 120 1582
10022 1585 210 120 1582
10041 1581 216 120 1582
10019 1584 216 120 1582
156 306 237 121 1583
10045 1585 225 121 1583
10049 1585 235 121 1583
329 824 234 121 1583
10021 1582 211 121 1583
487 326 223 121 1583
764 824 222 121 1583
10082 1582 219 121 1583
442 887 221 121 1583
388 42 229 121 1583
10041 1582 208 121 1583
720 857 223 121 1583
10019 1585 208 121 1583
156 307 231 122 1584
10045 1586 218 122 1584
10049 1586 213 122 1584
329 825 229 122 1584
10021 1583 219 122 1584
487 327 235 122 1584
543 183 229 122 1584
10082 1583 225 122 1584
388 43 224 122 1584
10019 1586 209 122 1584
10045 1587 217 123 1585
10049 1587 228 123 1585
116 899 221 123 1585
329 826 223 123 1585
10021 1584 213 123 1585
487 328 221 123 1585
10082 1584 211 123 1585
10019 1587 209 123 1585
580 403 221 124 1586
156 309 225 124 1586
10045 1588 221 124 1586
10049 1588 235 124 1586
10021 1585 215 124 1586
487 329 226 124 1586
226 9 222 124 1586
269 307 232 124 1586
10041 1585 208 124 1586
156 310 246 125 1587
10045 1589 211 125 1587
10049 1589 220 125 1587
329 828 221 125 1587
10021 1586 212 125 1587
487 330 231 125 1587
10072 1590 207 125 1587
543 186 247 125 1587
10082 1586 225 125 1587
10019 1589 211 125 1587
156 311 233 126 1588
10045 1590 211 126 1588
10049 1590 229 126 1588
10021 1587 219 126 1588
329 829 221 126 1588
487 331 239 126 1588
764 829 229 126 1588
543 187 228 126 1588
10072 1591 210 126 1588
10082 1587 215 126 1588
10028 1589 212 126 1588
10041 1587 212 126 1588
10019 1590 213 126 1588
10045 1591 220 127 1589
10049 1591 217 127 1589
10021 1588 212 127 1589
764 830 228 127 1589
115 666 222 127 1589
543 188 237 127 1589
10082 1588 225 127 1589
484 4 221 127 1589
10041 1588 209 127 1589
10019 1591 211 127 1589
10045 1592 212 128 1590
10049 1592 221 128 1590
10021 1589 213 128 1590
487 333 236 128 1590
10072 1593 217 128 1590
543 189 232 128 1590
10082 1589 216 128 1590
10028 1591 211 128 1590
10041 1589 209 128 1590
156 314 228 129 1591
10045 1593 228 129 1591
10049 1593 227 129 1591
703 882 222 129 1591
10021 1590 218 129 1591
487 334 247 129 1591
10066 1593 208 129 1591
269 312 227 129 1591
10072 1594 213 129 1591
543 190 225 129 1591
10082 1590 216 129 1591
10028 1592 208 129 1591
10041 1590 212 129 1591
10019 1593 209 129 1591
10045 1594 211 130 1592
10049 1594 227 130 1592
10021 1591 215 130 1592
329 833 223 130 1592
487 335 249 130 1592
543 191 234 130 1592
10072 1595 210 130 1592
10082 1591 216 130 1592
10028 1593 209 130 1592
156 316 225 131 1593
10049 1595 226 131 1593
10021 1592 220 131 1593
329 834 222 131 1593
226 16 221 131 1593
487 336 245 131 1593
543 192 229 131 1593
10072 1596 215 131 1593
10082 1592 213 131 1593
10041 1592 215 131 1593
10019 1595 211 131 1593
156 317 245 132 1594
10045 1596 218 132 1594
10049 1596 229 132 1594
10021 1593 214 132 1594
487 337 246 132 1594
269 315 221 132 1594
115 671 221 132 1594
543 193 237 132 1594
10072 1597 214 132 1594
10082 1593 212 132 1594
10028 1595 210 132 1594
10041 1593 216 132 1594
10019 1596 216 132 1594
156 318 223 133 1595
10045 1597 213 133 1595
10049 1597 226 133 1595
10021 1594 213 133 1595
487 338 247 133 1595
543 194 237 133 1595
10082 1594 214 133 1595
10041 1594 217 133 1595
10019 1597 213 133 1595
156 319 233 134 1596
10045 1598 221 134 1596
10049 1598 231 134 1596
10021 1595 211 134 1596
703 887 225 134 1596
329 837 222 134 1596
487 339 246 134 1596
764 837 225 134 1596
543 195 221 134 1596
10072 1599 210 134 1596
10082 1595 223 134 1596
10041 1595 215 134 1596
10019 1598 214 134 1596
156 320 227 135 1597
10045 1599 215 135 1597
10049 1599 231 135 1597
10021 1596 219 135 1597
329 838 227 135 1597
487 340 244 135 1597
764 838 222 135 1597
543 196 232 135 1597
10082 1596 213 135 1597
10041 1596 213 135 1597
720 871 221 135 1597
10019 1599 218 135 1597
156 321 221 136 1598
10045 1600 221 136 1598
10049 1600 227 136 1598
10021 1597 221 136 1598
487 341 225 136 1598
10066 1600 207 136 1598
543 197 238 136 1598
10082 1597 225 136 1598
10028 1599 210 136 1598
208 909 221 136 1598
10041 1597 213 136 1598
10019 1600 211 136 1598
10045 1601 219 137 1599
10049 1601 225 137 1599
156 322 222 137 1599
10021 1598 212 137 1599
329 840 229 137 1599
487 342 232 137 1599
226 22 223 137 1599
543 198 233 137 1599
10082 1598 223 137 1599
10028 1600 210 137 1599
10041 1598 213 137 1599
10045 1602 211 138 1600
156 323 227 138 1600
10049 1602 223 138 1600
10021 1599 214 138 1600
329 841 222 138 1600
487 343 247 138 1600
10072 1603 209 138 1600
543 199 237 138 1600
10082 1599 222 138 1600
10028 1601 210 138 1600
10041 1599 211 138 1600
208 911 222 138 1600
10045 1603 213 139 1601
10049 1603 221 139 1601
156 324 227 139 1601
703 892 221 139 1601
10021 1600 219 139 1601
487 344 236 139 1601
764 842 222 139 1601
543 200 230 139 1601
10082 1600 220 139 1601
10041 1600 213 139 1601
10019 1603 208 139 1601
10045 1604 217 140 1602
10049 1604 237 140 1602
703 893 225 140 1602
527 909 221 140 1602
487 345 242 140 1602
226 25 225 140 1602
543 201 221 140 1602
10082 1601 225 140 1602
10028 1603 211 140 1602
10041 1601 213 140 1602
10019 1604 214 140 1602
10045 1605 223 141 1603
156 326 221 141 1603
10049 1605 233 141 1603
10021 1602 219 141 1603
487 346 239 141 1603
743 824 221 141 1603
764 844 223 141 1603
442 907 223 141 1603
10082 1602 223 141 1603
543 202 229 141 1603
10028 1604 208 141 1603
10022 1606 208 141 1603
10041 1602 219 141 1603
10045 1606 217 142 1604
10049 1606 220 142 1604
156 327 229 142 1604
10021 1603 223 142 1604
329 845 227 142 1604
487 347 237 142 1604
527 911 223 142 1604
764 845 221 142 1604
10072 1607 208 142 1604
10082 1603 208 142 1604
543 203 241 142 1604
10019 1606 218 143 1605
10045 1607 217 143 1605
10049 1607 212 143 1605
156 328 237 143 1605
329 846 223 143 1605
487 348 251 143 1605
10082 1604 216 143 1605
543 204 222 143 1605
10022 1608 208 143 1605
10041 1604 219 143 1605
10019 1607 211 144 1606
580 423 221 144 1606
10049 1608 227 144 1606
156 329 239 144 1606
10021 1605 213 144 1606
487 349 224 144 1606
329 847 229 144 1606
226 29 221 144 1606
115 683 223 144 1606
543 205 223 144 1606
10082 1605 210 144 1606
10022 1609 208 144 1606
10041 1605 211 144 1606
10045 1609 210 145 1607
10049 1609 229 145 1607
156 330 225 145 1607
10021 1606 208 145 1607
487 350 231 145 1607
269 328 230 145 1607
10082 1606 217 145 1607
10028 1608 210 145 1607
543 206 240 145 1607
10041 1606 216 145 1607
10019 1609 211 146 1608
10045 1610 207 146 1608
10049 1610 233 146 1608
156 331 235 146 1608
743 829 221 146 1608
10072 1611 208 146 1608
543 207 239 146 1608
10082 1607 215 146 1608
10041 1607 214 146 1608
10019 1610 210 147 1609
10045 1611 226 147 1609
10049 1611 231 147 1609
156 332 225 147 1609
10021 1608 219 147 1609
487 352 241 147 1609
743 830 221 147 1609
10072 1612 208 147 1609
543 208 227 147 1609
10082 1608 221 147 1609
10028 1610 207 147 1609
10022 1612 207 147 1609
10041 1608 219 147 1609
10019 1611 212 148 1610
10045 1612 219 148 1610
10049 1612 224 148 1610
156 333 228 148 1610
10021 1609 213 148 1610
487 353 239 148 1610
329 851 230 148 1610
10072 1613 209 148 1610
442 914 221 148 1610
543 209 240 148 1610
764 851 223 148 1610
10082 1609 221 148 1610
388 69 225 148 1610
10041 1609 216 148 1610
10019 1612 209 149 1611
10045 1613 225 149 1611
10049 1613 225 149 1611
156 334 235 149 1611
10021 1610 209 149 1611
487 354 234 149 1611
329 852 225 149 1611
269 332 221 149 1611
10072 1614 207 149 1611
543 210 239 149 1611
10082 1610 210 149 1611
10028 1612 210 149 1611
10041 1610 209 149 1611
10019 1613 210 149 1611
10045 1614 212 150 1612
10049 1614 217 150 1612
156 335 235 150 1612
487 355 243 150 1612
329 853 223 150 1612
543 211 239 150 1612
10082 1611 210 150 1612
10045 1615 211 151 1613
10049 1615 217 151 1613
156 336 231 151 1613
10021 1612 213 151 1613
487 356 237 151 1613
329 854 225 151 1613
743 834 226 151 1613
543 212 226 151 1613
10072 1616 209 151 1613
10082 1612 219 151 1613
10028 1614 207 151 1613
10022 1616 207 151 1613
10041 1612 213 151 1613
10019 1615 209 152 1614
10045 1616 211 152 1614
10049 1616 229 152 1614
156 337 225 152 1614
10021 1613 209 152 1614
527 921 221 152 1614
703 905 224 152 1614
487 357 225 152 1614
543 213 233 152 1614
10082 1613 222 152 1614
208 925 223 152 1614
10019 1616 212 152 1614
10045 1617 216 153 1615
10049 1617 227 153 1615
10021 1614 218 153 1615
703 906 227 153 1615
487 358 225 153 1615
329 856 225 153 1615
543 214 233 153 1615
10082 1614 211 153 1615
10022 1618 211 153 1615
10041 1614 211 153 1615
10019 1617 211 154 1616
10045 1618 208 154 1616
10049 1618 225 154 1616
487 359 225 154 1616
10066 1618 208 154 1616
48 908 223 154 1616
10072 1619 209 154 1616
543 215 230 154 1616
10082 1615 212 154 1616
27 580 221 154 1616
10019 1618 210 155 1617
10045 1619 220 155 1617
10049 1619 217 155 1617
10021 1616 209 155 1617
310 914 226 155 1617
10066 1619 211 155 1617
10028 1618 213 155 1617
10048 1620 209 156 1618
10035 1619 209 156 1618
474 228 229 156 1618
152 925 227 156 1618
10047 1620 223 157 1619
74 26 222 157 1619
10 433 221 157 1619
123 907 225 157 1619
152 926 231 158 1620
416 63 223 159 1621
10043 1619 212 159 1621
474 231 222 159 1621
498 62 235 159 1621
543 220 223 159 1621
401 21 221 160 1622
172 930 222 160 1622
10091 1620 228 160 1622
745 930 225 160 1622
10159 1624 212 160 1622
10123 1617 208 160 1622
515 58 233 160 1622
543 221 225 160 1622
203 49 235 160 1622
150 104 241 160 1622
10163 1625 211 160 1622
582 924 222 160 1622
152 929 227 161 1623
158 200 233 161 1623
10068 1628 209 161 1623
426 122 224 161 1623
172 932 241 162 1624
10128 1618 214 162 1624
10101 1617 216 162 1624
10061 1628 216 162 1624
10169 1625 211 162 1624
107 249 221 162 1624
378 899 225 162 1624
210 42 224 162 1624
556 130 223 162 1624
543 223 237 162 1624
424 939 232 163 1625
423 922 225 163 1625
10101 1618 212 163 1625
10141 1617 208 163 1625
10061 1629 214 163 1625
10169 1626 207 163 1625
52 922 223 163 1625
210 43 225 163 1625
238 909 231 163 1625
25 899 223 163 1625
10101 1619 223 164 1626
10061 1630 221 164 1626
10169 1627 211 164 1626
749 610 221 164 1626
52 923 221 164 1626
210 44 221 164 1626
411 299 226 164 1626
10050 1630 209 164 1626
111 910 221 165 1627
10101 1620 219 165 1627
10141 1619 210 165 1627
10061 1631 217 165 1627
604 125 223 165 1627
52 924 231 165 1627
476 392 235 165 1627
10065 1630 214 165 1627
687 943 229 166 1628
127 951 225 166 1628
10141 1620 212 166 1628
504 925 231 166 1628
102 929 231 166 1628
10088 1623 223 166 1628
632 52 223 166 1628
190 5 221 166 1628
687 944 225 167 1629
10141 1621 212 167 1629
504 926 229 167 1629
10088 1624 231 167 1629
632 53 231 167 1629
2 931 223 167 1629
708 369 221 168 1630
10141 1622 225 168 1630
10088 1625 229 168 1630
632 54 226 168 1630
190 7 221 168 1630
701 935 223 168 1630
2 932 225 168 1630
532 140 227 169 1631
504 928 221 169 1631
10088 1626 220 169 1631
102 932 234 169 1631
583 136 225 169 1631
701 936 222 169 1631
687 947 247 170 1632
127 955 223 170 1632
10141 1624 227 170 1632
504 929 231 170 1632
10088 1627 221 170 1632
10169 1633 207 170 1632
632 56 239 170 1632
583 137 225 170 1632
708 372 233 171 1633
127 956 221 171 1633
687 948 229 171 1633
102 934 223 171 1633
10088 1628 226 171 1633
395 871 225 171 1633
632 57 224 171 1633
583 138 228 171 1633
708 373 237 172 1634
410 934 221 172 1634
687 949 221 172 1634
10141 1626 219 172 1634
504 931 221 172 1634
10088 1629 221 172 1634
632 58 228 172 1634
190 11 223 172 1634
410 935 221 173 1635
708 374 231 173 1635
687 950 225 173 1635
504 932 221 173 1635
10088 1630 225 173 1635
102 936 221 173 1635
632 59 224 173 1635
190 12 227 173 1635
708 375 230 174 1636
10141 1628 207 174 1636
687 951 233 174 1636
10088 1631 218 174 1636
632 60 235 174 1636
10050 1640 211 174 1636
708 376 230 175 1637
687 952 221 175 1637
10088 1632 215 175 1637
190 14 222 175 1637
410 938 221 176 1638
708 377 226 176 1638
10141 1630 219 176 1638
687 953 225 176 1638
10088 1633 222 176 1638
190 15 221 176 1638
10141 1631 221 177 1639
687 954 227 177 1639
10088 1634 215 177 1639
632 63 223 177 1639
583 144 221 177 1639
190 16 221 177 1639
504 937 225 178 1640
687 955 230 178 1640
10088 1635 211 178 1640
583 145 225 178 1640
190 17 223 178 1640
708 380 223 179 1641
10141 1633 221 179 1641
10088 1636 219 179 1641
190 18 221 179 1641
410 942 221 179 1641
532 151 229 180 1642
708 381 233 180 1642
10141 1634 225 180 1642
687 957 232 180 1642
10088 1637 233 180 1642
10169 1643 208 180 1642
583 147 224 180 1642
190 19 225 180 1642
410 943 222 180 1642
532 152 221 181 1643
708 382 227 181 1643
10141 1635 212 181 1643
504 940 225 181 1643
687 958 224 181 1643
10088 1638 224 181 1643
632 67 221 181 1643
583 148 231 181 1643
10065 1646 208 181 1643
410 944 233 181 1643
708 383 235 182 1644
10088 1639 222 182 1644
632 68 231 182 1644
583 149 224 182 1644
190 21 223 182 1644
532 154 221 183 1645
708 384 227 183 1645
10141 1637 223 183 1645
687 960 227 183 1645
10088 1640 218 183 1645
632 69 221 183 1645
583 150 221 183 1645
410 946 221 183 1645
504 943 225 184 1646
687 961 235 184 1646
10141 1638 215 184 1646
10088 1641 221 184 1646
632 70 222 184 1646
583 151 223 184 1646
190 23 225 184 1646
2 948 222 184 1646
708 386 234 185 1647
687 962 237 185 1647
10141 1639 217 185 1647
10088 1642 221 185 1647
190 24 221 185 1647
2 949 224 185 1647
410 948 223 185 1647
708 387 221 186 1648
10141 1640 224 186 1648
102 949 221 186 1648
10088 1643 216 186 1648
632 72 234 186 1648
410 949 225 186 1648
532 158 221 187 1649
708 388 228 187 1649
504 946 223 187 1649
687 964 235 187 1649
10141 1641 220 187 1649
10088 1644 224 187 1649
632 73 224 187 1649
190 26 223 187 1649
708 389 226 188 1650
10141 1642 221 188 1650
687 965 233 188 1650
10088 1645 221 188 1650
632 74 222 188 1650
583 155 221 188 1650
190 27 221 188 1650
410 951 221 188 1650
708 390 224 188 1650
504 948 221 189 1651
10141 1643 212 189 1651
687 966 235 189 1651
10088 1646 210 189 1651
632 75 225 189 1651
190 28 226 189 1651
238 935 223 189 1651
2 953 221 189 1651
708 391 227 189 1651
532 161 222 190 1652
504 949 229 190 1652
10141 1644 209 190 1652
10088 1647 217 190 1652
687 967 222 190 1652
632 76 221 190 1652
395 890 221 190 1652
190 29 221 190 1652
410 953 233 190 1652
708 392 225 191 1653
504 950 229 191 1653
687 968 235 191 1653
10088 1648 225 191 1653
632 77 223 191 1653
190 30 224 191 1653
410 954 227 191 1653
10141 1646 218 192 1654
102 955 231 192 1654
10088 1649 211 192 1654
687 969 233 192 1654
632 78 231 192 1654
583 159 223 192 1654
238 938 223 192 1654
410 955 225 192 1654
504 952 221 193 1655
10141 1647 219 193 1655
10088 1650 213 193 1655
687 970 232 193 1655
190 32 223 193 1655
632 1 222 193 1655
410 956 221 193 1655
10141 1648 218 194 1656
10088 1651 215 194 1656
687 971 235 194 1656
632 2 231 194 1656
708 396 224 195 1657
10141 1649 213 195 1657
10088 1652 217 195 1657
2 959 230 195 1657
632 3 223 195 1657
410 958 223 195 1657
532 167 221 196 1658
708 397 227 196 1658
504 955 221 196 1658
10141 1650 221 196 1658
10088 1653 215 196 1658
687 973 228 196 1658
583 163 224 196 1658
190 35 223 196 1658
632 4 231 196 1658
532 168 225 197 1659
10141 1651 219 197 1659
10088 1654 225 197 1659
687 974 233 197 1659
583 164 227 197 1659
2 961 229 197 1659
10050 1663 207 197 1659
632 5 221 197 1659
708 399 224 198 1660
10141 1652 215 198 1660
10088 1655 217 198 1660
687 975 233 198 1660
102 961 223 198 1660
583 165 228 198 1660
2 962 227 198 1660
410 961 223 198 1660
708 400 221 199 1661
10141 1653 212 199 1661
10088 1656 221 199 1661
687 976 231 199 1661
583 166 226 199 1661
190 38 223 199 1661
2 963 224 199 1661
410 962 221 199 1661
708 401 232 200 1662
10141 1654 210 200 1662
10088 1657 213 200 1662
687 977 231 200 1662
583 167 225 200 1662
632 8 235 200 1662
708 402 221 201 1663
10141 1655 213 201 1663
687 978 233 201 1663
102 964 225 201 1663
190 40 225 201 1663
708 403 233 202 1664
10141 1656 208 202 1664
10088 1659 211 202 1664
687 979 230 202 1664
102 965 221 202 1664
583 169 229 202 1664
701 969 222 202 1664
190 41 226 202 1664
708 404 221 203 1665
504 962 225 203 1665
10141 1657 213 203 1665
10088 1660 220 203 1665
687 980 221 203 1665
10141 1658 219 204 1666
10088 1661 231 204 1666
687 981 224 204 1666
504 964 221 205 1667
10141 1659 221 205 1667
10088 1662 219 205 1667
687 982 240 205 1667
190 44 221 205 1667
2 969 222 205 1667
10050 1671 208 205 1667
410 968 222 205 1667
10141 1660 219 206 1668
10088 1663 224 206 1668
687 983 227 206 1668
583 173 225 206 1668
410 969 221 206 1668
10088 1664 229 207 1669
687 984 225 207 1669
10088 1665 220 208 1670
687 985 233 208 1670
10141 1663 211 209 1671
10088 1666 215 209 1671
10088 1667 215 210 1672
10088 1668 212 211 1673
10088 1669 210 212 1674
10088 1672 211 215 1677
708 417 229 216 1678
10141 1670 208 216 1678
10088 1673 214 216 1678
583 183 221 216 1678
708 418 223 217 1679
10141 1671 209 217 1679
10088 1674 213 217 1679
687 994 224 217 1679
632 25 222 217 1679
10088 1675 210 218 1680
102 981 223 218 1680
190 57 222 218 1680
10088 1676 209 219 1681
687 996 229 219 1681
583 186 223 219 1681
708 1 229 219 1681
10141 1674 208 220 1682
10088 1677 217 220 1682
687 997 225 220 1682
410 983 225 220 1682
10141 1675 210 221 1683
687 998 226 221 1683
583 188 222 221 1683
10141 1676 210 222 1684
10088 1679 214 222 1684
102 985 223 222 1684
583 189 233 222 1684
701 989 222 222 1684
238 968 222 222 1684
410 985 221 222 1684
10141 1677 217 223 1685
10088 1680 224 223 1685
102 986 224 223 1685
190 62 223 223 1685
583 190 233 223 1685
10141 1678 221 224 1686
10088 1681 226 224 1686
687 1001 224 224 1686
583 191 227 224 1686
504 984 223 225 1687
10141 1679 212 225 1687
10088 1682 224 225 1687
395 925 221 225 1687
583 192 231 225 1687
190 64 221 225 1687
708 7 223 225 1687
632 33 223 225 1687
10141 1680 217 226 1688
10088 1683 220 226 1688
687 1003 223 226 1688
583 193 230 226 1688
190 65 230 226 1688
708 8 227 226 1688
632 34 225 226 1688
410 989 231 226 1688
504 986 223 227 1689
10141 1681 217 227 1689
10088 1684 219 227 1689
190 66 225 227 1689
708 9 226 227 1689
632 35 224 227 1689
2 991 222 227 1689
10088 1685 220 228 1690
102 991 222 228 1690
687 1005 229 228 1690
583 195 221 228 1690
708 10 233 228 1690
10088 1686 220 229 1691
708 11 233 229 1691
10141 1684 210 230 1692
10088 1687 221 230 1692
102 993 221 230 1692
10141 1685 207 231 1693
10088 1688 221 231 1693
102 994 221 231 1693
687 1008 233 231 1693
190 70 221 231 1693
632 39 222 231 1693
10141 1686 210 232 1694
10088 1689 224 232 1694
102 995 221 232 1694
190 71 225 232 1694
708 14 227 232 1694
632 40 221 232 1694
2 996 226 232 1694
10141 1687 213 233 1695
10088 1690 223 233 1695
102 996 223 233 1695
687 1010 225 233 1695
190 72 223 233 1695
708 15 224 233 1695
632 41 224 233 1695
2 997 221 233 1695
10141 1688 214 234 1696
10088 1691 221 234 1696
102 997 230 234 1696
687 1011 223 234 1696
708 16 230 234 1696
632 42 221 234 1696
10141 1689 211 235 1697
10088 1692 219 235 1697
102 998 225 235 1697
687 1012 223 235 1697
708 17 234 235 1697
2 999 223 235 1697
410 998 227 235 1697
10141 1690 213 236 1698
504 995 221 236 1698
10088 1693 223 236 1698
102 999 224 236 1698
190 75 226 236 1698
708 18 223 236 1698
410 999 231 236 1698
10141 1691 217 237 1699
10088 1694 215 237 1699
504 996 222 237 1699
190 76 225 237 1699
708 19 227 237 1699
410 1000 225 237 1699
10141 1692 217 238 1700
10088 1695 220 238 1700
687 1015 226 238 1700
190 77 226 238 1700
632 46 224 238 1700
2 1002 221 238 1700
10141 1693 215 239 1701
532 210 221 239 1701
10088 1696 219 239 1701
102 1002 227 239 1701
190 78 225 239 1701
708 21 223 239 1701
10141 1694 212 240 1702
10088 1697 213 240 1702
687 1017 223 240 1702
583 207 224 240 1702
190 79 226 240 1702
708 22 227 240 1702
10141 1695 215 241 1703
10088 1698 216 241 1703
583 208 221 241 1703
190 80 225 241 1703
708 23 229 241 1703
10141 1696 217 242 1704
504 1001 221 242 1704
10088 1699 218 242 1704
102 1005 227 242 1704
687 1019 221 242 1704
583 209 221 242 1704
190 81 223 242 1704
708 24 230 242 1704
10141 1697 216 243 1705
10088 1700 221 243 1705
532 214 223 243 1705
687 1020 233 243 1705
190 82 222 243 1705
708 25 229 243 1705
410 1006 224 243 1705
10141 1698 211 244 1706
10088 1701 221 244 1706
102 1007 221 244 1706
687 1021 230 244 1706
583 211 223 244 1706
190 83 221 244 1706
708 26 233 244 1706
410 1007 222 244 1706
10088 1702 223 245 1707
102 1008 225 245 1707
687 1022 227 245 1707
583 212 223 245 1707
190 84 221 245 1707
10050 1711 210 245 1707
632 53 233 245 1707
127 1031 223 245 1707
410 1008 243 245 1707
10141 1700 215 246 1708
10088 1703 217 246 1708
687 1023 232 246 1708
190 85 223 246 1708
632 54 229 246 1708
10065 1711 208 246 1708
410 1009 230 246 1708
10141 1701 213 247 1709
10088 1704 217 247 1709
687 1024 233 247 1709
102 1010 221 247 1709
708 29 227 247 1709
632 55 224 247 1709
410 1010 225 247 1709
10141 1702 217 248 1710
10088 1705 220 248 1710
687 1025 223 248 1710
190 87 221 248 1710
708 30 230 248 1710
632 56 233 248 1710
410 1011 229 248 1710
10141 1703 226 249 1711
10088 1706 210 249 1711
687 1026 243 249 1711
190 88 223 249 1711
708 31 239 249 1711
632 57 222 249 1711
10141 1704 221 250 1712
10088 1707 220 250 1712
687 1027 239 250 1712
632 58 227 250 1712
10141 1705 224 251 1713
504 1010 223 251 1713
10088 1708 221 251 1713
687 1028 243 251 1713
190 90 221 251 1713
708 33 225 251 1713
127 1037 221 251 1713
632 59 221 251 1713
10141 1706 217 252 1714
504 1011 221 252 1714
10088 1709 220 252 1714
687 1029 237 252 1714
708 34 235 252 1714
10050 1718 208 252 1714
632 60 235 252 1714
10141 1707 226 253 1715
10088 1710 208 253 1715
687 1030 233 253 1715
708 35 235 253 1715
10050 1719 207 253 1715
632 61 234 253 1715
2 1017 226 253 1715
10141 1708 225 254 1716
10088 1711 217 254 1716
687 1031 227 254 1716
708 36 222 254 1716
632 62 234 254 1716
2 1018 221 254 1716
10141 1709 226 255 1717
10088 1712 209 255 1717
687 1032 240 255 1717
632 63 233 255 1717
10141 1710 224 256 1718
10088 1713 217 256 1718
687 1033 226 256 1718
708 38 221 256 1718
632 64 227 256 1718
2 1020 221 256 1718
410 1019 227 256 1718
10141 1711 221 257 1719
10088 1714 214 257 1719
687 1034 223 257 1719
583 224 223 257 1719
190 96 221 257 1719
632 65 221 257 1719
10065 1722 208 257 1719
410 1020 223 257 1719
10141 1712 209 258 1720
10088 1715 219 258 1720
687 1035 231 258 1720
102 1021 226 258 1720
708 40 223 258 1720
10088 1716 210 259 1721
708 41 223 259 1721
632 67 228 259 1721
2 1023 221 259 1721
410 1022 225 259 1721
10141 1714 209 260 1722
10088 1717 214 260 1722
102 1023 224 260 1722
708 42 222 260 1722
190 99 224 260 1722
632 68 227 260 1722
410 1023 228 260 1722
504 1020 225 261 1723
10141 1715 214 261 1723
10088 1718 221 261 1723
687 1038 223 261 1723
708 43 227 261 1723
504 1021 221 262 1724
10141 1716 211 262 1724
10088 1719 217 262 1724
190 101 221 262 1724
708 44 222 262 1724
632 70 227 262 1724
410 1025 223 263 1725
10141 1717 213 263 1725
10088 1720 212 263 1725
708 45 227 263 1725
632 71 222 263 1725
504 1023 222 264 1726
10141 1718 213 264 1726
10088 1721 215 264 1726
687 1041 231 264 1726
708 46 223 264 1726
632 72 227 264 1726
410 1027 227 265 1727
10141 1719 225 265 1727
10088 1722 224 265 1727
410 1028 221 266 1728
10141 1720 226 266 1728
10088 1723 213 266 1728
102 1029 221 266 1728
708 48 221 266 1728
632 74 223 266 1728
410 1029 228 267 1729
504 1026 225 267 1729
10088 1724 213 267 1729
10141 1722 215 268 1730
10088 1725 209 268 1730
190 107 221 268 1730
632 76 237 268 1730
10050 1734 208 268 1730
10141 1723 222 269 1731
10088 1726 222 269 1731
190 108 221 269 1731
632 77 221 269 1731
504 1029 223 270 1732
10141 1724 214 270 1732
10088 1727 221 270 1732
102 1033 222 270 1732
708 52 222 270 1732
632 78 226 270 1732
10141 1725 213 271 1733
10088 1728 221 271 1733
102 1034 223 271 1733
708 53 222 271 1733
632 79 225 271 1733
2 1035 221 271 1733
10088 1729 226 272 1734
583 239 223 272 1734
708 54 221 272 1734
632 80 225 272 1734
504 1032 225 273 1735
10141 1727 209 273 1735
10088 1730 220 273 1735
632 81 240 273 1735
10141 1728 218 274 1736
10088 1731 217 274 1736
102 1037 222 274 1736
708 56 221 274 1736
632 82 231 274 1736
10141 1729 212 275 1737
10088 1732 210 275 1737
190 114 224 275 1737
632 83 231 275 1737
504 1035 223 276 1738
10141 1730 219 276 1738
10088 1733 216 276 1738
102 1039 221 276 1738
190 115 221 276 1738
10141 1731 215 277 1739
10088 1734 208 277 1739
687 1054 231 277 1739
102 1040 222 277 1739
583 244 227 277 1739
708 59 226 277 1739
10141 1732 212 278 1740
504 1037 223 278 1740
10088 1735 218 278 1740
583 245 229 278 1740
708 60 225 278 1740
10065 1743 211 278 1740
10141 1733 209 279 1741
10088 1736 223 279 1741
102 1042 221 279 1741
632 87 227 279 1741
10141 1734 212 280 1742
10088 1737 223 280 1742
190 119 221 280 1742
10141 1735 219 281 1743
504 1040 224 281 1743
10088 1738 210 281 1743
632 89 225 281 1743
10141 1736 210 282 1744
10088 1739 211 282 1744
504 1041 221 282 1744
583 249 222 282 1744
687 1059 225 282 1744
190 121 226 282 1744
708 64 223 282 1744
632 90 221 282 1744
10141 1737 213 283 1745
10088 1740 218 283 1745
687 1060 223 283 1745
708 65 229 283 1745
632 91 223 283 1745
10141 1738 212 284 1746
10088 1741 216 284 1746
504 1043 226 284 1746
687 1061 225 284 1746
190 123 222 284 1746
10141 1739 212 285 1747
410 1047 223 285 1747
10088 1742 215 285 1747
687 1062 237 285 1747
190 124 223 285 1747
632 93 221 285 1747
238 1031 224 285 1747
2 1049 221 285 1747
10141 1740 210 286 1748
10088 1743 209 286 1748
687 1063 231 286 1748
238 1032 223 286 1748
2 1050 226 286 1748
10141 1741 213 287 1749
10088 1744 226 287 1749
532 258 221 287 1749
504 1046 225 287 1749
583 254 221 287 1749
238 1033 225 287 1749
410 1050 222 288 1750
10141 1742 215 288 1750
10088 1745 221 288 1750
687 1065 226 288 1750
532 259 223 288 1750
504 1047 225 288 1750
583 255 221 288 1750
708 70 227 288 1750
632 96 221 288 1750
238 1034 223 288 1750
701 36 223 288 1750
10141 1743 215 289 1751
10088 1746 225 289 1751
532 260 221 289 1751
504 1048 223 289 1751
708 71 221 289 1751
632 97 221 289 1751
10141 1744 212 290 1752
410 1052 227 290 1752
10088 1747 223 290 1752
504 1049 223 290 1752
583 257 223 290 1752
127 1076 221 290 1752
238 1036 222 290 1752
10141 1745 213 291 1753
10088 1748 210 291 1753
583 258 225 291 1753
504 1050 221 291 1753
127 1077 225 291 1753
10141 1746 215 292 1754
10088 1749 227 292 1754
190 131 221 292 1754
102 1055 221 292 1754
708 74 223 292 1754
10141 1747 218 293 1755
410 1055 234 293 1755
10088 1750 217 293 1755
687 1070 227 293 1755
504 1052 226 293 1755
127 1079 233 293 1755
632 101 226 293 1755
10141 1748 210 294 1756
410 1056 225 294 1756
10088 1751 219 294 1756
504 1053 227 294 1756
102 1057 223 294 1756
632 102 222 294 1756
10141 1749 212 295 1757
10088 1752 211 295 1757
687 1072 225 295 1757
127 1081 226 295 1757
632 103 224 295 1757
10141 1750 210 296 1758
10088 1753 211 296 1758
410 1058 237 296 1758
687 1073 235 296 1758
504 1055 221 296 1758
632 104 221 296 1758
10141 1751 216 297 1759
10088 1754 223 297 1759
504 1056 221 297 1759
687 1074 221 297 1759
127 1083 221 297 1759
10141 1752 211 298 1760
410 1060 233 298 1760
10088 1755 211 298 1760
583 2 229 298 1760
687 1075 230 298 1760
190 137 221 298 1760
701 46 221 298 1760
632 106 230 298 1760
10065 1763 207 298 1760
10088 1756 217 299 1761
410 1061 225 299 1761
583 3 227 299 1761
687 1076 238 299 1761
190 138 223 299 1761
127 1085 223 299 1761
10141 1754 209 300 1762
10088 1757 209 300 1762
583 4 225 300 1762
687 1077 225 300 1762
102 1063 221 300 1762
632 108 229 300 1762
10065 1765 207 300 1762
10141 1755 211 301 1763
10088 1758 208 301 1763
410 1063 224 301 1763
504 1060 223 301 1763
687 1078 229 301 1763
190 140 222 301 1763
708 83 223 301 1763
632 109 227 301 1763
10141 1756 211 302 1764
10088 1759 221 302 1764
410 1064 233 302 1764
687 1079 237 302 1764
708 84 225 302 1764
701 50 221 302 1764
10065 1767 207 302 1764
632 110 231 302 1764
10141 1757 221 303 1765
10088 1760 221 303 1765
583 7 221 303 1765
410 1065 223 303 1765
687 1080 227 303 1765
532 274 225 303 1765
632 111 226 303 1765
10141 1758 211 304 1766
10088 1761 222 304 1766
583 8 222 304 1766
687 1081 223 304 1766
504 1063 221 304 1766
532 275 221 304 1766
190 143 221 304 1766
708 86 227 304 1766
127 1090 230 304 1766
238 1050 229 304 1766
2 1068 221 304 1766
632 112 221 304 1766
10141 1759 213 305 1767
10088 1762 217 305 1767
687 1082 233 305 1767
190 144 222 305 1767
127 1091 221 305 1767
632 113 235 305 1767
10141 1760 207 306 1768
10088 1763 219 306 1768
687 1083 225 306 1768
190 145 222 306 1768
10050 1772 208 306 1768
10141 1761 211 307 1769
632 1 235 307 1769
10088 1764 215 307 1769
410 1069 223 307 1769
687 1084 234 307 1769
504 1066 227 307 1769
102 1070 225 307 1769
708 89 224 307 1769
10141 1762 212 308 1770
632 2 230 308 1770
10088 1765 218 308 1770
504 1067 233 308 1770
687 1085 225 308 1770
190 147 225 308 1770
102 1071 221 308 1770
708 90 228 308 1770
10050 1774 209 308 1770
10141 1763 209 309 1771
10088 1766 223 309 1771
410 1071 228 309 1771
504 1068 232 309 1771
532 280 221 309 1771
10141 1764 212 310 1772
632 4 225 310 1772
10088 1767 217 310 1772
504 1069 227 310 1772
532 281 221 310 1772
687 1087 227 310 1772
708 92 223 310 1772
10141 1765 209 311 1773
10088 1768 218 311 1773
583 15 221 311 1773
504 1070 227 311 1773
410 1073 231 311 1773
687 1088 221 311 1773
190 150 222 311 1773
708 93 227 311 1773
10088 1769 225 312 1774
410 1074 225 312 1774
190 151 223 312 1774
102 1075 223 312 1774
708 94 233 312 1774
632 7 221 313 1775
10088 1770 218 313 1775
410 1075 225 313 1775
190 152 221 313 1775
708 95 235 313 1775
238 1059 223 313 1775
10141 1768 210 314 1776
10088 1771 218 314 1776
504 1073 221 314 1776
190 153 221 314 1776
708 96 223 314 1776
10141 1769 213 315 1777
632 9 223 315 1777
10088 1772 218 315 1777
410 1077 227 315 1777
708 97 225 315 1777
127 1101 223 315 1777
2 1079 221 315 1777
10141 1770 211 316 1778
10088 1773 225 316 1778
504 1075 225 316 1778
410 1078 227 316 1778
190 155 223 316 1778
708 98 235 316 1778
127 1102 225 316 1778
10141 1771 210 317 1779
10088 1774 223 317 1779
504 1076 223 317 1779
410 1079 227 317 1779
102 1080 223 317 1779
708 99 239 317 1779
127 1103 229 317 1779
10088 1775 210 318 1780
10141 1773 209 319 1781
10088 1776 223 319 1781
708 101 231 319 1781
10088 1777 222 320 1782
2 1084 221 320 1782
10141 1775 212 321 1783
504 1080 221 321 1783
410 1083 230 321 1783
10088 1778 209 321 1783
632 16 223 322 1784
10141 1776 210 322 1784
410 1084 225 322 1784
10088 1779 215 322 1784
708 104 224 322 1784
238 1068 221 322 1784
2 1086 225 322 1784
632 17 227 323 1785
10088 1780 214 323 1785
583 27 225 323 1785
102 1086 224 323 1785
708 105 227 323 1785
504 1083 223 324 1786
10141 1778 208 324 1786
410 1086 223 324 1786
10088 1781 218 324 1786
687 1101 226 324 1786
190 163 229 324 1786
102 1087 227 324 1786
127 1110 221 324 1786
10065 1789 209 324 1786
504 1084 223 325 1787
632 19 231 325 1787
10141 1779 221 325 1787
10088 1782 212 325 1787
583 29 225 325 1787
687 1102 229 325 1787
102 1088 227 325 1787
504 1085 223 326 1788
632 20 237 326 1788
10141 1780 227 326 1788
410 1088 225 326 1788
10088 1783 217 326 1788
583 30 223 326 1788
687 1103 226 326 1788
190 165 225 326 1788
127 1112 223 326 1788
10050 1792 209 326 1788
10065 1791 209 326 1788
504 1086 225 327 1789
632 21 228 327 1789
10141 1781 221 327 1789
10088 1784 209 327 1789
687 1104 228 327 1789
190 166 231 327 1789
708 109 222 327 1789
10141 1782 223 328 1790
10088 1785 212 328 1790
102 1091 223 328 1790
701 76 221 328 1790
504 1088 221 329 1791
632 23 239 329 1791
10141 1783 213 329 1791
10088 1786 223 329 1791
687 1106 233 329 1791
102 1092 231 329 1791
708 111 221 329 1791
504 1089 231 330 1792
632 24 231 330 1792
10141 1784 224 330 1792
10088 1787 217 330 1792
532 301 223 330 1792
687 1107 233 330 1792
190 169 221 330 1792
102 1093 223 330 1792
127 1116 225 330 1792
504 1090 226 331 1793
632 25 230 331 1793
10141 1785 221 331 1793
10088 1788 212 331 1793
410 1093 221 331 1793
687 1108 231 331 1793
190 170 221 331 1793
102 1094 221 331 1793
708 113 221 331 1793
504 1091 228 332 1794
10141 1786 216 332 1794
10088 1789 223 332 1794
410 1094 233 332 1794
687 1109 224 332 1794
190 171 221 332 1794
708 114 227 332 1794
127 1118 223 332 1794
632 27 223 333 1795
504 1092 223 333 1795
10141 1787 212 333 1795
10088 1790 208 333 1795
532 304 221 333 1795
687 1110 222 333 1795
102 1096 225 333 1795
708 115 223 333 1795
504 1093 227 334 1796
10141 1788 218 334 1796
10088 1791 223 334 1796
532 305 221 334 1796
410 1096 232 334 1796
687 1111 231 334 1796
583 38 221 334 1796
190 173 223 334 1796
102 1097 226 334 1796
10065 1799 209 334 1796
632 29 229 335 1797
504 1094 227 335 1797
10141 1789 213 335 1797
10088 1792 219 335 1797
410 1097 227 335 1797
190 174 225 335 1797
583 39 228 335 1797
102 1098 221 335 1797
708 117 225 335 1797
632 30 221 336 1798
10141 1790 216 336 1798
10088 1793 208 336 1798
687 1113 223 336 1798
708 118 229 336 1798
632 31 231 337 1799
10141 1791 215 337 1799
504 1096 233 337 1799
410 1099 226 337 1799
10088 1794 223 337 1799
687 1114 222 337 1799
708 119 221 337 1799
632 32 224 338 1800
10141 1792 217 338 1800
10088 1795 217 338 1800
687 1115 221 338 1800
127 1124 225 338 1800
10065 1803 207 338 1800
10141 1793 220 339 1801
10088 1796 217 339 1801
687 1116 230 339 1801
190 178 224 339 1801
708 121 225 339 1801
10065 1804 209 339 1801
632 34 221 340 1802
10141 1794 207 340 1802
10088 1797 220 340 1802
583 44 221 340 1802
687 1117 225 340 1802
708 122 226 340 1802
10050 1806 208 340 1802
10141 1795 216 341 1803
10088 1798 227 341 1803
687 1118 223 341 1803
102 1104 223 341 1803
708 123 225 341 1803
632 36 227 342 1804
10141 1796 212 342 1804
10088 1799 223 342 1804
583 46 227 342 1804
687 1119 227 342 1804
708 124 227 342 1804
701 90 221 342 1804
632 37 230 343 1805
10141 1797 221 343 1805
10088 1800 217 343 1805
583 47 221 343 1805
504 1103 225 344 1806
10141 1798 213 344 1806
10088 1801 215 344 1806
583 48 223 344 1806
708 126 223 344 1806
632 39 227 345 1807
583 49 223 345 1807
190 184 221 345 1807
708 127 221 345 1807
2 1109 221 345 1807
127 1131 224 345 1807
632 40 223 346 1808
10141 1800 213 346 1808
10088 1803 217 346 1808
583 50 227 346 1808
708 128 224 346 1808
504 1106 225 347 1809
10141 1801 212 347 1809
10088 1804 216 347 1809
583 51 221 347 1809
102 1110 221 347 1809
10141 1802 209 348 1810
632 42 223 348 1810
687 1125 229 348 1810
10088 1805 214 348 1810
410 1110 227 348 1810
583 52 222 348 1810
632 43 223 349 1811
10141 1803 214 349 1811
687 1126 229 349 1811
10088 1806 219 349 1811
583 53 221 349 1811
102 1112 225 349 1811
127 1135 222 349 1811
10141 1804 209 350 1812
687 1127 227 350 1812
10088 1807 217 350 1812
583 54 221 350 1812
102 1113 224 350 1812
708 132 223 350 1812
127 1136 227 350 1812
10141 1805 211 351 1813
410 1113 223 351 1813
687 1128 221 351 1813
10088 1808 219 351 1813
583 55 225 351 1813
102 1114 225 351 1813
708 133 223 351 1813
127 1137 225 351 1813
504 1111 231 352 1814
10141 1806 213 352 1814
632 46 222 352 1814
10088 1809 221 352 1814
687 1129 228 352 1814
583 56 223 352 1814
102 1115 227 352 1814
708 134 222 352 1814
504 1112 227 353 1815
632 47 230 353 1815
10141 1807 213 353 1815
410 1115 223 353 1815
10088 1810 223 353 1815
687 1130 225 353 1815
583 57 225 353 1815
102 1116 225 353 1815
708 135 222 353 1815
504 1113 227 354 1816
632 48 225 354 1816
10141 1808 213 354 1816
10088 1811 221 354 1816
687 1131 225 354 1816
190 193 223 354 1816
583 58 225 354 1816
102 1117 223 354 1816
708 136 221 354 1816
504 1114 226 355 1817
632 49 223 355 1817
10141 1809 209 355 1817
410 1117 221 355 1817
10088 1812 223 355 1817
687 1132 223 355 1817
190 194 227 355 1817
583 59 223 355 1817
102 1118 223 355 1817
127 1141 221 355 1817
504 1115 229 356 1818
10141 1810 213 356 1818
632 50 233 356 1818
10088 1813 219 356 1818
687 1133 225 356 1818
190 195 224 356 1818
583 60 223 356 1818
102 1119 223 356 1818
532 328 222 357 1819
10141 1811 213 357 1819
632 51 225 357 1819
410 1119 221 357 1819
10088 1814 223 357 1819
687 1134 228 357 1819
190 196 224 357 1819
583 61 223 357 1819
102 1120 224 357 1819
532 329 223 358 1820
10141 1812 215 358 1820
632 52 230 358 1820
410 1120 221 358 1820
10088 1815 222 358 1820
190 197 226 358 1820
687 1135 228 358 1820
583 62 224 358 1820
102 1121 224 358 1820
10141 1813 215 359 1821
10088 1816 221 359 1821
410 1121 225 359 1821
687 1136 231 359 1821
190 198 227 359 1821
583 63 223 359 1821
102 1122 222 359 1821
10141 1814 208 360 1822
10088 1817 221 360 1822
410 1122 226 360 1822
583 64 221 360 1822
190 199 228 360 1822
102 1123 223 360 1822
504 1120 233 361 1823
10088 1818 216 361 1823
632 55 231 361 1823
410 1123 226 361 1823
687 1138 225 361 1823
583 65 230 361 1823
190 200 229 361 1823
102 1124 222 361 1823
504 1121 233 362 1824
10088 1819 217 362 1824
632 56 226 362 1824
687 1139 223 362 1824
583 66 224 362 1824
504 1122 236 363 1825
10141 1817 216 363 1825
10088 1820 223 363 1825
632 57 221 363 1825
687 1140 229 363 1825
583 67 221 363 1825
102 1126 221 363 1825
10141 1818 210 364 1826
10088 1821 220 364 1826
687 1141 225 364 1826
583 68 227 364 1826
102 1127 223 364 1826
504 1124 227 365 1827
10141 1819 208 365 1827
10088 1822 217 365 1827
687 1142 228 365 1827
583 69 227 365 1827
102 1128 221 365 1827
10141 1820 209 366 1828
10088 1823 220 366 1828
190 205 226 366 1828
708 148 227 366 1828
504 1126 221 367 1829
10141 1821 217 367 1829
10088 1824 227 367 1829
190 206 227 367 1829
708 149 221 367 1829
701 115 225 367 1829
127 1153 221 367 1829
238 1113 222 367 1829
10141 1822 208 368 1830
410 1130 233 368 1830
632 62 221 368 1830
10088 1825 217 368 1830
687 1145 228 368 1830
583 72 223 368 1830
190 207 224 368 1830
102 1131 221 368 1830
708 150 225 368 1830
2 1132 223 368 1830
10141 1823 209 369 1831
632 63 221 369 1831
687 1146 225 369 1831
10088 1826 217 369 1831
583 73 225 369 1831
708 151 234 369 1831
10141 1824 211 370 1832
687 1147 233 370 1832
10088 1827 212 370 1832
708 152 233 370 1832
504 1130 221 371 1833
10141 1825 210 371 1833
10088 1828 214 371 1833
687 1148 227 371 1833
102 1134 227 371 1833
708 153 229 371 1833
2 1135 221 371 1833
238 1117 221 371 1833
532 343 225 372 1834
10141 1826 210 372 1834
10088 1829 209 372 1834
687 1149 231 372 1834
102 1135 227 372 1834
708 154 237 372 1834
532 344 223 373 1835
10141 1827 210 373 1835
10088 1830 218 373 1835
687 1150 229 373 1835
102 1136 223 373 1835
708 155 235 373 1835
532 345 222 374 1836
10141 1828 210 374 1836
10088 1831 213 374 1836
687 1151 235 374 1836
102 1137 223 374 1836
708 156 237 374 1836
10141 1829 210 375 1837
10088 1832 213 375 1837
687 1152 233 375 1837
583 79 221 375 1837
102 1138 225 375 1837
708 157 236 375 1837
10141 1830 211 376 1838
10088 1833 211 376 1838
687 1153 225 376 1838
708 158 233 376 1838
10141 1831 210 377 1839
10088 1834 213 377 1839
687 1154 230 377 1839
708 159 237 377 1839
10141 1832 213 378 1840
10088 1835 208 378 1840
687 1155 227 378 1840
583 82 221 378 1840
708 160 236 378 1840
632 73 233 379 1841
687 1156 227 379 1841
10088 1836 210 379 1841
583 83 221 379 1841
708 161 238 379 1841
632 74 226 380 1842
10141 1834 209 380 1842
687 1157 227 380 1842
10088 1837 211 380 1842
583 84 224 380 1842
708 162 237 380 1842
632 75 225 381 1843
10141 1835 208 381 1843
687 1158 223 381 1843
102 1144 221 381 1843
708 163 239 381 1843
2 1145 221 381 1843
632 76 225 382 1844
10141 1836 210 382 1844
10088 1839 211 382 1844
687 1159 227 382 1844
102 1145 221 382 1844
708 164 235 382 1844
504 1142 224 383 1845
10141 1837 213 383 1845
687 1160 221 383 1845
10088 1840 215 383 1845
583 87 221 383 1845
102 1146 221 383 1845
708 165 233 383 1845
2 1147 231 383 1845
127 1169 227 383 1845
632 78 221 384 1846
410 1146 221 384 1846
10141 1838 210 384 1846
532 355 222 384 1846
10088 1841 221 384 1846
190 223 221 384 1846
708 166 230 384 1846
632 79 227 385 1847
410 1147 221 385 1847
532 356 221 385 1847
687 1162 226 385 1847
10088 1842 210 385 1847
708 167 227 385 1847
127 1171 223 385 1847
10050 1851 209 385 1847
190 225 225 386 1848
395 1086 221 386 1848
708 168 225 386 1848
632 81 221 387 1849
504 1146 227 387 1849
410 1149 227 387 1849
10141 1841 222 387 1849
687 1164 225 387 1849
10088 1844 208 387 1849
708 169 223 387 1849
10050 1853 210 387 1849
632 82 230 388 1850
504 1147 224 388 1850
10141 1842 223 388 1850
687 1165 223 388 1850
127 1174 224 388 1850
238 1134 221 388 1850
504 1148 233 389 1851
10141 1843 213 389 1851
532 360 233 389 1851
10088 1846 225 389 1851
583 93 223 389 1851
102 1152 224 389 1851
708 171 221 389 1851
10050 1855 211 389 1851
410 1152 223 390 1852
632 84 225 390 1852
532 361 227 390 1852
10088 1847 223 390 1852
190 229 228 390 1852
102 1153 227 390 1852
708 172 249 390 1852
701 138 235 390 1852
127 1176 226 390 1852
410 1153 225 391 1853
504 1150 229 391 1853
10141 1845 208 391 1853
532 362 225 391 1853
10088 1848 215 391 1853
190 230 227 391 1853
102 1154 235 391 1853
708 173 222 391 1853
701 139 227 391 1853
687 1169 221 392 1854
10088 1849 231 392 1854
633 1145 223 392 1854
10050 1858 222 392 1854
10065 1857 208 392 1854
10101 1848 225 393 1855
10169 1856 213 393 1855
422 331 235 393 1855
571 274 224 393 1855
497 1160 222 393 1855
452 988 222 393 1855
10050 1859 217 393 1855
687 1171 240 394 1856
10141 1848 215 394 1856
10101 1849 209 394 1856
10061 1860 218 394 1856
10169 1857 208 394 1856
583 98 241 394 1856
10138 1850 210 394 1856
422 332 224 394 1856
188 646 225 395 1857
687 1172 223 395 1857
10101 1850 219 395 1857
10061 1861 208 395 1857
634 492 221 395 1857
10169 1858 210 395 1857
10138 1851 213 395 1857
322 1153 221 395 1857
169 463 226 395 1857
470 1080 221 395 1857
760 66 225 396 1858
10128 1852 217 396 1858
10101 1851 225 396 1858
10061 1862 212 396 1858
18 156 221 396 1858
10169 1859 212 396 1858
317 71 221 396 1858
350 1169 225 396 1858
10138 1852 219 396 1858
210 228 226 396 1858
422 334 222 396 1858
10050 1862 207 396 1858
10138 1857 222 401 1863
208 1174 221 401 1863
399 410 231 401 1863
10101 1857 208 401 1863
10061 1868 209 401 1863
10068 1869 215 401 1863
10138 1858 223 402 1864
422 340 223 402 1864
208 1175 225 402 1864
10128 1859 209 402 1864
399 411 229 402 1864
354 235 233 402 1864
10068 1870 224 402 1864
10138 1859 234 403 1865
405 128 226 403 1865
459 1155 237 403 1865
208 1176 221 403 1865
399 412 227 403 1865
373 270 222 403 1865
10101 1859 210 403 1865
10068 1871 209 403 1865
10138 1860 231 404 1866
10068 1872 220 404 1866
10138 1861 210 405 1867
112 271 223 405 1867
557 406 229 405 1867
354 238 223 405 1867
10068 1873 217 405 1867
557 407 221 406 1868
10068 1874 212 406 1868
10138 1863 211 407 1869
385 245 221 407 1869
557 408 224 407 1869
354 240 223 407 1869
10068 1875 215 407 1869
10138 1864 222 408 1870
385 246 238 408 1870
354 241 221 408 1870
10068 1876 212 408 1870
10138 1865 217 409 1871
385 247 235 409 1871
354 242 221 409 1871
10068 1877 208 409 1871
101 1162 222 410 1872
10138 1866 212 410 1872
385 248 221 410 1872
10068 1878 209 410 1872
10138 1867 225 411 1873
557 412 226 411 1873
10068 1879 213 411 1873
10138 1868 218 412 1874
385 250 237 412 1874
10068 1880 215 412 1874
10138 1869 211 413 1875
557 414 225 413 1875
10068 1881 213 413 1875
10068 1882 209 414 1876
10138 1871 214 415 1877
385 253 223 415 1877
557 416 223 415 1877
10068 1883 212 415 1877
10138 1872 225 416 1878
385 254 223 416 1878
354 249 221 416 1878
10138 1873 226 417 1879
385 255 221 417 1879
399 426 223 417 1879
10138 1874 217 418 1880
112 284 225 418 1880
459 1170 223 418 1880
208 1191 225 418 1880
354 251 225 418 1880
405 144 221 419 1881
101 1171 221 419 1881
10138 1875 208 419 1881
385 257 226 419 1881
10068 1887 209 420 1882
405 145 221 420 1882
101 1172 227 420 1882
10138 1876 221 420 1882
459 1172 221 420 1882
71 2 221 420 1882
557 421 227 420 1882
10101 1876 207 420 1882
354 253 227 420 1882
101 1173 221 421 1883
10138 1877 218 421 1883
385 259 225 421 1883
399 430 223 421 1883
354 254 223 421 1883
10068 1889 207 422 1884
10138 1878 221 422 1884
385 260 235 422 1884
557 423 223 422 1884
10068 1890 210 423 1885
10138 1879 219 423 1885
385 261 225 423 1885
10068 1891 213 424 1886
101 1176 225 424 1886
10138 1880 220 424 1886
385 262 225 424 1886
10068 1892 213 425 1887
101 1177 223 425 1887
10138 1881 218 425 1887
385 263 229 425 1887
354 258 223 425 1887
10068 1893 213 426 1888
10138 1882 226 426 1888
385 264 229 426 1888
354 259 223 426 1888
10068 1894 215 426 1888
405 152 221 427 1889
10138 1883 219 427 1889
385 265 241 427 1889
112 293 221 427 1889
354 260 221 427 1889
10068 1895 215 428 1890
10138 1884 219 428 1890
71 10 221 428 1890
385 266 247 428 1890
459 1180 221 428 1890
10068 1896 211 429 1891
10138 1885 223 429 1891
385 267 224 429 1891
10068 1897 212 430 1892
10138 1886 214 430 1892
385 268 225 430 1892
557 431 224 430 1892
10061 1897 208 430 1892
10068 1898 220 431 1893
10138 1887 219 431 1893
385 269 235 431 1893
557 432 221 431 1893
10101 1887 208 431 1893
10061 1898 207 431 1893
10068 1899 218 431 1893
10138 1888 212 432 1894
399 441 221 432 1894
354 265 221 432 1894
10068 1900 210 432 1894
10138 1889 216 433 1895
385 271 225 433 1895
71 15 223 433 1895
10068 1901 212 433 1895
10138 1890 223 434 1896
71 16 221 434 1896
385 272 222 434 1896
112 300 225 434 1896
557 435 225 434 1896
354 267 225 434 1896
10068 1902 210 434 1896
10138 1891 211 435 1897
71 17 225 435 1897
459 1187 230 435 1897
10101 1891 208 435 1897
10068 1903 211 435 1897
10138 1892 219 436 1898
71 18 224 436 1898
385 274 221 436 1898
459 1188 223 436 1898
557 437 233 436 1898
10141 1891 208 436 1898
10101 1892 208 436 1898
10068 1904 210 436 1898
10138 1893 221 437 1899
71 19 225 437 1899
385 275 227 437 1899
459 1189 223 437 1899
557 438 226 437 1899
10141 1892 209 437 1899
10101 1893 208 437 1899
385 276 225 438 1900
459 1190 227 438 1900
101 12 221 438 1900
557 439 229 438 1900
10141 1893 208 438 1900
354 271 223 438 1900
385 277 223 439 1901
10138 1895 214 439 1901
459 1191 225 439 1901
557 440 229 439 1901
10068 1907 214 439 1901
10138 1896 218 440 1902
101 14 221 440 1902
557 441 225 440 1902
10101 1896 207 440 1902
10068 1908 210 440 1902
385 279 223 441 1903
10138 1897 223 441 1903
557 442 225 441 1903
354 274 221 441 1903
10138 1898 220 442 1904
459 1194 225 442 1904
10141 1897 208 442 1904
10138 1899 210 443 1905
71 25 224 443 1905
399 452 222 443 1905
10138 1900 213 444 1906
385 282 221 444 1906
10068 1912 207 444 1906
10138 1901 215 445 1907
385 283 230 445 1907
71 27 229 445 1907
101 19 223 445 1907
112 311 221 445 1907
354 278 221 445 1907
10068 1913 209 445 1907
10138 1902 218 446 1908
385 284 221 446 1908
557 447 221 446 1908
354 279 234 446 1908
10141 1901 207 446 1908
10068 1914 214 446 1908
71 1 223 447 1909
10138 1903 226 447 1909
385 285 239 447 1909
557 448 229 447 1909
10138 1904 210 448 1910
385 286 233 448 1910
557 449 227 448 1910
10068 1916 211 449 1911
10138 1905 221 449 1911
385 287 229 449 1911
10128 1906 210 449 1911
557 450 221 449 1911
354 282 227 449 1911
10141 1904 210 449 1911
10101 1905 210 449 1911
10061 1916 208 449 1911
10068 1917 221 450 1912
385 288 225 450 1912
557 451 223 450 1912
10068 1918 209 451 1913
10138 1907 210 451 1913
112 317 223 451 1913
557 452 233 451 1913
10068 1919 208 452 1914
405 177 225 452 1914
10138 1908 227 452 1914
385 290 233 452 1914
101 26 230 452 1914
459 1204 232 452 1914
208 1225 221 452 1914
112 318 226 452 1914
422 35 223 452 1914
557 453 227 452 1914
10101 1908 208 452 1914
10061 1919 208 452 1914
399 461 226 452 1914
10068 1920 225 453 1915
71 7 229 453 1915
405 178 223 453 1915
10138 1909 229 453 1915
385 291 233 453 1915
459 1205 228 453 1915
101 27 222 453 1915
422 36 225 453 1915
557 454 223 453 1915
354 286 231 453 1915
10141 1908 207 453 1915
399 462 230 453 1915
10068 1921 219 454 1916
10138 1910 229 454 1916
385 292 223 454 1916
101 28 225 454 1916
459 1206 223 454 1916
112 320 229 454 1916
208 1227 225 454 1916
354 287 223 454 1916
10068 1922 212 455 1917
10138 1911 233 455 1917
101 29 221 455 1917
557 456 221 455 1917
354 288 225 455 1917
10101 1911 208 455 1917
10068 1923 217 456 1918
71 10 221 456 1918
10138 1912 225 456 1918
385 294 225 456 1918
459 1208 226 456 1918
208 1229 221 456 1918
10068 1924 214 457 1919
10138 1913 224 457 1919
112 323 225 457 1919
101 31 222 457 1919
208 1230 221 457 1919
354 290 226 457 1919
354 291 221 458 1920
10068 1926 210 459 1921
10138 1915 239 459 1921
442 1225 225 459 1921
459 1211 227 459 1921
208 1232 221 459 1921
10068 1927 209 460 1922
10138 1916 227 460 1922
459 1212 224 460 1922
557 461 222 460 1922
10068 1928 215 461 1923
10138 1917 223 461 1923
459 1213 223 461 1923
354 294 222 461 1923
10068 1929 211 462 1924
71 16 223 462 1924
385 300 223 462 1924
10138 1918 220 462 1924
459 1214 224 462 1924
112 328 222 462 1924
71 17 223 463 1925
10138 1919 213 463 1925
459 1215 225 463 1925
10068 1931 209 464 1926
385 303 235 465 1927
10138 1921 215 465 1927
101 39 222 465 1927
399 474 224 465 1927
10068 1933 212 465 1927
385 304 225 466 1928
10138 1922 223 466 1928
459 1218 225 466 1928
354 299 223 466 1928
399 475 221 466 1928
10061 1933 208 466 1928
10068 1934 210 466 1928
10138 1923 225 467 1929
459 1219 227 467 1929
101 41 223 467 1929
10061 1934 207 467 1929
10138 1924 221 468 1930
459 1220 226 468 1930
557 469 221 468 1930
354 301 221 468 1930
10068 1936 208 468 1930
10138 1925 209 469 1931
101 43 222 469 1931
557 470 225 469 1931
10138 1926 217 470 1932
459 1222 221 470 1932
399 479 225 470 1932
385 309 224 471 1933
10138 1927 211 471 1933
112 337 221 471 1933
557 472 221 471 1933
10068 1939 211 471 1933
10138 1928 220 472 1934
459 1224 221 472 1934
101 46 225 472 1934
10068 1940 212 472 1934
405 198 221 473 1935
10138 1929 220 473 1935
459 1225 224 473 1935
399 482 223 473 1935
405 199 224 474 1936
10138 1930 221 474 1936
112 340 221 474 1936
10068 1942 207 474 1936
405 200 222 475 1937
10138 1931 221 475 1937
405 201 225 476 1938
10138 1932 226 476 1938
10068 1944 208 476 1938
405 202 225 477 1939
10138 1933 223 477 1939
10068 1945 212 477 1939
10138 1934 219 478 1940
101 52 223 478 1940
405 204 226 479 1941
10138 1935 213 479 1941
101 53 224 479 1941
10101 1935 207 479 1941
405 205 221 480 1942
459 1232 224 480 1942
112 346 221 480 1942
101 54 221 480 1942
10068 1948 210 480 1942
405 206 221 481 1943
10138 1937 216 481 1943
459 1233 224 481 1943
101 55 229 481 1943
10138 1938 212 482 1944
459 1234 221 482 1944
557 483 224 482 1944
10068 1950 212 482 1944
10138 1939 223 483 1945
385 321 221 483 1945
101 57 221 483 1945
557 484 226 483 1945
10068 1951 211 483 1945
10138 1940 221 484 1946
101 58 225 484 1946
557 485 225 484 1946
399 493 221 484 1946
10068 1952 210 484 1946
10138 1941 219 485 1947
101 59 221 485 1947
557 486 227 485 1947
10068 1953 215 485 1947
10138 1942 223 486 1948
101 60 223 486 1948
557 487 229 486 1948
10068 1954 211 486 1948
10138 1943 223 487 1949
101 61 221 487 1949
10101 1943 208 487 1949
10068 1955 209 487 1949
405 213 227 488 1950
557 489 224 488 1950
10068 1956 210 488 1950
10138 1945 219 489 1951
557 490 225 489 1951
10068 1957 214 489 1951
10138 1946 219 490 1952
459 1242 221 490 1952
112 356 225 490 1952
557 491 221 490 1952
399 499 222 490 1952
10068 1958 209 490 1952
10138 1947 219 491 1953
112 357 225 491 1953
557 492 223 491 1953
10101 1947 207 491 1953
10068 1959 210 491 1953
10138 1948 217 492 1954
399 501 221 492 1954
10068 1960 209 492 1954
405 218 223 493 1955
10138 1949 219 493 1955
112 359 223 493 1955
459 1245 222 493 1955
71 48 221 493 1955
10068 1961 211 493 1955
10138 1950 219 494 1956
10138 1951 210 495 1957
459 1247 226 495 1957
10068 1963 209 495 1957
10138 1952 209 496 1958
459 1248 223 496 1958
10068 1964 210 496 1958
385 335 224 497 1959
10138 1953 217 497 1959
459 1249 225 497 1959
385 336 223 498 1960
10138 1954 215 498 1960
459 1250 225 498 1960
10068 1966 208 498 1960
10138 1955 212 499 1961
459 1251 223 499 1961
557 500 221 499 1961
405 225 225 500 1962
10138 1956 222 500 1962
10068 1968 210 500 1962
385 339 231 501 1963
459 1253 225 501 1963
101 75 221 501 1963
399 510 223 501 1963
10068 1969 211 501 1963
385 340 221 502 1964
10138 1958 216 502 1964
459 1254 222 502 1964
10101 1958 208 502 1964
10068 1970 218 502 1964
385 341 221 503 1965
10138 1959 208 503 1965
101 77 221 503 1965
557 504 226 503 1965
10068 1971 211 503 1965
399 512 221 503 1965
10138 1960 219 504 1966
101 78 222 504 1966
208 1277 227 504 1966
557 505 225 504 1966
10101 1960 207 504 1966
385 343 229 505 1967
10138 1961 227 505 1967
112 371 223 505 1967
101 79 221 505 1967
10128 1962 208 505 1967
10101 1961 208 505 1967
10068 1973 210 505 1967
399 514 221 505 1967
405 231 224 506 1968
10138 1962 211 506 1968
459 1258 225 506 1968
10068 1974 211 506 1968
10138 1963 217 507 1969
10138 1964 219 508 1970
10141 1963 208 508 1970
10101 1964 213 508 1970
71 63 227 508 1970
10068 1976 214 508 1970
422 48 223 509 1971
405 234 221 509 1971
10138 1965 223 509 1971
459 1261 226 509 1971
101 83 221 509 1971
208 1282 221 509 1971
373 376 221 509 1971
10101 1965 208 509 1971
10068 1977 211 509 1971
399 518 228 509 1971
422 49 221 510 1972
385 348 227 510 1972
10138 1966 225 510 1972
459 1262 223 510 1972
10101 1966 211 510 1972
10061 1977 207 510 1972
10068 1978 221 510 1972
10138 1967 229 511 1973
557 512 231 511 1973
10101 1967 207 511 1973
399 520 221 511 1973
10068 1979 219 511 1973
385 350 229 512 1974
10138 1968 225 512 1974
557 513 223 512 1974
71 67 227 512 1974
10068 1980 221 512 1974
422 52 223 513 1975
385 351 225 513 1975
10138 1969 213 513 1975
442 1279 221 513 1975
459 1265 227 513 1975
101 87 227 513 1975
10068 1981 219 513 1975
10138 1970 217 514 1976
442 1280 226 514 1976
208 1287 226 514 1976
10068 1982 220 514 1976
10138 1971 233 515 1977
442 1281 225 515 1977
112 381 221 515 1977
208 1288 233 515 1977
10068 1983 218 515 1977
405 241 221 516 1978
385 354 224 516 1978
10138 1972 219 516 1978
112 382 221 516 1978
101 90 221 516 1978
10068 1984 217 516 1978
10138 1973 216 517 1979
459 1269 229 517 1979
385 356 237 518 1980
10138 1974 221 518 1980
459 1270 221 518 1980
101 92 221 518 1980
10138 1975 222 519 1981
101 93 225 519 1981
10068 1987 207 519 1981
405 245 221 520 1982
385 358 225 520 1982
10138 1976 222 520 1982
101 94 223 520 1982
557 521 224 520 1982
10138 1977 223 521 1983
101 95 227 521 1983
385 360 233 522 1984
10138 1978 220 522 1984
459 1274 222 522 1984
112 388 222 522 1984
101 96 230 522 1984
557 523 225 522 1984
10101 1978 210 522 1984
10068 1990 209 522 1984
405 248 221 523 1985
385 361 222 523 1985
10138 1979 211 523 1985
459 1275 227 523 1985
101 97 221 523 1985
10101 1979 207 523 1985
399 532 221 523 1985
354 356 222 523 1985
385 362 233 524 1986
10138 1980 219 524 1986
459 1276 222 524 1986
101 98 227 524 1986
71 79 222 524 1986
10068 1992 208 524 1986
385 363 235 525 1987
10138 1981 225 525 1987
459 1277 222 525 1987
101 99 226 525 1987
557 526 221 525 1987
354 358 221 525 1987
10068 1993 211 525 1987
385 364 239 526 1988
10138 1982 212 526 1988
101 100 228 526 1988
10128 1983 210 526 1988
557 527 227 526 1988
10068 1994 209 526 1988
385 365 224 527 1989
10138 1983 219 527 1989
10101 1983 210 527 1989
399 536 221 527 1989
385 366 231 528 1990
10138 1984 225 528 1990
10101 1984 210 528 1990
10068 1996 207 528 1990
10138 1985 225 529 1991
557 530 222 529 1991
10101 1985 212 529 1991
399 538 222 529 1991
10138 1986 223 530 1992
10101 1986 209 530 1992
10068 1998 209 530 1992
385 369 225 531 1993
10138 1987 211 531 1993
10068 1999 210 531 1993
10138 1988 213 532 1994
385 371 225 533 1995
10138 1989 213 533 1995
10068 2001 211 533 1995
10138 1990 223 534 1996
10068 2002 212 534 1996
385 373 224 535 1997
10138 1991 218 535 1997
10068 2003 208 535 1997
10138 1992 223 536 1998
354 369 223 536 1998
10068 2004 208 536 1998
10138 1993 219 537 1999
10138 1994 214 538 2000
354 371 223 538 2000
10068 2006 207 538 2000
10138 1995 214 539 2001
459 1291 222 539 2001
557 540 221 539 2001
354 372 225 539 2001
10138 1996 220 540 2002
10138 1997 219 541 2003
10101 1997 208 541 2003
10138 1998 218 542 2004
354 375 221 542 2004
10068 2010 207 542 2004
399 551 221 543 2005
385 381 222 543 2005
10138 1999 216 543 2005
385 382 222 544 2006
10138 2000 219 544 2006
459 1296 221 544 2006
10101 2000 207 544 2006
354 377 223 544 2006
10138 2001 219 545 2007
459 1297 224 545 2007
385 384 223 546 2008
10138 2002 217 546 2008
459 1298 223 546 2008
354 379 221 546 2008
10068 2014 211 547 2009
10138 2003 220 547 2009
354 380 223 547 2009
10101 2004 209 548 2010
10138 2005 210 549 2011
459 1301 223 549 2011
10101 2005 209 549 2011
10138 2006 231 550 2012
10101 2006 208 550 2012
10068 2018 208 550 2012
10138 2007 219 551 2013
459 1303 224 551 2013
354 384 221 552 2014
10138 2008 213 552 2014
459 1304 223 552 2014
354 385 227 552 2014
10138 2009 213 553 2015
459 1305 223 553 2015
10068 2021 215 553 2015
10138 2010 231 554 2016
208 1327 221 554 2016
10068 2022 219 555 2017
385 393 239 555 2017
10138 2011 230 555 2017
208 1328 221 555 2017
101 129 222 555 2017
10068 2023 208 556 2018
354 388 221 556 2018
405 281 225 556 2018
10138 2012 228 556 2018
459 1308 225 556 2018
101 130 224 556 2018
71 11 221 556 2018
10068 2024 221 557 2019
354 389 221 557 2019
10138 2013 233 557 2019
442 1323 231 557 2019
10128 2014 208 557 2019
551 445 233 557 2019
10101 2013 231 557 2019
10061 2024 232 557 2019
10169 2021 218 557 2019
66 442 225 558 2020
396 807 225 558 2020
729 740 223 558 2020
399 566 222 558 2020
508 1235 233 558 2020
85 131 226 558 2020
10138 2014 209 558 2020
672 239 231 558 2020
10050 2024 211 558 2020
216 140 221 558 2020
10141 2013 218 558 2020
10101 2014 209 558 2020
10061 2025 207 558 2020
172 1329 222 558 2020
396 808 244 559 2021
152 1328 223 559 2021
268 2 223 559 2021
254 1157 235 559 2021
423 1319 223 559 2021
10050 2025 217 559 2021
702 1331 227 559 2021
378 1297 228 559 2021
10141 2014 217 559 2021
438 437 221 559 2021
343 1313 223 560 2022
10134 2015 223 560 2022
10106 2021 211 561 2023
10040 2018 210 561 2023
10076 2020 221 561 2023
10055 2024 219 562 2024
473 8 222 562 2024
471 751 223 562 2024
10173 2020 224 562 2024
10076 2021 235 562 2024
399 571 223 563 2025
10055 2025 217 563 2025
10173 2021 215 563 2025
10076 2022 221 563 2025
10055 2026 218 564 2026
10173 2022 223 564 2026
10106 2024 210 564 2026
10076 2023 223 564 2026
399 573 241 565 2027
10055 2027 224 565 2027
10018 1354 208 565 2027
10173 2023 216 565 2027
10076 2024 219 565 2027
399 574 231 566 2028
10055 2028 210 566 2028
10173 2024 208 566 2028
10076 2025 211 566 2028
399 575 232 567 2029
10055 2029 210 567 2029
10173 2025 217 567 2029
10106 2027 209 567 2029
10076 2026 219 567 2029
332 170 232 568 2030
642 331 229 568 2030
399 576 233 568 2030
10173 2026 225 568 2030
164 4 231 568 2030
10076 2027 217 568 2030
642 332 226 569 2031
10173 2027 213 569 2031
10076 2028 221 569 2031
399 578 223 570 2032
10173 2028 223 570 2032
10106 2030 208 570 2032
164 6 231 570 2032
10076 2029 232 570 2032
10055 2033 211 571 2033
