10080 622 240 0 620
10086 619 209 0 620
10083 619 208 0 620
10046 618 213 0 620
10080 623 242 1 621
10083 620 209 1 621
10071 622 209 1 621
10080 624 206 2 622
10087 621 235 2 622
10064 620 208 2 622
10087 622 233 3 623
10064 621 206 3 623
10087 623 233 4 624
10087 624 231 5 625
10087 625 219 6 626
10064 624 207 6 626
10080 629 211 7 627
10083 626 213 7 627
10046 625 211 7 627
10080 630 209 8 628
10083 627 211 8 628
10046 626 206 8 628
10080 631 209 9 629
10083 628 213 9 629
10046 627 209 9 629
10080 632 207 10 630
10083 629 213 10 630
10046 628 208 10 630
10080 633 219 11 631
10083 630 212 11 631
10046 629 208 11 631
10080 634 215 12 632
10080 635 211 13 633
10083 632 208 13 633
10080 636 209 14 634
10080 637 211 15 635
10083 634 211 15 635
10046 633 209 15 635
10080 638 209 16 636
10083 635 210 16 636
10080 639 210 17 637
10083 636 214 17 637
10080 640 221 18 638
10083 637 206 18 638
10046 636 210 18 638
10083 638 217 19 639
10046 637 210 19 639
10080 642 214 20 640
10083 639 208 20 640
10080 643 209 21 641
10083 640 212 21 641
10046 639 207 21 641
10080 644 210 22 642
10046 640 209 22 642
10080 645 221 23 643
10080 646 209 24 644
10046 642 212 24 644
10083 644 210 25 645
10046 643 207 25 645
10080 648 210 26 646
10083 645 210 26 646
10080 649 206 27 647
10046 645 206 27 647
10080 650 213 28 648
10083 647 206 28 648
10080 651 215 29 649
10083 648 206 29 649
10046 647 211 29 649
10080 652 213 30 650
10083 649 208 30 650
10080 653 212 31 651
10080 654 210 32 652
10080 655 212 33 653
10080 656 207 34 654
10083 653 206 34 654
10080 657 209 35 655
10083 654 206 35 655
10080 658 206 36 656
10080 660 209 38 658
10046 660 207 42 662
10083 662 210 43 663
10080 666 213 44 664
10083 663 206 44 664
10080 667 211 45 665
10083 664 207 45 665
10080 668 210 46 666
10083 665 207 46 666
10080 669 217 47 667
10080 670 211 48 668
10080 671 209 49 669
10083 668 209 49 669
10080 672 212 50 670
10083 669 207 50 670
10080 673 212 51 671
10083 670 207 51 671
10080 674 215 52 672
10046 670 209 52 672
10080 675 219 53 673
10046 671 210 53 673
10080 676 213 54 674
10080 677 211 55 675
10080 678 208 56 676
10080 679 214 57 677
10083 676 208 57 677
10046 675 213 57 677
10080 680 242 58 678
10083 677 210 58 678
10046 676 209 58 678
10080 681 223 59 679
10046 677 211 59 679
10080 682 235 60 680
10086 680 221 61 681
10033 678 212 61 681
10100 671 207 61 681
10164 475 209 62 682
10128 676 208 63 683
10101 675 207 63 683
10061 686 220 63 683
10050 686 221 64 684
10065 685 210 64 684
10088 678 221 64 684
10134 676 221 64 684
10084 679 207 66 686
10010 678 218 68 688
10134 699 211 87 707
10050 711 224 89 709
10101 701 231 89 709
10061 712 216 89 709
10169 709 217 89 709
10138 702 213 89 709
10062 706 212 90 710
10043 707 209 90 710
10033 708 216 91 711
10100 701 212 91 711
10083 710 223 91 711
10046 709 224 91 711
10080 714 235 92 712
10086 711 208 92 712
10083 711 211 92 712
10046 710 209 92 712
10080 715 215 93 713
10083 712 209 93 713
10046 711 209 93 713
10080 716 219 94 714
10046 712 208 94 714
10080 717 219 95 715
10046 713 207 95 715
10080 718 218 95 715
10046 714 208 96 716
10080 719 208 96 716
10080 720 211 97 717
10080 721 213 98 718
10046 717 207 99 719
10080 722 212 100 720
10046 718 207 100 720
10080 723 212 101 721
10046 719 207 101 721
10080 724 210 102 722
10080 725 215 103 723
10080 726 210 104 724
10046 735 214 117 737
10080 740 239 117 737
348 9 233 117 737
10083 737 211 118 738
10046 736 227 118 738
348 10 225 118 738
10062 736 207 119 739
10164 533 207 119 739
348 11 226 119 739
10128 734 211 120 740
10101 733 210 120 740
10061 744 224 120 740
348 12 233 120 740
10050 744 219 121 741
10065 743 210 121 741
348 13 228 121 741
348 14 235 122 742
348 15 225 123 743
348 16 227 124 744
348 17 223 125 745
10010 737 210 127 747
10144 742 206 127 747
10010 739 207 129 749
348 21 224 129 749
10010 740 218 130 750
10010 741 213 130 750
10140 747 209 132 752
10158 746 206 132 752
10144 747 207 132 752
10010 744 208 133 753
10010 745 210 134 754
10158 749 208 135 755
348 28 241 136 756
348 29 239 137 757
348 30 239 138 758
348 31 235 139 759
348 32 241 140 760
348 33 240 141 761
348 34 241 142 762
348 35 241 143 763
348 36 240 144 764
348 37 240 145 765
348 38 241 146 766
348 39 240 147 767
348 40 240 148 768
348 41 239 149 769
348 42 244 150 770
348 43 244 151 771
348 44 244 152 772
348 45 243 153 773
348 46 246 154 774
348 47 244 155 775
348 48 247 156 776
348 49 243 157 777
348 50 239 158 778
348 51 241 159 779
348 52 239 160 780
348 53 237 161 781
348 54 238 162 782
348 55 240 163 783
348 56 240 164 784
348 57 246 165 785
348 58 240 166 786
348 59 245 167 787
348 60 243 168 788
348 61 242 169 789
348 62 246 170 790
348 63 238 171 791
348 64 225 172 792
348 65 242 173 793
348 66 223 174 794
10050 799 206 176 796
10065 798 213 176 796
10101 789 211 176 796
10141 788 221 176 796
10128 791 215 177 797
10068 802 218 177 797
10033 797 213 179 799
10100 790 207 179 799
10083 799 207 179 799
10046 798 211 180 800
10080 803 211 180 800
10086 800 214 180 800
10071 802 206 181 801
10080 804 243 181 801
10071 803 211 182 802
10087 802 209 182 802
10071 804 205 183 803
96 86 221 183 803
10087 803 218 183 803
348 75 221 183 803
10064 803 209 184 804
10087 805 213 185 805
10087 806 208 186 806
10064 805 206 186 806
10064 806 210 187 807
10087 808 206 188 808
10064 807 212 188 808
348 80 223 188 808
10064 808 206 189 809
348 81 221 189 809
10087 810 207 190 810
10064 809 207 190 810
348 82 223 190 810
10087 811 213 191 811
10064 810 211 191 811
10064 811 213 192 812
10087 813 210 193 813
10064 812 212 193 813
348 85 231 193 813
755 114 221 194 814
10087 814 207 194 814
10064 813 210 194 814
348 86 227 194 814
755 115 236 195 815
10087 815 212 195 815
10064 814 208 195 815
10064 815 212 196 816
10064 816 213 197 817
348 90 226 198 818
10087 819 212 199 819
274 197 233 199 819
681 51 223 199 819
10087 820 210 200 820
274 198 225 200 820
681 52 223 200 820
10080 824 213 201 821
10087 821 212 201 821
436 108 221 201 821
274 199 221 201 821
681 53 225 201 821
10080 825 211 202 822
436 109 223 202 822
274 200 225 202 822
681 54 221 202 822
10080 826 218 203 823
10087 823 225 203 823
436 110 222 203 823
274 201 243 203 823
681 55 237 203 823
348 95 225 203 823
10080 827 220 204 824
10087 824 212 204 824
436 111 233 204 824
274 202 223 204 824
681 56 225 204 824
10080 828 209 205 825
10087 825 211 205 825
274 203 233 205 825
681 57 223 205 825
10080 829 212 206 826
10087 826 206 206 826
274 204 228 206 826
348 98 223 206 826
274 205 239 207 827
681 59 228 207 827
348 99 221 207 827
10080 831 208 208 828
274 206 237 208 828
681 60 225 208 828
10080 832 207 209 829
10087 829 210 209 829
274 207 236 209 829
681 61 231 209 829
10080 833 212 210 830
10087 830 209 210 830
436 117 229 210 830
681 62 230 210 830
10080 834 210 211 831
10087 831 207 211 831
436 118 223 211 831
274 209 226 211 831
681 63 223 211 831
10080 835 209 212 832
10087 832 206 212 832
436 119 227 212 832
274 210 233 212 832
681 64 243 212 832
10080 836 211 213 833
274 211 227 213 833
681 65 239 213 833
10080 837 211 214 834
10087 834 217 214 834
274 212 231 214 834
681 66 239 214 834
10080 838 211 215 835
274 213 226 215 835
681 67 235 215 835
10080 839 213 216 836
10087 836 211 216 836
436 123 228 216 836
274 214 227 216 836
681 68 231 216 836
10080 840 213 217 837
10087 837 208 217 837
436 124 223 217 837
274 215 239 217 837
681 69 236 217 837
10087 838 209 218 838
274 216 231 218 838
681 70 241 218 838
10087 839 213 219 839
274 217 228 219 839
681 71 238 219 839
10080 843 214 220 840
436 127 221 220 840
274 218 225 220 840
681 72 237 220 840
10080 844 211 221 841
274 219 226 221 841
681 73 247 221 841
10080 845 215 222 842
436 129 225 222 842
681 74 237 222 842
274 220 225 222 842
10080 846 213 223 843
10087 843 207 223 843
681 75 224 223 843
274 221 226 223 843
10080 847 213 224 844
681 76 231 224 844
274 222 227 224 844
681 77 223 225 845
274 223 227 225 845
10087 846 209 226 846
681 78 225 226 846
274 224 224 226 846
10080 850 207 227 847
681 79 227 227 847
10080 851 216 228 848
681 80 231 228 848
274 226 227 228 848
10080 852 207 229 849
681 81 222 229 849
274 227 237 229 849
10080 853 218 230 850
681 82 228 230 850
274 228 229 230 850
10087 851 208 231 851
436 138 231 231 851
681 83 228 231 851
274 229 237 231 851
681 84 237 232 852
10080 856 207 233 853
436 140 229 233 853
274 231 237 233 853
681 85 228 233 853
10080 857 208 234 854
436 141 225 234 854
274 232 238 234 854
681 86 240 234 854
10087 855 209 235 855
436 142 222 235 855
681 87 227 235 855
274 233 228 235 855
10080 859 207 236 856
10087 856 206 236 856
681 88 235 236 856
274 234 235 236 856
10080 860 208 237 857
10087 857 214 237 857
436 144 223 237 857
681 89 238 237 857
274 235 235 237 857
681 90 241 238 858
274 236 240 238 858
10080 862 207 239 859
436 146 221 239 859
10087 859 209 239 859
681 91 240 239 859
274 237 239 239 859
681 92 235 240 860
274 238 238 240 860
10080 864 210 241 861
436 148 222 241 861
10087 861 210 241 861
274 239 239 241 861
681 93 221 241 861
10080 865 206 242 862
436 149 229 242 862
10087 862 212 242 862
274 240 233 242 862
681 94 229 242 862
348 134 222 242 862
10080 866 206 243 863
436 150 226 243 863
10087 863 211 243 863
274 241 235 243 863
681 95 223 243 863
10080 867 211 244 864
436 151 229 244 864
10087 864 209 244 864
274 242 231 244 864
681 96 233 244 864
436 152 226 245 865
274 243 223 245 865
681 97 228 245 865
436 153 229 246 866
681 98 236 246 866
274 244 228 246 866
10080 870 209 247 867
10087 867 209 247 867
681 99 233 247 867
274 245 226 247 867
10080 871 210 248 868
436 155 221 248 868
681 100 235 248 868
10080 872 206 249 869
10087 869 213 249 869
436 156 224 249 869
274 247 237 249 869
10087 870 217 250 870
436 157 237 250 870
274 248 229 250 870
681 102 236 250 870
10087 871 215 251 871
436 158 224 251 871
274 249 227 251 871
681 103 227 251 871
10080 875 206 252 872
436 159 223 252 872
274 250 226 252 872
348 144 223 252 872
681 104 223 252 872
10087 873 212 253 873
436 160 233 253 873
274 251 223 253 873
681 105 233 253 873
10087 874 215 254 874
436 161 231 254 874
10080 878 207 255 875
10087 875 210 255 875
436 162 236 255 875
274 253 221 255 875
681 107 241 255 875
10080 879 211 256 876
436 163 221 256 876
274 254 225 256 876
681 108 229 256 876
10087 877 213 257 877
274 255 234 257 877
681 109 233 257 877
10087 878 206 258 878
274 256 226 258 878
10087 879 207 259 879
274 257 233 259 879
681 111 227 259 879
10080 883 211 260 880
274 258 229 260 880
681 112 235 260 880
10080 884 213 261 881
10087 881 208 261 881
274 259 227 261 881
681 113 239 261 881
10080 885 214 262 882
436 169 225 262 882
10087 882 210 262 882
274 260 231 262 882
681 114 234 262 882
10080 886 215 263 883
436 170 222 263 883
10087 883 212 263 883
274 261 233 263 883
681 115 237 263 883
10080 887 211 264 884
274 262 233 264 884
681 116 238 264 884
10080 888 211 265 885
10087 885 208 265 885
274 263 233 265 885
681 117 239 265 885
10080 889 211 266 886
274 264 229 266 886
681 118 237 266 886
10080 890 212 267 887
436 174 223 267 887
10087 887 207 267 887
274 265 239 267 887
681 119 237 267 887
10080 891 206 268 888
436 175 227 268 888
10087 888 211 268 888
274 266 233 268 888
681 120 243 268 888
436 176 222 269 889
10087 889 207 269 889
274 267 233 269 889
348 161 221 269 889
681 121 235 269 889
436 177 224 270 890
10087 890 213 270 890
681 122 225 270 890
10087 891 207 271 891
274 269 237 271 891
348 163 231 271 891
681 123 227 271 891
10087 892 210 272 892
274 270 240 272 892
348 164 228 272 892
681 124 231 272 892
436 180 221 273 893
10087 893 219 273 893
274 271 240 273 893
681 125 237 273 893
10080 897 209 274 894
436 181 222 274 894
10087 894 217 274 894
274 272 233 274 894
681 126 243 274 894
436 182 228 275 895
10087 895 217 275 895
274 273 235 275 895
348 167 222 275 895
681 127 240 275 895
10080 899 211 276 896
436 183 226 276 896
10087 896 216 276 896
274 274 228 276 896
681 128 233 276 896
10080 900 211 277 897
436 184 223 277 897
10087 897 217 277 897
274 275 235 277 897
348 169 225 277 897
681 129 235 277 897
10080 901 215 278 898
10087 898 213 278 898
436 185 231 278 898
274 276 238 278 898
348 170 225 278 898
681 130 237 278 898
436 186 223 279 899
10087 899 214 279 899
274 277 231 279 899
348 171 227 279 899
681 131 231 279 899
10087 900 213 280 900
436 187 223 280 900
274 278 235 280 900
348 172 227 280 900
681 132 247 280 900
10080 904 209 281 901
436 188 226 281 901
10087 901 221 281 901
274 279 238 281 901
348 173 221 281 901
681 133 227 281 901
10080 905 211 282 902
436 189 227 282 902
10087 902 215 282 902
274 280 233 282 902
681 134 221 282 902
649 201 227 283 903
10080 906 208 283 903
436 190 235 283 903
10087 903 221 283 903
432 14 226 283 903
649 202 221 284 904
10080 907 215 284 904
436 191 234 284 904
10087 904 213 284 904
274 282 235 284 904
681 136 239 284 904
436 192 235 285 905
10087 905 219 285 905
10080 909 207 286 906
10087 906 215 286 906
10064 905 215 286 906
274 284 225 286 906
10071 908 218 286 906
10064 906 226 287 907
115 229 230 287 907
274 285 227 287 907
10094 906 213 287 907
10071 909 214 287 907
10149 899 207 288 908
10027 907 208 288 908
10064 907 215 288 908
115 230 235 288 908
628 245 226 288 908
10027 908 209 289 909
10087 909 208 289 909
10064 908 235 289 909
10080 913 241 290 910
10071 912 211 290 910
10087 911 208 291 911
10064 910 210 291 911
10083 911 213 291 911
10064 911 207 292 912
10094 911 221 292 912
10071 914 217 292 912
10087 913 217 293 913
10064 912 227 293 913
10027 913 227 294 914
10064 913 221 294 914
10164 708 208 294 914
10083 914 207 294 914
10046 913 211 294 914
10080 918 209 295 915
10083 915 209 295 915
10046 914 212 295 915
10080 919 225 296 916
10080 920 215 297 917
10080 921 208 298 918
10080 922 223 299 919
10083 919 208 299 919
10080 923 217 300 920
10083 920 208 300 920
10046 919 207 300 920
10080 924 217 301 921
10080 925 209 302 922
10046 921 207 302 922
10080 926 210 303 923
10083 923 210 303 923
10080 927 211 304 924
10083 924 208 304 924
10080 928 207 305 925
10083 925 208 305 925
10080 929 208 306 926
10046 925 207 306 926
10080 930 212 307 927
10080 931 209 308 928
10080 932 209 309 929
10080 933 211 310 930
10080 934 215 311 931
10080 935 213 312 932
10080 936 208 313 933
10080 937 211 314 934
10080 938 209 315 935
10080 939 210 316 936
10080 940 208 317 937
10083 937 205 317 937
10080 941 208 318 938
10046 937 206 318 938
10080 942 209 319 939
10080 943 214 320 940
10080 944 210 321 941
10080 945 212 322 942
10083 945 207 325 945
10080 949 215 326 946
10083 946 207 326 946
10046 945 209 326 946
10080 950 213 327 947
10080 951 211 328 948
10080 952 209 329 949
10080 953 207 330 950
10080 954 208 331 951
10080 955 209 332 952
10080 956 215 333 953
10080 957 214 334 954
10080 958 208 335 955
10080 959 210 336 956
10080 960 210 337 957
10080 961 207 338 958
10080 962 212 339 959
10080 963 210 340 960
10071 962 211 340 960
10087 961 215 341 961
10064 960 207 341 961
10087 962 219 342 962
10064 961 213 342 962
10094 961 207 342 962
10087 963 217 343 963
10087 964 220 344 964
10087 965 225 345 965
10087 966 210 346 966
10064 965 210 346 966
10087 967 219 347 967
10094 966 205 347 967
10027 967 207 348 968
10087 968 226 348 968
10087 969 213 349 969
10064 968 211 349 969
10087 970 225 350 970
10064 969 209 350 970
10027 970 206 351 971
10087 971 225 351 971
10064 970 207 351 971
10071 973 216 351 971
10087 972 211 352 972
10087 973 207 353 973
10064 972 211 353 973
10087 974 218 354 974
10064 973 217 354 974
10080 978 206 354 974
10087 975 211 355 975
10087 976 215 356 976
10064 975 209 356 976
10087 977 210 357 977
10064 976 211 357 977
10027 977 205 357 977
10087 978 206 358 978
10064 977 211 358 978
10087 979 207 359 979
10064 978 215 359 979
348 1 227 359 979
10087 981 207 361 981
10064 980 216 361 981
10064 981 209 362 982
10087 983 219 363 983
10087 984 215 364 984
10064 983 217 364 984
10087 985 206 365 985
10064 984 215 365 985
10071 987 205 365 985
10087 986 215 366 986
10064 985 213 366 986
348 8 229 366 986
10087 987 215 367 987
10064 986 208 367 987
348 9 221 367 987
10027 987 207 367 987
10087 988 214 368 988
10064 987 212 368 988
10087 989 212 369 989
10064 988 210 369 989
10087 990 220 370 990
10064 989 212 370 990
10087 991 217 370 990
10064 990 207 371 991
10087 992 217 372 992
10064 991 209 372 992
10087 993 223 373 993
10064 992 210 373 993
10064 993 210 374 994
10087 995 212 375 995
10064 994 213 375 995
10087 996 216 376 996
10064 995 210 376 996
10087 997 216 377 997
10064 996 211 377 997
10087 998 206 377 997
10087 999 210 378 998
10087 1000 210 379 999
10064 999 209 380 1000
10087 1001 208 380 1000
10087 1002 207 381 1001
10087 1004 213 383 1003
10064 1003 209 384 1004
348 26 221 384 1004
10087 1005 216 384 1004
10064 1004 205 385 1005
348 27 231 385 1005
10087 1006 217 385 1005
10064 1005 209 386 1006
10087 1007 214 386 1006
10064 1006 208 387 1007
10087 1008 214 387 1007
10087 1009 213 388 1008
348 31 222 389 1009
10087 1010 219 389 1009
10087 1011 209 390 1010
10087 1012 209 391 1011
10027 1013 208 393 1013
10087 1014 224 393 1013
10064 1013 211 394 1014
348 36 227 394 1014
10071 1016 213 394 1014
10087 1015 207 394 1014
10064 1014 215 395 1015
10087 1016 210 395 1015
10064 1015 210 396 1016
10087 1017 211 396 1016
10064 1016 209 397 1017
10087 1018 225 398 1018
10064 1017 213 398 1018
10071 1020 208 398 1018
10027 1018 207 398 1018
10087 1019 217 399 1019
10064 1018 213 399 1019
10080 1023 206 399 1019
10064 1019 210 400 1020
10087 1021 230 401 1021
10027 1021 207 401 1021
10087 1022 220 402 1022
10027 1022 207 402 1022
10087 1023 219 403 1023
10064 1022 206 403 1023
10087 1024 225 404 1024
10087 1025 225 405 1025
10064 1024 207 405 1025
10054 1026 208 405 1025
10087 1026 221 406 1026
10087 1027 229 406 1026
10064 1026 206 407 1027
10027 1027 207 407 1027
10087 1028 231 407 1027
10064 1027 210 408 1028
10027 1028 207 408 1028
10087 1029 229 408 1028
10064 1028 212 409 1029
10087 1030 223 409 1029
10064 1029 206 410 1030
10094 1029 207 410 1030
10087 1031 232 410 1030
10087 1032 233 411 1031
10064 1031 207 412 1032
10094 1031 207 412 1032
10027 1032 205 412 1032
10087 1033 233 412 1032
10064 1032 206 413 1033
10094 1032 207 413 1033
10027 1033 206 413 1033
10087 1034 233 413 1033
10064 1033 207 414 1034
10027 1034 207 414 1034
10087 1035 233 414 1034
10087 1036 233 415 1035
10064 1035 208 416 1036
10094 1035 207 416 1036
10087 1037 233 416 1036
10027 1037 206 417 1037
10087 1038 233 417 1037
10094 1037 205 418 1038
10087 1039 227 418 1038
10027 1039 206 419 1039
10087 1040 231 419 1039
10064 1039 205 420 1040
10027 1040 207 420 1040
10087 1041 231 420 1040
10064 1040 205 421 1041
10027 1041 207 421 1041
10087 1042 227 421 1041
10087 1043 226 422 1042
10087 1044 212 423 1043
10087 1045 217 424 1044
10064 1044 208 425 1045
10087 1046 210 425 1045
10064 1045 210 426 1046
10027 1046 206 426 1046
10087 1047 207 426 1046
10064 1046 222 427 1047
10087 1048 223 427 1047
10087 1049 213 428 1048
10064 1048 213 429 1049
10087 1050 210 429 1049
10064 1049 211 430 1050
10087 1051 212 430 1050
10087 1052 214 431 1051
10064 1051 207 432 1052
10087 1053 214 432 1052
10064 1052 207 433 1053
10087 1054 223 433 1053
10064 1053 212 434 1054
10087 1055 221 434 1054
10064 1054 205 435 1055
348 40 237 435 1055
10087 1056 223 435 1055
10087 1057 220 436 1056
10064 1056 213 436 1056
10087 1058 206 437 1057
10064 1057 211 437 1057
10094 1057 207 438 1058
10087 1059 212 438 1058
10064 1058 210 438 1058
348 44 223 439 1059
10087 1060 214 439 1059
10064 1059 209 439 1059
10094 1059 206 440 1060
10087 1061 210 440 1060
10064 1060 212 441 1061
10094 1060 207 441 1061
10087 1062 211 441 1061
10064 1061 213 442 1062
10087 1063 217 442 1062
10087 1064 207 443 1063
10064 1063 209 444 1064
10087 1065 224 444 1064
10064 1064 208 445 1065
10087 1066 225 445 1065
10064 1065 209 446 1066
10087 1067 221 446 1066
10064 1066 209 446 1066
10094 1066 205 447 1067
348 52 225 447 1067
10087 1068 219 447 1067
10064 1067 210 447 1067
348 53 222 448 1068
10087 1069 213 448 1068
10064 1068 211 448 1068
348 54 223 449 1069
10064 1069 210 449 1069
348 55 224 450 1070
10087 1071 217 450 1070
348 56 223 451 1071
10087 1072 221 451 1071
10064 1071 208 451 1071
10087 1073 218 452 1072
10064 1072 210 452 1072
348 58 224 453 1073
10087 1074 220 453 1073
10064 1073 208 453 1073
348 59 225 454 1074
10087 1075 215 454 1074
10064 1074 208 455 1075
348 60 224 455 1075
10087 1076 223 455 1075
10064 1075 207 456 1076
10064 1076 217 457 1077
348 62 226 457 1077
10027 1077 207 457 1077
10064 1077 211 458 1078
10087 1079 213 458 1078
10064 1078 212 459 1079
10071 1081 208 459 1079
348 64 223 459 1079
10087 1080 215 459 1079
10064 1079 212 460 1080
10071 1082 207 460 1080
10087 1081 212 460 1080
10064 1080 213 461 1081
348 66 221 461 1081
10087 1083 219 462 1082
10064 1082 217 463 1083
274 461 227 463 1083
348 68 221 463 1083
10087 1084 216 463 1083
10064 1083 219 464 1084
10071 1086 213 464 1084
10087 1085 210 464 1084
10071 1087 208 465 1085
348 70 223 465 1085
10087 1086 209 465 1085
10064 1085 220 466 1086
10071 1088 209 466 1086
10087 1087 217 466 1086
10064 1086 210 467 1087
10071 1089 207 467 1087
10027 1087 207 467 1087
10087 1088 210 467 1087
10064 1087 215 468 1088
140 424 239 468 1088
348 73 223 468 1088
348 75 226 470 1090
10087 1091 208 470 1090
348 76 228 471 1091
10087 1092 217 471 1091
348 77 221 472 1092
10087 1093 214 472 1092
10064 1092 208 472 1092
10087 1094 215 473 1093
10087 1095 217 474 1094
10087 1096 216 475 1095
10064 1095 206 475 1095
10064 1096 208 476 1096
10064 1098 211 478 1098
10071 1101 212 479 1099
10064 1099 208 479 1099
348 86 226 481 1101
10064 1101 219 481 1101
348 87 224 482 1102
10064 1102 219 482 1102
140 439 222 483 1103
10071 1105 206 483 1103
348 88 232 483 1103
10064 1103 223 483 1103
140 440 233 484 1104
10071 1106 208 484 1104
348 89 222 484 1104
10080 1108 207 484 1104
10083 1105 207 485 1105
10080 1109 208 485 1105
10083 1106 208 486 1106
10080 1110 211 486 1106
10083 1107 209 487 1107
10046 1106 210 487 1107
10080 1111 210 487 1107
10046 1107 211 488 1108
10080 1112 206 488 1108
10083 1109 209 489 1109
10046 1108 206 489 1109
10080 1113 213 489 1109
10083 1110 208 490 1110
10046 1109 208 490 1110
10080 1114 211 490 1110
10083 1111 210 491 1111
10046 1110 209 491 1111
10080 1115 210 491 1111
10083 1112 209 492 1112
10080 1116 217 492 1112
10083 1113 208 493 1113
10046 1112 207 493 1113
10080 1117 210 493 1113
10083 1114 206 494 1114
10046 1113 207 494 1114
10080 1118 214 494 1114
10083 1115 211 495 1115
10080 1119 213 495 1115
10083 1116 209 496 1116
10080 1120 217 496 1116
10083 1117 211 497 1117
10046 1116 206 497 1117
10080 1121 215 497 1117
10046 1117 208 498 1118
10080 1122 206 498 1118
10083 1119 207 499 1119
10046 1118 206 499 1119
10080 1123 211 499 1119
10083 1120 211 500 1120
10046 1119 211 500 1120
10080 1125 209 501 1121
10083 1122 207 502 1122
10046 1121 213 502 1122
10080 1126 205 502 1122
10083 1123 210 503 1123
10046 1122 210 503 1123
10080 1127 206 503 1123
10083 1124 211 504 1124
10046 1123 212 504 1124
10080 1128 215 504 1124
10083 1125 209 505 1125
10046 1124 212 505 1125
10080 1129 213 505 1125
10083 1126 209 506 1126
10046 1125 209 506 1126
10080 1130 211 506 1126
10083 1127 211 507 1127
10046 1126 213 507 1127
10080 1131 215 507 1127
10083 1128 209 508 1128
10046 1127 211 508 1128
10080 1132 214 508 1128
10046 1128 212 509 1129
10080 1133 209 509 1129
10100 1121 205 510 1130
10083 1130 209 510 1130
10046 1129 209 510 1130
10080 1134 213 510 1130
10083 1131 210 511 1131
10046 1130 213 511 1131
10080 1135 219 511 1131
10100 1123 207 512 1132
10083 1132 213 512 1132
10046 1131 211 512 1132
10080 1136 215 512 1132
10100 1124 207 513 1133
10083 1133 211 513 1133
10046 1132 213 513 1133
10080 1137 214 513 1133
10083 1134 209 514 1134
10046 1133 210 514 1134
10080 1138 213 514 1134
10083 1135 219 515 1135
10046 1134 209 515 1135
10080 1139 210 515 1135
10083 1136 206 516 1136
10046 1135 208 516 1136
10080 1140 208 516 1136
10083 1137 217 517 1137
10046 1136 208 517 1137
10083 1138 218 518 1138
10046 1137 210 518 1138
10083 1139 208 519 1139
10046 1138 207 519 1139
10080 1143 211 519 1139
10083 1140 215 520 1140
10046 1139 207 520 1140
10080 1144 212 520 1140
10083 1141 219 521 1141
10046 1140 209 521 1141
10083 1142 214 522 1142
10046 1141 205 522 1142
10080 1146 206 522 1142
10083 1143 214 523 1143
10046 1142 207 523 1143
10080 1147 217 523 1143
10083 1144 215 524 1144
10046 1143 208 524 1144
10080 1148 209 524 1144
10083 1145 217 525 1145
10046 1144 209 525 1145
10080 1149 211 525 1145
10083 1146 213 526 1146
10046 1145 206 526 1146
10080 1150 216 526 1146
10083 1147 211 527 1147
10046 1146 208 527 1147
10080 1151 217 527 1147
10083 1148 208 528 1148
10080 1152 214 528 1148
10046 1148 209 529 1149
10080 1153 223 529 1149
10083 1150 212 530 1150
10046 1149 207 530 1150
10080 1154 217 530 1150
10083 1151 211 531 1151
10080 1155 217 531 1151
10083 1152 211 532 1152
10046 1151 210 532 1152
10080 1156 210 532 1152
10083 1153 211 533 1153
10046 1152 213 533 1153
10080 1157 215 533 1153
10083 1154 212 534 1154
10046 1153 209 534 1154
10080 1158 218 534 1154
10080 1159 208 535 1155
10083 1156 208 536 1156
10046 1155 207 536 1156
10080 1160 215 536 1156
10083 1157 209 537 1157
10046 1156 208 537 1157
10080 1161 219 537 1157
10083 1158 211 538 1158
10080 1163 208 539 1159
10083 1160 210 540 1160
10046 1159 208 540 1160
14 457 227 540 1160
10080 1164 212 540 1160
10083 1161 208 541 1161
10046 1160 207 541 1161
14 458 231 541 1161
10083 1162 209 542 1162
10046 1161 206 542 1162
14 461 223 544 1164
10080 1168 218 544 1164
10046 1164 208 545 1165
14 462 226 545 1165
10083 1166 217 546 1166
10046 1165 207 546 1166
14 463 223 546 1166
10080 1170 218 546 1166
10083 1167 209 547 1167
10046 1166 211 547 1167
14 464 225 547 1167
10080 1171 211 547 1167
10083 1168 207 548 1168
10046 1167 206 548 1168
10083 1169 217 549 1169
10080 1173 215 549 1169
10080 1174 213 550 1170
10083 1171 209 551 1171
10080 1175 213 551 1171
10083 1172 206 552 1172
10080 1176 211 552 1172
10083 1173 213 553 1173
10046 1172 208 553 1173
10080 1177 214 553 1173
10080 1178 213 554 1174
10083 1175 207 555 1175
10046 1174 206 555 1175
10080 1179 208 555 1175
10083 1176 212 556 1176
10046 1175 208 556 1176
10080 1180 212 556 1176
10046 1176 209 557 1177
10080 1181 217 557 1177
10046 1177 208 558 1178
10100 1170 208 559 1179
10046 1178 208 559 1179
10080 1183 212 559 1179
10100 1171 207 560 1180
10083 1180 208 560 1180
10080 1184 211 560 1180
10046 1180 205 561 1181
10080 1185 210 561 1181
10083 1182 208 562 1182
10083 1183 211 563 1183
10080 1187 219 563 1183
10083 1184 206 564 1184
10080 1188 211 564 1184
10080 1189 206 565 1185
10046 1185 213 566 1186
10080 1190 207 566 1186
10083 1187 206 567 1187
10046 1186 206 567 1187
10083 1188 207 568 1188
10080 1192 206 568 1188
10080 1193 219 569 1189
10083 1190 209 570 1190
10046 1189 208 570 1190
10080 1194 219 570 1190
10046 1190 209 571 1191
10080 1195 209 571 1191
10083 1192 207 572 1192
10046 1191 207 572 1192
348 177 222 572 1192
10080 1196 208 572 1192
10083 1193 208 573 1193
10083 1194 208 574 1194
10080 1199 208 575 1195
10083 1196 212 576 1196
10083 1198 213 578 1198
10046 1197 214 578 1198
10080 1202 207 578 1198
10046 1198 211 579 1199
348 184 226 579 1199
10080 1203 211 579 1199
10083 1200 215 580 1200
348 185 222 580 1200
10080 1204 210 580 1200
10083 1201 206 581 1201
10046 1200 214 581 1201
10080 1205 206 581 1201
10083 1202 214 582 1202
10046 1201 211 582 1202
348 187 221 582 1202
10080 1206 213 582 1202
10100 1194 205 583 1203
10083 1203 207 583 1203
10080 1211 208 587 1207
10083 1208 206 588 1208
348 193 241 588 1208
10080 1212 206 588 1208
10083 1209 209 589 1209
348 194 237 589 1209
10080 1213 208 589 1209
10083 1210 212 590 1210
10046 1209 207 590 1210
348 195 237 590 1210
10080 1214 211 590 1210
10083 1211 211 591 1211
348 196 241 591 1211
10080 1215 210 591 1211
10083 1212 212 592 1212
348 197 241 592 1212
10080 1216 209 592 1212
10083 1213 209 593 1213
348 198 240 593 1213
10080 1217 235 593 1213
10080 1218 221 594 1214
10071 1217 208 595 1215
10080 1219 239 595 1215
10083 1216 213 596 1216
10080 1220 247 596 1216
10080 1221 223 597 1217
10086 1218 206 597 1217
10071 1220 206 598 1218
10080 1222 207 598 1218
10064 1218 211 598 1218
348 204 231 599 1219
10080 1223 207 599 1219
10083 1220 206 600 1220
348 205 239 600 1220
10080 1224 216 600 1220
10086 1221 209 600 1220
436 508 223 601 1221
10083 1221 206 601 1221
10046 1220 217 601 1221
348 206 223 601 1221
10086 1222 229 601 1221
348 207 226 602 1222
436 510 222 603 1223
10123 1218 217 603 1223
10128 1218 207 603 1223
10068 1229 207 604 1224
10138 1218 210 604 1224
10101 1218 208 605 1225
10141 1217 209 605 1225
10050 1229 207 605 1225
10134 1220 210 607 1227
10076 1224 207 608 1228
10055 1228 207 608 1228
10173 1224 211 608 1228
10076 1225 223 609 1229
436 516 228 609 1229
10055 1229 224 609 1229
10018 556 211 609 1229
348 214 243 609 1229
10140 1225 207 609 1229
10158 1224 211 609 1229
10106 1227 223 609 1229
10004 1226 207 609 1229
10076 1226 211 610 1230
10055 1230 209 610 1230
10018 557 214 610 1230
10055 1231 211 611 1231
10018 558 213 611 1231
10098 1228 219 611 1231
10140 1227 210 611 1231
436 519 224 612 1232
10140 1228 211 612 1232
10084 1226 207 612 1232
10158 1227 212 612 1232
10055 1233 217 613 1233
10018 560 226 613 1233
10098 1230 212 613 1233
10140 1229 210 613 1233
10106 1231 208 613 1233
10078 1233 211 614 1234
348 219 222 614 1234
10106 1232 213 614 1234
10040 1229 217 614 1234
10078 1234 212 615 1235
348 220 227 615 1235
752 575 233 615 1235
10040 1230 225 615 1235
10106 1234 209 616 1236
10040 1231 213 616 1236
10078 1236 209 617 1237
10040 1232 225 617 1237
10106 1236 207 618 1238
10040 1233 213 618 1238
10078 1238 208 619 1239
10106 1237 208 619 1239
10040 1234 224 619 1239
348 225 238 620 1240
10106 1238 214 620 1240
10040 1236 218 621 1241
10055 1242 209 622 1242
10106 1240 224 622 1242
10055 1243 209 623 1243
348 228 240 623 1243
10106 1241 213 623 1243
10040 1238 206 623 1243
10076 1240 208 623 1243
10106 1242 227 624 1244
10040 1239 222 624 1244
10098 1242 208 625 1245
348 230 223 625 1245
10106 1243 212 625 1245
10078 1245 207 626 1246
677 69 227 626 1246
10106 1244 215 626 1246
10040 1241 219 626 1246
10078 1246 206 627 1247
282 554 227 627 1247
348 232 230 627 1247
10106 1245 212 627 1247
10040 1242 209 627 1247
10098 1245 207 628 1248
348 233 243 628 1248
10106 1246 217 628 1248
10040 1243 206 628 1248
787 243 235 628 1248
10106 1247 208 629 1249
278 561 223 630 1250
402 36 233 630 1250
10040 1245 213 630 1250
63 539 223 631 1251
10098 1248 206 631 1251
10106 1249 208 631 1251
140 588 221 631 1251
10040 1246 211 631 1251
10078 1251 212 632 1252
10106 1250 220 632 1252
10040 1247 212 632 1252
10078 1252 207 633 1253
768 617 225 633 1253
10106 1251 217 633 1253
140 590 229 633 1253
10040 1248 216 633 1253
474 137 222 633 1253
10076 1250 208 634 1254
10055 1254 217 634 1254
10106 1252 224 634 1254
10076 1251 211 635 1255
436 542 233 635 1255
10055 1255 214 635 1255
674 97 225 635 1255
744 66 225 635 1255
348 240 229 635 1255
10106 1253 219 635 1255
436 543 237 636 1256
10055 1256 212 636 1256
674 98 221 636 1256
744 67 225 636 1256
10106 1254 218 636 1256
10076 1253 211 637 1257
436 544 222 637 1257
10055 1257 206 637 1257
348 242 234 637 1257
674 99 227 637 1257
744 68 223 637 1257
10173 1253 206 637 1257
10106 1255 221 637 1257
10076 1254 208 638 1258
436 545 231 638 1258
10055 1258 209 638 1258
744 69 221 638 1258
348 243 233 638 1258
10106 1256 221 638 1258
436 546 222 639 1259
10055 1259 209 639 1259
744 70 223 639 1259
10158 1254 206 639 1259
10106 1257 208 639 1259
10076 1256 208 640 1260
436 547 231 640 1260
10055 1260 215 640 1260
744 71 233 640 1260
10106 1258 223 640 1260
10076 1257 212 640 1260
436 548 233 641 1261
744 72 237 641 1261
348 246 228 641 1261
10106 1259 221 641 1261
140 598 228 641 1261
436 549 228 642 1262
10055 1262 209 642 1262
744 73 227 642 1262
348 247 225 642 1262
10106 1260 223 642 1262
140 599 231 642 1262
10076 1259 207 642 1262
436 550 229 643 1263
744 74 229 643 1263
348 248 221 643 1263
10106 1261 220 643 1263
140 600 229 643 1263
10076 1260 209 644 1264
436 551 231 644 1264
744 75 235 644 1264
348 249 225 644 1264
10106 1262 211 644 1264
436 552 233 645 1265
744 76 224 645 1265
348 250 229 645 1265
140 602 223 645 1265
436 553 233 646 1266
744 77 233 646 1266
348 251 224 646 1266
10106 1264 213 646 1266
140 603 227 646 1266
436 554 233 647 1267
744 78 233 647 1267
348 252 229 647 1267
10106 1265 217 647 1267
140 604 223 647 1267
436 555 233 648 1268
744 79 223 648 1268
348 253 227 648 1268
10106 1266 209 648 1268
140 605 231 648 1268
10076 1265 207 648 1268
436 556 233 649 1269
744 80 228 649 1269
348 254 227 649 1269
10106 1267 213 649 1269
140 606 225 649 1269
348 255 225 650 1270
10106 1268 219 650 1270
140 607 222 650 1270
10076 1267 213 650 1270
436 558 235 651 1271
744 82 235 651 1271
348 256 229 651 1271
10106 1269 215 651 1271
140 608 224 651 1271
10076 1268 208 651 1271
436 559 231 652 1272
744 83 227 652 1272
348 257 227 652 1272
140 609 225 652 1272
10076 1269 212 652 1272
436 560 235 653 1273
10055 1273 214 653 1273
744 84 231 653 1273
348 258 227 653 1273
10106 1271 216 653 1273
436 561 231 654 1274
10055 1274 209 654 1274
744 85 231 654 1274
348 259 223 654 1274
10106 1272 227 654 1274
140 611 227 654 1274
436 562 230 655 1275
10055 1275 207 655 1275
744 86 231 655 1275
348 260 224 655 1275
10106 1273 215 655 1275
140 612 225 655 1275
10076 1272 210 655 1275
436 563 227 656 1276
744 87 231 656 1276
348 261 232 656 1276
10106 1274 223 656 1276
140 613 224 656 1276
10076 1273 209 656 1276
436 564 235 657 1277
10055 1277 206 657 1277
744 88 223 657 1277
10173 1273 206 657 1277
10106 1275 226 657 1277
10076 1274 211 657 1277
436 565 236 658 1278
744 89 229 658 1278
10106 1276 221 658 1278
140 615 224 658 1278
10076 1275 207 658 1278
436 566 235 659 1279
744 90 235 659 1279
348 264 231 659 1279
10106 1277 224 659 1279
140 616 225 659 1279
436 567 231 660 1280
10055 1280 208 660 1280
744 91 237 660 1280
348 265 227 660 1280
10106 1278 225 660 1280
436 568 233 661 1281
744 92 239 661 1281
348 266 223 661 1281
10106 1279 225 661 1281
10076 1278 208 661 1281
436 569 233 662 1282
10055 1282 211 662 1282
744 93 235 662 1282
348 267 226 662 1282
10106 1280 223 662 1282
10076 1279 207 662 1282
436 570 232 663 1283
10055 1283 210 663 1283
744 94 235 663 1283
348 268 224 663 1283
10106 1281 223 663 1283
140 620 227 663 1283
10076 1280 206 663 1283
436 571 229 664 1284
10055 1284 210 664 1284
744 95 237 664 1284
348 269 221 664 1284
10106 1282 221 664 1284
140 621 221 664 1284
10076 1281 209 664 1284
436 572 233 665 1285
10055 1285 210 665 1285
744 96 237 665 1285
348 270 232 665 1285
10106 1283 224 665 1285
140 622 226 665 1285
10076 1282 212 665 1285
436 573 231 666 1286
10055 1286 213 666 1286
744 97 239 666 1286
348 271 226 666 1286
10106 1284 221 666 1286
140 623 230 666 1286
436 574 231 667 1287
10055 1287 212 667 1287
744 98 234 667 1287
348 272 224 667 1287
10106 1285 222 667 1287
10076 1284 209 667 1287
436 575 233 668 1288
10055 1288 209 668 1288
744 99 229 668 1288
348 273 222 668 1288
10106 1286 219 668 1288
140 625 221 668 1288
436 576 233 669 1289
10055 1289 211 669 1289
744 100 233 669 1289
348 274 227 669 1289
10106 1287 223 669 1289
10076 1286 212 669 1289
436 577 233 670 1290
10055 1290 209 670 1290
744 101 233 670 1290
348 275 232 670 1290
10106 1288 225 670 1290
140 627 223 670 1290
10076 1287 207 670 1290
436 578 233 671 1291
10055 1291 211 671 1291
744 102 231 671 1291
10106 1289 223 671 1291
436 579 237 672 1292
744 103 237 672 1292
10106 1290 211 672 1292
10076 1289 206 672 1292
140 629 231 672 1292
436 580 235 673 1293
10055 1293 207 673 1293
744 104 239 673 1293
10106 1291 218 673 1293
10076 1290 213 673 1293
140 630 226 673 1293
436 581 234 674 1294
744 105 233 674 1294
140 631 223 674 1294
10076 1291 209 674 1294
436 582 235 675 1295
10055 1295 209 675 1295
744 106 231 675 1295
348 280 225 675 1295
10106 1293 220 675 1295
10076 1292 206 675 1295
140 632 227 675 1295
436 583 236 676 1296
10055 1296 208 676 1296
744 107 227 676 1296
348 281 226 676 1296
10106 1294 219 676 1296
140 633 228 676 1296
10076 1293 207 676 1296
436 584 233 677 1297
10055 1297 211 677 1297
744 108 233 677 1297
348 282 224 677 1297
10106 1295 225 677 1297
140 634 228 677 1297
10076 1294 215 677 1297
436 585 237 678 1298
10055 1298 210 678 1298
348 283 225 678 1298
10106 1296 221 678 1298
140 635 221 678 1298
10076 1295 207 678 1298
436 586 235 679 1299
10055 1299 209 679 1299
10106 1297 228 679 1299
10076 1296 211 679 1299
436 587 235 680 1300
348 285 223 680 1300
10106 1298 228 680 1300
140 637 223 680 1300
10076 1297 208 680 1300
436 588 227 681 1301
10055 1301 209 681 1301
10106 1299 219 681 1301
140 638 224 681 1301
10076 1298 209 681 1301
436 589 227 682 1302
348 287 231 682 1302
10106 1300 217 682 1302
10076 1299 209 682 1302
10055 1303 208 683 1303
348 288 231 683 1303
10106 1301 211 683 1303
10076 1300 208 683 1303
348 289 229 684 1304
10106 1302 210 684 1304
140 641 225 684 1304
10106 1303 214 685 1305
140 642 226 685 1305
348 291 221 686 1306
10106 1304 219 686 1306
10018 634 207 687 1307
10098 1304 206 687 1307
32 591 231 687 1307
348 292 227 687 1307
560 614 227 687 1307
10078 1307 210 688 1308
386 203 223 688 1308
522 298 223 688 1308
10106 1306 207 688 1308
652 607 221 688 1308
10040 1303 206 688 1308
588 609 224 688 1308
348 294 221 689 1309
62 549 225 689 1309
10055 1310 207 690 1310
10018 637 209 690 1310
650 562 238 690 1310
685 597 238 690 1310
10078 1310 211 691 1311
406 665 226 695 1315
406 666 239 696 1316
348 301 233 696 1316
478 102 233 696 1316
406 667 233 697 1317
478 103 223 697 1317
406 668 234 698 1318
348 303 226 698 1318
406 669 234 699 1319
478 105 222 699 1319
406 670 231 700 1320
406 671 234 701 1321
406 672 227 702 1322
406 673 232 703 1323
348 309 225 704 1324
406 675 226 705 1325
348 317 226 712 1332
348 319 227 714 1334
348 320 239 715 1335
478 121 228 715 1335
348 324 229 719 1339
348 325 227 720 1340
348 326 225 721 1341
348 327 227 722 1342
348 330 225 725 1345
348 333 221 728 1348
348 336 223 731 1351
348 337 223 732 1352
348 338 227 733 1353
348 340 221 735 1355
348 342 221 737 1357
348 346 222 741 1361
348 347 226 742 1362
348 348 223 743 1363
478 149 225 743 1363
478 151 221 745 1365
348 357 224 752 1372
348 358 227 753 1373
348 359 228 754 1374
348 361 227 756 1376
478 162 221 756 1376
348 362 233 757 1377
348 363 237 758 1378
478 164 221 758 1378
348 364 227 759 1379
478 165 222 759 1379
348 366 234 761 1381
348 367 239 762 1382
348 368 229 763 1383
348 369 232 764 1384
348 370 226 765 1385
348 371 240 766 1386
348 372 237 767 1387
348 373 232 768 1388
348 374 225 769 1389
348 375 227 770 1390
478 176 228 770 1390
348 376 228 771 1391
478 177 223 771 1391
478 178 223 772 1392
348 378 231 773 1393
478 179 221 773 1393
348 379 227 774 1394
348 380 236 775 1395
478 181 231 775 1395
348 381 235 776 1396
478 182 231 776 1396
348 382 227 777 1397
478 183 231 777 1397
478 184 223 778 1398
348 384 225 779 1399
478 185 225 779 1399
348 385 231 780 1400
478 187 226 781 1401
478 188 231 782 1402
348 388 226 783 1403
478 189 227 783 1403
348 389 231 784 1404
478 190 229 784 1404
348 390 231 785 1405
478 191 227 785 1405
348 391 227 786 1406
478 192 223 786 1406
348 392 235 787 1407
478 193 223 787 1407
348 393 231 788 1408
478 194 225 788 1408
348 394 233 789 1409
478 195 223 789 1409
348 395 230 790 1410
478 196 223 790 1410
348 396 226 791 1411
478 197 225 791 1411
348 397 230 792 1412
478 198 231 792 1412
348 398 227 793 1413
478 199 233 793 1413
348 399 226 794 1414
348 400 229 795 1415
348 401 226 796 1416
10134 1410 206 797 1417
348 402 227 797 1417
10009 1415 208 797 1417
10134 1411 212 798 1418
348 403 243 798 1418
10088 1414 206 798 1418
348 404 231 799 1419
10050 1423 212 799 1419
10101 1413 217 799 1419
10141 1412 209 799 1419
10061 1424 211 799 1419
10169 1421 213 799 1419
630 95 224 800 1420
10138 1414 222 800 1420
348 405 235 800 1420
10062 1418 207 800 1420
10128 1415 211 800 1420
717 727 223 800 1420
652 31 223 800 1420
10068 1426 207 801 1421
10067 1417 207 801 1421
10123 1416 210 801 1421
171 163 227 801 1421
348 406 228 801 1421
10163 1424 209 801 1421
10164 1216 207 801 1421
10067 1418 208 802 1422
348 407 234 802 1422
10033 1421 209 802 1422
10083 1423 206 803 1423
10046 1422 221 803 1423
10080 1427 231 803 1423
10083 1424 209 804 1424
10046 1423 207 804 1424
10080 1428 211 804 1424
10080 1429 208 805 1425
10046 1425 207 806 1426
10046 1426 208 807 1427
10083 1428 206 808 1428
10046 1427 207 808 1428
10046 1428 213 809 1429
10080 1433 209 809 1429
10083 1430 207 810 1430
10080 1434 211 810 1430
10083 1431 206 811 1431
10046 1430 208 811 1431
10080 1435 206 811 1431
10083 1433 209 813 1433
10080 1437 207 813 1433
10083 1434 207 814 1434
10046 1434 207 815 1435
10080 1439 212 815 1435
10046 1436 205 817 1437
10080 1441 213 817 1437
10080 1442 206 818 1438
10080 1444 213 820 1440
10080 1445 213 821 1441
10083 1442 205 822 1442
10080 1446 211 822 1442
10080 1447 212 823 1443
10083 1444 207 824 1444
10080 1448 213 824 1444
10083 1445 208 825 1445
10080 1449 213 825 1445
10083 1446 207 826 1446
10080 1450 207 826 1446
10080 1451 208 827 1447
10046 1447 206 828 1448
10083 1449 205 829 1449
10046 1448 207 829 1449
10080 1453 206 829 1449
10083 1450 207 830 1450
10046 1450 206 831 1451
10080 1455 208 831 1451
10083 1452 207 832 1452
10080 1456 211 832 1452
10083 1453 208 833 1453
10080 1457 211 833 1453
10083 1454 207 834 1454
10080 1458 211 834 1454
10083 1455 206 835 1455
10080 1459 211 835 1455
10083 1456 208 836 1456
10046 1455 205 836 1456
10080 1460 208 836 1456
10083 1458 207 838 1458
10046 1457 208 838 1458
10080 1462 216 838 1458
10071 1461 213 839 1459
10064 1459 206 839 1459
348 445 247 840 1460
10064 1460 220 840 1460
10094 1460 205 840 1460
348 446 235 841 1461
10064 1461 207 841 1461
10094 1461 206 841 1461
10064 1462 214 842 1462
348 448 231 843 1463
10064 1463 212 843 1463
348 449 226 844 1464
10027 1464 207 844 1464
10064 1464 215 844 1464
348 450 232 845 1465
10064 1465 213 845 1465
348 451 229 846 1466
10064 1466 211 846 1466
348 452 229 847 1467
10064 1467 213 847 1467
348 453 225 848 1468
10064 1468 208 848 1468
10071 1471 207 849 1469
348 454 229 849 1469
10064 1469 213 849 1469
10094 1469 207 849 1469
348 455 229 850 1470
10064 1470 217 850 1470
348 456 231 851 1471
10064 1471 214 851 1471
348 457 250 852 1472
10064 1472 207 852 1472
348 458 224 853 1473
10064 1473 218 853 1473
10027 1474 209 854 1474
348 459 242 854 1474
10064 1474 225 854 1474
10071 1477 208 855 1475
348 460 231 855 1475
10080 1479 206 855 1475
10064 1475 218 855 1475
10064 1476 220 856 1476
10064 1477 217 857 1477
10064 1478 213 858 1478
348 464 239 859 1479
10064 1480 206 860 1480
10080 1485 222 860 1480
10046 1481 210 861 1481
10083 1483 206 862 1482
10046 1482 209 862 1482
10086 1485 208 863 1483
10033 1483 211 864 1484
10043 1483 210 864 1484
10123 1480 208 864 1484
10163 1488 211 864 1484
10050 1490 207 866 1486
10141 1479 218 866 1486
10134 1480 206 866 1486
10134 1481 206 867 1487
10106 1486 212 867 1487
10076 1485 205 868 1488
10055 1489 219 868 1488
524 420 238 868 1488
10158 1484 213 868 1488
10173 1485 222 868 1488
10004 1486 211 869 1489
10031 1493 223 869 1489
10077 1481 205 870 1490
10097 1484 214 870 1490
10097 1485 217 871 1491
10142 1487 207 872 1492
10162 1487 218 872 1492
10097 1486 211 872 1492
94 171 226 872 1492
10081 1486 207 872 1492
10153 1485 205 872 1492
10162 1488 209 873 1493
10097 1487 235 873 1493
10144 1490 209 874 1494
10140 1491 207 874 1494
10158 1490 207 874 1494
10144 1491 207 875 1495
10010 1495 208 883 1503
10158 1518 207 902 1522
10010 1515 210 903 1523
10158 1519 210 903 1523
613 743 226 910 1530
10078 1530 206 910 1530
10169 1537 207 915 1535
615 826 225 915 1535
10128 1531 211 916 1536
10123 1532 207 916 1536
10164 1332 224 917 1537
10043 1536 212 917 1537
10045 1543 210 920 1540
10072 1544 207 920 1540
10082 1540 217 920 1540
10028 1542 215 920 1540
10041 1540 208 920 1540
10019 1543 217 921 1541
10045 1544 225 921 1541
10049 1544 215 921 1541
10066 1544 225 921 1541
10072 1545 223 921 1541
764 783 226 921 1541
10028 1543 225 921 1541
10020 1542 208 921 1541
10041 1541 207 921 1541
10019 1544 223 922 1542
10045 1545 205 922 1542
10049 1545 213 922 1542
10021 1542 212 922 1542
10066 1545 209 922 1542
10151 1543 208 922 1542
10082 1542 212 922 1542
10022 1546 207 922 1542
10041 1542 212 922 1542
10019 1545 218 923 1543
10017 1541 209 923 1543
10152 1547 212 923 1543
10011 1544 206 923 1543
10042 1546 214 924 1544
10008 1544 213 924 1544
10152 1548 215 924 1544
10042 1547 205 925 1545
10152 1549 212 925 1545
10011 1546 213 925 1545
10072 1549 212 925 1545
10151 1546 210 925 1545
10034 1550 217 925 1545
10042 1548 206 926 1546
10152 1550 221 926 1546
10072 1550 212 926 1546
10151 1547 219 926 1546
10082 1546 210 926 1546
10041 1546 217 926 1546
10021 1547 216 927 1547
10066 1550 211 927 1547
10072 1551 224 927 1547
10082 1547 233 927 1547
10028 1549 206 927 1547
10020 1548 207 927 1547
10041 1547 208 927 1547
10019 1550 213 927 1547
10045 1551 211 928 1548
10021 1548 215 928 1548
10072 1552 212 928 1548
10082 1548 206 928 1548
10045 1552 207 929 1549
10021 1549 220 929 1549
181 208 221 929 1549
10066 1552 210 929 1549
10072 1553 217 929 1549
10082 1549 208 929 1549
10028 1551 211 929 1549
10020 1550 208 929 1549
10019 1552 206 930 1550
10045 1553 209 930 1550
10021 1550 207 930 1550
10066 1553 219 930 1550
10072 1554 228 930 1550
10082 1550 215 930 1550
10028 1552 209 930 1550
10019 1553 214 931 1551
10021 1551 217 931 1551
10066 1554 223 931 1551
10072 1555 221 931 1551
10082 1551 219 931 1551
10028 1553 210 931 1551
10020 1552 213 931 1551
10045 1555 211 932 1552
10021 1552 217 932 1552
10066 1555 214 932 1552
10072 1556 221 932 1552
10082 1552 219 932 1552
10028 1554 210 932 1552
10020 1553 211 932 1552
10021 1553 211 933 1553
10066 1556 221 933 1553
10072 1557 229 933 1553
10082 1553 216 933 1553
10028 1555 213 933 1553
10019 1556 208 933 1553
10045 1557 206 934 1554
10021 1554 211 934 1554
10066 1557 223 934 1554
10072 1558 221 934 1554
10082 1554 211 934 1554
10028 1556 219 934 1554
10020 1555 224 934 1554
10019 1557 210 935 1555
10045 1558 206 935 1555
10021 1555 213 935 1555
10066 1558 221 935 1555
10072 1559 228 935 1555
10021 1556 213 936 1556
10066 1559 219 936 1556
10072 1560 229 936 1556
10082 1556 211 936 1556
10028 1558 212 936 1556
10020 1557 209 936 1556
10045 1560 212 937 1557
10021 1557 211 937 1557
10066 1560 221 937 1557
10072 1561 228 937 1557
10082 1557 212 937 1557
10028 1559 207 937 1557
10020 1558 206 937 1557
10019 1560 213 938 1558
10045 1561 207 938 1558
10021 1558 206 938 1558
10066 1561 223 938 1558
10072 1562 230 938 1558
10082 1558 217 938 1558
10028 1560 206 938 1558
10019 1561 206 939 1559
10066 1562 217 939 1559
10072 1563 222 939 1559
65 811 224 939 1559
10082 1559 215 939 1559
10028 1561 211 939 1559
10019 1562 212 940 1560
10021 1560 208 940 1560
10066 1563 217 940 1560
10072 1564 219 940 1560
10028 1562 215 940 1560
10020 1561 210 940 1560
10045 1564 212 941 1561
10021 1561 209 941 1561
10066 1564 211 941 1561
10082 1561 208 941 1561
10028 1563 213 941 1561
10020 1562 206 941 1561
10045 1565 212 942 1562
10021 1562 211 942 1562
181 221 221 942 1562
10066 1565 218 942 1562
10072 1566 220 942 1562
10082 1562 222 942 1562
10028 1564 209 942 1562
10020 1563 208 942 1562
10019 1565 212 942 1562
10045 1566 210 943 1563
10021 1563 212 943 1563
10066 1566 218 943 1563
10072 1567 219 943 1563
10082 1563 215 943 1563
10028 1565 212 943 1563
10020 1564 207 943 1563
10019 1566 208 943 1563
10021 1564 212 944 1564
10066 1567 221 944 1564
65 816 222 944 1564
10072 1568 219 944 1564
10082 1564 216 944 1564
10028 1566 212 944 1564
10019 1567 210 944 1564
711 50 223 945 1565
10045 1568 215 945 1565
10021 1565 209 945 1565
10066 1568 214 945 1565
10072 1569 219 945 1565
10020 1566 209 945 1565
10019 1568 213 945 1565
711 51 221 946 1566
10072 1572 230 948 1568
10082 1568 212 948 1568
10028 1570 212 948 1568
10020 1569 217 948 1568
10021 1569 217 948 1568
10066 1572 224 948 1568
10072 1573 231 949 1569
10082 1569 215 949 1569
10028 1571 218 949 1569
10020 1570 212 949 1569
10019 1572 208 949 1569
10045 1573 209 949 1569
10021 1570 213 949 1569
10066 1573 215 949 1569
10072 1574 217 950 1570
10082 1570 211 950 1570
10028 1572 211 950 1570
10020 1571 209 950 1570
10041 1570 207 950 1570
10019 1573 212 950 1570
10021 1571 208 950 1570
10066 1574 219 950 1570
10072 1575 213 951 1571
10020 1572 215 951 1571
10019 1574 206 951 1571
10045 1575 209 951 1571
10021 1572 212 951 1571
10066 1575 218 951 1571
10072 1576 223 952 1572
10082 1572 213 952 1572
10028 1574 218 952 1572
10020 1573 206 952 1572
10019 1575 207 952 1572
10021 1573 213 952 1572
10066 1576 226 952 1572
10072 1577 211 953 1573
10082 1573 206 953 1573
10028 1575 219 953 1573
10020 1574 217 953 1573
10045 1577 207 953 1573
10049 1577 208 953 1573
10021 1574 209 953 1573
10066 1577 223 953 1573
10072 1578 219 954 1574
10082 1574 214 954 1574
10028 1576 210 954 1574
10020 1575 208 954 1574
711 60 221 954 1574
10045 1578 207 954 1574
10049 1578 206 954 1574
10021 1575 208 954 1574
10066 1578 207 954 1574
10072 1579 223 955 1575
10082 1575 219 955 1575
10028 1577 211 955 1575
10020 1576 215 955 1575
10041 1575 207 955 1575
10019 1578 209 955 1575
10045 1579 209 955 1575
10066 1579 218 955 1575
10072 1580 225 956 1576
10082 1576 228 956 1576
10028 1578 210 956 1576
10019 1579 225 956 1576
10049 1580 208 956 1576
10021 1577 210 956 1576
10151 1578 225 957 1577
10034 1582 206 957 1577
10041 1577 206 957 1577
10152 1582 209 957 1577
10011 1579 225 957 1577
10151 1579 207 958 1578
10034 1583 211 958 1578
10011 1580 207 959 1579
10019 1582 210 959 1579
10042 1582 209 959 1579
10008 1580 219 959 1579
10152 1584 213 959 1579
10023 1573 217 959 1579
10011 1581 211 959 1579
10042 1583 210 960 1580
10008 1581 209 960 1580
10152 1585 218 960 1580
771 756 225 960 1580
10151 1582 208 961 1581
10028 1583 211 961 1581
10022 1585 220 961 1581
10045 1585 219 961 1581
10049 1585 208 961 1581
10066 1585 213 961 1581
10072 1586 215 962 1582
10028 1584 209 962 1582
10041 1582 214 962 1582
10019 1585 216 962 1582
10023 1576 206 962 1582
10019 1586 205 963 1583
10042 1586 218 963 1583
439 815 221 963 1583
10152 1588 212 963 1583
10023 1577 218 963 1583
10011 1585 211 963 1583
10042 1587 220 964 1584
10008 1585 218 964 1584
10152 1589 214 964 1584
10023 1578 208 964 1584
10011 1586 208 964 1584
10019 1588 213 965 1585
10042 1588 207 965 1585
10008 1586 223 965 1585
10152 1590 207 965 1585
10011 1587 211 965 1585
270 389 221 965 1585
10034 1591 207 966 1586
10042 1589 219 966 1586
10008 1587 212 966 1586
10152 1591 211 966 1586
10023 1580 213 966 1586
10011 1588 209 966 1586
10019 1590 208 967 1587
10042 1590 218 967 1587
10008 1588 215 967 1587
10152 1592 212 967 1587
10023 1581 217 967 1587
10011 1589 207 967 1587
10034 1593 209 968 1588
10042 1591 217 968 1588
10008 1589 224 968 1588
10152 1593 213 968 1588
10023 1582 219 968 1588
10019 1592 207 969 1589
10042 1592 211 969 1589
10008 1590 222 969 1589
10152 1594 216 969 1589
10023 1583 219 969 1589
10011 1591 208 969 1589
10042 1593 217 970 1590
777 889 230 970 1590
10152 1595 209 970 1590
10151 1592 214 971 1591
10019 1594 212 971 1591
589 908 221 971 1591
10008 1592 212 971 1591
10023 1585 210 971 1591
782 846 221 972 1592
10034 1597 205 972 1592
10042 1595 217 972 1592
439 824 221 972 1592
10008 1593 212 972 1592
10152 1597 225 972 1592
10023 1586 219 972 1592
10011 1594 207 972 1592
10151 1594 207 973 1593
10034 1598 209 973 1593
149 257 221 973 1593
10019 1596 211 973 1593
10151 1595 213 973 1593
10022 1598 218 974 1594
10019 1597 223 974 1594
10049 1598 207 974 1594
10021 1595 206 974 1594
10066 1598 207 974 1594
10072 1599 213 974 1594
10082 1595 217 975 1595
10028 1597 223 975 1595
10020 1596 207 975 1595
10019 1598 218 975 1595
10066 1599 215 975 1595
10072 1600 217 975 1595
10028 1598 239 976 1596
10020 1597 221 976 1596
10019 1599 220 976 1596
622 244 225 976 1596
10045 1600 208 976 1596
10021 1597 208 976 1596
10072 1601 217 976 1596
10082 1597 218 977 1597
10028 1599 220 977 1597
10041 1597 208 977 1597
10019 1600 211 977 1597
10049 1601 206 977 1597
10072 1602 211 977 1597
10082 1598 213 978 1598
10028 1600 213 978 1598
10041 1598 206 978 1598
10019 1601 219 978 1598
10045 1602 212 978 1598
10066 1602 213 978 1598
10072 1603 207 978 1598
10082 1599 210 979 1599
10028 1601 219 979 1599
10045 1603 219 979 1599
10021 1600 209 979 1599
10082 1600 208 980 1600
10028 1602 212 980 1600
10041 1600 205 980 1600
10045 1604 213 980 1600
10021 1601 207 980 1600
10028 1603 209 981 1601
10003 1602 209 981 1601
10002 1451 211 982 1602
463 109 225 983 1603
10043 1604 209 984 1604
10164 1401 209 985 1605
10043 1605 206 985 1605
10088 1604 207 987 1607
10010 1642 209 1029 1649
10010 1644 208 1031 1651
10010 1651 206 1038 1658
10010 1652 206 1039 1659
10010 1655 212 1042 1662
10010 1657 207 1044 1664
10010 1664 210 1051 1671
10010 1665 209 1052 1672
10010 1666 208 1053 1673
10134 1692 210 1077 1697
10009 1697 217 1078 1698
10050 1704 212 1079 1699
277 200 221 1079 1699
10141 1693 225 1079 1699
10101 1694 219 1079 1699
10061 1705 211 1079 1699
10169 1702 208 1079 1699
10062 1699 206 1080 1700
10123 1697 205 1080 1700
10164 1497 210 1081 1701
10100 1694 206 1081 1701
10046 1702 210 1081 1701
10080 1707 209 1081 1701
10086 1704 214 1081 1701
10080 1708 217 1082 1702
10086 1705 206 1082 1702
348 689 231 1082 1702
10083 1705 212 1083 1703
10046 1704 207 1083 1703
10080 1709 217 1083 1703
10080 1710 222 1084 1704
622 16 239 1085 1705
10080 1711 227 1085 1705
622 17 233 1086 1706
10080 1712 226 1086 1706
622 18 241 1087 1707
10080 1713 228 1087 1707
10083 1710 207 1088 1708
622 19 227 1088 1708
10080 1714 231 1088 1708
622 20 221 1089 1709
10080 1715 246 1089 1709
10080 1716 229 1090 1710
10080 1717 222 1091 1711
10080 1844 209 1218 1838
10080 1872 209 1246 1866
10080 1874 210 1248 1868
10080 1875 210 1249 1869
10080 1895 217 1269 1889
10080 1896 206 1270 1890
10080 1897 205 1271 1891
348 878 222 1272 1892
10080 1898 222 1272 1892
10061 1902 206 1276 1896
10097 1900 208 1285 1905
10097 1901 209 1286 1906
10158 1904 209 1287 1907
348 899 223 1293 1913
348 901 225 1295 1915
348 902 225 1296 1916
348 916 225 1310 1930
348 917 221 1311 1931
348 918 221 1312 1932
348 919 221 1313 1933
348 927 223 1321 1941
348 929 221 1323 1943
348 931 221 1325 1945
348 935 221 1329 1949
348 953 224 1347 1967
348 954 221 1348 1968
348 955 224 1349 1969
348 956 222 1350 1970
348 957 221 1351 1971
348 960 222 1354 1974
348 961 221 1355 1975
