473 7 224 0 1838
599 5 225 1 1839
473 8 235 1 1839
599 6 227 2 1840
473 9 237 2 1840
599 7 221 3 1841
473 11 241 4 1842
473 12 240 5 1843
473 13 227 6 1844
10009 1847 211 12 1850
10134 1843 211 12 1850
10009 1848 206 13 1851
10134 1844 207 13 1851
10009 1849 210 14 1852
10134 1845 211 14 1852
706 307 231 15 1853
632 85 221 15 1853
10134 1846 216 15 1853
10009 1851 210 16 1854
708 174 227 16 1854
10134 1847 218 16 1854
10009 1852 214 17 1855
10134 1848 215 17 1855
10009 1853 217 18 1856
10106 1860 205 24 1862
10106 1862 208 26 1864
10158 1887 206 54 1892
599 59 227 54 1892
10018 1220 206 55 1893
599 60 223 55 1893
10018 1221 209 56 1894
599 61 228 56 1894
10158 1889 207 56 1894
10106 1892 207 56 1894
10055 1895 210 57 1895
10018 1222 208 57 1895
10140 1891 208 57 1895
599 62 226 57 1895
10158 1890 210 57 1895
10018 1223 207 58 1896
10140 1892 208 58 1896
599 63 223 58 1896
10055 1897 209 59 1897
10018 1224 207 59 1897
10140 1893 207 59 1897
10158 1892 207 59 1897
599 64 222 59 1897
10055 1900 207 62 1900
10055 1901 208 63 1901
10061 1912 208 70 1908
10055 1914 211 76 1914
10102 1921 210 91 1929
10102 1950 207 120 1958
10122 1949 207 121 1959
10110 1959 212 132 1970
10110 1960 207 133 1971
10110 1961 218 134 1972
10110 1962 217 135 1973
10133 1970 205 141 1979
10110 1968 214 141 1979
10110 1969 221 142 1980
10133 1972 207 143 1981
10114 1975 205 143 1981
10110 1970 207 143 1981
10148 1977 204 144 1982
10114 1976 205 144 1982
10110 1972 218 145 1983
10110 1973 213 146 1984
10110 1974 209 147 1985
10114 1980 207 148 1986
10110 1976 206 149 1987
10110 1979 207 152 1990
10114 1986 209 154 1992
10110 1981 205 154 1992
10114 1987 206 155 1993
10110 1982 215 155 1993
10133 1997 206 168 2006
10133 1998 208 169 2007
10110 1996 206 169 2007
10133 2000 213 171 2009
10110 1998 206 171 2009
10114 2004 205 172 2010
10110 1999 221 172 2010
10110 2000 211 173 2011
10114 2006 207 174 2012
10110 2001 209 174 2012
10110 2002 221 175 2013
10110 2003 217 176 2014
10110 2004 208 177 2015
10110 2005 212 178 2016
10110 2006 207 179 2017
10110 2007 211 180 2018
10110 2009 215 182 2020
10110 2012 209 185 2023
10110 2018 214 191 2029
10110 2019 215 192 2030
10110 2020 209 193 2031
10110 2021 212 194 2032
10110 2022 206 195 2033
10133 2025 205 196 2034
10114 2028 215 196 2034
10110 2026 207 199 2037
10133 2030 215 201 2039
10148 2035 207 202 2040
10133 2031 209 202 2040
10133 2032 205 203 2041
10148 2040 205 207 2045
10133 2036 207 207 2045
10148 2041 211 208 2046
10133 2037 221 208 2046
10148 2042 207 209 2047
10133 2038 218 209 2047
10148 2045 207 212 2050
10133 2041 208 212 2050
10133 2042 205 213 2051
10148 2047 205 214 2052
10133 2043 208 214 2052
10133 2044 219 215 2053
10133 2046 207 217 2055
10133 2047 217 218 2056
10133 2048 207 219 2057
10133 2049 206 220 2058
10133 2051 210 222 2060
10114 2060 208 228 2066
10114 2061 206 229 2067
10114 2062 205 230 2068
10114 2064 208 232 2070
10110 2059 209 232 2070
10114 2065 212 233 2071
10148 2069 206 236 2074
10114 2068 215 236 2074
10114 2069 209 237 2075
10148 2072 206 239 2077
10148 2073 208 240 2078
10114 2072 219 240 2078
10114 2073 213 241 2079
10114 2077 206 245 2083
10148 2079 206 246 2084
10148 2080 205 247 2085
10114 2079 209 247 2085
10148 2083 207 250 2088
10148 2085 206 252 2090
10114 2084 207 252 2090
10110 2080 205 253 2091
10148 2087 207 254 2092
10114 2086 223 254 2092
10114 2087 214 255 2093
10148 2090 206 257 2095
10114 2089 212 257 2095
10148 2091 208 258 2096
10114 2091 208 259 2097
10114 2092 210 260 2098
10114 2093 205 261 2099
10114 2094 224 262 2100
10114 2095 207 263 2101
10110 2092 207 265 2103
10114 2100 206 268 2106
10114 2101 206 269 2107
10148 2103 209 270 2108
10114 2102 209 270 2108
10110 2098 207 271 2109
10114 2107 213 275 2113
10114 2108 212 276 2114
10110 2103 208 276 2114
10148 2113 220 280 2118
10114 2112 207 280 2118
10148 2115 213 282 2120
10114 2114 209 282 2120
10114 2115 206 283 2121
10148 2117 208 284 2122
10148 2118 208 285 2123
10148 2120 209 287 2125
10114 2120 209 288 2126
10126 2075 210 303 2141
10117 2143 207 316 2154
10139 2147 206 317 2155
10139 2148 213 318 2156
10117 2145 205 318 2156
10139 2149 218 319 2157
10139 2150 215 320 2158
10117 2150 208 323 2161
10139 2155 206 325 2163
10139 2156 211 326 2164
10139 2157 211 327 2165
10139 2159 210 329 2167
10117 2156 206 329 2167
10139 2160 208 330 2168
10117 2158 217 331 2169
10139 2162 208 332 2170
10139 2163 207 333 2171
10139 2164 206 334 2172
10117 2161 208 334 2172
10117 2163 208 336 2174
10139 2167 205 337 2175
10117 2164 206 337 2175
10117 2165 216 338 2176
10139 2170 211 340 2178
10117 2167 213 340 2178
10139 2171 210 341 2179
10117 2168 219 341 2179
10117 2170 209 343 2181
10117 2171 212 344 2182
10117 2172 208 345 2183
10139 2177 210 347 2185
10117 2174 211 347 2185
10117 2177 221 350 2188
10117 2178 206 351 2189
10139 2182 207 352 2190
10117 2180 205 353 2191
10139 2185 205 355 2193
10117 2182 215 355 2193
10139 2189 206 359 2197
10117 2187 211 360 2198
10117 2188 212 361 2199
10139 2192 205 362 2200
10117 2189 220 362 2200
10117 2190 218 363 2201
10117 2194 206 367 2205
10102 2198 208 368 2206
10139 2199 206 369 2207
10139 2200 207 370 2208
10117 2197 206 370 2208
10139 2201 207 371 2209
10040 2222 208 390 2228
10134 2259 205 428 2266
10134 2265 205 434 2272
10134 2273 205 442 2280
10134 2292 205 461 2299
10122 2296 209 468 2306
10139 2299 207 469 2307
10139 2300 224 470 2308
10117 2297 219 470 2308
10109 2297 207 470 2308
10122 2298 207 470 2308
10147 2297 206 470 2308
10103 2301 215 470 2308
10139 2301 237 471 2309
10117 2298 214 471 2309
10102 2301 207 471 2309
10103 2302 206 471 2309
10122 2300 215 472 2310
10102 2302 211 472 2310
10103 2303 216 472 2310
10117 2300 217 473 2311
10122 2301 211 473 2311
10102 2303 219 473 2311
10103 2304 225 473 2311
10139 2304 213 474 2312
10117 2301 217 474 2312
10005 2303 211 474 2312
10102 2304 229 474 2312
10103 2305 218 474 2312
10139 2305 217 475 2313
10117 2302 217 475 2313
10005 2304 211 475 2313
10102 2305 229 475 2313
10103 2306 213 476 2314
10139 2306 221 476 2314
10117 2303 221 476 2314
10102 2306 213 476 2314
10103 2307 227 477 2315
10139 2307 218 477 2315
10117 2304 219 477 2315
10102 2307 223 477 2315
10103 2308 219 478 2316
10117 2305 225 478 2316
10102 2308 232 478 2316
10103 2309 218 478 2316
10139 2309 217 479 2317
10117 2306 217 479 2317
10102 2309 227 479 2317
10103 2310 219 479 2317
10139 2310 214 480 2318
10117 2307 214 480 2318
10102 2310 226 480 2318
10103 2311 213 480 2318
10139 2311 211 481 2319
10117 2308 223 481 2319
10102 2311 207 481 2319
10103 2312 215 481 2319
10139 2312 212 482 2320
10117 2309 227 482 2320
10102 2312 233 482 2320
10103 2313 224 482 2320
10139 2313 212 483 2321
10005 2312 207 483 2321
10102 2313 227 483 2321
10103 2314 225 483 2321
10139 2314 211 484 2322
10117 2311 213 484 2322
10005 2313 209 484 2322
10102 2314 231 484 2322
10103 2315 223 484 2322
10139 2315 208 485 2323
10117 2312 217 485 2323
10102 2315 226 485 2323
10103 2316 229 485 2323
10117 2313 211 486 2324
10122 2314 211 486 2324
10102 2316 221 486 2324
10103 2317 223 486 2324
10139 2317 209 487 2325
10005 2316 213 487 2325
10122 2315 211 487 2325
10102 2317 221 487 2325
10103 2318 221 487 2325
10139 2318 214 488 2326
10117 2315 217 488 2326
10102 2318 223 488 2326
10103 2319 223 488 2326
10117 2316 218 489 2327
10102 2319 233 489 2327
10103 2320 206 489 2327
10139 2320 209 490 2328
10117 2317 223 490 2328
10102 2320 233 490 2328
10103 2321 221 490 2328
10139 2321 221 491 2329
10117 2318 222 491 2329
10102 2321 228 491 2329
10103 2322 217 491 2329
10139 2322 218 492 2330
10117 2319 211 492 2330
10102 2322 219 492 2330
10103 2323 217 492 2330
10139 2323 217 493 2331
10117 2320 214 493 2331
10102 2323 228 493 2331
10103 2324 225 493 2331
10139 2324 220 494 2332
10117 2321 227 494 2332
10102 2324 237 494 2332
10103 2325 217 494 2332
10139 2325 207 495 2333
10117 2322 226 495 2333
10102 2325 223 495 2333
10103 2326 207 495 2333
10117 2323 223 496 2334
10102 2326 227 496 2334
10103 2327 218 496 2334
10139 2327 209 497 2335
10117 2324 225 497 2335
10102 2327 231 497 2335
10139 2328 221 498 2336
10117 2325 221 498 2336
10122 2326 213 498 2336
10102 2328 216 498 2336
10103 2329 224 498 2336
10139 2329 206 499 2337
10117 2326 208 499 2337
10005 2328 222 499 2337
10102 2329 221 499 2337
10103 2330 224 499 2337
10139 2330 213 500 2338
10117 2327 225 500 2338
10102 2330 231 500 2338
10103 2331 219 500 2338
10139 2331 222 501 2339
10117 2328 227 501 2339
10102 2331 228 501 2339
10103 2332 209 501 2339
10139 2332 214 502 2340
10117 2329 217 502 2340
10102 2332 221 502 2340
10139 2333 217 503 2341
10117 2330 223 503 2341
10102 2333 225 503 2341
10103 2334 210 503 2341
10139 2334 221 504 2342
10117 2331 222 504 2342
10102 2334 218 504 2342
10103 2335 207 504 2342
10139 2335 209 505 2343
10117 2332 224 505 2343
10102 2335 219 505 2343
10103 2336 211 505 2343
10139 2336 207 506 2344
10117 2333 222 506 2344
10102 2336 236 506 2344
10103 2337 222 506 2344
10139 2337 216 507 2345
10117 2334 209 507 2345
10005 2336 211 507 2345
10122 2335 213 507 2345
10102 2337 225 507 2345
10103 2338 233 507 2345
10117 2335 220 508 2346
10005 2337 208 508 2346
10102 2338 236 508 2346
10103 2339 214 508 2346
10139 2339 215 509 2347
10117 2336 210 509 2347
10005 2338 212 509 2347
10102 2339 212 509 2347
10103 2340 237 509 2347
10139 2340 221 510 2348
10117 2337 221 510 2348
10102 2340 224 510 2348
10103 2341 237 510 2348
10117 2338 212 511 2349
10102 2341 218 511 2349
10103 2342 221 511 2349
10139 2342 211 512 2350
10117 2339 206 512 2350
10102 2342 214 512 2350
10147 2339 206 512 2350
10103 2343 221 512 2350
10139 2343 221 513 2351
10117 2340 208 513 2351
10005 2342 212 513 2351
10122 2341 210 513 2351
10102 2343 225 513 2351
10103 2344 228 513 2351
10139 2344 223 514 2352
10117 2341 226 514 2352
10005 2343 207 514 2352
10102 2344 229 514 2352
10103 2345 233 514 2352
10139 2345 232 515 2353
10117 2342 216 515 2353
10005 2344 210 515 2353
10122 2343 207 515 2353
10102 2345 208 515 2353
10103 2346 234 515 2353
10139 2346 221 516 2354
10117 2343 221 516 2354
10102 2346 225 516 2354
10139 2347 213 517 2355
10005 2346 215 517 2355
10102 2347 223 517 2355
10103 2348 231 517 2355
10139 2348 233 518 2356
10117 2345 226 518 2356
10102 2348 222 518 2356
10103 2349 224 518 2356
10139 2349 219 519 2357
10005 2348 211 519 2357
10122 2347 206 519 2357
10102 2349 211 519 2357
10103 2350 235 519 2357
10139 2350 222 520 2358
10117 2347 227 520 2358
10005 2349 206 520 2358
10102 2350 223 520 2358
10103 2351 221 520 2358
10139 2351 208 521 2359
10005 2350 211 521 2359
10122 2349 207 521 2359
10102 2351 215 521 2359
10103 2352 219 521 2359
10139 2352 212 522 2360
10117 2349 207 522 2360
10122 2350 214 522 2360
10102 2352 229 522 2360
10103 2353 226 522 2360
10139 2353 223 523 2361
10102 2353 223 523 2361
10103 2354 237 523 2361
10139 2354 224 524 2362
10117 2351 209 524 2362
10102 2354 221 524 2362
10103 2355 229 524 2362
10139 2355 230 525 2363
10117 2352 220 525 2363
10005 2354 208 525 2363
10102 2355 235 525 2363
10103 2356 229 525 2363
10139 2356 220 526 2364
10117 2353 215 526 2364
10102 2356 226 526 2364
10103 2357 216 526 2364
10122 2355 209 527 2365
10102 2357 235 527 2365
10103 2358 218 527 2365
10139 2358 206 528 2366
10117 2355 207 528 2366
10005 2357 209 528 2366
10102 2358 211 528 2366
10103 2359 231 528 2366
10139 2359 209 529 2367
10005 2358 208 529 2367
10122 2357 207 529 2367
10102 2359 220 529 2367
10103 2360 212 529 2367
10139 2360 207 530 2368
10005 2359 206 530 2368
10122 2358 211 530 2368
10102 2360 225 530 2368
10103 2361 239 530 2368
10139 2361 231 531 2369
10117 2358 212 531 2369
10005 2360 207 531 2369
10122 2359 208 531 2369
10102 2361 219 531 2369
10103 2362 227 531 2369
10139 2362 225 532 2370
10117 2359 225 532 2370
10102 2362 215 532 2370
10103 2363 227 532 2370
10139 2363 223 533 2371
10005 2362 209 533 2371
10122 2361 212 533 2371
10102 2363 211 533 2371
10103 2364 221 533 2371
10139 2364 225 534 2372
10117 2361 217 534 2372
10122 2362 214 534 2372
10102 2364 214 534 2372
10103 2365 207 534 2372
10005 2364 210 535 2373
10122 2363 219 535 2373
10102 2365 215 535 2373
10005 2365 227 536 2374
10122 2364 223 536 2374
10102 2366 220 536 2374
10103 2367 211 536 2374
10139 2367 212 537 2375
10117 2364 207 537 2375
10005 2366 212 537 2375
10005 2367 206 538 2376
10122 2366 206 538 2376
10102 2373 223 543 2381
10103 2374 216 543 2381
10139 2374 206 544 2382
10005 2373 211 544 2382
10121 2373 207 544 2382
10122 2372 213 544 2382
10102 2374 215 544 2382
10005 2374 215 545 2383
10122 2373 210 545 2383
10102 2375 209 545 2383
10005 2375 217 546 2384
10121 2375 207 546 2384
10122 2374 221 546 2384
10102 2376 208 546 2384
10147 2373 209 547 2385
10005 2376 233 547 2385
10122 2375 212 547 2385
10102 2377 214 547 2385
10147 2374 205 547 2385
10005 2377 216 548 2386
10122 2376 214 548 2386
10102 2378 209 548 2386
10005 2378 211 549 2387
10122 2377 218 549 2387
10147 2376 211 550 2388
10136 2376 213 550 2388
10005 2379 227 550 2388
10121 2379 208 550 2388
10122 2378 224 550 2388
10102 2380 206 550 2388
10136 2377 207 551 2389
10005 2380 217 551 2389
10121 2380 206 551 2389
10102 2381 210 551 2389
10136 2378 206 552 2390
10005 2381 231 552 2390
10122 2380 217 552 2390
10102 2382 213 552 2390
10136 2379 210 553 2391
10005 2382 214 553 2391
10121 2382 205 553 2391
10102 2383 208 553 2391
10103 2384 206 554 2392
10136 2380 208 554 2392
10005 2383 221 554 2392
10122 2382 226 554 2392
10147 2381 207 555 2393
10005 2384 219 555 2393
10122 2383 213 555 2393
10147 2382 206 556 2394
10005 2385 223 556 2394
10102 2386 213 556 2394
10005 2386 221 557 2395
10122 2385 226 557 2395
10102 2387 215 557 2395
10136 2384 208 558 2396
10005 2387 223 558 2396
10122 2386 220 558 2396
10102 2388 211 558 2396
10103 2389 207 559 2397
10005 2388 220 559 2397
10122 2387 223 559 2397
10102 2389 212 559 2397
10005 2389 217 560 2398
10121 2389 214 560 2398
10122 2388 225 560 2398
10102 2390 208 560 2398
10136 2387 213 561 2399
10005 2390 217 561 2399
10121 2390 212 561 2399
10122 2389 225 561 2399
10102 2391 211 561 2399
10136 2388 212 562 2400
10005 2391 212 562 2400
10121 2391 210 562 2400
10122 2390 215 562 2400
10102 2392 208 562 2400
10136 2389 211 563 2401
10005 2392 226 563 2401
10122 2391 233 563 2401
10102 2393 209 563 2401
10136 2390 211 564 2402
10005 2393 213 564 2402
10121 2393 207 564 2402
10122 2392 221 564 2402
10102 2394 214 564 2402
10147 2391 207 565 2403
10005 2394 214 565 2403
10122 2393 233 565 2403
10029 2395 207 566 2404
10005 2395 217 566 2404
10121 2395 207 566 2404
10122 2394 229 566 2404
10102 2396 214 566 2404
10147 2393 205 566 2404
10103 2397 206 566 2404
10005 2396 219 567 2405
10122 2395 210 567 2405
10102 2397 206 567 2405
10103 2398 217 567 2405
10139 2398 210 568 2406
10005 2397 209 568 2406
10122 2396 217 568 2406
10103 2399 219 568 2406
10005 2398 223 569 2407
10121 2398 208 569 2407
10122 2397 219 569 2407
10103 2400 208 569 2407
10005 2399 217 570 2408
10121 2399 206 570 2408
10122 2398 223 570 2408
10102 2400 213 570 2408
10147 2397 210 570 2408
10103 2401 215 570 2408
10136 2397 207 571 2409
10005 2400 219 571 2409
10122 2399 219 571 2409
10102 2401 211 571 2409
10103 2402 216 571 2409
10139 2402 209 572 2410
10005 2401 213 572 2410
10122 2400 211 572 2410
10102 2402 221 572 2410
10147 2399 206 572 2410
10005 2402 214 573 2411
10122 2401 223 573 2411
10102 2403 207 573 2411
10103 2404 212 573 2411
10029 2403 207 574 2412
10005 2403 209 574 2412
10122 2402 218 574 2412
10102 2404 219 574 2412
10103 2405 210 574 2412
10005 2404 235 575 2413
10122 2403 222 575 2413
10147 2402 207 575 2413
10005 2405 218 576 2414
10121 2405 211 576 2414
10122 2404 231 576 2414
10102 2406 209 576 2414
10147 2403 205 576 2414
10005 2406 231 577 2415
10122 2405 217 577 2415
10102 2407 217 577 2415
10005 2407 225 578 2416
10121 2407 209 578 2416
10122 2406 220 578 2416
10102 2408 206 578 2416
10147 2405 207 578 2416
10005 2408 227 579 2417
10122 2407 213 579 2417
10102 2409 215 579 2417
10103 2410 206 579 2417
10136 2406 206 580 2418
10005 2409 235 580 2418
10122 2408 219 580 2418
10102 2410 212 580 2418
10136 2407 208 581 2419
10005 2410 225 581 2419
10122 2409 217 581 2419
10005 2411 221 582 2420
10122 2410 213 582 2420
10005 2412 229 583 2421
10102 2413 205 583 2421
10005 2413 223 584 2422
10122 2412 212 584 2422
10102 2414 211 584 2422
10117 2412 207 585 2423
10005 2414 218 585 2423
10122 2413 214 585 2423
10147 2412 205 585 2423
10136 2412 209 586 2424
10005 2415 219 586 2424
10121 2415 212 586 2424
10122 2414 219 586 2424
10102 2416 211 586 2424
10147 2413 206 586 2424
10005 2416 227 587 2425
10122 2415 224 587 2425
10147 2414 206 587 2425
10136 2414 211 588 2426
10005 2417 210 588 2426
10122 2416 212 588 2426
10005 2418 223 589 2427
10122 2417 225 589 2427
10102 2419 209 589 2427
10136 2416 211 590 2428
10005 2419 208 590 2428
10122 2418 216 590 2428
10102 2420 214 590 2428
10147 2417 206 590 2428
10136 2417 210 591 2429
10005 2420 217 591 2429
10121 2420 209 591 2429
10122 2419 221 591 2429
10122 2420 212 592 2430
10136 2419 207 593 2431
10005 2422 220 593 2431
10121 2422 207 593 2431
10122 2421 227 593 2431
10102 2423 213 593 2431
10147 2420 208 593 2431
10136 2420 207 594 2432
10121 2423 207 594 2432
10122 2422 227 594 2432
10102 2424 208 594 2432
10105 2421 208 595 2433
10122 2423 214 595 2433
10102 2425 217 595 2433
10005 2425 213 596 2434
10121 2425 208 596 2434
10122 2424 212 596 2434
10102 2426 207 596 2434
10136 2423 209 597 2435
10005 2426 221 597 2435
10121 2426 212 597 2435
10122 2425 217 597 2435
10147 2424 206 597 2435
10136 2424 216 598 2436
10005 2427 215 598 2436
10122 2426 227 598 2436
10102 2428 215 598 2436
10147 2425 211 598 2436
10136 2425 206 599 2437
10005 2428 210 599 2437
10122 2427 229 599 2437
10147 2426 212 599 2437
10136 2426 211 600 2438
10005 2429 211 600 2438
10122 2428 225 600 2438
10147 2427 208 601 2439
10005 2430 223 601 2439
10121 2430 207 601 2439
10122 2429 221 601 2439
10147 2428 206 602 2440
10136 2428 207 602 2440
10005 2431 225 602 2440
10147 2429 205 603 2441
10136 2429 212 603 2441
10005 2432 222 603 2441
10121 2432 213 603 2441
10122 2431 229 603 2441
10147 2430 206 604 2442
10136 2430 211 604 2442
10005 2433 219 604 2442
10122 2432 221 604 2442
10147 2431 213 605 2443
10136 2431 210 605 2443
10005 2434 215 605 2443
10121 2434 207 605 2443
10122 2433 223 605 2443
10005 2435 215 606 2444
10121 2435 212 606 2444
10122 2434 217 606 2444
10102 2436 211 606 2444
10005 2436 225 607 2445
10121 2436 209 607 2445
10122 2435 226 607 2445
10102 2437 209 607 2445
10029 2437 206 608 2446
10122 2436 212 608 2446
10102 2438 211 608 2446
10122 2437 219 609 2447
10102 2439 225 609 2447
10103 2440 216 610 2448
10122 2438 219 610 2448
10102 2440 224 610 2448
10103 2441 217 611 2449
10117 2438 207 611 2449
10005 2440 212 611 2449
10122 2439 210 611 2449
10102 2441 214 611 2449
10005 2441 216 612 2450
10122 2440 213 612 2450
10103 2443 215 613 2451
10117 2440 207 613 2451
10122 2441 209 613 2451
10102 2443 213 613 2451
10005 2443 212 614 2452
10122 2442 226 614 2452
10136 2441 206 615 2453
10005 2444 212 615 2453
10122 2443 228 615 2453
10102 2445 220 615 2453
10103 2446 208 616 2454
10029 2445 208 616 2454
10139 2446 207 616 2454
10122 2444 217 616 2454
10102 2446 209 616 2454
10029 2446 209 617 2455
10005 2446 208 617 2455
10102 2447 219 617 2455
10103 2448 215 618 2456
10005 2447 217 618 2456
10122 2446 217 618 2456
10029 2448 206 619 2457
10103 2450 208 620 2458
10139 2450 219 620 2458
10117 2447 209 620 2458
10102 2450 214 620 2458
10139 2451 232 621 2459
10117 2448 235 621 2459
10102 2451 221 621 2459
10103 2452 217 622 2460
10139 2452 220 622 2460
10117 2449 231 622 2460
10102 2452 227 622 2460
10103 2453 219 623 2461
10139 2453 229 623 2461
10117 2450 233 623 2461
10102 2453 218 623 2461
10147 2450 205 624 2462
10103 2454 212 624 2462
10029 2453 207 624 2462
10105 2450 205 624 2462
10139 2454 211 624 2462
10122 2452 207 624 2462
10120 2458 209 624 2462
10147 2451 212 625 2463
10029 2454 209 625 2463
10130 2455 206 626 2464
10130 2456 209 627 2465
10106 2464 207 628 2466
10097 2460 213 629 2467
10031 2470 207 629 2467
10085 2468 205 629 2467
10106 2465 207 629 2467
10076 2464 208 630 2468
10055 2468 211 630 2468
10140 2464 205 630 2468
10173 2464 221 630 2468
10106 2466 219 630 2468
10004 2465 206 631 2469
10076 2465 223 631 2469
10055 2469 220 631 2469
10140 2465 213 631 2469
10173 2465 219 631 2469
10106 2467 213 631 2469
10040 2464 209 631 2469
10076 2466 209 632 2470
10078 2469 214 632 2470
10055 2470 207 632 2470
10018 1797 213 632 2470
10098 2467 212 632 2470
10084 2464 206 632 2470
10158 2465 206 632 2470
10018 1798 211 633 2471
10098 2468 223 633 2471
10084 2465 213 633 2471
10158 2466 210 633 2471
10018 1799 215 634 2472
10140 2468 215 634 2472
10055 2473 211 635 2473
10018 1800 235 635 2473
10098 2470 209 635 2473
10140 2469 223 635 2473
10084 2467 209 635 2473
10158 2468 210 635 2473
10004 2470 206 636 2474
10076 2470 210 636 2474
10055 2474 210 636 2474
10018 1801 226 636 2474
10098 2471 213 636 2474
10140 2470 208 636 2474
10084 2468 209 636 2474
10055 2475 212 637 2475
10018 1802 228 637 2475
10098 2472 209 637 2475
10140 2471 213 637 2475
10173 2471 206 637 2475
10040 2470 206 637 2475
10055 2476 223 638 2476
10018 1803 230 638 2476
10098 2473 211 638 2476
10140 2472 216 638 2476
10158 2471 212 638 2476
10055 2477 207 639 2477
10018 1804 213 639 2477
10140 2473 206 639 2477
10158 2472 210 639 2477
10173 2473 207 639 2477
10055 2478 216 640 2478
10018 1805 213 640 2478
10140 2474 220 640 2478
10158 2473 210 640 2478
10173 2474 210 640 2478
10004 2475 206 641 2479
10076 2475 211 641 2479
10018 1806 207 641 2479
10098 2476 209 641 2479
10140 2475 217 641 2479
10158 2474 207 641 2479
10173 2475 208 641 2479
10076 2476 209 642 2480
10055 2480 211 642 2480
10098 2477 208 642 2480
10140 2476 211 642 2480
10158 2475 210 642 2480
599 648 223 643 2481
10055 2481 205 643 2481
10098 2478 206 643 2481
10140 2477 206 643 2481
10158 2476 208 643 2481
10173 2477 206 643 2481
599 649 229 644 2482
10076 2478 206 644 2482
10055 2482 211 644 2482
10018 1809 219 644 2482
10098 2479 221 644 2482
10140 2478 207 644 2482
10106 2480 207 644 2482
10004 2479 211 645 2483
10055 2483 223 645 2483
10018 1810 215 645 2483
10140 2479 214 645 2483
10158 2478 215 645 2483
10106 2481 205 645 2483
599 651 227 646 2484
10018 1811 210 646 2484
10106 2482 209 646 2484
599 652 229 647 2485
10055 2485 209 647 2485
10018 1812 209 647 2485
10140 2481 206 647 2485
10055 2486 211 648 2486
10098 2483 207 648 2486
10140 2482 210 648 2486
10158 2481 207 648 2486
10106 2484 209 648 2486
10004 2483 206 649 2487
10055 2487 207 649 2487
10098 2484 208 649 2487
10140 2483 208 649 2487
10158 2482 207 649 2487
10173 2483 207 649 2487
10106 2485 208 649 2487
10098 2485 208 650 2488
10140 2484 209 650 2488
10173 2484 207 650 2488
10106 2486 208 650 2488
599 656 227 651 2489
10055 2489 205 651 2489
10018 1816 206 651 2489
10140 2485 206 651 2489
10004 2486 206 652 2490
599 657 221 652 2490
10018 1817 209 652 2490
599 658 225 653 2491
10018 1818 209 653 2491
10158 2486 210 653 2491
10106 2489 206 653 2491
599 659 227 654 2492
10018 1819 206 654 2492
10140 2488 208 654 2492
10173 2488 207 654 2492
10055 2493 211 655 2493
10018 1820 207 655 2493
10140 2489 207 655 2493
599 661 226 656 2494
10004 2490 207 656 2494
10076 2490 205 656 2494
10055 2494 211 656 2494
10018 1821 207 656 2494
10098 2491 207 656 2494
10158 2489 206 656 2494
10055 2495 206 657 2495
10018 1822 206 657 2495
10098 2492 206 657 2495
599 663 223 658 2496
10018 1823 210 658 2496
10106 2494 208 658 2496
10018 1826 213 661 2499
10173 2495 207 661 2499
599 667 228 662 2500
10018 1827 207 662 2500
10098 2497 207 662 2500
599 668 226 663 2501
10098 2498 208 663 2501
10106 2499 208 663 2501
599 669 227 664 2502
10098 2499 206 664 2502
10173 2498 207 664 2502
10076 2499 207 665 2503
599 670 223 665 2503
10098 2500 208 665 2503
10173 2499 205 665 2503
599 671 227 666 2504
599 672 227 667 2505
10173 2501 207 667 2505
599 673 227 668 2506
599 674 225 669 2507
10106 2505 207 669 2507
599 675 229 670 2508
599 676 225 671 2509
599 677 227 672 2510
599 679 225 674 2512
599 680 223 675 2513
10004 2510 206 676 2514
599 681 227 676 2514
599 682 222 677 2515
599 683 226 678 2516
599 684 227 679 2517
599 685 228 680 2518
599 687 227 682 2520
599 688 223 683 2521
599 689 227 684 2522
599 692 225 687 2525
599 693 223 688 2526
599 694 223 689 2527
599 696 228 691 2529
599 697 228 692 2530
599 698 226 693 2531
599 699 222 694 2532
599 702 225 697 2535
599 703 227 698 2536
599 704 228 699 2537
599 705 227 700 2538
599 706 226 701 2539
599 707 223 702 2540
599 708 228 703 2541
599 709 223 704 2542
599 710 223 705 2543
599 712 223 707 2545
599 713 227 708 2546
599 714 221 709 2547
599 715 221 710 2548
599 716 221 711 2549
599 717 226 712 2550
599 718 227 713 2551
599 719 225 714 2552
599 720 227 715 2553
599 721 226 716 2554
599 722 224 717 2555
599 723 227 718 2556
599 724 227 719 2557
599 725 227 720 2558
599 726 229 721 2559
599 727 229 722 2560
599 728 227 723 2561
599 729 227 724 2562
599 744 225 739 2577
599 752 222 747 2585
599 753 223 747 2585
599 754 223 749 2587
599 758 223 752 2590
10122 2586 208 758 2596
10147 2585 208 759 2597
10029 2588 210 759 2597
10139 2589 210 759 2597
10148 2592 207 759 2597
10122 2587 221 759 2597
10102 2589 209 759 2597
10103 2590 211 760 2598
10139 2590 205 760 2598
10005 2589 210 760 2598
10121 2589 208 760 2598
10122 2588 226 760 2598
10102 2590 209 760 2598
10147 2587 208 761 2599
10103 2591 212 761 2599
10136 2587 205 761 2599
10005 2590 215 761 2599
10122 2589 221 761 2599
10102 2591 208 761 2599
10103 2592 218 761 2599
10136 2588 211 762 2600
10139 2592 206 762 2600
10005 2591 208 762 2600
10121 2591 207 762 2600
10122 2590 227 762 2600
10096 2591 206 762 2600
10147 2589 223 762 2600
10136 2589 216 763 2601
10005 2592 219 763 2601
10121 2592 210 763 2601
10122 2591 221 763 2601
10096 2592 210 763 2601
10147 2590 212 763 2601
10136 2590 225 764 2602
10005 2593 211 764 2602
10122 2592 237 764 2602
10147 2591 208 764 2602
10136 2591 213 765 2603
10005 2594 212 765 2603
10122 2593 223 765 2603
10147 2592 219 765 2603
10136 2592 216 766 2604
10122 2594 225 766 2604
10147 2593 219 766 2604
10136 2593 211 767 2605
10005 2596 205 767 2605
10121 2596 208 767 2605
10122 2595 237 767 2605
10147 2594 212 767 2605
10136 2594 212 768 2606
10005 2597 217 768 2606
10122 2596 235 768 2606
10147 2595 212 768 2606
10005 2598 218 769 2607
10122 2597 230 769 2607
10102 2599 205 769 2607
10147 2596 209 769 2607
10136 2596 205 770 2608
10005 2599 220 770 2608
10122 2598 226 770 2608
10096 2599 208 770 2608
10102 2600 207 770 2608
10147 2597 213 770 2608
10136 2597 216 771 2609
10005 2600 212 771 2609
10122 2599 227 771 2609
10147 2598 219 771 2609
10136 2598 212 772 2610
10005 2601 208 772 2610
10121 2601 209 772 2610
10122 2600 221 772 2610
10096 2601 208 772 2610
10102 2602 206 772 2610
10147 2599 217 772 2610
10136 2599 210 773 2611
10005 2602 210 773 2611
10122 2601 235 773 2611
10147 2600 220 773 2611
10136 2600 219 774 2612
10005 2603 207 774 2612
10121 2603 207 774 2612
10122 2602 224 774 2612
10147 2601 221 774 2612
10029 2604 206 774 2612
10005 2604 209 775 2613
10122 2603 230 775 2613
10096 2604 206 775 2613
10102 2605 208 775 2613
10147 2602 220 775 2613
10136 2602 215 776 2614
10005 2605 217 776 2614
10121 2605 205 776 2614
10122 2604 229 776 2614
10102 2606 207 776 2614
10147 2603 209 776 2614
10136 2603 210 777 2615
10005 2606 221 777 2615
10122 2605 237 777 2615
10102 2607 212 777 2615
10136 2604 209 778 2616
10005 2607 228 778 2616
10122 2606 227 778 2616
10147 2605 217 778 2616
10103 2609 206 778 2616
10005 2608 227 779 2617
10122 2607 235 779 2617
10147 2606 206 779 2617
10136 2606 209 780 2618
10005 2609 208 780 2618
10122 2608 241 780 2618
10102 2610 206 780 2618
10103 2611 207 780 2618
10029 2610 206 780 2618
10005 2610 211 781 2619
10122 2609 227 781 2619
10102 2611 209 781 2619
10103 2612 209 781 2619
10005 2611 210 782 2620
10122 2610 224 782 2620
10102 2612 208 782 2620
10147 2609 210 782 2620
10105 2609 207 783 2621
10005 2612 227 783 2621
10122 2611 235 783 2621
10102 2613 207 783 2621
10147 2610 209 783 2621
10136 2610 208 784 2622
10005 2613 216 784 2622
10122 2612 227 784 2622
10122 2613 215 785 2623
10029 2615 209 785 2623
10005 2615 217 786 2624
10136 2613 209 786 2624
10029 2617 205 787 2625
10005 2617 211 788 2626
10147 2615 209 788 2626
10029 2618 211 788 2626
10136 2615 211 789 2627
10121 2618 210 789 2627
10147 2616 219 789 2627
10121 2619 209 790 2628
10147 2617 213 790 2628
10147 2618 217 791 2629
10136 2618 211 792 2630
10029 2623 206 793 2631
10029 2625 206 795 2633
10096 2629 209 800 2638
10096 2630 206 801 2639
10029 2631 206 801 2639
10029 2634 211 805 2643
10096 2641 206 812 2650
10029 2643 206 814 2652
10096 2654 206 825 2663
10029 2656 207 826 2664
10029 2659 209 829 2667
10135 2661 207 830 2668
10120 2664 207 830 2668
10029 2660 225 830 2668
10029 2661 239 831 2669
10165 2674 208 832 2670
10135 2663 210 832 2670
10120 2666 218 832 2670
10029 2662 210 833 2671
10135 2664 207 833 2671
10120 2667 231 833 2671
10029 2663 218 834 2672
10120 2668 229 834 2672
10029 2664 225 835 2673
10165 2677 211 835 2673
10120 2669 227 835 2673
10029 2667 209 838 2676
10120 2673 211 839 2677
10029 2669 227 840 2678
10165 2682 207 840 2678
10096 2669 206 840 2678
10135 2671 212 840 2678
10120 2674 210 840 2678
10029 2670 212 841 2679
10165 2683 206 841 2679
10135 2672 207 841 2679
10029 2671 219 842 2680
10029 2672 213 843 2681
10120 2677 227 843 2681
10029 2673 208 844 2682
10120 2678 211 844 2682
10029 2674 206 845 2683
10165 2687 207 845 2683
10120 2679 206 845 2683
10135 2680 206 849 2687
599 1181 223 1176 3014
599 1182 239 1177 3015
599 1184 223 1178 3016
473 955 224 1179 3017
599 1186 221 1180 3018
599 1192 221 1186 3024
599 1193 222 1187 3025
599 1198 222 1192 3030
599 1205 226 1199 3037
599 1209 225 1203 3041
599 1211 221 1205 3043
599 1217 221 1211 3049
599 1220 224 1214 3052
599 1221 225 1215 3053
599 1223 225 1217 3055
599 1224 225 1218 3056
599 1225 226 1219 3057
599 1226 222 1220 3058
599 1227 225 1221 3059
599 1232 223 1226 3064
477 1204 224 1227 3065
477 1205 223 1228 3066
477 1209 221 1232 3070
599 1238 224 1232 3070
599 1239 221 1233 3071
