10050 1392 208 0 1389
753 566 227 0 1389
147 704 221 0 1389
10101 1382 218 0 1389
3 71 235 0 1389
696 689 221 0 1389
10138 1383 207 0 1389
10050 1393 211 1 1390
753 567 221 1 1390
147 705 221 1 1390
73 365 223 1 1390
61 703 222 1 1390
10101 1383 215 1 1390
3 72 235 1 1390
10138 1384 211 2 1391
326 702 225 2 1391
753 568 221 2 1391
73 366 223 2 1391
147 706 227 2 1391
61 704 222 2 1391
10101 1384 222 2 1391
3 73 227 2 1391
696 691 227 2 1391
10138 1385 212 3 1392
326 703 221 3 1392
10101 1385 213 3 1392
3 74 223 3 1392
696 692 223 3 1392
10138 1386 210 3 1392
326 704 223 4 1393
10050 1396 207 4 1393
10101 1386 212 4 1393
3 75 227 4 1393
275 701 221 4 1393
118 157 233 5 1394
10050 1397 208 5 1394
753 571 222 5 1394
78 146 224 5 1394
10101 1387 227 5 1394
696 694 223 5 1394
10138 1388 209 6 1395
118 158 227 6 1395
753 572 222 6 1395
147 710 221 6 1395
73 370 221 6 1395
293 690 222 6 1395
10101 1388 227 6 1395
275 703 227 6 1395
10138 1389 211 7 1396
753 573 229 7 1396
73 371 223 7 1396
10101 1389 226 7 1396
275 704 229 7 1396
10138 1390 207 8 1397
118 160 237 8 1397
78 149 221 8 1397
147 712 223 8 1397
73 372 222 8 1397
10101 1390 228 8 1397
10141 1389 207 8 1397
3 79 227 8 1397
275 705 224 8 1397
696 697 223 9 1398
10138 1391 211 9 1398
118 161 231 9 1398
753 575 223 9 1398
73 373 221 9 1398
10101 1391 228 9 1398
275 706 229 9 1398
696 698 224 9 1398
10138 1392 210 10 1399
118 162 226 10 1399
10101 1392 229 10 1399
275 707 229 10 1399
696 699 223 10 1399
10138 1393 210 11 1400
118 163 223 11 1400
10101 1393 227 11 1400
132 3 222 11 1400
275 708 227 11 1400
696 700 225 11 1400
10138 1394 212 11 1400
293 696 227 12 1401
10101 1394 227 12 1401
10141 1393 207 12 1401
275 709 227 12 1401
696 701 224 12 1401
10138 1395 211 12 1401
293 697 227 13 1402
10101 1395 225 13 1402
10141 1394 207 13 1402
132 5 223 13 1402
275 710 225 13 1402
10138 1396 211 13 1402
326 714 223 14 1403
118 166 221 14 1403
147 718 221 14 1403
10101 1396 227 14 1403
10141 1395 208 14 1403
132 6 227 14 1403
275 711 226 14 1403
10138 1397 211 14 1403
326 715 226 15 1404
118 167 221 15 1404
753 581 221 15 1404
147 719 221 15 1404
73 379 221 15 1404
293 699 223 15 1404
10101 1397 229 15 1404
10141 1396 207 15 1404
132 7 223 15 1404
10138 1398 214 15 1404
696 704 230 15 1404
118 168 237 16 1405
10050 1408 209 16 1405
753 582 227 16 1405
147 720 221 16 1405
293 700 223 16 1405
10101 1398 224 16 1405
10141 1397 207 16 1405
132 8 225 16 1405
10169 1406 208 16 1405
275 713 221 16 1405
10138 1399 213 16 1405
696 705 229 16 1405
326 717 221 17 1406
118 169 223 17 1406
10050 1409 209 17 1406
10101 1399 222 17 1406
10061 1410 207 17 1406
132 9 232 17 1406
10169 1407 208 17 1406
275 714 221 17 1406
696 706 227 18 1407
10138 1400 211 18 1407
118 170 233 18 1407
78 159 221 18 1407
10101 1400 225 18 1407
132 10 225 18 1407
275 715 225 18 1407
3 89 225 18 1407
10138 1401 210 19 1408
696 707 229 19 1408
118 171 233 19 1408
753 585 223 19 1408
10101 1401 224 19 1408
132 11 223 19 1408
10169 1409 207 19 1408
3 90 221 19 1408
696 708 225 19 1408
10138 1402 212 20 1409
118 172 233 20 1409
78 161 222 20 1409
10101 1402 224 20 1409
10169 1410 207 20 1409
696 709 226 20 1409
10138 1403 211 20 1409
118 173 242 21 1410
78 162 229 21 1410
10101 1403 223 21 1410
10169 1411 208 21 1410
3 92 221 21 1410
91 34 221 21 1410
696 710 227 21 1410
10138 1404 209 21 1410
118 174 228 22 1411
753 588 221 22 1411
10101 1404 220 22 1411
10169 1412 207 22 1411
275 719 221 22 1411
3 93 221 22 1411
10050 1415 207 23 1412
78 164 223 23 1412
73 387 223 23 1412
10101 1405 226 23 1412
132 15 221 23 1412
3 94 227 23 1412
118 176 221 24 1413
10050 1416 209 24 1413
753 590 223 24 1413
748 718 223 24 1413
10101 1406 229 24 1413
10138 1407 210 24 1413
118 177 231 25 1414
10050 1417 211 25 1414
78 166 222 25 1414
10101 1407 221 25 1414
118 178 225 26 1415
10050 1418 210 26 1415
10101 1408 221 26 1415
118 180 223 28 1417
10050 1420 215 28 1417
10101 1410 213 28 1417
118 181 226 29 1418
10050 1421 209 29 1418
10101 1411 207 29 1418
10050 1422 208 30 1419
10101 1412 211 30 1419
275 727 225 30 1419
3 101 221 30 1419
78 172 227 31 1420
118 183 231 31 1420
10101 1413 219 31 1420
275 728 227 31 1420
10138 1414 207 31 1420
78 173 225 32 1421
118 184 237 32 1421
753 598 221 32 1421
10101 1414 211 32 1421
78 174 226 33 1422
118 185 226 33 1422
753 599 225 33 1422
10101 1415 220 33 1422
10138 1416 207 33 1422
78 175 231 34 1423
118 186 229 34 1423
10101 1416 210 34 1423
10138 1417 207 34 1423
78 176 227 35 1424
118 187 233 35 1424
10101 1417 213 35 1424
78 177 230 36 1425
118 188 235 36 1425
10101 1418 219 36 1425
78 178 225 37 1426
10050 1429 208 37 1426
118 189 239 37 1426
10101 1419 215 37 1426
78 179 223 38 1427
118 190 223 38 1427
10101 1420 220 38 1427
3 109 224 38 1427
78 180 225 39 1428
10101 1421 222 39 1428
275 736 221 39 1428
3 110 227 39 1428
78 181 227 40 1429
753 606 221 40 1429
10101 1422 221 40 1429
3 111 221 40 1429
118 193 221 41 1430
78 182 227 41 1430
753 607 226 41 1430
10101 1423 219 41 1430
118 194 227 42 1431
78 183 229 42 1431
753 608 221 42 1431
10101 1424 219 42 1431
10169 1432 207 42 1431
3 113 229 42 1431
10138 1425 207 42 1431
696 731 226 42 1431
118 195 230 43 1432
78 184 229 43 1432
10101 1425 213 43 1432
3 114 221 43 1432
118 196 228 44 1433
10050 1436 207 44 1433
10101 1426 215 44 1433
91 57 223 44 1433
118 197 223 45 1434
10050 1437 207 45 1434
10101 1427 219 45 1434
10061 1438 206 45 1434
10068 1439 209 45 1434
3 116 231 45 1434
10138 1428 208 45 1434
10101 1428 225 46 1435
10050 1439 207 47 1436
118 199 225 47 1436
78 188 224 47 1436
10101 1429 208 47 1436
3 118 225 47 1436
10138 1430 207 47 1436
696 736 225 47 1436
10050 1440 207 48 1437
78 189 235 48 1437
118 200 239 48 1437
753 614 223 48 1437
748 742 221 48 1437
3 119 229 48 1437
10138 1431 209 48 1437
10050 1441 206 49 1438
78 190 231 49 1438
118 201 224 49 1438
753 615 222 49 1438
10101 1431 211 49 1438
3 120 237 49 1438
10138 1432 209 49 1438
10050 1442 210 50 1439
78 191 231 50 1439
118 202 230 50 1439
753 616 221 50 1439
748 744 225 50 1439
10101 1432 207 50 1439
3 121 236 50 1439
118 203 229 51 1440
73 415 223 51 1440
753 617 223 51 1440
10101 1433 227 51 1440
275 748 227 51 1440
3 122 231 51 1440
696 740 221 51 1440
118 204 232 52 1441
753 618 224 52 1441
748 746 223 52 1441
10101 1434 227 52 1441
275 749 225 52 1441
10138 1435 208 52 1441
78 194 225 53 1442
118 205 235 53 1442
753 619 230 53 1442
748 747 227 53 1442
10101 1435 225 53 1442
275 750 227 53 1442
78 195 227 54 1443
118 206 235 54 1443
73 418 221 54 1443
753 620 235 54 1443
748 748 226 54 1443
10101 1436 225 54 1443
275 751 227 54 1443
3 125 235 54 1443
696 743 227 54 1443
10050 1447 207 55 1444
118 207 225 55 1444
753 621 230 55 1444
10101 1437 227 55 1444
275 752 233 55 1444
3 126 234 55 1444
91 68 221 55 1444
696 744 225 55 1444
326 756 221 56 1445
10050 1448 208 56 1445
118 208 229 56 1445
10101 1438 223 56 1445
275 753 232 56 1445
3 127 235 56 1445
10050 1449 207 57 1446
78 198 223 57 1446
118 209 230 57 1446
10101 1439 223 57 1446
275 754 233 57 1446
3 128 233 57 1446
91 70 221 57 1446
696 746 227 57 1446
118 210 227 58 1447
78 199 225 58 1447
753 624 224 58 1447
10101 1440 225 58 1447
748 752 222 58 1447
275 755 233 58 1447
3 129 235 58 1447
91 71 221 58 1447
696 747 227 58 1447
10050 1451 207 59 1448
118 211 223 59 1448
78 200 222 59 1448
10101 1441 229 59 1448
275 756 233 59 1448
3 130 234 59 1448
91 72 221 59 1448
696 748 225 59 1448
118 212 229 60 1449
78 201 221 60 1449
753 626 221 60 1449
10101 1442 228 60 1449
275 757 233 60 1449
3 131 223 60 1449
91 73 221 60 1449
696 749 223 60 1449
10050 1453 210 61 1450
118 213 223 61 1450
753 627 225 61 1450
10101 1443 228 61 1450
275 758 225 61 1450
3 132 223 61 1450
91 74 223 61 1450
696 750 221 61 1450
10050 1454 207 62 1451
118 214 225 62 1451
78 203 223 62 1451
147 766 223 62 1451
753 628 221 62 1451
10101 1444 227 62 1451
275 759 221 62 1451
3 133 221 62 1451
91 75 221 62 1451
118 215 235 63 1452
78 204 221 63 1452
147 767 221 63 1452
10101 1445 229 63 1452
3 134 221 63 1452
10138 1446 209 63 1452
10050 1456 208 64 1453
118 216 227 64 1453
78 205 223 64 1453
10101 1446 227 64 1453
696 753 230 65 1454
10050 1457 206 65 1454
10101 1447 225 65 1454
696 754 221 66 1455
10050 1458 211 66 1455
118 218 223 66 1455
78 207 226 66 1455
10101 1448 223 66 1455
3 137 225 66 1455
91 79 226 66 1455
10138 1449 212 66 1455
696 755 223 67 1456
10050 1459 215 67 1456
118 219 224 67 1456
78 208 229 67 1456
10101 1449 221 67 1456
275 764 221 67 1456
10138 1450 207 67 1456
696 756 223 68 1457
326 768 223 68 1457
118 220 223 68 1457
10050 1460 213 68 1457
78 209 226 68 1457
10101 1450 222 68 1457
275 765 222 68 1457
3 139 223 68 1457
10138 1451 211 68 1457
326 769 223 69 1458
10050 1461 208 69 1458
118 221 232 69 1458
78 210 226 69 1458
10101 1451 225 69 1458
3 140 223 69 1458
91 82 223 69 1458
10138 1452 210 69 1458
696 758 222 69 1458
10050 1462 211 70 1459
118 222 227 70 1459
10101 1452 225 70 1459
3 141 225 70 1459
91 83 225 70 1459
10138 1453 208 70 1459
10050 1463 210 71 1460
118 223 223 71 1460
78 212 225 71 1460
10101 1453 224 71 1460
91 84 221 71 1460
10138 1454 208 71 1460
696 760 231 71 1460
10050 1464 211 72 1461
118 224 224 72 1461
78 213 239 72 1461
10101 1454 223 72 1461
91 85 226 72 1461
10138 1455 210 72 1461
696 761 225 72 1461
118 225 223 73 1462
10050 1465 210 73 1462
10101 1455 221 73 1462
3 144 225 73 1462
10138 1456 209 73 1462
696 762 225 73 1462
326 774 223 74 1463
118 226 225 74 1463
10050 1466 209 74 1463
78 215 223 74 1463
10101 1456 225 74 1463
3 145 223 74 1463
91 87 223 74 1463
10138 1457 210 74 1463
326 775 221 75 1464
10050 1467 211 75 1464
118 227 221 75 1464
78 216 222 75 1464
10101 1457 227 75 1464
3 146 228 75 1464
91 88 223 75 1464
10138 1458 211 75 1464
326 776 221 76 1465
696 764 222 76 1465
10050 1468 212 76 1465
118 228 225 76 1465
78 217 221 76 1465
10101 1458 223 76 1465
275 773 224 76 1465
3 147 226 76 1465
91 89 223 76 1465
10138 1459 209 76 1465
696 765 227 77 1466
10050 1469 214 77 1466
118 229 229 77 1466
78 218 221 77 1466
10101 1459 223 77 1466
132 69 223 77 1466
3 148 231 77 1466
91 90 223 77 1466
10138 1460 208 77 1466
326 778 221 78 1467
696 766 231 78 1467
118 230 231 78 1467
10050 1470 212 78 1467
78 219 224 78 1467
753 644 225 78 1467
10101 1460 223 78 1467
3 149 231 78 1467
10138 1461 209 78 1467
10050 1471 213 79 1468
753 645 222 79 1468
10101 1461 222 79 1468
3 150 229 79 1468
91 92 223 79 1468
10138 1462 209 79 1468
326 780 225 80 1469
118 232 229 80 1469
78 221 229 80 1469
10050 1472 212 80 1469
10101 1462 223 80 1469
3 151 234 80 1469
91 93 224 80 1469
10138 1463 208 80 1469
696 769 225 81 1470
78 222 227 81 1470
118 233 225 81 1470
10050 1473 212 81 1470
10101 1463 225 81 1470
3 152 228 81 1470
91 94 221 81 1470
10138 1464 210 81 1470
696 770 225 82 1471
10050 1474 213 82 1471
118 234 227 82 1471
753 648 227 82 1471
10101 1464 219 82 1471
275 779 221 82 1471
3 153 231 82 1471
10138 1465 208 82 1471
696 771 225 83 1472
78 224 227 83 1472
10050 1475 213 83 1472
118 235 229 83 1472
753 649 227 83 1472
10101 1465 222 83 1472
3 154 230 83 1472
91 96 222 83 1472
10138 1466 209 83 1472
696 772 226 84 1473
78 225 231 84 1473
10050 1476 215 84 1473
118 236 225 84 1473
753 650 229 84 1473
10101 1466 221 84 1473
3 155 235 84 1473
91 97 221 84 1473
10138 1467 208 84 1473
696 773 222 84 1473
78 226 226 85 1474
10050 1477 211 85 1474
118 237 229 85 1474
753 651 227 85 1474
10101 1467 215 85 1474
3 156 235 85 1474
91 98 226 85 1474
10138 1468 212 85 1474
696 1 231 86 1475
10050 1478 212 86 1475
61 788 223 86 1475
753 652 234 86 1475
10101 1468 225 86 1475
3 157 235 86 1475
10138 1469 208 86 1475
696 2 233 87 1476
78 228 227 87 1476
10050 1479 213 87 1476
61 789 222 87 1476
753 653 233 87 1476
10101 1469 223 87 1476
10138 1470 208 87 1476
696 3 235 88 1477
78 229 224 88 1477
10050 1480 212 88 1477
118 240 225 88 1477
753 654 235 88 1477
10101 1470 214 88 1477
3 159 225 88 1477
10138 1471 213 88 1477
326 789 230 89 1478
696 4 221 89 1478
78 230 221 89 1478
10050 1481 211 89 1478
118 241 223 89 1478
753 655 233 89 1478
10101 1471 207 89 1478
3 160 225 89 1478
10138 1472 213 89 1478
326 790 230 90 1479
78 231 229 90 1479
10050 1482 210 90 1479
118 242 230 90 1479
753 656 233 90 1479
10101 1472 215 90 1479
3 161 233 90 1479
10138 1473 212 90 1479
326 791 230 91 1480
78 232 227 91 1480
10050 1483 210 91 1480
118 243 225 91 1480
753 657 232 91 1480
10101 1473 217 91 1480
3 162 224 91 1480
326 792 221 92 1481
78 233 221 92 1481
10050 1484 209 92 1481
118 244 227 92 1481
293 776 225 92 1481
753 658 230 92 1481
73 456 221 92 1481
10101 1474 228 92 1481
748 786 221 92 1481
91 105 223 92 1481
3 163 235 92 1481
10138 1475 210 92 1481
10050 1485 212 93 1482
118 245 229 93 1482
753 659 230 93 1482
293 777 222 93 1482
10101 1475 231 93 1482
748 787 225 93 1482
275 790 221 93 1482
132 85 221 93 1482
3 164 235 93 1482
10138 1476 208 93 1482
10050 1486 212 94 1483
10101 1476 208 94 1483
10169 1484 207 94 1483
3 165 233 94 1483
10050 1487 212 95 1484
753 661 221 95 1484
10101 1477 216 95 1484
275 792 221 95 1484
3 166 233 95 1484
10138 1478 208 95 1484
118 248 221 96 1485
10101 1478 221 96 1485
3 167 237 96 1485
118 249 231 97 1486
3 168 237 97 1486
78 239 221 98 1487
3 169 230 98 1487
10138 1481 208 98 1487
10101 1481 210 99 1488
748 793 221 99 1488
3 170 239 99 1488
10138 1482 207 99 1488
10101 1482 225 100 1489
3 171 239 100 1489
10050 1493 207 101 1490
118 253 237 101 1490
10101 1483 225 101 1490
3 172 241 101 1490
10050 1494 208 102 1491
118 254 222 102 1491
10101 1484 213 102 1491
3 173 239 102 1491
78 244 222 103 1492
10050 1495 207 103 1492
10101 1485 208 103 1492
3 174 239 103 1492
78 245 224 104 1493
10050 1496 207 104 1493
10101 1486 222 104 1493
3 175 235 104 1493
118 257 225 105 1494
10101 1487 209 105 1494
3 176 226 105 1494
118 258 221 106 1495
10101 1488 209 106 1495
3 177 225 106 1495
118 259 233 107 1496
696 23 221 108 1497
118 260 225 108 1497
3 179 237 109 1498
696 24 221 109 1498
118 261 223 109 1498
10101 1491 215 109 1498
3 180 239 110 1499
10101 1492 209 110 1499
3 181 237 111 1500
10101 1493 213 111 1500
3 182 236 112 1501
10101 1494 215 112 1501
10138 1495 212 112 1501
3 183 245 113 1502
118 265 222 113 1502
10050 1505 207 113 1502
10101 1495 219 113 1502
10138 1496 207 113 1502
3 184 239 114 1503
10050 1506 210 114 1503
3 185 237 115 1504
118 267 224 115 1504
10050 1507 208 115 1504
10101 1497 213 115 1504
3 186 239 116 1505
118 268 229 116 1505
10050 1508 207 116 1505
10101 1498 211 116 1505
3 187 237 117 1506
118 269 232 117 1506
10101 1499 217 117 1506
3 188 238 118 1507
118 270 227 118 1507
10101 1500 218 118 1507
3 189 237 119 1508
118 271 221 119 1508
10050 1511 209 119 1508
10101 1501 218 119 1508
3 190 241 120 1509
118 272 233 120 1509
10138 1503 211 120 1509
3 191 245 121 1510
118 273 227 121 1510
10050 1513 209 121 1510
10101 1503 215 121 1510
748 815 221 121 1510
10138 1504 209 121 1510
3 192 245 122 1511
10050 1514 208 122 1511
10101 1504 219 122 1511
10138 1505 206 122 1511
118 275 221 123 1512
10101 1505 212 123 1512
275 820 223 123 1512
3 194 233 124 1513
118 276 228 124 1513
10101 1506 223 124 1513
275 821 223 124 1513
91 5 221 125 1514
3 195 235 125 1514
118 277 227 125 1514
10101 1507 214 125 1514
275 822 225 125 1514
91 6 221 126 1515
3 196 235 126 1515
118 278 229 126 1515
10101 1508 216 126 1515
275 823 223 126 1515
10138 1509 208 127 1516
3 197 223 127 1516
118 279 227 127 1516
10101 1509 219 127 1516
10138 1510 208 128 1517
3 198 229 128 1517
118 280 227 128 1517
10101 1510 219 128 1517
91 9 223 129 1518
3 199 227 129 1518
10101 1511 217 129 1518
3 200 229 130 1519
118 282 222 130 1519
10101 1512 215 130 1519
3 201 227 131 1520
118 283 229 131 1520
10138 1514 207 132 1521
118 284 223 132 1521
10101 1514 209 132 1521
10138 1515 207 133 1522
10101 1515 213 133 1522
10138 1516 207 134 1523
3 204 223 134 1523
118 286 225 134 1523
10050 1526 211 134 1523
3 205 221 135 1524
10101 1517 216 135 1524
3 206 221 136 1525
118 288 225 136 1525
10101 1518 208 136 1525
91 17 221 137 1526
10101 1519 226 137 1526
3 208 227 138 1527
118 290 221 138 1527
753 704 221 138 1527
10101 1520 226 138 1527
118 291 235 139 1528
10101 1521 226 139 1528
3 210 225 140 1529
696 55 225 140 1529
118 292 227 140 1529
753 706 221 140 1529
3 211 227 141 1530
696 56 221 141 1530
118 293 223 141 1530
10101 1523 211 141 1530
10138 1524 209 142 1531
3 212 239 142 1531
10101 1524 217 142 1531
3 213 227 143 1532
10101 1525 215 143 1532
10101 1526 223 144 1533
3 215 223 145 1534
696 60 223 145 1534
10101 1527 225 145 1534
275 842 221 145 1534
3 216 221 146 1535
10101 1528 225 146 1535
275 843 232 146 1535
3 217 227 147 1536
78 288 221 147 1536
10101 1529 225 147 1536
132 139 225 147 1536
275 844 221 147 1536
3 218 225 148 1537
10050 1540 210 148 1537
78 289 223 148 1537
10101 1530 225 148 1537
3 219 221 149 1538
118 301 227 149 1538
61 851 221 149 1538
10101 1531 225 149 1538
91 30 221 150 1539
3 220 222 150 1539
696 65 225 150 1539
78 291 221 150 1539
10101 1532 220 150 1539
275 847 224 150 1539
10101 1533 223 151 1540
275 848 223 151 1540
3 222 223 152 1541
118 304 225 152 1541
10101 1534 225 152 1541
3 223 221 153 1542
118 305 229 153 1542
10101 1535 223 153 1542
3 224 225 154 1543
10101 1536 226 154 1543
3 225 223 155 1544
10101 1537 225 155 1544
3 226 227 156 1545
10101 1538 226 156 1545
275 853 221 156 1545
3 227 227 157 1546
10101 1539 225 157 1546
275 854 221 157 1546
3 228 227 158 1547
10101 1540 225 158 1547
275 855 223 158 1547
3 229 229 159 1548
118 311 223 159 1548
10050 1551 207 159 1548
10101 1541 225 159 1548
275 856 223 159 1548
3 230 231 160 1549
78 301 225 160 1549
10101 1542 223 160 1549
275 857 221 160 1549
3 231 221 161 1550
10101 1543 225 161 1550
275 858 221 161 1550
3 232 223 162 1551
118 314 221 162 1551
10101 1544 225 162 1551
3 233 224 163 1552
78 304 221 163 1552
10101 1545 223 163 1552
275 860 221 163 1552
3 234 223 164 1553
10101 1546 225 164 1553
275 861 221 164 1553
3 235 221 165 1554
78 306 231 165 1554
10101 1547 225 165 1554
275 862 222 165 1554
3 236 223 166 1555
78 307 223 166 1555
10101 1548 226 166 1555
3 237 223 167 1556
78 308 223 167 1556
10101 1549 225 167 1556
275 864 223 167 1556
3 238 225 168 1557
78 309 222 168 1557
10050 1560 207 168 1557
10101 1550 225 168 1557
3 239 226 169 1558
78 310 221 169 1558
10050 1561 207 169 1558
10101 1551 225 169 1558
275 866 225 169 1558
3 240 225 170 1559
10101 1552 225 170 1559
275 867 223 170 1559
3 241 225 171 1560
10101 1553 225 171 1560
3 242 225 172 1561
696 87 225 172 1561
78 313 221 172 1561
10101 1554 221 172 1561
118 325 221 173 1562
696 88 223 173 1562
78 314 223 173 1562
10101 1555 221 173 1562
3 244 233 174 1563
118 326 226 174 1563
61 876 221 174 1563
10101 1556 213 174 1563
3 245 232 175 1564
118 327 235 175 1564
78 316 227 175 1564
10101 1557 221 175 1564
3 246 223 176 1565
118 328 224 176 1565
696 91 223 176 1565
78 317 225 176 1565
10101 1558 225 176 1565
3 247 229 177 1566
78 318 225 177 1566
10101 1559 216 177 1566
10169 1567 206 177 1566
3 248 241 178 1567
78 319 221 178 1567
10101 1560 215 178 1567
3 249 239 179 1568
118 331 235 179 1568
696 94 222 179 1568
78 320 225 179 1568
10101 1561 219 179 1568
753 745 223 179 1568
3 250 233 180 1569
118 332 227 180 1569
10050 1572 211 180 1569
78 321 233 180 1569
10101 1562 222 180 1569
753 746 225 180 1569
3 251 231 181 1570
118 333 239 181 1570
78 322 227 181 1570
10101 1563 221 181 1570
3 252 233 182 1571
10138 1564 208 182 1571
91 62 221 182 1571
118 334 239 182 1571
10050 1574 208 182 1571
78 323 225 182 1571
10101 1564 223 182 1571
3 253 233 183 1572
10138 1565 208 183 1572
118 335 237 183 1572
10050 1575 207 183 1572
78 324 230 183 1572
10101 1565 213 183 1572
3 254 233 184 1573
10138 1566 207 184 1573
118 336 238 184 1573
78 325 225 184 1573
10101 1566 219 184 1573
3 255 233 185 1574
118 337 225 185 1574
696 100 222 185 1574
10050 1577 210 185 1574
78 326 225 185 1574
10101 1567 218 185 1574
3 256 246 186 1575
118 338 221 186 1575
10050 1578 209 186 1575
696 101 225 186 1575
78 327 235 186 1575
10101 1568 219 186 1575
3 257 245 187 1576
118 339 221 187 1576
10050 1579 209 187 1576
696 102 225 187 1576
10101 1569 217 187 1576
3 258 245 188 1577
118 340 223 188 1577
78 329 227 188 1577
10101 1570 208 188 1577
3 259 245 189 1578
118 341 221 189 1578
78 330 233 189 1578
3 260 243 190 1579
118 342 235 190 1579
78 331 230 190 1579
10101 1572 212 190 1579
3 261 239 191 1580
10138 1573 209 191 1580
118 343 227 191 1580
10101 1573 221 191 1580
10138 1574 208 192 1581
3 262 239 192 1581
10050 1584 207 192 1581
78 333 229 192 1581
10101 1574 216 192 1581
3 263 241 193 1582
10138 1575 207 193 1582
118 345 233 193 1582
78 334 232 193 1582
10101 1575 214 193 1582
3 264 238 194 1583
118 346 223 194 1583
10050 1586 208 194 1583
78 335 225 194 1583
10101 1576 211 194 1583
3 265 231 195 1584
118 347 224 195 1584
78 336 233 195 1584
10101 1577 211 195 1584
10169 1585 207 195 1584
3 266 229 196 1585
118 348 223 196 1585
78 337 230 196 1585
3 267 227 197 1586
118 349 223 197 1586
10101 1579 215 197 1586
3 268 233 198 1587
118 350 226 198 1587
10101 1580 216 198 1587
10138 1581 207 199 1588
3 269 235 199 1588
118 351 221 199 1588
78 340 232 199 1588
10101 1581 216 199 1588
10138 1582 209 200 1589
3 270 233 200 1589
118 352 225 200 1589
10101 1582 220 200 1589
10138 1583 206 201 1590
3 271 233 201 1590
118 353 223 201 1590
78 342 227 201 1590
10101 1583 219 201 1590
10138 1584 208 202 1591
3 272 235 202 1591
118 354 230 202 1591
78 343 228 202 1591
10101 1584 219 202 1591
3 273 235 203 1592
118 355 233 203 1592
78 344 231 203 1592
696 118 223 203 1592
10101 1585 223 203 1592
3 274 235 204 1593
10138 1586 208 204 1593
118 356 231 204 1593
78 345 229 204 1593
10101 1586 216 204 1593
3 275 237 205 1594
10138 1587 207 205 1594
118 357 230 205 1594
78 346 223 205 1594
293 889 223 205 1594
696 120 221 205 1594
10101 1587 217 205 1594
3 276 236 206 1595
118 358 235 206 1595
78 347 223 206 1595
293 890 225 206 1595
10101 1588 215 206 1595
3 277 237 207 1596
10138 1589 207 207 1596
118 359 232 207 1596
293 891 221 207 1596
10101 1589 211 207 1596
3 278 233 208 1597
10138 1590 208 208 1597
118 360 225 208 1597
78 349 227 208 1597
10101 1590 215 208 1597
10141 1589 207 208 1597
3 279 235 209 1598
118 361 239 209 1598
78 350 225 209 1598
10101 1591 211 209 1598
3 280 240 210 1599
10138 1592 208 210 1599
118 362 229 210 1599
696 125 227 210 1599
10101 1592 210 210 1599
3 281 241 210 1599
118 363 233 211 1600
78 352 234 211 1600
696 126 223 211 1600
10141 1592 207 211 1600
3 282 240 211 1600
10138 1594 208 212 1601
118 364 230 212 1601
78 353 235 212 1601
696 127 225 212 1601
10101 1594 209 212 1601
3 283 239 212 1601
118 365 235 213 1602
10050 1605 207 213 1602
10101 1595 218 213 1602
3 284 237 213 1602
118 366 235 214 1603
293 898 222 214 1603
10101 1596 213 214 1603
3 285 239 214 1603
118 367 237 215 1604
78 356 237 215 1604
10101 1597 213 215 1604
3 286 236 216 1605
118 368 235 216 1605
78 357 227 216 1605
293 900 221 216 1605
696 131 222 216 1605
10101 1598 219 216 1605
3 287 249 217 1606
10138 1599 209 217 1606
118 369 243 217 1606
78 358 225 217 1606
10101 1599 221 217 1606
3 288 245 218 1607
118 370 221 218 1607
293 902 223 218 1607
10101 1600 211 218 1607
275 915 221 218 1607
3 289 245 219 1608
293 903 229 219 1608
78 360 222 219 1608
3 290 249 220 1609
10101 1602 215 220 1609
3 291 238 221 1610
78 362 234 221 1610
10101 1603 217 221 1610
3 292 245 222 1611
10101 1604 210 222 1611
3 293 245 223 1612
118 375 237 223 1612
78 364 226 223 1612
10101 1605 211 223 1612
3 294 243 224 1613
118 376 237 224 1613
696 139 221 224 1613
10101 1606 212 224 1613
3 295 247 225 1614
118 377 241 225 1614
293 909 221 225 1614
10101 1607 208 225 1614
3 296 245 226 1615
118 378 232 226 1615
10050 1618 206 226 1615
73 590 222 226 1615
10101 1608 211 226 1615
10061 1619 210 226 1615
3 297 221 227 1616
10138 1609 207 227 1616
10050 1619 207 227 1616
10101 1609 213 227 1616
3 298 245 228 1617
729 336 230 228 1617
409 11 221 228 1617
10050 1620 221 228 1617
10065 1619 213 228 1617
10088 1612 213 228 1617
395 855 221 228 1617
646 905 231 228 1617
437 345 221 228 1617
3 299 223 229 1618
10134 1610 211 229 1618
10134 1611 208 230 1619
10106 1616 207 230 1619
10076 1615 206 230 1619
10154 1613 210 231 1620
132 223 227 231 1620
10154 1614 211 232 1621
692 864 221 232 1621
10129 1618 215 233 1622
132 225 236 233 1622
262 169 225 234 1623
10120 1618 211 234 1623
10029 1614 212 234 1623
132 226 242 234 1623
262 170 225 235 1624
10147 1612 208 235 1624
10029 1615 215 235 1624
412 877 225 235 1624
132 227 225 235 1624
360 372 225 236 1625
98 927 245 236 1625
10029 1616 206 236 1625
10105 1613 213 236 1625
10114 1619 215 237 1626
10122 1615 209 237 1626
10125 1616 209 237 1626
10148 1621 208 237 1626
10104 1614 222 237 1626
132 229 225 237 1626
10114 1620 206 238 1627
10125 1617 223 238 1627
686 915 242 238 1627
10105 1615 217 238 1627
10104 1615 220 238 1627
132 230 221 238 1627
10108 1618 208 239 1628
10125 1618 211 239 1628
686 916 235 239 1628
76 855 239 239 1628
10104 1616 225 239 1628
686 917 227 240 1629
10125 1619 227 240 1629
10104 1617 230 240 1629
10114 1623 210 241 1630
686 918 229 241 1630
10125 1620 227 241 1630
10105 1618 206 241 1630
10104 1618 227 241 1630
10112 1619 208 242 1631
285 253 222 242 1631
686 919 229 242 1631
10125 1621 223 242 1631
10104 1619 221 242 1631
10114 1625 208 243 1632
10125 1622 223 243 1632
686 920 227 243 1632
10105 1620 211 243 1632
147 947 223 243 1632
10104 1620 228 243 1632
10112 1621 206 244 1633
686 921 233 244 1633
10125 1623 226 244 1633
147 948 221 244 1633
10104 1621 233 244 1633
10112 1622 208 245 1634
686 922 227 245 1634
10125 1624 222 245 1634
147 949 235 245 1634
10104 1622 231 245 1634
132 237 223 245 1634
742 827 221 245 1634
686 923 243 246 1635
10125 1625 222 246 1635
76 862 233 246 1635
10104 1623 223 246 1635
10114 1629 207 247 1636
663 245 223 247 1636
686 924 235 247 1636
10125 1626 224 247 1636
10105 1624 208 247 1636
10148 1631 206 247 1636
10104 1624 219 247 1636
132 239 238 247 1636
742 829 223 247 1636
10114 1630 206 248 1637
10112 1625 207 248 1637
10131 1624 211 248 1637
663 246 225 248 1637
686 925 227 248 1637
10108 1627 209 248 1637
10125 1627 229 248 1637
10105 1625 208 248 1637
76 864 225 248 1637
10104 1625 233 248 1637
132 240 242 248 1637
720 911 223 249 1638
686 926 221 249 1638
10125 1628 225 249 1638
76 865 232 249 1638
132 241 227 249 1638
10104 1626 212 249 1638
10112 1627 207 250 1639
10125 1629 227 250 1639
10105 1627 213 250 1639
558 929 223 250 1639
132 242 224 250 1639
10104 1627 222 250 1639
742 832 221 250 1639
10114 1633 209 251 1640
686 928 222 251 1640
10125 1630 226 251 1640
76 1 231 251 1640
10105 1628 213 251 1640
147 955 225 251 1640
10104 1628 221 251 1640
10114 1634 209 252 1641
10112 1629 211 252 1641
285 263 223 252 1641
720 914 222 252 1641
10125 1631 219 252 1641
147 956 223 252 1641
558 931 231 252 1641
10104 1629 222 252 1641
132 244 224 252 1641
10125 1632 222 253 1642
76 3 223 253 1642
558 932 231 253 1642
10104 1630 223 253 1642
132 245 221 253 1642
10112 1631 206 254 1643
686 931 233 254 1643
10125 1633 223 254 1643
558 933 233 254 1643
147 958 222 254 1643
10104 1631 227 254 1643
686 932 240 255 1644
10125 1634 212 255 1644
10105 1632 209 255 1644
558 934 227 255 1644
10104 1632 226 255 1644
10114 1638 206 256 1645
686 933 239 256 1645
10125 1635 225 256 1645
558 935 227 256 1645
10148 1640 208 256 1645
10104 1633 227 256 1645
742 838 222 256 1645
686 934 238 257 1646
720 919 221 257 1646
10125 1636 227 257 1646
558 936 231 257 1646
147 961 221 257 1646
10104 1634 226 257 1646
742 839 228 258 1647
686 935 223 258 1647
720 920 221 258 1647
10125 1637 230 258 1647
558 937 227 258 1647
10104 1635 229 258 1647
686 936 228 259 1648
10125 1638 220 259 1648
10105 1636 209 259 1648
147 963 223 259 1648
10104 1636 219 259 1648
686 937 221 260 1649
10125 1639 212 260 1649
558 939 227 260 1649
10104 1637 223 260 1649
686 938 227 261 1650
10125 1640 219 261 1650
558 940 225 261 1650
371 74 222 261 1650
147 965 221 261 1650
10104 1638 227 261 1650
10112 1639 206 262 1651
492 201 227 262 1651
686 939 233 262 1651
10125 1641 221 262 1651
558 941 225 262 1651
10104 1639 226 262 1651
686 940 221 263 1652
10125 1642 219 263 1652
147 967 223 263 1652
10104 1640 224 263 1652
132 255 221 264 1653
686 941 227 264 1653
10125 1643 229 264 1653
558 943 222 264 1653
76 2 222 264 1653
371 77 223 264 1653
147 968 227 264 1653
10104 1641 223 264 1653
10114 1647 209 265 1654
686 942 237 265 1654
558 944 235 265 1654
147 969 229 265 1654
10104 1642 227 265 1654
686 943 229 266 1655
10125 1645 228 266 1655
10105 1643 209 266 1655
558 945 230 266 1655
76 4 224 266 1655
147 970 223 266 1655
10104 1643 222 266 1655
686 944 221 267 1656
10125 1646 225 267 1656
558 946 222 267 1656
10114 1650 207 268 1657
686 945 233 268 1657
10125 1647 226 268 1657
10104 1645 219 268 1657
558 1 232 269 1658
686 946 231 269 1658
10125 1648 231 269 1658
147 973 225 269 1658
10104 1646 221 269 1658
558 2 221 270 1659
686 947 231 270 1659
10125 1649 225 270 1659
10104 1647 223 270 1659
10114 1653 207 271 1660
558 3 225 271 1660
686 948 231 271 1660
10125 1650 223 271 1660
10104 1648 214 271 1660
132 263 225 272 1661
10114 1654 208 272 1661
558 4 223 272 1661
686 949 227 272 1661
10125 1651 221 272 1661
147 976 225 272 1661
10104 1649 227 272 1661
558 5 240 273 1662
686 950 228 273 1662
720 935 223 273 1662
10125 1652 223 273 1662
10105 1650 209 273 1662
10104 1650 224 273 1662
132 265 223 274 1663
558 6 239 274 1663
686 951 227 274 1663
10125 1653 225 274 1663
10105 1651 207 274 1663
10104 1651 225 274 1663
10112 1652 208 275 1664
132 266 223 275 1664
558 7 237 275 1664
686 952 225 275 1664
10125 1654 228 275 1664
10104 1652 228 275 1664
10112 1653 209 276 1665
132 267 223 276 1665
558 8 241 276 1665
686 953 227 276 1665
10125 1655 221 276 1665
10105 1653 208 276 1665
10104 1653 213 276 1665
132 268 225 277 1666
558 9 237 277 1666
686 954 223 277 1666
10125 1656 223 277 1666
10104 1654 221 277 1666
558 10 239 278 1667
686 955 223 278 1667
10125 1657 221 278 1667
76 16 222 278 1667
10104 1655 211 278 1667
558 11 237 279 1668
10125 1658 220 279 1668
10104 1656 210 279 1668
558 12 237 280 1669
686 957 221 280 1669
10125 1659 221 280 1669
10104 1657 220 280 1669
558 13 235 281 1670
686 958 226 281 1670
10125 1660 223 281 1670
10105 1658 209 281 1670
10104 1658 227 281 1670
147 985 224 282 1671
558 14 238 282 1671
686 959 229 282 1671
10125 1661 223 282 1671
10104 1659 221 282 1671
147 986 223 283 1672
558 15 233 283 1672
686 960 231 283 1672
10125 1662 219 283 1672
10105 1660 207 283 1672
10104 1660 222 283 1672
558 16 235 284 1673
10125 1663 208 284 1673
10105 1661 207 284 1673
10104 1661 227 284 1673
558 17 236 285 1674
686 962 227 285 1674
10125 1664 218 285 1674
10104 1662 215 285 1674
558 18 235 286 1675
686 963 227 286 1675
10125 1665 219 286 1675
10104 1663 218 286 1675
720 949 221 287 1676
558 19 227 287 1676
686 964 226 287 1676
10125 1666 216 287 1676
10104 1664 222 287 1676
558 20 231 288 1677
686 965 225 288 1677
10125 1667 215 288 1677
10104 1665 223 288 1677
720 951 222 289 1678
558 21 232 289 1678
686 966 225 289 1678
10125 1668 217 289 1678
10104 1666 222 289 1678
720 952 221 290 1679
558 22 227 290 1679
686 967 223 290 1679
10125 1669 221 290 1679
10104 1667 225 290 1679
558 23 223 291 1680
686 968 228 291 1680
10125 1670 233 291 1680
10105 1668 207 291 1680
558 24 228 292 1681
686 969 223 292 1681
10125 1671 227 292 1681
10105 1669 208 292 1681
10104 1669 223 292 1681
558 25 226 293 1682
10125 1672 225 293 1682
10105 1670 210 293 1682
10104 1670 223 293 1682
686 971 221 294 1683
10125 1673 219 294 1683
10105 1671 210 294 1683
10104 1671 226 294 1683
558 27 221 295 1684
10125 1674 210 295 1684
10105 1672 210 295 1684
10104 1672 226 295 1684
558 28 229 296 1685
10125 1675 212 296 1685
10104 1673 221 296 1685
558 29 225 297 1686
10104 1674 227 297 1686
558 30 225 298 1687
10125 1677 211 298 1687
10104 1675 227 298 1687
558 31 227 299 1688
686 976 223 299 1688
10125 1678 211 299 1688
10104 1676 223 299 1688
686 977 223 300 1689
10125 1679 218 300 1689
10104 1677 223 300 1689
558 33 226 301 1690
686 978 221 301 1690
10125 1680 218 301 1690
10104 1678 225 301 1690
558 34 223 302 1691
686 979 222 302 1691
10125 1681 218 302 1691
10104 1679 223 302 1691
558 35 229 303 1692
10125 1682 217 303 1692
10104 1680 219 303 1692
558 36 229 304 1693
10125 1683 219 304 1693
10104 1681 219 304 1693
10112 1682 206 305 1694
10125 1684 219 305 1694
10104 1682 208 305 1694
558 38 223 306 1695
686 983 221 306 1695
10125 1685 219 306 1695
10104 1683 215 306 1695
10112 1684 206 307 1696
10125 1686 217 307 1696
686 984 221 307 1696
10104 1684 215 307 1696
10112 1685 207 308 1697
10125 1687 218 308 1697
686 985 232 308 1697
10104 1685 215 308 1697
10125 1688 211 309 1698
686 986 226 309 1698
10104 1686 211 309 1698
147 1013 221 309 1698
558 42 227 310 1699
10125 1689 221 310 1699
10105 1687 208 310 1699
76 48 221 310 1699
10104 1687 227 310 1699
558 43 227 311 1700
10125 1690 225 311 1700
686 988 225 311 1700
76 49 223 311 1700
10104 1688 208 311 1700
10114 1694 209 312 1701
10112 1689 208 312 1701
10125 1691 214 312 1701
686 989 226 312 1701
10104 1689 223 312 1701
558 45 230 313 1702
10125 1692 208 313 1702
10105 1690 207 313 1702
686 990 227 313 1702
10104 1690 221 313 1702
558 46 230 314 1703
10125 1693 222 314 1703
10105 1691 208 314 1703
686 991 235 314 1703
10104 1691 215 314 1703
558 47 227 315 1704
10125 1694 219 315 1704
10104 1692 216 315 1704
720 978 221 316 1705
10125 1695 221 316 1705
686 993 222 316 1705
10104 1693 216 316 1705
558 49 225 317 1706
10125 1696 219 317 1706
686 994 221 317 1706
10104 1694 217 317 1706
558 50 221 318 1707
10125 1697 219 318 1707
686 995 223 318 1707
10104 1695 215 318 1707
558 51 223 319 1708
10125 1698 215 319 1708
686 996 222 319 1708
10104 1696 220 320 1709
558 52 226 320 1709
10125 1699 211 320 1709
686 997 223 320 1709
10104 1697 224 321 1710
10125 1700 215 321 1710
10105 1698 210 321 1710
10104 1698 225 322 1711
558 54 221 322 1711
10125 1701 216 322 1711
10105 1699 210 322 1711
686 999 221 322 1711
10104 1699 222 323 1712
558 55 231 323 1712
10125 1702 213 323 1712
10104 1700 219 324 1713
558 56 231 324 1713
10125 1703 209 324 1713
686 1001 221 324 1713
10104 1701 219 325 1714
558 57 231 325 1714
686 1002 230 325 1714
132 317 222 325 1714
10104 1702 210 325 1714
10125 1705 208 326 1715
686 1003 223 326 1715
10104 1703 220 326 1715
10125 1706 213 327 1716
686 1004 223 327 1716
10104 1704 219 327 1716
10104 1705 219 328 1717
10125 1708 212 329 1718
10104 1706 223 329 1718
558 62 221 330 1719
10125 1709 225 330 1719
132 322 226 330 1719
10104 1707 223 331 1720
558 63 227 331 1720
10125 1710 219 331 1720
76 69 221 331 1720
10104 1708 220 332 1721
558 64 225 332 1721
10125 1711 225 332 1721
686 1009 235 332 1721
10104 1709 224 333 1722
558 65 238 333 1722
10125 1712 225 333 1722
10105 1710 209 333 1722
686 1010 233 333 1722
10104 1710 221 334 1723
558 66 242 334 1723
10125 1713 225 334 1723
10105 1711 211 334 1723
686 1011 233 334 1723
10104 1711 219 335 1724
558 67 237 335 1724
10125 1714 223 335 1724
10105 1712 208 335 1724
686 1012 231 335 1724
10104 1712 219 336 1725
10114 1718 210 336 1725
558 68 241 336 1725
10125 1715 223 336 1725
10105 1713 208 336 1725
686 1013 233 336 1725
10104 1713 220 337 1726
10125 1716 231 337 1726
686 1014 223 337 1726
10104 1714 229 338 1727
558 70 233 338 1727
10125 1717 217 338 1727
686 1015 227 338 1727
10104 1715 226 339 1728
285 350 221 339 1728
558 71 233 339 1728
10125 1718 223 339 1728
10105 1716 207 339 1728
76 77 221 339 1728
10104 1716 225 340 1729
147 1043 223 340 1729
558 72 232 340 1729
10125 1719 225 340 1729
76 78 221 340 1729
686 1017 229 340 1729
10104 1717 213 341 1730
147 1044 221 341 1730
10114 1723 207 341 1730
558 73 233 341 1730
10125 1720 221 341 1730
686 1018 229 341 1730
10104 1718 221 342 1731
558 74 230 342 1731
10125 1721 219 342 1731
10105 1719 208 342 1731
10104 1719 223 342 1731
558 75 233 343 1732
10125 1722 222 343 1732
10105 1720 208 343 1732
686 1020 226 343 1732
10104 1720 223 344 1733
558 76 231 344 1733
10125 1723 223 344 1733
10148 1728 207 344 1733
10104 1721 218 344 1733
558 77 229 345 1734
10125 1724 223 345 1734
10104 1722 211 345 1734
147 1049 223 346 1735
10114 1728 208 346 1735
558 78 227 346 1735
10125 1725 219 346 1735
10105 1723 210 346 1735
686 1023 228 346 1735
10104 1723 225 346 1735
147 1050 221 346 1735
558 79 221 347 1736
10125 1726 226 347 1736
10105 1724 210 347 1736
686 1024 229 347 1736
10104 1724 224 347 1736
558 80 227 348 1737
10125 1727 229 348 1737
10105 1725 210 348 1737
686 1025 228 348 1737
10104 1725 224 348 1737
147 1052 224 349 1738
558 81 224 349 1738
10125 1728 224 349 1738
10105 1726 210 349 1738
10104 1726 219 349 1738
10125 1729 228 350 1739
10105 1727 209 350 1739
10104 1727 220 350 1739
10114 1733 211 351 1740
734 962 221 351 1740
10125 1730 227 351 1740
10105 1728 211 351 1740
10104 1728 223 351 1740
10114 1734 210 352 1741
558 84 222 352 1741
10125 1731 227 352 1741
10105 1729 212 352 1741
10104 1729 225 352 1741
10114 1735 210 353 1742
558 85 230 353 1742
10125 1732 227 353 1742
10105 1730 210 353 1742
10104 1730 222 353 1742
10114 1736 207 354 1743
558 86 230 354 1743
10125 1733 227 354 1743
76 92 229 354 1743
686 1031 237 354 1743
10104 1731 220 354 1743
10114 1737 207 355 1744
734 966 223 355 1744
558 87 222 355 1744
10125 1734 220 355 1744
10105 1732 207 355 1744
686 1032 237 355 1744
10104 1732 226 355 1744
558 88 225 356 1745
10125 1735 223 356 1745
10105 1733 207 356 1745
686 1033 233 356 1745
10104 1733 231 356 1745
10125 1736 220 357 1746
686 1034 232 357 1746
10104 1734 228 357 1746
147 1061 225 357 1746
10125 1737 223 358 1747
10148 1742 206 358 1747
10104 1735 212 358 1747
10105 1736 210 359 1748
679 634 225 359 1748
10122 1738 209 360 1749
10120 1744 207 360 1749
10129 1746 215 361 1750
10069 1751 208 364 1753
10027 1753 207 365 1754
10071 1756 210 365 1754
10149 1746 208 366 1755
10071 1757 218 366 1755
10071 1758 220 367 1756
10071 1759 211 368 1757
10071 1760 229 369 1758
536 1070 221 370 1759
10149 1750 216 370 1759
10071 1761 231 371 1760
10149 1751 215 371 1760
10071 1762 230 372 1761
10149 1752 216 372 1761
10071 1763 225 373 1762
10071 1764 210 374 1763
180 72 221 374 1763
10149 1754 209 374 1763
10027 1762 207 374 1763
10071 1765 219 375 1764
10149 1755 229 375 1764
24 313 223 375 1764
10064 1763 208 375 1764
10071 1766 217 375 1764
10149 1756 233 376 1765
24 314 223 376 1765
392 1073 223 376 1765
10071 1767 208 376 1765
536 1077 221 377 1766
10149 1757 226 377 1766
564 135 228 377 1766
10071 1768 208 377 1766
10149 1758 221 378 1767
564 136 231 378 1767
10071 1769 224 378 1767
10149 1759 223 379 1768
564 137 226 379 1768
10071 1770 225 379 1768
10149 1760 222 380 1769
564 138 229 380 1769
10071 1771 224 380 1769
10149 1761 221 381 1770
564 139 224 381 1770
10071 1772 225 381 1770
10149 1762 221 382 1771
10071 1773 225 382 1771
10149 1763 214 383 1772
10071 1774 213 383 1772
10149 1764 225 384 1773
10071 1775 217 384 1773
536 1085 221 385 1774
10149 1765 219 385 1774
10071 1776 224 385 1774
536 1086 225 386 1775
10071 1777 225 386 1775
536 1087 223 387 1776
10149 1767 212 387 1776
10071 1778 219 387 1776
536 1088 223 388 1777
10149 1768 217 388 1777
10071 1779 219 388 1777
536 1089 225 389 1778
10149 1769 220 389 1778
10071 1780 215 389 1778
10149 1770 218 390 1779
564 148 223 390 1779
10071 1781 221 390 1779
10149 1771 223 391 1780
564 149 224 391 1780
10071 1782 219 391 1780
10149 1772 220 392 1781
564 150 229 392 1781
10071 1783 221 392 1781
10149 1773 214 393 1782
10071 1784 220 393 1782
10149 1774 225 394 1783
564 152 233 394 1783
10071 1785 209 394 1783
10149 1775 227 395 1784
564 153 233 395 1784
10071 1786 231 395 1784
10149 1776 214 396 1785
564 154 233 396 1785
10071 1787 233 396 1785
10149 1777 214 397 1786
564 155 235 397 1786
10071 1788 234 397 1786
10149 1778 215 398 1787
564 156 235 398 1787
10071 1789 231 398 1787
10149 1779 218 399 1788
564 157 232 399 1788
10071 1790 227 399 1788
10071 1791 207 400 1789
10071 1792 227 401 1790
10071 1793 207 402 1791
10027 1791 209 403 1792
10071 1794 214 403 1792
10071 1795 218 404 1793
10149 1785 224 405 1794
10071 1796 209 405 1794
10071 1797 233 406 1795
422 271 223 407 1796
10149 1787 218 407 1796
10071 1798 220 407 1796
10149 1788 206 408 1797
10071 1799 221 408 1797
10071 1800 229 409 1798
10071 1801 227 410 1799
10149 1791 207 411 1800
10064 1799 207 411 1800
180 110 221 411 1800
10071 1802 227 411 1800
10149 1792 209 412 1801
10071 1803 219 412 1801
10149 1793 208 413 1802
10064 1801 211 413 1802
10071 1804 220 413 1802
10064 1802 210 414 1803
10071 1805 212 414 1803
10149 1795 210 415 1804
10071 1806 219 415 1804
10149 1796 217 416 1805
10064 1804 207 416 1805
10071 1807 208 416 1805
10149 1797 211 417 1806
10071 1808 229 417 1806
180 117 223 418 1807
10071 1809 221 418 1807
10027 1807 218 419 1808
10064 1807 208 419 1808
10104 1802 216 425 1814
10125 1805 217 426 1815
10104 1803 214 426 1815
10125 1806 220 427 1816
10104 1804 208 427 1816
10114 1810 211 428 1817
10125 1807 208 428 1817
686 1105 227 428 1817
10148 1812 208 428 1817
132 420 231 428 1817
10104 1805 214 428 1817
315 465 221 428 1817
10114 1811 208 428 1817
10112 1806 207 428 1817
10125 1808 210 429 1818
10104 1806 215 429 1818
10114 1812 208 429 1818
10104 1807 206 430 1819
558 163 227 431 1820
10104 1808 219 431 1820
10125 1811 217 432 1821
10104 1809 213 432 1821
558 165 227 433 1822
10125 1812 218 433 1822
10104 1810 213 433 1822
558 166 221 434 1823
10125 1813 214 434 1823
686 1111 225 434 1823
10104 1811 212 434 1823
558 167 221 435 1824
10125 1814 211 435 1824
10104 1812 209 435 1824
558 168 224 436 1825
10125 1815 212 436 1825
10104 1813 207 436 1825
558 169 230 437 1826
10125 1816 212 437 1826
10104 1814 219 437 1826
558 170 221 438 1827
10125 1817 221 438 1827
10104 1815 213 438 1827
10125 1818 215 439 1828
132 431 221 439 1828
10104 1816 219 439 1828
558 172 227 440 1829
10125 1819 217 440 1829
686 1117 225 440 1829
10105 1817 207 440 1829
10104 1817 220 440 1829
558 173 229 441 1830
10125 1820 208 441 1830
10104 1818 223 441 1830
558 174 231 442 1831
10125 1821 220 442 1831
10104 1819 219 442 1831
558 175 226 443 1832
10125 1822 214 443 1832
10104 1820 210 443 1832
558 176 235 444 1833
10125 1823 221 444 1833
10104 1821 219 444 1833
147 1148 221 444 1833
558 177 221 445 1834
10125 1824 217 445 1834
558 178 221 446 1835
10125 1825 215 446 1835
10104 1823 217 446 1835
558 179 227 447 1836
10125 1826 220 447 1836
10104 1824 211 447 1836
10125 1827 212 448 1837
686 1125 227 448 1837
10125 1828 209 449 1838
686 1126 225 449 1838
10125 1829 213 450 1839
10104 1827 208 450 1839
10125 1830 214 451 1840
10104 1828 222 451 1840
558 184 223 451 1840
10125 1831 208 452 1841
686 1129 222 452 1841
76 190 221 452 1841
10104 1829 222 452 1841
10125 1832 221 453 1842
686 1130 239 453 1842
10104 1830 210 453 1842
10125 1833 213 454 1843
686 1131 233 454 1843
10104 1831 216 454 1843
76 192 224 454 1843
558 187 221 454 1843
10125 1834 223 455 1844
686 1132 237 455 1844
10104 1832 223 455 1844
742 1037 225 455 1844
558 188 233 455 1844
720 1118 221 456 1845
10125 1835 222 456 1845
686 1133 236 456 1845
10104 1833 219 456 1845
742 1038 223 456 1845
558 189 232 456 1845
10125 1836 217 457 1846
686 1134 237 457 1846
10104 1834 219 457 1846
76 195 223 457 1846
742 1039 227 457 1846
558 190 231 457 1846
10125 1837 225 458 1847
686 1135 231 458 1847
10104 1835 210 458 1847
742 1040 233 458 1847
10114 1841 206 458 1847
558 191 223 458 1847
10125 1838 225 459 1848
686 1136 244 459 1848
10104 1836 223 459 1848
147 1163 225 459 1848
742 1041 238 459 1848
558 192 223 459 1848
10125 1839 221 460 1849
686 1137 247 460 1849
10104 1837 218 460 1849
147 1164 226 460 1849
76 198 225 460 1849
10114 1843 207 460 1849
720 1123 223 461 1850
10125 1840 219 461 1850
686 1138 237 461 1850
10104 1838 217 461 1850
76 199 223 461 1850
558 194 227 461 1850
10125 1841 212 462 1851
686 1139 236 462 1851
10104 1839 217 462 1851
558 195 225 462 1851
686 1140 239 463 1852
147 1167 221 463 1852
10104 1840 218 463 1852
10125 1843 209 464 1853
686 1141 237 464 1853
10104 1841 223 464 1853
720 1127 226 465 1854
371 278 226 465 1854
10125 1844 229 465 1854
10104 1842 209 465 1854
315 502 221 465 1854
10125 1845 219 466 1855
10105 1843 206 466 1855
10104 1843 216 466 1855
10125 1846 219 467 1856
10114 1850 214 467 1856
10125 1847 231 468 1857
10105 1845 212 468 1857
10104 1845 210 468 1857
10125 1848 228 469 1858
10104 1846 212 469 1858
10125 1849 224 470 1859
10104 1847 223 470 1859
734 1082 223 471 1860
10125 1850 215 471 1860
10104 1848 211 471 1860
558 204 221 471 1860
10112 1850 210 472 1861
558 205 221 472 1861
85 5 227 473 1862
677 396 227 473 1862
10112 1851 206 473 1862
558 206 225 473 1862
334 1100 225 474 1863
248 1150 225 474 1863
10029 1854 208 474 1863
414 1170 227 474 1863
666 18 221 474 1863
114 52 231 476 1865
558 209 229 476 1865
464 1174 222 477 1866
568 341 221 477 1866
558 210 224 477 1866
558 213 226 480 1869
10149 1861 213 481 1870
10090 1870 210 482 1871
558 215 225 482 1871
558 216 221 483 1872
10002 1721 210 485 1874
10057 1848 207 485 1874
10047 1875 212 485 1874
10002 1722 213 486 1875
320 434 223 486 1875
10057 1849 208 486 1875
10047 1876 212 486 1875
10002 1723 216 487 1876
195 169 221 487 1876
10002 1724 217 488 1877
195 170 221 488 1877
10079 1881 208 488 1877
10047 1878 212 488 1877
10002 1725 229 489 1878
195 171 243 489 1878
10079 1882 212 489 1878
10002 1726 214 490 1879
195 172 223 490 1879
10079 1883 223 490 1879
10047 1880 208 491 1880
10002 1727 231 491 1880
195 173 227 491 1880
10057 1854 208 491 1880
10002 1728 229 492 1881
10079 1885 208 492 1881
10002 1729 221 493 1882
195 175 227 493 1882
10079 1886 213 493 1882
10002 1730 228 494 1883
10079 1887 213 494 1883
10002 1731 226 495 1884
195 177 224 495 1884
10057 1858 209 495 1884
10079 1888 211 495 1884
10002 1732 225 496 1885
195 178 229 496 1885
320 444 223 496 1885
713 254 221 496 1885
10079 1889 210 496 1885
10002 1733 223 497 1886
195 179 231 497 1886
10057 1860 219 497 1886
10079 1890 231 497 1886
10047 1887 213 498 1887
10057 1861 222 498 1887
136 965 227 498 1887
10079 1891 213 498 1887
10047 1888 216 499 1888
10057 1862 219 499 1888
136 966 223 499 1888
10047 1889 229 500 1889
136 967 223 500 1889
10047 1890 223 501 1890
10002 1737 206 501 1890
10047 1891 225 502 1891
760 9 227 502 1891
10047 1892 208 503 1892
10047 1893 215 503 1892
10047 1894 228 504 1893
10047 1897 214 507 1896
558 242 224 509 1898
10047 1900 218 510 1899
558 244 239 511 1900
10047 1901 222 511 1900
558 245 227 512 1901
10047 1902 209 512 1901
558 246 223 513 1902
10047 1903 225 513 1902
10047 1904 212 514 1903
613 1116 225 515 1904
10047 1905 224 515 1904
136 982 229 515 1904
10047 1906 213 516 1905
136 983 223 516 1905
10047 1907 222 517 1906
10047 1908 214 518 1907
10047 1909 210 519 1908
10047 1910 217 520 1909
424 113 224 520 1909
10057 1884 208 521 1910
10047 1911 221 521 1910
10047 1912 221 522 1911
424 115 231 522 1911
10047 1913 221 523 1912
424 116 231 524 1913
10047 1914 216 524 1913
424 118 225 525 1914
10047 1916 207 526 1915
10047 1917 207 527 1916
424 120 235 527 1916
10047 1918 219 528 1917
424 121 229 528 1917
10057 1892 210 529 1918
10079 1922 208 529 1918
10047 1919 237 529 1918
136 996 229 529 1918
613 1131 227 530 1919
10002 1766 212 530 1919
760 21 221 530 1919
148 369 225 530 1919
10057 1893 217 530 1919
10079 1923 208 530 1919
10047 1920 221 530 1919
10057 1894 223 531 1920
10079 1924 219 531 1920
10047 1921 212 531 1920
10002 1768 213 532 1921
10057 1895 217 532 1921
10047 1922 227 532 1921
136 999 229 532 1921
613 1134 230 533 1922
10057 1896 208 533 1922
10047 1923 227 533 1922
10002 1770 221 534 1923
12 85 225 534 1923
558 267 225 534 1923
10079 1927 221 534 1923
10047 1924 211 534 1923
535 48 233 535 1924
10057 1898 217 535 1924
10079 1928 213 535 1924
136 1002 221 535 1924
10047 1925 226 535 1924
613 1137 221 536 1925
10002 1772 211 536 1925
91 308 225 536 1925
148 375 221 536 1925
558 269 233 536 1925
10057 1899 210 536 1925
10079 1929 219 536 1925
136 1003 237 536 1925
10047 1926 225 536 1925
10002 1773 219 537 1926
91 309 227 537 1926
558 270 228 537 1926
10057 1900 217 537 1926
10079 1930 209 537 1926
136 1004 235 537 1926
10047 1927 226 537 1926
10002 1774 209 538 1927
12 89 221 538 1927
148 377 227 538 1927
535 51 221 538 1927
558 271 227 538 1927
10057 1901 219 538 1927
10079 1931 212 538 1927
10047 1928 225 538 1927
136 1005 221 538 1927
10002 1775 215 539 1928
148 378 225 539 1928
558 272 227 539 1928
10057 1902 211 539 1928
10047 1929 234 539 1928
558 273 223 540 1929
10057 1903 213 540 1929
10047 1930 237 540 1929
10002 1777 208 541 1930
91 313 224 541 1930
10057 1904 213 541 1930
10079 1934 207 541 1930
136 1008 228 541 1930
10047 1931 223 541 1930
10002 1778 214 542 1931
91 314 222 542 1931
10057 1905 207 542 1931
10047 1932 221 542 1931
10002 1779 215 543 1932
91 315 223 543 1932
558 276 228 543 1932
10047 1933 221 543 1932
10002 1780 208 544 1933
12 95 223 544 1933
10057 1907 207 544 1933
10047 1934 223 544 1933
558 278 233 545 1934
10057 1908 207 545 1934
10079 1938 211 545 1934
10047 1935 214 545 1934
558 279 225 546 1935
10057 1909 214 546 1935
10079 1939 211 546 1935
10047 1936 224 546 1935
12 98 225 547 1936
10057 1910 209 547 1936
10047 1937 211 547 1936
10047 1938 220 548 1937
10079 1942 208 549 1938
10047 1939 220 549 1938
10047 1940 213 550 1939
10002 1787 213 551 1940
558 284 221 551 1940
10057 1914 212 551 1940
10079 1944 206 551 1940
10047 1941 222 551 1940
10057 1915 212 552 1941
10079 1945 209 552 1941
10047 1942 225 552 1941
10047 1943 220 553 1942
91 326 229 554 1943
10057 1917 211 554 1943
10079 1947 217 554 1943
10047 1944 219 554 1943
530 511 221 555 1944
12 106 226 555 1944
558 288 221 555 1944
10057 1918 209 555 1944
10047 1945 212 555 1944
10002 1792 221 556 1945
12 107 221 556 1945
10057 1919 210 556 1945
10047 1946 223 556 1945
10002 1793 213 557 1946
10057 1920 221 557 1946
10079 1950 208 557 1946
136 1024 223 557 1946
10047 1947 225 557 1946
10002 1794 219 558 1947
136 1025 228 558 1947
10047 1948 231 558 1947
10002 1795 209 559 1948
12 110 221 559 1948
558 292 221 559 1948
10057 1922 220 559 1948
10079 1952 211 559 1948
136 1026 225 559 1948
10047 1949 227 559 1948
10002 1796 215 560 1949
10057 1923 214 560 1949
10079 1953 208 560 1949
136 1027 239 560 1949
10047 1950 236 560 1949
10002 1797 211 561 1950
12 112 225 561 1950
91 333 223 561 1950
10057 1924 217 561 1950
136 1028 235 561 1950
10047 1951 219 561 1950
10002 1798 218 562 1951
10057 1925 209 562 1951
10079 1955 208 562 1951
136 1029 235 562 1951
10047 1952 221 562 1951
10002 1799 216 563 1952
91 335 225 563 1952
10057 1926 216 563 1952
10002 1800 212 564 1953
91 336 221 564 1953
10047 1954 229 564 1953
10002 1801 213 565 1954
91 337 221 565 1954
492 505 221 565 1954
10057 1928 208 565 1954
10079 1958 210 565 1954
10047 1955 221 565 1954
10002 1802 209 566 1955
91 338 221 566 1955
492 506 221 566 1955
10057 1929 212 566 1955
10047 1956 221 566 1955
10002 1803 219 567 1956
558 300 221 567 1956
10057 1930 213 567 1956
10079 1960 207 567 1956
10047 1957 227 567 1956
10002 1804 213 568 1957
530 524 223 568 1957
10057 1931 219 568 1957
10079 1961 210 568 1957
10047 1958 225 568 1957
10002 1805 207 569 1958
91 341 221 569 1958
10057 1932 217 569 1958
10079 1962 210 569 1958
10047 1959 227 569 1958
10002 1806 208 570 1959
10057 1933 218 570 1959
10047 1960 225 570 1959
10002 1807 213 571 1960
492 511 223 571 1960
558 304 221 571 1960
10057 1934 219 571 1960
10047 1961 230 571 1960
10002 1808 215 572 1961
558 305 221 572 1961
148 411 223 572 1961
10057 1935 215 572 1961
10079 1965 211 572 1961
10047 1962 225 572 1961
10002 1809 212 573 1962
91 345 231 573 1962
558 306 226 573 1962
10057 1936 216 573 1962
10079 1966 210 573 1962
10047 1963 231 573 1962
10002 1810 213 574 1963
558 307 223 574 1963
10057 1937 210 574 1963
10079 1967 209 574 1963
10047 1964 234 574 1963
10002 1811 218 575 1964
558 308 230 575 1964
10057 1938 219 575 1964
10079 1968 214 575 1964
10047 1965 227 575 1964
10003 1963 209 575 1964
10002 1812 209 576 1965
530 532 225 576 1965
558 309 226 576 1965
10057 1939 212 576 1965
10047 1966 225 576 1965
10002 1813 221 577 1966
530 533 227 577 1966
10057 1940 219 577 1966
10079 1970 207 577 1966
10047 1967 220 577 1966
530 534 221 578 1967
10002 1814 217 578 1967
91 350 227 578 1967
558 311 226 578 1967
10057 1941 213 578 1967
10047 1968 225 578 1967
530 535 230 579 1968
10002 1815 210 579 1968
91 351 225 579 1968
558 312 221 579 1968
10057 1942 215 579 1968
10047 1969 225 579 1968
10002 1816 219 580 1969
91 352 225 580 1969
558 313 223 580 1969
10057 1943 209 580 1969
10047 1970 221 580 1969
10002 1817 221 581 1970
91 353 221 581 1970
10057 1944 213 581 1970
10079 1974 210 581 1970
10047 1971 214 581 1970
10002 1818 219 582 1971
492 522 221 582 1971
10057 1945 210 582 1971
10079 1975 209 582 1971
10047 1972 215 582 1971
10002 1819 217 583 1972
12 134 221 583 1972
91 355 221 583 1972
558 316 227 583 1972
10057 1946 216 583 1972
10079 1976 208 583 1972
10047 1973 229 583 1972
10002 1820 210 584 1973
12 135 221 584 1973
10057 1947 214 584 1973
10047 1974 225 584 1973
10002 1821 207 585 1974
10057 1948 210 585 1974
10079 1978 207 585 1974
10047 1975 220 585 1974
91 358 225 586 1975
558 319 224 586 1975
10057 1949 216 586 1975
10047 1976 223 586 1975
91 359 227 587 1976
10057 1950 210 587 1976
10047 1977 229 587 1976
10002 1824 213 588 1977
91 360 225 588 1977
558 321 228 588 1977
10057 1951 208 588 1977
10047 1978 231 588 1977
10002 1825 212 589 1978
558 322 225 589 1978
10057 1952 211 589 1978
10079 1982 207 589 1978
10047 1979 226 589 1978
10002 1826 211 590 1979
91 362 221 590 1979
10057 1953 221 590 1979
10079 1983 208 590 1979
10047 1980 227 590 1979
10002 1827 207 591 1980
91 363 221 591 1980
10057 1954 213 591 1980
10047 1981 227 591 1980
10047 1982 224 592 1981
10002 1829 217 593 1982
10057 1956 214 593 1982
10047 1983 229 593 1982
10002 1830 217 594 1983
91 366 223 594 1983
558 327 233 594 1983
10057 1957 207 594 1983
10047 1984 229 594 1983
10002 1831 213 595 1984
10057 1958 211 595 1984
10079 1988 208 595 1984
613 1197 221 595 1984
10047 1985 227 595 1984
10002 1832 219 596 1985
91 368 221 596 1985
10047 1986 224 596 1985
10002 1833 216 597 1986
10057 1960 212 597 1986
10079 1990 211 597 1986
10047 1987 225 597 1986
10002 1834 223 598 1987
91 370 225 598 1987
10057 1961 208 598 1987
613 1200 223 598 1987
10047 1988 222 598 1987
10002 1835 221 599 1988
558 332 233 599 1988
10057 1962 213 599 1988
10079 1992 208 599 1988
10047 1989 230 599 1988
10002 1836 212 600 1989
558 333 226 600 1989
10057 1963 218 600 1989
10047 1990 215 600 1989
530 557 222 601 1990
10002 1837 213 601 1990
91 373 221 601 1990
10057 1964 214 601 1990
10047 1991 214 601 1990
558 335 221 602 1991
10057 1965 210 602 1991
10079 1995 208 602 1991
10047 1992 226 602 1991
10002 1839 218 603 1992
91 375 226 603 1992
492 543 223 603 1992
558 336 233 603 1992
10057 1966 219 603 1992
10047 1993 235 603 1992
10002 1840 218 604 1993
558 337 221 604 1993
10057 1967 211 604 1993
10079 1997 208 604 1993
10047 1994 230 604 1993
10002 1841 215 605 1994
91 377 231 605 1994
10057 1968 208 605 1994
10079 1998 208 605 1994
10047 1995 221 605 1994
136 1072 222 605 1994
530 562 221 606 1995
10002 1842 221 606 1995
91 378 237 606 1995
558 339 224 606 1995
10057 1969 215 606 1995
10047 1996 223 606 1995
12 158 221 607 1996
558 340 222 607 1996
10057 1970 211 607 1996
10079 2000 208 607 1996
10047 1997 209 607 1996
10057 1971 217 608 1997
10047 1998 220 608 1997
10002 1845 211 609 1998
91 381 224 609 1998
10047 1999 222 609 1998
10002 1846 221 610 1999
91 382 224 610 1999
558 343 235 610 1999
10057 1973 214 610 1999
10047 2000 224 610 1999
10002 1847 220 611 2000
760 102 221 611 2000
530 567 221 611 2000
558 344 223 611 2000
10057 1974 217 611 2000
10047 2001 213 611 2000
91 384 222 612 2001
558 345 222 612 2001
10057 1975 210 612 2001
10047 2002 217 612 2001
10002 1849 207 613 2002
558 346 233 613 2002
10057 1976 209 613 2002
10002 1850 207 614 2003
91 386 229 614 2003
10057 1977 214 614 2003
10079 2007 206 614 2003
10047 2004 227 614 2003
12 166 221 615 2004
558 348 223 615 2004
10057 1978 212 615 2004
10047 2005 223 615 2004
10002 1852 209 616 2005
530 572 222 616 2005
10057 1979 207 616 2005
10047 2006 217 616 2005
10002 1853 211 617 2006
530 573 225 617 2006
558 350 221 617 2006
10057 1980 212 617 2006
10047 2007 226 617 2006
10002 1854 207 618 2007
558 351 223 618 2007
10057 1981 211 618 2007
10047 2008 228 618 2007
10002 1855 211 619 2008
91 391 222 619 2008
558 352 223 619 2008
10057 1982 217 619 2008
10079 2012 209 619 2008
10047 2009 222 619 2008
10002 1856 209 620 2009
530 576 221 620 2009
10057 1983 215 620 2009
10079 2013 210 620 2009
10047 2010 226 620 2009
91 393 225 621 2010
10057 1984 212 621 2010
10047 2011 223 621 2010
10002 1858 209 622 2011
10057 1985 213 622 2011
10047 2012 218 622 2011
10002 1859 208 623 2012
10057 1986 208 623 2012
10047 2013 226 623 2012
10002 1860 208 624 2013
10057 1987 218 624 2013
10047 2014 223 624 2013
195 307 225 624 2013
424 217 235 625 2014
320 573 225 625 2014
535 138 221 625 2014
558 358 237 625 2014
10057 1988 209 625 2014
10047 2015 226 625 2014
10002 1862 215 626 2015
760 117 232 626 2015
91 398 236 626 2015
558 359 223 626 2015
10057 1989 218 626 2015
10047 2016 223 626 2015
10002 1863 207 627 2016
760 118 221 627 2016
91 399 237 627 2016
713 107 221 627 2016
10057 1990 219 627 2016
10047 2017 226 627 2016
10002 1864 214 628 2017
91 400 232 628 2017
713 108 222 628 2017
10057 1991 211 628 2017
10079 2021 209 628 2017
10047 2018 221 628 2017
10002 1865 210 629 2018
530 585 223 629 2018
91 401 230 629 2018
10057 1992 211 629 2018
10047 2019 227 629 2018
195 312 231 629 2018
136 1096 224 629 2018
320 578 239 630 2019
351 56 225 630 2019
530 586 226 630 2019
91 402 223 630 2019
10057 1993 217 630 2019
10047 2020 226 630 2019
760 122 221 631 2020
320 579 223 631 2020
12 182 223 631 2020
10047 2021 214 631 2020
136 1098 225 631 2020
10002 1868 210 632 2021
535 145 222 632 2021
10079 2025 206 632 2021
10047 2022 229 632 2021
760 124 226 633 2022
91 405 226 633 2022
558 366 225 633 2022
10057 1996 213 633 2022
10047 2023 235 633 2022
424 226 229 634 2023
12 185 229 634 2023
10057 1997 222 634 2023
10079 2027 211 634 2023
10047 2024 231 634 2023
195 317 227 634 2023
10002 1871 213 635 2024
91 407 234 635 2024
10057 1998 219 635 2024
10047 2025 227 635 2024
10002 1872 215 636 2025
558 369 227 636 2025
10057 1999 220 636 2025
10047 2026 229 636 2025
195 319 233 636 2025
10002 1873 209 637 2026
10057 2000 217 637 2026
10047 2027 226 637 2026
195 320 235 637 2026
10002 1874 220 638 2027
91 410 224 638 2027
10079 2031 210 638 2027
10047 2028 229 638 2027
195 321 227 638 2027
10002 1875 214 639 2028
91 411 227 639 2028
10057 2002 212 639 2028
10047 2029 233 639 2028
10002 1876 221 640 2029
10057 2003 221 640 2029
10079 2033 207 640 2029
10047 2030 228 640 2029
10002 1877 217 641 2030
10057 2004 211 641 2030
10047 2031 227 641 2030
10002 1878 212 642 2031
91 414 222 642 2031
10057 2005 209 642 2031
10047 2032 221 642 2031
10002 1879 211 643 2032
91 415 222 643 2032
10057 2006 217 643 2032
10047 2033 220 643 2032
10002 1880 212 644 2033
91 416 227 644 2033
10057 2007 211 644 2033
10047 2034 225 644 2033
10002 1881 209 645 2034
91 417 227 645 2034
10057 2008 213 645 2034
10047 2035 223 645 2034
10002 1882 211 646 2035
91 418 223 646 2035
10057 2009 221 646 2035
10047 2036 222 646 2035
10002 1883 218 647 2036
91 419 221 647 2036
10057 2010 216 647 2036
10047 2037 226 647 2036
10002 1884 208 648 2037
91 420 231 648 2037
10057 2011 216 648 2037
10079 2041 207 648 2037
10047 2038 221 648 2037
10002 1885 212 649 2038
10057 2012 210 649 2038
10079 2042 207 649 2038
10047 2039 221 649 2038
10002 1886 214 650 2039
91 422 223 650 2039
10079 2043 207 650 2039
10047 2040 226 650 2039
10002 1887 210 651 2040
91 423 226 651 2040
10057 2014 210 651 2040
10079 2044 210 651 2040
10047 2041 214 651 2040
10002 1888 208 652 2041
91 424 233 652 2041
10057 2015 210 652 2041
10047 2042 226 652 2041
10002 1889 208 653 2042
91 425 235 653 2042
10057 2016 209 653 2042
10079 2046 208 653 2042
10047 2043 227 653 2042
10002 1890 209 654 2043
91 426 233 654 2043
10057 2017 208 654 2043
10079 2047 211 654 2043
10047 2044 225 654 2043
91 427 227 655 2044
10079 2048 211 655 2044
10047 2045 221 655 2044
10002 1892 208 656 2045
91 428 233 656 2045
10079 2049 208 656 2045
10047 2046 225 656 2045
91 429 233 657 2046
10047 2047 223 657 2046
10057 2021 215 658 2047
10079 2051 207 658 2047
10047 2048 226 658 2047
10002 1895 213 659 2048
10057 2022 223 659 2048
10079 2052 215 659 2048
10047 2049 225 659 2048
10002 1896 209 660 2049
10057 2023 213 660 2049
10079 2053 211 660 2049
10047 2050 215 660 2049
10002 1897 221 660 2049
91 433 231 661 2050
10057 2024 221 661 2050
10079 2054 207 661 2050
10047 2051 233 661 2050
10057 2025 217 662 2051
10079 2055 211 662 2051
10047 2052 224 662 2051
10002 1899 219 663 2052
10057 2026 211 663 2052
10047 2053 233 663 2052
10002 1900 209 664 2053
10057 2027 208 664 2053
10079 2057 209 664 2053
10047 2054 231 664 2053
10002 1901 211 665 2054
10057 2028 212 665 2054
10079 2058 211 665 2054
10047 2055 227 665 2054
10002 1902 213 666 2055
10057 2029 214 666 2055
10079 2059 208 666 2055
10047 2056 236 666 2055
10002 1903 221 667 2056
10057 2030 213 667 2056
10079 2060 210 667 2056
10047 2057 222 667 2056
10002 1904 214 667 2056
91 440 222 668 2057
10057 2031 223 668 2057
10079 2061 209 668 2057
10047 2058 224 668 2057
10002 1905 223 669 2058
91 441 224 669 2058
10057 2032 224 669 2058
10079 2062 213 669 2058
10047 2059 227 669 2058
10002 1906 222 670 2059
91 442 222 670 2059
10057 2033 225 670 2059
10079 2063 215 670 2059
10047 2060 223 670 2059
10002 1907 230 670 2059
10057 2034 219 671 2060
10079 2064 208 671 2060
10047 2061 211 671 2060
10002 1908 224 672 2061
10057 2035 225 672 2061
10079 2065 212 672 2061
10047 2062 226 672 2061
10002 1909 219 673 2062
91 445 225 673 2062
10057 2036 217 673 2062
10079 2066 211 673 2062
10047 2063 223 673 2062
10002 1910 221 674 2063
91 446 230 674 2063
10057 2037 217 674 2063
10079 2067 208 674 2063
10047 2064 228 674 2063
10002 1911 211 675 2064
91 447 231 675 2064
10057 2038 214 675 2064
10079 2068 216 675 2064
10047 2065 213 675 2064
10002 1912 215 676 2065
91 448 235 676 2065
10079 2069 211 676 2065
10047 2066 229 676 2065
10002 1913 223 676 2065
91 449 227 677 2066
10057 2040 216 677 2066
10079 2070 209 677 2066
10047 2067 225 677 2066
10002 1914 218 677 2066
91 450 222 678 2067
10057 2041 221 678 2067
10079 2071 209 678 2067
10047 2068 227 678 2067
10002 1915 213 678 2067
10057 2042 218 679 2068
10079 2072 208 679 2068
10047 2069 234 679 2068
10002 1916 223 679 2068
10057 2043 219 680 2069
10079 2073 218 680 2069
10047 2070 218 680 2069
10002 1917 225 680 2069
10057 2044 221 681 2070
10079 2074 208 681 2070
10047 2071 225 681 2070
10002 1918 222 681 2070
10057 2045 208 682 2071
10079 2075 211 682 2071
10047 2072 223 682 2071
10002 1919 220 682 2071
10057 2046 220 683 2072
10047 2073 225 683 2072
10002 1920 209 683 2072
10057 2047 213 684 2073
10079 2077 213 684 2073
10047 2074 228 684 2073
10002 1921 213 684 2073
10057 2048 210 685 2074
10047 2075 231 685 2074
10057 2049 211 686 2075
10047 2076 227 686 2075
10002 1923 209 686 2075
10057 2050 219 687 2076
10079 2080 211 687 2076
10047 2077 234 687 2076
10002 1924 211 687 2076
10057 2051 220 688 2077
10079 2081 209 688 2077
10047 2078 231 688 2077
10002 1925 207 688 2077
10057 2052 218 689 2078
10079 2082 208 689 2078
10047 2079 231 689 2078
473 17 221 689 2078
10002 1926 213 689 2078
10057 2053 218 690 2079
10079 2083 210 690 2079
10047 2080 231 690 2079
473 18 222 690 2079
10002 1927 210 690 2079
10057 2054 216 691 2080
10079 2084 209 691 2080
10047 2081 227 691 2080
10002 1928 210 691 2080
10057 2055 223 692 2081
10079 2085 208 692 2081
10047 2082 227 692 2081
10002 1929 211 692 2081
10057 2056 217 693 2082
10047 2083 229 693 2082
473 21 221 693 2082
10002 1930 211 693 2082
10079 2087 210 694 2083
10047 2084 218 694 2083
10002 1931 216 694 2083
10057 2058 217 695 2084
10079 2088 208 695 2084
10047 2085 233 695 2084
10002 1932 218 695 2084
10057 2059 211 696 2085
10079 2089 206 696 2085
10047 2086 225 696 2085
10002 1933 219 696 2085
10057 2060 225 697 2086
10079 2090 208 697 2086
10047 2087 217 697 2086
10002 1934 213 697 2086
10057 2061 221 698 2087
10047 2088 208 698 2087
10002 1935 217 698 2087
10057 2062 226 699 2088
10079 2092 207 699 2088
10047 2089 225 699 2088
10002 1936 219 699 2088
10057 2063 223 700 2089
10079 2093 216 700 2089
10047 2090 233 700 2089
10057 2064 221 701 2090
10047 2091 219 701 2090
10002 1938 209 701 2090
10057 2065 221 702 2091
10079 2095 212 702 2091
10047 2092 239 702 2091
10002 1939 223 702 2091
10057 2066 224 703 2092
10079 2096 213 703 2092
10047 2093 231 703 2092
10002 1940 209 703 2092
10057 2067 218 704 2093
10079 2097 211 704 2093
10047 2094 225 704 2093
10002 1941 213 704 2093
10057 2068 212 705 2094
10047 2095 225 705 2094
10002 1942 219 705 2094
10057 2069 214 706 2095
10047 2096 229 706 2095
10002 1943 212 706 2095
10057 2070 215 707 2096
10047 2097 235 707 2096
10002 1944 212 707 2096
10057 2071 216 708 2097
10079 2101 214 708 2097
10047 2098 218 708 2097
10002 1945 213 708 2097
10079 2102 209 709 2098
10047 2099 217 709 2098
10002 1946 217 709 2098
10057 2073 217 710 2099
10079 2103 211 710 2099
10047 2100 221 710 2099
10002 1947 210 710 2099
10057 2074 211 711 2100
10047 2101 212 711 2100
10002 1948 211 711 2100
10057 2075 218 712 2101
10047 2102 226 712 2101
10002 1949 223 712 2101
10057 2076 218 713 2102
10079 2106 208 713 2102
10047 2103 231 713 2102
10002 1950 214 713 2102
10057 2077 221 714 2103
10047 2104 226 714 2103
10002 1951 213 714 2103
10057 2078 211 715 2104
10079 2108 209 715 2104
10047 2105 227 715 2104
10002 1952 211 715 2104
10057 2079 210 716 2105
10047 2106 230 716 2105
10002 1953 215 716 2105
10057 2080 215 717 2106
10079 2110 213 717 2106
10047 2107 228 717 2106
10002 1954 211 717 2106
10047 2108 229 718 2107
10002 1955 216 718 2107
10057 2082 215 719 2108
10047 2109 233 719 2108
10002 1956 215 719 2108
10057 2083 209 720 2109
10047 2110 227 720 2109
10002 1957 211 720 2109
10057 2084 213 721 2110
10079 2114 212 721 2110
10047 2111 229 721 2110
10002 1958 223 721 2110
10057 2085 217 722 2111
10079 2115 214 722 2111
10047 2112 229 722 2111
10002 1959 212 722 2111
10057 2086 219 723 2112
10079 2116 208 723 2112
10047 2113 231 723 2112
10002 1960 214 723 2112
10057 2087 211 724 2113
10047 2114 216 724 2113
10002 1961 213 724 2113
10057 2088 221 725 2114
10047 2115 225 725 2114
10002 1962 219 725 2114
10057 2089 219 726 2115
10079 2119 211 726 2115
10047 2116 225 726 2115
10002 1963 223 726 2115
10057 2090 210 727 2116
10079 2120 209 727 2116
10047 2117 239 727 2116
10002 1964 217 727 2116
10057 2091 224 728 2117
10079 2121 219 728 2117
10047 2118 227 728 2117
10002 1965 213 728 2117
10057 2092 219 729 2118
10079 2122 208 729 2118
10047 2119 229 729 2118
10002 1966 217 729 2118
10057 2093 217 730 2119
10047 2120 221 730 2119
10002 1967 207 730 2119
10057 2094 219 731 2120
10079 2124 214 731 2120
10047 2121 227 731 2120
10002 1968 212 731 2120
10057 2095 219 732 2121
10079 2125 212 732 2121
