10084 517 220 0 524
10158 518 221 0 524
10010 515 208 0 524
10084 518 225 1 525
10158 519 217 1 525
10098 522 236 1 525
10098 523 238 2 526
10078 526 224 3 527
10040 522 208 4 528
10078 527 212 4 528
768 30 225 4 528
10040 523 223 5 529
10040 525 209 7 531
10040 526 220 8 532
10040 527 209 9 533
10040 528 209 10 534
10098 531 228 10 534
10084 529 208 12 536
10084 530 209 13 537
10084 531 209 14 538
10084 532 209 15 539
10084 534 211 17 541
10084 536 208 19 543
10084 538 210 21 545
10084 540 209 23 547
768 50 227 24 548
10084 542 210 25 549
10084 547 208 30 554
768 60 226 34 558
10084 554 208 36 560
768 64 232 38 562
10084 556 215 38 562
10084 558 219 40 564
10140 561 213 41 565
10084 559 238 41 565
10158 560 209 42 566
10084 560 215 42 566
10084 561 227 43 567
10140 564 207 44 568
10084 562 219 44 568
417 50 223 45 569
768 71 222 45 569
10158 564 219 45 569
51 78 226 46 570
10084 565 207 47 571
10158 566 210 47 571
10084 567 216 49 573
10158 569 216 50 574
768 77 221 51 575
10158 570 208 51 575
10084 570 216 52 576
10158 571 214 52 576
706 68 223 53 577
10084 573 207 55 579
10158 574 220 56 580
768 82 229 56 580
10084 574 210 56 580
10158 575 217 57 581
44 84 227 57 581
768 83 230 57 581
10084 575 210 57 581
44 85 221 58 582
10140 578 210 58 582
10084 576 212 58 582
10158 577 207 59 583
10084 577 212 59 583
10158 578 208 60 584
10140 580 208 60 584
10084 578 218 61 585
10158 579 216 61 585
10084 579 224 61 585
10158 580 209 62 586
10084 580 210 62 586
10158 581 221 63 587
44 90 227 63 587
10084 581 209 64 588
10158 582 213 64 588
44 91 224 64 588
10140 584 208 65 589
10084 582 210 65 589
10158 583 217 65 589
44 92 222 65 589
10084 583 215 66 590
768 92 229 66 590
10084 584 213 66 590
10158 585 210 67 591
10084 585 221 67 591
10084 586 224 68 592
10084 587 209 69 593
10084 591 231 74 598
10084 592 209 75 599
10055 599 215 75 599
10098 596 208 75 599
10040 594 209 76 600
693 98 228 77 601
10040 595 210 77 601
10078 600 223 77 601
10040 596 209 78 602
10098 599 209 78 602
10076 600 208 80 604
10140 601 208 81 605
10098 603 210 82 606
10098 605 210 84 608
10098 606 211 85 609
10084 604 223 86 610
10084 606 208 88 612
10084 611 210 93 617
10084 615 208 97 621
706 114 221 99 623
10084 618 209 100 624
706 116 221 101 625
10084 619 209 101 625
706 118 221 103 627
10084 622 208 104 628
706 122 221 107 631
10084 625 208 107 631
10084 626 211 108 632
10084 627 207 109 633
706 125 222 110 634
10084 630 208 112 636
10084 632 209 114 638
10084 634 208 116 640
10084 636 208 118 642
10084 638 209 120 644
10084 641 213 123 647
10084 643 216 125 649
10084 647 212 129 653
10084 648 209 130 654
739 174 228 131 655
739 175 237 132 656
10084 650 212 132 656
739 176 237 133 657
10084 651 207 133 657
10084 652 209 134 658
739 178 236 135 659
739 179 235 136 660
10084 655 212 137 661
10084 660 208 142 666
51 176 221 143 667
10084 662 225 144 668
51 177 229 144 668
10140 665 207 145 669
10158 664 211 145 669
10055 670 207 146 670
10140 666 213 146 670
10084 664 214 146 670
10158 665 229 146 670
44 174 246 146 670
10140 667 210 147 671
10084 665 215 147 671
10158 666 213 147 671
10140 668 209 148 672
10084 666 207 148 672
10158 667 208 148 672
10098 671 210 150 674
10078 675 221 152 676
10055 677 212 153 677
10140 673 210 153 677
10158 672 211 153 677
10055 678 217 154 678
10018 5 234 154 678
10098 675 208 154 678
10140 674 217 154 678
10158 673 208 154 678
10106 676 219 154 678
10004 675 208 155 679
10076 675 219 155 679
10055 679 220 155 679
10018 6 231 155 679
10140 675 217 155 679
10084 673 209 155 679
10158 674 209 155 679
10106 677 221 155 679
10004 676 209 156 680
10076 676 220 156 680
10078 679 210 156 680
10055 680 214 156 680
10018 7 215 156 680
10140 676 222 156 680
10106 678 213 156 680
10076 677 207 157 681
10098 678 219 157 681
10040 676 210 158 682
10078 681 225 158 682
10106 680 211 158 682
10040 677 212 159 683
10106 681 211 159 683
10040 678 210 160 684
10078 683 222 160 684
10106 682 212 160 684
10040 679 216 161 685
10078 684 224 161 685
10078 685 218 162 686
10106 684 210 162 686
10078 686 225 163 687
10078 687 227 164 688
10106 686 219 164 688
10078 688 212 165 689
10078 689 225 166 690
10098 687 210 166 690
10140 686 207 166 690
10106 688 213 167 691
10078 690 230 167 691
10106 689 217 168 692
10040 686 214 168 692
10078 691 212 168 692
10106 690 211 169 693
10055 693 212 169 693
10018 20 220 169 693
10140 689 210 169 693
10084 687 212 169 693
44 6 221 169 693
10018 21 217 170 694
10098 691 210 170 694
10140 690 208 170 694
10158 689 210 170 694
44 7 237 170 694
10173 690 208 170 694
10084 689 217 171 695
92 164 221 172 696
51 206 231 174 698
92 166 221 174 698
51 207 235 175 699
92 171 221 179 703
92 173 237 181 705
10084 701 208 183 707
10018 35 211 184 708
10098 705 224 184 708
16 210 225 184 708
10140 704 211 184 708
706 200 231 185 709
10018 36 218 185 709
10018 37 212 186 710
10084 704 224 186 710
10158 705 208 186 710
10084 706 209 188 712
10084 707 212 189 713
10084 708 211 190 714
10084 713 212 195 719
10084 714 210 196 720
10084 715 207 197 721
10084 718 209 200 724
10055 726 207 202 726
10018 53 215 202 726
10140 722 210 202 726
10084 720 213 202 726
10158 721 212 202 726
10084 721 212 203 727
10084 723 209 205 729
10084 725 211 207 731
10084 726 210 208 732
10084 727 209 209 733
201 212 221 214 738
10084 732 211 214 738
10084 734 211 216 740
10084 735 211 217 741
10084 736 210 218 742
10084 737 210 219 743
10084 738 211 220 744
10084 739 210 221 745
10084 740 211 222 746
10084 741 209 223 747
10084 742 210 224 748
10084 743 211 225 749
10084 744 210 226 750
10018 78 210 227 751
10140 747 213 227 751
10084 745 210 227 751
10158 746 210 227 751
10140 748 210 228 752
10084 746 211 228 752
10158 747 221 228 752
44 65 230 229 753
10018 80 208 229 753
10140 749 209 229 753
10084 747 217 229 753
10158 748 219 229 753
10018 81 214 230 754
10084 748 214 230 754
10158 749 212 230 754
10018 82 211 231 755
10084 749 209 231 755
10018 83 207 232 756
10098 753 223 232 756
10106 755 211 233 757
10040 752 219 234 758
10078 757 224 234 758
693 108 221 234 758
10040 753 221 235 759
10098 756 213 235 759
10158 754 208 235 759
10084 754 210 236 760
10084 755 210 237 761
10084 756 210 238 762
10084 757 216 239 763
10140 761 209 241 765
10084 759 221 241 765
10158 760 217 241 765
10140 762 213 242 766
10084 760 215 242 766
10158 761 219 242 766
10084 761 220 243 767
10084 762 234 244 768
10158 763 212 244 768
51 277 226 244 768
10018 96 219 245 769
10140 765 210 245 769
10084 763 215 245 769
10158 764 214 245 769
10055 770 209 246 770
10018 97 210 246 770
10140 766 208 246 770
10158 765 207 246 770
10055 771 209 247 771
10018 98 223 247 771
10140 767 207 247 771
10084 765 210 247 771
706 263 227 248 772
10018 99 226 248 772
10098 769 209 248 772
10140 768 207 248 772
10158 767 207 248 772
10018 100 209 249 773
10158 768 226 249 773
10084 768 222 250 774
10158 769 221 250 774
10084 770 225 252 776
10158 771 214 252 776
44 89 221 253 777
10018 104 208 253 777
10140 773 215 253 777
10084 771 219 253 777
10158 772 227 253 777
51 286 221 253 777
44 90 241 254 778
10018 105 209 254 778
10158 773 221 254 778
51 287 223 254 778
10084 774 225 256 780
10158 775 214 256 780
10018 108 209 257 781
10158 776 224 257 781
51 290 224 258 782
10158 777 213 258 782
44 95 221 259 783
10158 778 212 259 783
51 292 225 260 784
10018 111 213 260 784
10084 778 210 260 784
10158 779 221 260 784
44 97 221 260 784
10018 112 207 261 785
10084 779 211 261 785
10158 780 216 261 785
51 294 234 262 786
10018 113 209 262 786
10084 780 210 262 786
10158 781 210 262 786
10018 114 217 263 787
10140 783 213 263 787
10084 781 212 263 787
10158 782 217 263 787
10140 784 207 264 788
10084 782 219 264 788
10158 783 217 264 788
51 297 231 264 788
10018 116 217 265 789
10140 785 219 265 789
10158 784 219 265 789
51 298 230 265 789
44 102 233 266 790
10140 786 209 266 790
10084 784 216 266 790
10158 785 218 266 790
739 309 229 267 791
10018 118 219 267 791
10084 785 217 267 791
92 260 225 268 792
51 301 222 269 793
739 311 221 269 793
739 312 221 270 794
51 303 221 270 794
51 304 230 271 795
51 305 237 272 796
44 109 225 273 797
10140 794 216 274 798
10084 792 223 274 798
10158 793 217 274 798
739 317 229 275 799
10098 796 220 275 799
201 273 229 275 799
10158 794 207 275 799
10098 797 213 276 800
201 274 221 276 800
10018 128 208 277 801
10098 798 214 277 801
201 275 222 277 801
10084 795 209 277 801
10084 796 222 278 802
44 117 229 280 804
10098 803 222 282 806
10018 134 219 283 807
10140 803 213 283 807
406 157 222 283 807
10173 803 213 283 807
10106 805 214 284 808
10076 804 212 284 808
10055 808 214 284 808
10018 135 216 284 808
10098 805 210 284 808
10140 804 211 284 808
10018 136 221 285 809
10084 803 215 285 809
10158 804 209 285 809
10018 137 209 286 810
10140 806 210 286 810
10084 804 219 286 810
10158 805 208 286 810
10018 139 208 288 812
10084 808 215 290 814
10158 809 212 290 814
10084 809 208 291 815
10084 810 215 292 816
10158 811 211 292 816
51 325 223 293 817
10018 144 223 293 817
10084 811 208 293 817
16 319 223 294 818
10106 817 210 296 820
10040 814 222 296 820
10055 820 209 296 820
10018 147 208 296 820
768 185 225 297 821
201 295 233 297 821
10084 815 207 297 821
220 180 222 298 822
693 172 222 299 823
706 314 225 299 823
220 181 227 299 823
201 297 231 299 823
51 332 223 300 824
44 136 228 300 824
44 137 231 301 825
92 293 223 301 825
220 184 226 302 826
10084 821 225 303 827
10018 155 219 304 828
10140 824 209 304 828
10040 823 208 305 829
10018 156 210 305 829
10098 826 212 305 829
10140 826 209 306 830
10106 828 218 307 831
10076 827 213 307 831
10055 831 218 307 831
10106 829 219 308 832
10076 828 216 308 832
10055 832 212 308 832
10106 830 221 309 833
10076 829 222 309 833
10106 831 225 310 834
10076 830 212 310 834
10140 830 208 310 834
10106 832 208 311 835
10084 829 219 311 835
44 149 225 312 836
693 186 225 312 836
706 328 222 313 837
44 150 221 313 837
706 329 226 314 838
417 319 225 314 838
51 347 223 314 838
44 152 225 315 839
417 322 222 317 841
16 343 225 317 841
10018 169 209 318 842
10084 836 213 318 842
10018 170 208 319 843
10084 837 223 319 843
10158 838 219 319 843
10084 839 210 321 845
10158 840 212 321 845
44 158 226 322 846
51 354 222 322 846
10084 840 215 322 846
10018 174 210 323 847
10098 844 208 323 847
10140 843 208 323 847
10084 841 212 323 847
10158 842 215 323 847
10018 175 209 324 848
10140 844 208 324 848
10084 842 221 324 848
10158 843 217 324 848
10140 846 211 326 850
10084 844 209 326 850
10158 845 217 326 850
51 359 222 326 850
10084 845 210 327 851
10140 848 210 328 852
51 361 232 328 852
10084 847 214 329 853
10018 181 217 330 854
10084 848 208 330 854
10140 851 209 331 855
10158 850 211 331 855
51 364 236 331 855
10140 852 210 332 856
10084 850 209 332 856
10158 851 217 332 856
51 365 225 332 856
10084 851 210 333 857
10158 852 209 333 857
10018 190 207 339 863
10084 857 220 339 863
10158 858 214 339 863
10018 191 213 340 864
10140 860 207 340 864
10084 858 211 340 864
10158 859 220 340 864
10084 859 217 341 865
10158 860 215 341 865
10158 861 210 342 866
10140 864 212 344 868
10084 862 207 344 868
10158 863 223 344 868
44 181 223 345 869
51 377 227 345 869
10084 863 210 345 869
10084 864 222 346 870
10158 865 212 346 870
10084 865 215 347 871
10140 868 212 348 872
10084 866 223 348 872
10158 867 224 348 872
10140 869 213 349 873
10084 867 207 349 873
51 382 229 350 874
10084 868 217 350 874
10018 202 217 351 875
10084 869 209 351 875
10158 870 209 351 875
10018 203 209 352 876
10084 870 223 352 876
10158 871 218 352 876
10018 204 209 353 877
10140 873 209 353 877
10084 871 218 353 877
10158 872 220 353 877
10018 205 210 354 878
10084 872 213 354 878
10158 873 219 354 878
10140 875 210 355 879
10158 874 210 355 879
10018 207 217 356 880
10084 874 219 356 880
10158 875 207 356 880
10158 876 208 357 881
10084 876 220 358 882
10158 877 221 358 882
10084 877 217 359 883
10158 878 215 359 883
10084 878 210 360 884
10158 879 208 360 884
10018 212 211 361 885
10084 879 225 361 885
10158 880 212 361 885
44 198 234 362 886
10140 882 209 362 886
10084 880 225 362 886
10158 881 209 362 886
417 368 229 363 887
10084 881 220 363 887
10018 216 210 365 889
10140 885 212 365 889
10084 883 218 365 889
10158 884 210 365 889
10018 217 209 366 890
10140 886 217 366 890
10084 884 233 366 890
10158 885 214 366 890
10018 218 218 367 891
10084 885 235 367 891
10018 220 218 369 893
10084 887 213 369 893
10158 888 213 369 893
44 206 231 370 894
10018 221 223 370 894
10084 888 209 370 894
10158 889 213 370 894
10084 889 231 371 895
10158 890 217 371 895
10018 223 211 372 896
10140 892 221 372 896
10084 890 210 372 896
10158 891 211 372 896
10084 891 216 373 897
10018 225 207 374 898
10084 892 224 374 898
10158 893 222 374 898
51 407 227 375 899
10018 226 210 375 899
10084 893 219 375 899
10084 894 220 376 900
10158 895 208 376 900
10084 895 223 377 901
10158 896 221 377 901
10084 896 219 378 902
10158 897 220 378 902
10084 897 217 379 903
10158 898 208 379 903
10018 231 216 380 904
10140 900 208 380 904
10158 899 216 381 905
10106 902 208 381 905
10076 901 208 381 905
10055 905 208 381 905
10018 232 225 381 905
10084 899 208 381 905
10018 233 237 382 906
10098 903 208 382 906
10140 902 207 382 906
10084 900 215 382 906
10055 907 210 383 907
10018 234 225 383 907
10158 902 208 383 907
10076 904 209 384 908
10055 908 208 384 908
10018 235 238 384 908
10098 905 207 384 908
10140 904 213 384 908
10158 903 214 385 909
10173 904 213 385 909
10106 906 208 385 909
10076 905 215 385 909
10055 909 217 385 909
10018 236 225 385 909
10140 905 219 385 909
10173 905 209 386 910
10076 906 208 386 910
10055 910 218 386 910
10018 237 221 386 910
10140 906 214 386 910
10158 905 217 387 911
10173 906 210 387 911
10004 907 215 387 911
10076 907 218 387 911
10055 911 210 387 911
10018 238 209 387 911
10140 907 212 387 911
10018 239 227 388 912
10098 909 209 388 912
10140 908 211 388 912
10084 906 212 388 912
10018 240 210 389 913
10018 241 208 390 914
10140 910 210 390 914
10158 909 209 390 914
10055 915 211 391 915
10098 912 218 391 915
10106 913 211 392 916
10040 910 218 392 916
768 281 221 393 917
10018 245 223 394 918
10098 915 211 394 918
10084 912 208 394 918
10140 915 209 395 919
10084 913 210 395 919
44 232 226 395 919
10140 916 219 396 920
10084 914 210 396 920
10084 915 217 397 921
44 234 233 397 921
10158 916 213 398 922
10018 249 208 398 922
10084 916 214 398 922
10158 918 208 400 924
10084 921 212 403 927
10158 922 212 404 928
10140 924 208 404 928
10084 922 231 405 929
10018 256 221 405 929
10140 925 213 405 929
10084 923 223 405 929
10084 924 227 406 930
10158 925 216 407 931
643 7 225 407 931
10018 258 211 407 931
44 244 223 407 931
10140 927 218 407 931
10084 925 219 408 932
10158 926 212 408 932
10018 259 211 408 932
10140 928 208 408 932
10084 926 208 408 932
10018 260 214 409 933
10084 927 216 409 933
10158 928 211 410 934
10018 261 209 410 934
10140 930 209 410 934
10084 928 226 410 934
10158 929 217 411 935
10140 931 209 411 935
10084 929 224 411 935
10158 930 208 412 936
10018 263 212 412 936
10084 930 226 412 936
10018 264 209 413 937
10140 933 210 413 937
10084 931 210 413 937
10158 932 212 413 937
51 446 227 414 938
10055 938 209 414 938
10018 265 239 414 938
10098 935 219 414 938
10140 934 208 414 938
10084 932 211 414 938
10158 933 212 414 938
10106 936 207 415 939
10018 266 236 415 939
10140 935 209 415 939
10158 934 211 415 939
10106 937 211 416 940
10055 940 209 416 940
10018 267 246 416 940
10140 936 209 416 940
10084 934 214 416 940
10158 935 214 416 940
10004 937 209 417 941
10055 941 208 417 941
10018 268 244 417 941
10098 938 209 417 941
10084 935 208 417 941
10076 938 210 418 942
10018 269 213 418 942
10084 936 224 418 942
10158 937 211 418 942
44 255 227 418 942
10084 937 235 419 943
10158 938 220 419 943
10084 938 229 420 944
10158 939 217 420 944
10084 939 233 421 945
10158 940 221 421 945
10140 942 211 422 946
10084 940 233 422 946
10158 941 221 422 946
10140 943 210 423 947
10084 941 241 423 947
10158 942 222 424 948
10140 944 211 424 948
10084 942 239 424 948
10158 943 221 425 949
10140 945 212 425 949
10084 943 235 425 949
10158 944 219 426 950
10140 946 210 426 950
10084 944 239 427 951
10158 945 221 427 951
10140 947 210 427 951
10084 945 229 427 951
10158 946 219 428 952
10140 948 211 428 952
10084 946 237 428 952
10158 947 222 429 953
10140 949 209 429 953
10084 947 235 429 953
10158 948 219 430 954
727 101 226 430 954
44 267 223 430 954
10084 948 213 430 954
10018 282 210 431 955
10084 949 223 431 955
10084 950 219 432 956
10084 951 224 433 957
10084 952 225 434 958
10018 286 217 435 959
10140 955 208 435 959
10084 953 230 435 959
10018 287 212 436 960
10084 954 217 437 961
10018 288 212 437 961
10084 955 230 437 961
10158 956 211 438 962
10018 289 216 438 962
10084 956 223 438 962
10018 290 210 439 963
10084 957 226 440 964
10018 291 210 440 964
10084 958 223 441 965
10018 292 212 441 965
10084 959 222 442 966
10018 293 210 442 966
10084 960 227 443 967
10018 294 207 443 967
10084 961 227 444 968
10018 295 208 444 968
10084 962 230 445 969
417 450 222 445 969
10084 963 231 446 970
10018 297 210 446 970
10084 964 221 447 971
10084 973 219 456 980
10018 307 210 456 980
10140 976 208 457 981
16 482 227 457 981
10078 980 219 457 981
693 331 233 458 982
10040 976 217 458 982
10078 981 218 458 982
10040 977 219 459 983
44 296 226 460 984
10040 978 207 460 984
10078 983 217 460 984
10040 979 208 461 985
10078 984 216 461 985
10040 980 207 462 986
10018 313 215 462 986
10098 983 210 462 986
10140 982 207 463 987
10140 983 210 464 988
10084 981 219 464 988
44 300 225 464 988
44 302 227 466 990
10084 985 219 468 992
10084 986 213 469 993
51 501 222 469 993
10084 987 223 470 994
10043 1209 215 687 1211
10084 1208 210 690 1214
10018 542 211 691 1215
10084 1209 216 691 1215
10055 1216 216 692 1216
10018 543 216 692 1216
10098 1213 210 692 1216
10140 1212 211 692 1216
643 293 245 692 1216
10084 1210 218 692 1216
10158 1211 219 692 1216
10173 1212 208 693 1217
10106 1214 210 693 1217
10076 1213 208 693 1217
10055 1217 218 693 1217
10018 544 218 693 1217
10140 1213 213 693 1217
10084 1211 220 693 1217
10158 1212 221 693 1217
16 200 227 694 1218
10076 1214 208 694 1218
353 88 231 694 1218
10018 545 224 694 1218
10098 1215 218 694 1218
10140 1214 210 694 1218
10084 1212 224 694 1218
643 295 221 694 1218
10055 1219 211 695 1219
10018 546 217 695 1219
10140 1215 220 695 1219
10084 1213 210 695 1219
10158 1214 221 695 1219
10173 1215 209 696 1220
44 181 223 696 1220
10076 1216 211 696 1220
10055 1220 221 696 1220
10018 547 212 696 1220
10140 1216 226 696 1220
10084 1214 211 696 1220
10158 1215 221 696 1220
643 297 234 696 1220
44 182 224 697 1221
16 203 223 697 1221
353 91 229 697 1221
10018 548 230 697 1221
10098 1218 215 697 1221
10140 1217 212 697 1221
10084 1215 215 697 1221
10158 1216 210 697 1221
16 204 223 698 1222
10018 549 219 698 1222
10098 1219 209 698 1222
10140 1218 209 698 1222
10084 1216 236 698 1222
10158 1217 220 698 1222
10106 1220 208 699 1223
16 205 224 699 1223
10018 550 217 699 1223
10098 1220 212 699 1223
10140 1219 213 699 1223
10084 1217 219 699 1223
10158 1218 215 699 1223
643 300 227 699 1223
10106 1221 208 700 1224
10018 551 218 700 1224
10140 1220 213 700 1224
10084 1218 223 700 1224
10158 1219 218 700 1224
417 705 222 700 1224
16 207 221 701 1225
10055 1225 209 701 1225
10018 552 213 701 1225
10140 1221 217 701 1225
10084 1219 211 701 1225
10158 1220 224 701 1225
417 706 226 701 1225
10106 1223 208 702 1226
16 208 223 702 1226
10055 1226 211 702 1226
10018 553 222 702 1226
10098 1223 221 702 1226
674 68 227 702 1226
10140 1222 212 702 1226
10084 1220 218 702 1226
10158 1221 216 702 1226
417 707 228 702 1226
752 566 235 702 1226
10018 554 221 703 1227
674 69 233 703 1227
10098 1224 218 703 1227
10140 1223 213 703 1227
10084 1221 217 703 1227
10158 1222 216 703 1227
10018 555 223 704 1228
10098 1225 210 704 1228
10140 1224 207 704 1228
10084 1222 225 704 1228
10158 1223 216 704 1228
417 709 222 704 1228
10140 1225 208 705 1229
10084 1223 223 705 1229
10158 1224 221 705 1229
417 710 225 705 1229
44 191 221 706 1230
16 212 227 706 1230
10018 557 210 706 1230
10140 1226 219 706 1230
10084 1224 213 706 1230
10158 1225 209 706 1230
44 192 241 707 1231
10076 1227 207 707 1231
10018 558 212 707 1231
10098 1228 209 707 1231
201 705 222 707 1231
10084 1225 237 707 1231
10140 1228 209 708 1232
10084 1226 219 708 1232
10018 562 213 711 1235
10098 1232 211 711 1235
10140 1231 213 711 1235
10084 1229 235 711 1235
44 197 241 712 1236
10018 563 215 712 1236
10084 1230 243 712 1236
44 198 241 713 1237
10018 564 209 713 1237
201 711 228 713 1237
10084 1231 229 713 1237
10158 1232 209 713 1237
10004 1234 207 714 1238
10076 1234 212 714 1238
10055 1238 210 714 1238
10018 565 226 714 1238
10098 1235 223 714 1238
10158 1233 210 714 1238
10106 1236 208 715 1239
787 233 231 715 1239
10018 566 226 715 1239
10098 1236 231 715 1239
201 713 226 715 1239
10140 1235 221 715 1239
744 50 225 715 1239
10084 1233 208 715 1239
327 582 228 716 1240
375 462 235 716 1240
787 234 243 716 1240
10004 1236 213 716 1240
10076 1236 209 716 1240
10055 1240 216 716 1240
10018 567 220 716 1240
10098 1237 214 716 1240
406 590 226 716 1240
10140 1236 209 716 1240
10084 1234 207 716 1240
10158 1235 214 716 1240
594 548 226 717 1241
10004 1237 213 717 1241
10076 1237 223 717 1241
10055 1241 223 717 1241
10018 568 227 717 1241
10098 1238 223 717 1241
406 591 227 717 1241
10140 1237 219 717 1241
10084 1235 208 717 1241
10106 1239 208 718 1242
530 21 232 718 1242
10040 1236 211 718 1242
10076 1238 208 718 1242
10078 1241 229 718 1242
10055 1242 209 718 1242
10098 1239 208 718 1242
10140 1238 208 718 1242
348 227 223 718 1242
10173 1238 215 718 1242
10040 1237 226 719 1243
10078 1242 218 719 1243
10055 1243 208 719 1243
10018 570 225 719 1243
10098 1240 221 719 1243
10140 1239 211 719 1243
10106 1241 208 720 1244
10018 571 221 720 1244
10098 1241 227 720 1244
10140 1240 216 720 1244
10018 572 223 721 1245
10098 1242 227 721 1245
201 719 229 721 1245
10140 1241 210 721 1245
505 451 237 722 1246
10018 573 210 722 1246
10098 1243 233 722 1246
201 720 223 722 1246
10140 1242 208 722 1246
505 452 223 723 1247
10076 1243 208 723 1247
10055 1247 217 723 1247
10018 574 221 723 1247
10098 1244 235 723 1247
201 721 232 723 1247
10140 1243 213 723 1247
10076 1244 207 724 1248
396 36 227 724 1248
10018 575 212 724 1248
10098 1245 237 724 1248
201 722 231 724 1248
706 740 225 725 1249
10018 576 224 725 1249
10098 1246 223 725 1249
201 723 246 725 1249
10084 1243 209 725 1249
10158 1244 212 725 1249
3 473 229 726 1250
706 741 231 726 1250
92 718 222 726 1250
10018 577 223 726 1250
10098 1247 227 726 1250
201 724 228 726 1250
10140 1246 214 726 1250
310 548 221 727 1251
92 719 224 727 1251
10018 578 213 727 1251
10098 1248 231 727 1251
349 553 224 727 1251
201 725 231 727 1251
407 270 222 728 1252
79 116 227 728 1252
10018 579 223 728 1252
10098 1249 225 728 1252
201 726 231 728 1252
10140 1248 210 728 1252
16 235 228 729 1253
10055 1253 210 729 1253
10018 580 223 729 1253
10098 1250 223 729 1253
201 727 225 729 1253
10140 1249 210 729 1253
16 236 223 730 1254
10018 581 227 730 1254
10098 1251 232 730 1254
201 728 224 730 1254
10140 1250 213 730 1254
10084 1248 211 730 1254
712 560 221 731 1255
16 237 225 731 1255
92 723 231 731 1255
74 568 221 731 1255
10018 582 215 731 1255
10098 1252 230 731 1255
201 729 227 731 1255
10140 1251 213 731 1255
10106 1253 208 732 1256
767 561 225 732 1256
628 593 222 732 1256
16 238 222 732 1256
92 724 221 732 1256
10018 583 225 732 1256
10098 1253 235 732 1256
201 730 232 732 1256
10140 1252 210 732 1256
10084 1250 209 732 1256
10055 1257 210 733 1257
10018 584 221 733 1257
10098 1254 233 733 1257
201 731 229 733 1257
16 240 225 734 1258
10018 585 211 734 1258
10098 1255 229 734 1258
10140 1254 209 734 1258
16 241 229 735 1259
719 234 221 735 1259
92 727 230 735 1259
135 563 224 735 1259
10018 586 216 735 1259
201 733 223 735 1259
10098 1256 234 735 1259
16 242 227 736 1260
706 751 225 736 1260
109 542 238 736 1260
10018 587 224 736 1260
201 734 224 736 1260
10098 1257 233 736 1260
10158 1255 208 736 1260
329 502 229 737 1261
10055 1261 210 737 1261
201 735 234 737 1261
10018 588 223 737 1261
10098 1258 225 737 1261
10140 1257 215 737 1261
510 61 222 738 1262
16 244 234 738 1262
639 573 226 738 1262
706 753 239 738 1262
144 209 222 738 1262
10018 589 223 738 1262
10098 1259 227 738 1262
201 736 221 738 1262
321 239 223 738 1262
10158 1257 209 738 1262
409 20 223 738 1262
16 245 225 739 1263
706 754 226 739 1263
10018 590 223 739 1263
10098 1260 229 739 1263
201 737 235 739 1263
408 572 222 739 1263
245 577 223 740 1264
16 246 225 740 1264
746 248 224 740 1264
427 583 231 740 1264
671 579 224 740 1264
706 755 229 740 1264
275 572 226 740 1264
201 738 224 740 1264
10098 1261 218 740 1264
408 573 229 740 1264
10158 1259 208 740 1264
304 563 224 741 1265
307 572 221 741 1265
229 578 222 741 1265
16 247 226 741 1265
92 733 223 741 1265
10018 592 222 741 1265
10098 1262 231 741 1265
10140 1261 209 741 1265
372 549 227 742 1266
683 437 229 742 1266
699 467 221 742 1266
229 579 222 742 1266
493 557 221 742 1266
706 757 225 742 1266
48 558 229 742 1266
206 540 223 742 1266
10018 593 217 742 1266
10098 1263 226 742 1266
772 577 225 742 1266
560 573 239 743 1267
572 573 227 743 1267
706 758 241 743 1267
769 544 231 743 1267
106 34 221 743 1267
10018 594 221 743 1267
10098 1264 237 743 1267
201 741 222 743 1267
10140 1263 210 743 1267
333 571 221 744 1268
539 69 221 744 1268
754 571 224 744 1268
10018 595 224 744 1268
10098 1265 231 744 1268
201 742 221 744 1268
10084 1262 208 744 1268
171 10 229 745 1269
611 563 222 745 1269
737 564 223 745 1269
539 70 225 745 1269
67 511 224 745 1269
706 760 231 745 1269
92 737 221 745 1269
356 254 223 745 1269
10018 596 217 745 1269
10098 1266 216 745 1269
201 743 227 745 1269
16 252 226 746 1270
706 761 227 746 1270
92 738 232 746 1270
10018 597 227 746 1270
10098 1267 236 746 1270
201 744 229 746 1270
10140 1266 207 746 1270
419 561 221 747 1271
630 242 222 747 1271
194 564 222 747 1271
761 574 223 747 1271
92 739 221 747 1271
10018 598 220 747 1271
10098 1268 232 747 1271
10140 1267 215 747 1271
522 261 221 748 1272
648 292 227 748 1272
630 243 229 748 1272
201 746 238 748 1272
10018 599 219 748 1272
119 545 239 748 1272
10098 1269 232 748 1272
10140 1268 209 748 1272
16 255 225 749 1273
706 764 221 749 1273
251 574 229 749 1273
201 747 226 749 1273
119 546 226 749 1273
10018 600 219 749 1273
10098 1270 221 749 1273
428 586 225 750 1274
706 765 221 750 1274
251 575 227 750 1274
201 748 242 750 1274
10018 601 217 750 1274
10098 1271 232 750 1274
10140 1270 214 750 1274
10084 1268 211 750 1274
16 257 231 751 1275
544 7 229 751 1275
92 743 227 751 1275
201 749 242 751 1275
10018 602 217 751 1275
10098 1272 215 751 1275
10140 1271 213 751 1275
559 459 233 752 1276
252 17 221 752 1276
706 767 223 752 1276
201 750 232 752 1276
10018 603 209 752 1276
10098 1273 224 752 1276
10140 1272 209 752 1276
702 585 225 753 1277
407 295 229 753 1277
208 587 221 753 1277
730 577 222 753 1277
92 745 229 753 1277
201 751 224 753 1277
10018 604 219 753 1277
10098 1274 212 753 1277
343 568 226 753 1277
10084 1271 208 753 1277
529 27 223 754 1278
16 260 237 754 1278
201 752 224 754 1278
10018 605 218 754 1278
10098 1275 219 754 1278
10140 1274 211 754 1278
762 9 222 755 1279
407 297 231 755 1279
745 587 223 755 1279
706 770 227 755 1279
92 747 247 755 1279
201 753 231 755 1279
10018 606 219 755 1279
10098 1276 231 755 1279
10140 1275 208 756 1280
762 10 233 756 1280
407 298 225 756 1280
16 262 235 756 1280
92 748 239 756 1280
201 754 227 756 1280
76 507 226 756 1280
10018 607 223 756 1280
10098 1277 233 756 1280
16 263 221 757 1281
92 749 222 757 1281
201 755 242 757 1281
10018 608 225 757 1281
10098 1278 231 757 1281
10106 1279 208 758 1282
461 554 229 758 1282
606 548 223 758 1282
16 264 223 758 1282
706 773 236 758 1282
92 750 235 758 1282
201 756 226 758 1282
11 37 221 758 1282
10018 609 225 758 1282
10098 1279 223 758 1282
92 751 245 759 1283
10018 610 223 759 1283
10098 1280 238 759 1283
10158 1278 212 760 1284
44 245 227 760 1284
92 752 228 760 1284
201 758 238 760 1284
10018 611 209 760 1284
10098 1281 218 760 1284
51 793 221 760 1284
10140 1280 209 760 1284
10158 1279 214 761 1285
44 247 240 762 1286
44 248 221 763 1287
10098 1284 213 763 1287
10084 1281 237 764 1288
753 465 222 764 1288
10018 615 231 764 1288
10098 1285 208 764 1288
10140 1284 213 765 1289
10084 1282 223 765 1289
10158 1283 224 765 1289
201 763 235 765 1289
10098 1286 220 765 1289
10140 1285 214 766 1290
10084 1283 208 766 1290
92 758 227 766 1290
13 559 227 766 1290
201 764 229 766 1290
10055 1290 208 766 1290
10018 617 215 766 1290
10098 1287 235 766 1290
10140 1286 209 767 1291
10084 1284 214 767 1291
10158 1285 209 767 1291
201 765 247 767 1291
10055 1291 209 767 1291
10018 618 216 767 1291
10098 1288 215 767 1291
10140 1287 211 768 1292
181 103 224 768 1292
10040 1286 209 768 1292
92 760 236 768 1292
10018 619 219 768 1292
10098 1289 231 768 1292
10018 620 208 769 1293
10084 1287 233 770 1294
10158 1288 208 770 1294
643 370 222 770 1294
44 255 230 770 1294
30 272 224 770 1294
621 598 223 770 1294
696 594 223 770 1294
10055 1294 210 770 1294
10018 621 225 770 1294
10098 1291 210 770 1294
10140 1290 213 771 1295
10084 1288 222 771 1295
10158 1289 213 771 1295
643 371 226 771 1295
222 607 233 771 1295
10055 1295 214 771 1295
10018 622 242 771 1295
10140 1291 222 772 1296
10084 1289 215 772 1296
10158 1290 219 772 1296
222 608 223 772 1296
10018 623 221 772 1296
10140 1292 220 773 1297
10084 1290 208 773 1297
10158 1291 225 773 1297
10018 624 226 773 1297
10098 1294 211 773 1297
10140 1293 215 774 1298
10084 1291 227 774 1298
10158 1292 211 774 1298
10055 1298 214 774 1298
10018 625 216 774 1298
10098 1295 215 774 1298
10140 1294 213 775 1299
10158 1293 210 775 1299
643 375 227 775 1299
149 36 221 775 1299
144 246 233 775 1299
10018 626 221 775 1299
10140 1295 213 776 1300
10084 1293 210 776 1300
10158 1294 222 776 1300
304 598 225 776 1300
144 247 228 776 1300
10055 1300 209 776 1300
10018 627 209 776 1300
10140 1296 213 777 1301
417 781 221 777 1301
10084 1294 229 777 1301
44 262 226 777 1301
304 599 222 777 1301
643 377 227 777 1301
44 263 225 778 1302
10084 1296 224 779 1303
10158 1297 209 779 1303
588 603 227 779 1303
678 33 221 779 1303
92 771 227 779 1303
201 777 222 779 1303
10018 630 218 779 1303
10098 1300 221 779 1303
51 812 224 780 1304
10084 1297 221 780 1304
10076 1300 213 780 1304
10055 1304 208 780 1304
10018 631 227 780 1304
51 813 229 781 1305
10084 1298 219 781 1305
10158 1299 221 781 1305
44 266 222 781 1305
643 381 226 781 1305
10055 1305 212 781 1305
10018 632 229 781 1305
10098 1302 210 781 1305
355 325 225 782 1306
10140 1301 213 782 1306
10084 1299 231 782 1306
10158 1300 217 782 1306
421 614 223 782 1306
554 612 226 782 1306
502 560 226 782 1306
712 611 223 782 1306
418 612 235 782 1306
588 606 229 782 1306
606 572 221 782 1306
10076 1302 219 782 1306
249 161 225 782 1306
10055 1306 229 782 1306
10018 633 230 782 1306
10098 1303 212 782 1306
10140 1302 209 783 1307
119 579 232 783 1307
10084 1300 208 783 1307
10158 1301 218 783 1307
84 612 225 783 1307
279 614 229 783 1307
10173 1302 211 783 1307
652 605 221 783 1307
469 47 224 783 1307
683 478 230 783 1307
466 108 225 783 1307
418 613 221 783 1307
94 57 231 783 1307
10004 1303 210 783 1307
10076 1303 210 783 1307
696 607 222 783 1307
662 458 221 783 1307
10055 1307 226 783 1307
10018 634 226 783 1307
10098 1304 209 783 1307
382 607 221 783 1307
520 614 222 783 1307
709 607 231 784 1308
238 591 226 784 1308
10158 1302 222 784 1308
84 613 226 784 1308
279 615 222 784 1308
10173 1303 214 784 1308
10106 1305 209 784 1308
652 606 231 784 1308
683 479 231 784 1308
10076 1304 211 784 1308
215 526 222 784 1308
360 56 221 784 1308
249 163 224 784 1308
696 608 225 784 1308
10055 1308 226 784 1308
10018 635 223 784 1308
10098 1305 208 784 1308
182 52 241 784 1308
10170 1302 212 784 1308
709 608 229 784 1308
355 328 221 785 1309
10140 1304 221 785 1309
500 593 227 785 1309
10158 1303 218 785 1309
333 612 225 785 1309
10173 1304 208 785 1309
418 615 221 785 1309
10076 1305 209 785 1309
49 485 223 785 1309
10055 1309 221 785 1309
10018 636 216 785 1309
10098 1306 217 785 1309
10170 1303 209 785 1309
182 53 237 785 1309
709 609 229 786 1310
10140 1305 217 786 1310
10084 1303 216 786 1310
10158 1304 227 786 1310
10173 1305 207 786 1310
683 481 226 786 1310
78 62 222 786 1310
418 616 228 786 1310
10144 1305 211 786 1310
49 486 225 786 1310
770 58 224 786 1310
10018 637 221 786 1310
10098 1307 215 786 1310
182 54 239 786 1310
10170 1304 211 786 1310
10140 1306 213 787 1311
10084 1304 212 787 1311
500 595 225 787 1311
10158 1305 225 787 1311
22 564 222 787 1311
146 530 224 787 1311
708 50 221 787 1311
418 617 222 787 1311
10055 1311 213 787 1311
10018 638 231 787 1311
10170 1305 207 787 1311
182 55 232 787 1311
10140 1307 221 788 1312
454 622 221 788 1312
500 596 225 788 1312
238 595 226 788 1312
10158 1306 225 788 1312
418 618 223 788 1312
466 113 223 788 1312
10004 1308 212 788 1312
10076 1308 215 788 1312
360 60 222 788 1312
696 612 225 788 1312
10055 1312 208 788 1312
10018 639 217 788 1312
10098 1309 210 788 1312
182 56 240 788 1312
119 585 223 789 1313
10158 1307 218 789 1313
93 535 221 789 1313
10106 1310 209 789 1313
400 437 223 789 1313
683 484 223 789 1313
466 114 225 789 1313
606 579 223 789 1313
10076 1309 219 789 1313
49 489 221 789 1313
669 619 221 789 1313
10055 1313 219 789 1313
10018 640 211 789 1313
10098 1310 209 789 1313
182 57 237 789 1313
10140 1309 214 790 1314
10084 1307 217 790 1314
119 586 224 790 1314
10158 1308 220 790 1314
683 485 222 790 1314
147 629 227 790 1314
385 80 221 790 1314
606 580 226 790 1314
215 532 221 790 1314
10018 641 232 790 1314
10098 1311 209 790 1314
182 58 247 791 1315
709 614 222 791 1315
10140 1310 221 791 1315
10084 1308 211 791 1315
119 587 224 791 1315
10158 1309 216 791 1315
10173 1310 209 791 1315
10106 1312 210 791 1315
683 486 223 791 1315
418 621 223 791 1315
10004 1311 208 791 1315
10018 642 227 791 1315
10098 1312 207 791 1315
182 59 241 792 1316
701 620 225 792 1316
10140 1311 219 792 1316
119 588 231 792 1316
10084 1309 209 792 1316
10158 1310 219 792 1316
683 487 221 792 1316
652 614 223 792 1316
269 36 225 792 1316
10076 1312 212 792 1316
360 64 223 792 1316
10055 1316 211 792 1316
10018 643 233 792 1316
10098 1313 211 792 1316
10140 1312 216 793 1317
10084 1310 211 793 1317
10158 1311 213 793 1317
10173 1312 207 793 1317
10106 1314 215 793 1317
683 488 225 793 1317
466 118 221 793 1317
362 622 233 793 1317
10076 1313 211 793 1317
275 625 234 793 1317
678 47 232 793 1317
696 617 222 793 1317
10018 644 231 793 1317
10158 1312 218 794 1318
378 592 225 794 1318
10106 1315 212 794 1318
605 174 229 794 1318
10076 1314 210 794 1318
360 66 226 794 1318
10018 645 226 795 1319
10098 1315 213 795 1319
10140 1314 220 795 1319
10084 1312 215 795 1319
418 625 222 795 1319
385 85 222 795 1319
215 537 221 795 1319
179 453 226 795 1319
10055 1319 215 795 1319
10018 646 235 795 1319
10098 1316 218 796 1320
10140 1315 210 796 1320
500 604 228 796 1320
10158 1314 222 796 1320
421 628 227 796 1320
10004 1316 208 796 1320
10055 1320 210 796 1320
520 627 221 796 1320
10018 647 235 796 1320
10098 1317 216 796 1320
182 64 225 797 1321
10140 1316 219 797 1321
10084 1314 209 797 1321
500 605 226 797 1321
10158 1315 219 797 1321
378 595 231 797 1321
10173 1316 207 797 1321
10106 1318 208 797 1321
418 627 222 797 1321
124 614 225 797 1321
10076 1317 208 797 1321
179 455 221 797 1321
520 628 223 797 1321
10018 648 225 797 1321
10098 1318 213 797 1321
182 65 232 798 1322
10140 1317 215 798 1322
762 52 233 798 1322
10158 1316 223 798 1322
279 629 224 798 1322
10173 1317 211 798 1322
10106 1319 209 798 1322
708 61 221 798 1322
678 52 221 798 1322
10055 1322 215 798 1322
10018 649 237 798 1322
182 66 230 799 1323
10140 1318 216 799 1323
279 630 222 799 1323
708 62 233 799 1323
215 541 224 799 1323
360 71 222 799 1323
10055 1323 213 799 1323
10018 650 227 799 1323
182 67 221 800 1324
265 638 221 800 1324
10140 1319 214 800 1324
500 608 223 800 1324
10158 1318 212 800 1324
279 631 225 800 1324
10173 1319 208 800 1324
10106 1321 208 800 1324
215 542 226 800 1324
10004 1320 209 800 1324
678 54 221 800 1324
10018 651 224 800 1324
182 68 233 801 1325
10140 1320 220 801 1325
500 609 223 801 1325
10158 1319 212 801 1325
10173 1320 208 801 1325
215 543 228 801 1325
662 476 221 801 1325
10055 1325 209 801 1325
10018 652 226 801 1325
10140 1321 219 802 1326
182 69 229 802 1326
762 56 221 802 1326
10158 1320 213 802 1326
606 592 223 802 1326
194 619 221 802 1326
678 56 225 802 1326
8 579 225 802 1326
10055 1326 209 802 1326
10018 653 229 803 1327
520 633 221 803 1327
10098 1323 211 803 1327
182 70 233 803 1327
10140 1322 211 803 1327
500 611 223 803 1327
10158 1321 220 803 1327
418 633 222 803 1327
215 545 225 803 1327
10004 1323 210 803 1327
360 75 231 803 1327
10055 1327 217 804 1328
10018 654 231 804 1328
10098 1324 209 804 1328
182 71 227 804 1328
10140 1323 219 804 1328
500 612 224 804 1328
10158 1322 221 804 1328
215 546 227 804 1328
360 76 228 804 1328
10055 1328 217 805 1329
10018 655 221 805 1329
10098 1325 212 805 1329
136 406 221 805 1329
182 72 223 805 1329
10140 1324 220 805 1329
500 613 225 805 1329
10158 1323 221 805 1329
215 547 223 805 1329
360 77 228 805 1329
10055 1329 221 806 1330
10018 656 229 806 1330
177 181 221 806 1330
182 73 229 806 1330
10140 1325 219 806 1330
10158 1324 224 806 1330
500 614 222 806 1330
676 637 221 806 1330
10055 1330 209 807 1331
10018 657 216 807 1331
182 74 233 807 1331
10140 1326 214 807 1331
10158 1325 209 807 1331
10018 658 220 808 1332
10098 1328 214 808 1332
182 75 237 808 1332
10140 1327 221 808 1332
10158 1326 208 808 1332
10173 1327 208 808 1332
10055 1332 213 809 1333
10018 659 227 809 1333
10098 1329 214 809 1333
182 76 237 809 1333
10140 1328 222 809 1333
10158 1327 209 809 1333
10055 1333 218 810 1334
10140 1329 213 810 1334
10158 1328 210 810 1334
10173 1329 208 810 1334
130 635 233 810 1334
10018 661 219 811 1335
10098 1331 212 811 1335
182 78 239 811 1335
10140 1330 216 811 1335
10158 1329 217 811 1335
10055 1335 219 812 1336
10018 662 236 812 1336
10140 1331 219 812 1336
182 79 222 812 1336
10158 1330 222 812 1336
10106 1333 210 812 1336
10004 1332 211 812 1336
10055 1336 208 813 1337
10018 663 229 813 1337
10140 1332 219 813 1337
146 556 226 813 1337
10158 1331 221 813 1337
10055 1337 209 814 1338
10018 664 225 814 1338
10098 1334 209 814 1338
182 81 227 814 1338
10158 1332 217 814 1338
10055 1338 218 814 1338
10018 665 231 815 1339
182 82 231 815 1339
10140 1334 221 815 1339
76 565 223 815 1339
10158 1333 221 815 1339
10173 1334 210 815 1339
10018 666 221 816 1340
721 64 221 816 1340
10140 1335 209 816 1340
182 83 235 816 1340
10158 1334 219 816 1340
10018 667 223 817 1341
10098 1337 207 817 1341
182 84 233 817 1341
10158 1335 217 817 1341
10076 1337 209 817 1341
10055 1341 208 818 1342
10018 668 213 818 1342
10140 1337 209 818 1342
10158 1336 209 818 1342
10018 669 209 819 1343
10018 671 208 821 1345
10098 1341 208 821 1345
181 2 221 821 1345
182 88 231 821 1345
10158 1339 225 821 1345
527 651 229 821 1345
10004 1341 208 821 1345
10055 1345 210 822 1346
10018 672 220 822 1346
10140 1341 221 822 1346
182 89 225 822 1346
10158 1340 226 822 1346
10004 1342 209 822 1346
10055 1346 214 823 1347
10018 673 225 823 1347
10098 1343 209 823 1347
10140 1342 223 823 1347
10084 1340 210 823 1347
182 90 228 823 1347
10158 1341 225 823 1347
10055 1347 214 824 1348
10018 674 219 824 1348
10098 1344 209 824 1348
10140 1343 216 824 1348
182 91 233 824 1348
10158 1342 210 824 1348
10055 1348 215 825 1349
10018 675 221 825 1349
182 92 239 825 1349
10140 1344 218 825 1349
10158 1343 211 825 1349
10055 1349 218 826 1350
10018 676 219 826 1350
10140 1345 210 826 1350
182 93 231 826 1350
10158 1344 213 826 1350
10055 1350 211 827 1351
10018 677 217 827 1351
182 94 231 827 1351
10140 1346 214 827 1351
10158 1345 216 827 1351
10055 1351 214 828 1352
10018 678 221 828 1352
182 95 231 828 1352
10140 1347 208 828 1352
10158 1346 214 828 1352
10055 1352 218 829 1353
10018 679 222 829 1353
182 96 234 829 1353
10140 1348 216 829 1353
10158 1347 223 829 1353
10018 680 213 830 1354
10158 1348 217 830 1354
10055 1354 213 831 1355
10018 681 221 831 1355
10098 1351 208 831 1355
182 98 237 831 1355
10140 1350 214 831 1355
10158 1349 212 831 1355
10055 1355 211 832 1356
10018 682 223 832 1356
182 99 235 832 1356
10158 1350 212 832 1356
660 651 223 832 1356
10055 1356 210 833 1357
10018 683 221 833 1357
10018 684 219 834 1358
10018 685 219 835 1359
182 102 230 835 1359
10158 1353 211 835 1359
10055 1359 209 836 1360
10018 686 223 836 1360
182 103 233 836 1360
10140 1355 210 836 1360
10084 1353 208 836 1360
10158 1354 213 836 1360
10018 687 215 837 1361
182 104 227 837 1361
10140 1356 208 837 1361
10158 1355 210 837 1361
10018 688 219 838 1362
10140 1357 210 838 1362
10158 1356 211 838 1362
10055 1362 211 839 1363
10018 689 217 839 1363
182 106 223 839 1363
10140 1358 213 839 1363
10158 1357 213 839 1363
10055 1363 215 840 1364
10018 690 215 840 1364
182 107 224 840 1364
10158 1358 215 840 1364
10018 691 212 841 1365
10055 1365 211 842 1366
10018 692 218 842 1366
10140 1361 209 842 1366
182 109 235 842 1366
10158 1360 214 842 1366
10055 1366 213 843 1367
10018 693 225 843 1367
10140 1362 207 843 1367
10158 1361 208 843 1367
10018 694 213 844 1368
10140 1363 209 844 1368
10158 1362 209 844 1368
10004 1364 210 844 1368
10055 1368 211 845 1369
10018 695 225 845 1369
10140 1364 213 845 1369
10158 1363 231 845 1369
10055 1369 215 846 1370
10018 696 226 846 1370
10140 1365 220 846 1370
10084 1363 210 846 1370
10158 1364 228 846 1370
10076 1366 207 846 1370
10055 1370 209 847 1371
10018 697 223 847 1371
10140 1366 210 847 1371
10158 1365 215 847 1371
10004 1367 209 847 1371
10055 1371 209 848 1372
10018 698 218 848 1372
10098 1368 208 848 1372
10140 1367 210 848 1372
10158 1366 217 848 1372
10076 1368 211 848 1372
10055 1372 215 849 1373
10018 699 220 849 1373
10098 1369 209 849 1373
10140 1368 212 849 1373
182 116 232 849 1373
10084 1366 208 849 1373
10158 1367 220 849 1373
10076 1369 211 849 1373
10055 1373 217 850 1374
10018 700 207 850 1374
10098 1370 209 850 1374
10158 1368 217 850 1374
10076 1370 209 850 1374
10055 1374 218 851 1375
10018 701 218 851 1375
182 118 226 851 1375
10158 1369 215 851 1375
10076 1371 210 851 1375
10055 1375 217 851 1375
10018 702 225 852 1376
182 119 227 852 1376
10140 1371 212 852 1376
10158 1370 218 852 1376
10076 1372 212 852 1376
10055 1376 219 853 1377
10018 703 227 853 1377
10140 1372 212 853 1377
10158 1371 217 853 1377
10076 1373 209 853 1377
10055 1377 214 854 1378
10018 704 225 854 1378
182 121 227 854 1378
10158 1372 216 854 1378
10018 705 220 855 1379
10098 1375 208 855 1379
10140 1374 211 855 1379
182 122 233 855 1379
10158 1373 212 855 1379
10018 706 213 856 1380
10076 1376 210 856 1380
10055 1380 208 857 1381
10018 707 226 857 1381
10140 1376 215 857 1381
182 124 227 857 1381
10158 1375 217 857 1381
10076 1377 207 857 1381
10055 1381 212 858 1382
10018 708 227 858 1382
10140 1377 210 858 1382
182 125 222 858 1382
10158 1376 217 858 1382
10076 1378 209 858 1382
10055 1382 210 859 1383
10018 709 224 859 1383
10140 1378 209 859 1383
10158 1377 216 859 1383
10076 1379 214 859 1383
10055 1383 211 860 1384
10018 710 224 860 1384
10084 1377 212 860 1384
182 127 235 860 1384
10158 1378 224 860 1384
10004 1380 207 860 1384
10076 1380 212 860 1384
10055 1384 217 861 1385
10018 711 225 861 1385
182 128 231 861 1385
10158 1379 224 861 1385
331 29 224 861 1385
476 149 226 861 1385
10076 1381 210 861 1385
10055 1385 215 862 1386
10018 712 235 862 1386
10140 1381 221 862 1386
10158 1380 223 862 1386
10004 1382 208 862 1386
10018 713 232 863 1387
10140 1382 224 863 1387
182 130 227 863 1387
10158 1381 217 863 1387
10004 1383 208 863 1387
10076 1383 211 863 1387
10018 714 232 864 1388
10140 1383 209 864 1388
182 131 229 864 1388
10158 1382 217 864 1388
10173 1383 212 864 1388
10018 715 222 865 1389
10140 1384 211 865 1389
10158 1383 214 865 1389
10173 1384 208 865 1389
10018 716 216 866 1390
10140 1385 210 866 1390
182 133 225 866 1390
10158 1384 213 866 1390
10076 1386 208 866 1390
10055 1390 219 867 1391
10018 717 231 867 1391
10098 1387 211 867 1391
10140 1386 215 867 1391
10158 1385 222 867 1391
755 691 223 867 1391
10173 1386 209 867 1391
10106 1388 208 867 1391
10076 1387 210 867 1391
10055 1391 211 868 1392
10018 718 224 868 1392
10098 1388 209 868 1392
10140 1387 217 868 1392
182 135 222 868 1392
10158 1386 210 868 1392
10055 1392 212 869 1393
10018 719 230 869 1393
10140 1388 213 869 1393
182 136 234 869 1393
10158 1387 219 869 1393
10076 1389 209 869 1393
10055 1393 212 870 1394
10018 720 227 870 1394
182 137 235 870 1394
10140 1389 207 870 1394
10084 1387 207 870 1394
10158 1388 220 870 1394
10076 1390 211 870 1394
10055 1394 208 871 1395
10018 721 212 871 1395
10140 1390 211 871 1395
10158 1389 211 871 1395
10055 1395 207 872 1396
10018 722 219 872 1396
10098 1392 208 872 1396
10140 1391 212 872 1396
182 139 231 872 1396
10158 1390 229 872 1396
10018 723 211 873 1397
10140 1392 208 873 1397
10158 1391 207 873 1397
10055 1397 211 873 1397
10018 724 214 874 1398
10140 1393 216 874 1398
182 141 240 874 1398
10158 1392 216 874 1398
10055 1398 208 874 1398
10018 725 212 874 1398
10098 1395 209 874 1398
10140 1394 217 875 1399
182 142 245 875 1399
10158 1393 219 875 1399
10055 1399 210 875 1399
10018 726 216 875 1399
10140 1395 213 876 1400
182 143 235 876 1400
10158 1394 213 876 1400
10076 1396 209 876 1400
68 751 223 876 1400
10055 1400 219 876 1400
10018 727 219 876 1400
10140 1396 216 877 1401
182 144 231 877 1401
10158 1395 222 877 1401
234 625 221 877 1401
10055 1401 216 877 1401
10018 728 218 877 1401
10140 1397 212 878 1402
182 145 232 878 1402
10158 1396 222 878 1402
169 7 227 878 1402
10055 1402 217 878 1402
10018 729 216 878 1402
10140 1398 222 879 1403
182 146 237 879 1403
10158 1397 216 879 1403
10055 1403 215 879 1403
10018 730 221 880 1404
10140 1399 219 880 1404
182 147 234 880 1404
10158 1398 222 880 1404
10004 1400 207 880 1404
10018 731 221 881 1405
10140 1400 213 881 1405
182 148 225 881 1405
10158 1399 213 881 1405
10076 1401 208 881 1405
10055 1405 210 881 1405
10018 732 217 882 1406
10140 1401 219 882 1406
10158 1400 218 882 1406
10055 1406 210 882 1406
10018 733 217 882 1406
10140 1402 211 883 1407
182 150 229 883 1407
10158 1401 216 883 1407
169 12 222 883 1407
10055 1407 212 883 1407
10018 734 219 884 1408
10140 1403 209 884 1408
10158 1402 212 884 1408
182 151 241 884 1408
10055 1408 213 884 1408
10018 735 229 884 1408
10140 1404 222 885 1409
10158 1403 217 885 1409
182 152 237 885 1409
10055 1409 207 885 1409
10018 736 214 886 1410
10158 1404 210 886 1410
182 153 239 886 1410
653 340 225 886 1410
10018 737 220 886 1410
182 154 237 887 1411
10158 1405 210 887 1411
10055 1411 209 887 1411
10018 738 219 887 1411
10158 1406 208 888 1412
182 155 240 888 1412
653 342 223 888 1412
10018 739 217 888 1412
10140 1408 208 889 1413
10158 1407 224 889 1413
182 156 237 889 1413
653 343 222 889 1413
10076 1409 211 889 1413
68 764 223 889 1413
10055 1413 216 889 1413
10018 740 224 889 1413
10140 1409 218 890 1414
10158 1408 220 890 1414
182 157 237 890 1414
10055 1414 210 890 1414
10018 741 223 890 1414
10098 1411 209 890 1414
10140 1410 221 891 1415
10158 1409 217 891 1415
182 158 237 891 1415
653 345 223 891 1415
10055 1415 213 891 1415
10018 742 231 891 1415
10140 1411 220 892 1416
10158 1410 215 892 1416
182 159 229 892 1416
653 346 223 892 1416
10018 743 227 892 1416
10098 1413 208 892 1416
10140 1412 219 893 1417
10158 1411 218 893 1417
182 160 231 893 1417
182 161 231 894 1418
10055 1418 211 894 1418
10018 745 231 894 1418
10098 1415 208 894 1418
10158 1413 218 894 1418
182 162 230 895 1419
10076 1415 211 895 1419
10055 1419 212 895 1419
10018 746 227 895 1419
10098 1416 210 895 1419
10158 1414 219 895 1419
182 163 231 896 1420
653 350 221 896 1420
10076 1416 209 896 1420
10055 1420 210 896 1420
10018 747 232 896 1420
10098 1417 209 896 1420
10140 1416 218 896 1420
10158 1415 213 896 1420
182 164 232 897 1421
10158 1421 211 902 1426
182 170 226 902 1426
10004 1423 207 902 1426
10098 1424 207 902 1426
10140 1423 217 902 1426
182 171 229 903 1427
10055 1428 209 903 1427
10018 755 227 903 1427
10140 1424 218 903 1427
10158 1423 212 904 1428
182 172 225 904 1428
10055 1429 210 904 1428
10018 756 222 904 1428
10140 1425 213 904 1428
10158 1424 215 905 1429
182 173 221 905 1429
519 651 223 905 1429
10055 1430 211 905 1429
10018 757 223 905 1429
10140 1426 211 905 1429
10158 1425 225 906 1430
10055 1431 210 906 1430
10018 758 221 906 1430
10140 1427 207 906 1430
10158 1426 213 907 1431
10018 759 218 907 1431
10158 1427 216 908 1432
10018 760 212 908 1432
10140 1429 217 908 1432
10158 1428 216 909 1433
10106 1431 210 909 1433
10076 1430 208 909 1433
10055 1434 219 909 1433
10018 761 228 909 1433
10140 1430 221 909 1433
10055 1435 214 910 1434
10018 762 221 910 1434
10158 1430 208 911 1435
10055 1436 211 911 1435
10018 763 222 911 1435
10140 1432 211 911 1435
10158 1431 209 912 1436
653 367 221 912 1436
169 42 223 912 1436
10018 764 220 912 1436
10018 765 215 913 1437
10004 1435 208 914 1438
10055 1439 217 914 1438
10018 766 227 914 1438
182 183 222 915 1439
10158 1434 218 915 1439
755 740 223 915 1439
519 661 221 915 1439
10076 1436 212 915 1439
10055 1440 219 915 1439
10018 767 216 915 1439
10140 1436 208 915 1439
10158 1435 221 916 1440
182 184 229 916 1440
519 662 231 916 1440
10055 1441 208 916 1440
10018 768 228 916 1440
10140 1437 218 916 1440
10158 1436 219 917 1441
182 185 230 917 1441
10173 1437 208 917 1441
169 47 224 917 1441
10076 1438 211 917 1441
10055 1442 217 917 1441
10018 769 222 917 1441
10140 1438 213 917 1441
10158 1437 213 918 1442
182 186 221 918 1442
169 48 225 918 1442
519 664 224 918 1442
10055 1443 219 918 1442
10018 770 224 918 1442
10140 1439 219 918 1442
10158 1438 218 919 1443
182 187 230 919 1443
10076 1440 209 919 1443
10055 1444 215 919 1443
10018 771 224 919 1443
10140 1440 217 920 1444
10158 1439 218 920 1444
182 188 221 920 1444
755 745 222 920 1444
10106 1442 209 920 1444
169 50 222 920 1444
10144 1440 209 920 1444
714 687 229 920 1444
519 666 224 920 1444
68 796 226 920 1444
10055 1445 227 920 1444
10018 772 219 920 1444
10140 1441 224 921 1445
10084 1439 211 921 1445
10158 1440 217 921 1445
10076 1442 207 921 1445
417 927 225 921 1445
10055 1446 216 921 1445
10018 773 221 921 1445
10098 1443 210 921 1445
10084 1440 219 922 1446
10158 1441 216 922 1446
182 190 224 922 1446
10106 1444 208 922 1446
10004 1443 215 922 1446
10076 1443 212 922 1446
10055 1447 213 922 1446
10018 774 229 922 1446
10098 1444 214 922 1446
10140 1443 213 923 1447
10084 1441 209 923 1447
10158 1442 220 923 1447
10173 1443 209 923 1447
397 127 223 923 1447
10106 1445 214 923 1447
519 669 223 923 1447
10004 1444 207 923 1447
10076 1444 220 923 1447
10055 1448 227 923 1447
10018 775 225 923 1447
10098 1445 208 923 1447
10140 1444 226 924 1448
10106 1446 210 924 1448
739 492 233 924 1448
10004 1445 212 924 1448
10076 1445 213 924 1448
10055 1449 218 924 1448
10018 776 225 924 1448
10098 1446 211 924 1448
10140 1445 219 924 1448
10084 1443 208 925 1449
10158 1444 222 925 1449
10173 1445 213 925 1449
739 493 233 925 1449
10004 1446 224 925 1449
10076 1446 211 925 1449
10018 777 225 925 1449
10140 1446 211 925 1449
10084 1444 217 926 1450
10158 1445 212 926 1450
755 751 222 926 1450
10106 1448 210 926 1450
739 494 235 926 1450
10018 778 210 926 1450
10098 1448 209 926 1450
10140 1447 209 926 1450
10084 1445 228 926 1450
10158 1446 213 927 1451
768 816 243 927 1451
417 933 231 927 1451
10055 1452 208 927 1451
10018 779 221 927 1451
10084 1446 229 927 1451
10158 1447 212 928 1452
714 695 224 928 1452
768 817 224 928 1452
10076 1449 208 928 1452
10055 1453 214 928 1452
10018 780 226 928 1452
10098 1450 227 928 1452
10140 1449 212 928 1452
482 902 224 929 1453
10040 1448 216 929 1453
335 760 224 929 1453
10076 1450 209 929 1453
10078 1453 215 929 1453
10134 1447 211 930 1454
10106 1452 210 930 1454
10040 1449 209 930 1454
768 819 237 930 1454
10106 1453 209 931 1455
10040 1450 227 931 1455
768 820 247 931 1455
10078 1455 221 931 1455
10106 1454 212 932 1456
10040 1451 223 932 1456
768 821 232 932 1456
10078 1456 209 932 1456
10106 1455 223 933 1457
10040 1452 217 933 1457
10078 1457 209 933 1457
10106 1456 216 934 1458
739 502 229 934 1458
768 823 221 934 1458
10078 1458 217 934 1458
10106 1457 207 935 1459
739 503 239 935 1459
10040 1454 222 935 1459
10078 1459 211 935 1459
10040 1455 220 936 1460
739 504 225 936 1460
10076 1457 213 936 1460
10078 1460 212 936 1460
10018 788 210 936 1460
10106 1459 226 937 1461
10040 1456 215 937 1461
768 826 224 937 1461
10018 789 208 937 1461
10106 1460 218 938 1462
10040 1457 219 938 1462
566 759 221 938 1462
10078 1462 217 938 1462
10098 1460 212 938 1462
10018 791 220 939 1463
10084 1458 235 939 1463
92 933 221 940 1464
10084 1459 213 940 1464
739 509 229 941 1465
92 934 223 941 1465
10084 1461 216 942 1466
10055 1468 207 943 1467
10018 795 237 943 1467
10098 1465 213 943 1467
10140 1464 216 943 1467
482 917 226 944 1468
10040 1463 213 944 1468
10076 1465 208 944 1468
10055 1469 223 944 1468
10140 1465 221 944 1468
10158 1464 214 944 1468
10173 1465 237 945 1469
10004 1466 213 945 1469
10076 1466 215 945 1469
10018 797 209 945 1469
10173 1466 238 946 1470
10004 1467 218 946 1470
10076 1467 230 946 1470
10055 1471 208 946 1470
10173 1467 224 947 1471
10106 1469 208 947 1471
10004 1468 215 947 1471
10076 1468 219 947 1471
10055 1472 226 947 1471
10018 799 217 947 1471
294 776 225 948 1472
297 713 231 948 1472
10040 1467 211 948 1472
10004 1469 216 948 1472
10076 1469 210 948 1472
201 947 221 948 1472
10055 1473 209 948 1472
10018 800 223 948 1472
10098 1470 211 948 1472
10140 1469 213 948 1472
10084 1467 227 948 1472
10158 1468 226 948 1472
10018 801 217 949 1473
10084 1468 233 949 1473
10158 1469 213 949 1473
739 518 223 950 1474
10055 1475 207 950 1474
417 956 224 950 1474
10084 1469 236 950 1474
10158 1470 217 950 1474
739 519 223 951 1475
10084 1471 229 952 1476
10158 1472 218 952 1476
182 1 237 953 1477
10018 805 231 953 1477
10098 1475 221 953 1477
10140 1474 216 953 1477
482 927 227 954 1478
201 953 229 954 1478
10018 806 214 954 1478
10098 1476 226 954 1478
10106 1477 213 955 1479
482 928 233 955 1479
10078 1479 210 955 1479
10055 1480 208 955 1479
10018 807 208 955 1479
10098 1477 228 955 1479
10106 1478 210 956 1480
482 929 246 956 1480
10018 808 217 956 1480
10098 1478 223 956 1480
10158 1476 209 956 1480
10055 1482 211 957 1481
10018 809 211 957 1481
10098 1479 228 957 1481
10084 1476 209 957 1481
10106 1480 210 958 1482
10040 1477 211 958 1482
10078 1482 225 958 1482
44 445 229 959 1483
482 932 232 959 1483
10018 811 218 959 1483
10098 1481 238 959 1483
10140 1480 211 959 1483
10084 1478 213 959 1483
10158 1479 208 959 1483
201 959 239 960 1484
10076 1481 209 960 1484
10055 1485 210 960 1484
10018 812 218 960 1484
10098 1482 225 960 1484
10140 1481 213 960 1484
201 960 248 961 1485
10076 1482 211 961 1485
92 954 221 961 1485
10018 813 210 961 1485
10098 1483 227 961 1485
201 961 233 962 1486
92 955 223 962 1486
10018 814 212 962 1486
10098 1484 225 962 1486
10140 1483 211 962 1486
201 962 231 963 1487
16 470 233 963 1487
92 956 221 963 1487
10018 815 222 963 1487
10098 1485 239 963 1487
10140 1484 211 963 1487
10084 1482 208 963 1487
201 963 231 964 1488
10055 1489 208 964 1488
10018 816 219 964 1488
10098 1486 233 964 1488
10140 1485 213 964 1488
10158 1484 208 965 1489
51 998 225 965 1489
201 964 227 965 1489
10018 817 215 965 1489
10098 1487 254 965 1489
10140 1486 223 965 1489
10106 1488 209 966 1490
10076 1487 216 966 1490
756 117 223 966 1490
10078 1490 213 966 1490
10018 818 216 966 1490
10098 1488 224 966 1490
10140 1487 207 966 1490
201 966 231 967 1491
102 793 225 967 1491
16 474 223 967 1491
10018 819 217 967 1491
10098 1489 225 967 1491
10158 1487 209 968 1492
201 967 228 968 1492
10018 820 214 968 1492
10098 1490 223 968 1492
10140 1489 216 968 1492
10158 1488 209 969 1493
706 985 228 969 1493
201 968 225 969 1493
10018 821 210 969 1493
10098 1491 235 969 1493
92 962 224 969 1493
10084 1488 208 969 1493
741 777 239 970 1494
706 986 231 970 1494
201 969 227 970 1494
665 602 221 970 1494
16 477 226 970 1494
10055 1495 211 970 1494
10018 822 211 970 1494
10098 1492 236 970 1494
10140 1491 209 970 1494
10084 1489 212 970 1494
10055 1496 209 971 1495
10018 823 215 971 1495
10098 1493 233 971 1495
10140 1492 211 971 1495
601 807 221 972 1496
201 971 227 972 1496
682 806 225 972 1496
16 479 225 972 1496
10018 824 224 972 1496
10098 1494 231 972 1496
583 2 228 972 1496
189 750 227 972 1496
10084 1491 209 972 1496
10106 1495 209 973 1497
201 972 227 973 1497
16 480 221 973 1497
10055 1498 210 973 1497
10018 825 222 973 1497
92 966 222 973 1497
10098 1495 227 973 1497
10140 1494 219 973 1497
10084 1492 208 973 1497
178 810 225 974 1498
201 973 244 974 1498
10055 1499 207 974 1498
10018 826 224 974 1498
10098 1496 224 974 1498
223 244 224 974 1498
10084 1493 213 975 1499
201 974 221 975 1499
16 482 222 975 1499
10098 1497 233 975 1499
223 245 223 975 1499
10140 1496 208 975 1499
479 696 227 976 1500
597 235 222 976 1500
10018 828 210 976 1500
10098 1498 224 976 1500
92 969 223 976 1500
10140 1497 213 976 1500
98 804 221 977 1501
706 993 235 977 1501
444 816 221 977 1501
631 435 221 977 1501
319 811 221 977 1501
688 200 227 977 1501
201 976 229 977 1501
166 780 227 977 1501
10018 829 224 977 1501
10098 1499 231 977 1501
10140 1498 211 977 1501
788 773 235 978 1502
201 977 233 978 1502
309 242 221 978 1502
16 485 226 978 1502
450 809 223 978 1502
10018 830 208 978 1502
10098 1500 239 978 1502
10140 1499 207 978 1502
220 651 223 978 1502
534 814 221 979 1503
468 810 226 979 1503
788 774 231 979 1503
16 486 241 979 1503
10018 831 211 979 1503
10098 1501 239 979 1503
220 652 231 979 1503
788 775 221 980 1504
201 979 221 980 1504
16 487 226 980 1504
190 586 223 980 1504
381 151 225 980 1504
10018 832 213 980 1504
10098 1502 239 980 1504
435 691 221 980 1504
482 954 221 981 1505
788 776 239 981 1505
166 784 226 981 1505
278 817 222 981 1505
336 95 233 981 1505
401 799 225 981 1505
322 801 225 981 1505
281 7 221 981 1505
10018 833 217 981 1505
10098 1503 237 981 1505
435 692 235 981 1505
64 793 223 982 1506
476 271 222 982 1506
468 813 231 982 1506
278 818 223 982 1506
280 811 233 982 1506
10078 1506 215 982 1506
10018 834 223 982 1506
531 792 221 982 1506
10098 1504 227 982 1506
10084 1501 210 982 1506
706 999 223 983 1507
697 813 225 983 1507
10018 835 222 983 1507
10098 1505 225 983 1507
396 296 225 983 1507
25 782 223 984 1508
523 804 223 984 1508
394 810 235 984 1508
735 448 222 984 1508
415 806 221 984 1508
625 3 225 984 1508
476 273 225 984 1508
284 818 226 984 1508
706 1000 227 984 1508
201 983 248 984 1508
320 68 221 984 1508
10018 836 215 984 1508
10098 1506 231 984 1508
92 977 225 984 1508
394 811 221 985 1509
735 449 229 985 1509
625 4 228 985 1509
284 819 221 985 1509
201 984 227 985 1509
420 671 225 985 1509
490 751 227 985 1509
10018 837 220 985 1509
10098 1507 224 985 1509
625 5 222 986 1510
776 671 231 986 1510
564 555 222 986 1510
366 4 223 986 1510
399 57 223 986 1510
445 805 222 986 1510
16 493 221 986 1510
483 248 223 986 1510
10018 838 220 986 1510
10098 1508 237 986 1510
92 979 222 986 1510
651 818 224 987 1511
776 672 227 987 1511
201 986 238 987 1511
785 809 223 987 1511
209 666 227 987 1511
10018 839 213 987 1511
10098 1509 224 987 1511
10084 1506 211 987 1511
689 251 221 987 1511
629 735 229 988 1512
651 819 223 988 1512
217 822 222 988 1512
201 987 247 988 1512
391 744 225 988 1512
129 828 230 988 1512
10018 840 219 988 1512
10098 1510 223 988 1512
512 800 227 989 1513
370 819 231 989 1513
201 988 227 989 1513
209 668 223 989 1513
10018 841 212 989 1513
10098 1511 231 989 1513
10084 1508 211 989 1513
10023 1506 211 989 1513
295 793 226 990 1514
201 989 225 990 1514
10098 1512 230 990 1514
359 271 231 990 1514
498 399 221 991 1515
399 62 223 991 1515
706 1007 228 991 1515
201 990 247 991 1515
584 734 221 991 1515
256 603 226 991 1515
412 769 223 991 1515
10018 843 215 991 1515
10098 1513 234 991 1515
10140 1512 208 991 1515
10084 1510 212 991 1515
482 965 221 991 1515
201 991 247 992 1516
373 812 229 992 1516
95 506 221 992 1516
10018 844 210 992 1516
10098 1514 234 992 1516
7 812 223 992 1516
314 490 225 992 1516
10023 1509 207 992 1516
482 966 237 992 1516
468 824 221 993 1517
201 992 247 993 1517
57 817 227 993 1517
334 755 236 993 1517
16 500 225 993 1517
10018 845 217 993 1517
10098 1515 225 993 1517
92 986 221 993 1517
593 506 224 993 1517
10084 1512 213 993 1517
567 780 223 993 1517
789 817 223 994 1518
201 993 233 994 1518
320 78 222 994 1518
10018 846 221 994 1518
10098 1516 224 994 1518
10140 1515 210 994 1518
10084 1513 211 994 1518
10023 1511 214 994 1518
10158 1514 207 994 1518
482 968 222 994 1518
201 994 238 995 1519
414 827 226 995 1519
312 814 231 995 1519
634 155 222 995 1519
10018 847 222 995 1519
10098 1517 220 995 1519
10140 1516 212 995 1519
10084 1514 208 995 1519
489 768 222 995 1519
10023 1512 211 995 1519
482 969 229 995 1519
268 714 221 996 1520
706 1012 247 996 1520
312 815 230 996 1520
515 149 221 996 1520
10018 848 221 996 1520
317 6 227 996 1520
10098 1518 234 996 1520
92 989 223 996 1520
10140 1517 213 996 1520
482 970 225 996 1520
706 1013 232 997 1521
421 49 224 997 1521
16 504 229 997 1521
10055 1522 208 997 1521
10018 849 219 997 1521
10098 1519 237 997 1521
10084 1516 210 997 1521
10158 1517 207 997 1521
201 997 223 998 1522
738 764 223 998 1522
16 505 227 998 1522
10018 850 221 998 1522
10098 1520 223 998 1522
10140 1519 209 998 1522
777 821 231 999 1523
10076 1520 209 999 1523
10055 1524 212 999 1523
10018 851 219 999 1523
10098 1521 235 999 1523
110 106 222 999 1523
10140 1520 210 999 1523
10084 1518 208 999 1523
779 796 229 1000 1524
201 999 222 1000 1524
457 833 223 1000 1524
16 507 227 1000 1524
10018 852 219 1000 1524
10098 1522 220 1000 1524
10140 1521 209 1000 1524
10158 1520 210 1000 1524
779 797 231 1001 1525
201 1000 224 1001 1525
16 508 225 1001 1525
10018 853 221 1001 1525
10098 1523 223 1001 1525
92 994 221 1001 1525
10158 1521 208 1001 1525
336 116 225 1002 1526
16 509 231 1002 1526
10018 854 219 1002 1526
670 388 230 1002 1526
239 830 224 1002 1526
482 976 222 1002 1526
10018 855 212 1003 1527
10098 1525 244 1003 1527
220 676 231 1003 1527
537 820 221 1003 1527
16 511 226 1004 1528
10018 856 217 1004 1528
10098 1526 233 1004 1528
10140 1525 212 1004 1528
201 1004 243 1005 1529
457 838 223 1005 1529
16 512 226 1005 1529
626 126 221 1005 1529
10055 1530 212 1005 1529
10018 857 214 1005 1529
10098 1527 232 1005 1529
10140 1526 216 1005 1529
201 1005 235 1006 1530
10018 858 210 1006 1530
10084 1525 232 1006 1530
10158 1526 209 1006 1530
10018 859 209 1007 1531
10084 1526 231 1007 1531
10084 1527 207 1008 1532
643 612 238 1010 1534
10084 1529 207 1010 1534
10084 1530 233 1011 1535
10158 1531 210 1011 1535
10084 1531 223 1012 1536
10076 1534 209 1013 1537
10018 865 210 1013 1537
10098 1535 208 1013 1537
10084 1532 223 1013 1537
10158 1533 218 1013 1537
346 641 221 1013 1537
182 50 225 1014 1538
10018 866 219 1014 1538
10140 1535 210 1014 1538
10084 1533 219 1014 1538
10158 1534 213 1014 1538
51 1048 227 1014 1538
182 51 229 1015 1539
90 222 223 1015 1539
643 617 235 1015 1539
44 502 242 1015 1539
10084 1534 213 1015 1539
10158 1535 217 1015 1539
182 52 221 1016 1540
10140 1537 211 1016 1540
10084 1535 223 1016 1540
10158 1536 210 1016 1540
615 831 230 1016 1540
50 835 237 1017 1541
171 99 223 1017 1541
10055 1542 212 1017 1541
10018 869 223 1017 1541
643 619 233 1017 1541
10084 1536 233 1017 1541
10158 1537 212 1017 1541
10018 870 217 1018 1542
10140 1539 217 1018 1542
44 505 221 1018 1542
10084 1537 219 1018 1542
643 620 222 1018 1542
10158 1538 215 1018 1542
182 55 245 1019 1543
10018 871 216 1019 1543
10018 875 216 1023 1547
10098 1545 211 1023 1547
417 1029 223 1023 1547
10140 1544 211 1023 1547
10084 1542 230 1023 1547
10158 1543 220 1023 1547
705 950 232 1023 1547
10018 876 207 1024 1548
10084 1543 210 1024 1548
10084 1544 213 1025 1549
10023 1542 209 1025 1549
10084 1545 220 1026 1550
10023 1543 208 1026 1550
10084 1546 221 1027 1551
10084 1547 218 1028 1552
10084 1548 220 1029 1553
10084 1549 219 1030 1554
10084 1550 217 1031 1555
10084 1551 217 1032 1556
10084 1552 219 1033 1557
10084 1553 220 1034 1558
10084 1554 209 1035 1559
10084 1555 219 1036 1560
10084 1556 213 1037 1561
417 1044 222 1038 1562
10084 1558 210 1039 1563
10084 1559 210 1040 1564
10084 1560 209 1041 1565
10084 1561 214 1042 1566
10158 1563 209 1043 1567
10084 1563 210 1044 1568
10084 1564 231 1045 1569
51 1079 238 1045 1569
10158 1565 213 1045 1569
51 1080 229 1046 1570
10055 1573 209 1047 1571
10018 900 220 1048 1572
10140 1569 212 1048 1572
10084 1567 212 1048 1572
10158 1568 231 1048 1572
705 975 229 1048 1572
10076 1572 210 1050 1574
10018 903 221 1050 1574
10098 1573 210 1051 1575
10140 1572 210 1051 1575
10084 1570 227 1051 1575
10158 1571 208 1051 1575
44 538 230 1051 1575
51 1088 227 1054 1578
51 1094 223 1060 1584
51 1095 227 1061 1585
51 1096 227 1062 1586
44 549 229 1062 1586
51 1097 233 1063 1587
44 550 227 1063 1587
51 1098 221 1064 1588
44 551 228 1064 1588
51 1099 241 1065 1589
44 552 235 1065 1589
51 1100 227 1066 1590
44 553 233 1066 1590
51 1101 222 1067 1591
44 554 237 1067 1591
51 1102 221 1068 1592
417 1076 224 1069 1593
417 1078 246 1071 1595
417 1079 225 1072 1596
417 1080 222 1073 1597
417 1081 227 1074 1598
10084 1595 222 1076 1600
44 563 227 1076 1600
10084 1596 224 1077 1601
44 564 221 1077 1601
10084 1597 227 1078 1602
10158 1598 215 1078 1602
44 565 225 1078 1602
10084 1598 216 1079 1603
44 566 224 1079 1603
10084 1599 217 1080 1604
10084 1600 219 1081 1605
10084 1601 217 1082 1606
10018 935 212 1082 1606
643 685 221 1083 1607
10084 1602 226 1083 1607
739 654 233 1085 1609
51 1120 224 1086 1610
739 655 238 1086 1610
739 656 221 1087 1611
51 1122 232 1088 1612
739 659 223 1090 1614
739 660 221 1091 1615
92 1085 235 1092 1616
10084 1611 211 1092 1616
739 661 231 1092 1616
92 1086 225 1093 1617
10098 1616 208 1094 1618
10084 1613 218 1094 1618
693 86 223 1094 1618
44 581 227 1094 1618
10018 947 212 1095 1619
10084 1614 209 1095 1619
10158 1615 209 1095 1619
693 87 237 1095 1619
44 582 235 1095 1619
739 664 227 1095 1619
768 985 235 1095 1619
10084 1615 224 1096 1620
10158 1616 209 1096 1620
693 88 233 1096 1620
44 583 229 1096 1620
693 90 227 1098 1622
44 585 231 1098 1622
768 988 226 1098 1622
10084 1618 218 1099 1623
10084 1619 216 1100 1624
10084 1620 216 1101 1625
10084 1621 217 1102 1626
10084 1622 209 1103 1627
10084 1623 209 1104 1628
10084 1624 220 1105 1629
10084 1625 211 1106 1630
10084 1626 209 1107 1631
10084 1627 218 1108 1632
10018 961 208 1108 1632
10140 1630 210 1109 1633
10084 1628 227 1109 1633
10158 1629 211 1109 1633
768 999 235 1109 1633
10084 1629 219 1110 1634
10084 1630 218 1111 1635
10084 1631 218 1112 1636
10084 1632 217 1113 1637
10084 1633 210 1114 1638
768 1004 243 1114 1638
10018 967 220 1114 1638
10140 1636 209 1114 1638
643 717 231 1114 1638
10084 1634 243 1114 1638
768 1005 235 1115 1639
10018 968 219 1115 1639
10140 1637 214 1115 1639
10084 1635 242 1115 1639
706 97 224 1116 1640
10018 969 218 1116 1640
10098 1639 210 1116 1640
10084 1636 241 1116 1640
643 719 229 1116 1640
10158 1637 211 1117 1641
768 1007 223 1117 1641
10055 1643 209 1117 1641
10140 1639 209 1117 1641
10084 1637 236 1117 1641
643 720 234 1118 1642
10158 1638 209 1118 1642
768 1008 234 1118 1642
10018 971 212 1118 1642
10140 1640 210 1118 1642
10084 1638 243 1118 1642
643 721 231 1119 1643
768 1009 233 1119 1643
10055 1645 209 1119 1643
10018 972 210 1119 1643
10098 1642 210 1119 1643
10140 1641 207 1119 1643
10084 1639 227 1119 1643
10158 1640 209 1119 1643
768 1010 231 1120 1644
768 1011 231 1121 1645
10018 975 225 1122 1646
10140 1644 210 1122 1646
10084 1642 229 1122 1646
643 725 223 1122 1646
10158 1643 208 1123 1647
10084 1643 223 1123 1647
10055 1650 210 1124 1648
10018 977 210 1124 1648
10084 1644 235 1124 1648
643 727 221 1124 1648
10158 1645 209 1125 1649
51 1164 226 1129 1653
693 123 222 1131 1655
693 124 223 1132 1656
768 1022 234 1132 1656
693 125 233 1133 1657
768 1023 225 1133 1657
768 1025 229 1135 1659
768 1026 227 1136 1660
10084 1657 226 1137 1661
10018 995 209 1142 1666
10084 1662 224 1142 1666
10018 996 212 1143 1667
10084 1663 227 1143 1667
10158 1664 210 1143 1667
10055 1670 209 1144 1668
10084 1664 231 1144 1668
768 1035 235 1145 1669
10018 998 211 1145 1669
10098 1668 223 1145 1669
10140 1667 210 1145 1669
10084 1665 215 1145 1669
220 819 223 1145 1669
768 1036 229 1146 1670
10140 1668 209 1146 1670
10084 1666 223 1146 1670
10158 1667 209 1146 1670
768 1037 233 1147 1671
10084 1667 215 1147 1671
10140 1671 210 1149 1673
10084 1669 225 1149 1673
10158 1670 209 1149 1673
10018 1003 209 1150 1674
10084 1670 235 1150 1674
10158 1671 208 1150 1674
10084 1671 212 1151 1675
10084 1672 226 1152 1676
10018 1006 219 1153 1677
10084 1673 211 1153 1677
10084 1674 219 1154 1678
10158 1675 210 1154 1678
10140 1677 209 1155 1679
10084 1675 229 1155 1679
10084 1676 225 1156 1680
10158 1677 207 1156 1680
10055 1683 207 1157 1681
10018 1010 212 1157 1681
10140 1679 215 1157 1681
10084 1677 235 1157 1681
10158 1678 212 1157 1681
10173 1679 209 1158 1682
10018 1011 227 1158 1682
10098 1681 215 1158 1682
10084 1678 218 1158 1682
44 646 237 1158 1682
10018 1012 223 1159 1683
10140 1681 211 1159 1683
10084 1679 223 1159 1683
44 647 245 1159 1683
10158 1680 212 1159 1683
10018 1013 223 1160 1684
10140 1682 208 1160 1684
51 1195 222 1160 1684
10084 1680 217 1160 1684
10158 1681 217 1160 1684
10055 1687 208 1161 1685
10018 1014 221 1161 1685
10140 1683 218 1161 1685
10084 1681 228 1161 1685
10158 1682 221 1161 1685
10055 1688 209 1162 1686
10018 1015 214 1162 1686
10098 1685 210 1162 1686
10140 1684 218 1162 1686
10084 1682 229 1162 1686
51 1197 223 1162 1686
10158 1683 217 1162 1686
10018 1016 211 1163 1687
10098 1686 225 1163 1687
10140 1685 225 1163 1687
10158 1684 211 1163 1687
10106 1687 222 1164 1688
10040 1684 231 1164 1688
10076 1686 209 1164 1688
768 1054 235 1164 1688
10078 1689 226 1164 1688
10106 1688 223 1165 1689
10040 1685 210 1165 1689
10076 1687 211 1165 1689
10055 1691 216 1165 1689
10018 1018 228 1165 1689
10140 1687 208 1165 1689
10084 1685 215 1165 1689
10158 1686 210 1165 1689
10018 1019 217 1166 1690
10084 1686 212 1166 1690
10158 1687 219 1166 1690
10018 1020 212 1167 1691
10140 1689 209 1167 1691
10084 1687 212 1167 1691
10158 1688 219 1167 1691
10018 1021 211 1168 1692
10140 1690 214 1168 1692
10084 1688 210 1168 1692
10158 1689 221 1168 1692
10140 1691 209 1169 1693
44 657 223 1169 1693
10084 1689 239 1169 1693
10158 1690 209 1169 1693
727 115 222 1171 1695
727 116 233 1172 1696
10055 1699 220 1173 1697
10018 1026 223 1173 1697
10098 1696 216 1173 1697
10140 1695 208 1173 1697
10084 1693 223 1173 1697
10158 1694 209 1173 1697
10018 1027 221 1174 1698
10098 1697 219 1174 1698
10084 1694 227 1174 1698
10158 1695 208 1174 1698
10055 1701 215 1175 1699
10018 1028 230 1175 1699
10098 1698 222 1175 1699
10158 1696 213 1175 1699
10106 1699 209 1176 1700
10040 1696 228 1176 1700
10078 1701 214 1176 1700
10055 1702 211 1176 1700
10018 1029 211 1176 1700
10106 1700 212 1177 1701
482 93 227 1177 1701
10040 1697 208 1177 1701
10078 1702 215 1177 1701
10098 1700 207 1177 1701
10040 1698 224 1178 1702
10078 1703 223 1178 1702
10106 1702 208 1179 1703
10078 1704 212 1179 1703
10084 1700 208 1180 1704
44 668 224 1180 1704
10084 1701 211 1181 1705
10018 1036 216 1183 1707
44 671 223 1183 1707
10084 1703 224 1183 1707
10158 1704 209 1183 1707
10084 1704 208 1184 1708
51 1219 233 1184 1708
10018 1038 212 1185 1709
44 673 222 1185 1709
10140 1707 211 1185 1709
10084 1705 235 1185 1709
10158 1706 211 1185 1709
10018 1039 210 1186 1710
10084 1706 233 1186 1710
10158 1707 209 1186 1710
10018 1040 208 1187 1711
44 675 227 1187 1711
10140 1709 210 1187 1711
10084 1707 239 1187 1711
10158 1708 216 1187 1711
727 132 227 1188 1712
10076 1710 210 1188 1712
10055 1714 209 1188 1712
10018 1041 212 1188 1712
10098 1711 213 1188 1712
10140 1710 214 1188 1712
10084 1708 224 1188 1712
10158 1709 222 1188 1712
10055 1715 211 1189 1713
10018 1042 219 1189 1713
10098 1712 209 1189 1713
10140 1711 209 1189 1713
10084 1709 214 1189 1713
10158 1710 219 1189 1713
643 792 229 1190 1714
10055 1716 225 1190 1714
633 1007 223 1190 1714
10018 1043 226 1190 1714
10140 1712 211 1190 1714
10084 1710 217 1190 1714
10158 1711 213 1190 1714
643 793 221 1191 1715
10055 1717 210 1191 1715
10018 1044 226 1191 1715
10098 1714 212 1191 1715
44 679 221 1191 1715
10140 1713 220 1191 1715
10084 1711 231 1191 1715
10158 1712 211 1191 1715
643 794 221 1192 1716
10018 1045 217 1192 1716
10140 1714 216 1192 1716
10084 1712 227 1192 1716
51 1227 223 1192 1716
10158 1713 225 1192 1716
10018 1046 212 1193 1717
44 681 230 1193 1717
10140 1715 211 1193 1717
10084 1713 226 1193 1717
10158 1714 223 1193 1717
643 796 227 1194 1718
739 763 243 1194 1718
10018 1047 221 1194 1718
10084 1714 233 1194 1718
10158 1715 227 1194 1718
10018 1048 217 1195 1719
10084 1715 225 1195 1719
51 1230 224 1195 1719
10158 1716 218 1195 1719
44 684 223 1196 1720
10055 1722 208 1196 1720
10018 1049 213 1196 1720
10140 1718 213 1196 1720
10084 1716 222 1196 1720
10158 1717 217 1196 1720
10140 1719 217 1197 1721
10084 1717 224 1197 1721
10158 1718 220 1197 1721
643 800 235 1198 1722
10018 1051 219 1198 1722
10140 1720 209 1198 1722
10084 1718 229 1198 1722
10158 1719 211 1198 1722
10018 1052 212 1199 1723
10140 1721 221 1199 1723
10084 1719 221 1199 1723
10158 1720 208 1199 1723
643 802 223 1200 1724
10018 1053 210 1200 1724
10140 1722 208 1200 1724
10084 1720 219 1200 1724
10158 1721 219 1200 1724
10018 1054 213 1201 1725
10140 1723 223 1201 1725
10084 1721 224 1201 1725
10018 1055 211 1202 1726
10140 1724 211 1202 1726
10084 1722 213 1202 1726
10158 1723 229 1202 1726
10140 1725 213 1203 1727
10084 1723 220 1203 1727
10158 1724 228 1203 1727
705 1132 224 1204 1728
10140 1726 213 1204 1728
10084 1724 223 1204 1728
10158 1725 217 1204 1728
10010 1722 209 1205 1729
10018 1058 211 1205 1729
10140 1727 208 1205 1729
10084 1725 227 1205 1729
10158 1726 225 1205 1729
44 694 236 1206 1730
10055 1732 208 1206 1730
10018 1059 209 1206 1730
10098 1729 210 1206 1730
10140 1728 222 1206 1730
10084 1726 223 1206 1730
10158 1727 215 1206 1730
10018 1060 209 1207 1731
10084 1727 219 1207 1731
51 1243 231 1208 1732
10084 1729 225 1209 1733
10158 1730 212 1209 1733
44 698 224 1210 1734
10055 1736 210 1210 1734
10018 1063 221 1210 1734
10098 1733 215 1210 1734
10084 1730 223 1210 1734
10158 1731 221 1210 1734
44 699 228 1211 1735
10055 1737 209 1211 1735
10018 1064 223 1211 1735
10098 1734 213 1211 1735
10140 1733 214 1211 1735
10084 1731 214 1211 1735
10158 1732 222 1211 1735
643 814 236 1212 1736
10018 1065 218 1212 1736
10140 1734 219 1212 1736
10084 1732 223 1212 1736
10158 1733 223 1212 1736
643 815 227 1213 1737
10018 1066 215 1213 1737
10098 1736 210 1213 1737
10140 1735 208 1213 1737
10084 1733 215 1213 1737
10158 1734 213 1213 1737
643 816 237 1214 1738
10018 1067 209 1214 1738
10098 1737 214 1214 1738
10140 1736 210 1214 1738
10084 1734 228 1214 1738
10158 1735 211 1214 1738
643 817 225 1215 1739
10084 1735 210 1215 1739
10084 1737 213 1217 1741
10084 1738 221 1218 1742
51 1253 241 1218 1742
10158 1739 209 1218 1742
705 1147 225 1219 1743
10084 1739 217 1219 1743
51 1254 226 1219 1743
201 1220 235 1220 1744
706 201 222 1220 1744
10018 1074 214 1221 1745
10140 1743 218 1221 1745
10084 1741 235 1221 1745
10158 1742 217 1221 1745
10018 1075 214 1222 1746
10098 1745 213 1222 1746
10140 1744 209 1222 1746
10084 1742 225 1222 1746
706 203 223 1222 1746
10158 1743 219 1222 1746
10140 1745 208 1223 1747
10084 1743 223 1223 1747
10158 1744 210 1223 1747
10084 1744 218 1224 1748
10158 1745 210 1224 1748
10018 1078 210 1225 1749
10084 1745 221 1225 1749
10158 1746 211 1225 1749
10055 1752 213 1226 1750
10018 1079 231 1226 1750
10140 1748 209 1226 1750
10084 1746 237 1226 1750
643 829 221 1227 1751
10140 1749 211 1227 1751
10084 1747 225 1227 1751
10055 1754 219 1228 1752
10018 1081 233 1228 1752
10140 1750 211 1228 1752
10084 1748 223 1228 1752
10158 1749 209 1228 1752
10106 1752 208 1229 1753
10004 1751 211 1229 1753
44 16 222 1229 1753
10055 1755 209 1229 1753
10018 1082 223 1229 1753
10098 1752 215 1229 1753
10140 1751 213 1229 1753
10084 1749 219 1229 1753
10158 1750 211 1229 1753
44 17 228 1230 1754
10018 1083 221 1230 1754
10140 1752 217 1230 1754
10158 1751 213 1230 1754
482 147 224 1231 1755
10040 1751 217 1231 1755
10078 1756 212 1231 1755
575 335 245 1231 1755
10106 1755 219 1232 1756
10040 1752 225 1232 1756
44 19 223 1232 1756
10078 1757 213 1232 1756
575 336 242 1232 1756
10106 1756 212 1233 1757
10040 1753 216 1233 1757
10078 1758 209 1233 1757
575 337 239 1233 1757
10106 1757 210 1234 1758
10040 1754 225 1234 1758
10076 1756 208 1234 1758
10055 1760 211 1234 1758
575 338 225 1234 1758
643 837 240 1235 1759
10106 1758 216 1235 1759
16 743 225 1235 1759
10040 1755 222 1235 1759
10078 1760 218 1235 1759
10018 1088 211 1235 1759
10106 1759 210 1236 1760
10040 1756 209 1236 1760
10076 1758 207 1236 1760
10078 1761 214 1236 1760
575 340 247 1236 1760
10106 1760 213 1237 1761
10040 1757 213 1237 1761
10076 1759 208 1237 1761
706 218 223 1237 1761
10106 1761 213 1238 1762
727 182 240 1238 1762
10040 1758 213 1238 1762
10076 1760 208 1238 1762
10078 1763 212 1238 1762
10106 1762 215 1239 1763
727 183 249 1239 1763
10040 1759 218 1239 1763
10078 1764 208 1239 1763
10106 1763 214 1240 1764
693 44 227 1240 1764
727 184 235 1240 1764
10040 1760 218 1240 1764
10076 1762 209 1240 1764
727 185 235 1241 1765
10040 1761 209 1241 1765
768 1131 229 1241 1765
44 28 227 1241 1765
10106 1765 213 1242 1766
727 186 247 1242 1766
10078 1767 208 1242 1766
44 29 233 1242 1766
10055 1768 208 1242 1766
10106 1766 213 1243 1767
693 47 227 1243 1767
727 187 229 1243 1767
10040 1763 210 1243 1767
768 1133 224 1243 1767
10078 1768 209 1243 1767
44 30 231 1243 1767
10106 1767 211 1244 1768
693 48 227 1244 1768
10040 1764 216 1244 1768
10076 1766 209 1244 1768
10078 1769 212 1244 1768
44 31 233 1244 1768
10055 1770 210 1244 1768
693 49 236 1245 1769
10040 1765 217 1245 1769
10078 1770 211 1245 1769
44 32 233 1245 1769
693 50 239 1246 1770
727 190 232 1246 1770
10040 1766 217 1246 1770
10078 1771 212 1246 1770
44 33 231 1246 1770
693 51 236 1247 1771
727 191 226 1247 1771
10040 1767 218 1247 1771
44 34 239 1247 1771
693 52 226 1248 1772
727 192 225 1248 1772
10040 1768 219 1248 1772
10078 1773 211 1248 1772
44 35 229 1248 1772
10106 1772 210 1249 1773
693 53 239 1249 1773
727 193 223 1249 1773
10040 1769 219 1249 1773
182 1 235 1249 1773
10078 1774 209 1249 1773
44 36 231 1249 1773
10106 1773 212 1250 1774
693 54 235 1250 1774
727 194 237 1250 1774
10040 1770 220 1250 1774
182 2 229 1250 1774
44 37 237 1250 1774
10106 1774 211 1251 1775
693 55 229 1251 1775
727 195 223 1251 1775
10040 1771 222 1251 1775
10078 1776 210 1251 1775
44 38 229 1251 1775
693 56 233 1252 1776
10040 1772 223 1252 1776
727 196 225 1252 1776
10078 1777 209 1252 1776
182 4 238 1252 1776
44 39 233 1252 1776
10040 1773 223 1253 1777
727 197 226 1253 1777
10078 1778 209 1253 1777
182 5 238 1253 1777
44 40 231 1253 1777
693 58 225 1254 1778
727 198 226 1254 1778
10040 1774 219 1254 1778
10078 1779 209 1254 1778
182 6 237 1254 1778
693 59 239 1255 1779
727 199 229 1255 1779
10040 1775 222 1255 1779
10078 1780 209 1255 1779
182 7 225 1255 1779
44 42 241 1255 1779
693 60 238 1256 1780
727 200 222 1256 1780
10040 1776 217 1256 1780
182 8 245 1256 1780
10106 1780 222 1257 1781
10040 1777 209 1257 1781
768 1147 232 1257 1781
10076 1779 209 1257 1781
10055 1783 212 1257 1781
10018 1110 221 1257 1781
10098 1780 231 1257 1781
201 1257 227 1257 1781
10084 1777 211 1257 1781
10076 1780 210 1258 1782
10078 1783 210 1258 1782
182 10 221 1258 1782
10106 1782 215 1259 1783
693 63 226 1259 1783
727 203 222 1259 1783
10040 1779 217 1259 1783
182 11 221 1259 1783
44 46 229 1259 1783
10106 1783 219 1260 1784
16 768 227 1260 1784
693 64 226 1260 1784
10040 1780 219 1260 1784
727 204 221 1260 1784
182 12 221 1260 1784
44 47 223 1260 1784
51 1295 240 1260 1784
643 863 223 1261 1785
10106 1784 210 1261 1785
16 769 223 1261 1785
693 65 243 1261 1785
10040 1781 229 1261 1785
182 13 223 1261 1785
44 48 233 1261 1785
10106 1785 214 1262 1786
643 864 224 1262 1786
10040 1782 224 1262 1786
727 206 221 1262 1786
768 1152 224 1262 1786
182 14 223 1262 1786
10078 1787 213 1262 1786
44 49 236 1262 1786
10055 1788 211 1262 1786
51 1297 231 1262 1786
16 771 227 1263 1787
643 865 231 1263 1787
10040 1783 220 1263 1787
10076 1785 209 1263 1787
182 15 227 1263 1787
44 50 233 1263 1787
10098 1786 210 1263 1787
51 1298 235 1263 1787
16 772 223 1264 1788
643 866 237 1264 1788
693 68 226 1264 1788
10040 1784 221 1264 1788
44 51 247 1264 1788
51 1299 223 1264 1788
10040 1785 230 1265 1789
182 17 221 1265 1789
10078 1790 212 1265 1789
10106 1789 209 1266 1790
10040 1786 230 1266 1790
768 1156 222 1266 1790
643 869 221 1267 1791
10040 1787 221 1267 1791
16 776 223 1268 1792
10106 1791 209 1268 1792
10040 1788 209 1268 1792
182 20 223 1268 1792
10078 1793 209 1268 1792
44 55 222 1268 1792
51 1303 226 1268 1792
10040 1789 221 1269 1793
10106 1793 208 1270 1794
643 872 221 1270 1794
10040 1790 215 1270 1794
182 22 223 1270 1794
10106 1794 213 1271 1795
10040 1791 220 1271 1795
768 1161 225 1271 1795
705 1199 224 1271 1795
10106 1796 213 1273 1797
739 56 224 1273 1797
10040 1793 219 1273 1797
768 1163 231 1273 1797
705 1201 233 1273 1797
182 25 227 1273 1797
10078 1798 213 1273 1797
10106 1797 210 1274 1798
739 57 233 1274 1798
10040 1794 212 1274 1798
768 1164 233 1274 1798
705 1202 238 1274 1798
10040 1795 223 1275 1799
706 256 221 1276 1800
727 220 223 1276 1800
10040 1796 225 1276 1800
693 80 231 1276 1800
16 785 225 1277 1801
727 221 225 1277 1801
10040 1797 226 1277 1801
10106 1801 213 1278 1802
482 194 226 1278 1802
693 82 221 1278 1802
10040 1798 211 1278 1802
10076 1800 209 1278 1802
768 1168 221 1278 1802
10106 1802 213 1279 1803
482 195 221 1279 1803
10040 1799 210 1279 1803
10076 1801 209 1279 1803
768 1169 229 1279 1803
705 1207 225 1279 1803
10106 1803 213 1280 1804
482 196 224 1280 1804
10040 1800 211 1280 1804
10076 1802 211 1280 1804
768 1170 236 1280 1804
10106 1804 213 1281 1805
16 789 223 1281 1805
482 197 221 1281 1805
10040 1801 218 1281 1805
768 1171 230 1281 1805
705 1209 228 1281 1805
10078 1806 208 1281 1805
10055 1807 209 1282 1806
10106 1805 218 1282 1806
10040 1802 215 1282 1806
10076 1804 210 1282 1806
768 1172 227 1282 1806
705 1210 235 1282 1806
10055 1808 208 1283 1807
10106 1806 214 1283 1807
10040 1803 210 1283 1807
768 1173 225 1283 1807
10076 1805 211 1283 1807
705 1211 233 1283 1807
10055 1809 208 1284 1808
706 264 221 1284 1808
10106 1807 215 1284 1808
768 1174 234 1284 1808
10076 1806 210 1284 1808
705 1212 226 1284 1808
10078 1809 215 1284 1808
706 265 222 1285 1809
10106 1808 209 1285 1809
739 68 221 1285 1809
693 89 223 1285 1809
768 1175 222 1285 1809
10076 1807 208 1285 1809
705 1213 231 1285 1809
10055 1811 208 1286 1810
706 266 222 1286 1810
10106 1809 212 1286 1810
10040 1806 210 1286 1810
768 1176 236 1286 1810
10076 1808 208 1286 1810
705 1214 229 1286 1810
706 267 223 1287 1811
10106 1810 209 1287 1811
768 1177 235 1287 1811
705 1215 223 1287 1811
10055 1813 208 1288 1812
10106 1811 216 1288 1812
739 71 221 1288 1812
10040 1808 210 1288 1812
10076 1810 211 1288 1812
768 1178 227 1288 1812
768 1179 225 1289 1813
739 73 229 1290 1814
768 1180 227 1290 1814
705 1218 222 1290 1814
10055 1816 208 1291 1815
10106 1814 210 1291 1815
10040 1811 212 1291 1815
10076 1813 209 1291 1815
768 1181 236 1291 1815
705 1219 224 1291 1815
10055 1817 209 1292 1816
706 272 223 1292 1816
10106 1815 212 1292 1816
10040 1812 208 1292 1816
10076 1814 210 1292 1816
768 1182 233 1292 1816
10055 1818 210 1293 1817
706 273 225 1293 1817
10106 1816 217 1293 1817
739 76 225 1293 1817
482 209 223 1293 1817
10040 1813 212 1293 1817
693 97 221 1293 1817
10076 1815 210 1293 1817
44 80 225 1294 1818
51 1328 225 1294 1818
10106 1817 217 1294 1818
739 77 225 1294 1818
482 210 224 1294 1818
10040 1814 211 1294 1818
10076 1816 210 1294 1818
768 1184 233 1294 1818
10078 1819 208 1295 1819
10106 1819 211 1296 1820
768 1186 225 1296 1820
705 1224 236 1296 1820
10078 1821 207 1297 1821
10106 1820 214 1297 1821
10040 1817 211 1297 1821
768 1187 226 1297 1821
705 1225 235 1297 1821
10078 1822 214 1298 1822
10040 1818 215 1298 1822
768 1188 229 1298 1822
705 1226 234 1298 1822
10078 1823 213 1299 1823
10106 1822 218 1299 1823
10040 1819 218 1299 1823
705 1227 227 1299 1823
10078 1824 211 1300 1824
10106 1823 219 1300 1824
10040 1820 213 1300 1824
705 1228 241 1300 1824
10078 1825 213 1301 1825
706 281 222 1301 1825
10106 1825 208 1302 1826
10040 1822 219 1302 1826
10106 1826 208 1303 1827
705 1231 227 1303 1827
768 1193 226 1303 1827
10106 1827 208 1304 1828
10040 1824 217 1304 1828
693 108 223 1304 1828
705 1232 229 1304 1828
182 56 221 1305 1829
10106 1828 212 1305 1829
705 1233 226 1305 1829
10078 1830 208 1306 1830
182 57 221 1306 1830
10106 1829 209 1306 1830
16 814 222 1306 1830
10040 1826 213 1306 1830
10055 1832 207 1307 1831
10040 1827 208 1307 1831
10040 1828 213 1308 1832
10055 1834 208 1309 1833
768 1199 223 1309 1833
705 1237 235 1309 1833
10040 1830 213 1310 1834
10076 1832 209 1310 1834
705 1238 225 1310 1834
768 1200 238 1310 1834
10078 1835 207 1311 1835
10040 1831 214 1311 1835
705 1239 230 1311 1835
768 1201 231 1311 1835
10078 1836 208 1312 1836
10040 1832 213 1312 1836
705 1240 230 1312 1836
768 1202 230 1312 1836
10040 1833 211 1313 1837
693 117 221 1313 1837
768 1203 223 1313 1837
10078 1838 210 1314 1838
10106 1837 213 1314 1838
643 916 221 1314 1838
10040 1834 209 1314 1838
10078 1839 211 1315 1839
739 98 221 1315 1839
705 1243 222 1315 1839
643 918 223 1316 1840
739 99 233 1316 1840
10040 1836 211 1316 1840
10040 1837 221 1317 1841
705 1245 224 1317 1841
10040 1838 212 1318 1842
10078 1843 208 1319 1843
10106 1842 209 1319 1843
10106 1844 211 1321 1845
739 104 221 1321 1845
10040 1841 216 1321 1845
705 1249 227 1321 1845
10078 1846 217 1322 1846
739 105 230 1322 1846
10040 1842 210 1322 1846
768 1212 225 1322 1846
705 1250 227 1322 1846
10078 1847 212 1323 1847
10018 1175 208 1323 1847
739 106 221 1323 1847
10040 1843 217 1323 1847
705 1251 227 1323 1847
10078 1848 210 1324 1848
10040 1844 209 1324 1848
10040 1845 212 1325 1849
10106 1849 217 1326 1850
10078 1851 213 1327 1851
739 110 221 1327 1851
10040 1847 213 1327 1851
705 1255 224 1327 1851
10078 1852 212 1328 1852
739 111 231 1328 1852
10040 1848 216 1328 1852
693 132 221 1328 1852
768 1218 227 1328 1852
705 1256 227 1328 1852
10040 1849 207 1329 1853
10106 1853 211 1330 1854
705 1259 225 1331 1855
10040 1852 211 1332 1856
10040 1853 211 1333 1857
693 137 221 1333 1857
44 120 221 1333 1857
768 1224 222 1334 1858
705 1262 225 1334 1858
44 121 223 1334 1858
182 86 223 1335 1859
739 118 224 1335 1859
10040 1855 208 1335 1859
705 1263 221 1335 1859
10078 1860 208 1336 1860
182 87 224 1336 1860
10040 1856 208 1336 1860
10040 1858 209 1338 1862
693 142 223 1338 1862
643 941 229 1339 1863
10106 1862 211 1339 1863
643 942 229 1340 1864
10040 1860 208 1340 1864
693 144 221 1340 1864
10040 1861 210 1341 1865
295 17 223 1342 1866
10106 1865 210 1342 1866
10040 1862 219 1342 1866
705 1270 224 1342 1866
10078 1867 213 1342 1866
10106 1866 223 1343 1867
10040 1863 210 1343 1867
10040 1864 223 1344 1868
10018 1197 227 1345 1869
10098 1867 221 1345 1869
10040 1865 217 1345 1869
473 40 223 1345 1869
