10136 696 237 0 707
10121 699 216 0 707
10122 698 210 0 707
10096 699 225 0 707
52 6 223 0 707
374 13 221 0 707
10135 701 211 0 707
10136 697 242 1 708
173 15 222 1 708
46 7 224 1 708
38 9 222 1 708
10121 700 221 1 708
10122 699 210 1 708
10096 700 213 1 708
10136 698 218 2 709
38 10 227 2 709
10121 701 211 2 709
196 7 227 2 709
10122 700 213 2 709
10096 701 227 2 709
374 15 230 2 709
10136 699 235 3 710
38 11 226 3 710
10121 702 216 3 710
196 8 224 3 710
10122 701 216 3 710
10096 702 215 3 710
52 9 225 3 710
10135 704 216 3 710
374 16 221 3 710
10136 700 236 4 711
173 18 224 4 711
38 12 226 4 711
10121 703 217 4 711
196 9 223 4 711
10122 702 216 4 711
10096 703 226 4 711
52 10 223 4 711
10135 705 209 4 711
10136 701 239 5 712
38 13 223 5 712
10121 704 210 5 712
10122 703 217 5 712
10096 704 224 5 712
10135 706 216 5 712
374 18 232 5 712
10136 702 236 6 713
46 12 221 6 713
10121 705 225 6 713
10122 704 212 6 713
196 11 225 6 713
10096 705 227 6 713
374 19 239 6 713
10136 703 222 6 713
46 13 226 6 713
173 21 231 7 714
38 15 225 7 714
10121 706 218 7 714
627 19 227 7 714
196 12 225 7 714
10096 706 230 7 714
52 13 223 7 714
374 20 230 7 714
10136 704 223 7 714
10121 707 210 8 715
196 13 224 8 715
10096 707 223 8 715
52 14 227 8 715
374 21 242 8 715
10136 705 221 9 716
173 23 223 9 716
38 17 222 9 716
10165 721 209 9 716
10096 708 230 9 716
10135 710 217 9 716
374 22 241 9 716
46 16 227 10 717
10136 706 222 10 717
173 24 223 10 717
38 18 221 10 717
10005 712 212 13 720
10121 712 215 13 720
10122 711 222 13 720
10096 712 215 13 720
10147 710 231 13 720
10029 713 209 13 720
10122 712 209 14 721
10147 711 225 14 721
10029 714 211 14 721
10122 713 212 15 722
10096 714 211 15 722
10147 712 225 15 722
10122 714 209 16 723
10096 715 223 16 723
10135 717 217 16 723
10147 713 232 16 723
10165 729 208 17 724
10096 716 218 17 724
10029 717 217 17 724
10147 715 231 18 725
10029 718 213 18 725
10122 717 208 19 726
10096 718 212 19 726
10147 716 231 19 726
10096 719 212 20 727
10147 717 222 20 727
10029 720 220 20 727
10096 720 210 21 728
481 40 223 21 728
10135 722 209 21 728
505 113 226 21 728
10147 718 237 21 728
10029 721 224 21 728
10122 721 212 23 730
10096 722 224 23 730
10135 724 211 23 730
10136 720 239 23 730
10005 723 214 24 731
10096 723 223 24 731
627 36 227 24 731
46 34 225 28 735
173 42 225 28 735
10136 724 225 28 735
10121 727 214 28 735
196 33 231 28 735
10122 726 208 28 735
10096 727 221 28 735
627 40 230 28 735
52 34 223 28 735
374 41 230 28 735
10136 725 226 29 736
38 37 229 29 736
10121 728 213 29 736
196 34 227 29 736
10122 727 209 29 736
627 41 226 29 736
10096 728 218 29 736
52 35 226 29 736
374 42 239 29 736
10135 730 211 29 736
173 44 225 30 737
10136 726 227 30 737
10121 729 217 30 737
196 35 221 30 737
10096 729 223 30 737
627 42 233 30 737
52 36 225 30 737
374 43 247 30 737
173 45 221 31 738
10136 727 225 31 738
10121 730 212 31 738
627 43 222 31 738
10096 730 210 31 738
52 37 224 31 738
374 44 223 31 738
10135 732 212 31 738
46 38 225 32 739
10136 728 233 32 739
38 40 227 32 739
10121 731 209 32 739
196 37 221 32 739
10096 731 212 32 739
52 38 226 32 739
374 45 229 32 739
46 39 221 33 740
10136 729 222 33 740
10121 732 226 33 740
196 38 227 33 740
627 45 237 33 740
10096 732 231 33 740
52 39 222 33 740
10135 734 220 33 740
374 46 239 33 740
46 40 229 34 741
173 48 222 34 741
10136 730 233 34 741
10165 746 209 34 741
38 42 229 34 741
10121 733 224 34 741
196 39 227 34 741
627 46 239 34 741
10096 733 227 34 741
52 40 223 34 741
10135 735 221 34 741
374 47 242 34 741
46 41 221 35 742
10136 731 231 35 742
38 43 234 35 742
10121 734 224 35 742
196 40 227 35 742
627 47 243 35 742
10096 734 229 35 742
10135 736 221 35 742
374 48 247 35 742
46 42 223 36 743
10136 732 231 36 743
38 44 233 36 743
10121 735 227 36 743
196 41 227 36 743
10122 734 213 36 743
627 48 241 36 743
10096 735 229 36 743
52 42 224 36 743
10135 737 219 36 743
374 49 244 36 743
173 51 227 37 744
46 43 233 37 744
10136 733 234 37 744
38 45 237 37 744
10121 736 225 37 744
196 42 227 37 744
10122 735 213 37 744
627 49 239 37 744
10096 736 227 37 744
52 43 227 37 744
10135 738 221 37 744
374 50 245 37 744
173 52 221 38 745
46 44 225 38 745
10136 734 233 38 745
38 46 225 38 745
10121 737 210 38 745
196 43 223 38 745
627 50 235 38 745
10096 737 225 38 745
52 44 223 38 745
374 51 236 38 745
46 45 226 39 746
173 53 222 39 746
10136 735 229 39 746
38 47 230 39 746
10121 738 221 39 746
374 52 231 39 746
10136 736 227 40 747
10121 739 213 40 747
196 45 231 40 747
10096 739 220 40 747
46 47 226 41 748
10136 737 218 41 748
10121 740 219 41 748
196 46 226 41 748
10096 740 223 41 748
52 47 233 41 748
10136 738 224 42 749
10121 741 217 42 749
196 47 222 42 749
10122 740 210 42 749
10096 741 221 42 749
374 55 226 42 749
10136 739 220 43 750
10165 755 209 43 750
10121 742 218 43 750
196 48 229 43 750
10122 741 219 43 750
627 55 229 43 750
10096 742 225 43 750
52 49 225 43 750
46 50 221 44 751
10136 740 225 44 751
10121 743 225 44 751
10122 742 212 44 751
10096 743 213 44 751
627 56 225 44 751
374 57 221 44 751
10135 745 210 44 751
46 51 225 45 752
10136 741 229 45 752
38 53 221 45 752
10121 744 227 45 752
627 57 235 45 752
10096 744 217 45 752
374 58 227 45 752
46 52 225 46 753
173 60 221 46 753
10136 742 220 46 753
10121 745 227 46 753
196 51 222 46 753
10122 744 209 46 753
627 58 225 46 753
10096 745 211 46 753
374 59 227 46 753
52 52 222 46 753
10136 743 231 47 754
10121 746 226 47 754
10122 745 212 47 754
627 59 227 47 754
374 60 227 47 754
10135 748 209 47 754
46 54 223 48 755
10136 744 227 48 755
10121 747 227 48 755
10122 746 209 48 755
196 53 223 48 755
10096 747 212 48 755
627 60 226 48 755
52 54 223 48 755
46 55 223 49 756
10136 745 230 49 756
10121 748 225 49 756
10122 747 213 49 756
627 61 223 49 756
10096 748 211 49 756
374 62 223 49 756
52 55 226 50 757
46 56 225 50 757
10136 746 235 50 757
10121 749 225 50 757
10122 748 210 50 757
196 55 221 50 757
627 62 221 50 757
374 63 233 50 757
10135 751 209 50 757
10136 747 229 51 758
374 64 227 51 758
10136 748 232 52 759
38 60 227 52 759
10121 751 216 52 759
627 64 221 52 759
10096 751 219 52 759
374 65 232 52 759
10136 749 215 53 760
10122 751 210 53 760
196 58 228 53 760
627 65 230 53 760
10096 752 227 53 760
374 66 222 53 760
10135 754 217 53 760
10136 750 210 54 761
10096 753 219 54 761
374 67 231 54 761
10135 755 208 54 761
10136 751 236 55 762
10121 754 213 55 762
627 67 221 55 762
10096 754 227 55 762
10135 756 212 55 762
46 62 222 56 763
10136 752 231 56 763
173 70 222 56 763
38 64 228 56 763
10165 768 209 56 763
10121 755 214 56 763
627 68 227 56 763
10096 755 226 56 763
374 69 223 56 763
10135 757 210 56 763
46 63 225 57 764
10136 753 225 57 764
173 71 223 57 764
38 65 228 57 764
627 69 224 57 764
196 62 229 57 764
10096 756 231 57 764
374 70 229 57 764
10135 758 212 57 764
52 63 229 57 764
46 64 227 58 765
10136 754 227 58 765
38 66 235 58 765
10121 757 222 58 765
10122 756 209 58 765
627 70 228 58 765
10096 757 225 58 765
52 64 221 59 766
627 71 227 59 766
10096 758 215 59 766
10136 756 220 60 767
173 74 236 60 767
10121 759 214 60 767
10096 759 210 60 767
374 73 227 60 767
10136 757 218 61 768
38 69 221 61 768
10121 760 209 61 768
10096 760 215 61 768
374 74 229 61 768
46 68 223 62 769
10136 758 219 62 769
10121 761 209 62 769
196 67 221 62 769
10135 771 219 70 777
10136 767 230 70 777
10121 770 227 70 777
741 62 223 70 777
10122 769 219 70 777
10135 772 219 71 778
10147 768 209 71 778
10136 768 225 71 778
10005 771 211 71 778
10121 771 225 71 778
741 63 238 71 778
10122 770 218 71 778
10096 771 209 71 778
10102 772 210 72 779
257 6 227 72 779
10136 769 227 72 779
10005 772 210 72 779
10121 772 223 72 779
741 64 243 72 779
10122 771 221 72 779
10096 772 212 72 779
257 7 231 73 780
10147 770 212 73 780
10136 770 221 73 780
10005 773 215 73 780
10121 773 217 73 780
741 65 235 73 780
10122 772 223 73 780
257 8 229 74 781
10147 771 210 74 781
10136 771 219 74 781
10005 774 217 74 781
10121 774 217 74 781
741 66 237 74 781
10122 773 219 74 781
10102 775 211 75 782
10136 772 222 75 782
10005 775 210 75 782
741 67 226 75 782
10122 774 217 75 782
10096 775 210 75 782
10102 776 209 76 783
257 10 225 76 783
10136 773 217 76 783
10005 776 216 76 783
10121 776 222 76 783
741 68 232 76 783
10122 775 214 76 783
10096 776 216 76 783
10102 777 207 77 784
10147 774 212 77 784
10136 774 218 77 784
10005 777 211 77 784
10121 777 212 77 784
10122 776 217 77 784
10096 777 227 77 784
449 104 225 78 785
10135 779 211 78 785
10136 775 236 78 785
329 28 228 78 785
10121 778 225 78 785
10122 777 216 78 785
10096 778 231 78 785
449 105 223 79 786
10135 780 219 79 786
10136 776 223 79 786
329 29 233 79 786
10096 779 225 79 786
10135 781 212 80 787
10147 777 210 80 787
10136 777 239 80 787
329 30 231 80 787
10121 780 213 80 787
10096 780 227 80 787
10135 782 212 81 788
269 101 224 81 788
10136 778 239 81 788
10165 794 211 81 788
329 31 235 81 788
10121 781 211 81 788
10096 781 225 82 789
10135 783 212 82 789
269 102 226 82 789
10136 779 246 82 789
329 32 223 82 789
10121 782 222 82 789
10122 781 213 82 789
10096 782 219 83 790
449 109 235 83 790
269 103 225 83 790
635 7 225 83 790
513 91 231 83 790
10136 780 231 83 790
329 33 229 83 790
10122 782 213 83 790
10096 783 221 84 791
10135 785 214 84 791
513 92 231 84 791
10136 781 233 84 791
10165 797 210 84 791
10121 784 215 84 791
10122 783 211 84 791
10096 784 225 85 792
10135 786 215 85 792
269 105 223 85 792
513 93 227 85 792
10136 782 236 85 792
329 35 230 85 792
10121 785 214 85 792
10122 784 213 85 792
10096 785 226 86 793
449 112 225 86 793
269 106 223 86 793
10147 783 208 86 793
10136 783 231 86 793
10121 786 220 86 793
329 36 225 86 793
10122 785 211 86 793
10096 786 225 87 794
449 113 226 87 794
10135 788 214 87 794
269 107 223 87 794
10136 784 239 87 794
329 37 231 87 794
10121 787 211 87 794
10096 787 231 88 795
10135 789 222 88 795
449 114 224 88 795
269 108 225 88 795
10136 785 236 88 795
329 38 227 88 795
10121 788 213 88 795
10096 788 227 88 795
10135 790 210 89 796
10147 786 208 89 796
10136 786 227 89 796
10121 789 215 89 796
10096 789 213 90 797
269 110 231 90 797
10136 787 236 90 797
10121 790 216 90 797
329 40 235 90 797
10122 789 219 90 797
10096 790 234 90 797
10135 792 209 91 798
269 111 221 91 798
10147 788 208 91 798
10136 788 225 91 798
10121 791 220 91 798
329 41 234 91 798
10096 791 222 92 799
10135 793 210 92 799
269 112 225 92 799
513 100 229 92 799
10136 789 233 92 799
10121 792 222 92 799
329 42 225 92 799
10122 791 218 92 799
10096 792 225 93 800
10135 794 209 93 800
269 113 226 93 800
635 17 223 93 800
513 101 229 93 800
10136 790 239 93 800
10121 793 228 93 800
329 43 229 93 800
10122 792 211 93 800
10096 793 213 94 801
10135 795 223 94 801
269 114 225 94 801
449 120 221 94 801
513 102 225 94 801
10136 791 223 94 801
10121 794 219 94 801
329 44 229 94 801
10122 793 214 94 801
10096 794 221 94 801
10135 796 212 95 802
269 115 222 95 802
449 121 224 95 802
10136 792 219 95 802
10121 795 225 95 802
10122 794 208 95 802
10096 795 219 96 803
10136 793 226 96 803
10121 796 215 96 803
10122 795 210 96 803
10096 796 212 96 803
10136 794 234 97 804
10121 797 218 97 804
10096 797 222 97 804
10136 795 224 98 805
329 48 224 98 805
10122 797 213 98 805
10096 798 223 98 805
269 119 225 99 806
10135 800 218 99 806
10136 796 241 99 806
513 107 234 99 806
10165 812 211 99 806
329 49 222 99 806
10121 799 227 99 806
10122 798 215 99 806
10096 799 237 99 806
269 120 225 100 807
10135 801 216 100 807
10136 797 233 100 807
513 108 225 100 807
329 50 221 100 807
10121 800 210 100 807
10096 800 213 100 807
10136 798 231 101 808
513 109 230 101 808
329 51 235 101 808
10121 801 218 101 808
10122 800 218 101 808
10096 801 216 101 808
10135 803 211 102 809
635 26 223 102 809
10136 799 223 102 809
513 110 247 102 809
10096 802 227 102 809
449 129 221 103 810
269 123 235 103 810
10135 804 220 103 810
10136 800 230 103 810
513 111 225 103 810
10121 803 219 103 810
10122 802 217 103 810
10096 803 210 103 810
449 130 222 104 811
10135 805 210 104 811
635 28 221 104 811
10136 801 241 104 811
513 112 237 104 811
10165 817 212 104 811
329 54 225 104 811
10121 804 214 104 811
10122 803 208 104 811
10096 804 219 104 811
449 131 221 105 812
269 125 221 105 812
10135 806 219 105 812
10136 802 229 105 812
513 113 229 105 812
329 55 223 105 812
10121 805 221 105 812
10122 804 212 105 812
10096 805 209 105 812
10136 803 224 106 813
10165 819 211 106 813
10121 806 213 106 813
10122 805 210 106 813
10096 806 235 106 813
449 133 223 107 814
10136 804 232 107 814
10165 820 213 107 814
329 57 237 107 814
10121 807 224 107 814
10096 807 223 107 814
10135 809 221 108 815
10136 805 210 108 815
10121 808 212 108 815
10122 807 213 108 815
10096 808 223 108 815
449 135 221 109 816
10135 810 210 109 816
10147 806 209 109 816
10136 806 220 109 816
329 59 227 109 816
10165 822 209 109 816
10121 809 211 109 816
10096 809 226 109 816
10135 811 210 110 817
10136 807 225 110 817
10165 823 212 110 817
10121 810 224 110 817
10122 809 217 110 817
10096 810 225 111 818
269 131 222 111 818
10136 809 226 112 819
329 62 223 112 819
10165 825 208 112 819
10121 812 224 112 819
10122 811 219 112 819
449 139 221 112 819
269 133 223 112 819
10136 810 237 113 820
10121 813 210 113 820
10122 812 214 113 820
10096 813 223 113 820
10136 811 231 114 821
10121 814 218 114 821
10122 813 231 114 821
10096 814 211 114 821
10135 816 208 114 821
10136 812 235 115 822
10005 815 209 115 822
10165 828 207 115 822
10121 815 231 115 822
10122 814 211 115 822
10096 815 220 115 822
269 136 235 115 822
449 142 221 115 822
10135 817 214 115 822
10136 813 233 116 823
10121 816 221 116 823
10122 815 217 116 823
10096 816 225 116 823
10135 818 216 116 823
10136 814 241 117 824
329 67 224 117 824
10165 830 215 117 824
10122 816 213 117 824
10096 817 223 117 824
269 138 225 117 824
10136 815 222 118 825
10121 818 227 118 825
10096 818 223 118 825
269 139 222 118 825
10136 816 220 119 826
10096 819 211 119 826
10135 821 212 119 826
10136 817 218 120 827
513 128 221 120 827
10121 820 212 120 827
10122 819 208 120 827
10096 820 208 120 827
449 147 221 120 827
10136 818 239 121 828
10121 821 225 121 828
10096 821 222 121 828
10135 823 211 121 828
10136 819 227 122 829
10121 822 215 122 829
10096 822 216 122 829
269 143 221 122 829
10135 824 214 122 829
10121 823 210 123 830
10122 822 215 123 830
513 133 221 125 832
329 75 227 125 832
10165 838 215 125 832
10121 825 223 125 832
10096 825 228 125 832
449 152 221 125 832
269 146 223 125 832
10135 827 208 125 832
10136 823 233 125 832
10165 839 209 126 833
10121 826 219 126 833
10122 825 211 126 833
10096 826 221 126 833
449 153 223 126 833
10135 828 212 126 833
10136 824 233 126 833
329 77 221 127 834
10165 840 210 127 834
10121 827 225 127 834
10122 826 213 127 834
10096 827 230 127 834
10135 829 213 127 834
10136 825 223 127 834
329 78 221 128 835
10121 828 219 128 835
10122 827 213 128 835
10096 828 213 128 835
10135 830 212 128 835
10136 826 234 128 835
10121 829 225 129 836
10096 829 218 129 836
10135 831 211 129 836
10136 827 233 129 836
329 80 221 130 837
10121 830 219 130 837
10122 829 209 130 837
10096 830 223 130 837
10136 828 235 130 837
10121 831 220 131 838
10096 831 225 131 838
10122 835 223 136 843
10096 836 208 136 843
10136 834 212 136 843
10121 837 221 136 843
10096 837 212 137 844
10135 839 211 137 844
10136 835 223 137 844
513 146 221 137 844
329 88 223 137 844
10121 838 221 137 844
10096 838 211 138 845
10135 840 209 138 845
10136 836 224 138 845
329 89 224 138 845
10121 839 222 138 845
10096 839 219 139 846
10136 837 223 139 846
513 148 222 139 846
10121 840 225 139 846
10096 840 218 140 847
10136 838 224 140 847
10121 841 213 140 847
10096 841 221 141 848
10135 843 210 141 848
10136 839 225 141 848
10121 842 217 141 848
10096 842 219 142 849
10135 844 208 142 849
10136 840 227 142 849
513 151 221 142 849
10121 843 210 142 849
10122 842 210 143 850
10096 843 213 143 850
10135 845 210 143 850
10136 841 226 143 850
513 152 223 143 850
10122 843 213 144 851
10096 844 217 144 851
269 165 221 144 851
449 171 221 144 851
10135 846 210 144 851
10136 842 225 144 851
513 153 223 144 851
329 95 239 144 851
10121 845 215 144 851
10122 844 209 145 852
10096 845 217 145 852
10135 847 212 145 852
10136 843 232 145 852
513 154 222 145 852
329 96 223 145 852
10121 846 219 145 852
10122 845 214 146 853
10096 846 217 146 853
449 173 225 146 853
269 167 223 146 853
10135 848 210 146 853
10136 844 224 146 853
10121 847 221 146 853
10096 847 213 147 854
10136 845 226 147 854
10121 848 219 147 854
10096 848 212 148 855
10136 846 231 148 855
10121 849 219 148 855
10096 849 214 149 856
10136 847 232 149 856
10121 850 223 149 856
10122 849 212 150 857
10096 850 211 150 857
449 177 225 150 857
10135 852 213 150 857
10136 848 228 150 857
329 101 221 150 857
10121 851 221 150 857
10122 850 212 151 858
10096 851 215 151 858
10136 849 225 151 858
513 160 224 151 858
10121 852 225 151 858
10122 851 213 152 859
10096 852 214 152 859
10136 850 214 152 859
329 103 221 152 859
513 161 224 152 859
10121 853 216 152 859
10122 852 212 153 860
10096 853 215 153 860
10136 851 223 153 860
513 162 223 153 860
329 104 222 153 860
10121 854 216 153 860
10122 853 213 154 861
10096 854 215 154 861
10136 852 220 154 861
10121 855 221 154 861
10122 854 219 155 862
10096 855 223 155 862
10135 857 210 155 862
10136 853 226 155 862
10121 856 216 155 862
10122 855 211 156 863
269 177 245 156 863
10096 856 214 156 863
10136 854 229 156 863
10121 857 220 156 863
10122 856 214 157 864
10136 855 235 157 864
513 166 223 157 864
329 108 221 157 864
10121 858 217 157 864
10096 858 213 158 865
10135 860 211 158 865
10136 856 237 158 865
10121 859 217 158 865
10096 859 216 159 866
10135 861 210 159 866
10136 857 236 159 866
10121 860 216 159 866
10096 860 214 160 867
10135 862 210 160 867
10136 858 233 160 867
329 111 237 160 867
10121 861 216 160 867
10096 861 213 161 868
10135 863 211 161 868
10136 859 238 161 868
10121 862 226 161 868
10122 861 210 162 869
269 183 221 162 869
10135 864 214 162 869
10136 860 225 162 869
513 171 223 162 869
329 113 223 162 869
10121 863 216 162 869
10122 862 212 163 870
10096 863 211 163 870
10135 865 217 163 870
10136 861 236 163 870
513 172 221 163 870
10121 864 212 163 870
10122 863 211 164 871
449 191 221 164 871
10096 864 225 164 871
10135 866 216 164 871
10136 862 225 164 871
329 115 230 164 871
10165 878 209 164 871
10121 865 217 164 871
10096 865 231 165 872
10136 863 229 165 872
513 174 230 165 872
10165 879 210 165 872
10121 866 221 165 872
10122 865 210 166 873
10096 866 219 166 873
10135 868 211 166 873
10136 864 227 166 873
513 175 234 166 873
329 117 237 166 873
10121 867 225 166 873
269 188 231 167 874
10096 867 216 167 874
10136 865 237 167 874
10121 868 225 167 874
10096 868 219 168 875
10135 870 213 168 875
10136 866 237 168 875
329 119 225 168 875
10121 869 225 168 875
10122 868 210 169 876
269 190 241 169 876
449 196 231 169 876
10096 869 238 169 876
10135 871 213 169 876
10136 867 235 169 876
10121 870 227 169 876
269 191 224 170 877
10135 872 210 170 877
10136 868 233 170 877
329 121 223 170 877
10121 871 225 170 877
10096 871 217 171 878
10136 869 223 171 878
10121 872 216 171 878
10096 872 212 172 879
10136 870 225 172 879
10121 873 216 172 879
10096 873 213 173 880
10135 875 210 173 880
10136 871 230 173 880
329 124 226 173 880
10121 874 216 173 880
10122 873 213 174 881
269 195 223 174 881
10096 874 227 174 881
10135 876 220 174 881
10136 872 226 174 881
513 183 234 174 881
10121 875 214 174 881
449 202 222 175 882
10096 875 213 175 882
10135 877 209 175 882
10136 873 223 175 882
513 184 221 175 882
10121 876 220 175 882
10122 875 208 176 883
269 197 243 176 883
10136 874 211 176 883
329 127 227 176 883
10121 877 214 176 883
10096 877 223 177 884
10135 879 216 177 884
10136 875 233 177 884
329 128 223 177 884
10121 878 229 177 884
10122 877 211 178 885
10096 878 225 178 885
10135 880 215 178 885
10136 876 237 178 885
329 129 227 178 885
10121 879 225 178 885
10122 878 207 179 886
10096 879 214 179 886
10136 877 223 179 886
329 130 225 179 886
10121 880 220 179 886
10122 879 217 180 887
10096 880 210 180 887
10136 878 232 180 887
329 131 223 180 887
10165 894 207 180 887
10121 881 213 180 887
10122 880 221 181 888
10096 881 212 181 888
10136 879 233 181 888
513 190 229 181 888
329 132 227 181 888
10121 882 231 181 888
10122 881 213 182 889
10096 882 215 182 889
10136 880 226 182 889
329 133 233 182 889
10165 896 210 182 889
10121 883 235 182 889
10122 882 211 183 890
10096 883 218 183 890
10136 881 227 183 890
10165 897 209 183 890
10121 884 237 183 890
10096 884 217 184 891
10136 882 227 184 891
329 135 229 184 891
10165 898 209 184 891
10121 885 237 184 891
10122 884 211 185 892
10096 885 220 185 892
10136 883 227 185 892
329 136 231 185 892
10121 886 227 185 892
10122 885 212 186 893
449 213 221 186 893
10096 886 216 186 893
10135 888 211 186 893
10136 884 241 186 893
513 195 225 186 893
329 137 226 186 893
10165 900 211 186 893
10121 887 217 186 893
10122 886 208 187 894
10096 887 227 187 894
269 208 227 187 894
10135 889 221 187 894
10136 885 223 187 894
513 196 226 187 894
329 138 223 187 894
10121 888 225 187 894
10122 887 209 188 895
10096 888 233 188 895
10136 886 239 188 895
10135 891 209 189 896
10136 887 224 189 896
329 140 222 189 896
10121 890 225 189 896
10122 889 212 189 896
10096 890 228 189 896
269 211 223 189 896
10136 888 232 190 897
329 141 227 190 897
10121 891 223 190 897
10096 891 224 190 897
10136 889 233 191 898
513 200 222 191 898
10121 892 225 191 898
10096 892 223 191 898
10136 890 237 192 899
513 201 224 192 899
329 143 230 192 899
10121 893 214 192 899
10122 892 211 192 899
10096 893 217 192 899
10135 895 211 193 900
10136 891 233 193 900
513 202 227 193 900
329 144 223 193 900
10121 894 210 193 900
10122 893 208 193 900
10096 894 222 193 900
10135 896 213 194 901
10136 892 235 194 901
329 145 229 194 901
513 203 224 194 901
10165 908 209 194 901
10121 895 210 194 901
10122 894 209 194 901
269 216 221 194 901
10096 895 214 194 901
10135 897 211 195 902
10136 893 237 195 902
329 146 229 195 902
513 204 227 195 902
10096 896 217 195 902
10135 898 209 196 903
10136 894 237 196 903
329 147 228 196 903
513 205 224 196 903
10165 910 208 196 903
269 218 225 196 903
449 224 221 196 903
10122 896 210 196 903
10096 897 220 196 903
10136 895 236 197 904
329 148 232 197 904
10121 898 225 197 904
449 225 223 197 904
269 219 221 197 904
10122 897 216 197 904
10096 898 225 197 904
10136 896 228 198 905
329 149 235 198 905
513 207 224 198 905
10121 899 221 198 905
449 226 221 198 905
10122 898 211 198 905
10096 899 213 198 905
10135 901 209 199 906
10136 897 237 199 906
329 150 223 199 906
513 208 229 199 906
10121 900 213 199 906
449 227 226 199 906
10122 899 214 199 906
10096 900 233 199 906
10135 902 211 200 907
10147 898 209 200 907
10136 898 231 200 907
329 151 226 200 907
10165 914 211 200 907
10121 901 225 200 907
269 222 225 200 907
10096 901 227 200 907
10135 903 211 201 908
10136 899 233 201 908
329 152 224 201 908
513 210 227 201 908
10165 915 213 201 908
10121 902 221 201 908
269 223 227 201 908
449 229 222 201 908
10096 902 229 201 908
10135 904 219 202 909
10136 900 237 202 909
513 211 222 202 909
329 153 229 202 909
10165 916 212 202 909
10121 903 218 202 909
10122 902 212 202 909
10096 903 222 203 910
10136 901 233 203 910
513 212 231 203 910
329 154 230 203 910
10121 904 225 203 910
269 225 221 203 910
10122 903 216 203 910
10096 904 231 203 910
10136 902 235 204 911
329 155 237 204 911
513 213 229 204 911
10121 905 222 204 911
10122 904 217 204 911
10096 905 223 204 911
10135 907 221 205 912
10136 903 236 205 912
513 214 227 205 912
10121 906 220 205 912
10122 905 212 205 912
449 233 223 205 912
10096 906 216 205 912
10136 904 241 206 913
329 157 235 206 913
10165 920 211 206 913
10121 907 220 206 913
269 228 231 206 913
10122 906 215 206 913
449 234 221 206 913
10096 907 220 206 913
10136 905 241 207 914
329 158 233 207 914
513 216 227 207 914
10121 908 221 207 914
10122 907 214 207 914
10096 908 224 207 914
10135 910 208 208 915
10136 906 229 208 915
329 159 227 208 915
513 217 225 208 915
10121 909 225 208 915
269 230 221 208 915
10122 908 213 208 915
10096 909 227 208 915
10135 911 212 209 916
10136 907 235 209 916
513 218 225 209 916
329 160 230 209 916
10121 910 220 209 916
10096 910 229 209 916
10136 908 238 210 917
513 219 223 210 917
329 161 229 210 917
10121 911 222 210 917
10122 910 213 210 917
10096 911 223 210 917
10135 913 211 211 918
10136 909 221 211 918
329 162 231 211 918
10121 912 217 211 918
10096 912 221 211 918
10135 914 209 212 919
10136 910 239 212 919
329 163 232 212 919
10121 913 215 212 919
10122 912 210 212 919
10096 913 224 212 919
10136 911 221 213 920
329 164 226 213 920
10121 914 218 213 920
10122 913 210 213 920
10096 914 211 213 920
10136 912 235 214 921
10121 915 217 214 921
10122 914 210 214 921
10096 915 223 214 921
10135 917 211 215 922
10136 913 236 215 922
10121 916 215 215 922
269 237 222 215 922
449 243 223 215 922
10122 915 219 215 922
10096 916 228 215 922
10135 918 211 216 923
10136 916 229 218 925
513 227 226 218 925
10165 932 210 218 925
10121 919 225 218 925
10122 918 209 218 925
10096 919 218 218 925
10135 921 216 218 925
10147 917 210 219 926
10136 917 228 219 926
329 170 241 219 926
424 243 225 219 926
10121 920 219 219 926
43 236 221 219 926
10122 919 209 219 926
10096 920 232 219 926
10135 922 208 219 926
10136 918 236 220 927
513 229 233 220 927
10121 921 222 220 927
449 248 223 220 927
10122 920 219 220 927
10096 921 215 220 927
10135 923 219 221 928
10136 919 224 221 928
329 172 231 221 928
513 230 235 221 928
10121 922 221 221 928
10122 921 212 221 928
269 243 223 221 928
10096 922 222 221 928
10135 924 210 221 928
10136 920 233 222 929
329 173 226 222 929
513 231 229 222 929
10121 923 227 222 929
269 244 225 222 929
10096 923 221 222 929
10136 921 233 223 930
329 174 232 223 930
10165 937 210 223 930
10121 924 223 223 930
449 251 231 223 930
10122 923 209 223 930
269 245 231 223 930
10096 924 220 223 930
10135 926 218 224 931
10136 922 230 224 931
513 233 226 224 931
10121 925 225 224 931
449 252 222 224 931
10122 924 211 224 931
269 246 227 224 931
10096 925 231 224 931
10135 927 213 224 931
459 223 224 225 932
329 176 231 225 932
10136 923 220 225 932
10121 926 221 225 932
269 247 222 225 932
10096 926 232 225 932
10135 928 218 225 932
329 177 232 226 933
10136 924 239 226 933
513 235 227 226 933
10165 940 209 226 933
10121 927 221 226 933
10122 926 211 226 933
10096 927 219 226 933
10135 929 214 227 934
329 178 222 227 934
10136 925 235 227 934
513 236 222 227 934
10121 928 223 227 934
449 255 225 227 934
10122 927 212 227 934
10096 928 221 227 934
10135 930 214 228 935
329 179 229 228 935
10136 926 236 228 935
513 237 221 228 935
10121 929 209 228 935
10122 928 212 228 935
10096 929 227 228 935
10135 931 209 229 936
329 180 232 229 936
10136 927 235 229 936
513 238 223 229 936
269 251 223 229 936
10096 930 222 229 936
10135 932 216 230 937
10136 928 227 230 937
513 239 229 230 937
10121 931 214 230 937
449 258 221 230 937
10122 930 212 230 937
10096 931 222 230 937
10135 933 216 231 938
329 182 227 231 938
10136 929 231 231 938
513 240 230 231 938
10121 932 218 231 938
10122 931 213 231 938
10096 932 225 231 938
449 1 225 232 939
329 183 237 232 939
10136 930 235 232 939
10121 933 223 232 939
269 254 222 232 939
10096 933 220 232 939
10136 931 221 233 940
329 184 230 233 940
10121 934 213 233 940
10096 934 222 233 940
10136 932 224 234 941
329 185 226 234 941
10122 934 210 234 941
10096 935 220 234 941
10135 937 215 235 942
10136 933 231 235 942
329 186 227 235 942
10121 936 218 235 942
10096 936 223 235 942
10136 934 234 236 943
329 187 227 236 943
10121 937 212 236 943
10096 937 231 236 943
10136 935 227 237 944
329 188 223 237 944
513 246 221 237 944
10121 938 218 237 944
10096 938 225 237 944
10135 940 216 238 945
10136 936 231 238 945
329 189 221 238 945
10121 939 222 238 945
269 260 223 238 945
10122 938 214 238 945
10096 939 223 238 945
10135 941 213 239 946
10147 937 208 239 946
10136 937 236 239 946
329 190 226 239 946
10121 940 213 239 946
10122 939 209 239 946
10096 940 227 239 946
10135 942 209 240 947
329 191 221 240 947
513 249 221 240 947
10122 940 217 240 947
10096 941 218 240 947
10135 943 214 241 948
10136 939 236 241 948
10121 942 215 241 948
269 263 228 241 948
10122 941 217 241 948
459 240 221 241 948
10096 942 225 241 948
10135 944 208 242 949
10136 940 233 242 949
513 251 223 242 949
10121 943 214 242 949
10122 942 213 242 949
10096 943 232 242 949
10135 945 214 243 950
10136 941 219 243 950
10121 944 225 243 950
269 265 231 243 950
10122 943 214 243 950
10096 944 221 243 950
10136 942 239 244 951
329 195 233 244 951
513 253 225 244 951
10165 958 209 244 951
10121 945 217 244 951
269 266 239 244 951
10096 945 229 244 951
10135 947 216 245 952
449 14 224 245 952
10136 943 226 245 952
329 196 229 245 952
10121 946 223 245 952
269 267 225 245 952
10122 945 208 245 952
10096 946 225 245 952
10135 948 212 246 953
449 15 223 246 953
10136 944 217 246 953
329 197 233 246 953
10165 960 212 246 953
10121 947 227 246 953
10122 946 212 246 953
10096 947 233 246 953
10136 945 225 247 954
329 198 221 247 954
10121 948 217 247 954
10122 947 214 247 954
10096 948 234 247 954
10136 946 221 248 955
329 199 227 248 955
513 257 227 248 955
10121 949 228 248 955
269 270 221 248 955
10122 948 210 248 955
10096 949 227 248 955
10135 951 214 249 956
449 18 225 249 956
10136 947 212 249 956
329 200 235 249 956
10121 950 219 249 956
269 271 223 249 956
10122 949 213 249 956
10096 950 226 249 956
10136 948 231 250 957
329 201 225 250 957
10121 951 210 250 957
10122 950 211 250 957
10096 951 226 250 957
10135 953 213 250 957
449 20 231 251 958
10136 949 224 251 958
329 202 231 251 958
513 260 225 251 958
10121 952 217 251 958
10122 951 214 251 958
10096 952 228 251 958
10135 954 213 251 958
10136 950 223 252 959
329 203 231 252 959
513 261 225 252 959
10121 953 217 252 959
10096 953 234 252 959
10135 955 213 252 959
449 22 227 253 960
10136 951 224 253 960
513 262 221 253 960
10165 967 210 253 960
10121 954 221 253 960
269 275 223 253 960
10122 953 219 253 960
10096 954 231 253 960
10135 956 212 253 960
10136 952 239 254 961
329 205 233 254 961
513 263 221 254 961
10121 955 223 254 961
10096 955 229 254 961
10135 957 215 255 962
449 24 225 255 962
10136 953 233 255 962
329 206 235 255 962
513 264 229 255 962
10121 956 218 255 962
10122 955 210 255 962
10096 956 233 255 962
10135 958 215 256 963
10136 954 226 256 963
329 207 232 256 963
513 265 229 256 963
10122 956 212 256 963
10096 957 221 256 963
449 26 221 257 964
10136 955 232 257 964
513 266 221 257 964
10121 958 226 257 964
269 279 222 257 964
10122 957 211 257 964
10096 958 226 257 964
10135 960 210 258 965
10136 956 235 258 965
513 267 235 258 965
329 209 233 258 965
10121 959 227 258 965
10122 958 212 258 965
10096 959 237 258 965
10135 961 212 259 966
10136 957 231 259 966
513 268 223 259 966
329 210 222 259 966
10121 960 222 259 966
10122 959 211 259 966
10096 960 232 259 966
10135 962 213 260 967
513 269 228 260 967
10136 958 232 260 967
329 211 225 260 967
10121 961 227 260 967
269 282 225 260 967
10122 960 218 260 967
10096 961 233 260 967
513 270 223 261 968
449 30 221 261 968
10136 959 233 261 968
329 212 235 261 968
10165 975 210 261 968
10121 962 215 261 968
269 283 223 261 968
10122 961 212 261 968
10096 962 232 261 968
513 271 223 262 969
10136 960 237 262 969
329 213 229 262 969
10121 963 226 262 969
269 284 221 262 969
10096 963 221 262 969
10135 965 215 263 970
513 272 226 263 970
10136 961 211 263 970
329 214 231 263 970
10121 964 214 263 970
10096 964 221 263 970
10135 966 210 264 971
449 33 223 264 971
10136 962 227 264 971
329 215 223 264 971
10121 965 217 264 971
269 286 222 264 971
10096 965 225 264 971
10135 967 211 265 972
10136 963 212 265 972
329 216 233 265 972
10121 966 225 265 972
10122 965 210 265 972
10096 966 225 265 972
10135 968 209 266 973
449 35 222 266 973
513 275 221 266 973
10136 964 227 266 973
329 217 222 266 973
10122 966 209 266 973
10096 967 223 266 973
513 276 222 267 974
10136 965 223 267 974
10121 968 218 267 974
10096 968 225 267 974
10135 970 217 268 975
10147 966 208 268 975
449 37 221 268 975
10136 966 232 268 975
329 219 225 268 975
10165 982 210 268 975
449 40 229 271 978
513 280 229 271 978
10136 969 231 271 978
329 222 227 271 978
10165 985 212 271 978
10121 972 214 271 978
269 293 230 271 978
10122 971 212 271 978
10096 972 225 271 978
10135 974 217 271 978
449 41 227 272 979
513 281 223 272 979
10136 970 235 272 979
10165 986 210 272 979
10122 972 214 272 979
10096 973 223 272 979
10135 975 209 272 979
513 282 227 273 980
10136 971 237 273 980
329 224 221 273 980
10121 974 224 273 980
10096 974 217 273 980
10135 976 221 273 980
513 283 231 274 981
10136 972 224 274 981
10121 975 223 274 981
269 296 230 274 981
10122 974 212 274 981
10096 975 227 274 981
10135 977 218 274 981
449 44 223 275 982
10136 973 234 275 982
329 226 235 275 982
10121 976 225 275 982
459 274 223 275 982
269 297 233 275 982
10122 975 223 275 982
10096 976 229 275 982
10135 978 210 275 982
449 45 225 276 983
513 285 235 276 983
10136 974 237 276 983
329 227 223 276 983
10165 990 209 276 983
10121 977 225 276 983
269 298 223 276 983
10122 976 218 276 983
10096 977 231 276 983
10135 979 211 276 983
10136 975 225 277 984
10121 978 225 277 984
10122 977 217 277 984
10096 978 227 277 984
10135 980 219 277 984
449 47 222 278 985
513 287 234 278 985
10136 976 226 278 985
329 229 223 278 985
10121 979 225 278 985
269 300 228 278 985
10122 978 209 278 985
10096 979 234 278 985
10135 981 209 278 985
449 48 221 279 986
513 288 227 279 986
10136 977 224 279 986
10165 993 210 279 986
10121 980 225 279 986
10096 980 234 279 986
10136 978 225 280 987
329 231 223 280 987
10121 981 222 280 987
10122 980 213 280 987
10096 981 228 280 987
10135 983 216 280 987
10136 979 229 281 988
513 290 226 281 988
329 232 221 281 988
10121 982 227 281 988
10122 981 211 281 988
10096 982 229 281 988
10135 984 222 281 988
10136 980 228 282 989
10121 983 217 282 989
10122 982 216 282 989
10096 983 237 282 989
635 58 222 282 989
513 292 227 283 990
10136 981 226 283 990
329 234 240 283 990
10121 984 220 283 990
10122 983 211 283 990
10096 984 232 283 990
10135 986 212 283 990
449 53 221 284 991
10136 982 240 284 991
329 235 227 284 991
10121 985 216 284 991
269 306 221 284 991
10096 985 225 284 991
329 236 226 285 992
10121 986 221 285 992
269 307 227 285 992
10122 985 216 285 992
10096 986 221 285 992
10147 984 210 286 993
329 237 225 286 993
10136 984 235 286 993
10121 987 218 286 993
10096 987 231 286 993
10135 989 211 286 993
329 238 225 287 994
10136 985 234 287 994
10121 988 223 287 994
10096 988 226 287 994
10135 990 210 287 994
10147 986 210 288 995
513 297 221 288 995
329 239 227 288 995
10136 986 235 288 995
10121 989 218 288 995
10096 989 231 288 995
10135 991 215 288 995
329 240 223 289 996
10136 987 225 289 996
10121 990 219 289 996
10122 989 219 289 996
10096 990 233 289 996
10136 988 221 290 997
10121 991 209 290 997
10122 990 208 290 997
10096 991 231 290 997
10135 993 218 290 997
329 242 225 291 998
10136 989 245 291 998
10165 1005 210 291 998
10121 992 215 291 998
10122 991 208 291 998
10096 992 224 291 998
10136 990 222 292 999
10121 993 216 292 999
10096 993 223 292 999
10135 995 215 292 999
10136 991 227 293 1000
10121 994 209 293 1000
10096 994 223 293 1000
10135 996 214 293 1000
329 245 223 294 1001
10136 992 225 294 1001
10121 995 218 294 1001
10122 994 221 294 1001
10096 995 223 294 1001
10135 997 215 294 1001
449 64 225 295 1002
513 304 222 295 1002
329 246 233 295 1002
10136 993 218 295 1002
10165 1009 209 295 1002
10121 996 217 295 1002
10096 996 227 295 1002
513 308 223 299 1006
329 250 225 299 1006
10136 997 225 299 1006
10165 1013 208 299 1006
10121 1000 218 299 1006
459 298 221 299 1006
269 321 241 299 1006
10122 999 215 299 1006
10096 1000 227 299 1006
10135 1002 218 299 1006
329 251 221 300 1007
10136 998 214 300 1007
10121 1001 211 300 1007
10122 1000 210 300 1007
10096 1001 233 300 1007
10135 1003 218 300 1007
329 252 225 301 1008
10136 999 230 301 1008
10165 1015 213 301 1008
10121 1002 219 301 1008
269 323 225 301 1008
10096 1002 231 301 1008
10135 1004 214 301 1008
449 71 223 302 1009
329 253 226 302 1009
10136 1000 236 302 1009
10121 1003 212 302 1009
10122 1002 217 302 1009
10096 1003 233 302 1009
10135 1005 217 302 1009
449 72 222 303 1010
329 254 246 303 1010
10136 1001 235 303 1010
10121 1004 213 303 1010
10122 1003 212 303 1010
10135 1006 209 303 1010
449 73 223 304 1011
513 313 227 304 1011
10136 1002 235 304 1011
329 255 221 304 1011
10121 1005 224 304 1011
269 326 221 304 1011
10122 1004 211 304 1011
10096 1005 219 304 1011
10135 1007 212 304 1011
449 74 221 305 1012
513 314 226 305 1012
329 256 233 305 1012
10136 1003 236 305 1012
10165 1019 208 305 1012
10121 1006 225 305 1012
269 327 223 305 1012
10122 1005 215 305 1012
10096 1006 225 305 1012
10135 1008 217 305 1012
449 75 223 306 1013
10136 1004 225 306 1013
329 257 224 306 1013
10121 1007 223 306 1013
10096 1007 230 306 1013
10136 1009 240 311 1018
773 253 225 311 1018
10121 1012 227 311 1018
458 337 233 311 1018
10122 1011 220 311 1018
10096 1012 223 311 1018
764 262 223 311 1018
10135 1014 214 311 1018
609 276 233 311 1018
378 296 230 312 1019
179 156 231 312 1019
10136 1010 243 312 1019
459 311 229 312 1019
10121 1013 229 312 1019
458 338 227 312 1019
475 292 227 312 1019
10122 1012 215 312 1019
10096 1013 219 312 1019
765 332 221 312 1019
609 277 227 312 1019
10136 1011 229 313 1020
773 255 225 313 1020
10121 1014 225 313 1020
459 312 225 313 1020
10122 1013 221 313 1020
475 293 221 313 1020
10096 1014 223 313 1020
764 264 222 313 1020
10135 1016 215 313 1020
765 333 221 313 1020
609 278 223 313 1020
378 298 227 314 1021
179 158 221 314 1021
10136 1012 235 314 1021
773 256 225 314 1021
10165 1028 218 314 1021
10096 1015 220 314 1021
764 265 222 314 1021
10135 1017 212 314 1021
82 263 227 314 1021
609 279 221 315 1022
10136 1013 218 315 1022
10121 1016 213 315 1022
475 295 225 315 1022
10122 1015 211 315 1022
10096 1016 224 315 1022
641 311 223 315 1022
82 264 227 315 1022
609 280 224 316 1023
179 160 221 316 1023
10136 1014 218 316 1023
773 258 221 316 1023
10121 1017 222 316 1023
458 342 222 316 1023
475 296 221 316 1023
10122 1016 217 316 1023
10096 1017 217 316 1023
641 312 221 316 1023
10135 1019 220 316 1023
10136 1015 232 317 1024
10121 1018 217 317 1024
458 343 223 317 1024
10122 1017 209 317 1024
66 266 223 317 1024
10096 1018 225 317 1024
641 313 221 317 1024
10135 1020 220 317 1024
10136 1016 217 318 1025
773 260 221 318 1025
103 343 224 318 1025
10121 1019 227 318 1025
458 344 228 318 1025
10096 1019 216 318 1025
82 267 226 318 1025
765 338 225 318 1025
609 283 231 318 1025
297 269 223 319 1026
10136 1017 212 319 1026
773 261 221 319 1026
10096 1020 220 319 1026
10135 1022 209 319 1026
82 268 228 319 1026
609 284 223 319 1026
297 270 227 320 1027
10136 1018 229 320 1027
10121 1021 213 320 1027
10096 1021 219 320 1027
82 269 225 320 1027
179 165 221 321 1028
10136 1019 229 321 1028
10165 1035 210 321 1028
522 21 226 321 1028
10121 1022 219 321 1028
475 301 221 321 1028
66 270 225 321 1028
10096 1022 225 321 1028
10135 1024 210 321 1028
641 317 227 321 1028
378 306 227 321 1028
609 286 226 322 1029
10136 1020 237 322 1029
522 22 223 322 1029
459 321 233 322 1029
103 347 224 322 1029
10121 1023 216 322 1029
458 348 221 322 1029
10096 1023 225 322 1029
764 273 227 322 1029
10135 1025 212 322 1029
765 342 232 322 1029
609 287 226 323 1030
10136 1021 231 323 1030
593 21 223 323 1030
773 265 227 323 1030
459 322 227 323 1030
10121 1024 214 323 1030
458 349 237 323 1030
10122 1023 211 323 1030
66 272 227 323 1030
10096 1024 223 323 1030
764 274 228 323 1030
609 288 237 324 1031
297 274 221 324 1031
10136 1022 231 324 1031
522 24 223 324 1031
459 323 221 324 1031
10121 1025 218 324 1031
10122 1024 212 324 1031
10096 1025 223 324 1031
10135 1027 211 324 1031
609 289 221 325 1032
297 275 223 325 1032
179 169 221 325 1032
10136 1023 233 325 1032
773 267 224 325 1032
10121 1026 210 325 1032
10122 1025 212 325 1032
10096 1026 235 325 1032
641 321 224 325 1032
10135 1028 219 325 1032
10136 1025 227 327 1034
10122 1027 211 327 1034
10096 1028 215 327 1034
10136 1026 215 328 1035
103 353 221 328 1035
10121 1029 222 328 1035
10096 1029 213 328 1035
10135 1031 210 328 1035
10136 1027 226 329 1036
10121 1030 223 329 1036
10122 1029 210 329 1036
66 278 224 329 1036
10096 1030 223 329 1036
10136 1028 226 330 1037
10121 1031 221 330 1037
103 355 221 330 1037
10122 1030 216 330 1037
10135 1033 209 330 1037
609 295 221 330 1037
10136 1029 231 331 1038
10121 1032 223 331 1038
10122 1031 211 331 1038
10096 1032 213 331 1038
10136 1030 231 332 1039
10121 1033 221 332 1039
10122 1032 211 332 1039
10096 1033 213 332 1039
10136 1031 220 333 1040
103 358 221 333 1040
10122 1033 212 333 1040
10096 1034 216 333 1040
10136 1032 216 334 1041
10122 1034 211 334 1041
10096 1035 211 334 1041
10136 1033 221 335 1042
593 33 221 335 1042
103 360 222 335 1042
10122 1035 210 335 1042
10096 1036 214 335 1042
10136 1034 219 336 1043
103 361 223 336 1043
10122 1036 211 336 1043
10096 1037 212 336 1043
10136 1035 222 337 1044
10122 1037 210 337 1044
10096 1038 211 337 1044
10136 1036 217 338 1045
10122 1038 210 338 1045
10096 1039 213 338 1045
10147 1037 208 339 1046
10136 1037 222 339 1046
10121 1040 218 339 1046
10122 1039 212 339 1046
66 288 224 339 1046
10096 1040 216 339 1046
10135 1042 209 339 1046
609 304 222 340 1047
10136 1038 229 340 1047
773 282 223 340 1047
10121 1041 216 340 1047
10122 1040 209 340 1047
66 289 223 340 1047
10096 1041 216 340 1047
10135 1043 213 340 1047
609 305 230 341 1048
10136 1039 233 341 1048
773 283 223 341 1048
10121 1042 212 341 1048
10122 1041 209 341 1048
10096 1042 215 341 1048
10135 1044 213 341 1048
10136 1040 218 342 1049
10121 1043 221 342 1049
10122 1042 210 342 1049
66 291 221 342 1049
10096 1043 213 342 1049
10135 1045 208 342 1049
609 307 231 343 1050
10136 1041 221 343 1050
10121 1044 213 343 1050
10122 1043 212 343 1050
10096 1044 217 343 1050
10136 1042 217 344 1051
10121 1045 210 344 1051
10122 1044 212 344 1051
10096 1045 215 344 1051
10136 1043 235 345 1052
459 344 224 345 1052
10121 1046 219 345 1052
10122 1045 212 345 1052
10096 1046 225 345 1052
10136 1044 233 346 1053
10121 1047 219 346 1053
10122 1046 212 346 1053
10096 1047 219 346 1053
10136 1045 215 347 1054
10121 1048 221 347 1054
10122 1047 212 347 1054
10096 1048 212 347 1054
10135 1050 209 347 1054
641 343 221 348 1055
10136 1046 231 348 1055
459 347 223 348 1055
10096 1049 221 348 1055
609 313 222 349 1056
10136 1047 231 349 1056
10121 1050 233 349 1056
10122 1049 212 349 1056
10096 1050 209 349 1056
10135 1052 208 349 1056
10136 1048 235 350 1057
10121 1051 231 350 1057
10122 1050 209 350 1057
10096 1051 219 350 1057
10136 1049 231 351 1058
10121 1052 220 351 1058
103 376 223 351 1058
10122 1051 212 351 1058
10096 1052 219 351 1058
82 300 224 352 1059
622 458 241 352 1059
10136 1050 225 352 1059
522 52 225 352 1059
773 294 225 352 1059
459 351 227 352 1059
10122 1052 213 352 1059
764 303 224 352 1059
10096 1053 211 352 1059
765 372 225 352 1059
297 303 222 353 1060
10136 1051 232 353 1060
10121 1054 212 353 1060
103 378 221 353 1060
10096 1054 216 353 1060
10136 1052 212 354 1061
10121 1055 219 354 1061
10122 1054 211 354 1061
10096 1055 212 354 1061
10135 1057 209 354 1061
10136 1053 228 355 1062
10121 1056 223 355 1062
10096 1056 210 355 1062
10136 1054 213 356 1063
10121 1057 217 356 1063
10136 1055 219 357 1064
10121 1058 217 357 1064
10135 1060 211 357 1064
179 202 221 358 1065
10136 1056 234 358 1065
10121 1059 225 358 1065
66 307 233 358 1065
10122 1058 209 358 1065
10096 1059 217 358 1065
10135 1061 215 358 1065
10136 1057 229 359 1066
103 384 221 359 1066
458 385 225 359 1066
10096 1060 218 359 1066
10136 1058 225 360 1067
10121 1061 212 360 1067
10096 1061 218 360 1067
10136 1059 220 361 1068
10121 1062 212 361 1068
609 326 221 362 1069
10136 1060 226 362 1069
10121 1063 216 362 1069
103 387 223 362 1069
10096 1063 220 362 1069
10136 1061 213 363 1070
10121 1064 218 363 1070
10096 1064 218 363 1070
10136 1062 221 364 1071
10121 1065 217 364 1071
103 389 221 364 1071
10096 1065 220 364 1071
10136 1063 222 365 1072
10121 1066 217 365 1072
10096 1066 219 365 1072
10136 1064 217 366 1073
10121 1067 212 366 1073
103 391 223 366 1073
10122 1066 210 366 1073
10096 1067 212 366 1073
10136 1065 223 367 1074
10121 1068 219 367 1074
10096 1068 213 367 1074
10136 1066 216 368 1075
10121 1069 212 368 1075
10096 1069 212 368 1075
609 333 228 369 1076
10136 1067 237 369 1076
10121 1070 217 369 1076
103 394 223 369 1076
10096 1070 213 369 1076
10135 1072 209 369 1076
10136 1068 221 370 1077
10121 1071 227 370 1077
66 319 223 370 1077
10122 1070 208 370 1077
10096 1071 220 370 1077
10136 1069 235 371 1078
10121 1072 225 371 1078
103 396 223 371 1078
10122 1071 208 371 1078
10096 1072 209 371 1078
10135 1074 210 372 1079
10136 1070 235 372 1079
10121 1073 224 372 1079
10122 1072 211 372 1079
10096 1073 222 372 1079
641 368 221 373 1080
10136 1071 235 373 1080
10121 1074 216 373 1080
103 398 222 373 1080
10096 1074 217 373 1080
10135 1076 210 373 1080
10136 1072 237 374 1081
10121 1075 225 374 1081
10096 1075 219 374 1081
10136 1073 235 375 1082
10121 1076 223 375 1082
103 400 221 375 1082
10096 1076 221 375 1082
10136 1074 233 376 1083
10121 1077 225 376 1083
66 325 223 376 1083
10096 1077 221 376 1083
10135 1079 209 376 1083
10136 1075 233 377 1084
10121 1078 226 377 1084
66 326 223 377 1084
103 402 223 377 1084
10122 1077 212 377 1084
10096 1078 219 377 1084
10136 1076 229 378 1085
10121 1079 225 378 1085
10122 1078 211 378 1085
10096 1079 220 378 1085
10136 1077 229 379 1086
10121 1080 225 379 1086
10122 1079 210 379 1086
10096 1080 217 379 1086
10136 1078 229 380 1087
10121 1081 225 380 1087
103 405 221 380 1087
10122 1080 212 380 1087
10096 1081 216 380 1087
10136 1079 233 381 1088
10121 1082 224 381 1088
10096 1082 219 381 1088
609 346 221 381 1088
10136 1080 227 382 1089
10121 1083 223 382 1089
10096 1083 219 382 1089
10136 1081 227 383 1090
10121 1084 224 383 1090
10096 1084 217 383 1090
10136 1082 223 384 1091
458 410 224 384 1091
103 409 227 384 1091
10096 1085 210 384 1091
10135 1087 208 384 1091
10136 1083 221 385 1092
459 384 221 385 1092
10121 1086 224 385 1092
103 410 223 385 1092
10096 1086 214 385 1092
10135 1088 209 385 1092
609 350 225 385 1092
765 405 221 386 1093
10136 1084 216 386 1093
773 328 223 386 1093
10121 1087 226 386 1093
10122 1086 210 386 1093
764 337 221 386 1093
641 382 224 386 1093
179 231 222 387 1094
10136 1085 235 387 1094
773 329 225 387 1094
10121 1088 220 387 1094
475 367 247 387 1094
103 412 222 387 1094
10122 1087 210 387 1094
764 338 225 387 1094
10096 1088 218 387 1094
10135 1090 213 387 1094
10136 1086 229 388 1095
773 330 227 388 1095
459 387 227 388 1095
522 88 238 388 1095
10121 1089 216 388 1095
475 368 221 388 1095
458 414 221 388 1095
66 337 221 388 1095
10096 1089 227 388 1095
10135 1091 215 388 1095
641 384 225 388 1095
82 337 229 388 1095
10136 1087 235 389 1096
459 388 229 389 1096
593 87 224 389 1096
10121 1090 208 389 1096
475 369 225 389 1096
10122 1089 211 389 1096
103 414 221 389 1096
10096 1090 225 389 1096
10135 1092 221 389 1096
641 385 221 389 1096
82 338 223 389 1096
10136 1088 216 390 1097
10005 1091 207 390 1097
593 88 221 390 1097
10121 1091 215 390 1097
458 416 229 390 1097
10122 1090 220 390 1097
10096 1091 231 390 1097
764 341 224 390 1097
10135 1093 217 390 1097
641 386 223 390 1097
82 339 229 390 1097
765 410 225 391 1098
10136 1089 231 391 1098
773 333 225 391 1098
522 91 221 391 1098
593 89 228 391 1098
10121 1092 227 391 1098
458 417 228 391 1098
103 416 223 391 1098
10096 1092 227 391 1098
764 342 227 391 1098
10135 1094 211 391 1098
641 387 229 391 1098
609 356 226 391 1098
82 340 221 391 1098
10136 1090 223 392 1099
593 90 225 392 1099
10121 1093 221 392 1099
458 418 225 392 1099
10122 1092 211 392 1099
10096 1093 226 392 1099
764 343 227 392 1099
82 341 231 392 1099
609 357 225 392 1099
765 412 224 393 1100
10136 1091 223 393 1100
459 392 222 393 1100
593 91 221 393 1100
10121 1094 225 393 1100
10122 1093 215 393 1100
103 418 231 393 1100
10096 1094 221 393 1100
609 358 233 393 1100
10136 1092 227 394 1101
773 336 229 394 1101
522 94 221 394 1101
459 393 231 394 1101
10121 1095 219 394 1101
10096 1095 225 394 1101
103 419 222 394 1101
764 345 225 394 1101
10135 1097 215 394 1101
82 343 227 394 1101
609 359 225 394 1101
641 390 223 394 1101
10136 1093 237 395 1102
773 337 225 395 1102
10165 1109 213 395 1102
10121 1096 211 395 1102
458 421 228 395 1102
66 344 226 395 1102
10122 1095 212 395 1102
103 420 225 395 1102
10096 1096 224 395 1102
10135 1098 212 395 1102
82 344 223 395 1102
609 360 221 395 1102
459 395 230 396 1103
10121 1097 221 396 1103
10122 1096 211 396 1103
765 416 221 397 1104
10136 1095 234 397 1104
475 4 223 397 1104
773 339 224 397 1104
522 97 225 397 1104
10096 1098 222 397 1104
82 346 237 397 1104
609 362 229 397 1104
765 417 224 398 1105
10136 1096 233 398 1105
522 98 223 398 1105
593 96 221 398 1105
10121 1099 225 398 1105
458 424 226 398 1105
10122 1098 221 398 1105
10096 1099 228 398 1105
764 349 227 398 1105
609 363 221 398 1105
10136 1097 230 399 1106
522 99 221 399 1106
10121 1100 212 399 1106
10096 1101 226 400 1107
10135 1103 216 400 1107
609 365 237 400 1107
10136 1099 235 400 1107
773 343 224 400 1107
10121 1102 219 400 1107
458 427 232 400 1107
66 350 228 400 1107
10122 1101 214 401 1108
103 426 235 401 1108
10096 1102 217 401 1108
764 352 225 401 1108
82 350 222 401 1108
10136 1100 213 401 1108
773 344 227 401 1108
10121 1103 219 401 1108
458 428 222 401 1108
66 351 223 402 1109
10122 1102 216 402 1109
378 387 221 402 1109
10096 1103 222 402 1109
82 351 222 402 1109
609 367 225 402 1109
179 247 225 402 1109
10136 1101 221 402 1109
475 10 231 402 1109
459 402 223 402 1109
10121 1104 223 402 1109
458 429 227 402 1109
593 101 221 402 1109
10122 1103 215 403 1110
10096 1104 224 403 1110
764 354 223 403 1110
609 368 230 403 1110
179 248 221 403 1110
10147 1102 210 403 1110
10136 1102 236 403 1110
475 11 241 403 1110
773 346 223 403 1110
10121 1105 212 403 1110
378 389 232 404 1111
10096 1105 223 404 1111
609 369 230 404 1111
641 400 229 404 1111
179 249 237 404 1111
475 12 221 404 1111
10136 1103 237 404 1111
459 404 221 404 1111
10121 1106 222 404 1111
458 431 224 404 1111
66 354 223 405 1112
10122 1105 208 405 1112
10096 1106 216 405 1112
10135 1108 214 405 1112
82 354 221 405 1112
609 370 222 405 1112
10136 1104 222 405 1112
773 348 230 405 1112
522 106 221 405 1112
10121 1107 213 405 1112
593 104 224 405 1112
10122 1106 217 406 1113
10096 1107 222 406 1113
764 357 225 406 1113
10135 1109 211 406 1113
609 371 227 406 1113
297 357 231 406 1113
10136 1105 237 406 1113
522 107 221 406 1113
10121 1108 212 406 1113
458 433 222 406 1113
593 105 221 406 1113
10122 1107 213 407 1114
10096 1108 228 407 1114
10135 1110 217 407 1114
82 356 221 407 1114
609 372 223 407 1114
297 358 227 407 1114
10136 1106 233 407 1114
773 350 224 407 1114
522 108 225 407 1114
10121 1109 212 407 1114
66 357 227 407 1114
10096 1109 234 408 1115
764 359 221 408 1115
10135 1111 219 408 1115
82 357 227 408 1115
10136 1107 220 408 1115
10121 1110 220 408 1115
458 435 221 408 1115
10122 1109 210 409 1116
10096 1110 213 409 1116
103 434 221 409 1116
10135 1112 212 409 1116
82 358 221 409 1116
641 405 229 409 1116
10136 1108 230 409 1116
773 352 222 409 1116
10121 1111 225 409 1116
10122 1110 209 410 1117
10096 1111 225 410 1117
609 375 221 410 1117
641 406 221 410 1117
10136 1109 227 410 1117
773 353 224 410 1117
10121 1112 223 410 1117
10122 1111 211 411 1118
10096 1112 219 411 1118
10135 1114 211 411 1118
641 407 221 411 1118
10136 1110 230 411 1118
10165 1126 209 411 1118
10121 1113 223 411 1118
458 438 221 412 1119
10122 1112 212 412 1119
10096 1113 223 412 1119
10135 1115 209 412 1119
82 361 221 412 1119
10136 1111 226 412 1119
773 355 223 412 1119
10121 1114 219 412 1119
10122 1113 215 413 1120
10096 1114 220 413 1120
764 364 221 413 1120
10136 1112 234 413 1120
773 356 235 413 1120
459 413 225 413 1120
522 114 225 413 1120
10121 1115 226 413 1120
593 112 221 413 1120
10096 1115 233 414 1121
609 379 221 414 1121
82 363 223 414 1121
179 259 221 414 1121
475 22 221 414 1121
10136 1113 241 414 1121
10121 1116 219 414 1121
10096 1116 217 415 1122
10135 1118 209 415 1122
641 411 227 415 1122
297 366 225 415 1122
475 23 221 415 1122
10136 1114 233 415 1122
773 358 223 415 1122
459 415 233 415 1122
522 116 229 415 1122
10121 1117 222 415 1122
66 365 233 415 1122
10122 1116 213 416 1123
10096 1117 225 416 1123
764 367 223 416 1123
10135 1119 212 416 1123
609 381 222 416 1123
641 412 223 416 1123
765 436 223 416 1123
297 367 222 416 1123
10136 1115 228 416 1123
773 359 224 416 1123
459 416 227 416 1123
66 366 229 416 1123
10121 1118 219 416 1123
522 117 222 416 1123
593 115 225 417 1124
458 443 225 417 1124
10096 1118 222 417 1124
764 368 224 417 1124
10135 1120 217 417 1124
609 382 224 417 1124
765 437 222 417 1124
179 262 225 417 1124
10136 1116 221 417 1124
459 417 225 417 1124
10096 1119 215 418 1125
10135 1121 215 418 1125
82 367 227 418 1125
641 414 234 418 1125
765 438 222 418 1125
10136 1117 227 418 1125
459 418 231 418 1125
10121 1120 219 418 1125
522 119 230 418 1125
10096 1120 225 419 1126
764 370 223 419 1126
82 368 224 419 1126
10135 1122 212 419 1126
297 370 227 419 1126
179 264 222 419 1126
475 27 223 419 1126
10136 1118 227 419 1126
773 362 223 419 1126
459 419 223 419 1126
10121 1121 221 419 1126
10122 1120 208 420 1127
378 405 221 420 1127
10096 1121 227 420 1127
641 416 237 420 1127
10136 1119 233 420 1127
10165 1135 214 420 1127
10121 1122 225 420 1127
522 121 222 420 1127
10096 1122 233 421 1128
10135 1124 213 421 1128
641 417 238 421 1128
297 372 221 421 1128
10136 1120 226 421 1128
773 364 227 421 1128
10121 1123 217 421 1128
10122 1122 213 422 1129
10096 1123 227 422 1129
641 418 233 422 1129
10136 1121 227 422 1129
773 365 231 422 1129
459 422 226 422 1129
10121 1124 225 422 1129
10122 1123 218 423 1130
10096 1124 223 423 1130
10135 1126 210 423 1130
10136 1122 233 423 1130
10121 1125 223 423 1130
10122 1124 211 424 1131
10096 1125 224 424 1131
82 373 224 424 1131
641 420 241 424 1131
297 375 221 424 1131
475 32 225 424 1131
765 2 225 424 1131
10136 1123 226 424 1131
459 424 223 424 1131
10165 1139 209 424 1131
10121 1126 228 424 1131
10122 1125 210 425 1132
10096 1126 229 425 1132
10135 1128 219 425 1132
609 390 221 425 1132
475 33 221 425 1132
10136 1124 227 425 1132
10165 1140 213 425 1132
10121 1127 214 425 1132
10096 1127 227 426 1133
82 375 226 426 1133
475 34 222 426 1133
10136 1125 223 426 1133
773 369 228 426 1133
459 426 229 426 1133
10165 1141 210 426 1133
66 376 221 426 1133
10121 1128 219 426 1133
458 453 225 427 1134
10122 1127 209 427 1134
10096 1128 225 427 1134
764 378 221 427 1134
641 423 224 427 1134
179 272 223 427 1134
10136 1126 219 427 1134
459 427 227 427 1134
10121 1129 229 427 1134
10136 1127 236 428 1135
10005 1130 209 428 1135
10121 1130 227 428 1135
10122 1129 223 429 1136
10096 1130 226 429 1136
10135 1132 214 429 1136
297 380 221 429 1136
10136 1128 235 429 1136
10005 1131 213 429 1136
10121 1131 226 429 1136
458 456 225 429 1136
10096 1131 223 430 1137
10135 1133 223 430 1137
609 395 225 430 1137
10136 1129 214 430 1137
765 8 223 430 1137
459 430 229 430 1137
522 131 222 430 1137
66 380 227 430 1137
10121 1132 227 430 1137
10122 1131 210 431 1138
10096 1132 236 431 1138
10135 1134 216 431 1138
609 396 235 431 1138
475 39 233 431 1138
10136 1130 231 431 1138
459 431 221 431 1138
10165 1146 212 431 1138
522 132 221 431 1138
10121 1133 231 431 1138
10122 1132 210 432 1139
10096 1133 231 432 1139
10135 1135 220 432 1139
297 383 223 432 1139
10136 1131 236 432 1139
459 432 231 432 1139
773 375 225 432 1139
10121 1134 220 432 1139
10096 1134 233 433 1140
378 418 222 433 1140
10135 1136 221 433 1140
609 2 224 433 1140
641 429 223 433 1140
297 384 221 433 1140
10136 1132 231 433 1140
773 376 221 433 1140
522 134 227 433 1140
10121 1135 212 433 1140
458 460 222 433 1140
10122 1134 210 434 1141
10096 1135 238 434 1141
764 385 221 434 1141
10135 1137 218 434 1141
82 383 221 434 1141
609 3 224 434 1141
475 42 222 434 1141
297 385 227 434 1141
10136 1133 233 434 1141
459 434 228 434 1141
522 135 221 434 1141
66 384 221 434 1141
10121 1136 223 434 1141
458 461 223 434 1141
10122 1135 210 435 1142
10096 1136 233 435 1142
10135 1138 210 435 1142
609 4 227 435 1142
10147 1134 209 435 1142
475 43 223 435 1142
297 386 223 435 1142
10136 1134 228 435 1142
459 435 233 435 1142
522 136 229 435 1142
10121 1137 223 435 1142
10122 1136 209 436 1143
10096 1137 232 436 1143
764 387 222 436 1143
10135 1139 222 436 1143
179 281 221 436 1143
475 44 225 436 1143
10136 1135 223 436 1143
459 436 224 436 1143
10165 1151 211 436 1143
522 137 222 436 1143
10121 1138 220 436 1143
593 135 222 436 1143
458 463 221 436 1143
10096 1138 233 437 1144
764 388 224 437 1144
10135 1140 209 437 1144
10136 1136 227 437 1144
765 15 223 437 1144
10121 1139 217 437 1144
522 138 221 437 1144
458 464 221 437 1144
10122 1138 210 438 1145
10096 1139 231 438 1145
378 423 221 438 1145
10135 1141 209 438 1145
82 387 225 438 1145
609 7 227 438 1145
10136 1137 233 438 1145
459 438 227 438 1145
10121 1140 224 438 1145
66 388 231 438 1145
522 139 223 438 1145
10096 1140 221 439 1146
764 390 236 439 1146
82 388 223 439 1146
609 8 224 439 1146
179 284 225 439 1146
475 47 224 439 1146
10136 1138 227 439 1146
765 17 223 439 1146
10121 1141 227 439 1146
66 389 232 439 1146
458 466 222 439 1146
10122 1140 210 440 1147
10096 1141 233 440 1147
82 389 224 440 1147
10136 1139 222 440 1147
765 18 221 440 1147
10165 1155 210 440 1147
10121 1142 208 440 1147
458 467 223 440 1147
10096 1142 226 441 1148
10147 1140 210 441 1148
475 49 231 441 1148
10136 1140 231 441 1148
459 441 221 441 1148
10121 1143 219 441 1148
522 142 227 441 1148
458 468 221 442 1149
10122 1142 213 442 1149
10096 1143 224 442 1149
475 50 227 442 1149
297 393 225 442 1149
10136 1141 233 442 1149
10165 1157 209 442 1149
10121 1144 213 442 1149
66 392 221 442 1149
593 141 221 443 1150
10122 1143 221 443 1150
10096 1144 235 443 1150
103 468 223 443 1150
297 394 226 443 1150
10136 1142 235 443 1150
459 443 225 443 1150
773 386 224 443 1150
10121 1145 223 443 1150
593 142 222 444 1151
10122 1144 209 444 1151
10096 1145 231 444 1151
10135 1147 209 444 1151
297 395 227 444 1151
179 289 221 444 1151
475 52 223 444 1151
10136 1143 237 444 1151
459 444 224 444 1151
773 387 221 444 1151
10121 1146 223 444 1151
522 145 223 444 1151
458 471 228 445 1152
10122 1145 211 445 1152
10096 1146 221 445 1152
378 430 230 445 1152
10135 1148 210 445 1152
10136 1144 216 445 1152
459 445 229 445 1152
765 23 221 445 1152
10121 1147 227 445 1152
522 146 224 445 1152
458 472 222 446 1153
10122 1146 212 446 1153
10096 1147 223 446 1153
764 397 223 446 1153
378 431 222 446 1153
475 54 223 446 1153
10136 1145 228 446 1153
773 389 230 446 1153
10121 1148 226 446 1153
458 473 222 447 1154
10096 1148 219 447 1154
764 398 224 447 1154
10135 1150 210 447 1154
82 396 221 447 1154
297 398 226 447 1154
10136 1146 230 447 1154
773 390 221 447 1154
10096 1149 217 448 1155
10135 1151 216 448 1155
82 397 225 448 1155
641 444 221 448 1155
10136 1147 226 448 1155
10122 1149 212 449 1156
10096 1150 229 449 1156
10135 1152 210 449 1156
297 400 222 449 1156
10136 1148 226 449 1156
10121 1151 211 449 1156
10136 1149 213 450 1157
10122 1151 214 451 1158
764 402 221 451 1158
10096 1152 223 451 1158
10135 1154 212 451 1158
297 402 225 451 1158
475 59 221 451 1158
10136 1150 223 451 1158
459 451 225 451 1158
10121 1153 221 451 1158
66 401 221 451 1158
10122 1152 211 452 1159
10096 1153 214 452 1159
10135 1155 221 452 1159
103 477 223 452 1159
297 403 222 452 1159
10136 1151 237 452 1159
179 297 221 452 1159
773 395 227 452 1159
10165 1167 212 452 1159
10121 1154 232 452 1159
10096 1154 227 453 1160
10135 1156 214 453 1160
82 402 224 453 1160
297 404 221 453 1160
10136 1152 225 453 1160
459 453 223 453 1160
773 396 222 453 1160
10121 1155 215 453 1160
10122 1154 217 454 1161
10096 1155 232 454 1161
297 405 231 454 1161
10136 1153 227 454 1161
475 62 225 454 1161
179 299 221 454 1161
10005 1156 209 454 1161
773 397 221 454 1161
10165 1169 209 454 1161
10121 1156 222 454 1161
66 404 227 454 1161
458 481 221 454 1161
10122 1155 211 455 1162
10096 1156 222 455 1162
10135 1158 214 455 1162
10136 1488 223 793 1500
10121 1491 221 793 1500
10096 1491 209 794 1501
10136 1489 224 794 1501
253 594 223 0 1542
10031 1545 213 0 1542
10134 1535 209 0 1542
10076 1539 209 1 1543
10055 1543 214 1 1543
323 774 222 1 1543
10158 1538 210 1 1543
114 642 223 1 1543
608 273 224 1 1543
10173 1539 213 1 1543
10106 1541 225 1 1543
724 851 225 2 1544
430 753 223 2 1544
787 538 227 2 1544
10040 1538 212 2 1544
717 850 233 2 1544
742 737 221 2 1544
756 170 223 2 1544
379 33 225 2 1544
716 851 226 2 1544
731 272 223 0 1555
10076 1551 218 0 1555
10055 1555 223 0 1555
10106 1553 224 0 1555
731 273 240 1 1556
410 856 238 1 1556
10076 1552 224 1 1556
10055 1556 223 1 1556
576 831 222 1 1556
10106 1554 222 1 1556
731 274 246 2 1557
410 857 225 2 1557
10076 1553 214 2 1557
10055 1557 220 2 1557
576 832 235 2 1557
10106 1555 221 2 1557
731 275 245 3 1558
410 858 231 3 1558
738 799 221 3 1558
10055 1558 215 3 1558
47 615 222 0 1617
10040 1612 216 0 1617
759 913 227 1 1618
10078 1617 221 1 1618
10018 945 208 1 1618
10106 1616 217 1 1618
10040 1613 222 1 1618
10076 1615 209 2 1619
10055 1619 218 2 1619
10173 1615 215 2 1619
10106 1617 212 2 1619
61 933 224 2 1619
125 369 223 3 1620
564 665 225 3 1620
93 843 224 3 1620
10154 1614 219 3 1620
451 932 229 4 1621
10154 1615 210 4 1621
338 281 227 5 1622
10129 1619 209 5 1622
10121 1616 231 0 1626
10122 1615 233 0 1626
10096 1616 211 0 1626
10135 1618 209 0 1626
10136 1614 241 0 1626
10121 1617 233 1 1627
10122 1616 220 1 1627
10096 1617 217 1 1627
10135 1619 210 1 1627
10136 1615 227 1 1627
10121 1618 219 2 1628
10122 1617 210 2 1628
10096 1618 209 2 1628
10136 1616 225 2 1628
10121 1619 227 3 1629
10122 1618 212 3 1629
10136 1617 224 3 1629
10121 1620 216 4 1630
10122 1619 211 4 1630
10096 1620 216 4 1630
10147 1758 221 0 1770
10029 1761 216 0 1770
10147 1759 227 1 1771
10029 1762 217 1 1771
10096 1762 209 1 1771
10147 1760 217 2 1772
10029 1763 213 2 1772
163 473 232 2 1772
10122 1762 224 2 1772
10096 1763 211 2 1772
62 1012 225 3 1773
10147 1761 233 3 1773
10029 1764 229 3 1773
10122 1763 217 3 1773
62 1013 224 4 1774
10147 1762 239 4 1774
10136 1762 210 4 1774
10165 1778 210 4 1774
10121 1765 217 4 1774
10122 1764 213 4 1774
10136 1790 235 0 1802
10121 1793 217 0 1802
10122 1792 225 0 1802
10096 1793 221 0 1802
10135 1795 209 1 1803
10136 1791 239 1 1803
10121 1794 231 1 1803
10122 1793 212 1 1803
10096 1794 220 1 1803
10135 1796 210 2 1804
10136 1792 233 2 1804
10005 1795 209 2 1804
10165 1808 209 2 1804
10121 1795 214 2 1804
10122 1794 216 2 1804
10096 1795 214 2 1804
10135 1797 211 3 1805
10136 1793 227 3 1805
10121 1796 219 3 1805
10122 1795 209 3 1805
10136 1801 229 0 1815
10121 1804 223 0 1815
10122 1803 217 0 1815
10096 1804 217 0 1815
10135 1806 211 0 1815
10136 1802 239 1 1816
10005 1805 211 1 1816
10165 1818 211 1 1816
10121 1805 221 1 1816
10122 1804 222 1 1816
10096 1805 221 1 1816
10136 1803 237 2 1817
10121 1806 233 2 1817
10096 1806 221 2 1817
10135 1808 212 2 1817
10136 1804 236 3 1818
10121 1807 231 3 1818
10122 1806 219 3 1818
10096 1807 211 3 1818
10135 1809 213 3 1818
10096 1813 225 0 1823
10135 1815 211 0 1823
10136 1811 222 0 1823
10121 1814 229 0 1823
10122 1813 214 0 1823
10096 1814 230 1 1824
10135 1816 212 1 1824
10136 1812 225 1 1824
10165 1828 212 1 1824
10121 1815 229 1 1824
10096 1815 228 2 1825
10135 1817 211 2 1825
10136 1813 241 2 1825
10165 1829 209 2 1825
10121 1816 220 2 1825
10122 1815 221 2 1825
10096 1816 212 3 1826
10121 1817 219 3 1826
10122 1816 214 3 1826
10096 1817 226 4 1827
10122 1823 212 0 1834
10096 1824 221 0 1834
10135 1826 213 0 1834
10136 1822 225 0 1834
10121 1825 233 0 1834
10122 1824 216 1 1835
10135 1827 217 1 1835
10136 1823 241 1 1835
10165 1839 208 1 1835
10121 1826 218 1 1835
10122 1825 214 2 1836
10096 1826 225 2 1836
10135 1828 216 2 1836
10136 1824 233 2 1836
10165 1840 211 2 1836
10121 1827 225 2 1836
10122 1826 209 3 1837
10096 1827 225 3 1837
10135 1829 216 3 1837
10136 1825 241 3 1837
10136 1828 227 0 1841
10121 1831 225 0 1841
10122 1830 215 0 1841
10096 1831 216 0 1841
10136 1829 235 1 1842
10121 1832 239 1 1842
10122 1831 210 1 1842
10096 1832 217 1 1842
10135 1834 212 1 1842
10136 1830 237 2 1843
10121 1833 221 2 1843
10096 1833 237 2 1843
10135 1835 213 2 1843
10147 1831 209 2 1843
10136 1831 215 3 1844
10121 1834 217 3 1844
10096 1834 229 3 1844
10135 1836 211 3 1844
10136 1832 231 4 1845
10121 1835 224 4 1845
10122 1856 213 0 1867
10096 1857 219 0 1867
10135 1859 217 0 1867
10136 1855 245 0 1867
10121 1858 227 0 1867
10122 1857 218 1 1868
10136 1856 223 1 1868
10121 1859 220 1 1868
10122 1858 220 2 1869
10135 1861 208 2 1869
10136 1857 233 2 1869
10121 1860 223 2 1869
10122 1859 213 3 1870
10136 1858 226 3 1870
10005 1861 210 3 1870
10121 1861 233 3 1870
10122 1860 211 4 1871
10096 1861 214 4 1871
10135 1863 209 4 1871
10136 1859 236 4 1871
10121 1876 221 0 1886
10122 1875 218 0 1886
10096 1876 223 0 1886
10135 1878 214 0 1886
10136 1874 224 0 1886
10165 1890 211 1 1887
10121 1877 237 1 1887
10122 1876 225 1 1887
10136 1875 232 1 1887
10121 1878 221 2 1888
10122 1877 217 2 1888
10096 1878 216 2 1888
10135 1880 210 2 1888
10136 1876 241 2 1888
10165 1892 209 3 1889
10121 1879 221 3 1889
10096 1879 213 3 1889
10135 1881 219 3 1889
329 1129 221 3 1889
10136 1877 243 3 1889
10136 1914 232 0 1926
10121 1917 223 0 1926
10122 1916 221 0 1926
10096 1917 223 0 1926
10135 1919 214 0 1926
10136 1915 237 1 1927
10121 1918 229 1 1927
10122 1917 220 1 1927
10096 1918 223 1 1927
10135 1920 214 1 1927
10136 1916 237 2 1928
10121 1919 230 2 1928
10122 1918 215 2 1928
10096 1919 223 2 1928
10135 1921 216 2 1928
10136 1917 237 3 1929
