10093 807 236 0 805
10093 808 233 1 806
10093 809 226 2 807
10093 810 226 3 808
10093 811 230 4 809
10093 812 227 5 810
10093 813 226 6 811
10093 814 217 7 812
10093 815 215 8 813
10093 816 235 9 814
10093 817 223 10 815
375 38 221 10 815
10097 809 223 10 815
10093 818 227 11 816
10093 819 228 12 817
10093 820 223 13 818
10097 812 220 13 818
10085 820 210 13 818
234 43 227 14 819
10093 821 226 14 819
10162 814 209 14 819
10085 821 208 14 819
234 44 225 15 820
10095 813 211 15 820
10093 822 209 15 820
10074 813 217 15 820
10162 815 216 15 820
10085 822 209 15 820
10093 823 225 16 821
375 44 225 16 821
10085 823 208 16 821
234 46 229 17 822
10085 824 210 17 822
10093 825 212 18 823
10093 826 216 19 824
10031 828 208 19 824
10093 827 211 20 825
375 48 246 20 825
10093 828 223 21 826
234 51 230 22 827
10093 829 210 22 827
10093 830 221 23 828
575 133 231 24 829
234 53 230 24 829
10093 831 214 24 829
234 54 225 25 830
10093 832 222 25 830
575 135 227 26 831
10093 833 227 26 831
234 56 224 27 832
10093 834 208 27 832
10093 835 221 28 833
234 58 241 29 834
10093 836 219 29 834
545 4 223 30 835
575 139 225 30 835
10093 837 219 30 835
10074 828 211 30 835
545 5 230 30 835
10085 837 210 31 836
575 140 228 31 836
10074 829 208 31 836
10074 830 208 32 837
575 142 233 33 838
375 61 221 33 838
575 143 235 34 839
375 62 227 34 839
10074 832 207 34 839
575 144 237 35 840
10074 833 207 35 840
575 145 235 36 841
375 64 227 36 841
10074 834 208 36 841
575 146 237 37 842
375 65 225 37 842
575 147 225 38 843
575 148 225 39 844
575 149 232 40 845
375 68 227 40 845
545 15 235 40 845
10074 839 207 41 846
545 16 221 41 846
375 70 225 42 847
545 17 225 42 847
575 152 221 43 848
10093 850 208 43 848
545 18 226 43 848
234 73 224 44 849
10093 851 208 44 849
375 72 227 44 849
10074 842 208 44 849
545 19 225 44 849
575 154 221 45 850
10093 852 210 45 850
375 73 230 45 850
545 20 227 45 850
10093 853 214 46 851
545 21 231 46 851
234 76 225 47 852
10093 854 219 47 852
10097 846 211 47 852
10085 854 211 48 853
432 25 223 48 853
234 77 237 48 853
10093 855 225 48 853
10097 847 210 48 853
10093 856 239 49 854
10097 848 209 49 854
575 159 235 50 855
234 79 229 50 855
10093 857 221 50 855
375 78 227 50 855
10097 849 208 50 855
234 80 235 51 856
575 160 227 51 856
10093 858 221 51 856
10031 860 209 51 856
545 26 221 51 856
575 161 225 52 857
234 81 229 52 857
10093 859 225 52 857
375 80 225 52 857
10097 851 209 52 857
10085 859 207 52 857
234 82 230 53 858
10093 860 221 53 858
10097 852 217 53 858
234 83 223 54 859
10093 861 222 54 859
10097 853 212 54 859
10031 863 208 54 859
545 29 223 54 859
234 84 227 55 860
10093 862 211 55 860
10097 854 208 55 860
234 85 226 56 861
10093 863 223 56 861
10097 855 208 56 861
10085 863 207 56 861
234 86 228 57 862
10093 864 223 57 862
10085 864 207 57 862
234 87 226 58 863
10093 865 215 58 863
10097 857 211 58 863
10031 867 208 58 863
234 88 223 59 864
10093 866 231 59 864
10097 858 217 59 864
10097 859 228 60 865
10097 860 223 61 866
10097 861 211 62 867
10097 862 219 63 868
10097 863 231 64 869
10097 864 219 65 870
10097 865 211 66 871
10093 874 236 67 872
10093 875 220 68 873
10093 876 221 69 874
10093 877 227 70 875
10093 878 225 71 876
10093 879 223 72 877
10093 880 225 73 878
10093 881 220 74 879
10093 882 219 75 880
10093 883 219 76 881
10093 884 217 77 882
10093 885 219 78 883
10093 886 231 79 884
10093 887 221 80 885
10093 888 221 81 886
10093 889 222 82 887
10093 890 223 83 888
10093 891 225 84 889
10093 892 226 85 890
10031 894 206 85 890
10093 893 226 86 891
10093 894 226 87 892
10093 895 227 88 893
10093 896 224 89 894
10093 897 226 90 895
10031 899 207 90 895
10093 898 225 91 896
10093 899 225 92 897
10093 900 225 93 898
10031 902 207 93 898
10093 901 224 94 899
10093 902 225 95 900
10093 903 225 96 901
10093 904 225 97 902
10093 905 224 98 903
10093 906 224 99 904
10093 907 224 100 905
10093 908 223 101 906
10093 909 223 102 907
10093 910 216 103 908
10093 911 219 104 909
10093 912 225 105 910
10004 907 207 105 910
234 135 223 106 911
10093 913 221 106 911
10093 914 217 107 912
10031 917 207 108 913
10093 916 223 109 914
10093 917 223 110 915
10093 918 225 111 916
10093 919 217 112 917
10093 920 214 113 918
10093 921 222 114 919
10093 922 223 115 920
10093 923 225 116 921
10031 925 207 116 921
10093 924 220 117 922
10093 925 217 118 923
10093 926 210 119 924
10093 927 210 120 925
10031 929 207 120 925
10093 928 218 121 926
10093 929 209 122 927
10093 931 220 124 929
10093 932 221 125 930
10093 933 227 126 931
10004 928 208 126 931
10093 934 223 127 932
10004 929 207 127 932
10093 935 219 128 933
10093 936 217 129 934
10093 937 223 130 935
10031 939 208 130 935
10093 938 215 131 936
10093 939 223 132 937
10093 940 222 133 938
10031 942 208 133 938
10093 941 225 134 939
10031 943 207 134 939
10093 942 223 135 940
10031 944 207 135 940
10093 943 225 136 941
10093 944 225 137 942
10093 945 225 138 943
10093 946 226 139 944
10093 947 223 140 945
10093 948 219 141 946
10093 949 214 142 947
10093 950 218 143 948
10093 951 218 144 949
10093 952 221 145 950
10093 954 215 147 952
10093 955 215 148 953
10093 956 210 149 954
10093 957 219 150 955
10093 958 210 151 956
10093 959 208 152 957
10093 960 209 153 958
10093 961 209 154 959
10093 962 215 155 960
10093 964 211 157 962
10093 965 214 158 963
10093 966 213 159 964
10093 967 210 160 965
10093 968 223 161 966
10093 969 213 162 967
10093 970 217 163 968
10093 971 217 164 969
10093 972 216 165 970
10093 973 217 166 971
10093 974 222 167 972
10093 975 220 168 973
10093 976 220 169 974
10093 977 220 170 975
10093 978 220 171 976
10093 979 220 172 977
10093 980 219 173 978
10093 981 209 174 979
10093 982 226 175 980
10093 983 235 176 981
10093 984 234 177 982
10093 985 233 178 983
10093 986 234 179 984
10093 987 239 180 985
10093 988 238 181 986
10093 989 237 182 987
10093 990 237 183 988
10093 991 237 184 989
10093 992 235 185 990
10093 993 235 186 991
10093 994 235 187 992
10093 995 235 188 993
10093 996 235 189 994
10093 997 235 190 995
10093 998 235 191 996
10093 999 239 192 997
10093 1000 237 193 998
10093 1001 237 194 999
10093 1002 237 195 1000
10093 1003 237 196 1001
10093 1004 238 197 1002
10093 1005 237 198 1003
10093 1006 237 199 1004
10093 1007 237 200 1005
10093 1008 237 201 1006
10093 1009 237 202 1007
10093 1010 237 203 1008
10093 1011 237 204 1009
10093 1012 237 205 1010
10093 1013 237 206 1011
10093 1014 233 207 1012
10093 1015 230 208 1013
10093 1016 237 209 1014
10093 1017 237 210 1015
10093 1018 237 211 1016
10093 1019 236 212 1017
10093 1020 223 213 1018
10093 1021 213 214 1019
10093 1022 213 215 1020
10093 1023 213 216 1021
10093 1024 212 217 1022
10093 1025 212 218 1023
10093 1026 214 219 1024
10093 1027 213 220 1025
10093 1028 214 221 1026
10093 1029 213 222 1027
10093 1030 214 223 1028
10093 1031 213 224 1029
10093 1032 213 225 1030
10093 1033 213 226 1031
10093 1034 223 227 1032
10093 1035 217 228 1033
10093 1036 217 229 1034
10093 1037 216 230 1035
10093 1038 212 231 1036
10093 1039 212 232 1037
10093 1040 222 233 1038
10093 1041 221 234 1039
10093 1042 221 235 1040
10093 1043 223 236 1041
10093 1044 221 237 1042
10093 1045 225 238 1043
10093 1046 233 239 1044
10093 1047 229 240 1045
10093 1048 233 241 1046
10093 1049 232 242 1047
10093 1050 233 243 1048
10093 1051 233 244 1049
10093 1052 229 245 1050
10093 1053 225 246 1051
10093 1054 227 247 1052
10093 1055 227 248 1053
10093 1056 227 249 1054
10093 1057 228 250 1055
10093 1058 226 251 1056
10093 1059 229 252 1057
10093 1060 227 253 1058
10093 1061 227 254 1059
10093 1062 229 255 1060
10093 1063 227 256 1061
10093 1064 227 257 1062
10093 1065 225 258 1063
10093 1066 226 259 1064
10093 1067 225 260 1065
10093 1068 226 261 1066
10093 1069 227 262 1067
10093 1070 226 263 1068
10093 1071 226 264 1069
10093 1072 227 265 1070
10093 1073 229 266 1071
10093 1074 233 267 1072
10093 1075 231 268 1073
10093 1076 231 269 1074
10093 1077 232 270 1075
10093 1078 232 271 1076
10093 1079 232 272 1077
234 302 221 272 1077
10093 1080 231 273 1078
234 303 221 273 1078
10093 1081 231 274 1079
10093 1082 232 275 1080
10093 1083 232 276 1081
10093 1084 231 277 1082
10093 1085 233 278 1083
10093 1086 233 279 1084
10093 1087 232 280 1085
10093 1088 233 281 1086
10093 1089 233 282 1087
10093 1090 232 283 1088
10093 1091 232 284 1089
10093 1092 232 285 1090
10093 1093 232 286 1091
234 316 221 286 1091
10093 1094 231 287 1092
10093 1095 231 288 1093
10093 1096 232 289 1094
10093 1097 231 290 1095
10093 1098 232 291 1096
10093 1099 233 292 1097
10093 1100 231 293 1098
10093 1101 231 294 1099
10093 1102 232 295 1100
10093 1103 232 296 1101
10093 1104 233 297 1102
10093 1105 232 298 1103
10093 1106 231 299 1104
10093 1107 232 300 1105
10093 1108 233 301 1106
10093 1109 232 302 1107
10093 1110 231 303 1108
10093 1111 232 304 1109
10093 1112 232 305 1110
10093 1113 231 306 1111
10093 1114 231 307 1112
10093 1115 231 308 1113
10093 1116 229 309 1114
10093 1117 232 310 1115
10093 1118 232 311 1116
10093 1119 232 312 1117
10093 1120 232 313 1118
10093 1121 232 314 1119
10093 1122 232 315 1120
234 345 225 315 1120
10093 1123 233 316 1121
10093 1124 233 317 1122
10093 1125 233 318 1123
10093 1126 233 319 1124
10093 1127 233 320 1125
10093 1128 233 321 1126
10093 1129 232 322 1127
10093 1130 232 323 1128
10093 1131 232 324 1129
10093 1132 232 325 1130
10093 1133 233 326 1131
10093 1134 233 327 1132
10093 1135 233 328 1133
10093 1136 233 329 1134
10093 1137 232 330 1135
10093 1138 232 331 1136
10093 1139 233 332 1137
10093 1140 224 333 1138
10093 1141 227 334 1139
10093 1142 227 335 1140
10093 1143 219 336 1141
10093 1144 227 337 1142
10093 1145 231 338 1143
10093 1146 233 339 1144
10031 1148 207 339 1144
10093 1147 233 340 1145
10031 1149 208 340 1145
10093 1148 232 341 1146
10031 1150 208 341 1146
10093 1149 231 342 1147
10093 1150 232 343 1148
10031 1152 207 343 1148
10093 1151 231 344 1149
10093 1152 231 345 1150
10031 1154 207 345 1150
10093 1153 231 346 1151
10093 1154 231 347 1152
10093 1155 231 348 1153
10031 1157 208 348 1153
10093 1156 231 349 1154
10093 1157 231 350 1155
10031 1159 207 350 1155
10093 1158 230 351 1156
10031 1160 207 351 1156
10093 1159 231 352 1157
10031 1161 208 352 1157
10093 1160 231 353 1158
10031 1162 207 353 1158
10093 1161 231 354 1159
10031 1163 207 354 1159
10093 1162 229 355 1160
10031 1164 208 355 1160
10093 1163 229 356 1161
10031 1165 208 356 1161
10093 1164 231 357 1162
10031 1166 207 357 1162
10093 1165 231 358 1163
10031 1167 207 358 1163
10093 1166 231 359 1164
10031 1168 207 359 1164
10093 1167 231 360 1165
10031 1169 207 360 1165
10093 1168 231 361 1166
10031 1170 207 361 1166
10093 1169 231 362 1167
10031 1171 207 362 1167
10093 1170 231 363 1168
10093 1171 231 364 1169
10031 1173 208 364 1169
10093 1172 231 365 1170
10031 1174 207 365 1170
10093 1173 231 366 1171
10031 1175 207 366 1171
10093 1174 231 367 1172
10093 1175 231 368 1173
10031 1177 207 368 1173
10093 1176 229 369 1174
10093 1177 231 370 1175
10031 1179 208 370 1175
10093 1178 231 371 1176
10031 1180 207 371 1176
10093 1179 231 372 1177
10093 1180 229 373 1178
10031 1182 207 373 1178
10093 1181 231 374 1179
10031 1183 207 374 1179
10093 1182 231 375 1180
10093 1183 231 376 1181
10031 1185 207 376 1181
10093 1184 231 377 1182
10031 1186 207 377 1182
10093 1185 231 378 1183
10093 1186 231 379 1184
10031 1188 207 379 1184
10093 1187 231 380 1185
10031 1189 207 380 1185
10093 1188 231 381 1186
10093 1189 227 382 1187
10093 1190 230 383 1188
10093 1191 232 384 1189
10093 1192 235 385 1190
10093 1193 230 386 1191
10093 1194 229 387 1192
10093 1195 227 388 1193
10093 1196 230 389 1194
10093 1197 233 390 1195
10093 1198 227 391 1196
10093 1199 228 392 1197
10093 1200 227 393 1198
10093 1201 233 394 1199
10093 1202 232 395 1200
10093 1203 230 396 1201
10093 1204 225 397 1202
10093 1205 225 398 1203
10093 1206 223 399 1204
10093 1207 223 400 1205
10093 1208 225 401 1206
10093 1209 217 402 1207
10093 1210 221 403 1208
10093 1211 227 404 1209
10093 1212 231 405 1210
10093 1213 229 406 1211
10093 1214 231 407 1212
10093 1215 231 408 1213
10093 1216 231 409 1214
10093 1217 231 410 1215
10093 1218 230 411 1216
10093 1219 229 412 1217
10093 1220 229 413 1218
10093 1221 231 414 1219
10093 1222 231 415 1220
10093 1223 233 416 1221
10093 1224 233 417 1222
10093 1225 231 418 1223
10093 1226 232 419 1224
10093 1227 233 420 1225
10093 1228 233 421 1226
10093 1229 233 422 1227
10093 1230 213 423 1228
10093 1231 214 424 1229
10093 1232 217 425 1230
10093 1233 215 426 1231
10093 1234 216 427 1232
10093 1235 214 428 1233
10093 1236 216 429 1234
10093 1237 215 430 1235
10093 1238 216 431 1236
10093 1239 217 432 1237
10093 1240 216 433 1238
10093 1241 217 434 1239
10093 1242 217 435 1240
10093 1243 216 436 1241
10093 1244 217 437 1242
10093 1245 218 438 1243
10093 1246 217 439 1244
10093 1247 217 440 1245
10093 1248 217 441 1246
10093 1249 230 442 1247
10093 1250 227 443 1248
10093 1251 227 444 1249
10093 1252 220 445 1250
10093 1253 229 446 1251
10093 1254 228 447 1252
10093 1255 227 448 1253
10093 1256 226 449 1254
10093 1257 226 450 1255
10093 1258 225 451 1256
10093 1259 226 452 1257
10093 1260 225 453 1258
10093 1261 226 454 1259
10093 1262 225 455 1260
10093 1263 226 456 1261
10093 1264 226 457 1262
10093 1265 225 458 1263
10093 1266 228 459 1264
10093 1267 230 460 1265
10093 1268 229 461 1266
10093 1269 229 462 1267
10093 1270 228 463 1268
10093 1271 229 464 1269
10093 1272 228 465 1270
10093 1273 227 466 1271
10093 1274 229 467 1272
10093 1275 227 468 1273
10093 1276 228 469 1274
10093 1277 227 470 1275
10093 1278 229 471 1276
10093 1279 227 472 1277
10093 1280 227 473 1278
10093 1281 229 474 1279
10093 1282 228 475 1280
10093 1283 227 476 1281
10093 1284 227 477 1282
10093 1285 227 478 1283
10093 1286 229 479 1284
10093 1287 227 480 1285
10093 1288 227 481 1286
10093 1289 227 482 1287
10093 1290 227 483 1288
10093 1291 227 484 1289
10093 1292 227 485 1290
10093 1293 229 486 1291
10093 1294 229 487 1292
10093 1295 228 488 1293
10093 1296 219 489 1294
10093 1297 225 490 1295
10031 1299 209 491 1296
10093 1298 223 491 1296
10093 1299 223 492 1297
10093 1300 231 493 1298
10093 1301 231 494 1299
10093 1302 231 495 1300
10093 1303 229 496 1301
10093 1304 231 497 1302
10093 1305 227 498 1303
10093 1306 229 499 1304
10093 1307 231 500 1305
10031 1309 209 501 1306
10093 1308 230 501 1306
10031 1310 208 502 1307
10093 1309 229 502 1307
10031 1311 207 503 1308
10093 1310 230 503 1308
10031 1312 206 504 1309
10093 1311 229 504 1309
10093 1312 231 505 1310
10093 1313 231 506 1311
10093 1314 231 507 1312
10093 1315 231 508 1313
10093 1316 232 509 1314
10093 1317 232 510 1315
10093 1318 233 511 1316
10093 1319 233 512 1317
10093 1320 232 513 1318
10093 1321 229 514 1319
10093 1322 233 515 1320
10093 1323 231 516 1321
10093 1324 232 517 1322
10093 1325 229 518 1323
10093 1326 233 519 1324
10031 1328 207 520 1325
10093 1327 235 520 1325
10093 1328 229 521 1326
10093 1329 225 522 1327
10093 1330 225 523 1328
10093 1331 219 524 1329
234 554 223 525 1330
10093 1332 221 525 1330
234 555 222 526 1331
10093 1333 223 526 1331
10093 1334 222 527 1332
234 557 222 528 1333
10093 1335 221 528 1333
234 558 221 529 1334
10093 1336 225 529 1334
10093 1337 211 530 1335
10093 1338 219 531 1336
10093 1339 221 532 1337
10093 1340 214 533 1338
10093 1341 212 534 1339
10093 1342 223 535 1340
10093 1343 221 536 1341
10093 1344 221 537 1342
10093 1345 235 538 1343
10093 1346 229 539 1344
10093 1347 228 540 1345
10093 1348 229 541 1346
10093 1349 226 542 1347
10093 1350 230 543 1348
10093 1351 221 544 1349
10093 1352 231 545 1350
10093 1353 223 546 1351
10093 1354 233 547 1352
10093 1355 233 548 1353
10093 1356 229 549 1354
10093 1357 229 550 1355
10093 1358 229 551 1356
10093 1359 227 552 1357
10093 1360 213 553 1358
10093 1361 209 554 1359
10093 1362 233 555 1360
10093 1363 227 556 1361
10093 1364 221 557 1362
10093 1365 227 558 1363
10093 1366 229 559 1364
10093 1367 229 560 1365
10093 1368 230 561 1366
10093 1369 229 562 1367
10093 1370 229 563 1368
10093 1371 229 564 1369
10093 1372 228 565 1370
10093 1373 230 566 1371
10093 1374 228 567 1372
10093 1375 228 568 1373
10093 1376 229 569 1374
10093 1377 229 570 1375
10093 1378 229 571 1376
10093 1379 228 572 1377
10093 1380 229 573 1378
10093 1381 227 574 1379
10093 1382 229 575 1380
10093 1383 227 576 1381
10093 1384 227 577 1382
10093 1385 227 578 1383
10093 1386 227 579 1384
10093 1387 227 580 1385
10093 1388 229 581 1386
10093 1389 227 582 1387
10093 1390 227 583 1388
10093 1391 229 584 1389
10093 1392 227 585 1390
10093 1393 223 586 1391
10093 1394 223 587 1392
10093 1395 225 588 1393
10093 1396 225 589 1394
10093 1397 225 590 1395
10093 1398 226 591 1396
10093 1399 225 592 1397
10093 1400 225 593 1398
10093 1401 223 594 1399
10093 1402 225 595 1400
10093 1403 224 596 1401
10093 1404 224 597 1402
10093 1405 225 598 1403
10093 1406 225 599 1404
10093 1407 225 600 1405
10093 1408 225 601 1406
10093 1409 225 602 1407
10093 1410 225 603 1408
10093 1411 225 604 1409
10093 1412 225 605 1410
10093 1413 225 606 1411
10093 1414 225 607 1412
10093 1415 225 608 1413
10093 1416 225 609 1414
10093 1417 225 610 1415
10093 1418 225 611 1416
10093 1419 225 612 1417
10093 1420 228 613 1418
10093 1421 235 614 1419
10093 1422 235 615 1420
10093 1423 235 616 1421
10093 1424 235 617 1422
10093 1425 235 618 1423
10093 1426 235 619 1424
10093 1427 235 620 1425
10093 1428 235 621 1426
10093 1429 235 622 1427
10093 1430 235 623 1428
10093 1431 235 624 1429
10093 1432 235 625 1430
10093 1433 235 626 1431
10093 1434 235 627 1432
10093 1435 235 628 1433
10093 1436 235 629 1434
10093 1437 236 630 1435
10093 1438 235 631 1436
10093 1439 235 632 1437
10093 1440 235 633 1438
10093 1441 235 634 1439
10093 1442 235 635 1440
10093 1443 236 636 1441
10031 1445 210 637 1442
10093 1444 227 637 1442
10093 1445 227 638 1443
10093 1446 227 639 1444
10093 1447 227 640 1445
10093 1448 227 641 1446
10093 1449 227 642 1447
10093 1450 227 643 1448
10093 1451 227 644 1449
10093 1452 227 645 1450
10093 1453 227 646 1451
10093 1454 229 647 1452
10093 1455 227 648 1453
10093 1456 229 649 1454
10093 1457 225 650 1455
10093 1458 227 651 1456
10093 1459 229 652 1457
10093 1460 229 653 1458
10093 1461 229 654 1459
10093 1462 225 655 1460
10093 1463 225 656 1461
10093 1464 225 657 1462
10093 1465 224 658 1463
10093 1466 225 659 1464
10093 1467 225 660 1465
10093 1468 225 661 1466
10093 1469 227 662 1467
10093 1470 228 663 1468
10093 1471 229 664 1469
10093 1472 227 665 1470
10093 1473 229 666 1471
10093 1474 228 667 1472
10093 1475 228 668 1473
10093 1476 229 669 1474
10093 1477 228 670 1475
10093 1478 228 671 1476
10093 1479 228 672 1477
10093 1480 229 673 1478
10093 1481 229 674 1479
10093 1482 228 675 1480
10093 1483 228 676 1481
10093 1484 229 677 1482
10093 1485 228 678 1483
10093 1486 228 679 1484
10093 1487 229 680 1485
10093 1488 227 681 1486
10093 1489 227 682 1487
10093 1490 227 683 1488
10093 1491 228 684 1489
10093 1492 220 685 1490
10031 1494 208 686 1491
10093 1493 226 686 1491
10031 1495 207 687 1492
10093 1494 227 687 1492
10031 1496 207 688 1493
10093 1495 227 688 1493
10031 1497 207 689 1494
10093 1496 226 689 1494
10093 1497 226 690 1495
10031 1499 207 691 1496
10093 1498 226 691 1496
10031 1500 207 692 1497
10093 1499 227 692 1497
10031 1501 207 693 1498
10093 1500 227 693 1498
10031 1502 207 694 1499
10093 1501 227 694 1499
10031 1503 208 695 1500
10093 1502 227 695 1500
10093 1503 227 696 1501
10093 1504 227 697 1502
10093 1505 227 698 1503
10093 1506 227 699 1504
10093 1507 227 700 1505
10093 1508 227 701 1506
10093 1509 227 702 1507
10093 1510 227 703 1508
10031 1512 207 704 1509
10093 1511 227 704 1509
10093 1512 227 705 1510
10093 1513 226 706 1511
10093 1514 219 707 1512
10093 1515 219 708 1513
10093 1516 220 709 1514
10093 1517 219 710 1515
10093 1518 219 711 1516
10093 1519 219 712 1517
10093 1520 219 713 1518
10093 1521 217 714 1519
10093 1522 215 715 1520
10093 1523 216 716 1521
10093 1524 216 717 1522
10093 1525 216 718 1523
10093 1526 216 719 1524
10093 1527 216 720 1525
10093 1528 213 721 1526
10093 1529 213 722 1527
10093 1530 213 723 1528
10093 1531 213 724 1529
10093 1532 213 725 1530
10093 1533 214 726 1531
10093 1534 215 727 1532
10093 1535 214 728 1533
10093 1536 215 729 1534
10093 1537 216 730 1535
10093 1538 216 731 1536
10093 1539 213 732 1537
10093 1540 217 733 1538
10093 1541 225 734 1539
10093 1542 222 735 1540
10093 1543 231 736 1541
10093 1544 227 737 1542
10093 1545 221 738 1543
10093 1546 223 739 1544
10093 1547 223 740 1545
10093 1548 221 741 1546
10093 1549 223 742 1547
10093 1550 222 743 1548
10093 1551 222 744 1549
10093 1552 223 745 1550
10093 1553 221 746 1551
10093 1554 222 747 1552
10093 1555 221 748 1553
10093 1556 221 749 1554
10093 1557 221 750 1555
10093 1558 221 751 1556
10093 1559 220 752 1557
10093 1560 220 753 1558
10093 1561 221 754 1559
10093 1562 220 755 1560
10093 1563 220 756 1561
10093 1564 220 757 1562
10093 1565 221 758 1563
10093 1566 221 759 1564
10093 1567 221 760 1565
10093 1568 219 761 1566
10093 1569 221 762 1567
10093 1570 221 763 1568
10093 1571 219 764 1569
10093 1572 220 765 1570
10093 1573 219 766 1571
10093 1574 220 767 1572
10093 1575 220 768 1573
10093 1576 219 769 1574
10093 1577 219 770 1575
10093 1578 219 771 1576
10093 1579 219 772 1577
10093 1580 220 773 1578
10093 1581 211 774 1579
10093 1582 213 775 1580
10093 1583 216 776 1581
10093 1584 215 777 1582
10093 1585 217 778 1583
10093 1586 215 779 1584
10093 1587 215 780 1585
10093 1588 212 781 1586
10093 1589 215 782 1587
10093 1590 215 783 1588
10093 1591 213 784 1589
10093 1592 213 785 1590
10093 1593 215 786 1591
10093 1594 213 787 1592
10093 1595 214 788 1593
10093 1596 213 789 1594
10093 1597 215 790 1595
10093 1598 215 791 1596
10093 1599 214 792 1597
10093 1600 215 793 1598
10093 1601 212 794 1599
10093 1602 214 795 1600
10093 1603 213 796 1601
10093 1604 215 797 1602
10093 1605 212 798 1603
10093 1606 213 799 1604
10093 1607 213 800 1605
10093 1608 213 801 1606
10093 1609 212 802 1607
10093 1610 213 803 1608
10093 1611 213 804 1609
10093 1612 211 805 1610
10093 1613 211 806 1611
10093 1614 210 807 1612
10093 1615 211 808 1613
10093 1616 212 809 1614
10093 1617 211 810 1615
10093 1618 211 811 1616
10093 1619 212 812 1617
10093 1620 212 813 1618
10093 1621 213 814 1619
10093 1622 212 815 1620
10093 1623 212 816 1621
10093 1624 212 817 1622
10093 1625 211 818 1623
10093 1626 212 819 1624
10093 1627 213 820 1625
10093 1628 212 821 1626
10093 1629 213 822 1627
10093 1630 211 823 1628
10093 1631 225 824 1629
10031 1633 209 825 1630
10093 1632 230 825 1630
10031 1634 208 826 1631
10093 1633 228 826 1631
10031 1635 208 827 1632
10093 1634 231 827 1632
10031 1636 209 828 1633
10093 1635 231 828 1633
10031 1637 209 829 1634
10093 1636 231 829 1634
10031 1638 208 830 1635
10093 1637 229 830 1635
10031 1639 209 831 1636
10093 1638 229 831 1636
10031 1640 208 832 1637
10093 1639 231 832 1637
10031 1641 208 833 1638
10093 1640 231 833 1638
10031 1642 209 834 1639
10093 1641 231 834 1639
10031 1643 209 835 1640
10093 1642 229 835 1640
10031 1644 208 836 1641
10093 1643 231 836 1641
10031 1645 209 837 1642
10093 1644 231 837 1642
10031 1646 209 838 1643
10093 1645 229 838 1643
10031 1647 209 839 1644
10093 1646 231 839 1644
10031 1648 208 840 1645
10093 1647 231 840 1645
10031 1649 208 841 1646
10093 1648 231 841 1646
10031 1650 208 842 1647
10093 1649 231 842 1647
10031 1651 208 843 1648
10093 1650 230 843 1648
10031 1652 208 844 1649
10093 1651 231 844 1649
10031 1653 208 845 1650
10093 1652 230 845 1650
10031 1654 208 846 1651
10093 1653 231 846 1651
10031 1655 207 847 1652
10093 1654 231 847 1652
10031 1656 208 848 1653
10093 1655 231 848 1653
10031 1657 208 849 1654
10093 1656 231 849 1654
10031 1658 208 850 1655
10093 1657 231 850 1655
10031 1659 208 851 1656
10093 1658 231 851 1656
10031 1660 208 852 1657
10093 1659 231 852 1657
10031 1661 208 853 1658
10093 1660 231 853 1658
10031 1662 209 854 1659
10093 1661 231 854 1659
10031 1663 208 855 1660
10093 1662 227 855 1660
10093 1663 233 856 1661
10093 1664 223 857 1662
10031 1666 208 858 1663
10093 1665 237 858 1663
10031 1667 208 859 1664
10076 1661 231 860 1665
10055 1665 216 860 1665
10018 992 207 860 1665
10140 1661 213 860 1665
10106 1663 211 860 1665
10040 1660 208 860 1665
10040 1661 213 861 1666
10040 1662 208 862 1667
10076 1664 207 863 1668
10055 1668 207 863 1668
10040 1663 214 863 1668
10076 1666 210 865 1670
10018 997 213 865 1670
10098 1667 210 865 1670
10106 1668 223 865 1670
10004 1667 210 866 1671
10076 1667 219 866 1671
10055 1671 221 866 1671
10018 998 210 866 1671
10158 1666 210 866 1671
10173 1667 233 866 1671
10106 1669 208 866 1671
10004 1668 209 867 1672
10076 1668 227 867 1672
10055 1672 209 867 1672
10173 1668 230 867 1672
10004 1669 211 868 1673
10076 1669 209 868 1673
10055 1673 216 868 1673
10140 1669 208 868 1673
10173 1669 237 868 1673
10004 1670 209 869 1674
10076 1670 215 869 1674
10055 1674 212 869 1674
10140 1670 207 869 1674
10173 1670 227 869 1674
10004 1671 210 870 1675
10076 1671 227 870 1675
10055 1675 216 870 1675
10173 1671 236 870 1675
10076 1672 237 871 1676
10055 1676 222 871 1676
10018 1003 213 871 1676
10158 1671 213 871 1676
10173 1672 228 871 1676
10004 1673 219 872 1677
10076 1673 219 872 1677
10031 1680 213 872 1677
10097 1671 220 873 1678
10093 1680 232 873 1678
10093 1681 215 874 1679
10093 1682 225 875 1680
10093 1683 211 876 1681
10093 1684 234 877 1682
10093 1685 224 878 1683
10093 1686 223 879 1684
10093 1687 222 880 1685
10093 1688 219 881 1686
10093 1689 232 882 1687
10093 1690 233 883 1688
10093 1691 226 884 1689
10031 1693 207 885 1690
10093 1692 224 885 1690
10093 1693 225 886 1691
10093 1694 223 887 1692
10093 1695 224 888 1693
10093 1696 225 889 1694
10093 1697 224 890 1695
10031 1699 208 891 1696
10093 1698 213 891 1696
10031 1700 209 892 1697
10093 1699 221 892 1697
10031 1701 209 893 1698
10093 1700 229 893 1698
10093 1701 224 894 1699
10031 1703 207 895 1700
10093 1702 212 895 1700
10093 1703 219 896 1701
10031 1705 208 897 1702
10093 1704 219 897 1702
10031 1706 208 898 1703
10093 1705 214 898 1703
10031 1707 208 899 1704
10093 1706 220 899 1704
10031 1708 209 900 1705
10093 1707 219 900 1705
10031 1709 208 901 1706
10093 1708 217 901 1706
10031 1710 209 902 1707
10093 1709 219 902 1707
10031 1711 208 903 1708
10093 1710 221 903 1708
10031 1712 209 904 1709
10093 1711 222 904 1709
10031 1713 209 905 1710
10093 1712 223 905 1710
10031 1714 209 906 1711
10093 1713 223 906 1711
10031 1715 209 907 1712
10093 1714 225 907 1712
10031 1716 209 908 1713
10093 1715 223 908 1713
10093 1716 222 909 1714
10093 1717 219 910 1715
10093 1718 219 911 1716
10031 1720 208 912 1717
10093 1719 215 912 1717
10093 1720 222 913 1718
10031 1722 207 914 1719
10093 1721 225 914 1719
10093 1722 223 915 1720
10093 1723 223 916 1721
10093 1724 207 917 1722
10093 1725 222 918 1723
10093 1726 219 919 1724
10093 1727 229 920 1725
10093 1728 227 921 1726
10093 1729 231 922 1727
10093 1730 227 923 1728
10093 1731 209 924 1729
10093 1733 229 926 1731
10093 1734 228 927 1732
10093 1735 230 928 1733
10093 1736 227 929 1734
10093 1737 227 930 1735
10093 1738 225 931 1736
10093 1739 220 932 1737
10093 1740 214 933 1738
10093 1741 209 934 1739
10093 1742 216 935 1740
10093 1743 212 936 1741
10093 1744 221 937 1742
10093 1745 215 938 1743
10093 1746 210 939 1744
10093 1747 220 940 1745
10093 1748 233 941 1746
10093 1749 218 942 1747
10093 1750 221 943 1748
10093 1751 226 944 1749
10093 1752 208 945 1750
10093 1753 221 946 1751
10093 1754 223 947 1752
10093 1755 223 948 1753
10093 1756 219 949 1754
10093 1757 223 950 1755
10093 1758 219 951 1756
10093 1759 219 952 1757
10093 1760 217 953 1758
10093 1761 221 954 1759
10093 1762 216 955 1760
10093 1763 222 956 1761
10093 1764 223 957 1762
10093 1765 233 958 1763
10093 1766 234 959 1764
10093 1767 220 960 1765
10093 1768 213 961 1766
10093 1769 223 962 1767
10093 1770 227 963 1768
10093 1771 237 964 1769
10093 1772 237 965 1770
10093 1773 237 966 1771
10093 1774 237 967 1772
10093 1775 237 968 1773
10093 1776 230 969 1774
10093 1777 228 970 1775
10093 1778 235 971 1776
10093 1779 237 972 1777
10093 1780 230 973 1778
10031 1782 207 974 1779
10093 1781 229 974 1779
10031 1783 208 975 1780
10093 1782 221 975 1780
10093 1783 225 976 1781
10093 1784 226 977 1782
10093 1785 227 978 1783
10093 1786 219 979 1784
10093 1787 239 980 1785
10093 1788 222 981 1786
10093 1789 222 982 1787
10031 1791 206 983 1788
10093 1790 224 983 1788
10031 1792 207 984 1789
10093 1791 224 984 1789
10093 1792 224 985 1790
10093 1793 223 986 1791
10093 1794 221 987 1792
10093 1795 220 988 1793
10093 1796 223 989 1794
10093 1797 221 990 1795
10093 1798 222 991 1796
10093 1799 225 992 1797
10093 1800 219 993 1798
10093 1801 223 994 1799
10093 1802 217 995 1800
10093 1803 225 996 1801
10093 1804 227 997 1802
10093 1805 223 998 1803
10093 1806 231 999 1804
10093 1807 232 1000 1805
10093 1808 225 1001 1806
10093 1809 227 1002 1807
10031 1811 208 1003 1808
10093 1810 225 1003 1808
10093 1811 228 1004 1809
10031 1813 207 1005 1810
10093 1812 217 1005 1810
10093 1813 221 1006 1811
10093 1814 218 1007 1812
10093 1815 233 1008 1813
10093 1816 223 1009 1814
10093 1817 229 1010 1815
10093 1818 224 1011 1816
10093 1819 233 1012 1817
10093 1820 217 1013 1818
10093 1821 227 1014 1819
10093 1822 231 1015 1820
10093 1823 232 1016 1821
10093 1824 233 1017 1822
10093 1825 230 1018 1823
10093 1826 229 1019 1824
10093 1827 225 1020 1825
10093 1828 217 1021 1826
10093 1829 216 1022 1827
10093 1830 220 1023 1828
10093 1831 226 1024 1829
10093 1832 222 1025 1830
10093 1833 228 1026 1831
10093 1834 223 1027 1832
10093 1835 227 1028 1833
10093 1836 231 1029 1834
234 1058 221 1029 1834
10093 1837 229 1030 1835
10093 1838 226 1031 1836
10093 1839 222 1032 1837
234 1061 221 1033 1838
10093 1840 225 1033 1838
10093 1841 219 1034 1839
10031 1843 208 1035 1840
10093 1842 227 1035 1840
10093 1844 217 1037 1842
10093 1845 213 1038 1843
10031 1847 209 1039 1844
10093 1846 223 1039 1844
10093 1847 226 1040 1845
10093 1848 229 1041 1846
10031 1850 208 1042 1847
10093 1849 225 1042 1847
10093 1850 227 1043 1848
10093 1851 227 1044 1849
10093 1852 225 1045 1850
10093 1853 225 1046 1851
10093 1854 218 1047 1852
234 1076 221 1048 1853
10093 1855 229 1048 1853
10093 1856 229 1049 1854
10093 1857 227 1050 1855
10093 1858 227 1051 1856
10093 1859 226 1052 1857
10093 1860 223 1053 1858
10093 1861 221 1054 1859
10093 1862 224 1055 1860
10093 1863 229 1056 1861
10093 1864 231 1057 1862
10093 1865 231 1058 1863
10093 1866 231 1059 1864
10093 1867 228 1060 1865
10093 1868 227 1061 1866
10093 1869 227 1062 1867
10093 1870 227 1063 1868
10093 1871 230 1064 1869
10093 1872 220 1065 1870
10093 1873 216 1066 1871
10093 1874 223 1067 1872
10004 1869 207 1068 1873
10093 1875 221 1068 1873
10093 1876 208 1069 1874
10031 1878 207 1070 1875
10093 1877 223 1070 1875
10093 1878 221 1071 1876
10093 1879 217 1072 1877
10093 1880 225 1073 1878
10093 1881 215 1074 1879
10093 1882 217 1075 1880
10093 1883 225 1076 1881
10093 1884 225 1077 1882
10093 1885 223 1078 1883
10031 1888 209 1080 1885
10093 1887 225 1080 1885
10093 1888 223 1081 1886
10093 1889 219 1082 1887
10093 1890 227 1083 1888
10093 1891 218 1084 1889
10093 1892 222 1085 1890
10093 1893 227 1086 1891
10093 1894 227 1087 1892
10093 1895 208 1088 1893
10093 1896 218 1089 1894
10093 1897 217 1090 1895
10093 1898 213 1091 1896
10093 1899 221 1092 1897
234 1121 221 1093 1898
10093 1900 209 1093 1898
10093 1901 215 1094 1899
545 26 221 1095 1900
10031 1903 208 1095 1900
10093 1902 227 1095 1900
10093 1903 225 1096 1901
10093 1904 216 1097 1902
10093 1905 213 1098 1903
10093 1906 229 1099 1904
10093 1907 229 1100 1905
10093 1908 221 1101 1906
10093 1910 224 1103 1908
10031 1912 209 1104 1909
10093 1911 226 1104 1909
10093 1912 227 1105 1910
10031 1914 210 1106 1911
10093 1913 225 1106 1911
10031 1915 208 1107 1912
10093 1914 225 1107 1912
10031 1917 208 1109 1914
10093 1916 216 1109 1914
10093 1917 226 1110 1915
10031 1919 210 1111 1916
10093 1918 223 1111 1916
10031 1920 209 1112 1917
10093 1920 231 1113 1918
10093 1921 233 1114 1919
10093 1922 229 1115 1920
10093 1923 224 1116 1921
10093 1924 230 1117 1922
10093 1925 218 1118 1923
10093 1926 227 1119 1924
10093 1927 225 1120 1925
10093 1928 219 1121 1926
10093 1929 220 1122 1927
10093 1930 221 1123 1928
10093 1931 223 1124 1929
10093 1932 235 1125 1930
10031 1934 207 1126 1931
10093 1933 233 1126 1931
10031 1935 208 1127 1932
10093 1934 221 1127 1932
10031 1936 207 1128 1933
10093 1935 226 1128 1933
10093 1936 235 1129 1934
10093 1937 225 1130 1935
10093 1938 212 1131 1936
10093 1939 222 1132 1937
10093 1940 226 1133 1938
10093 1941 223 1134 1939
10093 1942 221 1135 1940
10093 1943 221 1136 1941
10093 1944 223 1137 1942
10093 1945 221 1138 1943
10093 1946 213 1139 1944
10093 1947 219 1140 1945
10093 1948 217 1141 1946
10093 1949 219 1142 1947
10093 1950 220 1143 1948
10093 1951 216 1144 1949
10031 1953 207 1145 1950
10093 1952 221 1145 1950
10093 1953 222 1146 1951
10093 1954 229 1147 1952
10093 1955 221 1148 1953
10093 1956 221 1149 1954
10093 1957 221 1150 1955
10031 1959 209 1151 1956
10093 1958 232 1151 1956
10093 1959 231 1152 1957
10093 1960 225 1153 1958
10093 1961 224 1154 1959
10093 1962 212 1155 1960
10093 1963 224 1156 1961
10093 1964 231 1157 1962
10093 1965 231 1158 1963
10031 1968 209 1160 1965
10093 1967 226 1160 1965
10093 1968 226 1161 1966
10093 1969 227 1162 1967
10093 1970 226 1163 1968
10093 1971 225 1165 1970
10093 1972 225 1165 1970
10093 1973 221 1166 1971
10093 1974 231 1167 1972
10097 1966 221 1168 1973
375 45 223 1168 1973
10077 1964 211 1169 1974
10004 1970 214 1169 1974
10076 1970 219 1169 1974
10078 1973 209 1169 1974
10055 1974 245 1169 1974
10018 1301 229 1169 1974
10140 1970 213 1169 1974
10158 1969 216 1169 1974
10106 1972 217 1169 1974
10040 1969 217 1170 1975
92 1443 232 1170 1975
693 253 227 1170 1975
10078 1974 212 1170 1975
10040 1970 223 1171 1976
10040 1971 213 1172 1977
10076 1973 207 1172 1977
10078 1976 212 1172 1977
10055 1977 219 1172 1977
10106 1975 211 1172 1977
10040 1972 212 1173 1978
10078 1977 227 1173 1978
10098 1975 207 1173 1978
10040 1973 214 1174 1979
10078 1978 235 1174 1979
10040 1974 215 1175 1980
