204 40 234 0 837
10055 837 211 0 837
189 90 227 0 837
10158 832 210 0 837
10093 839 213 0 837
204 41 232 1 838
189 91 229 1 838
204 42 231 2 839
189 92 225 2 839
10140 835 212 2 839
10093 841 215 2 839
10004 836 210 3 840
204 43 239 3 840
189 93 227 3 840
10093 842 212 3 840
204 44 234 4 841
189 94 238 4 841
10158 836 212 4 841
10004 838 213 5 842
204 45 230 5 842
189 95 233 5 842
10140 838 215 5 842
10158 837 214 5 842
204 46 233 6 843
189 96 226 6 843
10140 840 212 7 844
10158 839 211 7 844
204 48 237 8 845
10140 841 211 8 845
204 49 238 9 846
10055 846 211 9 846
189 99 221 9 846
10140 842 212 9 846
204 50 227 10 847
10055 847 210 10 847
189 100 229 10 847
10140 843 215 10 847
204 51 231 11 848
189 101 224 11 848
10140 844 214 11 848
10093 850 214 11 848
204 52 235 12 849
189 102 227 12 849
10093 851 211 12 849
10004 846 214 13 850
204 53 241 13 850
10055 850 211 13 850
189 103 227 13 850
10004 847 213 14 851
10097 844 211 14 851
204 54 240 14 851
189 104 225 14 851
10158 846 211 14 851
10097 845 211 15 852
204 55 236 15 852
10140 848 214 15 852
10158 847 212 15 852
10093 854 213 15 852
10055 853 211 16 853
10140 849 215 16 853
10158 848 215 16 853
10004 850 216 17 854
10158 849 216 17 854
10140 851 214 18 855
10158 850 215 18 855
10158 851 212 19 856
10004 853 216 20 857
204 60 229 20 857
10093 859 210 20 857
10004 854 213 21 858
204 61 230 21 858
10158 853 212 21 858
10004 855 217 22 859
204 62 225 22 859
10158 854 213 22 859
10004 856 214 23 860
204 63 223 23 860
189 113 223 23 860
10140 856 214 23 860
204 64 240 24 861
189 114 224 24 861
10140 857 218 24 861
10158 856 220 24 861
10004 858 212 25 862
10097 855 213 25 862
204 65 235 25 862
189 115 229 25 862
10140 858 217 25 862
10158 857 217 25 862
10004 859 214 26 863
10140 859 217 26 863
10158 858 213 26 863
10004 860 212 27 864
204 67 227 27 864
10055 864 211 27 864
10140 860 212 27 864
10158 859 213 27 864
10004 861 211 28 865
204 68 225 28 865
10055 865 211 28 865
189 118 224 28 865
10140 861 215 28 865
10158 860 213 28 865
10004 862 211 29 866
204 69 235 29 866
10140 862 212 29 866
10158 861 213 29 866
10097 860 211 30 867
204 70 237 30 867
10158 862 212 30 867
204 71 241 31 868
189 121 229 31 868
10140 864 212 31 868
10158 863 212 31 868
10093 870 211 31 868
10004 865 211 32 869
10097 862 211 32 869
204 72 233 32 869
10158 864 211 32 869
10004 866 212 33 870
204 73 239 33 870
10031 874 212 34 871
204 74 227 34 871
189 124 222 34 871
10097 865 212 35 872
204 75 231 35 872
189 125 225 35 872
10097 866 212 36 873
204 76 233 36 873
189 126 221 36 873
10097 867 212 37 874
204 77 232 37 874
10097 868 213 38 875
204 78 232 38 875
10097 869 212 39 876
204 79 229 39 876
189 129 222 39 876
204 80 226 40 877
10093 879 213 40 877
10097 872 210 42 879
204 82 224 42 879
189 132 222 42 879
204 84 234 44 881
189 134 231 44 881
10093 883 211 44 881
204 85 234 45 882
10093 884 213 45 882
204 86 227 46 883
189 136 229 46 883
10093 885 212 46 883
204 87 228 47 884
189 137 231 47 884
10004 881 210 48 885
204 88 232 48 885
10140 881 211 48 885
189 138 227 48 885
189 139 221 49 886
10093 888 211 49 886
10097 880 212 50 887
204 90 223 50 887
204 91 223 51 888
10055 888 213 51 888
10140 884 212 51 888
10158 883 215 51 888
10158 884 213 52 889
10097 883 216 53 890
204 93 227 53 890
10055 890 211 53 890
10140 886 213 53 890
189 143 225 53 890
204 94 225 54 891
10004 888 215 55 892
204 95 235 55 892
189 145 233 55 892
10158 887 212 55 892
10004 889 216 56 893
204 96 233 56 893
10140 889 214 56 893
204 97 226 57 894
10140 890 212 57 894
10093 896 212 57 894
10106 892 210 58 895
10097 888 212 58 895
204 98 223 58 895
10140 891 211 58 895
10158 890 211 58 895
10097 889 219 59 896
204 99 225 59 896
10140 892 210 59 896
10097 890 212 60 897
204 100 223 60 897
189 150 230 60 897
10093 899 212 61 898
10004 894 215 61 898
189 151 228 61 898
10140 894 213 61 898
204 102 225 62 899
189 152 224 62 899
189 153 221 63 900
189 155 223 65 902
204 106 224 66 903
204 109 221 69 906
189 159 222 69 906
204 110 221 70 907
189 160 225 70 907
189 161 228 71 908
204 112 223 72 909
204 113 222 73 910
204 114 222 74 911
10140 907 211 74 911
204 115 221 75 912
10004 909 210 76 913
204 117 222 77 914
204 119 221 79 916
10140 913 210 80 917
189 171 223 81 918
204 122 222 82 919
189 172 223 82 919
204 124 227 84 921
10004 917 211 84 921
189 174 221 84 921
204 125 225 85 922
189 175 222 85 922
189 176 223 86 923
10055 925 210 88 925
10140 921 210 88 925
10158 920 213 88 925
10004 922 212 89 926
10140 922 216 89 926
10158 921 213 89 926
204 130 233 90 927
10140 923 213 90 927
10158 922 211 90 927
204 131 239 91 928
10140 924 212 91 928
204 132 228 92 929
10004 925 211 92 929
10093 931 212 93 930
204 133 222 93 930
204 134 221 94 931
10055 931 211 94 931
10158 926 210 94 931
10004 928 213 95 932
10097 925 215 95 932
189 185 227 95 932
10140 928 215 95 932
204 136 227 96 933
204 137 229 97 934
10055 934 212 97 934
10140 930 217 97 934
204 138 221 98 935
10055 935 214 98 935
189 188 223 98 935
10140 931 215 98 935
10158 930 214 99 936
204 139 227 99 936
189 189 232 99 936
10140 932 211 99 936
10158 931 211 100 937
10097 930 212 100 937
189 190 222 100 937
10158 932 212 101 938
10093 939 213 101 938
204 141 233 101 938
10004 934 217 101 938
10097 931 214 101 938
189 191 243 101 938
10093 940 215 102 939
204 142 235 102 939
10004 935 213 102 939
189 192 242 102 939
204 143 244 103 940
10004 936 215 103 940
204 144 229 104 941
10004 937 215 104 941
10158 936 212 105 942
10093 943 212 105 942
10004 938 210 105 942
10055 942 213 105 942
10140 938 215 105 942
204 146 224 106 943
10004 939 217 106 943
10140 939 210 106 943
10158 939 211 108 945
10055 945 211 108 945
189 198 221 108 945
10158 940 213 109 946
10093 947 211 109 946
10004 942 218 109 946
10140 942 213 109 946
10158 941 213 110 947
189 200 230 110 947
189 201 231 111 948
10097 942 210 112 949
189 202 231 112 949
10004 949 210 116 953
10004 950 212 117 954
10097 947 212 117 954
10140 950 212 117 954
10093 957 211 119 956
10093 958 210 120 957
10093 959 210 121 958
10093 960 210 122 959
10093 961 210 123 960
10093 962 211 124 961
10093 963 211 125 962
10093 966 211 128 965
10093 979 210 141 978
10093 980 211 142 979
10093 981 212 143 980
10093 982 212 144 981
10093 983 211 145 982
10093 984 212 146 983
10093 986 212 148 985
10093 987 212 149 986
10093 988 212 150 987
10093 989 211 151 988
10093 990 211 152 989
10093 991 213 153 990
10093 992 211 154 991
10158 987 210 156 993
10093 994 211 156 993
10093 996 212 158 995
10158 990 210 159 996
10093 997 210 159 996
623 139 227 161 998
623 140 225 162 999
623 141 225 163 1000
623 142 227 164 1001
623 143 225 165 1002
623 144 225 166 1003
623 145 223 167 1004
623 146 223 168 1005
623 147 229 169 1006
623 148 232 170 1007
623 149 229 171 1008
623 156 225 178 1015
10158 1013 220 182 1019
623 160 230 182 1019
10140 1015 222 183 1020
189 272 233 183 1020
10158 1014 219 183 1020
623 162 250 184 1021
10004 1017 216 184 1021
10158 1016 213 185 1022
10093 1024 212 186 1023
10004 1020 211 187 1024
10055 1030 211 194 1031
10140 1026 219 194 1031
189 284 223 195 1032
10140 1027 213 195 1032
189 285 229 196 1033
10140 1028 215 196 1033
189 286 240 197 1034
10055 1034 210 198 1035
189 287 227 198 1035
10140 1030 215 198 1035
10158 1029 210 198 1035
10140 1031 211 199 1036
189 288 227 199 1036
10140 1032 217 200 1037
189 289 240 200 1037
10140 1033 220 201 1038
189 290 223 201 1038
10158 1032 216 201 1038
10055 1038 212 202 1039
189 291 237 202 1039
10055 1039 218 203 1040
10140 1035 211 203 1040
189 292 230 203 1040
10055 1040 215 204 1041
189 293 228 204 1041
189 294 237 205 1042
10055 1042 211 206 1043
189 295 233 206 1043
10093 1044 217 206 1043
10097 1036 210 206 1043
10140 1039 210 207 1044
189 296 227 207 1044
10097 1037 211 207 1044
189 297 231 208 1045
10097 1038 213 208 1045
189 298 234 209 1046
10093 1047 212 209 1046
10004 1042 211 209 1046
10140 1042 217 210 1047
189 299 233 210 1047
189 300 233 211 1048
10093 1049 212 211 1048
10004 1044 212 211 1048
10055 1048 215 212 1049
10158 1043 211 212 1049
189 301 246 212 1049
10004 1045 211 212 1049
189 302 236 213 1050
10093 1051 211 213 1050
10004 1046 216 213 1050
10055 1050 215 214 1051
10140 1046 210 214 1051
10158 1045 210 214 1051
189 303 235 214 1051
10004 1047 216 214 1051
10055 1051 220 215 1052
10158 1046 214 215 1052
189 304 229 215 1052
10093 1053 211 215 1052
10004 1048 213 215 1052
10055 1052 211 216 1053
189 305 247 216 1053
189 306 235 217 1054
10097 1047 213 217 1054
189 307 225 218 1055
189 308 233 219 1056
189 309 238 220 1057
10004 1053 216 220 1057
10093 1059 216 221 1058
189 310 235 221 1058
10004 1054 217 221 1058
10055 1058 211 222 1059
10093 1060 220 222 1059
189 311 234 222 1059
10004 1055 219 222 1059
10093 1061 218 223 1060
189 312 233 223 1060
10004 1056 216 223 1060
10093 1062 221 224 1061
189 313 235 224 1061
10004 1057 216 224 1061
10055 1061 213 225 1062
10158 1056 213 225 1062
189 314 231 225 1062
10093 1063 213 225 1062
10004 1058 220 225 1062
10158 1057 214 226 1063
10093 1064 215 226 1063
189 315 232 226 1063
10004 1059 216 226 1063
10055 1063 211 227 1064
10158 1058 211 227 1064
189 316 225 227 1064
10093 1065 216 227 1064
10004 1060 219 227 1064
10055 1064 211 228 1065
10158 1059 213 228 1065
189 317 222 228 1065
10093 1066 217 228 1065
10004 1061 217 228 1065
10158 1060 213 229 1066
189 318 228 229 1066
10093 1067 216 229 1066
10004 1062 217 229 1066
10158 1061 215 230 1067
10093 1068 212 230 1067
189 319 229 230 1067
10004 1063 215 230 1067
10055 1067 213 231 1068
10158 1062 213 231 1068
189 320 229 231 1068
10093 1069 211 231 1068
10004 1064 216 231 1068
10055 1068 211 232 1069
10158 1063 211 232 1069
189 321 231 232 1069
10004 1065 213 232 1069
10158 1064 212 233 1070
189 322 231 233 1070
10093 1071 214 233 1070
10004 1066 214 233 1070
10158 1065 216 234 1071
189 323 236 234 1071
10093 1072 216 234 1071
10004 1067 213 234 1071
10158 1066 213 235 1072
189 324 229 235 1072
10093 1073 213 235 1072
10004 1068 221 235 1072
10140 1068 210 236 1073
10158 1067 214 236 1073
189 325 235 236 1073
10093 1074 213 236 1073
10004 1069 216 236 1073
636 189 223 236 1073
10055 1073 210 237 1074
10158 1068 210 237 1074
189 326 226 237 1074
10004 1070 211 237 1074
10055 1074 210 238 1075
189 327 225 238 1075
10004 1071 218 238 1075
636 191 237 238 1075
10158 1070 214 239 1076
189 328 231 239 1076
10093 1077 217 239 1076
10158 1071 212 240 1077
189 329 235 240 1077
10093 1078 216 240 1077
10004 1073 212 240 1077
10055 1077 211 241 1078
10158 1072 213 241 1078
189 330 227 241 1078
10004 1074 212 241 1078
10093 1080 212 242 1079
189 331 231 242 1079
10004 1075 213 242 1079
10158 1074 213 243 1080
10093 1081 215 243 1080
189 333 222 244 1081
10004 1077 212 244 1081
10158 1076 213 245 1082
189 334 233 245 1082
10004 1078 212 245 1082
10140 1078 212 246 1083
10158 1077 213 246 1083
10093 1084 212 246 1083
10004 1079 215 246 1083
10055 1083 211 247 1084
10158 1078 213 247 1084
189 336 227 247 1084
10093 1085 221 247 1084
10004 1080 218 247 1084
189 337 222 248 1085
10093 1086 213 248 1085
10004 1081 213 248 1085
10158 1080 212 249 1086
189 338 234 249 1086
10093 1087 213 249 1086
10004 1082 211 249 1086
189 339 234 250 1087
10093 1088 211 250 1087
10158 1082 211 251 1088
189 340 223 251 1088
189 341 236 252 1089
10093 1090 210 252 1089
10055 1089 218 253 1090
10055 1090 217 254 1091
10140 1086 211 254 1091
10004 1087 212 254 1091
10055 1091 214 255 1092
10158 1086 213 255 1092
10140 1088 226 256 1093
10158 1087 219 256 1093
189 345 232 256 1093
10140 1089 215 257 1094
10158 1088 220 257 1094
189 346 235 257 1094
10140 1090 223 258 1095
10158 1089 221 258 1095
189 347 221 258 1095
10004 1091 213 258 1095
10055 1095 210 259 1096
10140 1091 224 259 1096
10158 1090 221 259 1096
189 348 235 259 1096
10055 1096 211 260 1097
10140 1092 219 260 1097
10158 1091 216 260 1097
189 349 238 260 1097
10055 1097 212 261 1098
10004 1094 215 261 1098
10055 1098 211 262 1099
10140 1094 214 262 1099
10158 1093 221 262 1099
10004 1095 214 262 1099
10055 1099 213 263 1100
10055 1100 210 264 1101
10140 1096 214 264 1101
10093 1102 215 264 1101
10004 1097 210 264 1101
10158 1096 212 265 1102
10093 1104 211 266 1103
10093 1105 211 267 1104
10093 1113 211 275 1112
10093 1114 211 276 1113
10093 1115 210 277 1114
10004 1110 211 277 1114
10093 1119 211 281 1118
10004 1148 210 315 1152
10093 1215 210 377 1214
680 509 225 427 1264
10055 1264 211 428 1265
680 510 233 428 1265
10055 1265 218 429 1266
10158 1260 214 429 1266
680 511 226 429 1266
10097 1259 216 429 1266
10093 1268 214 430 1267
680 512 227 430 1267
10093 1269 212 431 1268
680 513 221 431 1268
10055 1268 214 432 1269
10093 1270 210 432 1269
680 514 232 432 1269
10055 1269 213 433 1270
10093 1271 211 433 1270
680 516 235 434 1271
10004 1267 215 434 1271
680 517 223 435 1272
734 494 229 435 1272
10093 1274 212 436 1273
680 518 231 436 1273
734 495 225 436 1273
10004 1269 211 436 1273
734 496 225 437 1274
10004 1270 211 437 1274
10093 1276 215 438 1275
680 520 225 438 1275
734 497 233 438 1275
10158 1270 210 439 1276
680 521 237 439 1276
734 498 241 439 1276
10004 1272 215 439 1276
433 4 224 440 1277
10055 1277 211 441 1278
10140 1273 211 441 1278
433 5 243 441 1278
680 523 242 441 1278
734 500 227 441 1278
10140 1274 211 442 1279
433 6 239 442 1279
680 524 235 442 1279
734 501 229 442 1279
10158 1274 212 443 1280
10158 1275 212 444 1281
10093 1282 211 444 1281
433 8 226 444 1281
10004 1277 212 444 1281
10055 1281 212 445 1282
433 9 237 445 1282
680 527 231 445 1282
734 504 236 445 1282
680 528 236 446 1283
734 505 233 446 1283
10093 1285 215 447 1284
433 11 225 447 1284
680 529 227 447 1284
734 506 233 447 1284
10093 1286 217 448 1285
433 12 227 448 1285
680 530 228 448 1285
734 507 230 448 1285
10093 1287 216 449 1286
680 531 232 449 1286
433 13 233 449 1286
734 508 242 449 1286
10093 1288 217 450 1287
680 532 232 450 1287
734 509 241 450 1287
10140 1283 210 451 1288
10093 1289 215 451 1288
433 15 234 451 1288
734 510 244 451 1288
10093 1290 221 452 1289
680 534 227 452 1289
433 16 235 452 1289
734 511 242 452 1289
10093 1291 220 453 1290
680 535 227 453 1290
433 17 232 453 1290
734 512 247 453 1290
10093 1292 218 454 1291
680 536 228 454 1291
433 18 222 454 1291
734 513 235 454 1291
10093 1293 216 455 1292
433 19 227 455 1292
734 514 235 455 1292
10093 1294 219 456 1293
680 538 223 456 1293
734 515 245 456 1293
10093 1295 221 457 1294
680 539 226 457 1294
433 21 225 457 1294
734 516 243 457 1294
10093 1296 222 458 1295
680 540 221 458 1295
734 517 241 458 1295
10093 1297 220 459 1296
680 541 221 459 1296
433 23 237 459 1296
734 518 239 459 1296
10093 1298 223 460 1297
433 24 221 460 1297
734 519 243 460 1297
10093 1299 215 461 1298
680 543 226 461 1298
734 520 240 461 1298
10093 1300 217 462 1299
680 544 227 462 1299
433 26 237 462 1299
734 521 247 462 1299
10093 1301 216 463 1300
433 27 235 463 1300
734 522 231 463 1300
10093 1302 219 464 1301
680 546 229 464 1301
433 28 233 464 1301
734 523 230 464 1301
10093 1303 219 465 1302
680 547 224 465 1302
433 29 225 465 1302
734 524 228 465 1302
10140 1298 210 466 1303
10093 1304 219 466 1303
680 548 224 466 1303
734 525 230 466 1303
10093 1305 211 467 1304
680 549 225 467 1304
433 31 221 467 1304
734 526 240 467 1304
10093 1306 212 468 1305
680 550 221 468 1305
734 527 239 468 1305
10093 1307 212 469 1306
680 551 221 469 1306
433 33 233 469 1306
734 528 238 469 1306
10093 1308 212 470 1307
680 552 225 470 1307
433 34 233 470 1307
734 529 239 470 1307
10093 1309 213 471 1308
433 35 227 471 1308
734 530 239 471 1308
10093 1310 217 472 1309
680 554 230 472 1309
433 36 227 472 1309
734 531 242 472 1309
433 37 231 473 1310
433 38 229 474 1311
734 533 242 474 1311
10158 1306 210 475 1312
680 557 230 475 1312
433 39 233 475 1312
734 534 237 475 1312
734 535 228 476 1313
680 559 226 477 1314
734 536 232 477 1314
680 560 225 478 1315
433 42 227 478 1315
734 537 235 478 1315
680 561 225 479 1316
734 538 231 479 1316
680 562 225 480 1317
734 539 238 480 1317
680 563 223 481 1318
734 540 233 481 1318
680 564 228 482 1319
433 46 223 482 1319
734 541 235 482 1319
680 565 226 483 1320
734 542 235 483 1320
680 566 223 484 1321
734 543 239 484 1321
734 544 239 485 1322
734 545 236 486 1323
680 569 221 487 1324
433 51 225 487 1324
734 546 230 487 1324
680 570 222 488 1325
734 547 227 488 1325
433 53 221 489 1326
734 548 229 489 1326
734 549 235 490 1327
680 573 221 491 1328
433 55 221 491 1328
734 550 235 491 1328
734 551 233 492 1329
734 552 233 493 1330
10093 1332 215 494 1331
680 576 233 494 1331
10097 1324 211 494 1331
734 553 227 494 1331
680 577 226 495 1332
433 59 224 495 1332
734 554 223 495 1332
734 555 233 496 1333
10093 1335 210 497 1334
433 61 225 497 1334
734 556 225 497 1334
680 580 225 498 1335
433 62 227 498 1335
734 557 224 498 1335
680 581 221 499 1336
734 558 221 499 1336
680 582 222 500 1337
734 559 225 500 1337
680 583 223 501 1338
734 561 224 502 1339
734 562 225 503 1340
680 586 221 504 1341
734 563 231 504 1341
680 587 221 505 1342
734 564 232 505 1342
433 70 221 506 1343
734 565 234 506 1343
433 71 227 507 1344
734 566 231 507 1344
680 590 222 508 1345
433 72 224 508 1345
734 567 227 508 1345
680 591 225 509 1346
680 592 225 510 1347
433 76 226 512 1349
734 571 233 512 1349
10158 1344 210 513 1350
10093 1351 211 513 1350
680 595 221 513 1350
734 572 232 513 1350
10093 1352 212 514 1351
680 596 227 514 1351
433 78 231 514 1351
734 573 221 514 1351
10093 1353 217 515 1352
680 597 225 515 1352
433 79 229 515 1352
10004 1348 213 515 1352
734 574 230 515 1352
10093 1354 215 516 1353
433 80 228 516 1353
680 598 221 516 1353
734 575 229 516 1353
10093 1355 216 517 1354
680 599 224 517 1354
433 81 221 517 1354
734 576 239 517 1354
10093 1356 214 518 1355
433 82 221 518 1355
734 577 241 518 1355
10093 1357 214 519 1356
680 601 229 519 1356
433 83 230 519 1356
734 578 241 519 1356
10093 1358 211 520 1357
680 602 222 520 1357
433 84 229 520 1357
734 579 237 520 1357
680 603 221 521 1358
433 85 228 521 1358
734 580 233 521 1358
433 86 237 522 1359
10140 1355 211 522 1359
10158 1354 210 523 1360
680 605 224 523 1360
433 87 227 523 1360
10097 1353 214 523 1360
734 582 225 523 1360
10158 1355 212 524 1361
433 88 238 524 1361
10055 1361 213 524 1361
10140 1357 214 524 1361
433 89 233 525 1362
10055 1362 216 525 1362
10140 1358 211 525 1362
10158 1357 210 526 1363
433 90 232 526 1363
10004 1359 213 526 1363
10055 1363 212 526 1363
10158 1358 216 527 1364
433 91 242 527 1364
10158 1359 215 528 1365
433 92 240 528 1365
10158 1360 212 529 1366
10004 1362 216 529 1366
433 93 239 529 1366
10004 1363 210 530 1367
433 94 241 530 1367
10055 1367 210 530 1367
10140 1363 218 530 1367
10093 1369 211 531 1368
433 95 223 531 1368
10004 1364 211 531 1368
10055 1368 214 531 1368
10140 1364 215 531 1368
433 96 233 532 1369
10055 1369 212 532 1369
10140 1365 219 533 1370
10093 1371 210 533 1370
433 97 233 533 1370
10004 1366 212 533 1370
10055 1370 211 533 1370
10140 1366 219 534 1371
433 98 234 534 1371
10004 1367 218 534 1371
10055 1371 215 534 1371
10158 1366 211 535 1372
433 99 230 535 1372
10004 1368 221 535 1372
10055 1372 215 535 1372
10140 1368 210 536 1373
10158 1367 212 536 1373
433 100 236 536 1373
10004 1369 219 536 1373
10055 1373 215 536 1373
433 101 242 537 1374
10004 1370 219 537 1374
10140 1370 211 538 1375
10158 1369 214 538 1375
433 102 237 538 1375
10004 1371 215 538 1375
10055 1375 213 538 1375
10140 1371 211 539 1376
10097 1385 211 555 1392
10097 1386 210 556 1393
10097 1387 211 557 1394
10097 1389 211 559 1396
10004 1427 214 594 1431
10097 1424 209 594 1431
10158 1426 212 594 1431
623 577 223 599 1436
623 578 237 600 1437
623 579 242 601 1438
623 580 233 602 1439
623 581 224 603 1440
623 583 232 605 1442
623 584 233 606 1443
623 585 232 607 1444
623 586 231 608 1445
623 587 238 609 1446
623 588 237 610 1447
623 589 237 611 1448
623 590 232 612 1449
623 591 233 612 1449
623 592 229 614 1451
623 593 236 615 1452
623 594 243 615 1452
10093 1464 211 626 1463
623 607 224 629 1466
623 608 227 630 1467
189 739 227 649 1486
189 740 223 650 1487
10093 1532 211 694 1531
10093 1533 211 695 1532
10004 1601 211 768 1605
10055 1605 214 768 1605
10055 1606 212 769 1606
10140 1602 213 769 1606
189 862 225 772 1609
10093 1611 211 772 1609
189 863 223 773 1610
10093 1612 211 773 1610
189 864 224 774 1611
189 865 232 775 1612
189 866 221 776 1613
189 867 226 777 1614
189 868 230 778 1615
189 871 222 781 1618
189 874 221 784 1621
189 875 221 785 1622
189 876 226 786 1623
189 877 232 787 1624
189 878 229 788 1625
189 879 223 789 1626
189 880 231 790 1627
189 881 228 791 1628
189 882 229 792 1629
189 883 227 793 1630
10093 1638 210 799 1636
10093 1667 211 828 1665
10093 1668 211 829 1666
10004 1671 210 837 1674
10004 1673 210 839 1676
10055 1711 215 874 1711
10140 1707 216 874 1711
10004 1709 225 876 1713
204 504 225 876 1713
10004 1710 237 877 1714
10076 1710 212 877 1714
10031 1717 221 877 1714
204 505 231 877 1714
10173 1710 213 877 1714
10004 1711 237 878 1715
10076 1711 219 878 1715
204 506 233 878 1715
10004 1712 226 879 1716
10076 1712 219 879 1716
10031 1719 210 879 1716
204 507 225 879 1716
10173 1712 215 879 1716
10004 1713 234 880 1717
10076 1713 215 880 1717
204 508 237 880 1717
10055 1717 211 880 1717
10004 1714 228 881 1718
10031 1721 214 881 1718
204 509 238 881 1718
10004 1715 228 882 1719
10076 1715 213 882 1719
204 510 224 882 1719
10055 1719 223 882 1719
10018 1046 211 882 1719
10173 1715 225 882 1719
10004 1716 224 883 1720
10173 1716 212 883 1720
10004 1717 231 884 1721
10055 1721 215 884 1721
10173 1717 213 884 1721
10004 1718 224 885 1722
10055 1722 220 885 1722
10173 1718 213 885 1722
10004 1719 220 886 1723
10076 1719 217 886 1723
10173 1719 219 886 1723
10004 1720 237 887 1724
10076 1720 221 887 1724
204 515 231 887 1724
10055 1724 216 887 1724
10018 1051 211 887 1724
10004 1721 211 888 1725
10097 1740 212 910 1747
189 1023 221 933 1770
10093 1773 212 934 1771
10093 1775 215 936 1773
189 1027 224 937 1774
10093 1776 212 937 1774
189 1028 224 938 1775
189 1029 224 939 1776
189 1030 222 940 1777
10093 1779 213 940 1777
189 1031 224 941 1778
10093 1781 211 942 1779
189 1033 221 943 1780
189 1035 221 945 1782
189 1036 227 946 1783
10093 1790 210 951 1788
10093 1791 210 952 1789
189 1055 227 965 1802
10140 1798 216 965 1802
10158 1797 219 965 1802
10004 1799 209 966 1803
10140 1809 211 976 1813
10004 1816 212 983 1820
10004 1820 212 987 1824
10004 1821 211 988 1825
10004 1822 212 989 1826
433 4 227 989 1826
10004 1823 212 990 1827
10004 1824 211 991 1828
10004 1825 212 992 1829
10004 1832 211 999 1836
10004 1833 210 1000 1837
10004 1837 210 1004 1841
10093 1865 212 1026 1863
10158 1862 210 1030 1867
10004 1864 210 1031 1868
10093 1870 211 1031 1868
10093 1871 212 1032 1869
10093 1872 212 1033 1870
10093 1873 212 1034 1871
10093 1874 212 1035 1872
10093 1875 212 1036 1873
10093 1876 211 1037 1874
10093 1877 211 1038 1875
10004 1872 210 1039 1876
10093 1878 210 1039 1876
10004 1873 210 1040 1877
10093 1879 212 1040 1877
10093 1880 212 1041 1878
10004 1875 210 1042 1879
10093 1881 210 1042 1879
10093 1896 210 1057 1894
10093 1901 211 1062 1899
10093 1902 210 1063 1900
10140 1901 210 1068 1905
10004 1912 211 1078 1915
10004 1913 212 1079 1916
10004 1914 212 1080 1917
10158 1917 210 1085 1922
204 24 221 1086 1923
10055 1923 211 1086 1923
10004 1933 210 1099 1936
10004 1938 211 1104 1941
10140 1955 211 1122 1959
10140 1956 213 1123 1960
10140 1957 212 1124 1961
10158 1956 211 1124 1961
10093 1963 216 1124 1961
10004 1989 214 1156 1993
189 1246 250 1156 1993
10158 1988 219 1156 1993
10004 1990 222 1157 1994
10076 1990 211 1157 1994
189 1247 250 1157 1994
10055 1994 219 1157 1994
376 115 224 1157 1994
10018 1321 211 1157 1994
10004 1991 247 1158 1995
10076 1991 214 1158 1995
10031 1998 218 1158 1995
189 1248 247 1158 1995
10055 1995 217 1158 1995
10173 1991 212 1158 1995
10093 1997 212 1158 1995
10004 1992 212 1159 1996
10031 1999 227 1159 1996
10085 1997 215 1159 1996
189 1249 247 1159 1996
10097 1990 215 1160 1997
10031 2000 225 1160 1997
189 1250 243 1160 1997
10093 1999 217 1160 1997
10097 1991 215 1161 1998
10031 2001 217 1161 1998
10085 1999 231 1161 1998
189 1251 247 1161 1998
10093 2000 212 1161 1998
10031 2002 218 1162 1999
10085 2000 237 1162 1999
10093 2001 214 1162 1999
665 398 223 1163 2000
10154 1993 214 1163 2000
10031 2003 211 1163 2000
233 1311 225 1163 2000
315 3 224 1163 2000
636 696 221 1163 2000
10154 1994 212 1164 2001
22 1254 226 1164 2001
10031 2004 215 1164 2001
10130 1993 211 1165 2002
10156 1996 214 1165 2002
10095 1995 211 1165 2002
757 752 231 1165 2002
10111 1992 210 1165 2002
10154 1996 225 1166 2003
10143 1996 211 1166 2003
10130 1994 213 1166 2003
10036 1996 226 1166 2003
10014 1995 213 1166 2003
10115 1998 231 1166 2003
10095 1996 211 1166 2003
10111 1993 220 1166 2003
10154 1997 216 1167 2004
505 681 221 1167 2004
10130 1995 237 1167 2004
566 1300 225 1167 2004
175 1256 229 1167 2004
10107 1413 212 1167 2004
10036 1997 217 1167 2004
10115 1999 234 1167 2004
10111 1994 215 1167 2004
10154 1998 212 1168 2005
