10091 688 207 0 691
10043 688 217 0 691
10043 690 210 2 693
191 6 225 2 693
689 9 224 3 694
10043 691 215 3 694
10043 693 212 5 696
10164 490 212 6 697
10043 694 214 6 697
10043 695 214 7 698
10043 696 212 8 699
10164 493 208 9 700
10043 697 208 9 700
10043 698 211 10 701
10164 495 222 11 702
10043 699 228 11 702
10164 496 221 12 703
241 14 223 12 703
10043 700 209 12 703
10043 701 221 13 704
10043 702 225 14 705
10164 499 208 15 706
10043 703 215 15 706
269 18 221 16 707
10043 705 208 17 708
241 20 226 18 709
10043 706 217 18 709
10164 503 208 19 710
10043 707 216 19 710
10164 504 214 20 711
241 22 227 20 711
10043 708 209 20 711
241 23 227 21 712
10164 506 209 22 713
689 28 227 22 713
10043 710 211 22 713
10043 711 217 23 714
10043 712 218 24 715
10164 509 211 25 716
10159 717 207 25 716
458 31 233 25 716
241 27 241 25 716
10043 713 212 25 716
10164 510 219 26 717
458 32 224 26 717
241 28 235 26 717
10043 714 221 26 717
10164 511 219 27 718
241 29 227 27 718
10043 715 220 27 718
269 29 222 27 718
10164 512 216 28 719
241 30 233 28 719
10043 716 222 28 719
10164 513 221 29 720
10159 721 207 29 720
241 31 225 29 720
10043 717 219 29 720
10164 514 223 30 721
10159 722 208 30 721
689 36 221 30 721
10043 718 224 30 721
10164 515 224 31 722
10043 719 223 31 722
10164 516 222 32 723
241 34 232 32 723
10043 720 211 32 723
10164 517 227 33 724
10159 725 207 33 724
458 39 222 33 724
241 35 233 33 724
10043 721 220 33 724
10164 518 225 34 725
10043 722 216 34 725
269 36 225 34 725
10164 519 217 35 726
157 40 221 35 726
10043 723 219 35 726
269 37 221 35 726
10164 520 223 36 727
157 41 226 36 727
458 42 223 36 727
10159 728 208 36 727
724 33 227 36 727
10043 724 221 36 727
10164 521 223 37 728
458 43 221 37 728
157 42 232 37 728
241 39 223 37 728
10043 725 221 37 728
269 39 225 37 728
10164 522 221 38 729
157 43 241 38 729
458 44 222 38 729
724 35 224 38 729
241 40 227 38 729
10043 726 211 38 729
269 40 223 38 729
10164 523 218 39 730
10159 731 207 39 730
458 45 227 39 730
157 44 247 39 730
10043 727 219 39 730
10164 524 221 40 731
157 45 226 40 731
10043 728 220 40 731
269 42 221 40 731
10164 525 225 41 732
157 46 243 41 732
10159 733 208 41 732
458 47 221 41 732
10043 729 207 41 732
269 43 221 41 732
10164 526 229 42 733
157 47 235 42 733
241 44 222 42 733
10043 730 218 42 733
10164 527 227 43 734
157 48 232 43 734
10043 731 214 43 734
10164 528 224 44 735
157 49 237 44 735
10043 732 216 44 735
10164 529 221 45 736
157 50 231 45 736
10043 733 220 45 736
269 47 223 45 736
10164 530 223 46 737
157 51 227 46 737
10043 734 217 46 737
10164 531 223 47 738
10164 532 225 48 739
689 54 238 48 739
10043 736 222 48 739
269 50 221 48 739
689 55 226 49 740
10043 737 216 49 740
689 56 237 50 741
10043 738 221 50 741
10164 535 227 51 742
458 57 221 51 742
689 57 232 51 742
10043 739 219 51 742
10164 536 228 52 743
458 58 221 52 743
689 58 236 52 743
10043 740 217 52 743
10164 537 228 53 744
458 59 221 53 744
689 59 237 53 744
10043 741 221 53 744
10164 538 224 54 745
458 60 223 54 745
689 60 229 54 745
10164 539 229 54 745
689 61 233 55 746
10043 743 218 55 746
10164 540 229 55 746
689 62 224 56 747
10043 744 214 56 747
10164 541 223 56 747
10043 745 209 57 748
10164 542 226 57 748
10043 746 224 58 749
10164 543 227 58 749
10043 747 217 59 750
10164 544 229 59 750
724 57 221 60 751
241 62 227 60 751
10043 748 217 60 751
10164 545 227 60 751
10159 753 207 61 752
241 63 224 61 752
10043 749 210 61 752
10164 546 225 61 752
10159 754 209 62 753
241 64 225 62 753
458 68 224 62 753
269 64 235 62 753
10164 547 227 62 753
10159 755 208 63 754
689 69 231 63 754
10043 751 216 63 754
191 67 224 63 754
10164 548 221 63 754
10043 752 219 64 755
269 66 225 64 755
10164 549 228 64 755
458 71 221 65 756
10043 753 219 65 756
269 67 225 65 756
191 69 225 65 756
10164 550 219 65 756
10043 754 210 66 757
269 68 225 66 757
10164 551 222 66 757
10043 755 212 67 758
269 69 223 67 758
10164 552 223 67 758
269 70 225 68 759
10164 553 231 68 759
10043 757 213 69 760
10164 554 224 69 760
10043 758 211 70 761
10164 555 223 70 761
724 68 232 71 762
10043 759 207 71 762
269 73 227 71 762
10164 556 216 71 762
157 77 223 72 763
10159 764 207 72 763
724 69 221 72 763
10043 760 222 72 763
10164 557 227 72 763
10159 765 208 73 764
724 70 221 73 764
10043 761 210 73 764
10164 558 224 73 764
241 76 222 74 765
724 71 229 74 765
10043 762 218 74 765
10164 559 225 74 765
10159 767 208 75 766
241 77 224 75 766
724 72 231 75 766
10043 763 218 75 766
10164 560 224 75 766
10159 768 208 76 767
241 78 223 76 767
724 73 232 76 767
10043 764 216 76 767
10164 561 230 76 767
10043 765 210 77 768
10164 562 209 77 768
157 83 224 78 769
10043 766 208 78 769
10164 563 219 78 769
458 85 232 79 770
10043 767 219 79 770
10164 564 221 79 770
458 86 237 80 771
10043 768 214 80 771
10164 565 223 80 771
458 87 246 81 772
10043 769 223 81 772
10164 566 230 81 772
458 88 234 82 773
10043 770 217 82 773
10164 567 223 82 773
458 89 236 83 774
10043 771 212 83 774
10164 568 222 83 774
458 90 238 84 775
10043 772 213 84 775
10164 569 214 84 775
458 91 223 85 776
10043 774 214 86 777
241 89 223 87 778
10043 775 207 87 778
10164 572 206 87 778
10043 776 221 88 779
10043 777 219 89 780
10164 574 211 89 780
10043 778 219 90 781
458 97 234 91 782
10043 779 219 91 782
10043 780 231 92 783
156 76 226 92 783
336 82 227 92 783
10043 781 224 93 784
10043 782 209 94 785
10043 783 210 95 786
618 95 221 95 786
10164 580 219 95 786
82 24 228 95 786
10043 784 207 96 787
10164 581 208 96 787
10164 582 225 97 788
10043 786 214 98 789
10164 583 210 98 789
10043 787 222 99 790
10164 584 212 99 790
10043 788 212 100 791
10043 789 215 101 792
10043 790 210 102 793
10164 587 220 102 793
10043 791 217 103 794
10164 588 221 103 794
10043 792 208 104 795
10164 589 212 104 795
10043 793 210 105 796
10164 590 207 105 796
10043 794 215 106 797
82 35 221 106 797
10164 591 216 106 797
10043 795 207 107 798
10164 592 209 107 798
10043 796 217 108 799
737 94 221 109 800
490 41 228 109 800
10164 594 207 109 800
737 95 226 110 801
156 94 233 110 801
10043 798 222 110 801
490 42 227 110 801
10164 595 214 110 801
10043 799 227 111 802
10164 596 209 111 802
607 75 229 112 803
10043 800 219 112 803
10164 597 208 112 803
737 98 231 113 804
10043 801 220 113 804
490 45 222 113 804
10043 802 225 114 805
435 115 225 114 805
10164 599 207 114 805
543 111 233 114 805
10043 803 228 115 806
10164 600 212 115 806
618 115 221 115 806
687 121 234 115 806
157 121 229 116 807
10043 804 227 116 807
10164 601 208 116 807
618 116 222 116 807
687 122 225 116 807
10043 805 223 117 808
10164 602 208 117 808
618 117 221 117 808
687 123 229 117 808
607 81 221 118 809
10043 806 213 118 809
10164 603 209 118 809
687 124 224 118 809
618 118 221 118 809
737 104 221 119 810
10043 807 215 119 810
10164 604 214 119 810
10043 808 219 120 811
10164 605 216 120 811
10043 809 221 121 812
10164 606 235 121 812
10043 810 221 122 813
10164 607 217 122 813
10043 811 217 123 814
209 112 225 123 814
336 113 225 123 814
82 52 227 123 814
10164 608 218 123 814
618 123 227 123 814
737 109 221 124 815
156 108 235 124 815
10043 812 226 124 815
209 113 247 124 815
82 53 225 124 815
10164 609 217 124 815
10091 813 208 124 815
618 124 237 124 815
607 88 231 125 816
10043 813 235 125 816
209 114 221 125 816
82 54 233 125 816
10164 610 224 125 816
435 2 226 125 816
10043 814 240 126 817
490 58 221 126 817
687 132 222 126 817
10164 611 209 126 817
10091 815 209 126 817
10043 815 236 127 818
82 56 236 127 818
687 133 237 127 818
10164 612 214 127 818
543 124 227 127 818
10091 816 207 127 818
737 113 226 128 819
10043 816 221 128 819
82 57 223 128 819
10164 613 233 128 819
10043 817 235 129 820
82 58 231 129 820
10164 614 208 129 820
543 126 221 129 820
737 115 227 130 821
156 114 227 130 821
10043 818 233 130 821
336 120 240 130 821
10063 818 211 130 821
82 59 236 130 821
10164 615 221 130 821
157 136 224 131 822
737 116 227 131 822
10043 819 221 131 822
156 115 233 131 822
336 121 236 131 822
82 60 238 131 822
687 137 224 131 822
10164 616 223 131 822
618 131 226 131 822
435 8 222 132 823
157 137 231 132 823
737 117 228 132 823
156 116 224 132 823
10043 820 219 132 823
209 121 242 132 823
336 122 236 132 823
10164 617 229 132 823
435 9 233 133 824
10043 821 225 133 824
209 122 223 133 824
10164 618 209 133 824
10159 826 207 134 825
607 97 221 134 825
737 119 223 134 825
10043 822 229 134 825
209 123 224 134 825
336 124 223 134 825
82 63 227 134 825
10164 619 224 134 825
543 131 233 134 825
435 11 237 135 826
209 124 240 135 826
10043 823 226 135 826
490 67 226 135 826
82 64 221 135 826
10164 620 217 135 826
10091 824 207 135 826
435 12 224 136 827
157 141 231 136 827
607 99 231 136 827
737 121 226 136 827
10043 824 231 136 827
336 126 228 136 827
82 65 225 136 827
687 142 223 136 827
10164 621 211 136 827
10091 825 211 136 827
435 13 223 137 828
157 142 244 137 828
607 100 231 137 828
737 122 227 137 828
10043 825 228 137 828
156 121 231 137 828
336 127 237 137 828
10164 622 219 137 828
156 122 229 138 829
10043 826 223 138 829
10043 827 223 139 830
10164 624 208 139 830
10043 828 215 140 831
10043 829 209 141 832
10164 626 213 141 832
10043 830 209 142 833
336 132 223 142 833
10164 627 222 142 833
10043 831 223 143 834
687 149 223 143 834
10043 832 225 144 835
10164 629 210 144 835
157 150 227 144 835
10043 833 217 145 836
10164 630 221 145 836
10043 834 221 146 837
10164 631 218 146 837
10043 835 218 147 838
10164 632 218 147 838
435 24 227 148 839
618 148 225 148 839
10164 633 217 148 839
10164 634 220 149 840
10043 838 221 150 841
10164 635 219 150 841
435 27 221 151 842
10043 839 212 151 842
10164 636 219 151 842
10043 840 212 152 843
10164 637 223 152 843
543 149 226 152 843
156 137 222 153 844
10043 841 223 153 844
10164 638 218 153 844
209 143 228 154 845
10043 842 219 154 845
10043 843 215 155 846
10164 640 211 155 846
10043 844 221 156 847
82 85 225 156 847
10164 641 208 156 847
10043 845 210 157 848
10164 642 207 157 848
10043 846 211 158 849
10043 847 216 159 850
10164 644 209 159 850
10043 848 224 160 851
82 89 221 160 851
10164 645 211 160 851
10043 849 234 161 852
687 167 224 161 852
10164 646 221 161 852
10091 850 207 161 852
618 161 227 161 852
156 146 221 162 853
10043 850 231 162 853
336 152 227 162 853
82 91 227 162 853
687 168 221 162 853
10164 647 215 162 853
10091 851 208 162 853
618 162 223 162 853
156 147 221 163 854
10043 851 231 163 854
336 153 225 163 854
490 95 223 163 854
10164 648 217 163 854
607 127 222 164 855
10043 852 231 164 855
687 170 224 164 855
156 149 222 165 856
10043 853 224 165 856
82 94 223 165 856
687 171 221 165 856
10164 650 209 165 856
156 150 225 166 857
10043 854 225 166 857
10164 651 223 166 857
10091 855 208 166 857
10043 855 228 167 858
618 167 222 167 858
737 153 221 168 859
10043 856 228 168 859
82 97 228 168 859
10164 653 217 168 859
618 168 221 168 859
10043 857 235 169 860
490 101 223 169 860
687 175 221 169 860
10164 654 215 169 860
10091 858 207 169 860
737 155 223 170 861
10043 858 230 170 861
82 99 231 170 861
10164 655 212 170 861
10043 859 231 171 862
737 156 223 171 862
336 161 223 171 862
490 103 223 171 862
10164 656 208 171 862
10091 860 209 171 862
10043 860 229 172 863
336 162 227 172 863
82 101 226 172 863
10164 657 214 172 863
10043 861 225 173 864
336 163 221 173 864
82 102 222 173 864
10091 862 206 173 864
10043 862 227 174 865
336 164 221 174 865
10043 863 226 175 866
82 104 227 175 866
10091 864 207 175 866
10043 864 227 176 867
82 105 221 176 867
490 108 221 176 867
10164 661 225 176 867
10091 865 207 176 867
10043 865 229 177 868
10164 662 209 177 868
10043 866 225 178 869
10164 663 220 178 869
618 178 223 179 870
10043 867 228 179 870
82 108 221 179 870
10164 664 209 179 870
10043 868 227 180 871
82 109 225 180 871
10164 665 214 180 871
10091 869 207 180 871
10043 869 217 181 872
10164 666 211 181 872
10043 870 221 182 873
10164 667 209 182 873
10043 871 211 183 874
10164 668 209 183 874
10043 872 221 184 875
10164 669 210 184 875
10043 873 220 185 876
10164 670 208 185 876
10043 874 218 186 877
10164 671 209 186 877
10043 875 213 187 878
10043 876 213 188 879
10164 673 209 188 879
10043 877 218 189 880
10043 878 212 190 881
10164 675 208 190 881
10043 879 215 191 882
10164 676 210 191 882
10043 880 215 192 883
618 192 224 192 883
10043 881 224 193 884
336 183 221 193 884
156 20 226 193 884
10164 678 207 193 884
618 193 221 193 884
10043 882 226 194 885
336 184 222 194 885
156 21 221 194 885
10164 679 216 194 885
10043 883 226 195 886
336 185 221 195 886
82 124 223 195 886
10164 680 213 195 886
618 195 223 195 886
10043 884 228 196 887
156 23 223 196 887
490 128 228 196 887
687 202 221 196 887
10043 885 224 197 888
336 187 221 197 888
10164 682 213 197 888
10164 683 211 198 889
10043 887 212 199 890
10164 684 211 199 890
10159 892 206 200 891
543 196 223 200 891
10043 888 226 200 891
336 190 221 200 891
10063 888 208 200 891
10043 889 220 201 892
10043 890 209 202 893
156 29 221 202 893
10043 891 209 203 894
10164 688 214 203 894
543 200 221 204 895
336 194 225 204 895
10043 892 231 204 895
82 133 223 204 895
10164 689 208 204 895
543 201 223 205 896
10043 893 233 205 896
82 134 221 205 896
156 32 221 205 896
10164 690 210 205 896
10091 894 207 205 896
543 202 221 206 897
336 196 222 206 897
10043 894 227 206 897
156 33 226 206 897
10164 691 209 206 897
543 203 223 207 898
10043 895 221 207 898
156 34 221 207 898
10164 692 212 207 898
10043 896 219 208 899
10164 693 214 208 899
10043 897 228 209 900
82 138 225 209 900
10164 694 212 209 900
10043 898 229 210 901
82 139 222 210 901
10164 695 217 210 901
618 210 221 210 901
10043 899 227 211 902
10164 696 217 211 902
490 143 223 211 902
10043 900 226 212 903
336 203 224 213 904
10043 901 226 213 904
156 40 224 213 904
10043 902 227 214 905
10043 903 217 215 906
82 144 223 215 906
10164 700 213 215 906
10043 904 219 216 907
82 145 230 216 907
10164 701 218 216 907
10043 905 219 217 908
82 146 221 217 908
543 214 223 218 909
10043 906 225 218 909
10164 703 219 218 909
10043 907 214 219 910
82 148 226 219 910
10164 704 211 219 910
10043 908 221 220 911
10164 705 208 220 911
10043 909 211 221 912
336 211 221 221 912
10164 706 208 221 912
10043 910 219 222 913
336 212 221 222 913
10164 707 219 222 913
10091 911 207 222 913
10043 911 231 223 914
336 213 221 223 914
10164 708 208 223 914
10043 912 226 224 915
336 214 221 224 915
10164 709 212 224 915
10091 913 207 224 915
10043 913 211 225 916
336 215 226 225 916
10164 710 210 225 916
10043 914 218 226 917
336 216 224 226 917
156 53 222 226 917
10164 711 210 226 917
10043 915 221 227 918
336 217 224 227 918
10043 916 227 228 919
10164 713 215 228 919
10043 917 213 229 920
10164 714 211 229 920
10043 918 213 230 921
10164 715 211 230 921
10043 919 215 231 922
10164 716 209 231 922
10043 920 212 232 923
10164 717 210 232 923
10043 921 211 233 924
10164 718 209 233 924
10043 922 210 234 925
10164 720 207 235 926
10043 924 212 236 927
10164 721 214 236 927
10043 925 226 237 928
10164 722 217 237 928
10043 926 216 238 929
336 228 221 238 929
10043 927 217 239 930
336 229 222 239 930
10164 724 207 239 930
10043 928 216 240 931
10043 929 207 241 932
336 231 225 241 932
10164 726 222 241 932
10043 930 216 242 933
10164 727 213 242 933
10043 931 229 243 934
336 233 232 243 934
10164 728 221 243 934
10043 932 218 244 935
10164 729 209 244 935
10043 933 223 245 936
82 174 221 245 936
10164 730 207 245 936
687 251 223 245 936
10091 934 207 245 936
10043 934 217 246 937
336 236 221 246 937
10164 731 219 246 937
687 252 221 246 937
10043 935 221 247 938
10164 732 208 247 938
10043 936 219 248 939
82 177 221 248 939
10043 937 228 249 940
82 178 221 249 940
156 76 221 249 940
10164 734 214 249 940
10091 938 208 249 940
435 126 222 249 940
10043 938 227 250 941
82 179 227 250 941
10043 939 227 251 942
336 241 227 251 942
82 180 225 251 942
156 78 223 251 942
10164 736 210 251 942
543 248 223 252 943
10043 940 234 252 943
336 242 225 252 943
82 181 225 252 943
687 258 227 252 943
10164 737 210 252 943
10091 941 208 252 943
618 252 226 252 943
490 184 223 252 943
157 258 221 253 944
607 216 221 253 944
10043 941 233 253 944
336 243 224 253 944
82 182 225 253 944
618 253 232 253 944
10164 738 210 253 944
687 259 227 253 944
10091 942 208 253 944
490 185 224 253 944
10043 942 226 254 945
336 244 223 254 945
687 260 223 254 945
618 254 222 254 945
10164 739 218 254 945
10091 943 207 254 945
490 186 221 254 945
10043 943 227 255 946
336 245 221 255 946
618 255 225 255 946
10164 740 217 255 946
10091 944 208 255 946
10043 944 219 256 947
82 185 221 256 947
618 256 225 256 947
10164 741 219 256 947
10043 945 228 257 948
336 247 225 257 948
82 187 223 258 949
10043 947 216 259 950
10164 744 211 259 950
10043 948 219 260 951
10043 949 211 261 952
336 251 226 261 952
10164 746 209 261 952
10043 950 208 262 953
10164 747 208 262 953
10043 951 216 263 954
10164 748 209 263 954
10043 952 216 264 955
10043 953 211 265 956
10043 954 219 266 957
10043 955 223 267 958
10043 956 209 268 959
82 197 225 268 959
10164 753 207 268 959
10043 957 217 269 960
10164 754 207 269 960
10043 958 213 270 961
10164 755 208 270 961
10043 959 223 271 962
336 261 222 271 962
10164 756 209 271 962
10043 961 219 273 964
10164 758 223 273 964
10043 962 213 274 965
10164 759 208 274 965
10043 963 212 275 966
10043 965 219 277 968
10164 762 208 277 968
10043 966 206 278 969
10164 763 212 278 969
10043 967 211 279 970
10164 764 223 279 970
10043 968 213 280 971
10164 765 214 280 971
10043 969 211 281 972
10164 766 207 281 972
10043 970 217 282 973
10164 767 210 282 973
10043 971 223 283 974
10164 768 235 283 974
10043 972 217 284 975
82 213 225 284 975
10063 972 209 284 975
10164 769 209 284 975
10043 973 227 285 976
618 285 224 285 976
10164 770 212 285 976
687 291 226 285 976
10091 974 209 285 976
435 162 222 285 976
157 291 225 285 976
156 25 223 285 976
336 276 235 286 977
737 271 222 286 977
10043 974 224 286 977
82 215 225 286 977
687 292 225 286 977
618 286 225 286 977
10164 771 215 286 977
10091 975 209 286 977
435 163 224 286 977
543 283 224 287 978
336 277 240 287 978
10043 975 229 287 978
82 216 223 287 978
687 293 231 287 978
618 287 225 287 978
156 27 227 287 978
10043 976 227 288 979
82 217 221 288 979
10164 773 220 288 979
10091 977 208 288 979
687 294 227 288 979
618 288 226 288 979
543 285 223 289 980
10043 977 231 289 980
10164 774 221 289 980
10091 978 208 289 980
10043 978 230 290 981
10164 775 233 290 981
490 222 223 290 981
607 254 221 291 982
543 287 221 291 982
336 281 221 291 982
737 276 225 291 982
10043 979 224 291 982
10164 776 219 291 982
490 223 221 291 982
10043 980 223 292 983
10164 777 217 292 983
156 32 229 292 983
336 283 222 293 984
737 278 224 293 984
10043 981 227 293 984
607 257 221 294 985
10043 982 227 294 985
10063 982 211 294 985
687 300 225 294 985
10091 983 208 294 985
618 294 223 294 985
156 34 232 294 985
737 280 231 295 986
10043 983 231 295 986
10164 780 220 295 986
490 227 225 295 986
156 35 233 295 986
607 259 226 296 987
336 286 232 296 987
10043 984 231 296 987
82 225 226 296 987
10063 984 208 296 987
10164 781 213 296 987
687 302 229 296 987
490 228 223 296 987
157 302 222 296 987
10043 985 224 297 988
10164 782 222 297 988
543 294 223 298 989
10043 986 235 298 989
82 227 221 298 989
10164 783 217 298 989
687 304 223 298 989
10091 987 210 298 989
157 304 229 298 989
607 262 223 299 990
336 289 223 299 990
10043 987 214 299 990
10164 784 227 299 990
157 305 229 299 990
607 263 227 300 991
336 290 230 300 991
737 285 230 300 991
10043 988 215 300 991
10164 785 219 300 991
10091 989 209 300 991
435 177 221 300 991
607 264 223 301 992
336 291 225 301 992
10043 989 220 301 992
82 230 224 301 992
10063 989 207 301 992
10164 786 207 301 992
618 301 221 301 992
156 41 223 301 992
607 265 223 302 993
737 287 221 302 993
336 292 235 302 993
10043 990 222 302 993
10164 787 227 302 993
435 179 224 302 993
607 266 227 303 994
737 288 223 303 994
336 293 227 303 994
10043 991 233 303 994
10164 788 219 303 994
687 309 223 303 994
10091 992 208 303 994
336 294 231 304 995
10043 992 222 304 995
618 304 223 304 995
10164 789 209 304 995
156 44 227 304 995
607 268 221 304 995
737 290 225 305 996
336 295 235 305 996
10043 993 231 305 996
82 234 222 305 996
10164 790 228 305 996
687 311 221 305 996
156 45 223 305 996
543 302 225 306 997
10043 994 231 306 997
209 150 238 306 997
10164 791 211 306 997
687 312 222 306 997
157 312 224 306 997
543 303 235 307 998
10043 995 233 307 998
687 313 227 307 998
490 239 223 307 998
10091 996 206 307 998
157 313 225 307 998
10159 1000 209 307 998
336 298 228 308 999
10043 996 225 308 999
10164 793 212 308 999
490 240 225 308 999
10043 997 225 309 1000
10043 998 225 310 1001
10164 795 207 310 1001
10043 999 214 311 1002
490 243 232 311 1002
10043 1000 210 312 1003
490 244 223 312 1003
10164 797 212 312 1003
10043 1001 217 313 1004
10164 798 223 313 1004
10043 1002 226 314 1005
10043 1003 210 315 1006
543 312 221 316 1007
10043 1004 221 316 1007
10164 801 217 316 1007
10043 1005 215 317 1008
82 246 221 317 1008
618 317 221 317 1008
10164 802 212 317 1008
543 314 222 318 1009
10043 1006 209 318 1009
10164 803 210 318 1009
10164 804 216 319 1010
490 251 225 319 1010
10164 805 209 320 1011
10043 1009 211 321 1012
82 250 225 321 1012
209 165 225 321 1012
336 312 228 322 1013
10164 807 210 322 1013
10043 1011 209 323 1014
82 252 232 323 1014
10164 808 208 323 1014
435 200 221 323 1014
10043 1012 213 324 1015
10164 809 213 324 1015
209 168 223 324 1015
336 315 238 325 1016
10043 1013 221 325 1016
10164 810 214 325 1016
10043 1014 216 326 1017
10164 811 227 326 1017
10043 1015 221 327 1018
10164 812 206 327 1018
10043 1016 226 328 1019
10164 814 207 329 1020
10159 1022 207 329 1020
10043 1018 235 330 1021
10164 815 231 330 1021
10043 1019 221 331 1022
10164 816 237 331 1022
10043 1020 231 332 1023
10043 1021 217 333 1024
10164 818 231 333 1024
10043 1022 221 334 1025
10164 819 213 334 1025
591 325 233 335 1026
10033 1024 207 335 1026
10083 1027 208 337 1028
10046 1026 226 337 1028
10080 1031 222 337 1028
10080 1032 209 338 1029
10080 1033 213 339 1030
10046 1029 207 340 1031
10080 1034 206 340 1031
10064 1030 214 340 1031
10071 1033 222 341 1032
10149 1023 213 341 1032
10071 1034 216 342 1033
10071 1035 208 343 1034
10149 1025 219 343 1034
10071 1036 210 344 1035
10071 1037 207 345 1036
10071 1038 215 346 1037
10149 1028 211 346 1037
10071 1039 216 347 1038
10064 1037 210 347 1038
10080 1042 206 348 1039
10083 1039 210 349 1040
208 350 222 349 1040
10100 1031 208 349 1040
39 354 229 350 1041
10164 835 210 350 1041
39 355 241 351 1042
39 356 233 352 1043
10164 838 210 353 1044
10091 1042 209 353 1044
10159 1046 210 353 1044
10091 1043 209 354 1045
674 284 225 354 1045
10159 1047 227 354 1045
10091 1044 207 355 1046
674 285 224 355 1046
10159 1048 221 355 1046
10159 1049 215 356 1047
10091 1046 212 357 1048
10159 1050 212 357 1048
10043 1046 207 358 1049
10091 1047 215 358 1049
10159 1051 217 358 1049
10043 1047 208 359 1050
10091 1048 232 359 1050
10159 1052 213 359 1050
10091 1049 213 360 1051
10063 1049 207 361 1052
10091 1050 219 361 1052
10091 1051 206 362 1053
10043 1051 219 363 1054
10164 848 234 363 1054
10043 1052 209 364 1055
10043 1053 208 365 1056
10164 850 221 365 1056
10043 1054 227 366 1057
10164 851 219 366 1057
10043 1055 236 367 1058
10164 852 221 367 1058
10043 1056 218 368 1059
10164 853 227 368 1059
10043 1057 225 369 1060
10164 854 230 369 1060
10043 1058 218 370 1061
10164 855 208 370 1061
10043 1059 219 371 1062
10164 856 210 371 1062
10043 1060 228 372 1063
10164 857 225 372 1063
10043 1061 223 373 1064
10164 858 224 373 1064
10043 1062 229 374 1065
10164 859 222 374 1065
10043 1063 228 375 1066
10164 860 221 375 1066
10043 1064 223 376 1067
10164 861 208 376 1067
10043 1065 219 377 1068
10164 862 211 377 1068
10091 1066 207 377 1068
10043 1066 224 378 1069
10091 1067 208 378 1069
10043 1067 225 379 1070
10164 864 231 379 1070
10043 1068 227 380 1071
10164 865 222 380 1071
10091 1069 209 380 1071
10043 1069 223 381 1072
10063 1069 207 381 1072
10164 866 218 381 1072
10043 1070 210 381 1072
10164 867 210 382 1073
10043 1071 221 382 1073
10043 1072 221 383 1074
10164 869 213 384 1075
10043 1073 227 384 1075
10164 870 217 385 1076
10043 1074 220 385 1076
10164 871 223 386 1077
10043 1075 220 386 1077
10164 872 210 387 1078
10043 1076 221 387 1078
10164 873 209 388 1079
10043 1077 211 388 1079
10164 874 223 389 1080
10043 1078 222 389 1080
10164 875 224 390 1081
10043 1079 217 390 1081
10164 876 215 391 1082
10043 1080 222 391 1082
10164 877 211 392 1083
10043 1081 219 392 1083
10164 878 211 393 1084
10043 1082 221 393 1084
10164 879 219 394 1085
10043 1083 222 394 1085
10164 880 217 395 1086
10043 1084 220 395 1086
10164 881 223 396 1087
10043 1085 225 396 1087
10164 882 219 397 1088
10043 1086 221 397 1088
10164 883 210 398 1089
10043 1087 220 399 1090
10164 884 216 399 1090
10043 1088 224 400 1091
10164 885 217 400 1091
10043 1089 223 401 1092
10164 886 208 401 1092
10043 1090 225 402 1093
10164 887 209 402 1093
10043 1091 218 403 1094
10164 888 215 403 1094
10043 1092 223 404 1095
10164 889 208 404 1095
10043 1093 225 404 1095
10164 890 212 405 1096
10043 1094 225 405 1096
10164 891 211 406 1097
10043 1095 223 406 1097
10164 892 215 407 1098
10043 1096 221 407 1098
10164 893 208 408 1099
10043 1097 219 408 1099
10164 894 220 409 1100
10043 1098 212 409 1100
10164 895 217 410 1101
10043 1099 221 410 1101
10164 896 212 411 1102
10043 1100 216 411 1102
10164 897 211 412 1103
10043 1101 218 412 1103
10164 898 217 413 1104
10043 1102 215 413 1104
10164 899 212 414 1105
10043 1103 217 414 1105
10164 900 207 415 1106
10043 1104 219 415 1106
10164 901 213 416 1107
10043 1105 216 416 1107
10164 902 208 417 1108
10164 903 207 418 1109
10043 1107 213 418 1109
10164 904 219 419 1110
10043 1108 215 419 1110
10164 905 210 420 1111
10043 1109 208 420 1111
10164 906 239 421 1112
10043 1110 212 421 1112
10164 907 212 422 1113
10043 1111 208 422 1113
10043 1112 223 423 1114
10164 909 216 424 1115
10043 1113 219 424 1115
10043 1114 223 425 1116
10164 911 221 426 1117
10043 1115 221 426 1117
10164 912 210 427 1118
10043 1116 222 427 1118
10164 913 221 428 1119
10043 1117 221 429 1120
10043 1118 221 430 1121
10164 915 215 430 1121
10043 1119 210 430 1121
10164 916 207 431 1122
10043 1120 211 431 1122
10164 917 216 432 1123
10043 1121 212 432 1123
10164 918 208 433 1124
10043 1122 209 433 1124
10164 919 220 434 1125
10043 1123 220 435 1126
10164 920 211 435 1126
10043 1124 213 436 1127
10164 921 215 436 1127
10043 1125 217 437 1128
10164 922 209 437 1128
10043 1126 217 438 1129
10164 923 227 438 1129
10043 1127 217 439 1130
10164 924 215 439 1130
10043 1128 213 440 1131
10164 925 211 440 1131
10043 1129 207 441 1132
10164 926 216 441 1132
10043 1130 210 442 1133
10043 1131 223 443 1134
10043 1132 218 444 1135
10043 1133 213 445 1136
10164 930 215 445 1136
10043 1134 220 446 1137
10164 931 219 446 1137
10043 1135 212 447 1138
10043 1136 209 448 1139
10164 933 209 448 1139
10043 1137 214 449 1140
10164 934 209 449 1140
10043 1138 217 450 1141
10164 935 216 450 1141
10043 1139 215 451 1142
10164 936 211 451 1142
10043 1140 213 452 1143
10164 937 213 452 1143
10043 1141 207 453 1144
10164 938 217 453 1144
10043 1142 221 454 1145
10164 939 210 454 1145
10043 1143 217 455 1146
10164 940 211 455 1146
10043 1144 214 456 1147
10164 941 219 456 1147
10043 1145 222 457 1148
10164 942 221 457 1148
10043 1146 220 458 1149
10164 943 208 458 1149
10043 1147 220 459 1150
10164 944 208 459 1150
10043 1148 211 460 1151
10164 945 209 460 1151
10164 946 216 461 1152
10043 1150 219 462 1153
10164 947 219 462 1153
10043 1151 208 463 1154
10164 948 219 463 1154
10164 949 214 464 1155
10043 1153 221 465 1156
10164 950 217 465 1156
10043 1154 216 466 1157
10164 951 208 466 1157
10043 1155 220 467 1158
10164 952 213 467 1158
10043 1157 209 469 1160
10164 954 209 469 1160
10043 1158 208 470 1161
10164 955 213 470 1161
10043 1159 212 471 1162
10164 956 218 471 1162
10043 1160 213 472 1163
10164 957 215 472 1163
10043 1161 213 473 1164
10164 958 221 473 1164
10043 1162 207 474 1165
10164 959 213 474 1165
10043 1163 211 475 1166
10164 960 216 475 1166
10043 1164 209 476 1167
10164 961 221 476 1167
10091 1165 209 476 1167
10043 1165 214 477 1168
10164 962 220 477 1168
10043 1166 223 478 1169
10164 963 209 478 1169
10043 1167 215 479 1170
10164 964 219 479 1170
10043 1168 220 480 1171
10164 965 219 480 1171
10043 1169 219 481 1172
10164 966 216 481 1172
10043 1170 219 482 1173
10164 967 216 482 1173
10043 1171 219 483 1174
10164 968 223 483 1174
10043 1172 218 484 1175
10164 969 213 484 1175
10043 1173 215 485 1176
10164 970 218 485 1176
10043 1174 221 486 1177
10164 971 222 486 1177
10043 1175 215 487 1178
10164 972 217 487 1178
10043 1176 221 488 1179
10164 973 225 488 1179
10043 1177 218 489 1180
10164 974 224 489 1180
10043 1178 225 490 1181
10164 975 223 490 1181
10043 1179 217 491 1182
10164 976 226 491 1182
10043 1180 217 492 1183
10164 977 223 492 1183
10043 1181 212 493 1184
10164 978 223 493 1184
10043 1182 210 494 1185
10164 979 220 494 1185
10043 1183 223 495 1186
10164 980 222 495 1186
10043 1184 217 496 1187
10164 981 222 496 1187
10043 1185 227 497 1188
10043 1186 227 498 1189
10164 983 223 498 1189
10043 1187 231 499 1190
10164 984 213 499 1190
10091 1188 207 499 1190
10043 1188 211 500 1191
10164 985 213 500 1191
10043 1189 212 501 1192
10164 986 213 501 1192
10043 1190 225 502 1193
10164 987 221 502 1193
10043 1191 221 503 1194
10164 988 218 503 1194
10043 1192 217 504 1195
10164 989 214 504 1195
10043 1193 226 505 1196
10164 990 220 505 1196
10043 1194 223 506 1197
10164 991 217 506 1197
10043 1195 225 507 1198
10164 992 219 507 1198
10043 1196 223 508 1199
10164 993 212 508 1199
10043 1197 225 509 1200
10164 994 223 509 1200
10043 1198 225 510 1201
10164 995 223 510 1201
10043 1199 225 511 1202
10164 996 221 511 1202
10043 1200 231 512 1203
10164 997 213 512 1203
10043 1201 212 513 1204
10164 998 208 513 1204
10043 1202 223 514 1205
10164 999 213 514 1205
10043 1203 219 515 1206
10164 1000 221 515 1206
10043 1204 215 516 1207
10164 1001 232 516 1207
10043 1205 223 517 1208
10164 1002 235 517 1208
10043 1206 220 517 1208
10164 1003 237 518 1209
10043 1207 220 519 1210
10164 1004 216 519 1210
10164 1005 216 520 1211
10043 1209 219 521 1212
10164 1006 209 521 1212
10043 1210 210 522 1213
10164 1007 220 522 1213
10043 1211 217 523 1214
10164 1008 218 523 1214
10043 1212 223 524 1215
10164 1009 223 524 1215
10043 1213 211 525 1216
10164 1010 221 525 1216
10043 1214 208 526 1217
10164 1011 219 526 1217
10164 1012 229 527 1218
10043 1216 212 528 1219
10164 1013 217 528 1219
10043 1217 219 529 1220
10164 1014 217 529 1220
10043 1218 221 530 1221
10164 1015 219 530 1221
10043 1219 212 530 1221
10164 1016 226 531 1222
10043 1220 217 531 1222
10164 1017 241 532 1223
10043 1221 210 532 1223
10043 1222 206 533 1224
10083 1225 213 534 1225
10046 1224 209 534 1225
10080 1229 223 535 1226
10071 1228 208 535 1226
10064 1226 209 536 1227
10094 1226 211 536 1227
524 158 221 536 1227
10027 1227 208 537 1228
10064 1227 210 537 1228
10094 1227 208 537 1228
10069 1228 214 539 1230
10054 1231 221 540 1231
10069 1229 216 540 1231
10054 1232 209 541 1232
10069 1230 218 541 1232
10094 1232 212 542 1233
10069 1231 230 542 1233
10054 1234 222 543 1234
10106 1235 206 547 1238
10018 566 212 548 1239
10098 1236 208 548 1239
10140 1235 208 548 1239
10018 567 214 549 1240
10018 568 206 550 1241
10084 1235 208 550 1241
787 236 235 551 1242
10018 569 214 551 1242
10018 570 207 552 1243
10018 571 221 553 1244
10084 1238 206 553 1244
10158 1239 209 553 1244
10140 1242 210 555 1246
787 241 225 556 1247
3 470 221 556 1247
10040 1243 207 558 1249
10040 1244 219 559 1250
10040 1245 208 560 1251
677 75 226 561 1252
10076 1250 209 563 1254
10106 1252 221 564 1255
10076 1251 210 564 1255
10055 1255 208 564 1255
10106 1253 216 565 1256
10076 1252 209 565 1256
10055 1256 209 565 1256
10076 1253 219 566 1257
10106 1255 225 567 1258
10076 1254 221 567 1258
10055 1258 211 567 1258
10106 1256 217 568 1259
10076 1255 210 568 1259
348 244 223 569 1260
10106 1257 209 569 1260
10076 1256 220 569 1260
348 245 221 570 1261
10106 1258 224 570 1261
10076 1257 211 570 1261
10055 1261 206 570 1261
348 246 221 571 1262
10106 1259 225 571 1262
10076 1258 212 571 1262
348 247 225 572 1263
304 561 221 572 1263
10106 1260 225 572 1263
10173 1259 207 573 1264
10106 1261 227 573 1264
10076 1260 216 573 1264
10055 1264 210 573 1264
10106 1262 211 574 1265
10076 1261 212 574 1265
10106 1263 227 575 1266
10106 1264 227 576 1267
10076 1263 219 576 1267
10106 1265 223 577 1268
10076 1264 218 577 1268
10055 1268 208 577 1268
744 79 221 577 1268
406 618 221 577 1268
10076 1265 212 578 1269
10106 1267 217 579 1270
10076 1266 219 579 1270
10055 1270 210 579 1270
10106 1268 221 580 1271
10076 1267 208 580 1271
10055 1271 211 580 1271
10106 1269 219 581 1272
10076 1268 217 581 1272
10055 1272 212 581 1272
10173 1268 206 582 1273
10106 1270 227 582 1273
478 58 227 582 1273
10076 1269 210 582 1273
10055 1273 208 582 1273
10106 1271 220 583 1274
478 59 234 583 1274
10076 1270 216 583 1274
10055 1274 208 583 1274
10106 1272 227 584 1275
478 60 223 584 1275
10076 1271 218 584 1275
10106 1273 220 585 1276
478 61 237 585 1276
10076 1272 217 585 1276
10055 1276 207 585 1276
10106 1274 222 586 1277
478 62 241 586 1277
10076 1273 212 586 1277
10106 1275 211 587 1278
478 63 237 587 1278
10076 1274 219 587 1278
10055 1278 208 587 1278
10106 1276 221 588 1279
478 64 239 588 1279
10076 1275 209 588 1279
10106 1277 218 589 1280
478 65 233 589 1280
10076 1276 219 589 1280
10055 1280 209 589 1280
10106 1278 208 590 1281
478 66 237 590 1281
10076 1277 219 590 1281
10106 1279 223 591 1282
478 67 240 591 1282
10076 1278 209 591 1282
10055 1282 209 591 1282
348 267 224 592 1283
10106 1280 223 592 1283
478 68 237 592 1283
10076 1279 211 592 1283
10055 1283 208 592 1283
478 69 231 593 1284
10076 1280 208 593 1284
348 269 225 594 1285
10106 1282 223 594 1285
478 70 235 594 1285
10076 1281 208 594 1285
10055 1285 208 594 1285
348 270 222 595 1286
10106 1283 223 595 1286
478 71 239 595 1286
10076 1282 218 595 1286
10055 1286 207 595 1286
10106 1284 219 596 1287
478 72 234 596 1287
10076 1283 215 596 1287
10055 1287 209 596 1287
348 272 222 597 1288
10106 1285 217 597 1288
478 73 232 597 1288
10076 1284 217 597 1288
348 273 221 598 1289
10106 1286 217 598 1289
478 74 227 598 1289
10076 1285 225 598 1289
10055 1289 209 598 1289
10106 1287 225 599 1290
478 75 233 599 1290
10076 1286 210 599 1290
10055 1290 208 599 1290
10106 1288 228 600 1291
478 76 228 600 1291
10106 1289 213 601 1292
478 77 241 601 1292
10076 1288 216 601 1292
10055 1292 208 601 1292
744 103 221 602 1293
10106 1290 227 602 1293
478 78 233 602 1293
10076 1289 219 602 1293
10055 1293 210 602 1293
10106 1291 210 603 1294
10076 1290 221 603 1294
10173 1290 207 604 1295
10106 1292 222 604 1295
478 80 234 604 1295
10076 1291 219 604 1295
10055 1295 212 604 1295
406 645 225 604 1295
10106 1293 220 605 1296
478 81 235 605 1296
10076 1292 221 605 1296
10055 1296 210 605 1296
10106 1294 210 606 1297
10076 1293 211 606 1297
10106 1295 213 607 1298
10076 1294 211 607 1298
10106 1296 223 608 1299
10076 1295 212 608 1299
10055 1299 208 608 1299
10106 1297 221 609 1300
10076 1296 211 609 1300
10106 1298 225 610 1301
10076 1297 211 610 1301
10106 1299 225 611 1302
10106 1300 231 612 1303
10040 1297 207 612 1303
10076 1299 209 612 1303
10055 1303 206 612 1303
10106 1301 219 613 1304
10040 1298 208 613 1304
10076 1300 212 613 1304
10055 1304 211 613 1304
10106 1302 236 614 1305
10076 1301 212 614 1305
10106 1303 235 615 1306
10076 1302 215 615 1306
11 61 221 615 1306
10106 1304 211 616 1307
611 602 228 617 1308
10040 1302 209 617 1308
10040 1303 221 618 1309
10040 1304 209 619 1310
10040 1306 216 621 1312
10106 1311 217 623 1314
10076 1310 208 623 1314
10106 1312 213 624 1315
10076 1311 215 624 1315
10055 1315 211 624 1315
10106 1313 217 625 1316
1 743 223 625 1316
10076 1312 212 625 1316
10106 1314 220 626 1317
10076 1313 212 626 1317
10106 1315 214 627 1318
10076 1314 211 627 1318
10055 1318 208 627 1318
10106 1316 217 628 1319
1 746 228 628 1319
10076 1315 209 628 1319
10055 1319 206 628 1319
10106 1317 218 629 1320
1 747 229 629 1320
10076 1316 207 629 1320
10055 1320 206 629 1320
10076 1317 209 630 1321
10055 1321 209 630 1321
10173 1317 206 631 1322
10106 1319 227 631 1322
1 749 237 631 1322
10076 1318 209 631 1322
10106 1320 221 632 1323
1 750 235 632 1323
10106 1321 219 633 1324
1 751 235 633 1324
10076 1320 217 633 1324
10106 1322 223 634 1325
10076 1321 214 634 1325
656 630 221 635 1326
10106 1323 222 635 1326
1 753 230 635 1326
10076 1322 208 635 1326
656 631 223 636 1327
10106 1324 218 636 1327
10076 1323 218 636 1327
10106 1325 210 637 1328
10076 1324 220 637 1328
656 633 221 638 1329
10106 1326 217 638 1329
1 756 227 638 1329
10076 1325 209 638 1329
10106 1327 227 639 1330
419 620 221 639 1330
1 757 227 639 1330
10076 1326 216 639 1330
10055 1330 207 639 1330
656 635 222 640 1331
10106 1328 217 640 1331
1 758 231 640 1331
10076 1327 207 640 1331
10055 1331 209 640 1331
10106 1329 224 641 1332
10076 1328 218 641 1332
656 637 222 642 1333
10106 1330 224 642 1333
10076 1329 220 642 1333
10055 1333 209 642 1333
656 638 224 643 1334
10106 1331 229 643 1334
10076 1330 219 643 1334
10106 1332 226 644 1335
10076 1331 226 644 1335
10055 1335 210 644 1335
10140 1331 206 644 1335
656 640 226 645 1336
10106 1333 221 645 1336
1 763 237 645 1336
10076 1332 217 645 1336
656 641 225 646 1337
10106 1334 225 646 1337
1 764 231 646 1337
10076 1333 219 646 1337
10055 1337 210 646 1337
656 642 225 647 1338
10106 1335 225 647 1338
10076 1334 210 647 1338
656 643 221 648 1339
10106 1336 227 648 1339
623 480 222 648 1339
10076 1335 219 648 1339
10106 1337 225 649 1340
1 767 221 649 1340
656 645 221 650 1341
10106 1338 225 650 1341
10076 1337 211 650 1341
10055 1341 210 650 1341
10140 1337 208 650 1341
656 646 221 651 1342
10173 1337 212 651 1342
10106 1339 227 651 1342
10076 1338 212 651 1342
10055 1342 208 651 1342
10106 1340 223 652 1343
10106 1341 220 653 1344
10078 1344 206 654 1345
10018 672 211 654 1345
10098 1342 212 654 1345
10076 1342 210 655 1346
10080 1364 225 670 1361
10164 1157 206 672 1363
10043 1361 214 672 1363
10043 1362 220 673 1364
10164 1159 220 674 1365
10164 1160 209 675 1366
10043 1364 209 675 1366
10043 1365 212 676 1367
10043 1366 210 677 1368
10164 1163 207 678 1369
10043 1367 208 678 1369
10043 1368 207 679 1370
10043 1369 219 680 1371
10164 1166 218 681 1372
10043 1370 209 681 1372
10164 1167 211 682 1373
10043 1371 211 682 1373
10043 1372 225 683 1374
10164 1169 218 684 1375
10043 1373 215 684 1375
10164 1170 213 685 1376
10043 1374 225 685 1376
10043 1375 209 686 1377
10164 1172 217 687 1378
685 665 221 688 1379
10043 1377 219 688 1379
10164 1175 226 690 1381
10043 1379 219 690 1381
648 402 237 691 1382
10164 1176 223 691 1382
10043 1380 209 691 1382
648 403 222 692 1383
10043 1381 212 692 1383
648 404 221 693 1384
10164 1178 211 693 1384
10043 1382 219 693 1384
125 135 221 695 1386
10043 1384 216 695 1386
641 673 224 696 1387
10164 1182 208 697 1388
10043 1386 219 697 1388
10043 1388 211 699 1390
10164 1185 212 700 1391
10164 1186 209 701 1392
10043 1390 208 701 1392
10164 1187 210 702 1393
10043 1391 213 702 1393
10043 1392 216 703 1394
10043 1393 212 704 1395
10164 1190 210 705 1396
641 682 226 705 1396
648 417 225 705 1396
125 146 223 706 1397
10043 1395 208 706 1397
307 705 227 707 1398
10164 1192 210 707 1398
10164 1193 209 708 1399
10043 1397 213 708 1399
179 26 221 709 1400
765 267 226 709 1400
10043 1398 229 709 1400
368 644 227 709 1400
307 708 238 710 1401
10164 1195 219 710 1401
685 687 230 710 1401
774 711 223 710 1401
10043 1399 228 710 1401
648 422 221 710 1401
10164 1196 229 711 1402
10 215 232 711 1402
2 703 225 711 1402
10043 1400 217 711 1402
762 3 221 712 1403
179 29 231 712 1403
10164 1197 219 712 1403
685 689 222 712 1403
10043 1401 229 712 1403
368 647 223 713 1404
762 4 233 713 1404
10164 1198 210 713 1404
2 705 227 713 1404
10043 1402 226 713 1404
762 5 234 714 1405
10164 1199 209 714 1405
10 218 236 714 1405
10043 1403 235 714 1405
762 6 221 715 1406
10164 1200 218 715 1406
10 219 221 715 1406
227 637 227 715 1406
2 707 224 715 1406
10043 1404 212 715 1406
762 7 225 716 1407
125 156 233 716 1407
10164 1201 221 716 1407
227 638 223 716 1407
10043 1405 223 716 1407
641 693 223 716 1407
762 8 225 717 1408
307 715 221 717 1408
179 34 223 717 1408
10164 1202 210 717 1408
685 694 223 717 1408
227 639 223 717 1408
774 718 225 717 1408
10043 1406 214 717 1408
641 694 235 717 1408
648 429 221 717 1408
762 9 221 718 1409
179 35 222 718 1409
10164 1203 215 718 1409
685 695 224 718 1409
765 276 222 718 1409
774 719 222 718 1409
10043 1407 229 718 1409
368 653 231 718 1409
10164 1204 212 719 1410
10043 1408 230 719 1410
125 160 225 720 1411
10164 1205 217 720 1411
227 642 222 720 1411
2 712 230 720 1411
10043 1409 226 720 1411
10164 1206 221 721 1412
2 713 225 721 1412
10043 1410 221 721 1412
10164 1207 218 722 1413
10043 1411 212 722 1413
10164 1208 208 723 1414
10043 1412 213 723 1414
10043 1413 214 724 1415
10164 1210 226 725 1416
10043 1414 219 725 1416
10043 1415 217 726 1417
762 9 221 727 1418
10159 1420 207 727 1418
10043 1416 219 727 1418
10043 1417 213 728 1419
10164 1214 214 729 1420
10043 1419 208 730 1421
10164 1216 212 731 1422
10043 1420 207 731 1422
10164 1217 214 732 1423
10043 1421 209 732 1423
10164 1218 208 733 1424
10043 1422 208 733 1424
10164 1219 210 734 1425
10043 1423 208 734 1425
10043 1424 213 735 1426
10043 1425 208 736 1427
641 713 223 736 1427
10043 1426 208 737 1428
641 714 227 737 1428
10164 1223 212 738 1429
641 715 225 738 1429
10164 1224 210 739 1430
10043 1428 209 739 1430
641 716 221 739 1430
10164 1225 213 740 1431
10043 1429 213 740 1431
10164 1226 210 741 1432
10043 1430 210 741 1432
641 718 225 741 1432
10164 1227 212 742 1433
10043 1431 212 742 1433
641 719 225 742 1433
10164 1228 210 743 1434
10043 1432 209 743 1434
10164 1229 217 744 1435
10043 1433 220 744 1435
10164 1230 218 745 1436
10043 1434 224 745 1436
641 722 222 745 1436
179 63 221 746 1437
10164 1231 221 746 1437
10043 1435 223 746 1437
641 723 223 746 1437
529 187 228 746 1437
125 187 239 747 1438
179 64 226 747 1438
10164 1232 218 747 1438
10091 1436 208 747 1438
685 724 221 747 1438
10043 1436 226 747 1438
641 724 224 747 1438
529 188 231 747 1438
307 746 225 748 1439
125 188 232 748 1439
179 65 227 748 1439
10164 1233 219 748 1439
10043 1437 219 748 1439
529 189 225 748 1439
307 747 225 749 1440
125 189 231 749 1440
179 66 228 749 1440
10164 1234 213 749 1440
10043 1438 224 749 1440
529 190 227 749 1440
125 190 238 750 1441
10164 1235 227 750 1441
10043 1439 223 750 1441
529 191 223 750 1441
307 749 229 751 1442
125 191 235 751 1442
10164 1236 222 751 1442
10043 1440 224 751 1442
368 686 221 751 1442
10164 1237 210 752 1443
10043 1441 222 752 1443
125 193 223 753 1444
10164 1238 209 753 1444
10043 1442 218 753 1444
10043 1443 214 754 1445
10164 1240 207 755 1446
10043 1444 217 755 1446
10043 1445 219 756 1447
307 755 225 757 1448
10164 1242 215 757 1448
10043 1446 211 757 1448
2 750 221 758 1449
10043 1447 225 758 1449
10164 1244 218 759 1450
10043 1448 209 759 1450
10043 1449 215 760 1451
10043 1450 209 761 1452
10164 1247 217 762 1453
10 266 221 762 1453
10043 1451 217 762 1453
10164 1248 212 763 1454
10043 1452 218 763 1454
10164 1249 207 764 1455
10043 1453 208 764 1455
641 741 222 764 1455
10043 1454 219 765 1456
10164 1251 211 766 1457
10043 1455 211 766 1457
10043 1456 217 767 1458
10043 1457 219 768 1459
10043 1458 215 769 1460
10164 1255 211 770 1461
10043 1459 222 770 1461
10043 1460 221 771 1462
10164 1257 206 772 1463
10043 1461 225 772 1463
10164 1258 209 773 1464
10043 1462 213 773 1464
2 766 221 774 1465
10043 1463 219 774 1465
10043 1464 217 775 1466
641 752 223 775 1466
10164 1261 211 776 1467
10043 1465 213 776 1467
10164 1262 214 777 1468
10043 1466 213 777 1468
125 218 221 778 1469
10164 1263 209 778 1469
10043 1467 210 778 1469
648 490 222 778 1469
125 219 221 779 1470
10164 1264 216 779 1470
10043 1468 223 779 1470
10164 1265 209 780 1471
10043 1469 225 780 1471
125 221 221 781 1472
10043 1470 226 781 1472
10043 1471 210 782 1473
10043 1472 220 783 1474
641 760 225 783 1474
10043 1473 223 784 1475
125 225 221 785 1476
10164 1270 213 785 1476
10043 1474 222 785 1476
641 762 223 785 1476
10164 1271 215 786 1477
10043 1475 216 786 1477
10043 1476 225 787 1478
125 228 227 788 1479
641 765 224 788 1479
10043 1477 218 788 1479
10164 1274 211 789 1480
10043 1478 213 789 1480
10164 1275 213 790 1481
10043 1479 217 790 1481
10043 1480 220 791 1482
641 769 224 792 1483
10043 1481 224 792 1483
10043 1482 221 793 1484
10164 1279 211 794 1485
10043 1483 221 794 1485
10164 1280 209 795 1486
10043 1484 211 795 1486
10164 1281 221 796 1487
10043 1485 211 796 1487
529 237 221 796 1487
10043 1486 207 797 1488
10164 1283 210 798 1489
10043 1487 217 798 1489
10164 1284 221 799 1490
10043 1488 212 799 1490
10043 1489 225 800 1491
10164 1286 207 801 1492
10043 1490 221 801 1492
10043 1491 217 802 1493
2 795 223 803 1494
10043 1492 212 803 1494
10043 1493 223 804 1495
10164 1290 206 805 1496
10043 1495 221 806 1497
10043 1496 216 807 1498
10043 1497 221 808 1499
762 91 223 808 1499
10043 1498 208 809 1500
10164 1295 209 810 1501
10043 1499 213 810 1501
10164 1296 210 811 1502
10043 1500 209 811 1502
10164 1297 209 812 1503
10043 1501 215 812 1503
10043 1502 215 813 1504
10164 1299 218 814 1505
10043 1503 214 814 1505
641 791 225 814 1505
10164 1300 207 815 1506
10043 1504 221 815 1506
10043 1505 210 816 1507
10164 1302 212 817 1508
10043 1506 213 817 1508
685 795 221 817 1508
125 258 225 818 1509
10043 1507 224 818 1509
762 101 221 819 1510
10164 1304 210 819 1510
10164 1306 214 821 1512
10043 1510 218 821 1512
125 262 223 822 1513
10164 1307 215 822 1513
10043 1511 221 822 1513
125 263 227 823 1514
10164 1308 209 823 1514
10043 1512 224 823 1514
774 824 221 823 1514
10043 1513 223 824 1515
307 823 223 825 1516
10043 1514 208 825 1516
10043 1515 216 826 1517
10164 1312 221 827 1518
10043 1516 219 827 1518
10164 1313 212 828 1519
10043 1517 217 828 1519
10164 1314 210 829 1520
10043 1518 221 829 1520
10164 1315 208 830 1521
10043 1519 226 830 1521
10164 1316 206 831 1522
10043 1520 220 831 1522
641 808 221 831 1522
10164 1317 208 832 1523
10043 1521 224 832 1523
125 273 230 833 1524
10164 1318 211 833 1524
10043 1522 216 833 1524
125 274 223 834 1525
10043 1523 219 834 1525
10164 1320 208 835 1526
10043 1524 218 835 1526
125 276 233 836 1527
10164 1321 208 836 1527
10043 1525 223 836 1527
10164 1322 233 837 1528
10043 1527 207 838 1529
10164 1326 207 841 1532
10043 1531 214 842 1533
93 756 223 842 1533
125 283 221 843 1534
10164 1328 213 843 1534
2 835 223 843 1534
10043 1532 220 843 1534
10043 1533 211 844 1535
10043 1534 225 845 1536
10164 1331 211 846 1537
10043 1535 215 846 1537
10164 1332 217 847 1538
10043 1536 217 847 1538
641 824 221 847 1538
10164 1333 208 848 1539
10043 1537 214 848 1539
10164 1334 207 849 1540
10043 1538 213 849 1540
10164 1335 221 850 1541
10043 1539 210 850 1541
10164 1336 208 851 1542
10043 1540 219 851 1542
10043 1541 221 852 1543
10043 1542 223 853 1544
10164 1339 217 854 1545
10043 1543 209 854 1545
10164 1340 211 855 1546
641 832 222 855 1546
685 833 223 855 1546
10043 1545 218 856 1547
641 833 225 856 1547
10164 1342 207 857 1548
10043 1546 220 857 1548
10043 1547 217 858 1549
10164 1344 209 859 1550
10043 1548 222 859 1550
75 167 225 859 1550
10164 1345 208 860 1551
10043 1549 224 860 1551
10164 1346 211 861 1552
529 302 221 861 1552
10043 1550 209 861 1552
10164 1347 214 862 1553
648 574 225 862 1553
10043 1551 219 862 1553
641 839 225 862 1553
125 303 221 863 1554
10043 1552 208 863 1554
10164 1349 213 864 1555
10 368 225 864 1555
10164 1350 210 865 1556
10043 1554 213 865 1556
10164 1351 207 866 1557
10043 1555 227 866 1557
125 307 221 867 1558
10043 1556 221 867 1558
762 150 223 868 1559
10043 1557 216 868 1559
641 845 228 868 1559
762 151 231 869 1560
10164 1354 206 869 1560
10043 1558 230 869 1560
179 187 221 870 1561
10164 1355 208 870 1561
2 862 222 870 1561
10043 1559 225 870 1561
10043 1560 213 871 1562
10164 1357 219 872 1563
10043 1561 221 872 1563
10043 1562 217 873 1564
10043 1563 215 874 1565
125 315 223 875 1566
10159 1568 207 875 1566
529 316 231 875 1566
10043 1564 223 875 1566
10043 1565 225 876 1567
10043 1566 223 877 1568
368 812 221 877 1568
10164 1363 213 878 1569
10043 1567 225 878 1569
10164 1364 223 879 1570
774 880 221 879 1570
10043 1568 233 879 1570
10164 1365 209 880 1571
10043 1569 216 880 1571
10164 1366 226 881 1572
10043 1570 224 881 1572
368 816 222 881 1572
10164 1367 221 882 1573
10043 1571 223 882 1573
10164 1368 230 883 1574
10043 1572 222 883 1574
10164 1369 227 884 1575
10043 1573 223 884 1575
10164 1370 227 885 1576
10043 1574 214 885 1576
641 862 221 885 1576
10043 1575 220 886 1577
10164 1372 213 887 1578
10043 1576 221 887 1578
368 822 222 887 1578
10164 1373 210 888 1579
10043 1577 221 888 1579
685 9 226 888 1579
10164 1374 210 888 1579
10 393 221 889 1580
10043 1578 211 889 1580
10164 1375 218 890 1581
10043 1579 214 890 1581
10164 1376 223 890 1581
10043 1580 221 891 1582
10164 1377 220 891 1582
10043 1581 225 892 1583
10164 1378 213 892 1583
10043 1582 224 893 1584
10164 1379 222 893 1584
10043 1583 214 894 1585
648 28 225 894 1585
10164 1380 207 894 1585
125 335 221 894 1585
2 887 221 895 1586
10043 1584 207 895 1586
10164 1381 221 895 1586
10043 1585 210 896 1587
10164 1382 220 896 1587
10043 1586 213 897 1588
10164 1383 224 897 1588
10043 1587 221 898 1589
10164 1384 233 898 1589
10043 1588 221 899 1590
10164 1385 223 899 1590
10043 1589 215 900 1591
10164 1386 222 900 1591
10164 1387 221 901 1592
762 185 222 902 1593
10164 1388 225 902 1593
10043 1592 219 903 1594
762 186 223 903 1594
10164 1389 221 903 1594
125 344 221 903 1594
10043 1593 219 904 1595
762 187 221 904 1595
125 345 223 904 1595
10164 1390 223 904 1595
10043 1594 219 905 1596
762 188 222 905 1596
10164 1391 212 905 1596
125 346 222 905 1596
10043 1595 225 906 1597
762 189 222 906 1597
10164 1392 216 906 1597
125 347 221 906 1597
10043 1596 216 907 1598
762 190 221 907 1598
10164 1393 219 907 1598
10043 1597 221 908 1599
762 191 223 908 1599
10164 1394 220 909 1600
10043 1598 221 909 1600
2 902 221 909 1600
762 192 222 909 1600
10164 1395 221 909 1600
125 350 221 910 1601
10043 1599 221 910 1601
10164 1396 219 910 1601
10043 1600 224 911 1602
762 194 221 911 1602
10164 1397 219 912 1603
10043 1601 223 912 1603
10164 1398 220 912 1603
10043 1602 221 913 1604
10164 1399 221 913 1604
10043 1603 222 914 1605
762 197 221 914 1605
10164 1400 219 915 1606
10043 1604 222 915 1606
762 198 221 915 1606
10164 1401 219 916 1607
10043 1605 222 916 1607
762 199 222 916 1607
10164 1402 218 917 1608
10043 1606 222 917 1608
10164 1403 212 918 1609
10043 1607 217 918 1609
10164 1404 213 919 1610
10043 1608 220 919 1610
10164 1405 215 920 1611
10043 1609 215 920 1611
10164 1406 217 921 1612
10043 1610 219 921 1612
10164 1407 219 922 1613
125 362 221 922 1613
10043 1611 209 922 1613
2 915 221 922 1613
762 205 232 922 1613
10 427 227 922 1613
10164 1408 209 923 1614
125 363 226 923 1614
10043 1612 230 923 1614
685 44 225 923 1614
368 858 222 923 1614
75 40 221 923 1614
10164 1409 227 924 1615
10043 1613 206 924 1615
10164 1410 215 925 1616
10043 1614 211 925 1616
2 918 238 925 1616
10164 1411 223 925 1616
10043 1615 217 926 1617
510 177 232 926 1617
413 339 222 926 1617
2 919 235 926 1617
10164 1412 227 926 1617
10043 1616 227 927 1618
2 920 227 927 1618
10164 1413 211 927 1618
10091 1617 208 927 1618
10043 1617 217 928 1619
139 908 228 928 1619
10164 1414 226 928 1619
10043 1618 231 929 1620
10164 1415 216 929 1620
10043 1619 225 930 1621
386 518 237 932 1623
386 519 221 933 1624
386 520 223 934 1625
386 521 228 935 1626
10033 1625 206 935 1626
10091 1626 227 936 1627
10063 1626 209 937 1628
10070 1626 235 938 1629
10090 1629 209 938 1629
10063 1627 230 938 1629
10070 1627 218 939 1630
10063 1628 231 939 1630
10070 1628 236 940 1631
10063 1629 226 940 1631
10070 1629 210 941 1632
10070 1631 211 943 1634
10070 1634 208 946 1637
10070 1635 212 947 1638
10063 1636 212 947 1638
10070 1636 215 948 1639
10070 1637 210 949 1640
10063 1638 206 949 1640
10090 1641 209 950 1641
10063 1639 209 950 1641
10070 1639 220 951 1642
10091 1641 207 952 1643
10043 1641 208 952 1643
10043 1642 216 953 1644
10164 1439 210 954 1645
10043 1643 219 954 1645
10164 1440 207 955 1646
10043 1644 214 955 1646
10164 1441 212 956 1647
10043 1645 215 956 1647
10164 1442 207 957 1648
10043 1646 214 957 1648
10164 1443 212 958 1649
10164 1444 213 959 1650
10043 1648 222 959 1650
10164 1445 214 960 1651
10043 1650 217 961 1652
10164 1447 219 962 1653
10043 1651 219 962 1653
10164 1448 212 963 1654
10043 1652 216 963 1654
10164 1449 216 964 1655
10043 1653 220 964 1655
10164 1450 212 965 1656
10043 1654 213 965 1656
10164 1451 217 966 1657
10043 1655 211 966 1657
10164 1452 210 967 1658
10043 1656 221 967 1658
10164 1453 214 968 1659
10043 1657 222 968 1659
10164 1454 219 969 1660
10043 1658 220 969 1660
10164 1455 221 970 1661
10164 1456 220 971 1662
10043 1660 209 971 1662
10164 1457 221 971 1662
10164 1458 219 972 1663
10043 1662 218 973 1664
10164 1459 215 974 1665
10043 1663 213 974 1665
10164 1460 212 975 1666
10043 1664 220 975 1666
10164 1461 210 976 1667
10043 1665 207 976 1667
10164 1462 210 977 1668
10043 1666 214 977 1668
10164 1463 214 978 1669
10043 1667 210 978 1669
10043 1668 213 979 1670
10164 1465 209 980 1671
10043 1669 215 980 1671
10164 1466 217 981 1672
10043 1670 213 981 1672
10043 1671 213 982 1673
10043 1672 213 983 1674
10043 1673 211 984 1675
10164 1470 212 985 1676
10043 1674 214 985 1676
10164 1471 220 986 1677
10043 1675 212 986 1677
10164 1472 220 987 1678
10043 1676 215 987 1678
10043 1677 223 988 1679
10164 1474 226 989 1680
10043 1678 220 989 1680
10164 1475 210 990 1681
10091 1679 207 990 1681
10043 1679 223 990 1681
10164 1476 222 991 1682
10091 1680 208 991 1682
10043 1680 218 991 1682
10164 1477 213 992 1683
10043 1681 221 992 1683
10164 1478 225 993 1684
10043 1682 219 993 1684
10164 1479 223 994 1685
10043 1683 219 994 1685
10164 1480 220 995 1686
10043 1684 218 995 1686
10164 1481 214 996 1687
10043 1685 218 996 1687
10164 1482 218 997 1688
10043 1686 221 997 1688
10164 1483 220 998 1689
10043 1687 218 998 1689
10164 1484 221 999 1690
10043 1688 219 999 1690
10164 1485 220 1000 1691
10043 1689 221 1000 1691
10164 1486 219 1000 1691
10043 1690 212 1001 1692
10164 1487 220 1002 1693
10043 1691 221 1002 1693
10164 1488 220 1003 1694
10043 1692 223 1003 1694
10164 1489 224 1004 1695
10043 1693 219 1004 1695
10164 1490 221 1005 1696
10043 1694 218 1005 1696
10164 1491 222 1006 1697
10043 1695 220 1006 1697
10164 1492 220 1007 1698
10043 1696 218 1007 1698
10164 1493 223 1007 1698
10043 1697 220 1008 1699
10164 1494 221 1009 1700
10043 1698 219 1009 1700
10164 1495 215 1010 1701
10043 1699 222 1010 1701
10164 1496 219 1011 1702
10043 1700 221 1011 1702
10164 1497 220 1012 1703
10043 1701 208 1012 1703
10164 1498 224 1012 1703
10043 1702 223 1013 1704
10164 1499 225 1013 1704
10043 1703 218 1014 1705
10164 1500 223 1014 1705
10043 1704 213 1015 1706
10164 1501 224 1015 1706
10043 1705 216 1016 1707
10164 1502 225 1016 1707
10043 1706 218 1017 1708
10164 1503 225 1017 1708
10043 1707 215 1018 1709
10164 1504 225 1018 1709
10043 1708 219 1019 1710
10164 1505 223 1019 1710
10043 1709 215 1020 1711
10164 1506 224 1020 1711
10043 1710 219 1021 1712
10164 1507 221 1021 1712
10043 1711 217 1022 1713
10164 1508 224 1022 1713
10043 1712 212 1023 1714
10164 1509 217 1023 1714
10043 1713 219 1024 1715
10164 1510 224 1025 1716
10043 1714 217 1025 1716
10164 1511 223 1025 1716
10043 1715 217 1026 1717
10164 1512 223 1026 1717
10043 1716 221 1027 1718
10164 1513 224 1027 1718
10043 1717 218 1028 1719
10164 1514 225 1028 1719
10043 1718 217 1029 1720
10164 1515 220 1029 1720
10043 1719 217 1030 1721
10164 1516 224 1030 1721
10043 1720 221 1031 1722
10164 1517 225 1031 1722
10043 1721 221 1032 1723
10164 1518 225 1032 1723
10043 1722 218 1033 1724
10164 1519 219 1033 1724
10043 1723 221 1034 1725
10164 1520 225 1034 1725
10043 1724 220 1035 1726
10164 1521 223 1035 1726
10043 1725 221 1036 1727
10164 1522 225 1036 1727
10043 1726 221 1037 1728
10164 1523 223 1037 1728
10043 1727 220 1038 1729
10164 1524 219 1038 1729
10043 1728 219 1039 1730
10164 1525 217 1039 1730
10043 1729 213 1040 1731
10164 1526 225 1040 1731
10043 1730 221 1041 1732
10164 1527 225 1041 1732
10043 1731 222 1042 1733
10164 1528 218 1042 1733
10043 1732 219 1043 1734
10164 1529 225 1043 1734
10043 1733 217 1044 1735
10164 1530 225 1044 1735
10043 1734 221 1045 1736
10164 1531 225 1045 1736
10043 1735 219 1046 1737
10164 1532 225 1046 1737
10043 1736 221 1047 1738
10164 1533 223 1047 1738
10043 1737 221 1048 1739
10164 1534 219 1048 1739
10043 1738 223 1049 1740
10164 1535 223 1049 1740
10043 1739 221 1050 1741
10164 1536 224 1050 1741
10043 1740 218 1051 1742
10164 1537 223 1051 1742
10043 1742 213 1053 1744
10164 1539 216 1053 1744
10043 1743 219 1054 1745
10164 1540 219 1054 1745
10043 1744 219 1055 1746
10164 1541 219 1055 1746
10043 1745 218 1056 1747
10164 1542 219 1056 1747
10043 1746 216 1057 1748
10164 1543 221 1057 1748
10043 1747 218 1058 1749
10164 1544 223 1058 1749
10043 1748 216 1059 1750
10164 1545 218 1059 1750
10043 1749 221 1060 1751
10164 1546 217 1060 1751
10043 1750 216 1061 1752
10164 1547 212 1061 1752
10043 1751 210 1062 1753
10164 1548 219 1062 1753
10043 1752 213 1063 1754
10164 1549 220 1063 1754
10043 1754 208 1065 1756
10164 1552 216 1066 1757
10043 1756 208 1067 1758
10164 1553 207 1067 1758
10164 1554 209 1068 1759
10043 1758 207 1069 1760
10043 1759 208 1070 1761
10043 1760 209 1071 1762
10043 1762 213 1073 1764
10164 1559 209 1073 1764
10043 1763 216 1074 1765
10164 1560 217 1074 1765
10043 1764 219 1075 1766
10164 1561 219 1075 1766
10043 1765 221 1076 1767
10164 1562 223 1076 1767
10043 1766 213 1077 1768
10164 1563 211 1077 1768
10043 1767 212 1078 1769
10164 1564 217 1078 1769
10043 1768 228 1079 1770
10164 1565 219 1079 1770
10043 1769 216 1080 1771
10164 1566 211 1080 1771
10043 1770 218 1081 1772
10164 1567 215 1081 1772
10043 1771 233 1082 1773
10164 1568 226 1082 1773
10043 1772 227 1083 1774
10164 1569 226 1083 1774
10043 1773 225 1084 1775
10063 1773 207 1084 1775
10164 1570 215 1084 1775
10043 1774 229 1085 1776
10164 1571 217 1085 1776
10043 1775 210 1086 1777
10164 1572 210 1086 1777
10043 1776 221 1087 1778
10164 1573 215 1087 1778
10043 1777 223 1088 1779
10164 1574 211 1088 1779
10043 1778 213 1089 1780
10164 1575 221 1089 1780
10043 1779 218 1090 1781
10164 1576 208 1090 1781
10043 1780 217 1091 1782
10164 1577 211 1091 1782
10043 1781 211 1092 1783
10164 1578 209 1092 1783
10043 1782 207 1093 1784
10164 1579 215 1093 1784
10043 1783 211 1094 1785
10164 1580 215 1094 1785
10043 1784 219 1095 1786
10164 1581 217 1095 1786
10043 1785 207 1096 1787
10164 1582 217 1096 1787
10043 1787 213 1098 1789
10164 1584 207 1098 1789
10043 1788 213 1099 1790
10164 1585 221 1099 1790
10043 1789 220 1100 1791
10164 1586 218 1100 1791
10043 1790 212 1101 1792
10164 1587 216 1101 1792
10043 1791 208 1102 1793
10164 1588 213 1102 1793
10043 1792 213 1103 1794
10164 1589 217 1103 1794
10043 1793 209 1104 1795
10164 1590 217 1104 1795
10043 1794 208 1105 1796
10164 1591 211 1105 1796
10043 1795 216 1106 1797
10164 1592 214 1106 1797
10043 1796 211 1107 1798
10164 1593 216 1107 1798
10043 1797 208 1108 1799
10164 1594 215 1108 1799
10043 1798 220 1109 1800
10043 1799 220 1110 1801
10164 1596 220 1110 1801
10043 1800 217 1111 1802
10164 1597 211 1111 1802
10043 1801 212 1112 1803
10164 1598 211 1112 1803
10043 1802 213 1113 1804
10164 1599 211 1113 1804
10043 1803 214 1114 1805
10164 1600 213 1114 1805
10043 1804 217 1115 1806
10164 1601 213 1115 1806
10043 1805 221 1116 1807
10164 1602 213 1116 1807
10043 1806 221 1117 1808
10164 1603 217 1117 1808
10043 1807 222 1118 1809
10164 1604 216 1118 1809
10043 1808 222 1119 1810
10043 1809 218 1120 1811
10164 1606 213 1120 1811
10043 1810 218 1121 1812
10164 1607 211 1121 1812
10043 1811 217 1122 1813
10164 1608 212 1122 1813
10043 1812 218 1123 1814
10164 1609 215 1123 1814
10043 1813 213 1124 1815
10164 1610 213 1124 1815
10043 1814 219 1125 1816
10164 1611 213 1125 1816
10043 1815 217 1126 1817
10164 1612 217 1126 1817
10043 1816 218 1127 1818
10164 1613 215 1127 1818
10043 1817 214 1128 1819
10164 1614 216 1128 1819
10043 1818 218 1129 1820
10164 1615 217 1129 1820
10043 1819 212 1130 1821
10164 1616 220 1130 1821
10043 1820 223 1131 1822
10164 1617 221 1131 1822
10043 1821 223 1132 1823
10164 1618 219 1132 1823
10043 1822 223 1133 1824
10164 1619 209 1133 1824
10043 1823 219 1134 1825
10164 1620 208 1134 1825
10043 1824 216 1135 1826
10164 1621 212 1135 1826
10043 1825 217 1136 1827
10164 1622 211 1136 1827
10043 1826 216 1137 1828
10164 1623 231 1137 1828
10091 1827 209 1137 1828
10043 1827 218 1138 1829
10164 1624 207 1138 1829
10164 1625 212 1139 1830
10164 1626 214 1140 1831
10164 1627 208 1141 1832
10043 1831 216 1142 1833
10164 1628 223 1142 1833
10043 1832 212 1143 1834
10164 1629 223 1143 1834
10043 1833 214 1144 1835
10164 1630 217 1144 1835
10043 1834 211 1145 1836
10164 1631 222 1145 1836
10043 1835 210 1146 1837
10164 1632 222 1146 1837
10043 1836 210 1147 1838
10164 1633 221 1147 1838
10043 1837 217 1148 1839
10164 1634 211 1148 1839
10043 1838 211 1149 1840
10164 1635 214 1149 1840
10043 1839 218 1150 1841
10164 1636 213 1150 1841
10043 1840 216 1151 1842
10164 1637 217 1151 1842
10043 1841 218 1152 1843
10164 1638 217 1152 1843
10043 1842 220 1153 1844
10164 1639 213 1153 1844
10043 1843 217 1154 1845
10164 1640 209 1154 1845
10043 1844 220 1155 1846
10164 1641 218 1155 1846
10043 1845 217 1156 1847
10164 1642 210 1156 1847
10043 1846 219 1157 1848
10164 1643 216 1157 1848
10043 1847 217 1158 1849
10164 1644 216 1158 1849
10043 1848 211 1159 1850
10164 1645 215 1159 1850
10043 1849 219 1160 1851
10164 1646 221 1160 1851
10043 1850 216 1161 1852
10164 1647 218 1161 1852
10043 1851 214 1162 1853
10164 1648 221 1162 1853
10043 1852 225 1163 1854
10164 1649 221 1163 1854
10043 1853 223 1164 1855
10164 1650 218 1164 1855
10043 1854 225 1165 1856
10164 1651 221 1165 1856
10164 1652 219 1166 1857
10043 1856 214 1167 1858
10164 1653 219 1167 1858
10164 1654 222 1168 1859
10043 1858 215 1169 1860
