10096 749 218 0 758
10147 747 211 0 758
10096 750 217 1 759
10135 752 208 1 759
10147 748 227 1 759
10029 751 208 1 759
10136 748 213 1 759
10096 751 218 2 760
505 144 228 2 760
10147 749 215 2 760
10136 749 211 2 760
10122 751 210 3 761
10096 752 212 3 761
505 145 231 3 761
10147 750 211 3 761
10136 750 216 3 761
10096 753 223 4 762
505 146 241 4 762
10147 751 217 4 762
10136 751 212 4 762
10096 754 220 5 763
505 147 231 5 763
10147 752 208 5 763
10136 752 209 5 763
10122 754 210 6 764
10096 755 219 6 764
505 148 236 6 764
10147 753 208 6 764
10029 756 208 6 764
10096 756 220 7 765
505 149 236 7 765
10147 754 214 7 765
10122 756 209 8 766
505 150 229 8 766
10147 755 210 8 766
10136 755 210 8 766
10096 758 209 9 767
10135 760 210 9 767
10147 756 210 9 767
10029 759 211 9 767
10136 756 210 9 767
10096 759 215 10 768
10135 761 213 10 768
10147 757 214 10 768
10029 760 210 10 768
10096 760 212 11 769
10147 758 218 11 769
10029 761 213 11 769
10122 760 212 12 770
10147 759 224 12 770
10029 762 210 12 770
10147 760 215 13 771
10029 763 217 13 771
10120 768 208 14 772
10147 761 229 14 772
10029 764 223 14 772
10122 763 211 15 773
10147 762 220 15 773
10147 763 207 16 774
10029 766 211 16 774
320 78 237 17 775
341 84 222 17 775
131 70 236 17 775
722 20 222 17 775
298 14 222 18 776
10147 765 209 18 776
10126 712 214 19 777
10023 770 217 20 778
10126 713 217 20 778
10126 714 215 21 779
10126 715 227 22 780
10023 773 209 23 781
10126 716 223 23 781
10023 774 210 24 782
10126 717 210 24 782
10126 718 209 25 783
10023 776 211 26 784
10126 719 214 26 784
10023 777 211 27 785
10126 721 217 28 786
10126 722 210 29 787
10126 723 211 30 788
10023 781 213 31 789
10126 724 221 31 789
10023 782 208 32 790
10126 725 213 32 790
10023 783 213 33 791
10126 726 212 33 791
10023 784 215 34 792
10126 727 220 34 792
10023 785 212 35 793
10126 728 223 35 793
10023 786 211 36 794
10126 729 223 36 794
10023 787 210 37 795
10126 730 223 37 795
10023 788 209 38 796
10126 731 223 38 796
10023 789 209 39 797
10126 732 223 39 797
10023 790 208 40 798
10126 733 223 40 798
10023 791 209 41 799
10126 734 223 41 799
10023 792 209 42 800
10126 735 223 42 800
10126 736 223 43 801
10023 794 208 44 802
10126 737 223 44 802
10126 738 223 45 803
10126 739 223 46 804
10126 740 223 47 805
10126 741 223 48 806
10126 742 223 49 807
10126 743 223 50 808
10126 744 222 51 809
10126 745 222 52 810
10126 746 223 53 811
10023 804 210 53 811
10126 747 223 54 812
10126 748 220 55 813
10126 749 222 56 814
10126 750 222 57 815
10126 751 210 58 816
10112 806 209 58 816
10089 808 213 59 817
565 125 221 60 818
308 77 222 60 818
10089 809 222 60 818
10089 810 222 61 819
10089 811 225 62 820
10089 812 221 63 821
10089 813 225 64 822
10089 814 211 65 823
10089 815 222 66 824
10126 761 213 68 826
10112 817 209 69 827
10126 763 213 70 828
10126 764 211 71 829
10105 818 208 71 829
10112 819 209 71 829
10023 822 208 72 830
10126 765 212 72 830
10023 823 210 73 831
10126 766 221 73 831
10126 771 217 78 836
10126 772 218 79 837
10126 773 219 80 838
10126 774 219 81 839
10126 775 220 82 840
10126 776 219 83 841
10126 777 219 84 842
10126 778 216 85 843
10126 779 217 86 844
10126 780 215 87 845
10126 781 211 88 846
10126 782 218 89 847
10126 783 217 90 848
10126 785 219 92 850
10126 786 221 93 851
10126 787 219 94 852
10126 788 219 95 853
10126 789 219 96 854
10126 790 221 97 855
10126 791 218 98 856
10126 792 219 99 857
10126 793 221 100 858
10126 794 219 101 859
10126 795 213 102 860
10126 796 216 103 861
10126 797 212 104 862
10126 798 215 105 863
10126 799 211 106 864
10126 800 219 107 865
10023 858 207 108 866
10126 801 212 108 866
10126 802 211 109 867
10126 803 220 110 868
10126 804 217 111 869
10126 805 217 112 870
10126 806 219 113 871
10126 807 217 114 872
10126 808 213 115 873
10126 809 216 116 874
10126 810 216 117 875
10023 868 210 118 876
10126 811 217 118 876
10023 869 210 119 877
10126 812 219 119 877
10023 870 210 120 878
10126 813 222 120 878
10023 871 209 121 879
10126 814 221 121 879
10023 872 210 122 880
10126 815 219 122 880
10023 873 209 123 881
10126 816 214 123 881
10023 874 209 123 881
10126 817 212 124 882
10126 818 211 125 883
10126 819 210 126 884
10126 820 209 127 885
10126 821 211 128 886
10126 822 213 129 887
10126 823 213 130 888
10126 824 212 131 889
10126 825 212 132 890
10126 826 212 133 891
10126 834 219 141 899
10023 892 208 142 900
10126 835 220 142 900
10023 893 209 142 900
10126 836 218 143 901
10023 894 209 143 901
10126 837 219 144 902
10023 895 208 145 903
10126 838 219 145 903
10023 896 208 146 904
10126 839 219 146 904
10023 897 208 147 905
10126 840 219 147 905
10023 898 208 148 906
10126 841 219 148 906
10023 899 208 149 907
10126 842 219 149 907
10023 900 208 150 908
10126 843 219 150 908
10023 901 207 151 909
10126 844 222 151 909
10126 845 221 152 910
10023 903 208 153 911
10126 846 221 153 911
10126 847 221 154 912
10023 905 210 155 913
10126 848 221 155 913
10023 906 211 156 914
10126 849 221 156 914
10023 907 208 157 915
10126 850 217 157 915
10023 908 209 158 916
10126 851 212 158 916
10023 909 208 159 917
10126 852 217 159 917
10023 910 208 160 918
10126 853 217 160 918
10126 854 219 161 919
10023 912 208 162 920
10126 855 222 162 920
10023 913 208 163 921
10126 856 221 163 921
10023 914 207 164 922
10126 857 223 164 922
10126 858 217 165 923
10023 916 208 166 924
10126 859 218 166 924
10023 917 208 167 925
10126 860 221 167 925
10023 918 209 168 926
10126 861 222 168 926
10023 919 209 169 927
10126 862 222 169 927
10023 920 209 170 928
10126 863 221 170 928
10023 921 209 171 929
10126 864 216 171 929
10023 922 209 172 930
10126 865 222 172 930
10126 866 219 173 931
10126 867 219 174 932
10023 925 208 175 933
10126 868 218 175 933
10126 869 223 176 934
10023 927 208 177 935
10126 870 219 177 935
10023 928 208 178 936
10126 871 219 178 936
10023 929 209 179 937
10126 872 213 179 937
10126 873 221 180 938
10126 874 221 181 939
10126 875 220 182 940
10126 876 221 183 941
10023 934 208 184 942
10126 877 221 184 942
10126 878 213 185 943
10023 936 209 186 944
10126 879 215 186 944
10023 937 209 187 945
10126 880 213 187 945
10126 881 213 188 946
10023 939 208 189 947
10126 882 213 189 947
10023 940 208 190 948
10126 883 213 190 948
10126 884 212 191 949
10126 885 222 192 950
10126 886 221 193 951
10023 944 209 194 952
10126 887 221 194 952
10126 888 224 195 953
10126 889 223 196 954
10126 890 223 197 955
10126 891 216 198 956
10126 892 212 199 957
62 198 223 200 958
10126 893 211 200 958
10089 949 208 200 958
62 199 227 201 959
10126 894 217 201 959
62 200 223 202 960
10089 951 211 202 960
10114 956 208 203 961
10023 954 207 204 962
10126 897 217 204 962
10023 955 207 205 963
10126 898 217 205 963
10126 899 219 206 964
10126 900 221 207 965
10126 901 221 208 966
10126 902 221 209 967
10126 903 216 210 968
10126 904 217 211 969
10126 905 221 212 970
10126 906 221 213 971
10023 964 207 214 972
10126 907 219 214 972
10126 908 213 215 973
10126 909 223 216 974
10126 910 219 217 975
10126 911 217 218 976
10126 912 217 219 977
10126 913 216 220 978
10126 914 221 221 979
10126 915 216 222 980
10126 916 220 223 981
10023 974 209 224 982
10126 917 218 224 982
10126 918 225 225 983
10126 919 226 226 984
10126 920 226 227 985
10126 921 226 228 986
10126 922 224 229 987
10126 923 217 230 988
10023 981 211 231 989
10126 924 216 231 989
10023 982 213 232 990
10126 925 215 232 990
10023 983 210 233 991
10126 926 215 233 991
10023 984 209 234 992
10126 927 213 234 992
10023 985 209 235 993
10126 928 210 235 993
10023 986 209 236 994
10126 929 212 236 994
10023 987 208 237 995
10126 930 221 237 995
10023 988 209 238 996
10126 931 216 238 996
10023 989 208 239 997
10126 932 216 239 997
10126 933 212 240 998
10126 934 220 241 999
10126 935 221 242 1000
10126 936 220 243 1001
10023 994 209 244 1002
10126 937 218 244 1002
10126 938 216 245 1003
10126 939 213 246 1004
10126 940 214 247 1005
10126 941 212 248 1006
10126 942 216 249 1007
10126 943 216 250 1008
10126 944 213 251 1009
10126 945 219 252 1010
10126 946 219 253 1011
10126 947 213 254 1012
10023 1005 210 255 1013
10126 948 214 255 1013
10023 1006 211 256 1014
10126 949 211 256 1014
10023 1007 210 257 1015
10126 950 212 257 1015
10023 1008 210 258 1016
10126 951 212 258 1016
10023 1009 210 259 1017
10126 952 214 259 1017
10023 1010 210 260 1018
10126 953 210 260 1018
10023 1011 210 261 1019
10126 954 216 261 1019
10023 1012 211 262 1020
10126 955 216 262 1020
10023 1013 211 263 1021
10126 956 214 263 1021
10023 1014 211 264 1022
10126 957 215 264 1022
10023 1015 210 265 1023
10126 958 211 265 1023
10023 1016 211 266 1024
10126 959 210 266 1024
10023 1017 210 267 1025
10023 1018 208 268 1026
10126 961 210 268 1026
10023 1019 208 269 1027
10023 1020 208 270 1028
10126 963 208 270 1028
10023 1021 209 271 1029
10126 964 211 271 1029
10023 1022 209 272 1030
10023 1023 209 273 1031
10126 966 209 273 1031
10023 1024 209 274 1032
10126 967 209 274 1032
10023 1025 209 275 1033
10023 1026 209 276 1034
10126 969 208 276 1034
10023 1027 208 277 1035
10023 1028 208 278 1036
10126 971 210 278 1036
10023 1029 208 279 1037
766 365 222 279 1037
10126 972 210 279 1037
766 366 222 280 1038
10126 973 223 280 1038
10126 974 223 281 1039
10023 1032 207 282 1040
10126 975 221 282 1040
10126 976 219 283 1041
10126 977 228 284 1042
10126 978 214 285 1043
10023 1036 213 286 1044
10126 979 214 286 1044
10023 1037 214 287 1045
10126 980 210 287 1045
10126 981 221 288 1046
10126 983 220 290 1048
10126 984 219 291 1049
10126 985 219 292 1050
10126 986 224 293 1051
10023 1044 210 294 1052
10126 987 213 294 1052
10126 988 211 295 1053
10023 1046 210 296 1054
10126 989 220 296 1054
10126 990 223 297 1055
10126 991 223 298 1056
10126 992 225 299 1057
10126 993 223 300 1058
10126 994 223 301 1059
10126 995 222 302 1060
10126 996 223 303 1061
10126 997 221 304 1062
10126 998 223 305 1063
10126 999 223 306 1064
10126 1000 223 307 1065
10126 1001 223 308 1066
10126 1002 225 309 1067
10126 1003 225 310 1068
10126 1004 225 311 1069
10126 1005 224 312 1070
10126 1006 223 313 1071
10126 1007 225 314 1072
10023 1065 210 315 1073
10126 1008 223 315 1073
10126 1009 223 316 1074
10126 1010 223 317 1075
10126 1011 223 318 1076
10126 1012 221 319 1077
10126 1013 221 320 1078
10126 1014 224 321 1079
10126 1015 224 322 1080
10126 1016 224 323 1081
10126 1017 224 324 1082
10126 1018 217 325 1083
10126 1019 217 326 1084
10126 1020 217 327 1085
10126 1021 214 328 1086
10023 1080 208 330 1088
10126 1023 213 330 1088
10126 1024 217 331 1089
10126 1025 223 332 1090
10023 1083 209 333 1091
10126 1026 223 333 1091
10023 1084 209 334 1092
10126 1027 225 334 1092
10126 1028 225 335 1093
10023 1086 208 336 1094
10126 1029 215 336 1094
10126 1030 219 337 1095
10126 1031 221 338 1096
10126 1032 221 339 1097
10126 1033 216 340 1098
10126 1034 217 341 1099
10023 1092 208 342 1100
10126 1036 211 343 1101
10126 1037 211 344 1102
10126 1038 210 345 1103
10126 1041 209 348 1106
10126 1042 210 349 1107
10126 1043 209 350 1108
10126 1044 212 351 1109
10126 1045 216 352 1110
10126 1046 210 353 1111
10023 1104 208 354 1112
10126 1047 214 354 1112
10023 1105 209 355 1113
10126 1048 212 355 1113
10126 1049 212 356 1114
10023 1107 208 357 1115
10126 1050 212 357 1115
10126 1051 212 358 1116
10023 1109 212 359 1117
10126 1052 217 359 1117
10023 1110 211 360 1118
10126 1053 217 360 1118
10023 1111 208 361 1119
10126 1054 219 361 1119
10126 1055 222 362 1120
10126 1056 221 363 1121
10023 1114 210 364 1122
10029 1114 209 364 1122
10120 1119 208 365 1123
10147 1112 209 365 1123
10029 1115 209 365 1123
10023 1116 220 366 1124
10112 1114 209 367 1125
10023 1117 212 367 1125
10147 1115 216 368 1126
10029 1118 211 368 1126
10096 1118 211 369 1127
10147 1116 214 369 1127
10147 1117 229 370 1128
703 420 223 371 1129
10122 1119 223 371 1129
10147 1118 221 371 1129
703 421 221 372 1130
10122 1120 213 372 1130
10147 1119 230 372 1130
10029 1122 219 372 1130
353 1 240 372 1130
10122 1121 222 373 1131
10120 1127 211 373 1131
10147 1120 234 373 1131
353 2 248 373 1131
10147 1121 229 374 1132
10029 1124 215 374 1132
10122 1123 208 375 1133
10096 1124 214 375 1133
10147 1122 241 375 1133
10029 1125 211 375 1133
10096 1125 210 376 1134
62 374 239 376 1134
10147 1123 232 376 1134
2 436 221 376 1134
447 346 225 377 1135
10122 1125 221 377 1135
10096 1126 210 377 1135
62 375 231 377 1135
10147 1124 218 377 1135
2 437 223 377 1135
476 142 225 378 1136
447 347 221 378 1136
10122 1126 221 378 1136
62 376 222 378 1136
10147 1125 232 378 1136
10136 1125 207 378 1136
10122 1127 218 379 1137
10096 1128 217 379 1137
62 377 225 379 1137
10147 1126 209 379 1137
10029 1129 217 379 1137
10136 1126 210 379 1137
353 8 221 379 1137
447 349 223 380 1138
10122 1128 217 380 1138
10147 1127 233 380 1138
10029 1130 212 380 1138
10136 1127 212 380 1138
476 145 221 381 1139
447 350 225 381 1139
10122 1129 212 381 1139
62 379 226 381 1139
10147 1128 228 381 1139
10029 1131 213 381 1139
353 10 235 381 1139
447 351 223 382 1140
10122 1130 209 382 1140
10096 1131 209 382 1140
10147 1129 228 382 1140
10029 1132 213 382 1140
353 11 238 382 1140
10122 1131 215 383 1141
10147 1130 236 383 1141
10029 1133 222 383 1141
353 12 240 383 1141
447 353 222 384 1142
10122 1132 221 384 1142
10096 1133 209 384 1142
10147 1131 236 384 1142
10029 1134 224 384 1142
353 13 247 384 1142
447 354 226 385 1143
10122 1133 217 385 1143
62 383 223 385 1143
10147 1132 241 385 1143
10029 1135 211 385 1143
353 14 245 385 1143
447 355 222 386 1144
10096 1135 209 386 1144
10147 1133 234 386 1144
10029 1136 208 386 1144
353 15 243 386 1144
447 356 225 387 1145
62 385 223 387 1145
10147 1134 237 387 1145
353 16 236 387 1145
447 357 223 388 1146
10122 1136 209 388 1146
10147 1135 219 388 1146
10136 1135 207 388 1146
353 17 229 388 1146
10122 1137 216 389 1147
10096 1138 209 389 1147
10120 1143 207 389 1147
10147 1136 227 389 1147
10029 1139 209 389 1147
353 18 233 389 1147
10122 1138 209 390 1148
10147 1137 223 390 1148
10029 1140 210 390 1148
353 19 245 390 1148
10122 1139 212 391 1149
10096 1140 210 391 1149
10147 1138 231 391 1149
10029 1141 210 391 1149
353 20 242 391 1149
10122 1140 208 392 1150
10096 1141 215 392 1150
62 390 221 392 1150
10147 1139 234 392 1150
10029 1142 216 392 1150
353 21 242 392 1150
10122 1141 208 393 1151
10096 1142 212 393 1151
62 391 223 393 1151
10147 1140 235 393 1151
10029 1143 211 393 1151
353 22 242 393 1151
10096 1143 214 394 1152
10147 1141 239 394 1152
10029 1144 214 394 1152
353 23 246 394 1152
10122 1143 220 395 1153
10096 1144 212 395 1153
62 393 222 395 1153
10147 1142 234 395 1153
10029 1145 218 395 1153
353 24 227 395 1153
10136 1142 208 395 1153
10122 1144 210 396 1154
10096 1145 210 396 1154
10147 1143 231 396 1154
10029 1146 216 396 1154
447 366 227 397 1155
10122 1145 216 397 1155
10096 1146 211 397 1155
10147 1144 223 397 1155
10029 1147 216 397 1155
353 26 243 397 1155
447 367 228 398 1156
10096 1147 212 398 1156
10147 1145 233 398 1156
10029 1148 213 398 1156
353 27 235 398 1156
447 368 225 399 1157
10122 1147 213 399 1157
10096 1148 217 399 1157
10147 1146 230 399 1157
10029 1149 221 399 1157
10136 1146 209 399 1157
353 28 227 399 1157
447 369 238 400 1158
10122 1148 209 400 1158
10096 1149 215 400 1158
10147 1147 227 400 1158
10029 1150 221 400 1158
353 29 232 400 1158
447 370 223 401 1159
10122 1149 211 401 1159
10096 1150 210 401 1159
10147 1148 231 401 1159
10029 1151 218 401 1159
353 30 235 401 1159
447 371 235 402 1160
10096 1151 211 402 1160
62 400 221 402 1160
10147 1149 233 402 1160
353 31 241 402 1160
10136 1149 210 402 1160
447 372 237 403 1161
10122 1151 210 403 1161
10096 1152 219 403 1161
10147 1150 230 403 1161
10029 1153 210 403 1161
353 32 241 403 1161
447 373 237 404 1162
10096 1153 220 404 1162
10147 1151 228 404 1162
10029 1154 213 404 1162
353 33 237 404 1162
447 374 238 405 1163
10122 1153 213 405 1163
10096 1154 219 405 1163
10147 1152 219 405 1163
10029 1155 218 405 1163
353 34 245 405 1163
447 375 233 406 1164
10122 1154 219 406 1164
10096 1155 221 406 1164
10135 1157 209 406 1164
10147 1153 214 406 1164
353 35 234 406 1164
10147 1154 213 407 1165
10112 1155 213 408 1166
10126 1101 210 408 1166
10023 1159 208 409 1167
10126 1102 220 409 1167
10126 1103 208 410 1168
10126 1104 221 411 1169
10126 1105 212 412 1170
10126 1106 219 413 1171
10126 1107 218 414 1172
10126 1108 212 415 1173
10126 1109 212 416 1174
10126 1110 215 417 1175
10126 1111 213 418 1176
10126 1112 212 419 1177
10126 1114 212 421 1179
10023 1172 210 422 1180
10126 1115 212 422 1180
10023 1173 210 423 1181
10126 1116 210 423 1181
10023 1174 210 424 1182
10126 1117 212 424 1182
10023 1175 211 425 1183
10126 1118 216 425 1183
10023 1176 209 426 1184
10126 1119 215 426 1184
10023 1177 211 427 1185
10126 1120 212 427 1185
10023 1178 210 428 1186
10126 1121 214 428 1186
10023 1179 210 429 1187
10126 1122 213 429 1187
10023 1180 210 430 1188
10126 1123 215 430 1188
10023 1181 209 431 1189
10126 1124 217 431 1189
10023 1182 211 432 1190
10126 1125 218 432 1190
10023 1183 209 433 1191
10126 1126 220 433 1191
10023 1184 210 434 1192
10126 1127 221 434 1192
10023 1185 210 435 1193
10126 1128 218 435 1193
10023 1186 213 436 1194
10126 1129 215 436 1194
10023 1187 212 437 1195
10126 1130 210 437 1195
10126 1131 219 438 1196
10023 1189 210 439 1197
10126 1132 213 439 1197
10023 1190 210 440 1198
10126 1133 217 440 1198
10023 1191 209 441 1199
10126 1134 217 441 1199
10023 1192 210 442 1200
10126 1135 218 442 1200
10023 1193 209 443 1201
10126 1136 219 443 1201
10126 1137 219 444 1202
10023 1195 211 445 1203
10126 1138 219 445 1203
10023 1196 211 446 1204
10126 1139 216 446 1204
10023 1197 211 447 1205
10126 1140 219 447 1205
10023 1198 210 448 1206
10126 1141 219 448 1206
10023 1199 210 449 1207
10126 1142 217 449 1207
10023 1200 210 450 1208
10126 1143 219 450 1208
10023 1201 210 451 1209
10126 1144 219 451 1209
10023 1202 210 452 1210
10126 1145 219 452 1210
10023 1203 210 453 1211
10126 1146 219 453 1211
10023 1204 210 454 1212
10126 1147 219 454 1212
10023 1205 210 455 1213
10126 1148 219 455 1213
10023 1206 211 456 1214
10126 1149 219 456 1214
10023 1207 210 457 1215
10126 1150 219 457 1215
10023 1208 210 458 1216
10126 1151 219 458 1216
10023 1209 211 459 1217
10126 1152 218 459 1217
10023 1210 210 460 1218
10126 1153 218 460 1218
10023 1211 210 461 1219
10126 1154 218 461 1219
10023 1212 210 462 1220
10126 1155 214 462 1220
10023 1213 209 463 1221
10126 1156 229 463 1221
10023 1214 215 464 1222
10126 1157 221 464 1222
10023 1215 213 465 1223
10126 1158 225 465 1223
10023 1216 212 466 1224
10126 1159 225 466 1224
10023 1217 213 467 1225
10126 1160 225 467 1225
10023 1218 212 468 1226
10126 1161 224 468 1226
10023 1219 211 469 1227
10126 1162 222 469 1227
10126 1163 218 470 1228
10023 1221 208 471 1229
10126 1164 216 471 1229
10023 1222 209 472 1230
10126 1165 218 472 1230
10023 1223 210 473 1231
10126 1166 215 473 1231
10126 1167 220 474 1232
10023 1225 211 475 1233
10126 1168 217 475 1233
10023 1226 211 476 1234
10126 1169 219 476 1234
10023 1227 212 477 1235
10023 1228 217 478 1236
10126 1171 212 478 1236
10023 1229 221 479 1237
10126 1172 225 479 1237
10023 1230 218 480 1238
10023 1231 217 481 1239
10126 1174 221 481 1239
10023 1232 213 482 1240
10126 1175 217 482 1240
10023 1233 208 483 1241
10126 1176 210 483 1241
10023 1234 212 484 1242
10126 1177 219 484 1242
10023 1235 208 485 1243
10126 1178 220 485 1243
10023 1237 210 487 1245
10126 1180 219 487 1245
10023 1238 212 488 1246
10126 1181 214 488 1246
10126 1182 219 489 1247
10023 1240 212 490 1248
10126 1183 209 490 1248
10126 1184 215 491 1249
10126 1185 211 492 1250
10023 1243 210 493 1251
10126 1186 215 493 1251
10126 1187 219 494 1252
10126 1188 222 495 1253
10126 1190 223 497 1255
10126 1191 215 498 1256
10126 1192 215 499 1257
10023 1250 209 500 1258
10126 1193 221 500 1258
10023 1251 210 501 1259
10126 1194 226 501 1259
10023 1252 215 502 1260
10126 1195 220 502 1260
10126 1196 220 503 1261
10126 1197 221 504 1262
10023 1255 209 505 1263
10126 1198 227 505 1263
10126 1199 220 506 1264
10126 1200 225 507 1265
10023 1258 209 508 1266
10126 1201 214 508 1266
10023 1259 211 509 1267
10126 1202 220 509 1267
10126 1203 214 510 1268
10126 1204 212 511 1269
10126 1206 217 513 1271
10126 1207 218 514 1272
743 494 224 515 1273
10023 1265 209 515 1273
10126 1208 220 515 1273
10023 1266 210 516 1274
10126 1209 225 516 1274
10023 1267 212 517 1275
10126 1210 219 517 1275
743 497 229 518 1276
10023 1268 216 518 1276
10126 1211 211 518 1276
743 498 223 519 1277
10023 1269 217 519 1277
10126 1212 211 519 1277
743 499 226 520 1278
10023 1270 217 520 1278
10126 1213 225 520 1278
743 500 228 521 1279
10023 1271 216 521 1279
10126 1214 221 521 1279
743 501 227 522 1280
10023 1272 217 522 1280
10126 1215 221 522 1280
743 502 232 523 1281
10023 1273 216 523 1281
10126 1216 214 523 1281
743 503 225 524 1282
10023 1274 216 524 1282
10126 1217 223 524 1282
10126 1218 227 525 1283
10126 1219 225 526 1284
10126 1220 221 527 1285
10023 1278 210 528 1286
10126 1221 210 528 1286
10023 1279 209 529 1287
10126 1222 218 529 1287
10126 1223 211 530 1288
10126 1224 216 531 1289
10126 1225 209 532 1290
10126 1226 213 533 1291
10126 1227 220 534 1292
10126 1228 213 535 1293
10126 1229 209 536 1294
10126 1230 211 537 1295
10023 1288 208 538 1296
10126 1231 218 538 1296
10126 1233 219 540 1298
10126 1234 210 541 1299
10126 1235 219 542 1300
10126 1236 208 543 1301
10023 1294 212 544 1302
10126 1237 216 544 1302
10023 1295 210 545 1303
10023 1296 209 546 1304
10126 1239 208 546 1304
10126 1240 216 547 1305
10023 1298 208 548 1306
10126 1241 218 548 1306
10126 1242 223 549 1307
10126 1243 224 550 1308
10126 1244 224 551 1309
10126 1245 224 552 1310
10126 1246 224 553 1311
10126 1247 224 554 1312
10126 1248 224 555 1313
10126 1249 224 556 1314
10126 1250 224 557 1315
10126 1251 225 558 1316
10126 1252 225 559 1317
10126 1253 225 560 1318
10126 1254 225 561 1319
10126 1255 225 562 1320
10126 1256 225 563 1321
10126 1257 225 564 1322
10126 1258 225 565 1323
10126 1259 224 566 1324
10126 1260 224 567 1325
10126 1261 224 568 1326
10023 1319 213 569 1327
10126 1262 210 569 1327
10126 1263 209 570 1328
10126 1264 219 571 1329
10126 1265 223 572 1330
10023 1323 207 573 1331
10126 1266 222 573 1331
10023 1324 210 574 1332
10126 1267 221 574 1332
10023 1325 208 575 1333
10023 1326 209 576 1334
10126 1269 225 576 1334
10023 1327 207 577 1335
10126 1271 217 578 1336
10023 1329 217 579 1337
10126 1272 209 579 1337
10023 1330 210 580 1338
10126 1274 221 581 1339
10089 1330 207 582 1340
10112 1329 210 582 1340
10148 1336 208 582 1340
10133 1332 214 583 1341
10114 1335 211 583 1341
10110 1330 232 583 1341
10148 1337 221 583 1341
10133 1333 231 584 1342
10114 1336 214 584 1342
10110 1331 233 584 1342
10148 1338 211 584 1342
10133 1334 234 585 1343
10114 1337 222 585 1343
10110 1332 237 585 1343
10148 1339 223 585 1343
10133 1335 227 586 1344
10114 1338 227 586 1344
10110 1333 236 586 1344
10148 1340 217 586 1344
10133 1336 231 587 1345
10114 1339 214 587 1345
10110 1334 209 587 1345
10148 1341 209 587 1345
772 657 237 588 1346
10122 1336 220 588 1346
767 652 248 588 1346
10023 1339 208 589 1347
10126 1282 223 589 1347
10023 1340 208 590 1348
10126 1283 219 590 1348
10023 1341 216 591 1349
10126 1284 216 591 1349
10126 1285 223 592 1350
10126 1286 224 593 1351
10023 1344 212 594 1352
10126 1287 221 594 1352
10023 1345 213 595 1353
10126 1288 224 595 1353
10023 1346 213 596 1354
10126 1289 218 596 1354
10023 1347 213 597 1355
10126 1290 219 597 1355
10023 1348 215 598 1356
10126 1291 220 598 1356
10023 1349 217 599 1357
10126 1292 219 599 1357
10023 1350 210 600 1358
10126 1293 215 600 1358
10023 1351 211 601 1359
10126 1294 219 601 1359
10023 1352 210 602 1360
10126 1295 216 602 1360
10023 1353 211 603 1361
767 667 223 603 1361
10126 1296 215 603 1361
10023 1354 208 604 1362
10126 1297 216 604 1362
10023 1355 213 605 1363
10126 1298 214 605 1363
10023 1356 212 606 1364
10126 1299 217 606 1364
10023 1357 211 607 1365
10126 1300 218 607 1365
10023 1358 210 608 1366
10126 1301 215 608 1366
10023 1359 211 609 1367
10126 1302 217 609 1367
10023 1360 210 610 1368
10126 1303 218 610 1368
10023 1361 214 611 1369
10126 1304 214 611 1369
10023 1362 211 612 1370
10126 1305 217 612 1370
10023 1363 212 613 1371
10126 1306 217 613 1371
10023 1364 211 614 1372
10126 1307 219 614 1372
10023 1365 210 615 1373
10126 1308 215 615 1373
10023 1366 209 616 1374
10126 1309 219 616 1374
10023 1367 212 617 1375
10126 1310 217 617 1375
10023 1368 212 618 1376
10126 1311 219 618 1376
10023 1369 211 619 1377
10126 1312 215 619 1377
10023 1370 208 620 1378
10126 1313 219 620 1378
10023 1371 210 621 1379
10126 1314 219 621 1379
10023 1372 209 622 1380
10126 1315 217 622 1380
10126 1316 223 623 1381
10023 1374 209 624 1382
10126 1317 215 624 1382
10023 1375 208 625 1383
10126 1318 220 625 1383
10023 1376 209 626 1384
10126 1319 222 626 1384
10023 1377 208 627 1385
10126 1320 219 627 1385
10023 1378 210 628 1386
10126 1321 217 628 1386
10023 1379 210 629 1387
10126 1322 219 629 1387
10023 1380 209 630 1388
10126 1323 220 630 1388
10126 1324 221 631 1389
10126 1325 209 632 1390
10126 1326 224 633 1391
10126 1327 223 634 1392
10126 1328 223 635 1393
10023 1386 208 636 1394
10126 1329 223 636 1394
10126 1330 223 637 1395
10126 1331 223 638 1396
10023 1389 207 639 1397
10126 1332 223 639 1397
10126 1333 223 640 1398
10126 1334 223 641 1399
10023 1392 211 642 1400
10126 1335 216 642 1400
10023 1393 211 643 1401
10126 1336 218 643 1401
10126 1337 218 644 1402
10126 1338 217 645 1403
10023 1396 208 646 1404
10126 1339 217 647 1405
10126 1340 217 648 1406
10023 1398 208 648 1406
10126 1341 217 649 1407
10023 1399 207 649 1407
10126 1342 217 649 1407
10023 1400 207 650 1408
10126 1343 218 651 1409
10023 1401 209 651 1409
10126 1344 216 652 1410
10126 1345 216 653 1411
10023 1403 208 653 1411
10126 1346 218 654 1412
10126 1347 219 655 1413
10126 1348 217 656 1414
10023 1406 209 656 1414
10126 1349 216 657 1415
10023 1407 209 657 1415
10126 1350 213 658 1416
10126 1351 222 659 1417
10126 1352 223 660 1418
10126 1353 222 661 1419
10126 1354 223 662 1420
10126 1355 222 663 1421
10126 1356 223 664 1422
10126 1357 223 665 1423
10023 1415 208 665 1423
10126 1358 218 666 1424
10126 1359 218 667 1425
10126 1360 218 668 1426
10023 1418 208 668 1426
10126 1361 219 669 1427
10023 1419 208 669 1427
10126 1362 219 670 1428
10023 1420 207 670 1428
10126 1363 219 671 1429
10023 1421 208 671 1429
10147 1418 215 671 1429
10126 1364 210 672 1430
10105 1418 208 672 1430
10089 1420 211 672 1430
10146 1421 210 672 1430
10147 1419 212 672 1430
10105 1419 209 673 1431
299 238 224 673 1431
233 743 223 673 1431
10143 1425 209 674 1432
10130 1423 211 674 1432
10129 1429 212 674 1432
10134 1427 216 676 1434
10076 1431 226 677 1435
10018 762 211 677 1435
10140 1431 221 677 1435
10158 1430 218 677 1435
10173 1431 216 677 1435
10106 1433 211 677 1435
635 501 224 678 1436
10076 1432 212 678 1436
379 745 223 678 1436
10055 1436 210 678 1436
10018 763 211 678 1436
10106 1434 212 678 1436
10040 1431 212 678 1436
768 801 225 678 1436
10106 1435 208 679 1437
10040 1432 220 679 1437
768 802 223 679 1437
10078 1437 208 680 1438
643 515 221 680 1438
10040 1433 217 680 1438
768 803 225 680 1438
10055 1439 209 681 1439
10106 1437 210 681 1439
10040 1434 214 681 1439
10055 1440 210 682 1440
10106 1438 208 682 1440
10040 1435 228 682 1440
635 506 224 683 1441
10018 768 210 683 1441
10106 1439 212 683 1441
10040 1436 215 683 1441
10076 1438 212 684 1442
10018 769 220 684 1442
10106 1440 221 684 1442
636 138 224 684 1442
10040 1437 223 684 1442
10055 1443 209 685 1443
10018 770 218 685 1443
10098 1440 216 685 1443
10106 1441 221 685 1443
636 139 231 685 1443
10076 1440 209 686 1444
10078 1443 209 686 1444
10055 1444 210 686 1444
10018 771 220 686 1444
10098 1441 223 686 1444
10140 1440 213 686 1444
10084 1438 207 686 1444
10158 1439 212 686 1444
169 50 224 686 1444
10004 1441 212 687 1445
10076 1441 215 687 1445
10055 1445 212 687 1445
10018 772 216 687 1445
10098 1442 221 687 1445
10140 1441 209 687 1445
10084 1439 212 687 1445
10158 1440 225 687 1445
10106 1443 208 687 1445
10018 773 219 688 1446
10098 1443 215 688 1446
10140 1442 219 688 1446
10084 1440 212 688 1446
10158 1441 220 688 1446
10018 774 224 689 1447
10098 1444 224 689 1447
10140 1443 213 689 1447
10040 1442 209 689 1447
10078 1447 210 690 1448
290 758 225 690 1448
14 745 226 690 1448
723 744 229 690 1448
10134 1441 210 690 1448
10106 1446 213 690 1448
10040 1443 212 690 1448
219 287 227 691 1449
10078 1448 209 691 1449
10055 1449 209 691 1449
10106 1447 212 691 1449
10018 777 214 692 1450
10098 1447 212 692 1450
10055 1451 212 693 1451
10018 778 215 693 1451
10098 1448 213 693 1451
10140 1447 225 693 1451
10158 1446 211 693 1451
10173 1447 209 693 1451
10004 1448 212 694 1452
10076 1448 213 694 1452
10055 1452 218 694 1452
10018 779 223 694 1452
10140 1448 224 694 1452
10084 1446 214 694 1452
10158 1447 215 694 1452
10055 1453 215 695 1453
10018 780 229 695 1453
10098 1450 210 695 1453
10140 1449 215 695 1453
10084 1447 209 695 1453
739 497 221 695 1453
10055 1454 216 696 1454
10018 781 220 696 1454
10140 1450 228 696 1454
10158 1449 223 696 1454
10173 1450 213 696 1454
10106 1452 212 696 1454
10144 1450 211 696 1454
10076 1451 209 697 1455
10055 1455 210 697 1455
10140 1451 219 697 1455
10158 1450 227 697 1455
10106 1453 213 697 1455
10170 1450 217 698 1456
10097 1450 213 699 1457
10093 1459 208 699 1457
10097 1451 215 700 1458
10093 1460 210 700 1458
10077 1449 212 700 1458
10097 1452 210 701 1459
10093 1461 210 701 1459
10077 1450 210 701 1459
10077 1451 210 702 1460
10097 1454 213 703 1461
10093 1463 207 703 1461
10097 1455 214 704 1462
10031 1465 212 704 1462
10093 1464 210 704 1462
10077 1453 209 704 1462
14 760 225 705 1463
14 761 232 706 1464
10077 1455 208 706 1464
10097 1458 209 707 1465
14 762 233 707 1465
10093 1467 210 707 1465
10077 1456 209 707 1465
10097 1459 211 708 1466
14 763 229 708 1466
10093 1468 210 708 1466
10077 1457 212 708 1466
10031 1470 209 709 1467
14 764 240 709 1467
10093 1469 209 709 1467
10077 1458 216 709 1467
14 765 235 710 1468
14 766 238 711 1469
14 767 227 712 1470
10093 1472 208 712 1470
623 612 237 712 1470
10077 1461 217 712 1470
10097 1464 211 713 1471
10031 1474 209 713 1471
14 768 221 713 1471
10093 1473 208 713 1471
623 613 239 713 1471
10077 1462 212 713 1471
10031 1475 212 714 1472
14 769 221 714 1472
623 614 233 714 1472
10077 1463 215 714 1472
10031 1476 208 715 1473
14 770 238 715 1473
10093 1475 208 715 1473
623 615 227 715 1473
10031 1477 213 716 1474
14 771 221 716 1474
10077 1465 217 716 1474
10097 1468 211 717 1475
10031 1478 208 717 1475
14 772 229 717 1475
10077 1466 213 717 1475
10097 1469 209 718 1476
10031 1479 208 718 1476
14 773 238 718 1476
10093 1478 211 718 1476
10097 1470 210 719 1477
10031 1480 211 719 1477
14 774 233 719 1477
10077 1468 219 719 1477
10097 1471 212 720 1478
10031 1481 208 720 1478
14 775 237 720 1478
10077 1469 217 720 1478
10097 1472 211 721 1479
10031 1482 207 721 1479
14 776 224 721 1479
10077 1470 218 721 1479
10097 1473 210 722 1480
14 777 240 722 1480
10031 1484 210 723 1481
14 778 221 723 1481
10093 1483 209 723 1481
10077 1472 210 723 1481
10097 1475 211 724 1482
10031 1485 209 724 1482
14 779 232 724 1482
10077 1473 212 724 1482
10097 1476 214 725 1483
14 780 223 725 1483
10093 1485 208 725 1483
10077 1474 213 725 1483
10097 1477 213 726 1484
10031 1487 210 726 1484
14 781 227 726 1484
10093 1487 209 727 1485
10077 1476 210 727 1485
10097 1479 207 728 1486
10031 1489 210 728 1486
14 783 234 728 1486
10097 1480 212 729 1487
14 784 247 729 1487
10077 1478 218 729 1487
10144 1483 208 729 1487
10010 1479 217 730 1488
10140 1484 225 730 1488
10084 1482 207 730 1488
10158 1483 230 730 1488
636 184 225 730 1488
10004 1485 208 731 1489
10055 1489 211 731 1489
10018 816 220 731 1489
10098 1486 218 731 1489
10140 1485 216 731 1489
10004 1486 208 732 1490
10076 1486 226 732 1490
10055 1490 229 732 1490
10018 817 212 732 1490
14 788 227 733 1491
10077 1482 212 733 1491
10097 1485 210 734 1492
14 789 239 734 1492
10077 1483 210 734 1492
14 790 231 735 1493
10093 1495 209 735 1493
10077 1484 213 735 1493
10097 1487 208 736 1494
10031 1497 208 736 1494
14 791 236 736 1494
10093 1496 210 736 1494
10077 1485 210 736 1494
14 792 237 737 1495
10093 1497 209 737 1495
10077 1486 220 737 1495
10097 1489 215 738 1496
10031 1499 210 738 1496
14 793 239 738 1496
10031 1500 210 739 1497
14 794 233 739 1497
10093 1499 211 739 1497
10077 1488 216 739 1497
10097 1491 215 740 1498
10031 1501 208 740 1498
14 795 222 740 1498
10077 1489 213 740 1498
10031 1502 210 741 1499
14 796 223 741 1499
10077 1490 216 741 1499
10097 1493 209 742 1500
14 797 228 742 1500
10031 1504 210 743 1501
14 798 227 743 1501
10077 1492 211 743 1501
10031 1505 212 744 1502
14 799 230 744 1502
10077 1493 209 744 1502
10097 1496 212 745 1503
10031 1506 209 745 1503
14 800 237 745 1503
10077 1494 210 745 1503
10097 1497 210 746 1504
10031 1507 210 746 1504
14 801 231 746 1504
10077 1495 214 746 1504
10097 1498 216 747 1505
14 802 227 747 1505
10077 1496 211 747 1505
10097 1499 213 748 1506
10031 1509 209 748 1506
14 803 222 748 1506
10077 1497 212 748 1506
10097 1500 216 749 1507
10031 1510 209 749 1507
14 804 221 749 1507
10077 1498 215 749 1507
10097 1501 217 750 1508
10031 1511 209 750 1508
14 805 233 750 1508
10097 1502 210 751 1509
14 806 239 751 1509
14 807 231 752 1510
10077 1501 210 752 1510
10097 1504 212 753 1511
10031 1514 218 753 1511
14 808 225 753 1511
10077 1502 216 753 1511
10031 1515 210 754 1512
14 809 223 754 1512
10097 1506 211 755 1513
14 810 235 755 1513
14 811 238 756 1514
10093 1516 208 756 1514
10097 1508 209 757 1515
10031 1518 210 757 1515
14 812 229 757 1515
10077 1506 207 757 1515
10097 1509 211 757 1515
10031 1519 209 758 1516
14 813 224 758 1516
10077 1507 207 758 1516
10097 1510 212 759 1517
14 815 234 760 1518
10077 1509 217 760 1518
14 816 233 761 1519
10077 1510 212 761 1519
10097 1513 210 762 1520
14 817 237 762 1520
10077 1511 212 762 1520
14 818 231 763 1521
10077 1512 213 763 1521
14 819 237 764 1522
10077 1513 212 764 1522
10097 1516 209 765 1523
14 820 237 765 1523
10077 1514 209 765 1523
14 821 237 766 1524
10097 1518 211 767 1525
14 822 237 767 1525
10077 1516 209 767 1525
10097 1519 208 768 1526
14 823 231 768 1526
10077 1517 212 768 1526
10097 1520 216 769 1527
10097 1521 210 770 1528
10093 1530 213 770 1528
10097 1522 213 771 1529
10093 1531 217 771 1529
10077 1520 211 771 1529
10097 1523 211 772 1530
14 827 227 772 1530
10093 1532 208 772 1530
10077 1521 218 772 1530
10031 1534 209 773 1531
14 828 224 773 1531
10093 1533 209 773 1531
10077 1522 215 773 1531
10031 1535 210 774 1532
10077 1523 211 774 1532
10031 1536 213 775 1533
14 830 221 775 1533
10077 1524 213 775 1533
10031 1537 211 776 1534
14 831 221 776 1534
10093 1536 211 776 1534
10077 1525 212 776 1534
10031 1538 209 777 1535
14 832 223 777 1535
10077 1526 209 777 1535
10031 1539 210 778 1536
14 833 228 778 1536
10077 1527 208 778 1536
10097 1530 215 779 1537
14 834 231 779 1537
10077 1528 210 779 1537
10097 1531 214 780 1538
14 835 222 780 1538
10077 1529 210 780 1538
10097 1532 215 781 1539
14 836 225 781 1539
10077 1530 210 781 1539
10097 1533 213 782 1540
14 837 224 782 1540
430 750 230 782 1540
10077 1531 210 782 1540
10097 1534 209 783 1541
14 838 221 783 1541
10077 1532 210 783 1541
10097 1535 211 784 1542
10077 1533 210 784 1542
10097 1536 210 785 1543
10077 1534 219 785 1543
10097 1537 213 786 1544
14 841 239 786 1544
10077 1535 218 786 1544
10097 1538 209 787 1545
14 842 237 787 1545
10077 1536 219 787 1545
10097 1539 211 788 1546
14 843 236 788 1546
10077 1537 217 788 1546
10097 1540 212 789 1547
14 844 239 789 1547
10077 1538 208 789 1547
10097 1541 209 790 1548
14 845 235 790 1548
10077 1539 208 790 1548
10097 1542 208 791 1549
90 231 221 791 1549
14 846 236 791 1549
10077 1540 209 791 1549
10097 1543 212 792 1550
90 232 224 792 1550
14 847 237 792 1550
10077 1541 209 792 1550
10097 1544 212 793 1551
90 233 232 793 1551
14 848 232 793 1551
346 654 238 793 1551
10077 1542 212 793 1551
10097 1545 208 794 1552
90 234 227 794 1552
14 849 237 794 1552
346 655 233 794 1552
10077 1543 214 794 1552
10097 1546 212 795 1553
90 235 225 795 1553
175 805 223 795 1553
14 850 238 795 1553
346 656 234 795 1553
10077 1544 210 795 1553
10097 1547 213 796 1554
90 236 227 796 1554
14 851 237 796 1554
10077 1545 213 796 1554
10097 1548 212 797 1555
90 237 227 797 1555
14 852 223 797 1555
10097 1549 217 798 1556
90 238 223 798 1556
346 659 229 798 1556
429 892 241 798 1556
10077 1547 213 798 1556
10097 1550 212 799 1557
90 239 230 799 1557
346 660 227 799 1557
429 893 239 799 1557
10077 1548 213 799 1557
10097 1551 212 800 1558
90 240 225 800 1558
14 855 221 800 1558
346 661 233 800 1558
429 894 240 800 1558
10077 1549 212 800 1558
10097 1552 216 801 1559
175 811 221 801 1559
14 856 221 801 1559
346 662 232 801 1559
429 895 247 801 1559
10077 1550 208 801 1559
10097 1553 210 802 1560
90 242 222 802 1560
14 857 223 802 1560
346 663 223 802 1560
429 896 242 802 1560
10097 1554 211 803 1561
175 813 222 803 1561
346 664 222 803 1561
429 897 231 803 1561
10097 1555 211 804 1562
346 665 227 804 1562
429 898 241 804 1562
10077 1553 216 804 1562
10097 1556 219 805 1563
90 245 237 805 1563
175 815 226 805 1563
14 860 231 805 1563
346 666 235 805 1563
429 899 223 805 1563
10077 1554 211 806 1564
10097 1557 217 806 1564
90 246 223 806 1564
14 861 227 806 1564
10077 1555 212 806 1564
10097 1558 207 807 1565
10031 1568 208 807 1565
10077 1556 213 807 1565
10144 1561 210 808 1566
10055 1566 211 808 1566
10018 893 212 808 1566
10140 1562 222 808 1566
10158 1561 227 808 1566
10173 1562 213 808 1566
10010 1558 208 809 1567
10055 1567 209 809 1567
10018 894 215 809 1567
10098 1564 209 809 1567
80 878 222 809 1567
7 862 221 809 1567
10140 1563 214 809 1567
10158 1562 216 809 1567
608 297 224 809 1567
10106 1565 217 809 1567
217 877 223 809 1567
10076 1564 214 810 1568
263 458 221 810 1568
10018 895 210 810 1568
10106 1566 213 810 1568
625 63 223 810 1568
87 288 223 810 1568
470 791 231 811 1569
201 1043 223 811 1569
10078 1568 211 811 1569
210 243 226 811 1569
263 459 237 811 1569
14 866 225 811 1569
10055 1569 208 811 1569
10018 896 208 811 1569
10098 1566 221 811 1569
482 1018 226 811 1569
760 24 227 812 1570
114 14 233 812 1570
383 873 239 812 1570
14 867 223 812 1570
10018 897 213 812 1570
666 876 223 812 1570
110 152 227 812 1570
10140 1566 212 812 1570
323 801 223 812 1570
593 558 221 812 1570
10173 1566 211 812 1570
10106 1568 223 812 1570
334 808 222 813 1571
10076 1567 225 813 1571
332 79 224 813 1571
160 870 236 813 1571
14 868 231 813 1571
10055 1571 210 813 1571
10140 1567 211 813 1571
10173 1567 211 813 1571
780 88 231 814 1572
441 816 227 814 1572
10154 1566 224 814 1572
402 359 225 815 1573
10154 1567 212 815 1573
345 553 224 816 1574
14 871 231 816 1574
14 872 224 817 1575
10032 1577 210 818 1576
14 876 225 821 1579
642 98 221 822 1580
14 877 222 822 1580
14 878 221 823 1581
10090 1581 217 823 1581
10091 1580 223 824 1582
10070 1579 210 824 1582
10043 1580 214 824 1582
14 879 227 824 1582
10164 1377 212 825 1583
14 880 233 825 1583
10123 1578 217 825 1583
14 881 224 826 1584
10088 1580 212 827 1585
10169 1586 215 827 1585
14 882 221 827 1585
10009 1583 209 828 1586
14 883 224 828 1586
481 652 229 829 1587
687 902 236 829 1587
320 146 227 829 1587
14 884 222 829 1587
10106 1585 214 829 1587
10154 1581 221 830 1588
14 885 222 830 1588
200 20 221 830 1588
82 827 227 830 1588
10154 1582 208 831 1589
10130 1580 209 831 1589
10156 1583 208 831 1589
80 900 222 831 1589
10025 1590 210 831 1589
14 886 226 831 1589
10129 1586 208 831 1589
10038 1592 210 832 1590
14 887 233 832 1590
14 888 227 833 1591
14 890 235 835 1593
10149 1586 213 836 1594
14 892 228 837 1595
10090 1595 211 837 1595
10091 1594 214 838 1596
10043 1594 210 838 1596
14 893 224 838 1596
10063 1594 208 838 1596
10091 1595 209 839 1597
10123 1593 217 840 1598
14 895 235 840 1598
10128 1593 210 841 1599
14 896 227 841 1599
10141 1592 209 842 1600
10088 1595 208 842 1600
14 897 231 842 1600
14 898 225 843 1601
10134 1594 215 843 1601
10154 1597 214 845 1603
253 656 226 846 1604
692 847 223 846 1604
342 912 225 846 1604
724 912 223 846 1604
10154 1598 210 846 1604
692 848 234 847 1605
10129 1602 220 847 1605
367 586 221 848 1606
10147 1595 209 849 1607
10029 1598 210 849 1607
10126 1542 208 850 1608
10126 1543 211 851 1609
10126 1544 221 852 1610
10126 1545 219 853 1611
10126 1546 220 854 1612
10126 1547 219 855 1613
10126 1548 219 856 1614
10126 1549 219 857 1615
10126 1550 212 858 1616
10126 1551 219 859 1617
10126 1552 219 860 1618
10126 1553 218 861 1619
10126 1554 217 862 1620
10126 1555 219 863 1621
10126 1556 219 864 1622
10126 1557 219 865 1623
10126 1558 218 866 1624
10126 1559 218 867 1625
10126 1560 217 868 1626
10126 1561 217 869 1627
10126 1562 218 870 1628
10126 1563 219 871 1629
10126 1564 219 872 1630
10126 1565 219 873 1631
10126 1566 219 874 1632
10126 1567 219 875 1633
10126 1568 218 876 1634
10126 1569 218 877 1635
10126 1570 219 878 1636
10126 1571 219 879 1637
10126 1572 219 880 1638
10126 1573 219 881 1639
10126 1574 219 882 1640
10126 1575 219 883 1641
10126 1576 219 884 1642
10126 1577 219 885 1643
10126 1578 219 886 1644
10126 1579 219 887 1645
10126 1580 219 888 1646
10126 1581 213 889 1647
10126 1582 213 890 1648
10126 1583 214 891 1649
10126 1584 212 892 1650
10126 1585 213 893 1651
10126 1586 212 894 1652
10126 1587 217 895 1653
10126 1588 215 896 1654
10126 1589 216 897 1655
10126 1590 216 898 1656
10126 1591 216 898 1656
10126 1592 216 899 1657
10126 1593 216 900 1658
10126 1594 215 901 1659
10126 1595 213 902 1660
10126 1596 212 903 1661
10126 1597 209 904 1662
10126 1599 209 906 1664
10126 1603 213 910 1668
10126 1604 218 911 1669
10126 1605 217 912 1670
10126 1606 208 913 1671
10126 1607 214 914 1672
10126 1608 208 915 1673
10126 1612 207 919 1677
10126 1614 208 921 1679
10126 1615 211 922 1680
10126 1616 210 923 1681
10126 1618 210 925 1683
10126 1619 209 926 1684
10126 1620 210 927 1685
10126 1621 211 928 1686
10126 1622 211 929 1687
10126 1623 214 930 1688
10126 1624 211 931 1689
10126 1625 224 932 1690
10089 1681 216 933 1691
10112 1680 209 933 1691
10029 1683 209 933 1691
10122 1682 210 934 1692
10147 1681 231 934 1692
10029 1684 213 934 1692
10122 1683 213 935 1693
10096 1684 207 935 1693
10135 1686 209 935 1693
62 933 221 935 1693
10147 1682 239 935 1693
10029 1685 218 935 1693
10122 1684 219 936 1694
62 934 238 936 1694
10147 1683 229 936 1694
10029 1686 217 936 1694
10122 1685 218 937 1695
62 935 238 937 1695
10147 1684 220 937 1695
10029 1687 220 937 1695
10122 1686 209 938 1696
62 936 226 938 1696
10147 1685 222 938 1696
10136 1685 211 938 1696
10122 1687 209 939 1697
10096 1688 214 939 1697
10147 1686 216 939 1697
10029 1689 212 939 1697
10165 1702 208 940 1698
10135 1691 210 940 1698
10147 1687 221 940 1698
10029 1690 212 940 1698
10121 1690 209 941 1699
10122 1689 211 941 1699
10096 1690 208 941 1699
10147 1688 217 941 1699
10029 1691 211 941 1699
10165 1704 208 942 1700
10147 1689 216 942 1700
10029 1692 211 942 1700
10096 1692 210 943 1701
10135 1694 208 943 1701
10120 1697 208 943 1701
10147 1690 225 943 1701
10105 1691 207 944 1702
10126 1638 221 945 1703
10126 1639 221 946 1704
10126 1640 210 947 1705
10126 1641 219 948 1706
10126 1642 220 949 1707
10126 1643 218 950 1708
10126 1644 219 951 1709
10126 1645 216 952 1710
10126 1646 216 953 1711
10126 1647 210 954 1712
10126 1648 211 955 1713
10126 1649 217 956 1714
10126 1650 221 957 1715
10126 1651 219 958 1716
10126 1652 219 959 1717
10126 1653 223 960 1718
10126 1654 222 961 1719
10126 1655 225 962 1720
10126 1656 222 963 1721
10126 1657 222 964 1722
10126 1658 223 965 1723
10126 1659 223 966 1724
10126 1660 213 967 1725
10126 1661 214 968 1726
10126 1662 218 969 1727
10126 1663 215 970 1728
10126 1664 211 971 1729
10126 1665 211 972 1730
10126 1666 210 973 1731
10126 1667 208 974 1732
10126 1668 212 975 1733
10126 1670 212 977 1735
10126 1671 212 978 1736
10126 1672 209 979 1737
10126 1673 213 980 1738
10126 1674 209 981 1739
10126 1675 212 982 1740
10126 1676 210 983 1741
10126 1677 209 984 1742
10126 1678 208 985 1743
10126 1681 214 988 1746
10126 1682 211 989 1747
10126 1683 214 990 1748
10126 1684 216 991 1749
10126 1685 210 992 1750
10126 1686 213 993 1751
10126 1687 218 994 1752
10126 1688 217 995 1753
10126 1689 211 996 1754
10126 1690 216 997 1755
10126 1691 214 998 1756
10126 1692 209 999 1757
10126 1693 214 1000 1758
10126 1694 216 1001 1759
10126 1695 212 1002 1760
10126 1698 222 1005 1763
10126 1699 212 1006 1764
10126 1700 214 1007 1765
10126 1702 212 1009 1767
10126 1703 217 1010 1768
10126 1705 217 1012 1770
10126 1706 209 1013 1771
10126 1708 211 1015 1773
10126 1710 212 1017 1775
10126 1711 209 1018 1776
10126 1712 212 1019 1777
10126 1713 211 1020 1778
10126 1714 210 1021 1779
10126 1716 208 1023 1781
10126 1717 209 1024 1782
10126 1720 209 1027 1785
10126 1722 227 1029 1787
10126 1723 227 1030 1788
10126 1724 227 1031 1789
10126 1725 221 1032 1790
10126 1726 220 1033 1791
10126 1727 220 1034 1792
10126 1728 222 1035 1793
10126 1729 222 1036 1794
10126 1730 225 1037 1795
10126 1731 221 1038 1796
10126 1732 225 1039 1797
10126 1733 218 1040 1798
10126 1734 226 1041 1799
10126 1735 222 1042 1800
10126 1736 224 1043 1801
10126 1737 224 1044 1802
10126 1738 224 1045 1803
10126 1739 223 1046 1804
10126 1740 223 1047 1805
10126 1741 223 1048 1806
10126 1742 224 1049 1807
10126 1743 223 1050 1808
10126 1744 223 1051 1809
10126 1745 223 1052 1810
10126 1746 221 1053 1811
10126 1747 221 1054 1812
10126 1748 221 1055 1813
10126 1749 221 1056 1814
10126 1750 223 1057 1815
10126 1751 223 1058 1816
10126 1752 218 1059 1817
10126 1754 213 1061 1819
10126 1755 214 1062 1820
10126 1756 217 1063 1821
10126 1757 224 1064 1822
10126 1758 225 1065 1823
10126 1759 225 1066 1824
10126 1760 225 1067 1825
10126 1761 225 1068 1826
10126 1762 226 1069 1827
10126 1763 224 1070 1828
10126 1764 223 1071 1829
10126 1765 217 1072 1830
10126 1766 226 1073 1831
10126 1767 214 1074 1832
10126 1768 220 1075 1833
10126 1769 219 1076 1834
10126 1770 212 1077 1835
10126 1771 218 1078 1836
10126 1772 219 1079 1837
10126 1773 215 1080 1838
10126 1774 213 1081 1839
10126 1775 211 1082 1840
10126 1776 208 1083 1841
10126 1777 210 1084 1842
10126 1778 220 1085 1843
10126 1779 222 1086 1844
10126 1780 221 1087 1845
10126 1781 216 1088 1846
10126 1782 221 1089 1847
10126 1783 222 1090 1848
10126 1784 223 1091 1849
10126 1785 222 1092 1850
10126 1786 221 1093 1851
10126 1787 221 1094 1852
10126 1788 223 1095 1853
10126 1789 223 1096 1854
10126 1790 223 1097 1855
10126 1791 223 1098 1856
10126 1792 223 1099 1857
10126 1793 223 1100 1858
10126 1794 225 1101 1859
10126 1795 227 1102 1860
10126 1796 226 1103 1861
10126 1797 223 1104 1862
10126 1798 218 1105 1863
10126 1799 225 1106 1864
10126 1800 219 1107 1865
712 1172 232 1108 1866
10126 1801 218 1108 1866
712 1173 240 1109 1867
10126 1802 215 1109 1867
712 1174 222 1110 1868
10029 1860 208 1110 1868
703 1160 230 1111 1869
324 535 231 1111 1869
10147 1858 212 1111 1869
554 1176 221 1111 1869
10029 1861 212 1111 1869
18 168 224 1111 1869
139 1159 225 1111 1869
10126 1805 220 1112 1870
10089 1862 210 1114 1872
735 812 222 1114 1872
10029 1865 212 1115 1873
10096 1865 211 1116 1874
10147 1863 220 1116 1874
433 52 230 1116 1874
10029 1866 214 1116 1874
353 745 233 1116 1874
10147 1864 237 1117 1875
10029 1867 208 1117 1875
353 746 224 1117 1875
10096 1867 212 1118 1876
10147 1865 234 1118 1876
433 54 228 1118 1876
10029 1868 210 1118 1876
353 747 233 1118 1876
10096 1868 211 1119 1877
10147 1866 235 1119 1877
433 55 234 1119 1877
353 748 233 1119 1877
10147 1867 221 1120 1878
10029 1870 227 1120 1878
10122 1869 211 1121 1879
10120 1875 207 1121 1879
10147 1868 247 1121 1879
10029 1871 222 1121 1879
353 750 223 1121 1879
62 1119 230 1121 1879
10122 1870 212 1122 1880
10147 1869 235 1122 1880
10029 1872 210 1122 1880
353 751 223 1122 1880
62 1120 233 1122 1880
10147 1870 237 1123 1881
10029 1873 210 1123 1881
353 752 226 1123 1881
62 1121 225 1123 1881
10147 1871 226 1124 1882
10029 1874 214 1124 1882
353 753 224 1124 1882
62 1122 234 1124 1882
10147 1872 233 1125 1883
10029 1875 215 1125 1883
62 1123 225 1125 1883
10147 1873 225 1126 1884
10029 1876 217 1126 1884
353 755 227 1126 1884
10096 1876 209 1127 1885
10147 1874 220 1127 1885
10029 1877 216 1127 1885
353 756 223 1127 1885
62 1125 221 1127 1885
10122 1876 211 1128 1886
10135 1879 207 1128 1886
10147 1875 242 1128 1886
10029 1878 225 1128 1886
10147 1876 246 1129 1887
10029 1879 226 1129 1887
656 1193 221 1129 1887
10147 1877 241 1130 1888
10029 1880 225 1130 1888
656 1194 221 1130 1888
10096 1880 209 1131 1889
10147 1878 242 1131 1889
10029 1881 223 1131 1889
353 760 221 1131 1889
656 1195 225 1131 1889
10147 1879 243 1132 1890
10029 1882 222 1132 1890
353 761 222 1132 1890
656 1196 231 1132 1890
10147 1880 243 1133 1891
10029 1883 222 1133 1891
10096 1883 208 1134 1892
10147 1881 241 1134 1892
10029 1884 223 1134 1892
10147 1882 233 1135 1893
10029 1885 220 1135 1893
353 764 222 1135 1893
10122 1884 209 1136 1894
10147 1883 227 1136 1894
10029 1886 220 1136 1894
353 765 225 1136 1894
10147 1884 227 1137 1895
10029 1887 221 1137 1895
353 766 221 1137 1895
10122 1886 211 1138 1896
10147 1885 224 1138 1896
10029 1888 219 1138 1896
10136 1885 209 1138 1896
10147 1886 232 1139 1897
10029 1889 215 1139 1897
10122 1888 212 1140 1898
10147 1887 233 1140 1898
10029 1890 223 1140 1898
10136 1887 208 1140 1898
353 769 221 1140 1898
10096 1890 208 1141 1899
10147 1888 243 1141 1899
10029 1891 218 1141 1899
62 1139 221 1141 1899
10122 1890 208 1142 1900
10147 1889 241 1142 1900
10029 1892 211 1142 1900
353 771 225 1142 1900
10096 1892 210 1143 1901
447 1113 225 1143 1901
10147 1890 241 1143 1901
429 1237 222 1143 1901
10147 1891 241 1144 1902
10029 1894 213 1144 1902
353 773 230 1144 1902
10096 1894 209 1145 1903
10147 1892 236 1145 1903
10029 1895 210 1145 1903
353 774 228 1145 1903
10122 1894 212 1146 1904
10147 1893 210 1146 1904
10029 1896 209 1146 1904
353 775 233 1146 1904
10122 1895 208 1147 1905
10147 1894 227 1147 1905
10029 1897 214 1147 1905
353 776 231 1147 1905
10147 1895 211 1148 1906
10029 1898 211 1148 1906
353 777 229 1148 1906
10122 1897 210 1149 1907
10147 1896 218 1149 1907
10029 1899 214 1149 1907
353 778 230 1149 1907
10147 1897 222 1150 1908
10029 1900 212 1150 1908
353 779 225 1150 1908
10122 1899 209 1151 1909
10029 1901 211 1151 1909
353 780 225 1151 1909
10122 1900 210 1152 1910
10147 1899 212 1152 1910
10029 1902 212 1152 1910
353 781 228 1152 1910
10122 1901 209 1153 1911
10147 1900 211 1153 1911
10029 1903 211 1153 1911
10122 1902 209 1154 1912
10147 1901 212 1154 1912
10029 1904 209 1154 1912
10122 1903 208 1155 1913
10147 1902 215 1155 1913
10029 1905 211 1155 1913
353 784 230 1155 1913
10147 1903 219 1156 1914
353 785 231 1156 1914
10147 1904 222 1157 1915
353 786 228 1157 1915
10122 1906 208 1158 1916
10147 1905 223 1158 1916
353 787 223 1158 1916
10147 1906 214 1159 1917
10029 1909 213 1159 1917
353 788 226 1159 1917
10122 1908 209 1160 1918
10147 1907 218 1160 1918
10029 1910 213 1160 1918
353 789 230 1160 1918
10147 1908 211 1161 1919
10029 1911 214 1161 1919
353 790 227 1161 1919
10122 1910 209 1162 1920
10147 1909 231 1162 1920
10029 1912 216 1162 1920
353 791 233 1162 1920
10122 1911 208 1163 1921
10147 1910 227 1163 1921
10029 1913 207 1163 1921
353 792 228 1163 1921
10122 1912 215 1164 1922
10029 1914 211 1164 1922
353 793 225 1164 1922
10122 1913 213 1165 1923
10147 1912 211 1165 1923
10029 1915 214 1165 1923
353 794 221 1165 1923
10122 1914 215 1166 1924
10147 1913 221 1166 1924
10029 1916 220 1166 1924
353 795 222 1166 1924
10147 1914 223 1167 1925
10029 1917 213 1167 1925
353 796 233 1167 1925
10122 1916 213 1168 1926
10147 1915 227 1168 1926
353 797 234 1168 1926
10122 1917 210 1169 1927
10147 1916 227 1169 1927
10029 1919 209 1169 1927
353 798 226 1169 1927
10122 1918 212 1170 1928
10147 1917 227 1170 1928
10029 1920 210 1170 1928
62 1168 231 1170 1928
10122 1919 210 1171 1929
10147 1918 227 1171 1929
10029 1921 211 1171 1929
353 800 229 1171 1929
10122 1920 207 1172 1930
10147 1919 221 1172 1930
353 801 226 1172 1930
10122 1921 213 1173 1931
10147 1920 219 1173 1931
10029 1923 217 1173 1931
353 802 233 1173 1931
10122 1922 207 1174 1932
10147 1921 219 1174 1932
10029 1924 219 1174 1932
353 803 229 1174 1932
10122 1923 207 1175 1933
10147 1922 219 1175 1933
10029 1925 214 1175 1933
10122 1924 209 1176 1934
10029 1926 212 1176 1934
353 805 225 1176 1934
10122 1925 209 1177 1935
10147 1924 220 1177 1935
10029 1927 219 1177 1935
353 806 225 1177 1935
10122 1926 210 1178 1936
10147 1925 224 1178 1936
10029 1928 212 1178 1936
353 807 231 1178 1936
10122 1927 210 1179 1937
10147 1926 217 1179 1937
10089 1929 208 1181 1939
10112 1928 211 1181 1939
10126 1874 220 1182 1940
10126 1875 219 1183 1941
10126 1876 218 1184 1942
10126 1877 219 1185 1943
10126 1878 218 1186 1944
10126 1879 222 1187 1945
10126 1880 221 1188 1946
10126 1881 221 1189 1947
10126 1882 222 1190 1948
10126 1883 223 1191 1949
10126 1884 217 1192 1950
10126 1885 220 1193 1951
10126 1886 219 1194 1952
10126 1887 209 1195 1953
10126 1888 213 1196 1954
10126 1889 215 1197 1955
10126 1890 218 1198 1956
10126 1891 218 1199 1957
10126 1892 217 1200 1958
10126 1893 211 1201 1959
10126 1894 208 1202 1960
10126 1895 212 1203 1961
10126 1896 212 1204 1962
10126 1899 212 1206 1964
10126 1900 213 1208 1966
10126 1901 217 1208 1966
10126 1902 215 1210 1968
10126 1903 219 1211 1969
10126 1904 220 1212 1970
10126 1905 219 1213 1971
10126 1906 214 1214 1972
10126 1907 215 1215 1973
10126 1908 213 1216 1974
10126 1909 216 1217 1975
10126 1910 217 1218 1976
10126 1911 217 1219 1977
10126 1912 217 1220 1978
10126 1913 217 1221 1979
10126 1914 217 1222 1980
10126 1915 217 1223 1981
10126 1916 221 1223 1981
10126 1917 217 1224 1982
10126 1918 213 1225 1983
10126 1919 215 1226 1984
10126 1920 216 1227 1985
10126 1921 216 1228 1986
10126 1922 211 1229 1987
10126 1923 215 1230 1988
10126 1924 227 1231 1989
10126 1925 227 1232 1990
10126 1926 219 1233 1991
10126 1927 215 1234 1992
10126 1928 217 1235 1993
10126 1929 218 1236 1994
10126 1930 224 1237 1995
10126 1932 210 1239 1997
10126 1933 210 1240 1998
10126 1934 221 1241 1999
10126 1935 223 1242 2000
10126 1936 224 1243 2001
10126 1937 211 1244 2002
10126 1938 218 1245 2003
10126 1939 219 1246 2004
10126 1940 224 1247 2005
10126 1941 224 1248 2006
10126 1942 221 1249 2007
10126 1943 221 1250 2008
10126 1944 223 1251 2009
10126 1945 225 1252 2010
10126 1946 223 1253 2011
10126 1947 223 1254 2012
10126 1948 223 1255 2013
10126 1949 223 1256 2014
10126 1950 223 1257 2015
10126 1951 225 1258 2016
10126 1952 223 1259 2017
10126 1953 223 1260 2018
10126 1954 223 1261 2019
10126 1955 221 1262 2020
10126 1956 224 1263 2021
10126 1957 223 1264 2022
10126 1958 225 1265 2023
10126 1959 223 1266 2024
10126 1960 223 1267 2025
10126 1961 222 1268 2026
10126 1962 223 1269 2027
10126 1963 224 1270 2028
10126 1964 225 1271 2029
10126 1965 225 1272 2030
487 174 221 1273 2031
10126 1966 224 1273 2031
10126 1967 225 1274 2032
10126 1968 226 1275 2033
10126 1969 225 1276 2034
10126 1970 211 1277 2035
311 22 222 1278 2036
10029 2028 210 1278 2036
10112 2026 212 1279 2037
308 1296 236 1279 2037
65 269 241 1279 2037
10102 2029 209 1279 2037
10029 2029 211 1279 2037
10102 2030 212 1280 2038
10120 2034 210 1280 2038
62 1278 222 1280 2038
10147 2027 246 1280 2038
10029 2030 210 1280 2038
10136 2027 213 1280 2038
10122 2029 209 1281 2039
10096 2030 210 1281 2039
10135 2032 208 1281 2039
