722 6 221 0 762
10118 757 219 0 762
395 1 222 1 763
10118 758 235 1 763
405 2 223 2 764
395 2 228 2 764
298 2 225 2 764
10118 759 212 2 764
82 3 225 3 765
395 3 229 3 765
722 9 221 3 765
368 9 227 3 765
298 3 225 3 765
10118 760 236 3 765
311 4 229 3 765
405 4 225 3 765
82 4 231 4 766
389 57 231 4 766
722 10 225 4 766
368 10 221 4 766
10118 761 219 4 766
311 5 227 4 766
405 5 231 5 767
82 5 241 5 767
395 5 224 5 767
298 5 227 5 767
10118 762 227 5 767
405 6 225 6 768
10118 763 221 6 768
405 7 240 7 769
311 7 225 7 769
82 7 232 7 769
368 13 231 7 769
10118 764 208 7 769
405 8 229 8 770
722 14 225 8 770
10118 765 228 8 770
311 9 225 9 771
405 9 237 9 771
82 9 237 9 771
395 9 239 9 771
368 15 239 9 771
298 9 226 9 771
10118 766 227 9 771
311 10 231 9 771
405 10 223 9 771
82 10 237 10 772
368 16 233 10 772
298 10 221 10 772
10118 767 235 10 772
311 11 235 10 772
405 11 242 11 773
82 11 235 11 773
395 11 247 11 773
722 17 229 11 773
368 17 228 11 773
10118 768 224 11 773
311 12 233 11 773
405 12 227 12 774
82 12 224 12 774
395 12 233 12 774
722 18 227 12 774
368 18 235 12 774
10118 769 226 12 774
395 13 229 13 775
298 13 222 13 775
10118 770 227 13 775
311 14 230 13 775
405 14 221 14 776
10118 771 233 14 776
10122 767 221 15 777
405 16 224 16 778
10118 773 225 16 778
10118 774 219 17 779
362 85 223 18 780
10118 775 220 18 780
10118 776 211 19 781
10118 777 212 20 782
10118 778 221 21 783
362 89 232 22 784
10118 779 215 22 784
72 101 223 23 785
745 94 223 24 786
174 75 221 24 786
206 60 221 24 786
487 78 223 25 787
302 99 221 26 788
10027 790 216 29 791
10064 790 211 29 791
10069 790 207 30 792
10129 792 208 33 795
10147 785 219 35 797
10103 789 208 35 797
90 12 221 35 797
10029 788 224 35 797
10148 792 207 35 797
10114 791 215 35 797
10122 787 210 35 797
10125 788 216 36 798
10148 793 209 36 798
10104 786 223 36 798
10125 789 231 37 799
61 112 221 37 799
10114 793 219 37 799
389 91 227 38 800
10133 791 208 38 800
389 92 227 39 801
10133 792 206 39 801
10110 790 208 40 802
229 116 223 40 802
10118 797 225 40 802
646 91 223 41 803
619 79 221 41 803
229 117 222 41 803
10118 798 212 42 804
10118 799 223 43 805
72 121 223 43 805
389 96 221 43 805
10118 800 215 43 805
215 24 225 44 806
81 101 224 44 806
229 120 231 44 806
10118 801 225 44 806
646 95 230 44 806
50 100 224 45 807
245 120 222 45 807
10132 798 211 45 807
362 112 222 45 807
207 100 226 45 807
250 110 224 45 807
229 121 233 45 807
10118 802 218 46 808
646 96 235 46 808
619 84 221 46 808
10118 803 223 47 809
746 98 223 47 809
50 102 221 47 809
72 125 224 47 809
245 122 227 47 809
619 85 221 47 809
207 102 223 47 809
215 27 227 47 809
10118 804 226 48 810
646 98 223 48 810
746 99 221 48 810
250 113 225 48 810
10118 805 220 49 811
646 99 223 49 811
250 114 221 49 811
229 125 229 49 811
10118 806 237 50 812
646 100 235 50 812
72 128 221 50 812
215 30 232 50 812
10118 807 237 51 813
646 101 227 51 813
746 102 221 51 813
50 106 221 51 813
10118 808 210 52 814
10118 809 216 53 815
10118 810 229 54 816
72 132 237 54 816
10133 807 210 54 816
250 119 223 54 816
10118 811 235 55 817
646 105 227 55 817
72 133 222 55 817
245 130 221 55 817
10132 808 207 55 817
362 122 221 55 817
207 110 221 55 817
250 120 227 55 817
10118 812 226 56 818
646 106 222 56 818
207 111 223 56 818
10118 813 208 57 819
207 112 222 57 819
10118 814 213 58 820
10118 815 221 59 821
50 114 221 59 821
10118 816 213 60 822
10118 817 217 61 823
50 116 226 61 823
50 117 221 62 824
362 129 223 62 824
50 118 222 63 825
81 120 223 63 825
215 43 227 63 825
250 128 235 63 825
10118 820 226 64 826
50 119 223 64 826
72 142 225 64 826
207 119 228 64 826
229 140 222 64 826
250 129 227 64 826
10118 821 230 65 827
50 120 223 65 827
72 143 224 65 827
245 140 221 65 827
619 103 221 65 827
362 132 235 65 827
207 120 223 65 827
250 130 227 65 827
10118 822 223 65 827
646 116 221 66 828
362 133 223 66 828
207 121 242 66 828
10118 823 217 66 828
362 134 223 67 829
207 122 247 67 829
250 132 222 67 829
10118 824 224 67 829
72 146 225 68 830
81 125 225 68 830
207 123 221 68 830
229 144 225 68 830
250 133 231 68 830
10118 825 236 68 830
646 119 221 69 831
245 144 221 69 831
362 136 223 69 831
207 124 234 69 831
10118 826 223 69 831
619 108 221 70 832
10118 827 223 70 832
362 138 221 71 833
81 128 221 71 833
215 51 223 71 833
229 147 229 71 833
250 136 224 71 833
10118 828 235 71 833
646 122 221 72 834
50 127 225 72 834
619 110 227 72 834
362 139 227 72 834
229 148 231 72 834
10118 829 217 72 834
229 149 221 73 835
215 53 221 73 835
10118 830 207 73 835
646 124 233 74 836
229 150 225 74 836
10118 831 223 74 836
10118 832 223 75 837
362 143 221 76 838
10118 833 218 76 838
10118 834 218 77 839
10118 835 223 78 840
646 129 224 79 841
10118 836 211 80 842
10118 837 221 81 843
229 157 226 81 843
10118 838 220 82 844
10118 839 208 83 845
362 150 222 83 845
10118 840 223 84 846
646 134 227 84 846
50 139 231 84 846
245 159 230 84 846
10132 837 209 84 846
362 151 224 84 846
81 141 223 84 846
207 139 230 84 846
215 64 231 84 846
229 160 223 84 846
250 149 229 84 846
10118 841 232 84 846
646 135 225 85 847
245 160 233 85 847
362 152 242 85 847
72 6 225 85 847
250 150 228 85 847
10118 842 240 85 847
50 141 227 86 848
746 137 226 86 848
245 161 231 86 848
619 124 225 86 848
362 153 227 86 848
72 7 227 86 848
81 143 221 86 848
229 162 224 86 848
10118 843 223 87 849
646 137 225 87 849
50 142 225 87 849
245 162 232 87 849
72 8 229 87 849
81 144 239 87 849
10118 844 235 88 850
646 138 221 88 850
72 9 227 88 850
81 145 222 88 850
207 143 221 88 850
229 164 225 88 850
10118 845 235 89 851
646 139 231 89 851
10132 842 209 89 851
81 146 225 89 851
215 69 225 89 851
250 154 222 89 851
10118 846 229 89 851
646 140 227 90 852
81 147 223 90 852
229 166 222 90 852
10118 847 224 90 852
10118 848 231 91 853
10118 849 227 92 854
250 157 223 93 855
646 143 231 93 855
362 160 223 93 855
72 14 221 93 855
81 150 234 93 855
10118 850 233 93 855
746 145 234 94 856
619 132 223 94 856
10132 847 211 94 856
81 151 223 94 856
229 170 227 94 856
10118 851 235 94 856
215 75 225 95 857
229 171 229 95 857
10118 852 234 95 857
646 146 223 96 858
215 76 226 96 858
229 172 230 96 858
10118 853 235 96 858
646 147 225 97 859
215 77 225 97 859
229 173 229 97 859
10118 854 236 97 859
646 148 227 98 860
81 155 227 98 860
215 78 243 98 860
10118 855 224 98 860
50 154 230 99 861
245 174 223 99 861
619 137 230 99 861
81 156 230 99 861
215 79 223 99 861
10118 856 239 99 861
81 157 231 100 862
10118 857 223 100 862
81 158 221 101 863
10118 858 220 101 863
10118 860 223 103 865
229 180 221 104 866
10118 861 212 104 866
245 180 237 105 867
10118 862 237 105 867
10118 863 222 106 868
10118 864 212 107 869
10118 865 221 108 870
10118 866 221 109 871
10118 867 213 110 872
10118 868 213 111 873
10118 869 213 112 874
10118 870 218 113 875
229 190 221 114 876
10118 871 220 114 876
229 191 221 115 877
10118 872 221 115 877
229 192 221 116 878
10118 873 218 116 878
10118 874 216 117 879
10118 875 221 118 880
10118 876 217 119 881
10118 877 221 120 882
646 171 221 121 883
10118 878 220 121 883
746 173 221 121 883
619 160 223 122 884
10132 875 207 122 884
10118 879 210 122 884
10118 880 218 123 885
646 174 221 124 886
10118 881 209 124 886
646 175 224 125 887
10118 882 210 125 887
646 176 224 126 888
229 202 221 126 888
10118 883 209 126 888
646 177 221 127 889
646 178 221 128 890
10118 885 209 128 890
646 179 227 129 891
229 205 221 129 891
10118 886 211 129 891
10118 887 214 130 892
646 181 221 131 893
10118 888 209 131 893
10118 889 212 132 894
10118 890 213 133 895
10118 891 211 134 896
646 185 222 135 897
10118 892 211 135 897
646 186 223 136 898
646 187 223 137 899
646 188 225 138 900
10118 895 208 138 900
10118 896 208 139 901
10118 897 209 140 902
10118 898 207 141 903
10118 899 209 142 904
646 193 221 143 905
10118 900 212 143 905
10118 901 211 144 906
646 195 221 145 907
10118 902 227 145 907
10118 903 227 146 908
229 223 221 147 909
10118 904 225 147 909
646 198 222 148 910
229 224 223 148 910
10118 905 224 148 910
229 225 225 149 911
10118 906 223 149 911
229 226 224 150 912
10118 907 225 150 912
646 201 225 151 913
10118 908 230 151 913
50 207 221 151 913
250 216 222 152 914
646 202 242 152 914
10118 909 211 152 914
10118 910 216 153 915
229 230 221 154 916
10118 911 226 154 916
50 210 241 154 916
10118 912 225 155 917
646 206 221 156 918
10118 913 224 156 918
10118 914 220 157 919
10118 915 219 158 920
10118 916 219 159 921
646 210 222 160 922
10118 917 221 160 922
646 211 223 161 923
10118 918 219 161 923
646 212 226 162 924
10118 919 215 162 924
646 213 223 163 925
10118 920 219 163 925
10118 921 221 164 926
646 215 223 165 927
10118 922 221 165 927
646 216 225 166 928
10118 923 223 166 928
10118 924 220 167 929
10118 925 219 168 930
10118 926 229 169 931
10118 927 226 170 932
10118 928 225 171 933
646 222 222 172 934
10118 929 208 172 934
10118 930 209 173 935
619 212 221 174 936
646 224 221 174 936
10118 931 215 174 936
10118 932 218 175 937
646 226 221 176 938
10118 933 217 176 938
646 227 225 177 939
81 234 221 177 939
229 253 221 177 939
207 232 225 177 939
10118 934 218 177 939
250 242 241 178 940
10118 935 224 178 940
250 243 247 179 941
10118 936 223 179 941
250 244 240 180 942
72 101 221 180 942
10118 937 223 180 942
250 245 240 181 943
81 238 221 181 943
10118 938 229 181 943
746 233 221 182 944
250 246 243 182 944
245 257 221 182 944
10118 939 227 182 944
250 247 237 183 945
10118 940 216 183 945
646 234 233 184 946
72 105 221 184 946
81 241 221 184 946
215 164 222 184 946
229 260 223 184 946
10118 941 235 184 946
619 223 221 185 947
10118 942 235 185 947
250 250 221 186 948
619 224 221 186 948
81 243 225 186 948
215 166 222 186 948
207 241 221 186 948
50 242 223 186 948
10118 943 235 186 948
250 251 222 187 949
619 225 223 187 949
646 237 225 187 949
81 244 227 187 949
10118 944 235 187 949
250 252 221 188 950
619 226 221 188 950
646 238 223 188 950
81 245 222 188 950
215 168 221 188 950
229 264 225 188 950
10118 945 235 188 950
646 239 225 189 951
81 246 225 189 951
229 265 221 189 951
10118 946 235 189 951
81 247 223 190 952
215 170 224 190 952
10118 947 236 190 952
646 241 230 191 953
619 229 221 191 953
229 267 227 191 953
10118 948 233 191 953
250 256 221 192 954
646 242 221 192 954
81 249 227 192 954
10118 949 233 192 954
250 257 221 193 955
215 174 227 194 956
229 270 221 194 956
10118 951 214 194 956
646 245 231 195 957
229 271 222 195 957
646 246 231 196 958
215 176 222 196 958
10118 953 231 197 959
229 273 223 197 959
10118 954 221 197 959
10118 955 227 199 961
10125 951 212 199 961
10105 949 207 199 961
10148 956 208 199 961
10133 952 227 199 961
10114 955 231 199 961
10110 950 236 200 962
10148 957 222 200 962
10133 953 227 200 962
10114 956 235 200 962
10110 951 237 201 963
10148 958 223 201 963
10133 954 222 201 963
10114 957 221 201 963
10110 952 230 202 964
10148 959 219 202 964
10133 955 233 202 964
10114 958 231 202 964
10110 953 234 202 964
10148 960 225 203 965
10104 953 208 203 965
10133 956 237 203 965
10114 959 225 203 965
10147 954 209 204 966
207 259 228 204 966
10118 961 225 204 966
250 269 230 205 967
10132 958 207 205 967
215 185 221 205 967
81 262 226 205 967
229 281 227 205 967
10118 962 231 205 967
245 281 221 206 968
215 186 221 206 968
10118 963 233 206 968
250 271 231 207 969
207 262 227 207 969
10118 964 230 207 969
746 259 233 208 970
250 272 221 208 970
619 246 221 208 970
646 258 227 208 970
245 283 223 208 970
215 188 225 208 970
72 129 221 208 970
10118 965 228 208 970
250 273 233 209 971
646 259 222 209 971
245 284 221 209 971
72 130 221 209 971
207 264 235 209 971
10118 966 212 209 971
746 261 225 210 972
250 274 223 210 972
215 190 229 210 972
81 267 225 210 972
229 286 227 210 972
10118 967 233 210 972
10132 964 209 211 973
72 132 225 211 973
10118 968 231 211 973
619 250 221 212 974
646 262 229 212 974
229 288 226 212 974
10118 969 231 212 974
619 251 223 213 975
646 263 240 213 975
10118 970 233 213 975
746 265 221 214 976
250 278 221 214 976
646 264 226 214 976
229 290 221 214 976
10118 971 233 214 976
619 253 223 215 977
362 282 221 215 977
646 265 235 215 977
10118 972 233 215 977
619 254 224 216 978
646 266 232 216 978
362 283 221 216 978
10118 973 227 216 978
646 267 235 217 979
229 293 225 217 979
10118 974 227 217 979
646 268 237 218 980
10118 975 225 218 980
250 283 222 219 981
646 269 221 219 981
245 294 240 219 981
229 295 225 219 981
10118 976 233 219 981
245 295 237 220 982
229 296 221 220 982
10118 977 235 220 982
646 271 237 221 983
245 296 231 221 983
81 281 227 224 986
10118 981 227 224 986
619 263 222 225 987
646 275 227 225 987
215 205 226 225 987
10118 982 221 225 987
619 264 221 226 988
646 276 221 226 988
215 206 225 226 988
229 302 221 226 988
10118 983 226 226 988
619 265 221 227 989
215 207 225 227 989
646 277 227 227 989
10118 984 225 227 989
646 278 226 228 990
10118 985 226 228 990
229 304 223 228 990
619 267 221 229 991
646 279 227 229 991
229 305 221 229 991
10118 986 221 229 991
646 280 231 230 992
10118 987 225 230 992
619 269 221 231 993
646 281 230 231 993
229 307 223 231 993
10118 988 223 231 993
215 212 223 232 994
646 282 235 232 994
10118 989 214 232 994
646 283 229 233 995
10118 990 218 233 995
646 284 225 234 996
229 310 227 234 996
10118 991 233 234 996
646 288 231 238 1000
72 159 221 238 1000
81 295 224 238 1000
10118 995 232 238 1000
215 219 221 239 1001
245 314 225 239 1001
646 289 229 239 1001
72 160 221 239 1001
229 315 221 239 1001
10118 996 235 239 1001
250 304 227 239 1001
215 220 227 240 1002
245 315 222 240 1002
646 290 232 240 1002
229 316 221 240 1002
10118 997 235 240 1002
250 305 222 240 1002
245 316 222 241 1003
646 291 233 241 1003
81 298 223 241 1003
10118 998 235 241 1003
646 292 225 242 1004
245 317 222 242 1004
10118 999 235 242 1004
229 318 224 242 1004
215 223 225 243 1005
646 293 233 243 1005
245 318 223 243 1005
72 164 227 243 1005
10118 1000 232 243 1005
229 319 223 243 1005
250 308 229 243 1005
215 224 221 244 1006
646 294 227 244 1006
245 319 224 244 1006
72 165 226 244 1006
207 299 223 244 1006
81 301 222 244 1006
10118 1001 233 244 1006
250 309 229 244 1006
229 320 225 244 1006
215 225 224 245 1007
245 320 223 245 1007
646 295 225 245 1007
72 166 227 245 1007
362 312 223 245 1007
81 302 223 245 1007
10118 1002 233 245 1007
229 321 221 245 1007
215 226 223 246 1008
646 296 225 246 1008
245 321 221 246 1008
362 313 221 246 1008
207 301 222 246 1008
81 303 221 246 1008
10118 1003 234 246 1008
229 322 221 246 1008
50 302 221 246 1008
250 311 225 246 1008
646 297 223 247 1009
245 322 223 247 1009
10118 1004 235 247 1009
229 323 222 247 1009
215 228 222 248 1010
646 298 223 248 1010
81 305 223 248 1010
10118 1005 228 248 1010
50 304 223 248 1010
646 299 229 249 1011
10118 1006 233 249 1011
646 300 223 250 1012
10118 1007 228 250 1012
229 326 225 250 1012
619 289 221 251 1013
646 301 228 251 1013
10118 1008 231 251 1013
229 327 223 251 1013
619 290 223 252 1014
646 302 223 252 1014
72 173 224 252 1014
10118 1009 218 252 1014
50 308 225 252 1014
746 304 225 253 1015
215 233 228 253 1015
646 303 223 253 1015
245 328 225 253 1015
10118 1010 233 253 1015
50 309 224 253 1015
746 305 222 254 1016
646 304 225 254 1016
245 329 229 254 1016
362 321 231 254 1016
10118 1011 226 254 1016
50 310 233 254 1016
250 319 245 254 1016
619 293 225 255 1017
646 305 224 255 1017
245 330 233 255 1017
362 322 223 255 1017
10118 1012 233 255 1017
50 311 227 255 1017
646 306 225 256 1018
245 331 246 256 1018
362 323 227 256 1018
10118 1013 213 256 1018
646 307 223 257 1019
245 332 246 257 1019
10132 1010 207 257 1019
10118 1014 227 257 1019
229 333 239 257 1019
682 329 231 258 1020
782 273 243 258 1020
10118 1015 227 258 1020
254 156 231 258 1020
682 330 239 258 1020
646 309 226 259 1021
10132 1012 208 259 1021
700 185 236 259 1021
782 274 246 259 1021
541 32 225 259 1021
10118 1016 229 259 1021
254 157 233 259 1021
229 335 221 259 1021
682 331 225 259 1021
782 275 243 260 1022
10118 1017 229 260 1022
254 158 227 260 1022
229 336 227 260 1022
682 332 221 260 1022
700 187 225 261 1023
782 276 245 261 1023
10118 1018 228 261 1023
254 159 227 261 1023
682 333 225 262 1024
782 277 223 262 1024
541 35 223 262 1024
10118 1019 238 262 1024
682 334 221 262 1024
265 340 221 263 1025
541 36 227 263 1025
10118 1020 233 263 1025
254 161 227 263 1025
541 37 227 264 1026
782 279 226 264 1026
10118 1021 233 264 1026
254 162 229 264 1026
265 342 224 265 1027
10118 1022 230 265 1027
467 329 221 266 1028
261 331 229 266 1028
541 39 232 266 1028
10118 1023 235 266 1028
254 164 225 266 1028
466 89 226 266 1028
261 332 240 267 1029
279 337 225 267 1029
10118 1024 227 267 1029
254 165 228 267 1029
466 90 230 267 1029
682 339 224 267 1029
10132 1021 209 268 1030
265 345 221 268 1030
541 41 234 268 1030
279 338 231 268 1030
10118 1025 235 268 1030
254 166 225 268 1030
119 304 228 268 1030
466 91 235 268 1030
682 340 226 268 1030
467 332 221 269 1031
10132 1022 210 269 1031
700 195 226 269 1031
265 346 226 269 1031
782 284 226 269 1031
541 42 223 269 1031
279 339 225 269 1031
10118 1026 236 269 1031
292 198 222 269 1031
254 167 230 269 1031
466 92 225 269 1031
682 341 228 269 1031
700 196 232 270 1032
261 335 222 270 1032
541 43 227 270 1032
279 340 233 270 1032
10118 1027 235 270 1032
119 306 223 270 1032
254 168 224 270 1032
466 93 223 270 1032
682 342 229 270 1032
467 334 224 271 1033
261 336 224 271 1033
541 44 228 271 1033
782 286 227 271 1033
279 341 234 271 1033
10118 1028 237 271 1033
292 1 233 271 1033
119 307 221 271 1033
254 169 225 271 1033
682 343 225 271 1033
467 335 225 272 1034
541 45 231 272 1034
261 337 227 272 1034
10118 1029 225 272 1034
119 308 222 272 1034
466 95 223 272 1034
541 46 223 273 1035
261 338 221 273 1035
782 288 225 273 1035
279 343 232 273 1035
10118 1030 225 273 1035
292 3 223 273 1035
254 171 221 273 1035
621 340 221 274 1036
541 47 225 274 1036
261 339 230 274 1036
265 351 223 274 1036
782 289 223 274 1036
10118 1031 234 274 1036
466 97 228 274 1036
467 338 227 275 1037
541 48 227 275 1037
261 340 226 275 1037
279 345 232 275 1037
10118 1032 227 275 1037
292 5 221 275 1037
254 173 221 275 1037
119 311 233 275 1037
682 347 233 275 1037
467 339 237 276 1038
453 337 224 276 1038
621 342 227 276 1038
541 49 221 276 1038
261 341 223 276 1038
279 346 239 276 1038
10118 1033 226 276 1038
119 312 224 276 1038
682 348 221 276 1038
467 340 222 277 1039
541 50 221 277 1039
261 342 225 277 1039
279 347 235 277 1039
10118 1034 230 277 1039
254 175 226 277 1039
119 313 240 277 1039
682 349 233 277 1039
467 341 227 278 1040
621 344 221 278 1040
261 343 226 278 1040
279 348 233 278 1040
10118 1035 228 278 1040
254 176 223 278 1040
119 314 237 278 1040
467 342 225 279 1041
261 344 231 279 1041
279 349 225 279 1041
10118 1036 227 279 1041
119 315 245 279 1041
682 351 225 279 1041
261 345 226 280 1042
279 350 228 280 1042
10118 1037 227 280 1042
254 178 223 280 1042
119 316 231 280 1042
682 352 230 280 1042
261 346 225 281 1043
10118 1038 224 281 1043
292 11 222 281 1043
254 179 231 281 1043
119 317 223 281 1043
466 104 223 281 1043
621 348 223 282 1044
279 352 225 282 1044
292 12 221 282 1044
10118 1039 222 282 1044
254 180 224 282 1044
621 349 223 283 1045
10118 1040 220 283 1045
541 57 221 284 1046
10118 1041 225 284 1046
541 58 223 285 1047
279 355 237 285 1047
10118 1042 231 285 1047
254 183 223 285 1047
466 108 222 285 1047
541 59 223 286 1048
279 356 240 286 1048
10118 1043 223 286 1048
621 353 226 287 1049
541 60 227 287 1049
782 302 221 287 1049
279 357 222 287 1049
292 17 225 287 1049
10118 1044 231 287 1049
254 185 221 287 1049
682 359 225 287 1049
10132 1041 212 288 1050
453 349 223 288 1050
541 61 223 288 1050
279 358 230 288 1050
10118 1045 229 288 1050
466 111 225 288 1050
682 360 223 288 1050
621 355 224 289 1051
541 62 229 289 1051
10118 1046 233 289 1051
119 325 223 289 1051
467 353 229 290 1052
621 356 222 290 1052
10132 1043 208 290 1052
541 63 222 290 1052
261 355 221 290 1052
782 305 233 290 1052
265 367 221 290 1052
10118 1047 222 290 1052
254 188 229 290 1052
466 113 221 290 1052
453 352 227 291 1053
782 306 225 291 1053
10118 1048 231 291 1053
254 189 222 291 1053
682 363 221 291 1053
621 358 227 292 1054
10118 1049 229 292 1054
10118 1050 219 293 1055
10118 1051 224 294 1056
541 68 221 295 1057
10118 1052 220 295 1057
541 69 223 296 1058
10118 1053 219 296 1058
10118 1054 217 297 1059
541 71 223 298 1060
10118 1055 218 298 1060
261 364 225 299 1061
541 72 233 299 1061
10118 1056 218 299 1061
254 197 221 299 1061
261 365 233 300 1062
541 73 224 300 1062
10118 1057 229 300 1062
10118 1058 210 301 1063
261 367 225 302 1064
541 75 221 302 1064
10118 1059 227 302 1064
254 200 223 303 1065
10118 1060 224 303 1065
10118 1061 221 304 1066
541 78 226 305 1067
261 370 232 305 1067
10118 1062 221 305 1067
466 128 225 306 1068
682 377 221 306 1068
10118 1063 211 306 1068
261 372 225 307 1069
541 80 232 307 1069
10118 1064 222 307 1069
261 373 225 308 1070
10118 1065 219 308 1070
782 323 223 308 1070
261 374 221 309 1071
541 82 222 309 1071
10118 1066 211 309 1071
782 324 221 309 1071
261 375 241 310 1072
541 83 227 310 1072
782 325 231 310 1072
10118 1067 223 310 1072
261 376 225 311 1073
541 84 231 311 1073
782 326 223 311 1073
10118 1068 212 311 1073
265 388 222 311 1073
261 377 229 312 1074
782 327 227 312 1074
10118 1069 227 312 1074
261 378 245 313 1075
541 86 225 313 1075
782 328 233 313 1075
10118 1070 223 313 1075
541 87 229 314 1076
782 329 233 314 1076
10118 1071 237 314 1076
279 384 223 314 1076
254 212 225 314 1076
682 386 223 315 1077
467 378 221 315 1077
261 380 223 315 1077
541 88 221 315 1077
10118 1072 235 315 1077
254 213 225 316 1078
621 382 227 316 1078
453 377 221 316 1078
10132 1069 208 316 1078
541 89 227 316 1078
292 46 225 316 1078
265 393 222 316 1078
10118 1073 235 316 1078
279 386 225 316 1078
254 214 227 317 1079
467 380 223 317 1079
621 383 223 317 1079
541 90 227 317 1079
292 47 225 317 1079
10118 1074 233 317 1079
279 387 222 317 1079
254 215 231 318 1080
682 389 221 318 1080
621 384 224 318 1080
10132 1071 208 318 1080
261 383 228 318 1080
541 91 221 318 1080
10118 1075 237 318 1080
254 216 221 319 1081
467 382 223 319 1081
621 385 223 319 1081
453 380 223 319 1081
261 384 228 319 1081
292 49 221 319 1081
10118 1076 237 319 1081
279 389 223 319 1081
467 383 223 320 1082
10132 1073 208 320 1082
261 385 225 320 1082
541 93 223 320 1082
292 50 223 320 1082
10118 1077 239 320 1082
265 397 229 320 1082
279 390 223 320 1082
254 218 225 321 1083
10132 1074 208 321 1083
10118 1078 238 321 1083
265 398 233 321 1083
682 393 223 322 1084
10132 1075 209 322 1084
541 95 221 322 1084
10118 1079 234 322 1084
265 399 229 322 1084
254 220 225 323 1085
10118 1080 226 323 1085
265 400 235 323 1085
682 395 223 324 1086
453 385 223 324 1086
261 389 229 324 1086
10118 1081 229 324 1086
261 390 230 325 1087
541 98 223 325 1087
265 402 230 325 1087
10118 1082 231 325 1087
279 395 225 325 1087
261 391 221 326 1088
10118 1083 233 327 1089
265 403 225 327 1089
279 396 223 327 1089
254 224 225 327 1089
621 393 222 327 1089
261 392 223 327 1089
10118 1084 227 327 1089
265 404 226 328 1090
279 397 223 328 1090
621 394 225 328 1090
541 101 223 328 1090
261 393 224 328 1090
265 405 226 328 1090
10118 1085 231 328 1090
279 398 221 328 1090
254 226 221 329 1091
467 392 223 329 1091
621 395 221 329 1091
10132 1082 206 329 1091
541 102 225 329 1091
292 59 224 329 1091
10118 1086 239 329 1091
279 399 231 329 1091
265 406 225 329 1091
261 395 222 330 1092
541 103 226 330 1092
10118 1087 220 330 1092
254 228 222 331 1093
261 396 221 331 1093
541 104 225 331 1093
10118 1088 221 331 1093
261 397 221 332 1094
541 105 224 332 1094
292 62 221 332 1094
10118 1089 223 332 1094
541 106 221 333 1095
10118 1090 217 333 1095
10118 1091 221 334 1096
10118 1092 219 335 1097
10118 1093 219 336 1098
10118 1095 221 338 1100
10118 1096 222 339 1101
541 113 221 340 1102
10118 1097 213 340 1102
10118 1098 215 341 1103
10118 1099 216 342 1104
10118 1100 227 343 1105
265 420 226 343 1105
254 241 221 344 1106
541 117 221 344 1106
10118 1101 219 344 1106
453 406 223 345 1107
700 271 225 345 1107
292 75 229 345 1107
279 415 221 345 1107
10118 1102 232 345 1107
265 422 237 345 1107
10118 1103 212 346 1108
467 410 223 347 1109
466 169 221 347 1109
10118 1104 220 347 1109
10118 1105 224 348 1110
119 384 221 349 1111
466 171 221 349 1111
279 419 221 349 1111
10118 1106 209 349 1111
254 247 233 350 1112
453 411 225 350 1112
10118 1107 214 350 1112
682 422 225 351 1113
10118 1108 224 351 1113
10118 1109 221 352 1114
621 419 221 353 1115
453 414 223 353 1115
700 279 222 353 1115
10118 1110 223 353 1115
261 419 225 354 1116
292 84 223 354 1116
10118 1111 235 354 1116
682 426 225 355 1117
261 420 226 355 1117
700 281 231 355 1117
279 425 221 355 1117
10118 1112 230 355 1117
119 391 223 356 1118
682 427 221 356 1118
621 422 225 356 1118
261 421 224 356 1118
700 282 227 356 1118
292 86 221 356 1118
10118 1113 231 356 1118
254 254 221 357 1119
621 423 227 357 1119
10132 1110 206 357 1119
700 283 227 357 1119
292 87 223 357 1119
279 427 227 357 1119
10118 1114 235 357 1119
265 434 221 358 1120
254 255 222 358 1120
621 424 225 358 1120
700 284 227 358 1120
279 428 225 358 1120
292 88 223 358 1120
10118 1115 235 358 1120
254 256 227 358 1120
621 425 225 359 1121
700 285 227 359 1121
261 424 232 359 1121
10118 1116 210 359 1121
279 434 224 364 1126
292 94 223 364 1126
10118 1121 227 364 1126
265 441 223 365 1127
467 428 225 365 1127
119 400 223 365 1127
682 436 221 365 1127
621 431 224 365 1127
453 426 222 365 1127
10132 1118 210 365 1127
261 430 225 365 1127
279 435 222 365 1127
292 95 226 365 1127
10118 1122 233 365 1127
254 263 225 365 1127
265 442 223 365 1127
467 429 232 366 1128
119 401 231 366 1128
621 432 221 366 1128
261 431 221 366 1128
467 430 225 366 1128
682 438 222 367 1129
261 432 223 367 1129
279 437 222 367 1129
10118 1124 230 367 1129
254 265 223 367 1129
119 403 230 368 1130
682 439 225 368 1130
621 434 227 368 1130
453 429 223 368 1130
10132 1121 207 368 1130
10122 1120 212 368 1130
10110 1119 211 369 1131
10148 1126 221 369 1131
10133 1122 227 369 1131
10114 1125 235 369 1131
10110 1120 239 370 1132
10148 1127 221 370 1132
10133 1123 223 370 1132
10114 1126 233 370 1132
10110 1121 225 370 1132
10105 1121 208 371 1133
782 386 222 371 1133
10118 1128 224 371 1133
254 269 226 372 1134
621 438 230 372 1134
541 145 222 372 1134
261 437 222 372 1134
279 442 222 372 1134
10118 1129 236 372 1134
265 449 221 372 1134
467 436 225 373 1135
119 408 221 373 1135
621 439 227 373 1135
279 443 223 373 1135
292 103 223 373 1135
10118 1130 234 373 1135
265 450 223 373 1135
254 271 230 374 1136
467 437 227 374 1136
119 409 225 374 1136
682 445 226 374 1136
621 440 223 374 1136
700 300 231 374 1136
261 439 225 374 1136
279 444 221 374 1136
10118 1131 231 374 1136
265 451 221 374 1136
254 272 224 375 1137
682 446 223 375 1137
541 148 221 375 1137
261 440 229 375 1137
279 445 223 375 1137
10118 1132 231 375 1137
265 452 223 376 1138
682 447 222 376 1138
119 411 225 376 1138
621 442 225 376 1138
541 149 221 376 1138
261 441 229 376 1138
279 446 226 376 1138
10118 1133 223 376 1138
254 274 223 377 1139
119 412 229 377 1139
541 150 221 377 1139
700 303 222 377 1139
261 442 229 377 1139
279 447 225 377 1139
10118 1134 232 377 1139
265 454 221 378 1140
467 441 221 378 1140
254 275 222 378 1140
119 413 223 378 1140
700 304 227 378 1140
261 443 228 378 1140
279 448 223 378 1140
10118 1135 233 378 1140
265 455 222 379 1141
682 450 223 379 1141
700 305 231 379 1141
261 444 224 379 1141
279 449 226 379 1141
10118 1136 229 380 1142
265 456 223 380 1142
254 277 221 380 1142
119 415 225 380 1142
700 306 227 380 1142
261 445 227 380 1142
279 450 223 380 1142
10118 1137 232 380 1142
265 457 223 381 1143
467 444 221 381 1143
254 278 223 381 1143
119 416 224 381 1143
541 154 223 381 1143
700 307 231 381 1143
261 446 223 381 1143
279 451 225 381 1143
10118 1138 229 381 1143
265 458 222 382 1144
254 279 222 382 1144
541 155 223 382 1144
700 308 225 382 1144
261 447 225 382 1144
292 112 221 382 1144
279 452 221 382 1144
10118 1139 225 382 1144
254 280 222 383 1145
119 418 225 383 1145
541 156 225 383 1145
700 309 226 383 1145
279 453 229 383 1145
10118 1140 231 384 1146
541 157 224 384 1146
700 310 225 384 1146
265 461 221 384 1146
10118 1141 231 385 1147
254 282 221 385 1147
541 158 221 385 1147
261 450 232 385 1147
700 311 230 385 1147
292 115 223 385 1147
279 455 221 385 1147
265 462 222 385 1147
10118 1142 229 385 1147
621 452 222 386 1148
261 451 230 386 1148
700 312 226 386 1148
292 116 222 386 1148
279 456 224 386 1148
265 463 221 386 1148
10118 1143 226 386 1148
254 284 223 387 1149
10132 1140 209 387 1149
261 452 224 387 1149
279 457 221 387 1149
265 464 227 387 1149
10118 1144 237 387 1149
254 285 230 387 1149
621 454 226 388 1150
10132 1141 208 388 1150
453 449 226 388 1150
10118 1145 229 389 1151
467 452 225 389 1151
292 119 221 389 1151
10118 1146 223 389 1151
254 287 223 389 1151
467 453 233 390 1152
119 425 223 390 1152
682 461 227 390 1152
621 456 227 390 1152
279 460 222 390 1152
292 120 222 390 1152
265 467 221 390 1152
10118 1147 223 390 1152
254 288 221 391 1153
467 454 223 391 1153
119 426 227 391 1153
682 462 225 391 1153
621 457 221 391 1153
453 452 221 391 1153
265 468 231 391 1153
10118 1148 227 391 1153
621 458 229 392 1154
261 457 225 392 1154
700 318 225 392 1154
292 122 222 392 1154
279 462 229 392 1154
265 469 221 392 1154
10118 1149 226 392 1154
621 459 224 393 1155
261 458 226 393 1155
700 319 224 393 1155
292 123 221 393 1155
279 463 227 393 1155
10118 1150 221 394 1156
621 460 221 394 1156
453 455 221 394 1156
279 464 222 394 1156
265 471 223 395 1157
10118 1151 233 395 1157
467 458 232 395 1157
621 461 225 395 1157
682 466 221 395 1157
782 410 221 395 1157
279 465 222 395 1157
10118 1152 213 396 1158
467 459 221 396 1158
621 462 221 396 1158
119 431 225 396 1158
541 169 221 396 1158
261 461 226 396 1158
292 126 222 396 1158
279 466 227 396 1158
10118 1153 225 397 1159
261 462 227 397 1159
292 127 223 397 1159
10118 1154 225 398 1160
467 461 221 398 1160
261 463 225 398 1160
279 468 221 398 1160
10118 1155 225 398 1160
467 462 221 399 1161
261 464 225 399 1161
700 325 221 399 1161
10118 1156 225 399 1161
10132 1153 208 400 1162
541 175 223 402 1164
261 467 223 402 1164
700 328 222 402 1164
10118 1159 225 402 1164
254 300 223 403 1165
261 468 226 403 1165
292 133 227 403 1165
700 329 223 403 1165
10118 1160 220 403 1165
254 301 221 404 1166
621 470 221 404 1166
261 469 223 404 1166
292 134 223 404 1166
700 330 221 404 1166
10118 1161 219 404 1166
254 302 221 404 1166
292 135 222 405 1167
254 303 223 405 1167
10118 1162 212 405 1167
621 472 225 406 1168
292 136 226 406 1168
254 304 223 406 1168
10118 1163 212 406 1168
621 473 222 407 1169
261 472 221 407 1169
292 137 221 407 1169
10118 1164 212 407 1169
254 305 225 407 1169
621 474 223 408 1170
254 306 225 409 1171
10118 1165 212 409 1171
621 475 223 409 1171
292 139 225 409 1171
254 307 225 410 1172
10118 1166 207 410 1172
292 140 221 410 1172
700 336 221 410 1172
10118 1167 208 411 1173
254 308 227 411 1173
453 472 222 411 1173
261 476 223 411 1173
292 141 223 411 1173
10118 1168 211 412 1174
254 309 226 412 1174
254 310 227 413 1175
10118 1169 211 413 1175
621 479 227 413 1175
10132 1166 211 413 1175
265 490 221 413 1175
10118 1170 231 414 1176
10132 1167 221 414 1176
10118 1171 227 415 1177
621 481 223 415 1177
10118 1172 225 416 1178
10118 1173 227 417 1179
10118 1174 227 417 1179
265 495 221 418 1180
10118 1175 230 418 1180
682 490 225 419 1181
10118 1176 223 420 1182
254 318 221 420 1182
10118 1177 214 420 1182
292 6 227 420 1182
621 487 222 421 1183
682 492 231 421 1183
254 319 223 421 1183
10118 1178 221 421 1183
621 488 225 422 1184
119 457 223 422 1184
265 499 222 422 1184
254 320 221 422 1184
10118 1179 225 422 1184
621 489 223 423 1185
119 458 226 423 1185
682 494 221 423 1185
261 488 223 423 1185
265 500 221 423 1185
279 493 225 423 1185
10118 1180 224 424 1186
119 459 222 424 1186
541 197 223 424 1186
265 501 222 424 1186
279 494 225 424 1186
10118 1181 223 425 1187
119 460 221 425 1187
10118 1182 224 426 1188
279 495 223 426 1188
292 12 224 426 1188
10118 1183 217 427 1189
682 498 224 427 1189
261 492 222 427 1189
541 200 226 427 1189
700 353 223 427 1189
279 497 221 427 1189
10118 1184 233 427 1189
682 499 225 428 1190
541 201 225 428 1190
10118 1185 231 428 1190
279 498 223 428 1190
682 500 221 429 1191
541 202 221 429 1191
10118 1186 235 429 1191
279 499 225 429 1191
621 496 223 430 1192
265 507 221 430 1192
700 356 223 430 1192
292 16 223 430 1192
10118 1187 229 431 1193
279 500 223 431 1193
541 204 221 431 1193
265 508 225 431 1193
292 17 222 431 1193
10118 1188 235 431 1193
254 329 223 432 1194
621 498 224 432 1194
682 503 225 432 1194
541 205 229 432 1194
265 509 222 432 1194
292 18 227 432 1194
279 502 223 432 1194
10118 1189 231 432 1194
254 330 221 433 1195
682 504 221 433 1195
261 498 221 433 1195
541 206 222 433 1195
265 510 221 433 1195
292 19 225 433 1195
10118 1190 221 433 1195
541 207 221 434 1196
265 511 221 434 1196
292 20 225 434 1196
10118 1191 221 434 1196
279 504 221 435 1197
292 21 225 435 1197
10118 1192 221 435 1197
621 502 221 436 1198
541 209 221 436 1198
265 513 221 436 1198
292 22 225 436 1198
279 506 221 436 1198
10118 1193 219 436 1198
292 23 223 437 1199
10118 1194 227 437 1199
541 211 227 438 1200
292 24 221 438 1200
10118 1195 225 438 1200
254 336 223 438 1200
621 505 226 439 1201
10132 1192 209 439 1201
541 212 227 439 1201
292 25 223 439 1201
700 365 227 439 1201
279 509 227 439 1201
10118 1196 237 439 1201
466 3 223 440 1202
682 511 225 440 1202
621 506 227 440 1202
10132 1193 209 440 1202
453 501 226 440 1202
541 213 227 440 1202
279 510 221 440 1202
10118 1197 211 440 1202
682 512 223 441 1203
621 507 227 441 1203
541 214 225 441 1203
279 511 222 441 1203
10118 1198 233 441 1203
621 508 221 442 1204
453 503 221 442 1204
541 215 224 442 1204
265 519 221 442 1204
279 512 221 442 1204
10118 1199 227 442 1204
682 518 226 447 1209
621 513 222 447 1209
541 220 222 447 1209
261 512 221 447 1209
279 517 221 447 1209
10118 1204 225 447 1209
621 514 221 448 1210
541 221 224 448 1210
261 513 223 448 1210
700 374 221 448 1210
279 518 222 448 1210
10118 1205 225 448 1210
621 515 223 449 1211
261 514 223 449 1211
10118 1206 240 449 1211
279 519 227 449 1211
682 521 222 450 1212
119 485 221 450 1212
541 223 222 450 1212
467 514 225 450 1212
10118 1207 224 450 1212
389 504 225 451 1213
10132 1204 212 451 1213
10118 1208 212 451 1213
389 505 239 452 1214
10132 1205 223 452 1214
10118 1209 214 452 1214
10132 1206 221 453 1215
10118 1210 210 453 1215
389 507 230 454 1216
10132 1207 221 454 1216
10118 1211 209 454 1216
389 508 226 455 1217
10132 1208 225 455 1217
10118 1212 210 455 1217
389 509 231 456 1218
10132 1209 224 456 1218
389 510 229 457 1219
10132 1210 227 457 1219
10118 1214 216 457 1219
10132 1211 223 458 1220
10118 1215 213 458 1220
389 512 227 459 1221
10132 1212 218 459 1221
10118 1216 217 459 1221
389 513 225 460 1222
10132 1213 221 460 1222
10118 1217 212 460 1222
389 514 221 461 1223
10132 1214 210 461 1223
10118 1218 217 461 1223
389 515 235 462 1224
10132 1215 227 462 1224
10118 1219 211 462 1224
10132 1216 221 463 1225
10118 1220 212 463 1225
10132 1217 216 464 1226
265 541 222 464 1226
467 528 233 464 1226
10118 1221 227 464 1226
682 536 225 465 1227
621 531 221 465 1227
119 500 227 465 1227
292 51 223 465 1227
254 363 244 465 1227
10118 1222 231 465 1227
279 535 229 466 1228
682 537 223 466 1228
119 501 243 466 1228
541 239 223 466 1228
292 52 225 466 1228
254 364 228 466 1228
265 543 242 466 1228
467 530 228 466 1228
10118 1223 225 466 1228
621 533 225 467 1229
682 538 235 467 1229
119 502 246 467 1229
541 240 235 467 1229
261 532 231 467 1229
254 365 232 467 1229
700 393 229 467 1229
10118 1224 237 467 1229
279 537 221 467 1229
466 31 226 468 1230
337 532 225 468 1230
621 534 221 468 1230
119 503 226 468 1230
254 366 242 468 1230
292 54 238 468 1230
265 545 235 468 1230
10118 1225 211 468 1230
467 532 226 468 1230
466 32 241 469 1231
682 540 227 469 1231
621 535 227 469 1231
453 530 243 469 1231
782 484 247 469 1231
292 55 224 469 1231
254 367 223 469 1231
265 546 223 469 1231
467 533 223 469 1231
10118 1226 219 469 1231
621 536 226 470 1232
119 505 225 470 1232
541 243 226 470 1232
782 485 240 470 1232
292 56 226 470 1232
254 368 232 470 1232
10118 1227 237 470 1232
279 540 235 471 1233
119 506 231 471 1233
782 486 227 471 1233
292 57 221 471 1233
10118 1228 227 471 1233
10118 1229 221 472 1234
541 246 231 473 1235
261 538 222 473 1235
10118 1230 232 473 1235
467 537 221 474 1236
279 543 225 474 1236
541 247 223 474 1236
261 539 222 474 1236
10118 1231 218 474 1236
279 544 226 475 1237
10118 1232 212 475 1237
10118 1233 206 476 1238
10118 1234 213 477 1239
10118 1235 207 478 1240
10118 1238 221 482 1244
10118 1239 211 483 1245
10118 1240 219 484 1246
279 553 221 484 1246
10118 1241 225 485 1247
700 411 221 485 1247
10118 1242 224 486 1248
10118 1243 225 487 1249
10118 1244 226 488 1250
10118 1245 226 489 1251
10118 1246 225 490 1252
10118 1247 225 491 1253
119 526 230 491 1253
541 264 225 491 1253
10118 1248 212 492 1254
541 265 224 492 1254
10118 1249 225 493 1255
119 528 223 493 1255
265 570 224 493 1255
292 79 227 494 1256
10118 1250 213 494 1256
119 529 221 494 1256
10118 1251 225 495 1257
541 268 223 495 1257
279 565 225 496 1258
10118 1252 224 496 1258
467 559 221 496 1258
292 82 228 496 1258
10118 1253 229 497 1259
211 221 223 497 1259
292 83 233 497 1259
10118 1254 223 498 1260
10118 1255 223 499 1261
10118 1256 229 500 1262
10118 1257 225 501 1263
10118 1258 224 502 1264
10118 1259 215 503 1265
402 51 223 503 1265
10118 1260 228 504 1266
10118 1261 220 505 1267
480 12 221 505 1267
10118 1262 225 506 1268
402 54 227 506 1268
87 554 221 507 1269
10118 1263 221 507 1269
451 580 223 507 1269
263 159 223 507 1269
10118 1264 223 508 1270
480 15 233 508 1270
263 160 223 508 1270
10118 1265 209 509 1271
263 161 221 509 1271
87 557 221 510 1272
10118 1266 222 510 1272
187 571 221 511 1273
10118 1268 212 512 1274
302 585 223 512 1274
263 165 221 513 1275
10118 1270 218 514 1276
211 12 221 514 1276
402 62 221 514 1276
10118 1271 218 515 1277
122 248 221 515 1277
211 13 221 515 1277
10118 1272 219 516 1278
402 64 227 516 1278
10118 1273 224 517 1279
402 65 223 517 1279
225 507 223 517 1279
10118 1274 225 518 1280
122 251 223 518 1280
759 575 221 518 1280
402 66 226 518 1280
225 508 222 518 1280
211 17 226 519 1281
402 67 226 519 1281
263 171 223 519 1281
10118 1276 225 520 1282
211 18 221 520 1282
54 577 227 520 1282
10118 1277 230 521 1283
10118 1278 226 522 1284
10118 1279 225 523 1285
10118 1280 225 524 1286
10118 1281 227 525 1287
302 598 221 525 1287
402 73 224 525 1287
263 177 221 525 1287
225 515 225 525 1287
10118 1282 208 526 1288
122 259 225 526 1288
54 583 225 526 1288
480 33 223 526 1288
302 599 221 526 1288
10118 1283 225 527 1289
211 25 221 527 1289
402 75 221 527 1289
10118 1284 220 528 1290
211 26 221 528 1290
10118 1285 219 529 1291
402 77 222 529 1291
225 519 221 529 1291
10118 1286 226 530 1292
402 78 221 530 1292
10118 1287 212 531 1293
10118 1289 225 533 1295
10118 1290 225 534 1296
10118 1291 219 535 1297
10118 1292 226 536 1298
10118 1293 223 537 1299
10118 1294 225 538 1300
10118 1295 225 539 1301
10118 1296 225 540 1302
10118 1297 215 541 1303
480 48 221 541 1303
263 193 223 541 1303
10118 1298 218 542 1304
122 275 223 542 1304
10118 1299 221 543 1305
10118 1300 219 544 1306
10118 1301 219 545 1307
302 618 231 545 1307
10118 1302 214 546 1308
402 94 221 546 1308
10118 1303 207 547 1309
211 45 221 547 1309
10118 1304 229 547 1309
10118 1305 208 549 1311
122 282 222 549 1311
54 606 222 549 1311
10118 1306 217 550 1312
10118 1307 218 551 1313
10118 1308 214 552 1314
451 625 221 552 1314
10118 1309 211 553 1315
480 60 224 553 1315
10118 1310 221 554 1316
10118 1311 214 555 1317
10118 1312 212 556 1318
225 546 224 556 1318
10118 1313 223 557 1319
480 64 231 557 1319
122 290 231 557 1319
54 614 229 557 1319
759 614 224 557 1319
225 547 221 557 1319
10118 1314 223 558 1320
480 65 237 558 1320
122 291 231 558 1320
211 56 221 558 1320
54 615 225 558 1320
759 615 222 558 1320
263 210 227 558 1320
10118 1315 227 559 1321
480 66 226 559 1321
10118 1316 221 560 1322
10132 1313 222 560 1322
389 613 232 560 1322
10118 1317 216 561 1323
10132 1315 224 562 1324
10118 1319 218 563 1325
10118 1320 217 564 1326
10118 1321 208 565 1327
10132 1318 212 565 1327
389 618 247 565 1327
10118 1322 220 566 1328
10132 1319 225 566 1328
10118 1323 225 567 1329
10132 1320 219 567 1329
389 620 230 567 1329
263 219 236 567 1329
10118 1324 222 568 1330
87 49 221 568 1330
10132 1321 221 568 1330
10118 1325 217 569 1331
10132 1322 216 569 1331
10118 1326 216 570 1332
10132 1323 223 570 1332
389 623 227 570 1332
10132 1324 221 571 1333
10118 1328 211 572 1334
10132 1325 216 572 1334
10132 1326 219 573 1335
389 626 226 573 1335
187 634 221 574 1336
389 627 235 574 1336
10118 1331 208 575 1337
389 628 229 575 1337
677 160 227 575 1337
10118 1332 216 576 1338
263 228 224 577 1339
10118 1333 222 577 1339
87 58 221 577 1339
187 637 223 577 1339
451 650 226 577 1339
225 567 221 578 1340
10118 1334 223 578 1340
451 651 227 578 1340
211 76 223 578 1340
402 126 221 578 1340
225 568 223 579 1341
10118 1335 228 579 1341
451 652 224 579 1341
211 77 223 579 1341
10118 1336 226 580 1342
122 313 223 580 1342
451 653 224 580 1342
211 78 221 580 1342
402 128 221 580 1342
10118 1337 227 581 1343
87 62 221 581 1343
480 88 226 581 1343
451 654 222 581 1343
211 79 221 581 1343
402 129 225 581 1343
10118 1338 231 582 1344
451 655 223 582 1344
211 80 227 582 1344
402 130 227 582 1344
302 655 221 583 1345
10118 1339 231 583 1345
480 90 221 583 1345
451 656 224 583 1345
211 81 223 583 1345
402 131 226 583 1345
10118 1340 227 584 1346
122 317 223 584 1346
480 91 221 584 1346
451 657 227 584 1346
211 82 223 584 1346
10132 1337 208 584 1346
402 132 222 584 1346
225 574 223 585 1347
10118 1341 241 585 1347
87 66 226 585 1347
451 658 227 585 1347
54 642 225 585 1347
211 83 231 585 1347
402 133 229 585 1347
225 575 227 586 1348
10118 1342 238 586 1348
480 93 224 586 1348
451 659 221 586 1348
187 646 223 586 1348
211 84 229 586 1348
225 576 229 587 1349
10118 1343 235 587 1349
451 660 225 587 1349
480 94 222 587 1349
54 644 221 587 1349
187 647 223 587 1349
10118 1344 223 588 1350
10118 1345 219 589 1351
10118 1346 217 590 1352
10118 1347 219 591 1353
10118 1348 221 592 1354
10118 1349 217 593 1355
225 583 225 593 1355
767 661 225 593 1355
10118 1350 235 594 1356
122 327 221 594 1356
402 142 229 594 1356
772 667 226 594 1356
225 584 226 594 1356
10118 1351 233 595 1357
87 76 221 595 1357
54 652 221 595 1357
402 143 223 595 1357
772 668 221 595 1357
10118 1352 222 596 1358
402 144 224 596 1358
10118 1353 222 597 1359
402 145 225 597 1359
772 670 221 597 1359
10118 1354 228 598 1360
480 105 222 598 1360
402 146 223 598 1360
10118 1355 225 599 1361
402 147 223 599 1361
10118 1356 227 600 1362
402 148 223 600 1362
225 590 222 600 1362
10118 1357 227 601 1363
10118 1360 211 604 1366
211 102 221 604 1366
402 152 238 604 1366
225 594 232 604 1366
10118 1361 233 605 1367
87 86 230 605 1367
480 112 223 605 1367
187 665 221 605 1367
211 103 229 605 1367
10132 1358 209 605 1367
302 678 225 606 1368
10118 1362 237 606 1368
87 87 221 606 1368
211 104 237 606 1368
402 154 241 606 1368
225 596 224 606 1368
302 679 223 606 1368
263 258 225 606 1368
10118 1363 213 607 1369
87 88 225 607 1369
480 114 221 607 1369
211 105 229 607 1369
402 155 231 607 1369
225 597 223 607 1369
263 259 226 607 1369
10118 1364 234 608 1370
87 89 222 608 1370
451 681 221 608 1370
122 14 225 608 1370
211 106 239 608 1370
402 156 240 608 1370
225 598 225 608 1370
10118 1365 231 609 1371
87 90 225 609 1371
122 15 221 609 1371
211 107 237 609 1371
402 157 235 609 1371
10118 1366 225 610 1372
87 91 225 610 1372
480 117 221 610 1372
211 108 237 610 1372
402 158 237 610 1372
263 262 225 610 1372
10118 1367 232 611 1373
451 684 221 611 1373
54 668 222 611 1373
480 118 221 611 1373
187 671 221 611 1373
122 17 223 611 1373
211 109 239 611 1373
402 159 233 611 1373
225 601 225 611 1373
302 684 223 611 1373
10118 1368 235 612 1374
87 93 226 612 1374
451 685 226 612 1374
122 18 221 612 1374
211 110 231 612 1374
402 160 233 612 1374
225 602 229 612 1374
87 94 225 613 1375
10118 1369 229 613 1375
122 24 237 618 1380
211 116 225 618 1380
402 166 224 618 1380
225 608 223 618 1380
87 100 221 618 1380
10118 1375 227 618 1380
211 117 223 619 1381
122 25 240 619 1381
10118 1376 217 619 1381
211 118 221 620 1382
122 26 237 620 1382
402 168 221 620 1382
263 272 221 620 1382
10118 1377 226 620 1382
87 102 221 620 1382
402 169 227 621 1383
10118 1378 230 621 1383
402 170 221 622 1384
225 612 222 622 1384
263 274 223 622 1384
10118 1379 235 622 1384
87 104 221 622 1384
451 696 229 623 1385
402 171 223 623 1385
10118 1380 229 623 1385
211 122 227 624 1386
402 172 221 624 1386
225 614 225 624 1386
10118 1381 227 624 1386
211 123 227 625 1387
225 615 225 625 1387
10118 1382 227 625 1387
211 124 229 626 1388
402 174 223 626 1388
225 616 222 626 1388
10118 1383 227 626 1388
402 175 225 627 1389
211 125 223 627 1389
10118 1384 221 627 1389
451 701 222 628 1390
402 176 223 628 1390
263 280 223 628 1390
10118 1385 225 628 1390
211 127 223 629 1391
225 619 221 629 1391
10118 1386 224 629 1391
211 128 224 630 1392
10118 1387 226 630 1392
211 129 227 631 1393
10118 1388 227 631 1393
211 130 222 632 1394
225 622 224 632 1394
10118 1389 225 632 1394
451 706 223 633 1395
10118 1390 227 633 1395
211 132 224 634 1396
225 624 221 634 1396
263 286 221 634 1396
10118 1391 226 634 1396
402 183 223 635 1397
263 287 223 635 1397
10118 1392 226 635 1397
10118 1393 227 636 1398
211 135 227 637 1399
225 627 225 637 1399
10118 1394 220 637 1399
187 698 221 638 1400
10133 1391 208 638 1400
10122 1390 225 638 1400
10118 1395 218 638 1400
402 187 221 639 1401
10118 1396 213 639 1401
402 188 231 640 1402
10118 1397 217 640 1402
211 139 233 641 1403
10118 1398 217 641 1403
87 123 221 641 1403
402 190 227 642 1404
225 632 223 642 1404
263 294 225 642 1404
10118 1399 227 642 1404
402 191 233 643 1405
480 150 223 643 1405
225 633 224 643 1405
10118 1400 225 643 1405
211 142 230 644 1406
10118 1401 226 644 1406
402 193 225 645 1407
211 143 227 645 1407
225 635 227 645 1407
10118 1402 225 645 1407
402 194 223 646 1408
211 144 223 646 1408
225 636 225 646 1408
10118 1403 223 646 1408
402 195 229 647 1409
211 145 227 647 1409
225 637 225 647 1409
10118 1404 225 647 1409
402 196 226 648 1410
211 146 227 648 1410
225 638 225 648 1410
10118 1405 223 648 1410
211 147 223 649 1411
225 639 223 649 1411
10118 1406 224 649 1411
451 723 221 650 1412
402 198 227 650 1412
211 148 227 650 1412
225 640 227 650 1412
10118 1407 220 650 1412
451 724 221 651 1413
211 149 224 651 1413
225 641 225 651 1413
10118 1408 220 651 1413
451 725 221 652 1414
402 200 229 652 1414
211 150 227 652 1414
225 642 227 652 1414
10118 1409 227 652 1414
187 717 222 657 1419
211 155 226 657 1419
10118 1414 225 657 1419
402 206 227 658 1420
211 156 225 658 1420
225 648 229 658 1420
122 64 221 658 1420
302 731 225 658 1420
10118 1415 235 658 1420
187 719 235 659 1421
402 207 227 659 1421
225 649 226 659 1421
211 157 227 659 1421
122 65 221 659 1421
302 732 226 659 1421
10118 1416 231 659 1421
451 733 223 660 1422
187 720 241 660 1422
402 208 227 660 1422
480 167 222 660 1422
211 158 223 660 1422
225 650 221 660 1422
10118 1417 235 660 1422
87 142 221 660 1422
451 734 228 660 1422
187 721 231 661 1423
402 209 223 661 1423
54 718 224 661 1423
122 67 223 661 1423
211 159 224 661 1423
225 651 221 661 1423
302 735 225 662 1424
10118 1419 235 662 1424
451 736 221 663 1425
187 723 233 663 1425
225 653 225 663 1425
10118 1420 239 663 1425
451 737 226 664 1426
187 724 225 664 1426
402 212 223 664 1426
480 171 221 664 1426
759 721 223 664 1426
211 162 222 664 1426
10118 1421 240 664 1426
87 146 221 664 1426
451 738 222 665 1427
187 725 223 665 1427
54 722 223 665 1427
211 163 235 665 1427
263 317 225 665 1427
302 738 224 665 1427
10118 1422 231 665 1427
451 739 222 666 1428
402 214 233 666 1428
10118 1423 234 666 1428
87 148 223 666 1428
187 727 221 667 1429
402 215 231 667 1429
225 657 225 667 1429
302 740 222 667 1429
10118 1424 237 667 1429
87 149 223 667 1429
187 728 225 668 1430
402 216 221 668 1430
54 725 222 668 1430
480 175 221 668 1430
211 166 231 668 1430
759 725 221 668 1430
225 658 223 668 1430
302 741 222 668 1430
263 320 221 668 1430
10118 1425 227 668 1430
187 729 227 669 1431
480 176 237 669 1431
54 726 227 669 1431
122 75 244 669 1431
187 730 231 670 1432
480 177 237 670 1432
402 218 232 670 1432
54 727 225 670 1432
759 727 221 670 1432
122 76 243 670 1432
10118 1427 210 670 1432
10118 1429 212 672 1434
402 223 225 675 1437
187 735 223 675 1437
10118 1432 221 675 1437
402 224 221 676 1438
10118 1433 223 676 1438
402 225 222 677 1439
10118 1434 219 677 1439
10118 1435 220 678 1440
10118 1436 217 679 1441
10118 1437 221 680 1442
10118 1438 221 681 1443
10118 1439 219 682 1444
10118 1440 224 683 1445
402 232 222 684 1446
10118 1441 219 684 1446
10118 1442 212 685 1447
10118 1443 216 686 1448
10118 1444 223 687 1449
10118 1445 225 688 1450
225 679 221 689 1451
10118 1446 229 689 1451
211 188 226 690 1452
10118 1447 226 690 1452
10118 1448 226 691 1453
10118 1449 227 692 1454
10118 1450 225 693 1455
10118 1451 229 694 1456
10118 1452 207 695 1457
10118 1453 211 696 1458
10118 1454 211 697 1459
10118 1455 208 698 1460
10118 1456 221 699 1461
211 198 221 700 1462
10118 1457 224 700 1462
10118 1458 218 701 1463
10118 1459 214 702 1464
10118 1460 216 703 1465
10118 1461 220 704 1466
10118 1462 217 705 1467
10118 1463 219 706 1468
10118 1464 217 707 1469
402 256 221 708 1470
10118 1465 220 708 1470
10118 1473 219 716 1478
10118 1474 215 717 1479
10118 1475 219 718 1480
10118 1476 214 719 1481
10118 1477 221 720 1482
10118 1478 219 721 1483
211 220 222 722 1484
10118 1479 223 722 1484
10118 1480 221 723 1485
122 130 225 724 1486
211 222 227 724 1486
10118 1481 234 724 1486
402 273 225 725 1487
225 715 221 725 1487
122 131 227 725 1487
211 223 230 725 1487
10118 1482 233 725 1487
402 274 225 726 1488
10118 1483 223 726 1488
451 800 225 727 1489
225 717 221 727 1489
10118 1484 209 727 1489
54 785 223 728 1490
402 276 223 728 1490
211 226 221 728 1490
225 718 222 728 1490
10118 1485 216 728 1490
211 227 223 729 1491
225 719 221 729 1491
10118 1486 223 729 1491
54 787 224 730 1492
10118 1487 231 730 1492
451 804 223 731 1493
10118 1491 220 734 1496
187 795 227 734 1496
10118 1492 235 735 1497
187 796 230 735 1497
263 388 222 735 1497
10118 1493 227 736 1498
54 794 225 736 1498
263 389 233 736 1498
10118 1494 229 737 1499
263 390 229 737 1499
10118 1495 228 738 1500
263 391 235 738 1500
10118 1496 227 739 1501
10118 1497 235 740 1502
10118 1498 235 741 1503
263 394 222 741 1503
10118 1499 237 742 1504
263 395 224 742 1504
10118 1500 235 743 1505
10118 1501 222 744 1506
10118 1502 227 745 1507
10118 1503 233 746 1508
10118 1504 233 747 1509
10118 1505 226 748 1510
10118 1506 227 749 1511
10118 1507 233 750 1512
10118 1508 220 751 1513
10118 1509 235 752 1514
10118 1510 236 753 1515
10118 1511 225 754 1516
10118 1512 218 755 1517
10118 1513 220 756 1518
10118 1514 235 757 1519
10104 1508 208 757 1519
10133 1511 211 758 1520
10110 1509 224 758 1520
10148 1516 221 758 1520
10133 1512 238 759 1521
10114 1515 222 759 1521
10110 1510 221 759 1521
10148 1517 219 759 1521
10133 1513 241 760 1522
10114 1516 220 760 1522
10110 1511 227 760 1522
10148 1518 221 760 1522
10133 1514 221 761 1523
10114 1517 223 761 1523
10110 1512 226 761 1523
10148 1519 220 761 1523
10133 1515 241 762 1524
10114 1518 211 762 1524
10110 1513 229 762 1524
10148 1520 216 762 1524
10133 1516 238 763 1525
10114 1519 220 763 1525
10110 1514 226 763 1525
10148 1521 221 763 1525
10133 1517 233 763 1525
10114 1520 221 764 1526
10110 1515 226 764 1526
10148 1522 223 764 1526
10133 1518 235 765 1527
10114 1521 221 765 1527
10110 1516 226 765 1527
10148 1523 223 765 1527
10133 1519 235 765 1527
10114 1522 222 766 1528
10110 1517 227 766 1528
10148 1524 223 766 1528
10133 1520 247 766 1528
10114 1523 220 767 1529
10110 1518 226 767 1529
10148 1525 219 767 1529
10133 1521 223 767 1529
10114 1524 216 768 1530
10110 1519 218 768 1530
10148 1526 225 768 1530
10104 1519 207 768 1530
10133 1522 230 768 1530
10114 1525 224 769 1531
10110 1520 224 769 1531
10148 1527 223 769 1531
10104 1520 208 769 1531
10133 1523 241 770 1532
10114 1526 213 770 1532
10110 1521 209 770 1532
10147 1521 209 770 1532
10105 1521 215 770 1532
10122 1523 225 771 1533
10105 1522 207 771 1533
10089 1524 210 772 1534
10112 1523 212 772 1534
10139 1527 211 772 1534
10133 1526 209 773 1535
10089 1525 208 773 1535
10112 1524 210 773 1535
10029 1527 214 773 1535
10105 1524 207 773 1535
10148 1531 208 773 1535
10102 1528 209 774 1536
10143 1530 211 774 1536
10085 1539 208 775 1537
10154 1532 210 776 1538
186 110 221 777 1539
262 86 225 777 1539
776 700 227 777 1539
253 592 225 777 1539
10031 1543 215 777 1539
9 850 227 778 1540
10134 1533 211 778 1540
10106 1538 218 778 1540
10055 1541 211 779 1541
10173 1537 215 779 1541
10004 1538 208 779 1541
10076 1538 226 779 1541
121 71 225 779 1541
10055 1542 233 780 1542
10018 869 209 780 1542
10140 1538 216 780 1542
10158 1537 213 780 1542
323 773 224 780 1542
10173 1538 218 780 1542
10106 1540 221 780 1542
498 426 223 780 1542
724 850 221 780 1542
551 42 241 780 1542
742 736 243 780 1542
311 17 222 780 1542
10078 1542 216 780 1542
332 51 221 781 1543
10018 870 211 781 1543
10098 1540 214 781 1543
10106 1541 211 781 1543
10040 1538 211 781 1543
615 834 225 782 1544
10106 1542 207 782 1544
10040 1539 210 782 1544
10098 1543 208 784 1546
10055 1547 213 785 1547
10018 874 217 785 1547
10018 875 236 786 1548
10140 1544 207 786 1548
642 67 221 786 1548
10098 1546 213 787 1549
629 772 227 787 1549
10055 1550 211 788 1550
10018 877 211 788 1550
476 315 221 788 1550
532 60 227 788 1550
10018 878 207 789 1551
10098 1548 209 789 1551
295 830 222 789 1551
771 726 221 790 1552
10018 879 228 790 1552
10140 1549 208 791 1553
10158 1548 218 791 1553
686 842 221 791 1553
10140 1550 209 792 1554
10158 1549 230 792 1554
10170 1549 210 793 1555
10077 1547 209 794 1556
90 239 225 794 1556
346 660 222 795 1557
10093 1559 208 795 1557
430 767 221 795 1557
430 768 221 796 1558
90 241 221 796 1558
90 243 222 798 1560
430 771 221 799 1561
10097 1555 210 799 1561
742 755 227 799 1561
10097 1556 208 800 1562
742 756 226 800 1562
90 245 223 800 1562
175 815 224 800 1562
10097 1557 209 801 1563
10031 1567 209 801 1563
742 757 226 801 1563
175 816 233 801 1563
714 807 232 802 1564
10097 1558 211 802 1564
742 758 223 802 1564
175 817 227 802 1564
90 247 221 802 1564
175 818 230 803 1565
10097 1561 209 805 1567
175 821 221 806 1568
10097 1564 211 808 1570
175 823 222 808 1570
10097 1565 208 809 1571
175 824 223 809 1571
10097 1566 208 810 1572
175 825 225 810 1572
10097 1567 207 811 1573
10097 1569 209 813 1575
742 769 225 813 1575
10097 1572 208 816 1578
10097 1573 206 817 1579
10077 1571 210 818 1580
10097 1574 208 818 1580
742 774 223 818 1580
10097 1575 207 819 1581
175 835 229 821 1583
10097 1577 206 821 1583
10097 1578 210 822 1584
175 837 227 822 1584
175 838 223 823 1585
10097 1582 210 826 1588
10077 1582 208 829 1591
10097 1587 210 831 1593
10097 1588 211 832 1594
10097 1590 210 834 1596
430 808 223 836 1598
10097 1592 211 836 1598
430 816 224 844 1606
90 289 221 844 1606
742 800 226 844 1606
10170 1602 210 846 1608
10018 936 208 846 1608
10140 1605 219 847 1609
10158 1604 211 847 1609
10098 1607 212 848 1610
10076 1607 212 848 1610
10055 1611 223 848 1610
10173 1607 211 849 1611
10106 1609 219 849 1611
10154 1606 207 850 1612
10154 1607 210 851 1613
88 892 231 853 1615
10147 1605 208 854 1616
10029 1608 207 854 1616
10112 1606 208 855 1617
10089 1608 228 856 1618
199 483 222 857 1619
10118 1614 217 857 1619
10118 1615 207 858 1620
381 269 221 860 1622
10118 1618 221 861 1623
10118 1619 216 862 1624
10118 1620 211 863 1625
10118 1621 227 864 1626
10118 1622 213 865 1627
10118 1623 213 866 1628
10118 1624 210 867 1629
10118 1625 213 868 1630
10118 1626 225 869 1631
10118 1627 227 870 1632
10118 1628 237 871 1633
29 942 223 871 1633
676 942 227 872 1634
10118 1629 231 872 1634
10118 1630 219 873 1635
495 928 230 873 1635
676 944 221 874 1636
10118 1631 223 874 1636
187 935 225 874 1636
676 945 231 875 1637
10118 1632 219 875 1637
187 936 225 875 1637
10118 1633 221 876 1638
10118 1635 220 878 1640
10118 1636 217 879 1641
10118 1637 211 880 1642
381 289 221 881 1643
676 951 227 881 1643
10118 1638 217 881 1643
381 290 224 882 1644
10118 1639 211 882 1644
495 937 224 882 1644
676 953 229 883 1645
10118 1640 223 883 1645
676 954 225 884 1646
10118 1641 223 884 1646
10118 1642 215 885 1647
10118 1643 213 886 1648
187 947 227 886 1648
10118 1644 214 887 1649
676 958 223 888 1650
10118 1646 229 889 1651
290 962 221 889 1651
10118 1647 233 890 1652
10118 1648 227 891 1653
29 16 227 891 1653
10118 1649 227 892 1654
29 17 241 892 1654
290 965 221 892 1654
10118 1650 223 893 1655
187 954 221 893 1655
10118 1651 219 894 1656
187 955 221 894 1656
339 947 229 895 1657
10118 1652 220 895 1657
10118 1653 217 896 1658
187 957 221 897 1659
10118 1654 222 897 1659
10118 1655 219 898 1660
10118 1656 218 899 1661
10118 1657 226 900 1662
726 535 223 900 1662
137 962 221 900 1662
10118 1658 223 901 1663
10118 1659 217 902 1664
137 964 225 902 1664
10118 1660 224 903 1665
676 974 232 904 1666
726 539 221 904 1666
10118 1661 221 904 1666
676 975 233 905 1667
10118 1662 221 905 1667
10118 1663 223 906 1668
10118 1664 221 907 1669
10118 1665 223 908 1670
10118 1666 227 909 1671
10118 1667 212 910 1672
10118 1668 224 911 1673
10118 1669 231 912 1674
29 43 239 918 1680
29 44 236 919 1681
290 992 221 919 1681
137 981 231 920 1682
591 982 221 920 1682
187 980 223 920 1682
381 328 228 920 1682
335 989 221 920 1682
10118 1677 238 920 1682
10118 1682 210 925 1687
29 50 223 925 1687
10118 1683 221 926 1688
29 51 227 926 1688
10132 1680 212 926 1688
10118 1684 230 927 1689
29 52 229 927 1689
137 989 223 928 1690
10118 1685 212 928 1690
29 53 231 928 1690
10118 1686 222 929 1691
29 54 225 929 1691
10118 1687 233 930 1692
29 55 235 930 1692
10118 1688 222 931 1693
29 56 237 931 1693
10118 1689 222 932 1694
29 57 223 932 1694
10118 1690 221 933 1695
10118 1691 217 934 1696
29 59 225 934 1696
10118 1692 224 935 1697
29 60 223 935 1697
10118 1693 218 936 1698
29 61 225 936 1698
10118 1694 219 937 1699
339 989 234 937 1699
137 999 231 938 1700
10118 1695 220 938 1700
187 1000 221 940 1702
10118 1697 208 940 1702
676 1010 227 940 1702
10118 1698 217 941 1703
10118 1699 227 942 1704
10118 1700 211 943 1705
335 1013 238 944 1706
676 1014 221 944 1706
10118 1701 222 944 1706
137 1006 223 945 1707
591 1007 230 945 1707
335 1014 226 945 1707
10118 1702 209 945 1707
335 1015 233 946 1708
10118 1703 208 946 1708
335 1016 224 947 1709
10118 1704 225 947 1709
137 1009 229 947 1709
591 1010 225 948 1710
335 1017 235 948 1710
676 1018 225 948 1710
10118 1705 225 948 1710
726 583 225 948 1710
339 1000 223 948 1710
290 1021 225 948 1710
591 1011 227 949 1711
335 1018 235 949 1711
676 1019 223 949 1711
10118 1706 225 949 1711
137 1011 221 949 1711
335 1019 238 950 1712
10118 1707 227 950 1712
29 75 221 950 1712
335 1020 231 951 1713
10118 1708 223 951 1713
29 76 233 951 1713
335 1021 229 952 1714
10118 1709 221 952 1714
726 587 222 952 1714
29 77 222 952 1714
335 1022 233 953 1715
10118 1710 223 953 1715
726 588 223 953 1715
335 1023 239 954 1716
10118 1711 225 954 1716
335 1024 237 955 1717
10118 1712 218 955 1717
10118 1714 221 957 1719
10118 1715 223 958 1720
29 83 227 958 1720
339 1010 222 958 1720
10118 1716 221 959 1721
29 84 232 959 1721
10118 1717 228 960 1722
29 85 225 960 1722
137 1022 221 960 1722
10118 1718 224 961 1723
29 86 227 961 1723
10132 1715 207 961 1723
137 1023 223 961 1723
10118 1719 215 962 1724
10118 1720 210 963 1725
10118 1722 219 965 1727
290 1038 225 965 1727
10118 1723 217 966 1728
10118 1724 221 967 1729
726 602 221 967 1729
10118 1725 209 968 1730
10118 1726 210 969 1731
381 378 231 970 1732
335 1039 230 970 1732
10118 1727 231 970 1732
726 605 233 970 1732
339 1022 247 970 1732
137 1032 228 970 1732
591 1033 221 971 1733
381 379 221 971 1733
335 1040 233 971 1733
495 1026 232 971 1733
29 96 221 971 1733
10118 1728 231 971 1733
339 1023 245 971 1733
676 1041 223 971 1733
726 606 223 971 1733
137 1033 237 971 1733
339 1024 239 972 1734
726 607 227 972 1734
335 1042 227 973 1735
381 381 229 973 1735
10118 1730 215 973 1735
29 98 221 973 1735
339 1025 222 973 1735
10118 1731 216 974 1736
10118 1732 229 975 1737
187 1036 223 976 1738
495 1031 223 976 1738
10118 1733 218 976 1738
381 385 222 977 1739
10118 1734 227 977 1739
339 1029 223 977 1739
726 612 223 977 1739
10118 1735 227 978 1740
10118 1736 221 979 1741
676 1054 223 984 1746
290 1057 221 984 1746
10118 1742 227 985 1747
676 1055 223 985 1747
726 620 221 985 1747
495 1041 221 986 1748
10118 1743 231 986 1748
137 1048 222 986 1748
335 1056 231 986 1748
10118 1744 214 987 1749
676 1057 222 987 1749
726 622 223 987 1749
335 1057 221 987 1749
10118 1745 215 988 1750
335 1058 240 988 1750
10118 1746 226 989 1751
10118 1747 224 990 1752
10118 1748 227 991 1753
726 626 223 991 1753
137 1053 247 991 1753
335 1061 223 991 1753
187 1052 237 991 1753
381 400 224 992 1754
10118 1749 233 992 1754
676 1062 226 992 1754
339 1044 225 992 1754
10118 1750 228 993 1755
137 1055 223 993 1755
10118 1751 218 994 1756
335 1064 225 994 1756
187 1055 225 994 1756
495 1050 222 995 1757
10118 1752 233 995 1757
29 120 223 995 1757
726 630 231 995 1757
290 1068 223 995 1757
10118 1753 227 996 1758
29 121 221 996 1758
10118 1754 213 997 1759
10118 1755 221 998 1760
10118 1756 226 999 1761
137 1061 224 999 1761
381 408 222 1000 1762
10118 1757 230 1000 1762
339 1052 247 1000 1762
10118 1758 213 1001 1763
339 1053 221 1001 1763
381 410 225 1002 1764
10118 1759 219 1002 1764
10118 1760 215 1003 1765
10118 1761 212 1004 1766
10118 1762 227 1005 1767
137 1067 221 1005 1767
187 1066 221 1005 1767
10118 1763 224 1006 1768
29 131 228 1006 1768
10118 1764 219 1007 1769
339 1059 223 1007 1769
29 132 233 1007 1769
10118 1765 216 1008 1770
10118 1766 210 1009 1771
10118 1767 225 1010 1772
339 1062 224 1010 1772
10118 1769 224 1012 1774
339 1064 223 1012 1774
10118 1771 221 1014 1776
10118 1772 224 1015 1777
339 1067 225 1015 1777
495 1071 227 1016 1778
10118 1773 233 1016 1778
339 1068 227 1016 1778
676 1086 222 1016 1778
137 1078 225 1016 1778
495 1072 223 1017 1779
10118 1774 229 1017 1779
339 1069 235 1017 1779
676 1087 223 1017 1779
29 142 221 1017 1779
726 652 225 1017 1779
495 1073 221 1018 1780
10118 1775 226 1018 1780
339 1070 231 1018 1780
726 653 225 1018 1780
495 1074 223 1019 1781
10118 1776 224 1019 1781
339 1071 229 1019 1781
726 654 226 1019 1781
381 428 221 1019 1781
495 1075 223 1020 1782
10118 1777 227 1020 1782
339 1072 239 1020 1782
29 145 223 1020 1782
726 655 223 1020 1782
10118 1778 229 1021 1783
339 1073 231 1021 1783
290 1094 221 1021 1783
10118 1779 226 1022 1784
339 1074 235 1022 1784
10118 1780 227 1023 1785
676 1093 225 1023 1785
726 658 223 1023 1785
381 432 221 1023 1785
10118 1781 220 1024 1786
339 1076 226 1024 1786
726 659 225 1024 1786
381 433 225 1024 1786
335 1094 221 1025 1787
10118 1782 223 1025 1787
339 1077 221 1025 1787
137 1087 221 1025 1787
335 1095 225 1026 1788
10118 1783 229 1026 1788
676 1096 223 1026 1788
339 1078 231 1026 1788
726 661 221 1026 1788
381 435 221 1026 1788
10118 1784 231 1027 1789
29 152 231 1027 1789
339 1079 230 1027 1789
726 662 223 1027 1789
290 1100 224 1027 1789
137 1089 233 1027 1789
187 1088 221 1027 1789
10118 1785 227 1028 1790
29 153 235 1028 1790
339 1080 231 1028 1790
290 1101 221 1028 1790
187 1089 232 1028 1790
495 1084 225 1029 1791
10118 1786 235 1029 1791
29 154 221 1029 1791
339 1081 233 1029 1791
726 664 221 1029 1791
137 1091 223 1029 1791
187 1090 223 1030 1792
335 1099 227 1030 1792
495 1085 224 1030 1792
10118 1787 218 1030 1792
339 1082 222 1030 1792
726 665 232 1030 1792
290 1103 223 1030 1792
10132 1784 207 1030 1792
137 1092 226 1030 1792
187 1091 227 1031 1793
335 1100 225 1031 1793
495 1086 223 1031 1793
10118 1788 225 1031 1793
29 156 223 1031 1793
676 1101 221 1031 1793
339 1083 237 1031 1793
726 666 225 1031 1793
290 1104 222 1031 1793
137 1093 223 1031 1793
381 440 221 1032 1794
335 1101 222 1032 1794
495 1087 221 1032 1794
10118 1789 231 1032 1794
676 1102 231 1032 1794
339 1084 242 1032 1794
726 667 227 1032 1794
10132 1786 210 1032 1794
381 441 227 1033 1795
187 1093 223 1033 1795
335 1102 223 1033 1795
495 1088 227 1033 1795
10118 1790 225 1033 1795
29 158 224 1033 1795
339 1085 245 1033 1795
726 668 233 1033 1795
187 1096 227 1036 1798
335 1105 221 1036 1798
29 161 223 1036 1798
10118 1793 230 1036 1798
339 1088 237 1036 1798
676 1106 225 1036 1798
726 671 223 1036 1798
290 1109 223 1036 1798
187 1097 223 1037 1799
381 445 223 1037 1799
29 162 227 1037 1799
10118 1794 229 1037 1799
339 1089 221 1037 1799
726 672 225 1037 1799
290 1110 221 1037 1799
10118 1795 213 1038 1800
10118 1796 218 1039 1801
10118 1797 219 1040 1802
10118 1798 220 1041 1803
10118 1799 219 1042 1804
10118 1800 219 1043 1805
10118 1801 213 1044 1806
10118 1802 221 1045 1807
290 1118 221 1045 1807
10118 1803 212 1046 1808
290 1119 221 1046 1808
10118 1804 217 1047 1809
10118 1805 221 1048 1810
290 1121 230 1048 1810
10118 1806 221 1049 1811
290 1122 230 1049 1811
10118 1807 212 1050 1812
290 1123 229 1050 1812
10118 1808 211 1051 1813
290 1124 231 1051 1813
290 1125 226 1052 1814
10118 1810 212 1053 1815
290 1126 227 1053 1815
10118 1811 225 1054 1816
10118 1812 221 1055 1817
290 1128 228 1055 1817
10118 1813 232 1056 1818
10118 1815 219 1058 1820
676 1128 231 1058 1820
381 467 221 1059 1821
495 1115 229 1060 1822
10118 1817 217 1060 1822
10118 1818 218 1061 1823
726 696 227 1061 1823
495 1117 222 1062 1824
10118 1819 211 1062 1824
676 1132 221 1062 1824
381 471 224 1063 1825
187 1123 223 1063 1825
335 1132 237 1063 1825
29 188 221 1063 1825
10118 1820 221 1063 1825
726 698 225 1063 1825
335 1133 227 1064 1826
10118 1821 227 1064 1826
676 1134 224 1064 1826
726 699 225 1064 1826
187 1125 225 1065 1827
29 190 223 1065 1827
10118 1822 233 1065 1827
290 1138 227 1065 1827
726 700 229 1065 1827
335 1135 230 1066 1828
187 1126 227 1066 1828
29 191 221 1066 1828
10118 1823 225 1066 1828
339 1118 225 1066 1828
290 1139 222 1066 1828
726 701 225 1066 1828
137 1128 240 1067 1829
187 1127 231 1067 1829
29 192 225 1067 1829
10118 1824 215 1067 1829
29 193 245 1068 1830
10118 1825 222 1068 1830
339 1120 223 1068 1830
726 703 226 1068 1830
137 1130 231 1069 1831
335 1138 223 1069 1831
29 194 233 1069 1831
10118 1826 231 1069 1831
726 704 221 1069 1831
29 195 241 1070 1832
10118 1827 223 1070 1832
10132 1824 209 1070 1832
29 196 237 1071 1833
10118 1828 229 1071 1833
137 1133 237 1072 1834
29 197 223 1072 1834
10118 1829 231 1072 1834
339 1124 226 1072 1834
726 707 231 1072 1834
137 1134 232 1073 1835
187 1133 233 1073 1835
335 1142 226 1073 1835
10118 1830 229 1073 1835
676 1143 221 1073 1835
339 1125 223 1073 1835
726 708 225 1073 1835
381 482 227 1074 1836
335 1143 225 1074 1836
10118 1831 229 1074 1836
339 1126 238 1074 1836
676 1144 227 1074 1836
726 709 233 1074 1836
137 1136 225 1075 1837
187 1135 221 1075 1837
10118 1832 233 1075 1837
339 1127 233 1075 1837
137 1137 226 1076 1838
381 484 232 1076 1838
335 1145 227 1076 1838
10118 1833 229 1076 1838
339 1128 223 1076 1838
726 711 223 1076 1838
10132 1830 208 1076 1838
381 485 223 1077 1839
187 1137 221 1077 1839
335 1146 227 1077 1839
29 202 221 1077 1839
495 1132 225 1077 1839
10118 1834 230 1077 1839
676 1147 225 1077 1839
339 1129 231 1077 1839
726 712 233 1077 1839
137 1139 225 1078 1840
381 486 225 1078 1840
187 1138 223 1078 1840
29 203 221 1078 1840
10118 1835 240 1078 1840
339 1130 233 1078 1840
381 487 229 1079 1841
137 1140 222 1079 1841
335 1148 223 1079 1841
10118 1836 237 1079 1841
676 1149 221 1079 1841
339 1131 229 1079 1841
726 714 222 1079 1841
187 1140 223 1080 1842
10118 1837 233 1080 1842
676 1150 221 1080 1842
339 1132 223 1080 1842
381 489 225 1081 1843
10118 1838 225 1081 1843
591 1143 239 1081 1843
726 716 227 1081 1843
187 1142 223 1082 1844
335 1151 221 1082 1844
10118 1839 224 1082 1844
339 1134 224 1082 1844
381 491 221 1083 1845
495 1138 221 1083 1845
10118 1840 210 1083 1845
591 1145 223 1083 1845
339 1135 221 1083 1845
10132 1837 208 1083 1845
495 1139 221 1084 1846
10118 1841 212 1084 1846
339 1136 227 1084 1846
676 1154 228 1084 1846
726 719 223 1084 1846
187 1145 222 1085 1847
335 1154 230 1085 1847
10118 1842 216 1085 1847
339 1137 224 1085 1847
676 1155 231 1085 1847
10118 1843 218 1086 1848
339 1138 223 1086 1848
726 721 225 1086 1848
10118 1844 213 1087 1849
676 1157 221 1087 1849
10118 1845 221 1088 1850
335 1158 236 1089 1851
495 1144 226 1089 1851
10118 1846 229 1089 1851
339 1141 221 1089 1851
381 498 224 1090 1852
187 1150 226 1090 1852
335 1159 241 1090 1852
10118 1847 223 1090 1852
10118 1848 223 1091 1853
10118 1849 217 1092 1854
339 1144 223 1092 1854
676 1162 221 1092 1854
381 501 225 1093 1855
10118 1850 225 1093 1855
10118 1851 210 1094 1856
10118 1852 217 1095 1857
339 1147 221 1095 1857
10118 1853 221 1096 1858
10118 1854 227 1097 1859
726 732 229 1097 1859
10118 1855 227 1098 1860
10118 1856 223 1099 1861
10118 1857 218 1100 1862
10118 1858 211 1101 1863
137 1163 221 1102 1864
10118 1859 216 1102 1864
187 1163 221 1103 1865
10118 1860 219 1103 1865
10118 1861 219 1104 1866
187 1165 221 1105 1867
10118 1862 218 1105 1867
10118 1863 214 1106 1868
10118 1864 212 1107 1869
10118 1865 207 1108 1870
10118 1866 212 1109 1871
10118 1867 211 1110 1872
10118 1868 217 1111 1873
10118 1869 217 1112 1874
10118 1870 225 1113 1875
29 238 221 1113 1875
10118 1871 223 1114 1876
29 239 222 1114 1876
10118 1872 218 1115 1877
10118 1873 229 1116 1878
29 241 223 1116 1878
10118 1874 210 1117 1879
29 242 222 1117 1879
10118 1875 223 1118 1880
10118 1876 211 1119 1881
10118 1877 210 1120 1882
10118 1878 209 1121 1883
10118 1879 217 1122 1884
10118 1880 224 1123 1885
10118 1881 217 1124 1886
10118 1882 218 1125 1887
10118 1883 221 1126 1888
10118 1884 221 1127 1889
10118 1885 221 1128 1890
10118 1886 210 1129 1891
10118 1887 210 1130 1892
10118 1888 211 1131 1893
10118 1889 227 1132 1894
29 257 224 1132 1894
10118 1890 228 1133 1895
29 258 221 1133 1895
10118 1891 229 1134 1896
414 1204 223 1134 1896
10118 1892 219 1135 1897
414 1205 233 1135 1897
10132 1889 207 1135 1897
10118 1893 229 1136 1898
29 261 222 1136 1898
414 1206 224 1136 1898
10118 1894 229 1137 1899
414 1207 221 1137 1899
10132 1891 209 1137 1899
10118 1895 222 1138 1900
29 263 223 1138 1900
414 1208 227 1138 1900
10118 1896 223 1139 1901
414 1209 227 1139 1901
10132 1893 206 1139 1901
414 1211 221 1141 1903
10132 1895 207 1141 1903
10118 1899 226 1142 1904
414 1212 223 1142 1904
10132 1896 208 1142 1904
10118 1900 229 1143 1905
10118 1901 233 1144 1906
10132 1898 208 1144 1906
10118 1902 232 1145 1907
29 270 223 1145 1907
10132 1899 207 1145 1907
10118 1903 227 1146 1908
29 271 226 1146 1908
10118 1904 227 1147 1909
29 272 225 1147 1909
10118 1905 223 1148 1910
29 273 221 1148 1910
10118 1906 225 1149 1911
10132 1903 210 1149 1911
10118 1907 211 1150 1912
29 275 227 1150 1912
10118 1908 226 1151 1913
10118 1909 231 1152 1914
10118 1910 223 1153 1915
10112 1906 209 1155 1917
10120 1915 209 1157 1919
10147 1908 233 1157 1919
10029 1911 215 1157 1919
10135 1913 210 1158 1920
10147 1909 213 1158 1920
10029 1912 207 1158 1920
10122 1911 210 1159 1921
10029 1913 222 1159 1921
10118 1919 212 1162 1924
10118 1920 210 1163 1925
10118 1921 208 1164 1926
10133 1918 210 1165 1927
10114 1921 224 1165 1927
10110 1916 224 1165 1927
10148 1923 217 1165 1927
10133 1919 215 1165 1927
10114 1922 218 1166 1928
10110 1917 222 1166 1928
10148 1924 224 1166 1928
10133 1920 225 1166 1928
10118 1925 222 1168 1930
29 293 221 1168 1930
10118 1926 221 1169 1931
29 294 222 1169 1931
10118 1927 224 1170 1932
10118 1928 223 1171 1933
29 296 221 1171 1933
10118 1929 223 1172 1934
29 297 223 1172 1934
10118 1930 222 1173 1935
10118 1931 225 1174 1936
29 299 221 1174 1936
10118 1932 225 1175 1937
29 300 225 1175 1937
10118 1933 230 1176 1938
29 301 224 1176 1938
10118 1934 230 1177 1939
29 302 223 1177 1939
10118 1935 229 1178 1940
29 303 223 1178 1940
10118 1936 211 1179 1941
29 304 221 1179 1941
10118 1937 209 1180 1942
29 305 221 1180 1942
10118 1939 229 1182 1944
10118 1940 227 1183 1945
10118 1941 229 1184 1946
10118 1942 229 1185 1947
10118 1943 228 1186 1948
10118 1944 227 1187 1949
10118 1945 227 1188 1950
10118 1946 216 1189 1951
10118 1947 217 1190 1952
10118 1948 223 1191 1953
10118 1949 234 1192 1954
10118 1950 231 1193 1955
10118 1951 233 1194 1956
10118 1952 229 1195 1957
10132 1949 208 1195 1957
10118 1953 223 1196 1958
10118 1954 233 1197 1959
10118 1955 227 1198 1960
10118 1956 219 1199 1961
10118 1957 232 1200 1962
10118 1958 217 1201 1963
10118 1959 232 1202 1964
10118 1960 233 1203 1965
10118 1961 231 1204 1966
10118 1962 219 1205 1967
10118 1963 221 1206 1968
10118 1986 233 1229 1991
10118 1987 217 1230 1992
10118 1988 219 1231 1993
10118 1989 218 1232 1994
10118 1990 219 1233 1995
10118 1991 221 1234 1996
10118 1992 220 1235 1997
10118 1993 218 1236 1998
10118 1994 218 1237 1999
10118 1995 217 1238 2000
10118 1996 225 1239 2001
10118 1997 224 1240 2002
10118 1998 223 1241 2003
10118 1999 225 1242 2004
10118 2001 223 1244 2006
10118 2002 225 1245 2007
10118 2003 225 1246 2008
10118 2005 227 1248 2010
10118 2006 227 1249 2011
10118 2007 227 1250 2012
10118 2008 227 1251 2013
10118 2009 227 1252 2014
10118 2010 227 1253 2015
10118 2011 227 1254 2016
10118 2012 227 1255 2017
10118 2013 227 1256 2018
10118 2014 227 1257 2019
10118 2015 227 1258 2020
10118 2016 215 1259 2021
10118 2017 223 1260 2022
10118 2018 223 1261 2023
10118 2019 225 1262 2024
10118 2020 220 1263 2025
10118 2022 210 1265 2027
298 57 233 1266 2028
10118 2023 237 1266 2028
405 5 225 1266 2028
82 59 241 1267 2029
10118 2024 233 1267 2029
10132 2021 207 1268 2030
