462 8 223 0 717
672 11 233 0 717
10123 712 221 0 717
259 17 228 0 717
612 9 225 0 717
266 3 226 0 717
510 14 223 1 718
10123 713 221 1 718
646 7 221 1 718
462 10 225 2 719
10062 716 212 2 719
510 15 221 2 719
10123 714 219 2 719
564 5 221 2 719
10164 514 212 3 720
672 15 224 4 721
510 17 227 4 721
10123 716 217 4 721
80 32 233 4 721
10062 719 209 5 722
672 16 226 5 722
10123 717 219 5 722
672 17 221 6 723
510 19 227 6 723
10123 718 227 6 723
10062 721 209 7 724
672 18 225 7 724
10062 722 212 8 725
672 19 231 8 725
510 21 230 8 725
10123 720 227 8 725
564 11 223 9 726
462 17 222 9 726
266 11 223 9 726
10062 723 216 9 726
576 1 222 9 726
672 20 239 9 726
10123 721 231 9 726
259 26 228 9 726
372 10 223 10 727
576 2 231 10 727
564 13 223 11 728
672 22 223 11 728
10123 723 212 11 728
10123 725 213 13 730
462 22 231 14 731
556 44 234 14 731
672 25 226 14 731
510 27 225 14 731
10123 726 211 14 731
462 23 225 15 732
672 26 238 15 732
10123 727 218 15 732
672 27 233 16 733
10123 728 219 16 733
372 17 221 17 734
672 28 226 17 734
10123 729 210 17 734
672 29 225 18 735
672 30 224 19 736
10123 731 210 19 736
576 12 229 20 737
672 31 239 20 737
10123 732 227 20 737
612 29 223 20 737
10062 735 220 21 738
576 13 246 21 738
672 32 223 21 738
10123 733 237 21 738
646 27 221 21 738
259 38 221 22 739
266 24 222 22 739
10062 736 213 22 739
10164 533 212 22 739
576 14 231 22 739
510 35 224 22 739
672 33 225 22 739
10123 734 229 22 739
462 31 221 23 740
10164 534 208 23 740
576 15 221 23 740
510 36 229 23 740
672 34 241 23 740
10123 735 234 23 740
259 40 235 24 741
10062 738 209 24 741
576 16 223 24 741
510 37 221 24 741
672 35 239 24 741
10123 736 229 24 741
259 41 228 25 742
10164 536 209 25 742
682 51 231 25 742
576 17 228 25 742
510 38 233 25 742
672 36 240 25 742
10123 737 228 25 742
10164 537 211 26 743
576 18 233 26 743
672 37 231 26 743
10123 738 231 26 743
646 32 221 26 743
121 57 227 27 744
259 43 226 27 744
10164 538 213 27 744
224 24 221 27 744
576 19 239 27 744
510 40 231 27 744
672 38 226 27 744
10123 739 223 27 744
564 30 221 28 745
10062 742 211 28 745
10164 539 211 28 745
576 20 229 28 745
510 41 221 28 745
10123 740 230 28 745
564 31 231 29 746
259 45 221 29 746
372 29 221 29 746
10062 743 213 29 746
24 1 252 29 746
576 21 223 29 746
10123 741 216 29 746
259 46 231 30 747
266 32 221 30 747
10062 744 210 30 747
24 2 246 30 747
576 22 224 30 747
510 43 233 30 747
10123 742 219 30 747
259 47 221 31 748
10164 542 211 31 748
24 3 241 31 748
510 44 231 31 748
10123 743 227 31 748
646 37 223 31 748
259 48 221 32 749
10164 543 210 32 749
24 4 234 32 749
510 45 225 32 749
672 43 225 32 749
10123 744 223 32 749
259 49 235 33 750
10164 544 210 33 750
576 25 222 33 750
510 46 225 33 750
10123 745 230 33 750
646 39 222 33 750
564 36 221 34 751
10062 748 208 34 751
10164 545 210 34 751
24 6 230 34 751
576 26 222 34 751
672 45 228 34 751
10123 746 225 34 751
363 1 225 34 751
462 43 223 35 752
10062 749 220 35 752
510 48 225 35 752
10123 747 231 35 752
10163 755 209 36 753
10062 750 210 36 753
576 28 244 36 753
672 47 222 36 753
10123 748 222 36 753
612 45 221 37 754
372 37 221 37 754
462 45 227 37 754
10164 548 209 37 754
576 29 230 37 754
510 50 225 37 754
672 48 224 37 754
10123 749 215 37 754
646 43 223 38 755
612 46 232 38 755
462 46 226 38 755
10062 752 212 38 755
10164 549 211 38 755
24 10 236 38 755
510 51 221 38 755
672 49 226 38 755
10123 750 223 38 755
646 44 223 39 756
612 47 226 39 756
372 39 221 39 756
462 47 223 39 756
10062 753 210 39 756
213 44 225 39 756
510 52 226 39 756
672 50 237 39 756
10123 751 233 39 756
646 45 223 40 757
612 48 224 40 757
259 56 225 40 757
10062 754 212 40 757
556 70 221 40 757
10164 551 213 40 757
24 12 222 40 757
213 45 222 40 757
576 32 235 40 757
510 53 233 40 757
672 51 229 40 757
10123 752 233 40 757
363 7 242 40 757
646 46 223 41 758
372 41 227 41 758
10062 755 219 41 758
556 71 240 41 758
10164 552 208 41 758
576 33 223 41 758
10123 753 222 41 758
646 47 221 42 759
612 50 225 42 759
121 72 223 42 759
462 50 231 42 759
10164 553 214 42 759
556 72 231 42 759
24 14 231 42 759
576 34 231 42 759
672 53 236 42 759
10123 754 221 42 759
10164 554 213 43 760
24 15 221 43 760
576 35 223 43 760
10123 755 222 43 760
10062 758 210 44 761
213 49 221 44 761
576 36 239 44 761
672 55 229 44 761
510 57 225 44 761
10123 756 227 44 761
266 10 221 44 761
646 50 221 45 762
121 75 225 45 762
372 45 221 45 762
10062 759 212 45 762
24 17 224 45 762
213 50 221 45 762
576 37 225 45 762
672 56 221 45 762
10123 757 227 45 762
266 11 223 45 762
121 76 223 46 763
462 54 227 46 763
24 18 223 46 763
576 38 221 46 763
510 59 227 46 763
10123 758 219 46 763
612 55 222 46 763
646 52 224 47 764
121 77 227 47 764
10062 761 213 47 764
224 44 221 47 764
576 39 245 47 764
672 58 221 47 764
510 60 231 47 764
10123 759 225 47 764
121 78 233 48 765
10062 762 210 48 765
576 40 252 48 765
581 78 225 48 765
672 59 241 48 765
10123 760 222 48 765
121 79 234 49 766
10062 763 211 49 766
462 57 221 49 766
24 21 224 49 766
576 41 249 49 766
581 79 223 49 766
672 60 241 49 766
10123 761 222 49 766
121 80 221 50 767
24 22 224 50 767
576 42 248 50 767
672 61 233 50 767
510 63 225 50 767
10123 762 227 50 767
266 16 225 51 768
462 59 221 51 768
10062 765 209 51 768
10164 562 210 51 768
672 62 225 51 768
510 64 228 51 768
10123 763 227 51 768
121 82 223 51 768
372 52 225 52 769
576 44 246 52 769
672 63 236 52 769
510 65 222 52 769
10123 764 223 52 769
121 83 224 52 769
10062 767 209 53 770
576 45 234 53 770
672 64 222 53 770
510 66 226 53 770
10123 765 227 53 770
121 84 225 53 770
266 19 223 53 770
10062 768 209 54 771
576 46 242 54 771
672 65 223 54 771
10123 766 209 54 771
266 20 223 54 771
372 55 223 55 772
24 27 223 55 772
576 47 247 55 772
672 66 227 55 772
10123 767 222 55 772
121 86 221 55 772
213 61 222 56 773
576 48 241 56 773
510 69 221 56 773
10123 768 223 56 773
121 87 221 56 773
259 11 221 56 773
213 62 221 57 774
224 54 222 57 774
576 49 228 57 774
672 68 222 57 774
10123 769 216 57 774
10062 772 210 58 775
510 71 227 58 775
10062 773 212 59 776
10164 570 210 59 776
213 64 221 59 776
576 51 222 59 776
672 70 223 59 776
10123 771 215 59 776
121 90 221 59 776
612 68 224 59 776
372 60 223 60 777
10062 774 208 60 777
576 52 221 60 777
672 71 226 60 777
10123 772 223 60 777
266 26 223 60 777
564 63 226 61 778
213 66 221 61 778
576 53 229 61 778
10123 773 225 61 778
121 92 226 61 778
564 64 231 62 779
10062 776 210 62 779
10164 573 211 62 779
576 54 223 62 779
10123 774 227 62 779
612 71 225 62 779
462 8 225 63 780
10062 777 210 63 780
10164 574 211 63 780
576 55 223 63 780
10123 775 222 63 780
363 30 228 63 780
24 36 222 64 781
224 61 222 64 781
10123 776 225 64 781
10062 779 210 65 782
10123 777 230 65 782
10163 785 208 66 783
10062 780 213 66 783
10164 577 212 66 783
24 38 233 66 783
10123 778 227 66 783
10062 781 213 67 784
24 39 223 67 784
576 59 222 67 784
10123 779 230 67 784
10062 782 210 68 785
10164 579 212 68 785
576 60 243 68 785
10043 783 208 68 785
10123 780 223 68 785
10062 783 214 69 786
10164 580 208 69 786
219 63 221 69 786
10123 781 218 69 786
345 28 228 69 786
688 91 225 69 786
10100 778 210 70 787
10046 786 211 70 787
10080 791 210 70 787
10086 788 208 71 788
10033 786 221 71 788
106 92 224 71 788
10100 779 216 71 788
10083 788 217 71 788
10046 787 209 71 788
10080 792 221 72 789
10086 789 223 72 789
614 87 223 72 789
113 26 223 72 789
10071 791 213 72 789
10080 793 210 72 789
10087 790 213 73 790
10071 792 226 73 790
10027 790 213 73 790
10080 794 210 73 790
10064 790 230 74 791
10094 790 229 74 791
10069 789 215 74 791
10171 793 213 74 791
10027 791 217 74 791
10054 792 210 75 792
10064 791 215 75 792
10052 794 212 75 792
10094 791 236 75 792
681 24 221 75 792
10069 790 227 75 792
10171 794 209 75 792
10027 792 214 75 792
10054 793 217 76 793
766 120 223 76 793
524 182 238 76 793
10064 792 218 76 793
274 171 221 76 793
10094 792 233 76 793
10069 791 233 76 793
10071 795 210 76 793
14 90 225 76 793
10027 793 223 77 794
10054 794 210 77 794
524 183 225 77 794
10064 793 222 77 794
10052 796 215 77 794
10094 793 240 77 794
10069 792 225 77 794
10171 796 217 77 794
10027 794 214 78 795
10054 795 217 78 795
10064 794 213 78 795
10052 797 212 78 795
10094 794 223 78 795
10069 793 215 78 795
14 92 241 78 795
10171 797 210 78 795
10168 792 208 79 796
10052 798 211 79 796
10094 795 227 79 796
10069 794 221 79 796
14 93 241 79 796
10171 798 212 79 796
10064 796 211 80 797
10052 799 211 80 797
10094 796 211 80 797
10069 795 210 80 797
14 94 223 80 797
10054 798 209 81 798
10168 794 210 81 798
10052 800 230 81 798
10092 798 208 81 798
10094 797 217 81 798
14 95 231 81 798
10052 801 210 82 799
10092 799 209 82 799
10069 797 215 82 799
10171 801 209 82 799
10027 799 213 82 799
10054 800 217 83 800
10064 799 221 83 800
10094 799 233 83 800
10069 798 212 83 800
10171 802 217 83 800
10027 800 213 83 800
10054 801 223 84 801
524 190 225 84 801
10064 800 222 84 801
10094 800 236 84 801
10069 799 221 84 801
10171 803 211 84 801
10027 801 224 84 801
10054 802 210 85 802
10064 801 220 85 802
10094 801 215 85 802
10069 800 208 85 802
10071 804 217 85 802
10149 794 213 85 802
10027 802 213 85 802
10064 802 219 86 803
10090 803 211 86 803
10026 806 221 88 805
10026 807 239 89 806
10026 808 230 90 807
10026 809 224 91 808
10026 810 223 92 809
10026 811 223 93 810
10026 812 218 94 811
10026 813 217 95 812
10026 814 221 96 813
10026 818 235 100 817
10026 819 223 101 818
755 120 242 102 819
755 121 227 103 820
755 122 223 104 821
10071 824 210 105 822
10080 826 215 105 822
755 124 241 106 823
10090 823 214 106 823
10080 828 214 107 824
755 126 235 108 825
10080 829 219 108 825
755 127 226 109 826
755 128 241 110 827
10080 831 214 110 827
755 129 237 111 828
10080 832 213 111 828
10087 829 209 111 828
10064 828 213 112 829
755 130 223 112 829
10071 831 209 112 829
744 256 231 113 830
10064 829 229 113 830
755 131 230 113 830
10071 832 232 113 830
10149 822 225 113 830
316 179 229 113 830
744 257 225 114 831
10064 830 209 114 831
115 153 231 114 831
148 134 221 114 831
113 68 223 114 831
10071 833 235 114 831
303 129 223 114 831
10149 823 227 114 831
316 180 223 114 831
709 131 223 114 831
744 258 235 115 832
441 76 223 115 832
115 154 248 115 832
148 135 223 115 832
113 69 231 115 832
539 14 231 115 832
10071 834 231 115 832
303 130 223 115 832
10149 824 225 115 832
316 181 227 115 832
744 259 239 116 833
10064 832 208 116 833
148 136 221 116 833
115 155 237 116 833
539 15 221 116 833
10071 835 220 116 833
10149 825 228 116 833
744 260 223 117 834
10064 833 211 117 834
115 156 223 117 834
539 16 223 117 834
10071 836 219 117 834
10149 826 223 117 834
10027 834 210 117 834
316 183 227 117 834
115 157 223 118 835
148 138 221 118 835
539 17 225 118 835
113 72 221 118 835
10071 837 232 118 835
10149 827 215 118 835
10027 835 210 118 835
316 184 225 118 835
744 262 222 118 835
10064 835 208 119 836
115 158 221 119 836
113 73 231 119 836
628 173 225 119 836
755 137 221 119 836
10071 838 231 119 836
10149 828 218 119 836
10027 836 210 119 836
316 185 231 119 836
10064 836 212 120 837
115 159 225 120 837
113 74 227 120 837
628 174 223 120 837
303 135 226 120 837
10071 839 233 120 837
10149 829 218 120 837
10027 837 210 120 837
113 75 223 121 838
115 160 224 121 838
628 175 224 121 838
755 139 232 121 838
303 136 227 121 838
10071 840 233 121 838
10149 830 214 121 838
10027 838 214 121 838
316 1 226 121 838
10064 838 210 122 839
113 76 224 122 839
115 161 223 122 839
628 176 224 122 839
755 140 233 122 839
303 137 226 122 839
10071 841 233 122 839
10149 831 218 122 839
10027 839 212 122 839
316 2 229 122 839
115 162 227 123 840
755 141 227 123 840
10071 842 233 123 840
10149 832 228 123 840
10027 840 210 123 840
744 267 223 124 841
113 78 228 124 841
10064 840 211 124 841
115 163 223 124 841
755 142 231 124 841
10071 843 232 124 841
10149 833 217 124 841
744 268 221 125 842
441 86 221 125 842
628 179 221 125 842
755 143 225 125 842
303 140 227 125 842
10071 844 233 125 842
10149 834 227 125 842
316 5 235 125 842
10064 842 211 126 843
115 165 221 126 843
441 87 221 126 843
303 141 221 126 843
10071 845 225 126 843
10149 835 218 126 843
316 6 226 126 843
10064 843 212 127 844
113 81 231 127 844
755 145 223 127 844
10071 846 233 127 844
10149 836 210 127 844
316 7 225 127 844
10064 844 216 128 845
744 271 222 128 845
755 146 224 128 845
10071 847 219 128 845
10149 837 210 128 845
316 8 223 128 845
10064 845 216 129 846
113 83 224 129 846
755 147 224 129 846
10071 848 219 129 846
316 9 227 129 846
10064 846 213 130 847
755 148 224 130 847
10071 849 210 130 847
316 10 221 130 847
113 85 225 131 848
10071 850 214 131 848
10149 840 220 131 848
113 86 221 132 849
10071 851 216 132 849
10149 841 217 132 849
316 12 221 132 849
10071 852 214 133 850
10149 842 215 133 850
316 13 247 133 850
755 152 221 134 851
10071 853 218 134 851
10149 843 218 134 851
316 14 239 134 851
10027 851 210 134 851
10071 854 219 135 852
316 15 246 135 852
113 90 222 136 853
755 154 222 136 853
10071 855 225 136 853
10149 845 211 136 853
316 16 250 136 853
10064 853 213 137 854
10071 856 228 137 854
10149 846 219 137 854
316 17 237 137 854
10064 854 213 138 855
115 177 224 138 855
755 156 225 138 855
10071 857 232 138 855
10149 847 209 138 855
10027 855 211 138 855
316 18 248 138 855
10064 855 209 139 856
115 178 221 139 856
755 157 222 139 856
10071 858 227 139 856
10149 848 217 139 856
10027 856 210 139 856
316 19 245 139 856
10064 856 211 140 857
10071 859 225 140 857
316 20 248 140 857
10071 860 217 141 858
10149 850 211 141 858
10027 858 211 141 858
316 21 247 141 858
10071 861 221 142 859
10149 851 213 142 859
10027 859 210 142 859
316 22 248 142 859
10071 862 221 143 860
10149 852 209 143 860
10027 860 210 143 860
316 23 246 143 860
10064 860 212 144 861
10071 863 225 144 861
10149 853 219 144 861
316 24 245 144 861
196 158 225 144 861
744 288 225 145 862
115 184 226 145 862
10071 864 236 145 862
755 163 231 145 862
10149 854 213 145 862
10027 862 213 145 862
10064 862 211 146 863
628 200 225 146 863
148 166 224 146 863
10071 865 239 146 863
755 164 225 146 863
10149 855 209 146 863
744 290 221 146 863
10064 863 211 147 864
628 201 221 147 864
115 186 224 147 864
10071 866 235 147 864
755 165 226 147 864
10149 856 217 147 864
744 291 221 147 864
115 187 226 148 865
10071 867 238 148 865
755 166 224 148 865
10149 857 217 148 865
10071 868 233 149 866
755 167 227 149 866
10149 858 219 149 866
316 29 221 149 866
10027 866 208 149 866
744 293 221 149 866
115 189 224 150 867
10071 869 237 150 867
755 168 222 150 867
10149 859 217 150 867
744 294 221 150 867
115 190 227 151 868
10071 870 237 151 868
755 169 224 151 868
10149 860 222 151 868
196 165 223 151 868
115 191 228 152 869
10071 871 230 152 869
755 170 225 152 869
10149 861 219 152 869
196 166 224 152 869
10064 869 209 153 870
115 192 223 153 870
10071 872 237 153 870
755 171 224 153 870
10149 862 221 153 870
628 208 221 154 871
115 193 228 154 871
10071 873 237 154 871
755 172 224 154 871
10149 863 221 154 871
196 168 222 154 871
10071 874 237 155 872
755 173 227 155 872
10149 864 221 155 872
115 195 233 156 873
10071 875 227 156 873
755 174 226 156 873
10149 865 217 156 873
10064 873 209 156 873
628 211 221 157 874
115 196 231 157 874
10071 876 216 157 874
755 175 227 157 874
10149 866 213 157 874
744 301 221 157 874
115 197 227 158 875
10071 877 228 158 875
755 176 225 158 875
10149 867 218 158 875
10071 878 221 159 876
755 177 225 159 876
10149 868 217 159 876
744 303 221 159 876
115 199 221 160 877
303 175 222 160 877
10071 879 227 160 877
10149 869 218 160 877
744 304 225 160 877
10064 877 209 161 878
115 200 224 161 878
303 176 221 161 878
10071 880 229 161 878
10149 870 219 161 878
744 305 227 161 878
115 201 225 162 879
303 177 222 162 879
10071 881 225 162 879
755 180 224 162 879
10149 871 217 162 879
744 306 228 162 879
115 202 227 162 879
10071 882 232 163 880
755 181 225 163 880
10149 872 217 163 880
744 307 221 163 880
10064 880 209 163 880
303 179 221 164 881
10071 883 227 164 881
755 182 227 164 881
10149 873 218 164 881
10064 881 208 164 881
10071 884 235 165 882
10149 874 222 165 882
115 205 224 165 882
10064 882 209 165 882
10071 885 225 166 883
10149 875 212 166 883
115 206 221 166 883
10071 886 226 167 884
10149 876 215 167 884
316 47 221 167 884
10071 887 235 168 885
10149 877 210 168 885
115 208 231 168 885
744 312 221 168 885
10071 888 237 169 886
755 187 223 169 886
10149 878 216 169 886
115 209 231 169 886
10071 889 227 170 887
755 188 224 170 887
10149 879 211 170 887
744 314 221 170 887
115 210 223 170 887
10071 890 229 171 888
755 189 227 171 888
10149 880 221 171 888
744 315 225 171 888
115 211 232 171 888
10071 891 230 172 889
10149 881 216 172 889
115 212 233 172 889
10071 892 231 173 890
744 317 221 173 890
115 213 223 173 890
10071 893 232 174 891
10149 883 213 174 891
744 318 227 174 891
10064 891 209 174 891
196 188 223 174 891
115 214 227 174 891
10071 894 231 175 892
755 193 221 175 892
10149 884 214 175 892
744 319 225 175 892
10064 892 208 175 892
115 215 222 175 892
10071 895 229 176 893
755 194 221 176 893
316 56 223 176 893
744 320 225 176 893
115 216 227 176 893
10071 896 231 177 894
744 321 225 177 894
10071 897 229 178 895
10149 887 211 178 895
744 322 222 178 895
115 218 222 178 895
10071 898 230 179 896
755 197 221 179 896
10149 888 212 179 896
744 323 224 179 896
113 134 221 179 896
10071 899 227 180 897
10149 889 212 180 897
10071 900 233 181 898
755 199 224 181 898
10149 890 218 181 898
10064 898 209 181 898
115 221 225 181 898
10071 901 218 182 899
755 200 221 182 899
10149 891 219 182 899
10064 899 209 182 899
10071 902 219 183 900
10149 892 217 183 900
10071 903 234 184 901
10149 893 222 184 901
10027 901 213 184 901
10071 904 233 185 902
10149 894 225 185 902
10027 902 210 185 902
115 225 226 185 902
10071 905 222 186 903
10149 895 213 186 903
10064 903 210 186 903
10071 906 221 187 904
10149 896 219 187 904
10027 904 210 187 904
10064 904 209 187 904
10071 907 239 188 905
10149 897 213 188 905
10064 905 208 188 905
10071 908 238 189 906
10149 898 216 189 906
10064 906 210 189 906
10071 909 237 190 907
10149 899 218 190 907
10064 907 210 190 907
10071 910 234 191 908
10149 900 219 191 908
10071 911 237 192 909
10149 901 217 192 909
316 72 222 192 909
10064 909 210 192 909
115 232 229 192 909
10071 912 212 193 910
10026 913 218 195 912
10026 915 218 197 914
10026 916 221 198 915
10026 917 216 199 916
10026 918 220 200 917
10026 919 217 201 918
10026 920 219 202 919
10026 921 219 203 920
10026 922 209 204 921
10026 923 218 205 922
10026 924 216 206 923
10026 925 213 207 924
10026 926 215 208 925
10026 927 217 209 926
10026 928 213 210 927
10026 929 211 211 928
10026 930 213 212 929
10026 931 223 213 930
10026 932 211 214 931
10026 933 223 215 932
10026 934 217 216 933
10026 935 217 217 934
10026 936 214 218 935
10026 939 214 221 938
10026 942 209 224 941
10026 943 221 225 942
10026 947 209 229 946
10026 948 216 230 947
10026 950 217 232 949
10026 951 216 233 950
10026 952 219 234 951
10026 953 219 235 952
10026 954 219 236 953
10026 955 219 237 954
10026 956 219 238 955
10026 957 218 239 956
10026 958 219 240 957
10026 959 218 241 958
10026 960 219 242 959
10026 961 218 243 960
10026 962 218 244 961
10026 963 217 245 962
10026 964 217 246 963
10026 965 217 247 964
10026 966 217 248 965
10026 967 216 249 966
10026 968 216 250 967
10026 969 216 251 968
10026 970 216 252 969
10026 971 216 253 970
10026 972 217 254 971
10026 973 216 255 972
10026 974 218 256 973
10026 975 220 257 974
10026 976 220 258 975
10026 977 217 259 976
10026 978 217 260 977
10026 979 219 261 978
10026 980 219 262 979
10026 981 216 263 980
10026 982 219 264 981
10026 983 223 265 982
10026 984 220 266 983
10026 985 221 267 984
10026 986 222 268 985
10026 987 216 269 986
10026 988 221 270 987
10026 989 217 271 988
10026 990 216 272 989
10026 991 219 273 990
10026 992 219 274 991
10026 993 219 275 992
10026 994 217 276 993
10026 995 219 277 994
10026 996 210 278 995
10026 997 212 279 996
10026 998 215 280 997
10026 999 219 281 998
10026 1000 211 282 999
10026 1001 213 283 1000
10026 1002 211 284 1001
10026 1003 213 285 1002
10026 1004 212 286 1003
10026 1005 214 287 1004
10026 1006 216 288 1005
10026 1007 217 289 1006
10026 1008 217 290 1007
10026 1009 213 291 1008
10026 1010 217 292 1009
10026 1011 217 293 1010
10026 1012 208 294 1011
10026 1013 212 295 1012
10026 1014 218 296 1013
10026 1015 209 297 1014
10026 1017 208 299 1016
10026 1018 210 300 1017
10026 1020 208 302 1019
10026 1021 209 303 1020
10026 1023 209 305 1022
10026 1024 209 306 1023
10026 1026 210 308 1025
10026 1027 210 309 1026
10026 1028 208 310 1027
10026 1029 209 311 1028
10026 1030 209 312 1029
10026 1031 209 313 1030
10026 1032 209 314 1031
10026 1033 215 315 1032
10026 1034 219 316 1033
10026 1035 221 317 1034
10026 1036 222 318 1035
10026 1037 216 319 1036
10026 1038 217 320 1037
440 35 225 321 1038
10026 1040 221 322 1039
10026 1041 210 323 1040
10026 1042 210 324 1041
10026 1045 209 327 1044
10026 1046 215 328 1045
440 42 221 328 1045
10026 1047 223 329 1046
440 43 225 329 1046
10026 1048 214 330 1047
440 44 242 330 1047
10026 1049 223 331 1048
440 45 233 331 1048
10026 1050 216 332 1049
440 46 231 332 1049
10026 1051 217 333 1050
440 47 235 333 1050
10026 1052 225 334 1051
440 48 237 334 1051
10026 1053 212 335 1052
440 49 238 335 1052
10026 1054 210 336 1053
440 50 235 336 1053
10026 1055 218 337 1054
440 51 233 337 1054
10026 1056 210 338 1055
440 52 233 338 1055
10026 1057 214 339 1056
440 53 228 339 1056
10026 1058 221 340 1057
440 54 240 340 1057
10026 1059 221 341 1058
440 55 224 341 1058
440 56 241 342 1059
10026 1061 213 343 1060
440 57 243 343 1060
10026 1062 214 344 1061
440 58 244 344 1061
10026 1063 218 345 1062
440 59 241 345 1062
10026 1064 210 346 1063
440 60 240 346 1063
10026 1065 211 347 1064
440 61 233 347 1064
440 62 235 348 1065
10026 1067 208 349 1066
440 63 235 349 1066
10026 1068 220 350 1067
440 64 232 350 1067
10026 1069 220 351 1068
440 65 224 351 1068
10026 1070 212 352 1069
440 66 225 352 1069
440 67 224 353 1070
10026 1072 208 354 1071
440 68 225 354 1071
10026 1073 210 355 1072
440 69 224 355 1072
440 70 233 356 1073
440 71 233 357 1074
10026 1076 214 358 1075
440 72 235 358 1075
10026 1077 212 359 1076
440 73 231 359 1076
10026 1078 216 360 1077
440 74 229 360 1077
440 75 231 361 1078
10026 1080 209 362 1079
440 77 227 363 1080
10026 1082 209 364 1081
440 78 227 364 1081
10026 1083 212 365 1082
440 79 226 365 1082
10026 1084 212 366 1083
440 80 229 366 1083
10026 1085 216 367 1084
440 81 225 367 1084
10026 1086 217 368 1085
440 82 237 368 1085
10026 1087 218 369 1086
440 83 241 369 1086
10026 1088 219 369 1086
440 84 241 370 1087
10026 1089 209 370 1087
440 85 231 371 1088
10026 1090 218 372 1089
440 86 235 372 1089
10026 1091 224 373 1090
440 87 233 373 1090
10026 1092 223 374 1091
440 88 240 374 1091
10026 1093 213 375 1092
10026 1094 208 375 1092
10026 1095 221 377 1094
440 91 223 377 1094
10026 1096 221 377 1094
440 92 226 378 1095
10026 1097 211 379 1096
440 93 234 379 1096
10026 1098 214 380 1097
10026 1099 220 380 1097
440 95 236 381 1098
10026 1100 212 382 1099
440 96 242 382 1099
10026 1101 223 383 1100
440 97 234 383 1100
10026 1102 217 384 1101
440 98 235 384 1101
10026 1103 213 385 1102
440 99 233 385 1102
10026 1104 214 386 1103
440 100 230 386 1103
10026 1105 212 387 1104
440 101 231 387 1104
10026 1106 212 388 1105
10026 1107 213 389 1106
440 103 230 389 1106
10026 1108 215 390 1107
440 104 231 390 1107
10026 1109 213 391 1108
440 105 231 391 1108
10026 1110 214 392 1109
440 106 229 392 1109
10026 1111 213 393 1110
440 107 231 393 1110
10026 1112 213 394 1111
440 108 233 394 1111
10026 1113 214 395 1112
440 109 231 395 1112
10026 1114 212 396 1113
440 110 235 396 1113
10026 1115 219 397 1114
440 111 230 397 1114
10026 1116 211 398 1115
440 112 231 398 1115
10026 1117 214 399 1116
440 113 230 399 1116
440 114 224 400 1117
10026 1119 212 401 1118
440 115 237 401 1118
10026 1120 211 402 1119
440 116 237 402 1119
440 117 221 403 1120
10026 1122 217 404 1121
440 118 227 404 1121
440 119 235 405 1122
10026 1124 211 406 1123
440 120 231 406 1123
10026 1125 209 406 1123
440 121 231 407 1124
440 122 231 408 1125
440 123 227 409 1126
440 124 227 410 1127
440 125 230 411 1128
10026 1130 214 412 1129
440 126 230 412 1129
10026 1131 214 413 1130
440 127 229 413 1130
10026 1132 210 414 1131
440 128 233 414 1131
10026 1133 212 415 1132
440 129 235 415 1132
10026 1134 214 416 1133
440 130 235 416 1133
10026 1135 210 417 1134
440 131 226 417 1134
10026 1136 223 418 1135
440 132 226 418 1135
10026 1137 221 419 1136
440 133 231 419 1136
10026 1138 221 420 1137
440 134 229 420 1137
729 206 221 420 1137
10026 1139 217 421 1138
440 135 242 421 1138
10026 1140 217 422 1139
440 136 227 422 1139
10026 1141 212 423 1140
440 137 231 423 1140
440 138 227 424 1141
10026 1143 210 425 1142
440 139 231 425 1142
729 211 223 425 1142
440 140 227 426 1143
729 212 233 426 1143
440 141 224 427 1144
10026 1146 209 428 1145
440 142 231 428 1145
440 143 235 429 1146
440 144 235 430 1147
440 145 232 431 1148
440 146 226 432 1149
729 218 239 432 1149
10026 1151 211 432 1149
729 219 235 433 1150
729 220 231 434 1151
729 221 233 435 1152
729 222 231 436 1153
440 151 221 437 1154
729 223 227 437 1154
729 224 231 438 1155
440 153 223 439 1156
440 154 221 440 1157
729 227 224 441 1158
729 228 225 442 1159
10026 1161 208 442 1159
10026 1164 214 445 1162
440 160 231 446 1163
10026 1165 209 446 1163
440 161 232 447 1164
10026 1166 208 447 1164
440 162 230 448 1165
440 163 233 449 1166
10026 1168 208 449 1166
440 164 233 450 1167
10026 1169 217 450 1167
440 165 233 451 1168
10026 1170 215 451 1168
440 166 234 452 1169
440 167 231 453 1170
440 168 233 454 1171
10026 1173 213 454 1171
440 169 228 455 1172
10026 1174 212 455 1172
440 170 223 456 1173
10026 1175 212 456 1173
440 171 224 457 1174
10026 1177 213 458 1175
10026 1178 212 459 1176
10026 1179 212 460 1177
10026 1180 211 461 1178
10026 1181 212 462 1179
10026 1182 212 463 1180
10026 1183 216 464 1181
440 179 224 465 1182
10026 1184 219 465 1182
440 180 223 466 1183
10026 1185 212 466 1183
10026 1186 212 467 1184
10026 1187 212 468 1185
440 184 225 469 1186
10026 1189 209 470 1187
729 260 227 474 1191
10026 1193 210 474 1191
729 261 230 475 1192
10026 1194 210 475 1192
729 262 228 476 1193
10026 1195 209 476 1193
440 191 223 477 1194
440 192 224 478 1195
440 193 225 479 1196
440 194 224 480 1197
10026 1202 210 483 1200
10026 1203 208 484 1201
440 199 221 485 1202
729 276 221 490 1207
10026 1209 217 490 1207
440 8 221 493 1210
440 9 230 494 1211
440 10 231 495 1212
10026 1214 209 495 1212
10026 1216 210 497 1214
729 295 225 509 1226
729 296 225 510 1227
729 297 237 511 1228
10026 1230 213 511 1228
440 27 239 512 1229
10026 1231 209 512 1229
440 28 232 513 1230
440 30 246 515 1232
10026 1234 217 515 1232
440 31 227 516 1233
729 302 238 516 1233
10026 1235 219 516 1233
440 32 227 517 1234
729 303 242 517 1234
10026 1236 210 517 1234
440 33 241 518 1235
10026 1237 219 518 1235
10026 1238 217 519 1236
10026 1240 218 521 1238
10026 1241 219 522 1239
10026 1242 219 523 1240
10026 1243 221 524 1241
10026 1244 220 525 1242
10026 1245 225 526 1243
10026 1246 226 527 1244
10026 1247 209 528 1245
10026 1248 210 529 1246
10026 1249 232 530 1247
10080 1253 213 532 1249
10064 1249 219 532 1249
420 411 233 532 1249
10094 1249 217 533 1250
10069 1248 215 533 1250
10071 1252 208 533 1250
274 30 224 533 1250
10171 1252 210 533 1250
10027 1250 219 533 1250
10054 1251 210 533 1250
10064 1250 219 533 1250
10094 1250 227 534 1251
10069 1249 235 534 1251
58 224 225 534 1251
10054 1252 223 534 1251
10068 1257 209 535 1252
10106 1252 217 537 1254
10076 1251 211 537 1254
517 114 225 538 1255
10055 1255 213 538 1255
10173 1251 211 538 1255
10106 1253 209 538 1255
394 557 233 538 1255
10004 1252 212 538 1255
10076 1252 231 538 1255
10055 1256 225 539 1256
10140 1252 219 539 1256
10158 1251 208 539 1256
10173 1252 211 539 1256
10106 1254 212 539 1256
10040 1251 214 539 1256
10078 1256 221 540 1257
760 326 224 540 1257
10055 1257 212 540 1257
10018 584 222 540 1257
10098 1254 212 540 1257
10140 1253 223 540 1257
10158 1252 218 540 1257
778 562 237 540 1257
78 10 221 540 1257
719 233 223 540 1257
10055 1258 211 541 1258
10018 585 232 541 1258
10098 1255 214 541 1258
201 732 227 541 1258
451 569 229 541 1258
10158 1253 211 541 1258
16 241 224 541 1258
719 234 227 541 1258
10004 1255 208 541 1258
10055 1259 217 542 1259
10018 586 221 542 1259
349 561 221 542 1259
10140 1255 223 542 1259
10158 1254 214 542 1259
10173 1255 210 542 1259
10106 1257 211 542 1259
712 565 223 542 1259
10144 1255 209 542 1259
719 235 225 542 1259
10076 1256 210 542 1259
246 555 224 543 1260
10055 1260 209 543 1260
10018 587 225 543 1260
10098 1257 208 543 1260
10140 1256 227 543 1260
10084 1254 213 543 1260
10158 1255 215 543 1260
10173 1256 209 543 1260
666 566 227 543 1260
135 565 225 544 1261
10018 588 212 544 1261
10140 1257 229 544 1261
10084 1255 211 544 1261
10158 1256 221 544 1261
621 566 221 544 1261
135 566 221 545 1262
246 557 221 545 1262
10018 589 229 545 1262
10098 1259 211 545 1262
10140 1258 221 545 1262
10084 1256 227 545 1262
10158 1257 223 545 1262
368 506 225 545 1262
639 574 223 545 1262
144 210 224 545 1262
48 555 223 545 1262
10018 590 219 546 1263
10140 1259 221 546 1263
10084 1257 222 546 1263
10158 1258 217 546 1263
417 744 223 546 1263
650 515 224 546 1263
478 49 222 546 1263
510 63 224 546 1263
10076 1260 209 546 1263
488 568 223 546 1263
144 211 224 546 1263
517 123 221 546 1263
10055 1264 217 547 1264
10018 591 221 547 1264
321 241 221 547 1264
10140 1260 219 547 1264
10158 1259 211 547 1264
650 516 227 547 1264
205 289 232 547 1264
746 249 227 547 1264
427 584 221 547 1264
275 573 221 547 1264
12 147 236 547 1264
386 160 221 548 1265
696 565 229 548 1265
228 580 221 548 1265
246 560 224 548 1265
10055 1265 220 548 1265
10018 592 209 548 1265
349 567 226 548 1265
10140 1261 231 548 1265
10158 1260 230 548 1265
10144 1261 209 548 1265
696 566 223 549 1266
10055 1266 212 549 1266
10140 1262 223 549 1266
10158 1261 221 549 1266
10144 1262 217 549 1266
10076 1263 209 549 1266
10170 1261 210 550 1267
10093 1269 209 550 1267
10097 1261 218 550 1267
10031 1271 219 550 1267
135 572 223 551 1268
10093 1270 210 551 1268
10097 1262 211 551 1268
10031 1272 211 551 1268
135 573 228 552 1269
10097 1263 215 552 1269
135 574 237 553 1270
10093 1272 212 553 1270
10077 1261 211 553 1270
10097 1264 215 553 1270
10031 1274 212 553 1270
135 575 233 554 1271
10093 1273 211 554 1271
10097 1265 219 554 1271
135 576 233 555 1272
10093 1274 213 555 1272
10097 1266 220 555 1272
135 577 225 556 1273
10093 1275 213 556 1273
10097 1267 219 556 1273
135 578 227 556 1273
10093 1276 210 557 1274
10097 1268 221 557 1274
135 579 237 558 1275
10093 1277 211 558 1275
10097 1269 216 558 1275
10031 1279 214 558 1275
135 580 227 559 1276
10093 1278 209 559 1276
10097 1270 218 559 1276
10031 1280 212 559 1276
135 581 236 560 1277
10093 1279 210 560 1277
10077 1268 215 560 1277
10097 1271 218 560 1277
135 582 229 561 1278
10093 1280 212 561 1278
10077 1269 209 561 1278
10097 1272 219 561 1278
135 583 233 562 1279
10097 1273 217 562 1279
10031 1283 208 562 1279
10097 1274 212 563 1280
135 585 227 564 1281
10093 1283 212 564 1281
10097 1275 219 564 1281
135 586 235 565 1282
10093 1284 212 565 1282
10077 1273 209 565 1282
10097 1276 213 565 1282
10093 1285 211 566 1283
10077 1274 208 566 1283
10097 1277 214 566 1283
10093 1286 212 567 1284
10097 1278 219 567 1284
10093 1287 212 568 1285
10077 1276 212 568 1285
10097 1279 217 568 1285
10077 1277 208 569 1286
10097 1280 218 569 1286
135 591 222 570 1287
10093 1289 209 570 1287
10077 1278 209 570 1287
10097 1281 216 570 1287
10031 1291 211 570 1287
135 592 231 571 1288
10093 1290 210 571 1288
10077 1279 208 571 1288
10097 1282 212 571 1288
10031 1292 214 571 1288
135 593 223 572 1289
10097 1283 217 572 1289
135 594 233 573 1290
10077 1281 210 573 1290
10097 1284 213 573 1290
135 595 227 574 1291
10097 1285 208 574 1291
10031 1295 208 574 1291
10097 1286 211 575 1292
135 597 232 576 1293
10097 1287 213 576 1293
10031 1297 208 576 1293
10077 1285 209 577 1294
10097 1288 216 577 1294
135 599 229 578 1295
10093 1297 212 578 1295
10077 1286 211 578 1295
10097 1289 212 578 1295
135 600 225 579 1296
10093 1298 209 579 1296
10077 1287 209 579 1296
258 607 227 579 1296
10097 1290 214 579 1296
753 474 232 579 1296
135 601 225 580 1297
258 608 221 580 1297
753 475 223 580 1297
10097 1291 222 580 1297
135 602 229 581 1298
753 476 226 581 1298
135 603 222 582 1299
10097 1293 215 582 1299
753 477 229 582 1299
135 604 233 583 1300
753 478 223 583 1300
135 605 223 583 1300
10077 1292 208 584 1301
753 479 226 584 1301
135 606 233 584 1301
10077 1293 209 585 1302
753 480 232 585 1302
10097 1296 213 585 1302
753 481 224 586 1303
10097 1297 212 586 1303
753 482 223 587 1304
10097 1298 218 587 1304
135 609 228 587 1304
10077 1296 209 588 1305
753 483 227 588 1305
10097 1299 210 588 1305
135 610 225 589 1306
10093 1308 208 589 1306
753 484 223 589 1306
135 611 231 590 1307
10093 1309 208 590 1307
10077 1298 209 590 1307
753 485 227 590 1307
10097 1301 211 590 1307
135 612 236 591 1308
10077 1299 210 591 1308
753 486 231 591 1308
135 613 230 592 1309
10077 1300 219 592 1309
753 487 229 592 1309
10097 1303 208 592 1309
135 614 225 593 1310
10077 1301 216 593 1310
753 488 227 593 1310
135 615 235 594 1311
10093 1313 209 594 1311
10077 1302 217 594 1311
135 616 235 595 1312
10077 1303 219 595 1312
753 490 231 595 1312
135 617 240 596 1313
10077 1304 218 596 1313
753 491 229 596 1313
10097 1307 210 596 1313
135 618 233 597 1314
10077 1305 219 597 1314
753 492 227 597 1314
10097 1308 211 597 1314
135 619 225 598 1315
10077 1306 214 598 1315
753 493 227 598 1315
135 620 227 599 1316
10093 1318 208 599 1316
10077 1307 210 599 1316
753 494 225 599 1316
10097 1310 216 599 1316
135 621 228 600 1317
62 557 226 600 1317
753 495 223 600 1317
10097 1311 211 600 1317
135 622 227 601 1318
62 558 226 601 1318
753 496 223 601 1318
62 559 233 602 1319
10077 1310 212 602 1319
753 497 227 602 1319
10097 1313 210 602 1319
135 624 225 603 1320
62 560 227 603 1320
753 498 231 603 1320
135 625 231 604 1321
62 561 221 604 1321
10077 1312 209 604 1321
753 499 231 604 1321
10097 1315 212 604 1321
10077 1313 211 605 1322
10097 1316 209 605 1322
135 627 227 606 1323
62 563 232 606 1323
10093 1325 207 606 1323
10077 1314 212 606 1323
753 501 221 606 1323
10097 1317 208 606 1323
62 564 233 607 1324
10093 1326 208 607 1324
10077 1315 209 607 1324
10097 1318 211 607 1324
135 629 227 608 1325
62 565 230 608 1325
10077 1316 213 608 1325
753 503 222 608 1325
10097 1319 210 608 1325
62 566 231 609 1326
10077 1317 210 609 1326
753 504 227 609 1326
135 631 225 609 1326
62 567 229 610 1327
10077 1318 212 610 1327
753 505 227 610 1327
10077 1319 214 611 1328
753 506 225 611 1328
62 571 231 614 1331
10077 1322 214 614 1331
753 509 221 614 1331
135 636 223 614 1331
62 572 227 615 1332
10077 1323 214 615 1332
62 573 223 616 1333
10077 1324 212 616 1333
753 511 224 616 1333
10097 1327 212 616 1333
62 574 229 617 1334
10077 1325 215 617 1334
10097 1328 213 617 1334
135 639 227 618 1335
62 575 235 618 1335
10077 1326 217 618 1335
10097 1329 212 618 1335
135 640 221 618 1335
10077 1327 209 619 1336
10097 1330 208 619 1336
135 641 225 619 1336
62 577 227 620 1337
10077 1328 219 620 1337
135 642 226 620 1337
62 578 235 621 1338
10077 1329 216 621 1338
10097 1332 208 621 1338
62 579 241 622 1339
10077 1330 209 622 1339
10097 1333 215 622 1339
62 580 227 623 1340
258 651 231 623 1340
10097 1334 208 623 1340
62 581 228 624 1341
10077 1332 210 624 1341
753 519 223 624 1341
10097 1335 209 624 1341
62 582 235 625 1342
10093 1344 209 625 1342
753 520 221 625 1342
10097 1336 211 625 1342
135 647 224 625 1342
62 583 224 626 1343
10077 1334 210 626 1343
10097 1337 213 626 1343
135 648 223 626 1343
62 584 224 627 1344
146 564 222 627 1344
10077 1335 209 627 1344
135 649 229 627 1344
62 585 226 628 1345
10077 1336 209 628 1345
62 586 230 629 1346
10077 1337 208 629 1346
753 524 222 629 1346
10097 1340 210 629 1346
135 651 221 629 1346
62 587 225 630 1347
10097 1341 212 630 1347
135 652 229 630 1347
10093 1350 210 631 1348
753 526 230 631 1348
10097 1342 216 631 1348
135 653 227 631 1348
753 527 227 632 1349
10097 1343 217 632 1349
135 654 230 632 1349
62 590 221 633 1350
10077 1341 209 633 1350
753 528 226 633 1350
10097 1344 219 633 1350
135 655 228 633 1350
10093 1353 211 634 1351
10077 1342 217 634 1351
753 529 225 634 1351
135 656 223 634 1351
10097 1345 213 634 1351
62 592 225 635 1352
10093 1354 211 635 1352
10077 1343 217 635 1352
753 530 224 635 1352
10097 1346 212 635 1352
62 593 238 636 1353
10093 1355 211 636 1353
10077 1344 210 636 1353
135 658 224 636 1353
62 594 239 637 1354
10093 1356 211 637 1354
10077 1345 210 637 1354
753 532 222 637 1354
10097 1348 209 637 1354
135 659 226 637 1354
62 595 241 638 1355
10093 1357 210 638 1355
10077 1346 213 638 1355
753 533 228 638 1355
10097 1349 209 638 1355
135 660 228 638 1355
62 596 237 639 1356
10093 1358 211 639 1356
753 534 225 639 1356
10097 1350 212 639 1356
135 661 231 639 1356
62 597 233 640 1357
10077 1348 209 640 1357
753 535 222 640 1357
10097 1351 215 640 1357
135 662 229 640 1357
62 598 239 641 1358
10093 1360 208 641 1358
10077 1349 209 641 1358
753 536 223 641 1358
10097 1352 216 641 1358
135 663 232 641 1358
62 599 240 642 1359
753 537 227 642 1359
135 664 233 642 1359
10097 1353 213 642 1359
62 600 234 643 1360
10093 1362 209 643 1360
10077 1351 209 643 1360
753 538 225 643 1360
10097 1354 212 643 1360
135 665 229 643 1360
62 601 241 644 1361
10093 1363 210 644 1361
10077 1352 209 644 1361
753 539 225 644 1361
135 666 223 644 1361
62 602 231 645 1362
753 540 223 645 1362
10097 1356 212 645 1362
135 667 233 645 1362
62 603 228 646 1363
753 541 225 646 1363
10097 1357 212 646 1363
135 668 229 646 1363
62 604 224 647 1364
753 542 225 647 1364
135 669 223 647 1364
10077 1356 211 648 1365
135 670 241 648 1365
10031 1369 209 648 1365
62 606 231 649 1366
10093 1368 209 649 1366
10097 1360 219 649 1366
135 671 235 649 1366
62 607 239 650 1367
10093 1369 210 650 1367
10077 1358 212 650 1367
10097 1361 221 650 1367
135 672 225 650 1367
62 608 231 651 1368
10097 1362 209 651 1368
135 673 234 651 1368
62 609 233 652 1369
10097 1363 209 652 1369
135 674 224 652 1369
10093 1372 209 653 1370
10077 1361 212 653 1370
62 611 231 654 1371
10097 1365 212 654 1371
135 676 242 654 1371
10093 1374 209 655 1372
135 677 229 655 1372
62 613 237 656 1373
10093 1375 208 656 1373
10097 1367 211 656 1373
135 678 222 656 1373
62 614 238 657 1374
10093 1376 210 657 1374
10077 1365 209 657 1374
10097 1368 215 657 1374
10031 1378 209 657 1374
10093 1377 220 658 1375
10004 1372 211 658 1375
10031 1379 227 658 1375
62 616 221 659 1376
10173 1372 219 659 1376
132 652 225 659 1376
10076 1373 208 659 1376
135 681 225 659 1376
10055 1377 212 660 1377
10018 704 212 660 1377
62 617 231 660 1377
10140 1373 216 660 1377
10158 1372 208 660 1377
711 26 223 660 1377
10106 1375 226 660 1377
10040 1372 212 660 1377
10018 705 211 661 1378
10140 1374 211 661 1378
10106 1376 218 661 1378
753 556 221 661 1378
135 683 233 661 1378
10078 1378 209 662 1379
10098 1376 209 662 1379
62 619 221 662 1379
723 675 239 662 1379
120 184 223 662 1379
369 684 221 662 1379
135 684 225 662 1379
201 854 225 662 1379
10078 1379 211 663 1380
10098 1377 217 663 1380
62 620 230 663 1380
10140 1376 212 663 1380
10158 1375 210 663 1380
10173 1376 209 663 1380
10106 1378 219 663 1380
10004 1377 217 663 1380
10076 1377 235 663 1380
135 685 227 663 1380
10055 1381 223 664 1381
10018 708 208 664 1381
10106 1379 215 664 1381
135 686 227 664 1381
10085 1384 208 665 1382
10154 1377 220 666 1383
135 688 224 666 1383
10025 1385 209 667 1384
10129 1381 211 667 1384
135 689 225 667 1384
10032 1387 208 669 1386
10027 1388 210 671 1388
10094 1388 232 671 1388
10069 1387 210 672 1389
681 621 221 672 1389
10027 1389 228 672 1389
10064 1389 229 672 1389
10094 1389 213 672 1389
10071 1392 216 673 1390
10026 1393 216 674 1391
10026 1394 219 675 1392
10026 1395 209 676 1393
10026 1396 221 677 1394
10026 1397 211 678 1395
10026 1398 219 679 1396
10026 1399 220 680 1397
10026 1400 210 681 1398
10026 1401 211 682 1399
10026 1403 221 684 1401
10026 1405 215 686 1403
10026 1406 219 687 1404
10026 1407 219 688 1405
10026 1408 227 689 1406
10026 1409 216 690 1407
10026 1410 212 691 1408
10026 1411 213 692 1409
10026 1412 215 693 1410
10026 1413 213 694 1411
10026 1414 214 695 1412
10026 1415 214 696 1413
10026 1416 213 697 1414
10026 1417 214 698 1415
10026 1418 214 699 1416
10026 1419 214 700 1417
10026 1420 221 701 1418
10026 1421 221 702 1419
10026 1422 221 703 1420
10026 1423 221 704 1421
10026 1424 222 705 1422
10026 1425 221 706 1423
10026 1426 222 707 1424
10026 1427 222 708 1425
10026 1428 222 709 1426
10026 1429 222 710 1427
10026 1430 222 711 1428
10026 1431 223 712 1429
10026 1432 221 713 1430
10026 1433 222 714 1431
10026 1434 222 715 1432
10026 1435 222 716 1433
10026 1436 220 717 1434
10026 1437 221 718 1435
10026 1438 222 719 1436
10026 1439 222 720 1437
10026 1440 223 721 1438
10026 1441 223 722 1439
10026 1442 220 723 1440
10026 1443 219 724 1441
10026 1444 221 725 1442
10026 1445 223 726 1443
10026 1446 221 727 1444
10026 1447 221 728 1445
10026 1448 222 729 1446
10026 1449 222 730 1447
10026 1450 221 731 1448
10026 1451 221 732 1449
10026 1452 221 733 1450
10026 1453 220 734 1451
10026 1454 221 735 1452
10026 1455 222 736 1453
10026 1456 221 737 1454
10026 1457 221 738 1455
10026 1458 221 739 1456
10026 1459 221 740 1457
10026 1460 221 741 1458
10026 1461 220 742 1459
10026 1462 220 743 1460
10026 1463 217 744 1461
10026 1464 218 745 1462
10026 1465 219 746 1463
10026 1466 219 747 1464
10026 1467 210 748 1465
10026 1468 217 749 1466
10026 1469 219 750 1467
10026 1470 221 751 1468
10026 1471 218 752 1469
10026 1472 221 753 1470
10026 1473 219 754 1471
10026 1474 215 755 1472
10026 1475 219 756 1473
10026 1476 217 757 1474
10026 1477 218 758 1475
10026 1478 219 759 1476
10026 1479 218 760 1477
10026 1480 218 761 1478
10026 1481 219 762 1479
10026 1482 218 763 1480
10026 1483 219 764 1481
10026 1484 219 765 1482
10026 1485 218 766 1483
10026 1486 218 767 1484
10026 1487 217 768 1485
10026 1488 219 769 1486
10026 1489 218 770 1487
10026 1490 219 771 1488
10026 1491 218 772 1489
10026 1492 217 773 1490
10026 1493 217 774 1491
10026 1494 214 775 1492
10026 1495 221 776 1493
10026 1496 220 777 1494
10026 1497 218 778 1495
10026 1498 214 779 1496
10026 1499 219 780 1497
10026 1500 222 781 1498
10026 1501 221 782 1499
10026 1502 220 783 1500
10026 1503 219 784 1501
10026 1504 219 785 1502
10026 1505 217 786 1503
10026 1506 221 787 1504
10026 1507 213 788 1505
10026 1509 221 790 1507
10026 1510 214 791 1508
10026 1511 220 792 1509
10026 1512 219 793 1510
10026 1513 216 794 1511
10026 1514 216 795 1512
10026 1515 211 796 1513
10026 1517 210 798 1515
10026 1518 216 799 1516
10026 1519 212 800 1517
10026 1520 219 801 1518
10026 1521 213 802 1519
10026 1522 217 803 1520
10026 1523 219 804 1521
10026 1524 221 805 1522
10026 1525 219 806 1523
10026 1526 221 807 1524
10026 1527 219 808 1525
10026 1528 221 809 1526
10026 1529 219 810 1527
10026 1530 220 811 1528
10026 1531 221 812 1529
10026 1532 220 813 1530
10026 1533 217 814 1531
10026 1534 219 815 1532
10026 1535 213 816 1533
10026 1536 215 817 1534
10026 1537 213 818 1535
10026 1538 214 819 1536
10026 1539 214 820 1537
10026 1540 207 821 1538
10026 1541 209 822 1539
10026 1542 210 823 1540
10026 1543 210 824 1541
10026 1544 210 825 1542
10026 1545 210 826 1543
10026 1546 213 827 1544
10026 1547 214 828 1545
10026 1548 217 829 1546
10026 1549 214 830 1547
10026 1550 216 831 1548
10026 1551 215 832 1549
10026 1552 217 833 1550
10026 1553 216 834 1551
10026 1554 217 835 1552
10026 1555 215 836 1553
10026 1556 215 837 1554
10026 1557 214 838 1555
10026 1558 215 839 1556
10026 1559 221 840 1557
10026 1560 221 841 1558
10026 1561 223 842 1559
10026 1562 222 843 1560
10026 1563 222 844 1561
10026 1564 223 845 1562
10026 1565 221 846 1563
10026 1566 224 847 1564
415 15 224 847 1564
10026 1567 212 848 1565
10026 1570 225 851 1568
10026 1571 213 852 1569
10026 1572 216 853 1570
10026 1573 219 854 1571
10026 1574 222 855 1572
10026 1575 219 856 1573
10026 1576 222 857 1574
10026 1577 222 858 1575
10026 1578 220 859 1576
10026 1579 214 860 1577
10026 1580 216 861 1578
10026 1581 211 862 1579
10026 1582 218 863 1580
10026 1583 220 864 1581
10026 1584 219 865 1582
10026 1585 219 866 1583
10026 1586 219 867 1584
10026 1587 219 868 1585
10026 1588 218 869 1586
10026 1589 216 870 1587
10026 1590 212 871 1588
10026 1591 216 872 1589
10026 1592 216 873 1590
10026 1593 215 874 1591
10026 1594 217 875 1592
10026 1595 217 876 1593
10026 1596 216 877 1594
10026 1597 215 878 1595
10026 1598 216 879 1596
10026 1599 218 880 1597
10026 1600 215 881 1598
10026 1601 213 882 1599
10026 1602 212 883 1600
10026 1603 217 884 1601
10026 1604 216 885 1602
10026 1605 214 886 1603
10026 1606 216 887 1604
10026 1607 218 888 1605
10026 1608 212 889 1606
10026 1609 210 890 1607
10026 1610 213 891 1608
10026 1611 219 892 1609
10026 1612 216 893 1610
10026 1613 213 894 1611
10026 1614 217 895 1612
10026 1616 220 897 1614
10026 1617 213 898 1615
10026 1618 214 899 1616
10026 1619 212 900 1617
10026 1621 237 902 1619
10026 1624 228 905 1622
10071 1625 208 906 1623
55 928 225 906 1623
231 343 222 906 1623
10071 1627 209 908 1625
311 1 237 908 1625
311 2 241 909 1626
415 6 238 909 1626
10026 1628 227 909 1626
415 7 231 910 1627
10026 1629 223 910 1627
10026 1630 211 911 1628
10026 1631 220 912 1629
10083 1631 209 914 1631
10046 1630 210 914 1631
10090 1631 214 914 1631
10091 1630 212 914 1631
10070 1629 212 915 1632
10043 1630 214 915 1632
10043 1631 219 916 1633
10034 1639 208 918 1635
10023 1649 207 940 1657
10151 1657 207 940 1657
10043 1659 211 944 1661
10091 1660 211 944 1661
10149 1655 209 946 1663
10026 1665 223 946 1663
10026 1666 211 947 1664
648 108 222 948 1665
10026 1668 216 949 1666
648 110 241 950 1667
10026 1669 212 950 1667
10026 1670 222 951 1668
10026 1671 213 952 1669
10026 1672 218 953 1670
10026 1673 211 954 1671
10026 1674 210 955 1672
10026 1675 211 956 1673
10026 1676 208 957 1674
10026 1678 218 959 1676
10026 1679 220 960 1677
10026 1680 219 961 1678
10026 1681 220 962 1679
10026 1682 219 963 1680
10026 1683 220 964 1681
10026 1684 219 965 1682
10026 1685 211 966 1683
10026 1686 233 967 1684
10026 1687 231 968 1685
10026 1688 231 969 1686
10026 1689 236 970 1687
10026 1690 229 971 1688
10026 1691 233 972 1689
10026 1692 221 973 1690
10026 1693 231 974 1691
10026 1694 228 976 1693
10026 1695 233 977 1694
10026 1696 231 978 1695
10026 1697 231 979 1696
10026 1698 223 980 1697
10026 1699 230 981 1698
10026 1700 228 982 1699
648 142 236 982 1699
761 1002 239 982 1699
648 143 226 983 1700
761 1003 229 983 1700
10026 1702 212 984 1701
761 1004 237 984 1701
10026 1703 220 985 1702
761 1005 240 985 1702
10026 1704 212 985 1702
648 146 222 986 1703
761 1006 238 986 1703
10026 1705 209 986 1703
10026 1706 237 987 1704
10026 1707 212 988 1705
10026 1708 221 989 1706
10026 1709 220 990 1707
648 151 221 991 1708
10026 1710 212 991 1708
10026 1711 225 992 1709
10026 1712 218 993 1710
10026 1713 208 994 1711
10026 1714 215 995 1712
10026 1715 225 996 1713
10026 1717 235 998 1715
10026 1718 232 999 1716
10026 1719 228 1000 1717
10026 1720 220 1002 1719
10026 1721 223 1003 1720
10026 1722 227 1004 1721
10026 1723 213 1005 1722
10026 1724 231 1006 1723
10026 1725 227 1007 1724
10026 1726 228 1007 1724
10026 1728 208 1009 1726
10026 1729 212 1010 1727
10026 1730 219 1011 1728
10026 1731 220 1012 1729
10026 1732 219 1013 1730
10026 1733 210 1014 1731
10026 1734 217 1015 1732
10026 1735 221 1016 1733
10026 1736 227 1017 1734
10026 1737 228 1018 1735
10026 1738 234 1019 1736
10026 1739 222 1020 1737
10026 1740 225 1021 1738
10026 1741 230 1022 1739
10026 1742 230 1023 1740
10026 1743 235 1024 1741
10026 1744 231 1025 1742
10026 1745 222 1026 1743
10026 1746 215 1027 1744
10026 1747 237 1028 1745
10026 1748 233 1029 1746
10026 1749 233 1030 1747
10026 1750 227 1031 1748
10026 1751 229 1032 1749
10026 1752 219 1033 1750
10026 1753 219 1034 1751
10026 1754 218 1035 1752
10026 1755 210 1036 1753
10026 1756 218 1037 1754
10026 1758 216 1039 1756
10026 1759 225 1040 1757
10026 1760 229 1041 1758
10026 1761 219 1042 1759
10026 1762 225 1043 1760
10026 1763 223 1044 1761
10026 1764 225 1045 1762
10026 1767 211 1049 1766
10026 1768 213 1050 1767
761 1069 223 1050 1767
10026 1769 210 1050 1767
10026 1770 212 1052 1769
10026 1771 212 1052 1769
10026 1772 209 1053 1770
648 214 226 1054 1771
10026 1775 219 1057 1774
10026 1777 207 1059 1776
10026 1780 212 1062 1779
10026 1782 210 1064 1781
10026 1783 209 1065 1782
10026 1785 217 1067 1784
10026 1786 211 1068 1785
10026 1787 216 1069 1786
10026 1788 211 1070 1787
10026 1789 210 1071 1788
10026 1790 210 1072 1789
10026 1791 210 1073 1790
10026 1792 209 1074 1791
10026 1793 210 1075 1792
10026 1794 209 1075 1792
10026 1795 209 1076 1793
10026 1798 209 1079 1796
10026 1800 208 1082 1799
10026 1801 209 1083 1800
175 1053 223 1083 1800
10026 1802 217 1084 1801
175 1054 236 1084 1801
10026 1803 216 1084 1801
175 1055 221 1085 1802
10026 1804 221 1085 1802
175 1056 231 1086 1803
10026 1805 216 1086 1803
10026 1806 219 1087 1804
175 1058 221 1088 1805
10026 1807 209 1088 1805
175 1059 225 1089 1806
10026 1808 212 1089 1806
175 1060 225 1090 1807
10026 1809 216 1090 1807
10026 1810 218 1092 1809
10026 1811 223 1093 1810
175 1063 235 1093 1810
10026 1812 213 1094 1811
10026 1813 218 1095 1812
10026 1814 216 1096 1813
10026 1816 210 1097 1814
10026 1817 212 1098 1815
10026 1818 212 1099 1816
10026 1820 221 1101 1818
10026 1821 219 1102 1819
10026 1822 210 1104 1821
10026 1823 209 1104 1821
10026 1824 209 1105 1822
10026 1825 209 1106 1823
10026 1826 208 1107 1824
10026 1831 207 1112 1829
10026 1834 209 1115 1832
10026 1836 219 1117 1834
10026 1837 216 1118 1835
10026 1838 219 1119 1836
10026 1839 209 1120 1837
10026 1840 218 1121 1838
10026 1841 218 1122 1839
10026 1842 211 1123 1840
10026 1843 214 1124 1841
10026 1851 208 1132 1849
10026 1852 209 1133 1850
10026 1853 215 1134 1851
10026 1854 219 1135 1852
10026 1855 212 1136 1853
10026 1856 233 1137 1854
10026 1857 225 1138 1855
10026 1858 217 1139 1856
10026 1859 235 1140 1857
10026 1860 221 1141 1858
10026 1861 226 1142 1859
10026 1862 237 1143 1860
10026 1863 224 1144 1861
10026 1864 217 1145 1862
10026 1865 221 1146 1863
10026 1866 234 1147 1864
10026 1867 233 1148 1865
10026 1868 224 1149 1866
10026 1869 216 1150 1867
10026 1870 224 1151 1868
10026 1871 231 1152 1869
10026 1872 231 1153 1870
10026 1873 237 1154 1871
10026 1874 227 1155 1872
10026 1875 227 1156 1873
10026 1876 234 1157 1874
10026 1877 235 1158 1875
293 1172 231 1159 1876
10026 1878 233 1159 1876
293 1173 225 1160 1877
10026 1879 222 1160 1877
293 1174 223 1161 1878
10026 1880 215 1161 1878
513 1178 221 1161 1878
293 1175 225 1162 1879
10026 1881 211 1162 1879
293 1176 226 1163 1880
10026 1882 221 1163 1880
293 1177 237 1164 1881
10026 1883 222 1164 1881
293 1178 237 1165 1882
10026 1884 228 1165 1882
293 1179 227 1166 1883
10026 1885 225 1166 1883
293 1180 231 1167 1884
10026 1886 226 1167 1884
293 1181 226 1168 1885
10026 1887 232 1168 1885
10026 1888 231 1169 1886
293 1183 226 1170 1887
10026 1889 221 1170 1887
293 1184 221 1171 1888
10026 1890 216 1171 1888
10026 1891 233 1172 1889
10026 1892 235 1173 1890
10026 1893 233 1174 1891
293 1188 225 1175 1892
10026 1894 235 1175 1892
293 1189 228 1176 1893
10026 1895 234 1176 1893
293 1190 231 1177 1894
10026 1896 232 1177 1894
10026 1897 224 1178 1895
293 1192 221 1179 1896
10026 1898 223 1179 1896
10026 1899 231 1180 1897
10026 1900 225 1181 1898
10026 1901 231 1182 1899
513 1200 222 1183 1900
10026 1902 228 1183 1900
147 1216 230 1184 1901
10026 1903 228 1184 1901
10026 1904 223 1185 1902
513 1202 222 1185 1902
