10152 694 217 0 692
10151 691 209 0 692
10022 694 217 0 692
10017 689 210 0 692
598 1 223 0 692
10152 695 210 1 693
10151 692 221 1 693
10022 695 213 1 693
10017 690 220 1 693
172 1 232 1 693
598 2 232 1 693
10152 696 212 2 694
10151 693 225 2 694
733 1 226 2 694
133 10 222 2 694
10041 692 210 2 694
41 1 232 2 694
172 2 233 2 694
598 3 223 2 694
10152 697 217 3 695
10151 694 226 3 695
733 2 222 3 695
10034 698 213 3 695
10017 692 212 3 695
10042 696 209 3 695
598 4 227 3 695
10152 698 213 4 696
10151 695 219 4 696
733 3 235 4 696
10022 698 214 4 696
41 3 221 4 696
172 4 234 4 696
10017 693 223 4 696
10042 697 209 4 696
598 5 231 4 696
10152 699 216 5 697
448 5 241 5 697
10151 696 219 5 697
733 4 236 5 697
133 13 221 5 697
10022 699 222 5 697
10034 700 209 5 697
41 4 230 5 697
172 5 238 5 697
10017 694 212 5 697
10042 698 211 5 697
598 6 241 5 697
10008 696 209 5 697
448 6 221 6 698
10151 697 218 6 698
133 14 223 6 698
733 5 225 6 698
10022 700 223 6 698
10017 695 212 6 698
172 6 239 6 698
598 7 237 6 698
10008 697 208 6 698
10152 701 212 7 699
448 7 227 7 699
10151 698 214 7 699
733 6 233 7 699
10022 701 219 7 699
41 6 233 7 699
10017 696 223 7 699
172 7 238 7 699
598 8 233 7 699
10152 702 217 8 700
448 8 225 8 700
10151 699 211 8 700
733 7 226 8 700
133 16 229 8 700
10022 702 218 8 700
10017 697 219 8 700
172 8 234 8 700
598 9 232 8 700
10152 703 218 8 700
10151 700 223 9 701
733 8 233 9 701
10022 703 212 9 701
10034 704 215 9 701
10041 699 210 9 701
41 8 222 9 701
10017 698 217 9 701
172 9 223 9 701
10042 702 208 9 701
598 10 235 9 701
10152 704 210 9 701
448 10 224 10 702
10151 701 224 10 702
733 9 225 10 702
10017 699 221 10 702
10042 703 210 10 702
598 11 227 10 702
10151 702 214 11 703
10022 705 210 11 703
733 10 224 11 703
10034 706 210 11 703
41 10 227 11 703
10017 700 217 11 703
10042 704 210 11 703
448 12 231 11 703
10152 706 215 11 703
10151 703 221 12 704
733 11 229 12 704
10022 706 216 12 704
10034 707 213 12 704
10017 701 216 12 704
448 13 221 12 704
10152 707 214 12 704
10151 704 216 13 705
733 12 221 13 705
10022 707 210 13 705
10034 708 211 13 705
10017 702 221 13 705
172 13 232 13 705
10042 706 208 13 705
10152 708 214 13 705
10022 708 216 14 706
10017 703 219 14 706
10022 709 216 15 707
10017 704 219 15 707
10151 707 209 16 708
10022 710 217 16 708
10017 705 221 16 708
172 16 223 16 708
10022 711 208 17 709
10017 706 219 17 709
10152 712 208 17 709
10022 712 208 18 710
10017 707 221 18 710
10022 713 209 19 711
10017 708 221 19 711
10022 714 211 20 712
10017 709 219 20 712
429 47 229 21 713
10151 712 213 21 713
10022 715 213 21 713
10017 710 220 21 713
10022 716 215 22 714
10017 711 220 22 714
598 23 226 22 714
10152 717 212 22 714
448 23 238 22 714
10151 714 216 23 715
10022 717 217 23 715
10017 712 218 23 715
598 24 221 23 715
10152 718 209 23 715
448 24 239 23 715
10151 715 210 24 716
10022 718 208 24 716
172 24 222 24 716
10017 713 213 24 716
10152 719 214 24 716
10151 716 210 25 717
10017 714 213 25 717
448 26 237 25 717
10151 717 211 26 718
10017 715 221 26 718
448 27 223 26 718
10151 718 217 27 719
10022 721 209 27 719
10041 717 208 27 719
10017 716 217 27 719
598 28 221 27 719
448 28 226 27 719
10152 722 215 27 719
10151 719 213 28 720
10022 722 211 28 720
10017 717 222 28 720
172 28 221 28 720
448 29 223 28 720
10151 720 213 29 721
10022 723 208 29 721
41 28 226 29 721
172 29 222 29 721
10017 718 214 29 721
448 30 222 29 721
10152 724 208 29 721
172 30 230 30 722
10017 719 216 30 722
10152 725 211 30 722
10151 722 208 31 723
10022 725 209 31 723
172 31 229 31 723
448 32 221 31 723
10151 723 221 32 724
448 33 223 32 724
172 33 226 33 725
10017 722 219 33 725
448 34 228 33 725
10151 725 213 34 726
10017 723 220 34 726
10151 726 223 35 727
133 43 221 35 727
10034 730 209 35 727
10041 725 210 35 727
41 34 235 35 727
172 35 221 35 727
10017 724 215 35 727
448 36 221 35 727
10152 730 212 35 727
10151 727 214 36 728
41 35 224 36 728
10017 725 225 36 728
448 37 225 36 728
10017 726 210 37 729
10022 732 210 38 730
10017 727 212 38 730
10151 730 215 39 731
41 38 221 39 731
10017 728 210 39 731
448 40 226 39 731
10152 734 209 40 732
10151 731 209 40 732
10022 734 209 40 732
10017 729 213 40 732
10151 732 230 41 733
10022 735 212 41 733
10017 730 214 41 733
448 42 222 41 733
10152 736 208 42 734
10151 733 219 42 734
10151 734 210 43 735
10017 732 212 43 735
41 43 225 44 736
10151 736 210 45 737
41 44 228 45 737
10017 734 212 45 737
41 45 229 46 738
10017 735 211 46 738
448 47 231 46 738
10151 738 217 47 739
10022 741 219 47 739
10034 742 210 47 739
41 46 223 47 739
10017 736 223 47 739
598 48 227 47 739
448 48 234 47 739
10152 742 210 48 740
10151 739 226 48 740
10022 742 214 48 740
10034 743 211 48 740
10017 737 220 48 740
448 49 239 48 740
10152 743 209 49 741
10151 740 226 49 741
10022 743 217 49 741
10034 744 210 49 741
10041 739 208 49 741
41 48 225 49 741
10017 738 219 49 741
448 50 239 49 741
10152 744 210 50 742
10151 741 229 50 742
10034 745 209 50 742
10017 739 220 50 742
448 51 225 50 742
10152 745 209 51 743
10151 742 225 51 743
10022 745 211 51 743
10034 746 211 51 743
41 50 226 51 743
10017 740 219 51 743
598 52 224 51 743
448 52 233 51 743
10152 746 213 52 744
10151 743 219 52 744
10022 746 220 52 744
10034 747 209 52 744
41 51 225 52 744
10017 741 220 52 744
598 53 225 52 744
448 53 243 52 744
10152 747 215 53 745
10151 744 223 53 745
10022 747 220 53 745
10034 748 208 53 745
41 52 226 53 745
10017 742 221 53 745
448 54 242 53 745
10152 748 211 54 746
10151 745 225 54 746
10022 748 217 54 746
10017 743 219 54 746
598 55 221 54 746
448 55 227 54 746
10152 749 213 55 747
10151 746 224 55 747
10022 749 217 55 747
10034 750 208 55 747
41 54 222 55 747
10017 744 221 55 747
598 56 224 55 747
448 56 231 55 747
10152 750 212 56 748
10151 747 226 56 748
10022 750 214 56 748
10034 751 208 56 748
10041 746 211 56 748
10017 745 220 56 748
598 57 226 56 748
448 57 239 56 748
10152 751 211 56 748
10151 748 224 57 749
10022 751 214 57 749
10034 752 210 57 749
10041 747 211 57 749
10017 746 220 57 749
598 58 227 57 749
448 58 236 57 749
10152 752 208 57 749
10151 749 221 58 750
10022 752 219 58 750
88 25 225 58 750
41 57 243 58 750
10017 747 217 58 750
598 59 223 58 750
10042 751 209 58 750
448 59 241 58 750
10152 753 218 58 750
10151 750 223 59 751
41 58 243 59 751
10017 748 219 59 751
448 60 240 59 751
10152 754 217 59 751
10151 751 227 60 752
41 59 241 60 752
10017 749 219 60 752
598 61 221 60 752
448 61 233 60 752
10152 755 219 60 752
10151 752 228 61 753
10022 755 218 61 753
41 60 241 61 753
10017 750 216 61 753
448 62 224 61 753
10152 756 209 61 753
10151 753 223 62 754
10022 756 219 62 754
41 61 243 62 754
10017 751 209 62 754
10152 757 212 62 754
10151 754 223 63 755
10022 757 218 63 755
41 62 235 63 755
598 64 225 63 755
448 64 231 63 755
10152 758 212 63 755
10151 755 221 64 756
10022 758 211 64 756
10034 759 208 64 756
10041 754 210 64 756
41 63 225 64 756
10017 753 213 64 756
598 65 225 64 756
448 65 226 64 756
10152 759 210 64 756
10151 756 210 65 757
10022 759 217 65 757
10034 760 208 65 757
41 64 227 65 757
10017 754 210 65 757
10042 758 208 65 757
10151 757 219 66 758
10022 760 221 66 758
10034 761 209 66 758
41 65 223 66 758
10017 755 213 66 758
10042 759 218 66 758
448 67 225 66 758
10152 761 218 66 758
197 68 221 67 759
10151 758 225 67 759
10022 761 212 67 759
10034 762 209 67 759
41 66 233 67 759
611 53 221 67 759
598 68 229 67 759
448 68 227 67 759
10152 762 209 67 759
10022 762 216 68 760
10034 763 209 68 760
41 67 243 68 760
10017 757 211 68 760
10152 763 209 69 761
10151 760 219 69 761
10022 763 209 69 761
41 68 235 69 761
10017 758 213 69 761
448 70 221 69 761
10152 764 210 70 762
10151 761 213 70 762
10022 764 211 70 762
41 69 237 70 762
448 71 227 70 762
10151 762 209 71 763
10022 765 216 71 763
41 70 244 71 763
448 72 231 71 763
10151 763 211 72 764
10022 766 215 72 764
41 71 236 72 764
10017 761 217 72 764
448 73 233 72 764
10152 767 212 73 765
10151 764 222 73 765
41 72 242 73 765
10017 762 218 73 765
448 74 243 73 765
10152 768 210 73 765
10151 765 223 74 766
10022 768 215 74 766
41 73 247 74 766
598 75 223 74 766
10017 763 216 74 766
448 75 225 74 766
10152 769 219 75 767
10151 766 222 75 767
10022 769 212 75 767
10034 770 210 75 767
41 74 244 75 767
10017 764 213 75 767
10042 768 209 75 767
448 76 233 75 767
10152 770 208 76 768
10151 767 227 76 768
10022 770 213 76 768
41 75 245 76 768
10041 766 211 76 768
10017 765 212 76 768
10042 769 208 76 768
448 77 226 76 768
10151 768 221 77 769
41 76 243 77 769
10017 766 212 77 769
448 78 233 77 769
10151 769 222 78 770
10034 773 210 78 770
598 79 233 78 770
10017 767 213 78 770
10042 771 208 78 770
448 79 235 78 770
10151 770 225 79 771
10022 773 211 79 771
10034 774 209 79 771
41 78 235 79 771
611 65 223 79 771
10017 768 217 79 771
448 80 238 79 771
10152 774 210 80 772
10151 771 223 80 772
10034 775 209 80 772
41 79 238 80 772
598 81 226 80 772
10017 769 217 80 772
448 81 237 80 772
10151 772 225 81 773
10022 775 210 81 773
10041 771 209 81 773
41 80 245 81 773
598 82 223 81 773
10017 770 215 81 773
448 82 231 81 773
10151 773 220 82 774
10022 776 210 82 774
41 81 225 82 774
598 83 226 82 774
10017 771 226 82 774
448 83 230 82 774
10152 777 213 83 775
10151 774 233 83 775
10022 777 218 83 775
70 85 221 83 775
41 82 243 83 775
411 83 221 83 775
10017 772 225 83 775
448 84 231 83 775
10152 778 216 84 776
451 86 223 84 776
10151 775 225 84 776
10022 778 214 84 776
611 70 223 84 776
10017 773 219 84 776
598 85 224 84 776
172 84 223 84 776
10042 777 209 84 776
10008 775 210 84 776
10152 779 220 85 777
11 82 225 85 777
10151 776 229 85 777
10022 779 211 85 777
133 93 237 85 777
41 84 229 85 777
611 71 223 85 777
10017 774 225 85 777
172 85 227 85 777
448 86 223 85 777
10152 780 219 86 778
11 83 221 86 778
10082 776 211 86 778
10028 778 210 86 778
10041 776 208 86 778
10019 779 221 86 778
10045 780 209 87 779
10049 780 216 87 779
10021 777 209 87 779
272 90 236 87 779
10066 780 214 87 779
10072 781 223 87 779
10082 777 214 87 779
10028 779 219 87 779
302 90 221 87 779
327 121 221 87 779
598 88 247 87 779
217 89 225 87 779
10035 780 217 88 780
598 89 221 88 780
217 90 226 88 780
10172 775 210 89 781
177 90 223 89 781
397 56 223 89 781
573 88 235 89 781
598 90 247 89 781
217 91 221 89 781
771 86 221 90 782
80 92 231 90 782
598 91 239 90 782
10060 778 210 90 782
309 79 224 90 782
10043 780 218 91 783
110 80 235 91 783
147 98 222 91 783
30 92 226 91 783
10091 781 226 91 783
598 92 223 91 783
309 80 227 91 783
10164 578 219 92 784
598 93 235 92 784
309 81 224 92 784
385 54 227 93 785
10123 779 213 93 785
322 79 237 93 785
597 95 233 93 785
10163 787 212 93 785
10062 782 212 93 785
618 94 229 93 785
598 94 225 93 785
10128 779 208 93 785
542 59 221 94 786
10068 790 215 94 786
385 55 224 94 786
688 90 223 94 786
397 61 234 94 786
10050 789 209 94 786
10065 788 210 94 786
598 95 227 94 786
555 84 226 94 786
4 83 235 94 786
10101 779 217 94 786
10141 778 229 94 786
304 85 222 95 787
397 62 222 95 787
262 14 227 95 787
610 20 222 95 787
725 4 224 95 787
542 61 235 95 787
598 97 226 96 788
725 5 245 96 788
169 88 235 97 789
10106 786 210 97 789
10154 782 210 97 789
725 6 233 97 789
10085 790 215 98 790
169 89 225 98 790
563 99 225 98 790
598 99 235 98 790
295 69 226 99 791
598 100 228 99 791
169 91 225 100 792
537 83 223 100 792
598 101 229 100 792
10143 785 212 100 792
169 92 233 101 793
598 102 244 101 793
28 92 224 101 793
10105 781 211 101 793
169 93 224 102 794
10112 782 215 102 794
10146 784 209 102 794
598 103 226 102 794
169 94 223 103 795
10115 789 209 103 795
10146 785 217 103 795
598 104 238 103 795
10143 788 213 103 795
169 95 226 104 796
218 61 223 104 796
598 105 222 104 796
10007 787 240 104 796
10137 785 223 104 796
379 105 226 105 797
169 96 221 105 797
452 24 221 105 797
268 101 224 105 797
15 100 225 105 797
598 106 226 105 797
502 51 227 105 797
10007 788 221 105 797
10137 786 212 106 798
379 106 227 106 798
452 25 235 106 798
769 74 238 106 798
552 101 221 106 798
502 52 235 106 798
10007 789 224 106 798
10137 787 210 106 798
769 75 234 107 799
662 104 224 107 799
611 93 221 107 799
598 108 225 107 799
57 98 224 107 799
10007 790 214 107 799
10137 788 212 107 799
57 99 221 108 800
10007 791 229 108 800
10137 789 210 108 800
379 109 226 109 801
218 66 221 109 801
57 100 221 109 801
10007 792 228 109 801
10137 790 221 109 801
729 39 221 109 801
169 101 225 110 802
769 78 223 110 802
751 61 229 110 802
598 111 223 110 802
10007 793 223 110 802
10137 791 219 110 802
169 102 231 111 803
769 79 224 111 803
751 62 225 111 803
152 108 221 111 803
218 68 222 111 803
57 102 223 111 803
10007 794 234 111 803
10137 792 219 111 803
379 112 229 111 803
169 103 224 112 804
10146 794 208 112 804
328 105 224 112 804
502 58 222 112 804
10007 795 230 112 804
729 42 237 112 804
268 109 221 112 804
169 104 250 113 805
25 78 221 113 805
769 81 223 113 805
751 64 231 113 805
598 114 227 113 805
10007 796 227 113 805
729 43 236 113 805
169 105 238 114 806
379 114 230 114 806
452 33 227 114 806
769 82 222 114 806
328 107 229 114 806
10007 797 214 114 806
729 44 224 114 806
10137 795 210 114 806
268 111 223 114 806
452 34 223 115 807
756 93 231 115 807
751 66 229 115 807
598 116 242 115 807
10007 798 223 115 807
10137 796 215 115 807
729 45 229 115 807
218 73 221 116 808
611 102 227 116 808
57 107 221 116 808
502 62 223 116 808
10007 799 229 116 808
10137 797 218 116 808
169 108 229 117 809
452 36 221 117 809
25 82 221 117 809
379 117 223 117 809
751 68 229 117 809
611 103 229 117 809
502 63 225 117 809
57 108 221 117 809
10007 800 227 117 809
10137 798 211 117 809
729 47 231 117 809
379 118 226 118 810
751 69 223 118 810
598 119 222 118 810
10007 801 223 118 810
10137 799 216 118 810
729 48 223 118 810
769 87 222 119 811
502 65 225 119 811
10007 802 219 119 811
10137 800 215 119 811
268 4 221 119 811
452 39 233 120 812
751 71 231 120 812
10007 803 223 120 812
268 5 224 120 812
729 50 221 120 812
452 40 221 121 813
379 121 228 121 813
218 78 221 121 813
598 122 223 121 813
57 112 225 121 813
10007 804 233 121 813
268 6 225 121 813
769 90 221 122 814
169 113 228 122 814
452 41 223 122 814
751 73 224 122 814
756 100 227 122 814
598 123 223 122 814
502 68 231 122 814
10007 805 225 122 814
268 7 235 122 814
729 52 228 122 814
769 91 225 123 815
452 42 231 123 815
25 88 224 123 815
611 109 221 123 815
57 114 225 123 815
502 69 225 123 815
10007 806 225 123 815
10137 804 212 123 815
729 53 225 123 815
379 124 226 124 816
452 43 227 124 816
751 75 233 124 816
218 81 223 124 816
611 110 221 124 816
57 115 223 124 816
502 70 225 124 816
10007 807 232 124 816
10137 805 211 124 816
729 54 254 124 816
751 76 225 125 817
218 82 227 125 817
756 103 225 125 817
598 126 224 125 817
10007 808 225 125 817
25 91 223 126 818
751 77 221 126 818
611 112 225 126 818
598 127 228 126 818
10007 809 219 126 818
452 46 223 127 819
25 92 225 127 819
611 113 225 127 819
57 118 221 127 819
598 128 230 127 819
502 73 228 127 819
10007 810 221 127 819
729 57 239 127 819
598 129 221 128 820
10007 811 237 128 820
10137 809 210 128 820
169 120 221 128 820
751 80 232 129 821
25 94 223 129 821
756 107 223 129 821
598 130 222 129 821
10007 812 240 129 821
10146 812 209 130 822
57 121 223 130 822
10007 813 234 130 822
10137 811 214 130 822
57 122 221 131 823
10007 814 236 131 823
10137 812 208 131 823
169 123 239 131 823
379 132 226 131 823
769 100 233 132 824
756 110 231 132 824
10146 814 212 132 824
328 125 225 132 824
57 123 229 132 824
502 78 226 132 824
10007 815 226 132 824
10137 813 211 132 824
379 133 229 132 824
769 101 236 133 825
25 98 232 133 825
756 111 225 133 825
218 90 237 133 825
611 119 231 133 825
57 124 233 133 825
502 79 237 133 825
10007 816 225 133 825
729 63 247 133 825
751 85 227 133 825
769 102 231 134 826
452 53 222 134 826
756 112 224 134 826
611 120 231 134 826
57 125 239 134 826
10007 817 223 134 826
729 64 250 134 826
379 135 227 134 826
769 103 237 135 827
452 54 233 135 827
729 65 226 135 827
751 87 221 136 828
769 104 234 136 828
756 114 223 136 828
611 122 225 136 828
598 137 224 136 828
10007 819 217 136 828
268 21 223 136 828
10137 817 224 136 828
598 138 231 137 829
10007 820 235 137 829
10137 818 217 137 829
379 138 223 137 829
769 106 221 138 830
25 103 223 138 830
729 2 252 138 830
10007 821 228 138 830
10137 819 221 138 830
379 139 224 138 830
769 107 221 139 831
25 104 223 139 831
611 125 222 139 831
729 3 246 139 831
10007 822 222 139 831
10137 820 221 139 831
769 108 226 140 832
25 105 223 140 832
452 59 227 140 832
756 118 222 140 832
57 131 225 140 832
10007 823 233 140 832
502 86 227 140 832
10137 821 221 140 832
169 132 232 140 832
751 92 223 141 833
25 106 221 141 833
452 60 227 141 833
611 127 226 141 833
598 142 232 141 833
729 5 233 141 833
10007 824 235 141 833
10137 822 210 141 833
379 142 223 142 834
598 143 235 142 834
10007 825 233 142 834
502 88 221 142 834
729 7 229 143 835
10007 826 232 143 835
169 135 227 143 835
751 95 221 144 836
598 145 223 144 836
10007 827 224 144 836
729 8 224 144 836
502 90 221 144 836
10137 825 213 144 836
169 136 236 144 836
452 64 231 145 837
268 30 226 145 837
10007 828 237 145 837
502 91 223 145 837
10137 826 212 145 837
769 114 224 146 838
756 124 221 146 838
10007 829 218 146 838
452 66 224 146 838
729 11 229 147 839
10007 830 239 147 839
169 139 230 147 839
751 99 235 148 840
598 149 223 148 840
729 12 239 148 840
10007 831 230 148 840
10137 829 218 148 840
751 100 225 149 841
729 13 225 149 841
10007 832 230 149 841
10137 830 217 149 841
169 141 221 149 841
751 101 227 150 842
611 136 225 150 842
10007 833 231 150 842
502 96 227 150 842
10137 831 213 150 842
169 142 223 150 842
756 129 221 151 843
611 137 221 151 843
218 108 229 151 843
729 15 229 151 843
268 36 221 151 843
10007 834 225 151 843
502 97 230 151 843
10137 832 219 151 843
169 143 229 151 843
452 71 231 152 844
756 130 223 152 844
218 109 226 152 844
729 16 222 152 844
268 37 221 152 844
10007 835 229 152 844
502 98 234 152 844
640 46 221 152 844
10137 833 212 152 844
218 110 223 153 845
57 144 221 153 845
729 17 222 153 845
10007 836 220 153 845
10137 834 212 153 845
169 145 225 153 845
452 73 224 153 845
25 119 223 154 846
751 105 231 154 846
10007 837 233 154 846
268 39 221 154 846
10137 835 210 154 846
452 74 225 154 846
379 155 227 154 846
751 106 226 155 847
218 112 221 155 847
729 19 222 155 847
502 101 226 155 847
10007 838 218 155 847
10137 836 220 155 847
169 147 223 155 847
379 156 225 155 847
328 149 223 156 848
611 142 221 156 848
729 20 221 156 848
502 102 224 156 848
268 41 222 156 848
10007 839 229 156 848
169 148 221 156 848
10137 837 220 156 848
379 157 233 156 848
751 108 226 157 849
756 135 225 157 849
328 150 221 157 849
10007 840 225 157 849
10137 838 215 157 849
452 77 223 157 849
379 158 221 157 849
10007 841 222 158 850
268 43 223 158 850
169 150 234 158 850
10137 839 221 158 850
379 159 221 158 850
729 23 225 159 851
10007 842 218 159 851
169 151 226 159 851
10137 840 214 159 851
10007 843 220 160 852
169 152 221 160 852
10137 841 209 160 852
729 25 225 161 853
10007 844 223 161 853
169 153 221 161 853
10137 842 217 161 853
611 148 221 162 854
729 26 230 162 854
57 153 226 162 854
502 108 226 162 854
10007 845 227 162 854
10137 843 223 162 854
452 82 231 162 854
751 114 221 163 855
769 131 223 163 855
10146 845 208 163 855
10007 846 229 163 855
169 155 231 163 855
235 40 221 163 855
57 155 221 164 856
10007 847 225 164 856
169 156 228 164 856
10137 845 211 164 856
611 151 227 165 857
10007 848 212 165 857
169 157 233 165 857
57 157 222 166 858
268 51 221 166 858
10007 849 232 166 858
10137 847 216 166 858
169 158 237 166 858
611 153 221 167 859
10007 850 229 167 859
10137 848 216 167 859
169 159 237 167 859
10007 851 223 168 860
10137 849 213 168 860
452 88 222 168 860
235 45 221 168 860
10007 852 221 169 861
10137 850 212 169 861
169 161 221 169 861
452 89 222 169 861
235 46 221 169 861
268 55 225 170 862
10007 853 218 170 862
10137 851 217 170 862
169 162 222 170 862
268 56 224 171 863
10007 854 223 171 863
10137 852 219 171 863
452 91 233 171 863
10007 855 224 172 864
10137 853 215 172 864
10007 856 222 173 865
10137 854 220 173 865
452 93 223 173 865
10007 857 227 174 866
10137 855 220 174 866
10007 858 227 175 867
10007 859 220 176 868
10137 857 210 176 868
169 168 226 176 868
10007 860 230 177 869
452 3 221 178 870
10007 861 235 178 870
169 170 221 178 870
10137 859 211 178 870
502 125 225 179 871
10007 862 229 179 871
169 171 224 179 871
10137 860 211 179 871
611 166 221 180 872
452 5 223 180 872
10007 863 214 180 872
25 146 227 180 872
328 174 234 181 873
268 66 224 181 873
10007 864 237 181 873
10137 862 212 181 873
10007 865 225 182 874
169 174 233 182 874
10137 863 214 182 874
268 68 223 183 875
10007 866 223 183 875
10137 864 210 183 875
769 152 223 183 875
611 170 226 184 876
169 176 223 184 876
10007 867 212 184 876
10137 865 221 184 876
379 185 224 184 876
756 163 223 185 877
10007 868 232 185 877
10137 866 209 185 877
218 143 223 186 878
10007 869 233 186 878
169 178 221 186 878
10137 867 218 186 878
751 138 228 186 878
379 187 222 186 878
452 12 226 187 879
57 178 223 187 879
10007 870 225 187 879
10137 868 210 187 879
769 156 223 187 879
379 188 223 187 879
756 166 227 187 879
218 145 223 188 880
452 13 228 188 880
10007 871 231 188 880
169 180 221 188 880
10137 869 210 188 880
751 140 227 188 880
379 189 221 188 880
611 175 226 189 881
729 16 233 189 881
452 14 227 189 881
10007 872 218 189 881
10137 870 217 189 881
502 135 229 189 881
769 158 225 189 881
729 17 230 190 882
10007 873 233 190 882
10137 871 211 190 882
751 142 232 190 882
769 159 226 190 882
379 191 222 190 882
328 184 223 191 883
452 16 223 191 883
10007 874 225 191 883
169 183 225 191 883
751 143 222 191 883
756 170 224 191 883
10007 875 209 192 884
379 193 239 192 884
756 171 225 192 884
452 18 223 193 885
729 1 221 193 885
10007 876 223 193 885
10137 874 212 193 885
10007 877 210 194 886
169 186 225 194 886
10137 875 214 194 886
751 146 225 194 886
756 173 225 194 886
10007 878 221 195 887
10137 876 210 195 887
751 147 226 195 887
756 174 225 195 887
10007 879 213 196 888
169 188 229 196 888
10137 877 211 196 888
751 148 221 196 888
756 175 221 196 888
25 162 222 197 889
379 197 224 197 889
10007 880 221 197 889
502 143 221 197 889
10137 878 209 197 889
756 176 224 198 890
729 4 222 198 890
611 184 222 198 890
452 23 231 198 890
10007 881 229 198 890
169 190 223 198 890
751 150 223 198 890
379 199 238 199 891
10007 882 226 199 891
169 191 229 199 891
10137 880 209 199 891
751 151 221 199 891
379 200 233 199 891
10007 883 227 200 892
169 192 227 200 892
10137 881 217 200 892
379 201 224 200 892
10007 884 210 201 893
169 193 225 201 893
10137 882 213 201 893
729 8 222 202 894
452 27 221 202 894
10007 885 224 202 894
169 194 233 202 894
10137 883 209 202 894
756 181 221 202 894
729 9 237 203 895
452 28 225 203 895
10007 886 222 203 895
169 195 223 203 895
10137 884 217 203 895
751 155 221 203 895
10007 887 229 204 896
169 196 229 204 896
10137 885 218 204 896
756 183 223 204 896
729 11 223 205 897
10007 888 221 205 897
169 197 233 205 897
10137 886 216 205 897
502 151 222 205 897
769 174 224 205 897
25 171 223 206 898
756 184 222 206 898
729 12 221 206 898
10007 889 218 206 898
169 198 231 206 898
10137 887 213 206 898
10007 890 225 207 899
502 153 221 207 899
169 199 224 207 899
729 14 229 208 900
10007 891 227 208 900
10137 889 220 208 900
169 200 233 208 900
751 160 225 208 900
729 15 223 209 901
756 187 225 209 901
10007 896 221 213 905
379 214 222 213 905
756 192 225 213 905
328 207 225 213 905
598 215 221 214 906
10007 897 221 214 906
502 160 225 214 906
10137 895 212 214 906
379 215 229 214 906
729 21 227 214 906
25 180 221 214 906
611 201 223 214 906
218 172 221 214 906
10007 898 233 215 907
502 161 229 215 907
10137 896 212 215 907
169 207 230 215 907
611 202 222 215 907
10007 899 231 216 908
169 208 240 216 908
729 23 225 216 908
218 174 228 216 908
452 42 226 216 908
10007 900 234 217 909
751 169 231 217 909
10137 898 210 217 909
169 209 233 217 909
379 218 222 217 909
729 24 221 217 909
756 196 222 217 909
218 175 227 217 909
10007 901 227 218 910
10137 899 217 218 910
751 170 222 218 910
169 210 241 218 910
379 219 225 218 910
25 184 221 218 910
756 197 223 218 910
218 176 223 218 910
452 44 227 218 910
10007 902 235 219 911
502 165 225 219 911
751 171 225 219 911
169 211 226 219 911
379 220 223 219 911
218 177 225 219 911
10007 903 236 220 912
502 166 225 220 912
10137 901 217 220 912
751 172 225 220 912
169 212 224 220 912
25 186 221 220 912
756 199 225 220 912
218 178 225 220 912
452 46 222 220 912
10007 904 231 221 913
10137 902 217 221 913
751 173 224 221 913
169 213 228 221 913
379 222 223 221 913
452 47 230 221 913
10007 905 235 222 914
10137 903 213 222 914
751 174 225 222 914
169 214 237 222 914
756 201 223 222 914
268 108 221 223 915
10007 906 227 223 915
10137 904 210 223 915
379 224 229 223 915
169 215 237 223 915
218 1 222 223 915
268 109 223 224 916
10007 907 232 224 916
10137 905 215 224 916
169 216 240 224 916
756 203 223 224 916
10007 908 231 225 917
502 171 223 225 917
10137 906 220 225 917
751 177 223 225 917
169 217 236 225 917
25 191 223 225 917
611 212 222 225 917
452 51 223 225 917
10007 909 209 226 918
10137 907 210 226 918
10007 910 223 227 919
10137 908 210 227 919
751 179 221 227 919
611 214 221 227 919
452 53 227 227 919
218 5 225 227 919
10007 911 229 228 920
10137 909 207 228 920
751 180 233 228 920
379 229 236 228 920
169 220 223 228 920
218 6 228 228 920
268 114 225 229 921
10007 912 227 229 921
10137 910 216 229 921
379 230 221 229 921
729 36 224 229 921
452 55 225 229 921
10007 913 223 230 922
502 176 222 230 922
10137 911 215 230 922
751 182 229 230 922
218 1 221 230 922
169 222 221 230 922
769 199 223 230 922
611 217 225 230 922
10007 914 225 231 923
10137 912 210 231 923
502 177 222 231 923
756 210 237 231 923
611 218 222 231 923
268 117 224 231 923
10007 915 227 232 924
169 224 225 232 924
729 39 224 232 924
756 211 223 232 924
10007 916 218 233 925
10137 914 215 233 925
502 179 224 233 925
751 185 223 233 925
169 225 225 233 925
218 4 224 233 925
729 40 225 233 925
756 212 221 233 925
10007 917 225 234 926
10137 915 219 234 926
379 235 233 234 926
218 5 224 234 926
169 226 226 234 926
729 41 221 234 926
10007 918 228 235 927
10137 916 219 235 927
218 6 225 235 927
751 187 221 235 927
169 227 227 235 927
25 201 222 235 927
756 214 221 235 927
606 194 221 235 927
268 121 221 235 927
10007 919 223 236 928
502 182 235 236 928
10137 917 209 236 928
235 113 224 236 928
25 202 233 236 928
328 230 221 236 928
268 122 235 237 929
10007 920 233 237 929
57 228 225 237 929
10137 918 215 237 929
769 206 221 237 929
25 203 226 237 929
10146 920 213 237 929
611 224 226 237 929
268 123 222 238 930
10007 921 231 238 930
10137 919 215 238 930
235 115 222 238 930
25 204 222 238 930
611 225 221 238 930
452 64 221 238 930
502 185 223 239 931
10007 922 224 239 931
57 230 225 239 931
10137 920 217 239 931
769 208 233 239 931
452 65 226 239 931
10007 923 231 240 932
379 241 223 240 932
751 192 223 240 932
585 234 221 240 932
756 219 227 240 932
606 199 225 240 932
452 66 225 240 932
10007 924 229 241 933
10137 922 212 241 933
379 242 223 241 933
169 233 221 241 933
15 237 223 241 933
218 12 221 241 933
751 193 224 241 933
769 210 221 241 933
756 220 223 241 933
729 2 223 241 933
328 235 223 241 933
10007 925 219 242 934
379 243 231 242 934
169 234 233 242 934
218 13 224 242 934
756 221 223 242 934
452 68 222 242 934
598 244 221 243 935
502 189 221 243 935
57 234 224 243 935
10007 926 213 243 935
10137 924 221 243 935
379 244 226 243 935
169 235 227 243 935
751 195 227 243 935
640 137 222 243 935
452 69 231 243 935
268 129 221 244 936
10007 927 237 244 936
379 245 231 244 936
218 15 228 244 936
751 196 231 244 936
756 223 226 244 936
611 231 226 244 936
452 70 221 244 936
10007 928 231 245 937
10137 926 221 245 937
379 246 227 245 937
218 16 227 245 937
751 197 221 245 937
25 211 223 245 937
611 232 227 245 937
729 6 222 245 937
10007 929 235 246 938
57 237 222 246 938
169 238 225 246 938
751 198 239 246 938
585 240 223 246 938
611 233 225 246 938
729 7 237 246 938
10007 930 229 247 939
169 239 237 247 939
751 199 221 247 939
611 234 221 247 939
729 8 222 247 939
10007 931 212 248 940
10137 929 223 248 940
169 240 236 248 940
218 19 230 248 940
729 9 223 248 940
10007 932 224 249 941
10137 930 225 249 941
169 241 243 249 941
379 250 221 249 941
218 20 223 249 941
25 215 223 249 941
751 201 224 249 941
611 236 223 249 941
452 75 231 249 941
268 135 222 250 942
10007 933 210 250 942
751 202 222 250 942
611 237 223 250 942
268 136 223 251 943
598 252 221 251 943
10007 934 220 251 943
10137 932 212 251 943
169 243 222 251 943
218 1 223 251 943
452 77 225 251 943
10007 935 221 252 944
10137 933 211 252 944
729 13 223 252 944
452 78 224 252 944
10007 936 216 253 945
10137 934 219 253 945
169 245 223 253 945
10007 937 213 254 946
10137 935 218 254 946
10007 938 222 255 947
10137 936 210 255 947
10007 939 213 256 948
751 208 221 256 948
729 17 222 256 948
268 142 221 257 949
10007 940 231 257 949
10137 938 210 257 949
218 7 231 257 949
268 143 227 258 950
10007 941 235 258 950
10137 939 217 258 950
751 210 224 258 950
611 245 227 258 950
10007 942 227 259 951
10007 943 230 260 952
10007 944 223 261 953
10007 945 227 262 954
10137 943 209 262 954
611 249 226 262 954
57 254 225 263 955
10007 946 233 263 955
10137 944 219 263 955
379 264 229 263 955
218 13 223 263 955
10007 947 231 264 956
10137 945 217 264 956
379 265 225 264 956
751 216 225 264 956
769 233 225 264 956
452 90 221 264 956
502 211 221 265 957
57 256 221 265 957
10007 948 224 265 957
10137 946 221 265 957
169 257 222 265 957
10007 949 214 266 958
10137 947 210 266 958
379 267 224 266 958
751 218 225 266 958
611 253 221 266 958
452 92 225 266 958
10007 950 227 267 959
10137 948 222 267 959
379 268 221 267 959
585 261 221 267 959
10007 951 218 268 960
10137 949 209 268 960
751 220 230 268 960
10007 952 225 269 961
10137 950 212 269 961
218 19 223 269 961
756 248 229 269 961
452 95 221 269 961
10007 953 223 270 962
10137 951 213 270 962
751 222 223 270 962
756 249 222 270 962
598 272 221 270 962
10007 954 226 271 963
10137 952 210 271 963
756 250 221 271 963
502 218 223 272 964
10007 955 221 272 964
10137 953 213 272 964
751 224 223 272 964
756 251 224 272 964
452 98 221 272 964
10007 956 214 273 965
10137 954 217 273 965
751 225 229 273 965
328 267 221 273 965
452 99 223 273 965
502 220 223 274 966
10007 957 225 274 966
10137 955 213 274 966
328 268 228 274 966
10007 958 225 275 967
10137 956 213 275 967
328 269 223 275 967
598 277 221 276 968
10007 959 220 276 968
169 268 233 276 968
756 255 232 276 968
598 278 222 276 968
10007 960 223 277 969
10137 958 212 277 969
379 278 229 277 969
169 269 230 277 969
756 256 231 277 969
10007 961 230 278 970
10137 959 214 278 970
169 270 227 278 970
756 257 228 278 970
452 104 225 278 970
268 164 221 279 971
10007 962 227 279 971
10137 960 210 279 971
218 29 227 279 971
169 271 221 279 971
756 258 221 279 971
502 226 223 279 971
452 105 222 279 971
10007 963 227 280 972
379 281 222 280 972
169 272 223 280 972
756 259 230 280 972
452 106 221 281 973
10007 964 227 281 973
10137 962 219 281 973
379 282 223 281 973
756 260 225 281 973
502 228 227 282 974
452 107 231 282 974
10007 965 225 282 974
10137 963 219 282 974
751 234 224 282 974
756 261 235 282 974
502 229 225 283 975
452 108 226 283 975
10007 966 219 283 975
10137 964 223 283 975
169 275 227 283 975
751 235 226 283 975
769 252 221 283 975
756 262 223 283 975
502 230 226 284 976
452 109 222 284 976
268 169 221 284 976
10007 967 223 284 976
10137 965 212 284 976
169 276 221 284 976
379 285 229 284 976
756 263 226 284 976
611 271 221 284 976
10007 968 221 285 977
10137 966 212 285 977
585 279 223 285 977
10007 969 221 286 978
10137 967 217 286 978
169 278 227 286 978
751 238 229 286 978
756 265 231 286 978
10007 970 223 287 979
169 279 223 287 979
10137 968 216 287 979
379 288 221 287 979
751 239 222 287 979
769 256 225 287 979
756 266 237 287 979
452 113 226 288 980
57 279 221 288 980
268 173 222 288 980
10007 971 225 288 980
10137 969 210 288 980
218 38 225 288 980
751 240 227 288 980
769 257 223 288 980
756 267 223 288 980
502 235 223 289 981
452 114 221 289 981
10007 972 223 289 981
169 281 222 289 981
25 255 221 289 981
611 276 224 289 981
452 115 229 290 982
10007 973 229 290 982
10137 971 212 290 982
218 40 221 290 982
611 277 221 290 982
502 237 227 291 983
452 116 222 291 983
268 176 223 291 983
10007 974 218 291 983
10137 972 209 291 983
169 283 235 291 983
218 41 222 291 983
379 292 223 291 983
10007 975 226 292 984
10137 973 209 292 984
169 284 228 292 984
751 244 222 292 984
769 261 221 292 984
756 271 223 292 984
10007 976 227 293 985
10137 974 214 293 985
751 245 224 293 985
379 294 221 293 985
585 287 221 293 985
10007 977 228 294 986
169 286 225 294 986
10137 975 216 294 986
756 273 221 294 986
268 180 223 295 987
10007 978 219 295 987
10137 976 210 295 987
169 287 224 295 987
756 274 224 295 987
452 121 222 296 988
57 287 222 296 988
598 297 221 296 988
10007 979 231 296 988
218 46 224 296 988
751 248 225 296 988
611 283 221 296 988
10007 980 219 297 989
10137 978 216 297 989
751 249 221 297 989
756 276 223 297 989
268 183 221 298 990
10007 981 224 298 990
10137 979 210 298 990
751 250 226 298 990
10007 982 219 299 991
169 291 226 299 991
10007 983 223 300 992
169 292 221 300 992
379 301 221 300 992
756 279 226 300 992
10007 984 225 301 993
10137 982 210 301 993
169 293 222 301 993
756 280 223 301 993
452 127 228 302 994
10007 985 231 302 994
10137 983 208 302 994
169 294 225 302 994
751 254 225 302 994
379 303 224 302 994
756 281 228 302 994
452 128 223 303 995
10007 986 227 303 995
10137 984 221 303 995
169 295 225 303 995
218 53 223 303 995
769 272 225 303 995
502 250 221 304 996
452 129 221 304 996
10007 987 221 304 996
10137 985 210 304 996
452 130 227 305 997
268 190 221 305 997
10007 988 212 305 997
10137 986 221 305 997
379 306 226 305 997
751 257 222 305 997
218 55 225 305 997
769 274 224 305 997
756 284 233 305 997
10007 989 231 306 998
25 272 225 306 998
10007 990 220 307 999
10137 988 210 307 999
756 286 223 307 999
10007 991 219 308 1000
10137 989 211 308 1000
611 295 223 308 1000
10007 992 225 309 1001
10137 990 210 309 1001
452 135 222 310 1002
10007 993 220 310 1002
10137 991 218 310 1002
169 302 226 310 1002
10007 994 227 311 1003
598 312 223 311 1003
10137 992 215 311 1003
169 303 235 311 1003
769 280 224 311 1003
10007 995 220 312 1004
10137 993 212 312 1004
169 304 227 312 1004
769 281 225 312 1004
611 299 221 312 1004
10007 996 221 313 1005
10007 997 225 314 1006
10137 995 219 314 1006
452 140 223 315 1007
10007 998 233 315 1007
10137 996 212 315 1007
169 307 226 315 1007
452 141 221 316 1008
10007 999 225 316 1008
10137 997 213 316 1008
169 308 243 316 1008
218 66 224 316 1008
379 317 223 316 1008
502 263 225 316 1008
10007 1000 224 317 1009
10137 998 217 317 1009
169 309 240 317 1009
769 286 221 317 1009
10007 1005 217 322 1014
218 72 221 322 1014
10137 1003 227 322 1014
25 288 222 322 1014
502 269 221 323 1015
452 148 226 323 1015
10007 1006 223 323 1015
218 73 237 323 1015
10137 1004 220 323 1015
25 289 233 323 1015
10007 1007 229 324 1016
10007 1008 228 325 1017
10137 1006 211 325 1017
57 317 229 326 1018
268 211 222 326 1018
10007 1009 235 326 1018
10137 1007 215 326 1018
379 327 227 326 1018
25 292 223 326 1018
10007 1010 229 327 1019
10137 1008 213 327 1019
10007 1011 229 328 1020
169 320 222 328 1020
756 307 241 328 1020
10007 1012 215 329 1021
10016 1013 211 329 1021
105 301 221 330 1022
598 331 227 330 1022
169 322 224 330 1022
252 41 231 330 1022
10029 1014 219 331 1023
155 322 236 331 1023
448 332 222 331 1023
169 323 232 331 1023
756 310 222 331 1023
252 42 225 331 1023
304 322 229 331 1023
466 84 223 332 1024
427 343 225 332 1024
399 328 231 332 1024
10129 1021 217 332 1024
512 311 226 332 1024
780 341 228 332 1024
10156 1019 217 333 1025
650 277 221 334 1026
667 323 224 334 1026
10031 1029 219 334 1026
247 332 233 334 1026
10004 1023 211 335 1027
10031 1030 227 335 1027
270 30 223 335 1027
10031 1031 220 336 1028
672 322 237 336 1028
404 300 228 336 1028
247 334 232 336 1028
10031 1032 231 337 1029
672 323 244 337 1029
270 32 222 337 1029
247 335 239 337 1029
719 5 241 338 1030
10031 1033 228 338 1030
10085 1031 211 338 1030
672 324 226 338 1030
404 302 223 338 1030
247 336 231 338 1030
132 306 233 338 1030
10031 1034 229 339 1031
10085 1032 211 339 1031
672 325 236 339 1031
383 334 222 339 1031
404 303 234 339 1031
247 337 244 339 1031
444 346 221 339 1031
132 307 235 339 1031
719 7 226 340 1032
10031 1035 229 340 1032
10085 1033 209 340 1032
672 326 241 340 1032
217 342 223 340 1032
383 335 225 340 1032
404 304 241 340 1032
247 338 242 340 1032
132 308 235 340 1032
589 348 226 341 1033
10031 1036 228 341 1033
672 327 230 341 1033
383 336 225 341 1033
404 305 239 341 1033
247 339 246 341 1033
132 309 225 341 1033
719 9 225 342 1034
10031 1037 220 342 1034
672 328 239 342 1034
383 337 225 342 1034
404 306 240 342 1034
444 349 221 342 1034
247 340 245 342 1034
132 310 237 342 1034
589 350 232 343 1035
719 10 226 343 1035
10031 1038 221 343 1035
672 329 239 343 1035
383 338 224 343 1035
87 321 223 343 1035
404 307 241 343 1035
444 350 223 343 1035
247 341 245 343 1035
132 311 237 343 1035
589 351 243 344 1036
719 11 227 344 1036
10031 1039 218 344 1036
672 330 229 344 1036
87 322 223 344 1036
404 308 233 344 1036
270 39 223 344 1036
132 312 229 344 1036
247 342 243 344 1036
589 352 239 345 1037
719 12 226 345 1037
10031 1040 227 345 1037
10085 1038 209 345 1037
672 331 229 345 1037
404 309 222 345 1037
87 323 225 345 1037
444 352 221 345 1037
247 343 241 345 1037
132 313 237 345 1037
589 353 239 346 1038
719 13 223 346 1038
10031 1041 214 346 1038
672 332 231 346 1038
404 310 232 346 1038
247 344 236 346 1038
132 314 233 346 1038
589 354 233 347 1039
719 14 221 347 1039
10031 1042 211 347 1039
672 333 230 347 1039
404 311 227 347 1039
270 42 221 347 1039
132 315 228 347 1039
589 355 233 348 1040
719 15 225 348 1040
10031 1043 223 348 1040
672 334 236 348 1040
404 312 226 348 1040
247 346 228 348 1040
589 356 225 349 1041
719 16 221 349 1041
10031 1044 224 349 1041
672 335 237 349 1041
404 313 226 349 1041
132 317 224 349 1041
589 357 230 350 1042
719 17 221 350 1042
10031 1045 217 350 1042
672 336 238 350 1042
404 314 232 350 1042
247 348 227 350 1042
132 318 224 350 1042
589 358 221 351 1043
10031 1046 217 351 1043
672 337 230 351 1043
383 346 221 351 1043
404 315 236 351 1043
132 319 227 351 1043
247 349 236 351 1043
589 359 225 352 1044
10031 1047 223 352 1044
672 338 235 352 1044
404 316 235 352 1044
270 47 221 352 1044
132 320 223 352 1044
247 350 228 352 1044
589 360 232 353 1045
10031 1048 224 353 1045
672 339 237 353 1045
404 317 232 353 1045
247 351 231 353 1045
589 361 227 354 1046
10031 1049 223 354 1046
636 162 222 354 1046
672 340 233 354 1046
383 349 221 354 1046
404 318 221 354 1046
132 322 221 354 1046
247 352 241 354 1046
589 362 231 355 1047
10031 1050 219 355 1047
672 341 232 355 1047
404 319 225 355 1047
247 353 235 355 1047
132 323 221 355 1047
589 363 243 356 1048
10031 1051 223 356 1048
719 23 223 356 1048
636 164 235 356 1048
672 342 242 356 1048
383 351 221 356 1048
404 320 230 356 1048
247 354 235 356 1048
132 324 233 356 1048
589 364 243 357 1049
10031 1052 220 357 1049
636 165 226 357 1049
672 343 224 357 1049
404 321 231 357 1049
270 52 221 357 1049
247 355 233 357 1049
444 364 228 357 1049
10031 1053 229 358 1050
719 25 231 358 1050
636 166 221 358 1050
270 53 227 358 1050
10031 1054 214 359 1051
636 167 222 359 1051
672 345 223 359 1051
404 323 222 359 1051
217 361 221 359 1051
270 54 224 359 1051
247 357 222 359 1051
132 327 230 359 1051
444 366 223 359 1051
589 367 227 360 1052
10031 1055 220 360 1052
270 55 237 360 1052
247 358 224 360 1052
444 367 221 360 1052
10031 1056 221 361 1053
404 325 222 361 1053
10031 1057 234 362 1054
636 170 225 362 1054
129 369 226 363 1055
10004 1051 212 363 1055
719 30 223 363 1055
10031 1058 219 363 1055
719 31 223 364 1056
10031 1059 221 364 1056
404 328 221 364 1056
270 59 231 364 1056
132 332 229 364 1056
444 371 225 365 1057
247 362 221 365 1057
10031 1060 223 365 1057
672 351 221 365 1057
404 329 224 365 1057
270 60 231 365 1057
444 372 221 366 1058
10031 1061 237 366 1058
636 174 222 366 1058
247 364 232 366 1058
589 374 231 367 1059
10031 1062 215 367 1059
636 175 231 367 1059
10031 1063 237 368 1060
247 366 227 368 1060
10004 1057 209 369 1061
10031 1064 219 369 1061
247 367 245 369 1061
10004 1058 213 370 1062
10031 1065 215 370 1062
383 365 223 370 1062
404 334 227 370 1062
132 338 222 370 1062
270 65 227 370 1062
444 377 223 371 1063
129 377 227 371 1063
719 38 224 371 1063
10031 1066 210 371 1063
404 335 227 371 1063
132 339 221 371 1063
270 66 224 371 1063
247 369 222 371 1063
444 378 223 372 1064
10031 1067 208 372 1064
404 336 233 372 1064
270 67 238 372 1064
10031 1068 216 373 1065
404 337 235 373 1065
132 341 222 373 1065
270 68 247 373 1065
672 360 237 374 1066
404 338 231 374 1066
270 69 233 374 1066
444 381 225 375 1067
10031 1070 216 375 1067
404 339 227 375 1067
270 70 229 375 1067
10031 1071 210 376 1068
404 340 227 376 1068
270 71 233 376 1068
444 383 226 377 1069
10031 1072 225 377 1069
270 72 221 377 1069
444 384 233 378 1070
10031 1073 222 378 1070
270 73 239 378 1070
247 376 226 378 1070
444 385 229 378 1070
10031 1074 232 379 1071
636 187 222 379 1071
10031 1075 209 380 1072
217 382 222 380 1072
270 75 237 380 1072
444 387 229 380 1072
589 388 223 381 1073
10031 1076 210 381 1073
672 367 235 381 1073
132 349 221 381 1073
270 76 232 381 1073
10031 1077 219 382 1074
132 350 224 382 1074
270 77 231 382 1074
129 389 223 383 1075
10031 1078 213 383 1075
270 78 231 383 1075
132 351 229 383 1075
129 390 222 384 1076
10031 1079 216 384 1076
270 79 233 384 1076
132 352 230 384 1076
10031 1080 213 385 1077
404 349 223 385 1077
270 80 231 385 1077
132 353 229 385 1077
10031 1081 215 386 1078
404 350 223 386 1078
270 81 228 386 1078
10031 1082 222 387 1079
270 82 227 387 1079
132 355 227 387 1079
10031 1083 222 388 1080
270 83 227 388 1080
132 356 224 388 1080
10031 1084 222 389 1081
132 357 221 389 1081
444 396 223 389 1081
10031 1085 221 390 1082
270 85 227 390 1082
132 358 221 390 1082
10031 1086 210 391 1083
270 86 235 391 1083
132 359 221 391 1083
444 398 221 392 1084
10031 1087 220 392 1084
270 87 234 392 1084
10031 1088 213 393 1085
404 357 221 393 1085
270 88 232 393 1085
132 361 223 393 1085
444 400 224 394 1086
10031 1089 217 394 1086
404 358 229 394 1086
270 89 229 394 1086
270 90 227 395 1087
444 402 222 395 1087
589 403 230 396 1088
10031 1091 215 396 1088
270 91 225 396 1088
589 404 239 397 1089
10031 1092 217 397 1089
270 92 225 397 1089
444 404 222 398 1090
10031 1093 216 398 1090
270 93 228 398 1090
444 405 223 399 1091
10031 1094 219 399 1091
270 94 227 399 1091
444 406 221 400 1092
10031 1095 220 400 1092
270 95 227 400 1092
444 407 224 401 1093
719 68 233 401 1093
10031 1096 217 401 1093
270 96 226 401 1093
444 408 223 402 1094
10031 1097 219 402 1094
270 97 227 402 1094
10031 1098 218 403 1095
270 98 227 403 1095
10031 1099 216 404 1096
270 99 229 404 1096
444 411 225 405 1097
10031 1100 219 405 1097
270 100 226 405 1097
444 412 223 406 1098
10031 1101 219 406 1098
270 101 227 406 1098
444 413 223 407 1099
10031 1102 217 407 1099
270 102 227 407 1099
556 413 222 408 1100
444 414 225 408 1100
10031 1103 217 408 1100
270 103 227 408 1100
556 414 222 408 1100
444 415 225 409 1101
10031 1104 218 409 1101
404 373 221 409 1101
270 104 232 409 1101
444 416 224 409 1101
10031 1105 218 410 1102
404 374 234 410 1102
270 105 229 410 1102
444 417 226 410 1102
10031 1106 219 411 1103
404 375 233 411 1103
270 106 229 411 1103
444 418 227 412 1104
10031 1107 216 412 1104
404 376 235 412 1104
270 107 230 413 1105
444 419 227 413 1105
10031 1108 217 413 1105
404 377 236 413 1105
270 108 227 414 1106
444 420 225 414 1106
10031 1109 217 414 1106
404 378 235 414 1106
270 109 227 414 1106
444 421 225 415 1107
10031 1110 216 415 1107
404 379 228 415 1107
270 110 229 415 1107
10031 1111 227 416 1108
404 380 224 416 1108
270 111 240 416 1108
444 423 221 417 1109
10031 1112 217 417 1109
404 381 225 417 1109
270 112 224 417 1109
444 424 225 418 1110
10031 1113 212 418 1110
404 382 225 418 1110
270 113 231 419 1111
444 425 224 419 1111
10031 1114 221 419 1111
404 383 221 419 1111
444 426 227 420 1112
10031 1115 223 420 1112
404 384 225 420 1112
270 115 222 420 1112
444 427 227 421 1113
10031 1116 222 421 1113
404 385 227 421 1113
270 116 226 422 1114
10031 1117 217 422 1114
404 386 227 422 1114
270 117 231 423 1115
444 429 227 423 1115
10031 1118 213 423 1115
404 387 223 423 1115
270 118 222 424 1116
444 430 225 424 1116
589 431 225 424 1116
10031 1119 221 424 1116
404 388 225 424 1116
270 119 221 425 1117
444 431 225 425 1117
10031 1120 220 425 1117
404 389 227 425 1117
270 120 225 426 1118
444 432 223 426 1118
10031 1121 213 426 1118
404 390 225 426 1118
217 428 224 426 1118
444 433 229 427 1119
270 121 225 427 1119
10031 1122 218 427 1119
270 122 224 428 1120
10031 1123 233 428 1120
404 392 221 428 1120
10031 1124 210 429 1121
10031 1125 225 430 1122
404 394 239 430 1122
10031 1126 229 431 1123
404 395 241 431 1123
10004 1120 209 432 1124
10031 1127 223 432 1124
10085 1125 209 432 1124
672 418 226 432 1124
404 396 224 432 1124
132 400 233 432 1124
556 438 236 432 1124
589 440 238 432 1124
10031 1128 217 433 1125
719 100 226 433 1125
404 397 240 433 1125
10031 1129 225 434 1126
719 101 223 434 1126
404 398 223 434 1126
132 402 223 434 1126
10004 1123 215 435 1127
10031 1130 227 435 1127
719 102 231 435 1127
217 437 221 435 1127
444 442 233 435 1127
10031 1131 212 436 1128
589 444 221 436 1128
636 245 221 437 1129
10031 1132 231 437 1129
10085 1130 210 437 1129
132 405 223 437 1129
556 443 227 437 1129
589 445 221 437 1129
270 132 223 437 1129
129 444 225 438 1130
636 246 222 438 1130
10031 1133 216 438 1130
404 402 221 438 1130
444 445 224 438 1130
10031 1134 222 439 1131
444 446 232 439 1131
10031 1135 226 440 1132
672 426 223 440 1132
444 447 221 440 1132
10031 1136 227 441 1133
556 447 222 441 1133
444 448 228 441 1133
10031 1137 227 442 1134
444 449 234 442 1134
10031 1138 227 443 1135
444 450 226 443 1135
10031 1139 227 444 1136
444 451 231 444 1136
10031 1140 229 445 1137
404 409 229 445 1137
444 452 230 445 1137
10031 1141 228 446 1138
10173 1134 209 446 1138
10031 1142 223 447 1139
132 415 224 447 1139
444 454 223 447 1139
247 445 224 447 1139
270 142 221 447 1139
672 434 223 448 1140
10093 1142 209 448 1140
129 455 227 448 1140
270 143 221 449 1141
10031 1144 219 449 1141
10085 1142 209 449 1141
132 417 225 449 1141
270 144 246 449 1141
10031 1145 217 450 1142
404 414 224 450 1142
444 457 227 450 1142
247 448 229 450 1142
404 415 222 451 1143
444 458 225 451 1143
247 449 222 451 1143
10031 1147 220 452 1144
444 459 227 452 1144
247 450 227 452 1144
589 460 228 453 1145
10031 1148 219 453 1145
672 439 225 453 1145
10093 1147 209 453 1145
132 421 234 453 1145
247 451 223 453 1145
589 461 223 454 1146
10031 1149 233 454 1146
10004 1143 210 455 1147
404 419 225 455 1147
87 433 221 455 1147
444 462 235 455 1147
10031 1151 221 456 1148
404 420 221 456 1148
444 463 225 456 1148
10031 1152 226 457 1149
10031 1153 229 458 1150
672 444 222 458 1150
129 465 224 458 1150
589 466 225 459 1151
10031 1154 225 459 1151
672 445 223 459 1151
132 427 225 459 1151
589 467 241 460 1152
10031 1155 221 460 1152
672 446 221 460 1152
132 428 232 460 1152
129 467 221 460 1152
589 468 232 461 1153
636 269 223 461 1153
10031 1156 223 461 1153
132 429 227 461 1153
589 469 227 462 1154
10031 1157 230 462 1154
132 430 223 462 1154
270 157 221 463 1155
589 470 231 463 1155
10031 1158 227 463 1155
672 449 225 463 1155
10031 1159 234 464 1156
672 450 223 464 1156
636 273 225 465 1157
10031 1160 234 465 1157
589 472 228 465 1157
672 451 223 465 1157
10031 1161 226 466 1158
589 473 235 466 1158
672 452 224 466 1158
132 434 223 466 1158
10031 1162 221 467 1159
589 474 226 467 1159
636 276 221 468 1160
589 475 221 468 1160
10031 1163 217 468 1160
636 277 221 469 1161
10031 1164 210 469 1161
247 467 221 469 1161
636 278 221 470 1162
589 477 223 470 1162
10031 1165 217 470 1162
132 438 229 470 1162
636 279 223 471 1163
10031 1166 226 471 1163
444 478 233 471 1163
10031 1167 229 472 1164
404 436 221 472 1164
270 167 223 472 1164
10031 1168 225 473 1165
10031 1169 212 474 1166
404 438 221 474 1166
132 442 226 474 1166
589 482 234 475 1167
10031 1170 219 475 1167
217 477 221 475 1167
129 482 222 475 1167
589 483 232 476 1168
10031 1171 209 476 1168
217 478 223 476 1168
10031 1172 217 477 1169
589 484 235 477 1169
10031 1173 225 478 1170
589 485 237 478 1170
132 446 236 478 1170
589 486 231 479 1171
10031 1174 225 479 1171
132 447 229 479 1171
270 174 225 480 1172
10031 1175 224 480 1172
589 487 236 480 1172
132 448 239 480 1172
10031 1176 212 481 1173
589 488 224 481 1173
10031 1177 225 482 1174
589 489 225 482 1174
672 468 221 482 1174
217 484 223 482 1174
719 150 222 482 1174
270 177 223 483 1175
10031 1178 235 483 1175
270 178 231 484 1176
10031 1179 226 484 1176
132 452 239 484 1176
247 482 222 484 1176
636 293 221 484 1176
719 152 225 484 1176
589 492 221 485 1177
10031 1180 227 485 1177
672 471 228 485 1177
247 483 221 485 1177
636 294 231 485 1177
589 493 221 486 1178
10031 1181 225 486 1178
10031 1182 227 487 1179
672 473 224 487 1179
132 455 229 487 1179
10031 1183 224 488 1180
383 483 221 488 1180
10031 1184 227 489 1181
132 457 225 489 1181
10031 1185 208 490 1182
589 497 225 490 1182
132 458 229 490 1182
636 299 221 490 1182
10031 1186 228 491 1183
589 498 245 491 1183
672 477 224 491 1183
132 459 233 491 1183
10031 1187 226 492 1184
589 499 244 492 1184
672 478 221 492 1184
132 460 231 492 1184
636 301 233 492 1184
270 187 221 492 1184
10031 1188 229 492 1184
589 500 247 493 1185
132 461 235 493 1185
636 302 240 493 1185
10031 1189 227 493 1185
589 501 241 494 1186
132 462 235 494 1186
636 303 222 494 1186
10031 1190 226 494 1186
589 502 244 495 1187
132 463 239 495 1187
10031 1191 225 495 1187
589 503 240 496 1188
217 498 221 496 1188
87 474 221 496 1188
132 464 231 496 1188
636 305 223 496 1188
247 494 221 496 1188
10031 1192 216 496 1188
589 504 234 497 1189
87 475 222 497 1189
132 465 227 497 1189
636 306 222 497 1189
247 495 221 497 1189
129 504 221 497 1189
10031 1193 212 497 1189
589 505 235 498 1190
217 500 230 498 1190
132 466 233 498 1190
10031 1194 217 498 1190
589 506 223 499 1191
217 501 229 499 1191
87 477 221 499 1191
132 467 233 499 1191
10031 1195 213 499 1191
217 502 229 500 1192
132 468 227 500 1192
10031 1196 223 500 1192
589 508 224 501 1193
10085 1194 210 501 1193
132 469 235 501 1193
444 508 221 501 1193
247 499 225 501 1193
270 196 224 501 1193
10031 1197 223 501 1193
589 509 226 502 1194
10085 1195 210 502 1194
217 504 223 502 1194
87 480 222 502 1194
132 470 232 502 1194
636 311 222 502 1194
270 197 226 502 1194
10031 1198 219 502 1194
589 510 229 503 1195
217 505 225 503 1195
87 481 225 503 1195
132 471 231 503 1195
636 312 227 503 1195
10031 1199 224 503 1195
589 511 234 504 1196
217 506 223 504 1196
270 199 223 504 1196
10031 1200 220 504 1196
589 512 223 505 1197
383 500 237 505 1197
132 473 227 505 1197
444 512 230 505 1197
636 314 225 505 1197
719 173 221 505 1197
270 200 222 505 1197
10031 1201 220 505 1197
589 513 241 506 1198
636 315 227 506 1198
10031 1202 213 506 1198
589 514 235 507 1199
636 316 230 507 1199
10031 1203 215 507 1199
589 515 239 508 1200
383 503 223 508 1200
132 476 233 508 1200
10031 1204 213 508 1200
270 3 226 509 1201
132 477 227 509 1201
636 318 223 509 1201
10031 1205 219 509 1201
589 517 231 510 1202
132 478 235 510 1202
10031 1206 218 510 1202
589 518 229 510 1202
217 513 223 511 1203
132 479 233 511 1203
636 320 221 511 1203
10031 1207 222 511 1203
589 519 233 511 1203
217 514 221 512 1204
132 480 222 512 1204
636 321 229 512 1204
10031 1208 224 512 1204
589 520 225 512 1204
383 508 239 513 1205
132 481 231 513 1205
247 511 226 513 1205
444 520 227 513 1205
636 322 223 513 1205
10031 1209 219 513 1205
247 512 223 514 1206
636 323 224 514 1206
10031 1210 231 514 1206
589 522 229 515 1207
672 501 227 515 1207
404 479 235 515 1207
247 513 221 515 1207
10031 1211 219 515 1207
589 523 225 516 1208
672 502 221 516 1208
404 480 225 516 1208
247 514 223 516 1208
444 523 233 516 1208
636 325 222 516 1208
10031 1212 220 516 1208
444 524 227 517 1209
10031 1213 221 517 1209
247 516 221 518 1210
444 525 227 518 1210
10031 1214 213 518 1210
444 526 221 519 1211
10031 1215 208 520 1212
404 484 228 520 1212
444 527 221 520 1212
10031 1216 212 520 1212
404 485 227 521 1213
383 516 221 521 1213
10031 1217 214 521 1213
404 486 228 522 1214
10031 1218 220 522 1214
10031 1219 216 523 1215
404 488 225 524 1216
10031 1220 216 524 1216
404 489 227 525 1217
10031 1221 212 525 1217
404 490 221 526 1218
10031 1222 221 526 1218
444 534 223 527 1219
10031 1223 221 527 1219
383 523 232 528 1220
132 496 224 528 1220
10004 1217 210 528 1220
10031 1224 226 529 1221
270 23 221 529 1221
672 515 223 529 1221
87 507 223 529 1221
10093 1223 209 529 1221
10031 1225 236 530 1222
404 494 222 530 1222
672 516 231 530 1222
636 339 223 530 1222
10031 1226 226 531 1223
270 25 223 531 1223
404 495 223 531 1223
217 533 225 531 1223
383 526 221 531 1223
247 529 229 531 1223
444 538 231 531 1223
10031 1227 223 532 1224
589 539 221 532 1224
217 534 221 532 1224
672 518 223 532 1224
383 527 221 532 1224
247 530 221 532 1224
444 539 225 532 1224
589 540 221 533 1225
270 27 222 533 1225
404 497 233 533 1225
217 535 226 533 1225
383 528 237 533 1225
132 501 223 533 1225
444 540 222 533 1225
636 342 241 533 1225
10031 1229 230 534 1226
404 498 234 534 1226
383 529 233 534 1226
132 502 224 534 1226
10031 1230 229 535 1227
270 29 221 535 1227
404 499 222 535 1227
247 533 221 535 1227
444 542 226 535 1227
10031 1231 232 536 1228
404 500 223 536 1228
672 522 227 536 1228
383 531 229 536 1228
247 534 222 536 1228
132 504 226 536 1228
10031 1232 231 537 1229
404 501 230 537 1229
383 532 229 537 1229
132 505 226 537 1229
719 205 227 537 1229
10031 1233 233 538 1230
589 545 234 538 1230
10085 1231 209 538 1230
404 502 231 538 1230
383 533 227 538 1230
132 506 227 538 1230
636 347 223 538 1230
10031 1234 229 539 1231
10085 1232 209 539 1231
217 541 221 539 1231
404 503 221 539 1231
383 534 227 539 1231
132 507 225 539 1231
636 348 222 539 1231
10031 1235 226 540 1232
589 547 221 540 1232
270 34 223 540 1232
404 504 221 540 1232
672 526 230 540 1232
383 535 227 540 1232
10031 1236 224 541 1233
589 548 233 541 1233
404 505 223 541 1233
383 536 230 541 1233
10031 1237 231 542 1234
589 549 221 542 1234
270 36 223 542 1234
404 506 231 542 1234
672 528 233 542 1234
383 537 227 542 1234
132 510 223 542 1234
10031 1238 223 542 1234
404 507 225 543 1235
383 538 225 543 1235
10031 1239 225 543 1235
404 508 232 544 1236
672 530 227 544 1236
444 551 225 544 1236
636 353 226 544 1236
10031 1240 221 545 1237
404 509 227 545 1237
672 531 223 545 1237
444 552 227 545 1237
10031 1241 218 545 1237
217 548 221 546 1238
404 510 229 546 1238
247 544 221 546 1238
10031 1242 218 546 1238
404 511 229 547 1239
383 542 221 547 1239
10031 1243 225 547 1239
404 512 233 548 1240
672 534 227 548 1240
132 516 221 548 1240
10031 1244 219 548 1240
404 513 232 549 1241
672 535 227 549 1241
10031 1245 229 549 1241
404 514 232 550 1242
672 536 221 550 1242
132 518 225 550 1242
10031 1246 229 550 1242
270 45 225 551 1243
404 515 231 551 1243
10031 1247 227 551 1243
404 516 229 552 1244
10031 1248 217 552 1244
404 517 224 553 1245
10031 1249 215 553 1245
217 556 229 554 1246
10154 1240 208 554 1246
10031 1250 223 554 1246
270 49 221 555 1247
404 519 235 555 1247
247 553 221 555 1247
10031 1251 218 556 1248
270 50 246 556 1248
10004 1245 209 556 1248
10031 1252 217 557 1249
270 51 240 557 1249
17 272 233 557 1249
589 565 223 557 1249
10031 1253 223 558 1250
217 560 221 558 1250
672 544 224 558 1250
404 522 222 558 1250
247 556 231 558 1250
719 226 222 558 1250
10031 1254 232 559 1251
270 53 221 559 1251
672 545 225 559 1251
247 557 221 559 1251
383 554 223 559 1251
173 212 225 559 1251
132 527 231 559 1251
719 227 230 559 1251
10031 1255 227 560 1252
672 546 231 560 1252
173 213 236 560 1252
589 568 223 560 1252
10031 1256 225 561 1253
672 547 226 561 1253
383 556 222 561 1253
636 370 231 561 1253
10031 1257 223 562 1254
247 560 231 562 1254
129 569 239 562 1254
10031 1258 219 563 1255
10085 1256 211 563 1255
10130 1247 209 563 1255
322 551 225 564 1256
10095 1249 223 564 1256
408 565 241 564 1256
409 14 235 564 1256
449 316 223 564 1256
602 542 224 564 1256
10130 1248 213 564 1256
329 498 227 564 1256
144 204 225 565 1257
10036 1250 212 565 1257
455 566 221 565 1257
10115 1252 215 565 1257
10111 1247 214 565 1257
10154 1251 210 565 1257
555 556 221 565 1257
754 561 225 565 1257
10143 1251 212 565 1257
309 48 223 565 1257
10156 1252 210 566 1258
339 548 228 566 1258
396 46 229 566 1258
10036 1251 213 566 1258
10014 1250 209 566 1258
10095 1251 211 566 1258
116 572 225 566 1258
25 532 223 566 1258
534 569 225 566 1258
10016 1250 227 566 1258
494 86 221 566 1258
10153 1250 211 566 1258
10074 1251 216 566 1258
594 7 221 567 1259
10107 668 209 567 1259
10036 1252 217 567 1259
10014 1251 213 567 1259
10115 1254 209 567 1259
388 568 225 567 1259
10167 1255 211 567 1259
10111 1249 212 567 1259
10016 1251 225 567 1259
149 43 226 567 1259
769 537 245 568 1260
10111 1250 209 568 1260
10016 1252 221 568 1260
10143 1254 212 568 1260
345 240 225 568 1260
769 538 240 569 1261
10036 1254 211 569 1261
612 553 226 569 1261
388 570 226 569 1261
10111 1251 210 569 1261
10154 1255 216 569 1261
10130 1253 223 569 1261
537 553 221 569 1261
10107 671 212 570 1262
769 539 235 570 1262
703 553 226 570 1262
769 540 225 571 1263
280 567 222 571 1263
153 558 221 571 1263
469 4 221 571 1263
769 541 235 572 1264
10055 1264 210 572 1264
678 164 221 572 1264
10173 1260 212 572 1264
10106 1262 220 572 1264
630 236 223 572 1264
10076 1261 225 572 1264
10055 1265 211 573 1265
10018 592 210 573 1265
10106 1263 212 573 1265
765 133 221 573 1265
427 585 222 573 1265
293 561 222 573 1265
10004 1262 209 573 1265
10076 1262 209 573 1265
206 540 223 574 1266
10055 1266 211 574 1266
10018 593 229 574 1266
10098 1263 210 574 1266
308 525 240 574 1266
10140 1262 212 574 1266
372 550 224 574 1266
214 453 231 574 1266
229 580 242 574 1266
746 251 228 574 1266
10055 1267 214 575 1267
10018 594 220 575 1267
772 578 221 575 1267
10084 1261 215 575 1267
10158 1262 212 575 1267
22 521 228 575 1267
560 574 226 575 1267
683 439 223 575 1267
307 575 223 575 1267
493 559 221 575 1267
630 239 221 575 1267
621 572 227 575 1267
350 579 225 575 1267
10076 1264 210 575 1267
769 545 221 576 1268
517 127 227 576 1268
228 583 221 576 1268
49 444 223 576 1268
10055 1268 223 576 1268
10018 595 221 576 1268
764 509 225 576 1268
10140 1264 221 576 1268
10158 1263 225 576 1268
304 567 233 576 1268
22 522 224 576 1268
214 455 225 576 1268
754 572 227 576 1268
10076 1265 210 576 1268
48 561 247 577 1269
517 128 237 577 1269
43 576 223 577 1269
10055 1269 209 577 1269
10140 1265 212 577 1269
440 67 233 577 1269
171 11 221 577 1269
304 568 223 577 1269
10173 1265 217 577 1269
754 573 229 577 1269
48 562 243 578 1270
362 575 224 578 1270
517 129 246 578 1270
10055 1270 208 578 1270
10018 597 217 578 1270
440 68 233 578 1270
10158 1265 211 578 1270
304 569 221 578 1270
754 574 234 578 1270
10076 1267 211 578 1270
48 563 238 579 1271
678 1 227 579 1271
517 130 245 579 1271
49 447 221 579 1271
10055 1271 209 579 1271
10018 598 217 579 1271
10158 1266 213 579 1271
304 570 223 579 1271
10173 1267 211 579 1271
10106 1269 209 579 1271
683 443 226 579 1271
754 575 239 579 1271
539 73 224 579 1271
639 583 223 579 1271
48 564 241 579 1271
678 2 225 579 1271
12 154 221 580 1272
517 131 243 580 1272
364 579 223 580 1272
10055 1272 210 580 1272
10018 599 217 580 1272
10140 1268 212 580 1272
440 70 236 580 1272
10158 1267 214 580 1272
304 571 224 580 1272
10173 1268 215 580 1272
683 444 221 580 1272
754 576 240 580 1272
10076 1269 212 580 1272
48 565 233 580 1272
678 3 225 580 1272
28 572 223 580 1272
517 132 235 581 1273
362 578 227 581 1273
49 449 227 581 1273
43 580 227 581 1273
10140 1269 216 581 1273
440 71 229 581 1273
10158 1268 209 581 1273
709 573 221 581 1273
171 15 221 581 1273
10173 1269 214 581 1273
304 572 224 581 1273
754 577 225 581 1273
10076 1270 212 581 1273
28 573 239 582 1274
48 566 235 582 1274
517 133 247 582 1274
49 450 223 582 1274
10055 1274 214 582 1274
10018 601 217 582 1274
440 72 223 582 1274
10158 1269 209 582 1274
10173 1270 211 582 1274
147 590 225 582 1274
754 578 231 582 1274
10076 1271 209 582 1274
28 574 228 583 1275
48 567 239 583 1275
517 134 239 583 1275
49 451 221 583 1275
10055 1275 210 583 1275
520 582 231 583 1275
10140 1271 218 583 1275
440 73 225 583 1275
10158 1270 210 583 1275
709 575 222 583 1275
10173 1271 213 583 1275
304 574 221 583 1275
754 579 224 583 1275
28 575 239 583 1275
48 568 227 584 1276
386 171 225 584 1276
517 135 241 584 1276
49 452 225 584 1276
10055 1276 216 584 1276
43 583 222 584 1276
10018 603 214 584 1276
440 74 233 584 1276
10158 1271 209 584 1276
754 580 233 584 1276
28 576 246 584 1276
678 7 226 585 1277
48 569 233 585 1277
386 172 224 585 1277
517 136 239 585 1277
49 453 221 585 1277
10055 1277 213 585 1277
614 576 225 585 1277
440 75 224 585 1277
10158 1272 213 585 1277
10173 1273 212 585 1277
754 581 232 585 1277
10076 1274 212 585 1277
28 577 242 585 1277
48 570 233 586 1278
517 137 231 586 1278
10018 605 219 586 1278
614 577 223 586 1278
10140 1274 209 586 1278
440 76 232 586 1278
10158 1273 209 586 1278
304 577 222 586 1278
10173 1274 210 586 1278
754 582 235 586 1278
10076 1275 212 586 1278
28 578 247 586 1278
48 571 235 587 1279
386 174 223 587 1279
517 138 235 587 1279
49 455 225 587 1279
10055 1279 217 587 1279
10018 606 217 587 1279
119 552 231 587 1279
10140 1275 212 587 1279
440 77 237 587 1279
10158 1274 210 587 1279
10173 1275 212 587 1279
304 578 225 587 1279
778 584 229 587 1279
754 583 234 587 1279
10076 1276 210 587 1279
28 579 235 587 1279
194 573 225 588 1280
48 572 239 588 1280
517 139 233 588 1280
49 456 230 588 1280
10055 1280 220 588 1280
10018 607 209 588 1280
440 78 238 588 1280
304 579 224 588 1280
10173 1276 209 588 1280
754 584 235 588 1280
10076 1277 210 588 1280
28 580 241 588 1280
48 573 240 589 1281
517 140 237 589 1281
10055 1281 220 589 1281
10018 608 211 589 1281
119 554 224 589 1281
10140 1277 215 589 1281
440 79 235 589 1281
10158 1276 210 589 1281
563 591 224 589 1281
10173 1277 212 589 1281
754 585 239 589 1281
10076 1278 213 589 1281
28 581 240 589 1281
329 523 222 590 1282
48 574 226 590 1282
517 141 244 590 1282
49 458 225 590 1282
10055 1282 210 590 1282
10018 609 211 590 1282
520 589 227 590 1282
10140 1278 209 590 1282
440 80 223 590 1282
10158 1277 216 590 1282
563 592 223 590 1282
10173 1278 209 590 1282
304 581 223 590 1282
754 586 234 590 1282
28 582 235 590 1282
10076 1279 209 590 1282
517 142 253 591 1283
48 575 227 591 1283
49 459 221 591 1283
10055 1283 219 591 1283
669 589 226 591 1283
520 590 222 591 1283
10158 1278 209 591 1283
581 597 231 591 1283
632 131 223 591 1283
754 587 234 591 1283
639 595 221 591 1283
10004 1280 209 591 1283
28 583 235 591 1283
517 143 254 592 1284
48 576 231 592 1284
10055 1284 219 592 1284
10018 611 215 592 1284
440 82 222 592 1284
10158 1279 210 592 1284
754 588 241 592 1284
28 584 231 592 1284
360 33 224 593 1285
730 585 225 593 1285
517 144 254 593 1285
49 461 221 593 1285
48 577 229 593 1285
10055 1285 213 593 1285
520 592 221 593 1285
84 591 232 593 1285
440 83 221 593 1285
10158 1280 210 593 1285
754 589 228 593 1285
28 585 233 593 1285
517 145 245 594 1286
48 578 230 594 1286
10055 1286 213 594 1286
10018 613 215 594 1286
520 593 221 594 1286
84 592 225 594 1286
28 586 238 594 1286
10076 1283 208 594 1286
144 234 228 595 1287
517 146 242 595 1287
48 579 230 595 1287
10055 1287 216 595 1287
10018 614 212 595 1287
520 594 221 595 1287
84 593 237 595 1287
440 85 226 595 1287
10158 1282 217 595 1287
10106 1285 208 595 1287
10004 1284 209 595 1287
10076 1284 212 595 1287
362 593 232 596 1288
517 147 245 596 1288
10055 1288 215 596 1288
10018 615 214 596 1288
84 594 246 596 1288
440 86 239 596 1288
10158 1283 211 596 1288
279 596 225 596 1288
10106 1286 209 596 1288
639 600 225 596 1288
517 148 246 597 1289
10055 1289 220 597 1289
251 590 225 597 1289
10018 616 215 597 1289
84 595 237 597 1289
10158 1284 209 597 1289
279 597 231 597 1289
181 101 223 597 1289
529 39 221 597 1289
275 598 225 597 1289
215 508 230 597 1289
10076 1286 209 597 1289
362 595 223 598 1290
517 149 244 598 1290
49 466 225 598 1290
614 589 221 598 1290
10055 1290 219 598 1290
10018 617 217 598 1290
520 597 227 598 1290
84 596 237 598 1290
10140 1286 213 598 1290
10158 1285 210 598 1290
279 598 229 598 1290
10106 1288 209 598 1290
298 528 223 598 1290
639 602 225 598 1290
385 57 222 598 1290
10004 1287 212 598 1290
10076 1287 211 599 1291
517 150 239 599 1291
10055 1291 222 599 1291
386 186 229 599 1291
251 592 225 599 1291
10140 1287 213 599 1291
10158 1286 211 599 1291
390 593 225 599 1291
10173 1287 225 599 1291
632 139 221 599 1291
10106 1289 211 599 1291
543 266 224 599 1291
10004 1288 211 599 1291
10076 1288 213 599 1291
10078 1291 216 600 1292
11 47 227 600 1292
10055 1292 220 600 1292
572 599 225 600 1292
10106 1290 213 600 1292
10040 1287 209 600 1292
275 601 223 600 1292
369 597 222 601 1293
517 152 234 601 1293
10078 1292 217 601 1293
10098 1290 226 601 1293
378 568 224 601 1293
650 545 223 601 1293
181 105 228 601 1293
621 598 225 601 1293
10004 1290 209 601 1293
10076 1290 212 601 1293
517 153 221 602 1294
227 525 222 602 1294
514 567 221 602 1294
10018 621 217 602 1294
251 595 221 602 1294
783 585 227 602 1294
291 592 223 602 1294
10158 1289 211 602 1294
10173 1290 219 602 1294
10106 1292 213 602 1294
367 274 221 602 1294
754 598 224 602 1294
10076 1291 217 602 1294
517 154 254 603 1295
10055 1295 209 603 1295
10154 1289 209 603 1295
446 593 222 604 1296
517 155 233 604 1296
621 601 222 604 1296
517 156 237 605 1297
10134 1290 209 605 1297
10065 1300 217 605 1297
517 157 233 606 1298
326 610 226 606 1298
10050 1302 215 606 1298
324 347 223 606 1298
555 597 221 606 1298
10101 1292 212 606 1298
10141 1291 224 606 1298
517 158 223 607 1299
407 5 233 607 1299
10050 1303 212 607 1299
10101 1293 233 607 1299
10141 1292 214 607 1299
10061 1304 214 607 1299
10169 1301 218 608 1300
517 159 247 608 1300
315 285 222 608 1300
10101 1294 227 608 1300
10141 1293 211 608 1300
10061 1305 211 608 1300
10169 1302 218 609 1301
517 160 245 609 1301
10061 1306 220 609 1301
10169 1303 223 610 1302
517 161 225 610 1302
10128 1297 209 610 1302
10101 1296 225 610 1302
10141 1295 211 610 1302
10061 1307 219 610 1302
10169 1304 222 611 1303
517 162 228 611 1303
10101 1297 226 611 1303
10061 1308 220 611 1303
10169 1305 221 612 1304
517 163 233 612 1304
149 42 233 612 1304
10101 1298 221 612 1304
10141 1297 208 612 1304
10061 1309 222 613 1305
10169 1306 221 613 1305
517 164 236 613 1305
10138 1299 208 613 1305
10128 1300 208 613 1305
10101 1299 229 614 1306
10061 1310 211 614 1306
10169 1307 220 614 1306
517 165 245 614 1306
315 291 225 614 1306
10138 1300 211 614 1306
10101 1300 232 615 1307
10141 1299 208 615 1307
10061 1311 211 615 1307
10169 1308 219 615 1307
517 166 244 615 1307
203 59 237 615 1307
10141 1300 215 616 1308
10061 1312 221 616 1308
10169 1309 218 616 1308
517 167 245 616 1308
343 599 223 616 1308
10138 1302 208 616 1308
10101 1302 220 617 1309
10141 1301 216 617 1309
10061 1313 215 617 1309
10169 1310 219 617 1309
517 168 239 617 1309
10128 1304 209 617 1309
10101 1303 219 618 1310
10141 1302 214 618 1310
10061 1314 220 618 1310
10169 1311 214 618 1310
517 169 239 618 1310
10101 1304 219 619 1311
10141 1303 216 619 1311
10061 1315 213 619 1311
10169 1312 216 619 1311
517 170 231 619 1311
32 595 228 619 1311
85 300 221 619 1311
10101 1305 221 620 1312
10141 1304 211 620 1312
10061 1316 211 620 1312
10169 1313 218 620 1312
517 171 241 620 1312
772 623 229 620 1312
10101 1306 220 621 1313
10141 1305 217 621 1313
10061 1317 212 621 1313
10169 1314 219 621 1313
517 172 233 621 1313
10101 1307 219 622 1314
10141 1306 215 622 1314
10061 1318 212 622 1314
10169 1315 209 622 1314
517 173 227 622 1314
10101 1308 223 623 1315
10141 1307 217 623 1315
10061 1319 220 623 1315
10169 1316 212 623 1315
517 174 243 623 1315
10101 1309 225 624 1316
10141 1308 213 624 1316
10061 1320 215 624 1316
10169 1317 217 624 1316
517 175 243 624 1316
13 585 225 624 1316
85 305 223 624 1316
10101 1310 228 625 1317
10141 1309 212 625 1317
10061 1321 216 625 1317
10169 1318 220 625 1317
517 176 241 625 1317
10101 1311 225 626 1318
10061 1322 219 626 1318
517 177 244 626 1318
10138 1312 209 626 1318
408 627 225 626 1318
10101 1312 223 627 1319
10141 1311 210 627 1319
10061 1323 209 627 1319
10169 1320 218 627 1319
517 178 223 627 1319
85 308 225 627 1319
639 631 224 627 1319
10128 1314 219 627 1319
28 619 221 627 1319
10061 1324 222 628 1320
10169 1321 215 628 1320
517 179 243 628 1320
10068 1325 209 628 1320
169 620 237 628 1320
203 72 231 628 1320
10138 1314 219 628 1320
22 574 231 628 1320
653 251 235 628 1320
85 309 231 628 1320
10128 1315 214 628 1320
28 620 246 629 1321
10101 1314 222 629 1321
10061 1325 222 629 1321
10169 1322 211 629 1321
517 180 242 629 1321
169 621 227 629 1321
203 73 221 629 1321
653 252 229 629 1321
10128 1316 209 629 1321
28 621 226 630 1322
10101 1315 217 630 1322
10061 1326 211 630 1322
10169 1323 211 630 1322
517 181 221 630 1322
169 622 226 630 1322
10138 1316 211 630 1322
202 631 221 630 1322
653 253 240 630 1322
85 311 230 630 1322
10128 1317 212 630 1322
28 622 227 630 1322
10101 1316 218 631 1323
10061 1327 215 631 1323
517 182 231 631 1323
10169 1324 209 631 1323
169 623 234 631 1323
203 75 231 631 1323
712 629 231 631 1323
639 635 221 631 1323
10141 1316 210 632 1324
10088 1319 212 632 1324
100 338 228 632 1324
10134 1318 209 633 1325
10106 1323 209 633 1325
10154 1320 212 634 1326
10085 1328 219 635 1327
10154 1321 215 635 1327
10115 1323 214 636 1328
10095 1321 217 636 1328
440 126 239 636 1328
487 71 240 636 1328
10154 1322 212 636 1328
10130 1320 212 636 1328
440 127 243 637 1329
10129 1326 208 637 1329
487 72 247 637 1329
10154 1323 220 637 1329
10130 1321 209 637 1329
10036 1323 210 638 1330
703 621 221 638 1330
10115 1325 209 638 1330
10095 1323 216 638 1330
440 128 238 638 1330
10129 1327 210 638 1330
487 73 239 638 1330
10154 1324 217 638 1330
10130 1322 208 638 1330
10115 1326 217 639 1331
440 129 229 639 1331
654 628 221 639 1331
10154 1325 222 639 1331
10166 1335 213 639 1331
10143 1325 223 639 1331
731 49 222 639 1331
769 609 241 640 1332
10014 1324 210 640 1332
703 623 222 640 1332
75 59 221 640 1332
563 642 224 640 1332
10016 1324 210 640 1332
10166 1336 210 640 1332
172 641 223 640 1332
10107 742 210 641 1333
10036 1326 239 641 1333
10014 1325 226 641 1333
10115 1328 217 641 1333
563 643 221 641 1333
84 639 225 641 1333
10167 1329 210 641 1333
10016 1325 227 641 1333
10153 1325 211 641 1333
10074 1326 210 641 1333
10143 1327 209 641 1333
769 611 232 642 1334
10036 1327 219 642 1334
10014 1326 213 642 1334
703 625 232 642 1334
251 635 229 642 1334
10095 1327 210 642 1334
563 644 222 642 1334
10167 1330 211 642 1334
10016 1326 220 642 1334
10074 1327 209 642 1334
10143 1328 214 642 1334
769 612 241 643 1335
10036 1328 213 643 1335
356 320 241 643 1335
10095 1328 209 643 1335
10111 1325 220 643 1335
419 626 231 643 1335
10130 1327 209 643 1335
10107 745 223 644 1336
10036 1329 225 644 1336
10014 1328 221 644 1336
10115 1331 217 644 1336
10111 1326 217 644 1336
419 627 228 644 1336
10154 1330 217 644 1336
10130 1328 223 644 1336
10107 746 216 645 1337
10036 1330 222 645 1337
10014 1329 221 645 1337
10115 1332 222 645 1337
10095 1330 209 645 1337
388 646 221 645 1337
419 628 226 645 1337
758 637 223 645 1337
10130 1329 219 645 1337
10107 747 218 646 1338
10036 1331 227 646 1338
10014 1330 214 646 1338
356 323 223 646 1338
75 65 231 646 1338
10115 1333 219 646 1338
10111 1328 218 646 1338
10154 1332 217 646 1338
419 629 222 646 1338
765 206 235 646 1338
10130 1330 213 646 1338
10107 748 211 647 1339
769 616 230 647 1339
10036 1332 238 647 1339
10014 1331 231 647 1339
10115 1334 225 647 1339
10095 1332 210 647 1339
10111 1329 225 647 1339
10016 1331 219 647 1339
419 630 222 647 1339
10143 1333 209 647 1339
10130 1331 210 647 1339
10107 749 209 648 1340
10036 1333 247 648 1340
703 631 233 648 1340
10014 1332 224 648 1340
10115 1335 208 648 1340
10111 1330 225 648 1340
10016 1332 211 648 1340
419 631 243 648 1340
10143 1334 213 648 1340
360 89 222 649 1341
10036 1334 209 649 1341
153 8 221 649 1341
355 361 226 649 1341
10016 1333 210 649 1341
769 619 223 650 1342
10115 1337 209 650 1342
10016 1334 225 650 1342
10143 1336 222 650 1342
769 620 249 651 1343
10014 1335 210 651 1343
10145 1337 209 651 1343
501 619 227 651 1343
10016 1335 223 651 1343
10153 1335 212 651 1343
10074 1336 209 651 1343
10143 1337 219 651 1343
769 621 250 651 1343
10107 753 209 652 1344
10036 1337 219 652 1344
10014 1336 216 652 1344
10115 1339 209 652 1344
10167 1340 209 652 1344
10111 1334 215 652 1344
10016 1336 233 652 1344
10166 1348 208 652 1344
10143 1338 221 652 1344
769 622 250 652 1344
10107 754 211 653 1345
10014 1337 211 653 1345
251 646 221 653 1345
501 621 221 653 1345
10111 1335 209 653 1345
10016 1337 229 653 1345
10143 1339 216 653 1345
10059 1345 208 654 1346
10036 1339 220 654 1346
10014 1338 215 654 1346
10155 1343 210 654 1346
10111 1336 214 654 1346
10016 1338 211 654 1346
769 624 233 655 1347
84 653 233 655 1347
10016 1339 228 655 1347
10074 1340 221 655 1347
10143 1341 221 655 1347
710 615 227 655 1347
769 625 222 655 1347
360 96 224 656 1348
378 623 224 656 1348
501 624 235 656 1348
10111 1338 210 656 1348
10016 1340 222 656 1348
710 616 225 656 1348
769 626 228 657 1349
360 97 221 657 1349
10014 1341 213 657 1349
560 656 222 657 1349
10111 1339 212 657 1349
10143 1343 213 657 1349
769 627 234 658 1350
153 17 221 658 1350
10115 1345 210 658 1350
10111 1340 212 658 1350
10016 1342 227 658 1350
10074 1343 210 658 1350
10143 1344 219 658 1350
769 628 227 659 1351
10036 1344 213 659 1351
10014 1343 211 659 1351
10016 1343 219 659 1351
10074 1344 212 659 1351
300 643 222 659 1351
10143 1345 223 659 1351
710 619 229 659 1351
10036 1345 213 660 1352
10014 1344 210 660 1352
251 653 221 660 1352
10095 1345 211 660 1352
501 628 230 660 1352
560 659 235 660 1352
723 648 225 660 1352
10167 1348 208 660 1352
10016 1344 212 660 1352
10153 1344 211 660 1352
10074 1345 210 660 1352
10143 1346 219 660 1352
710 620 228 660 1352
10036 1346 211 661 1353
10014 1345 215 661 1353
153 20 225 661 1353
678 83 221 661 1353
761 656 221 661 1353
501 629 227 661 1353
10111 1343 213 661 1353
10143 1347 209 661 1353
769 631 224 661 1353
10016 1346 218 662 1354
10143 1348 212 662 1354
385 121 221 662 1354
769 632 237 662 1354
10036 1348 223 663 1355
10014 1347 209 663 1355
501 631 223 663 1355
10111 1345 219 663 1355
10016 1347 219 663 1355
10166 1359 208 663 1355
10074 1348 219 663 1355
300 647 222 663 1355
765 223 227 663 1355
10143 1349 213 663 1355
10036 1349 212 664 1356
10014 1348 211 664 1356
10111 1346 220 664 1356
10016 1348 220 664 1356
10074 1349 222 664 1356
300 648 223 664 1356
10143 1350 210 664 1356
769 634 225 664 1356
10107 766 213 665 1357
10036 1350 218 665 1357
10016 1349 210 665 1357
10074 1350 209 665 1357
10143 1351 211 665 1357
769 635 231 665 1357
10036 1351 219 666 1358
10014 1350 209 666 1358
501 634 221 666 1358
10111 1348 212 666 1358
10016 1350 223 666 1358
10074 1351 213 666 1358
10143 1352 209 666 1358
769 636 224 666 1358
10107 768 209 667 1359
10036 1352 216 667 1359
10014 1351 211 667 1359
501 635 223 667 1359
10111 1349 221 667 1359
10016 1351 222 667 1359
10074 1352 217 667 1359
10143 1353 217 667 1359
710 627 222 667 1359
769 637 231 667 1359
10014 1352 209 668 1360
10111 1350 217 668 1360
10016 1352 218 668 1360
10143 1354 215 668 1360
10036 1354 212 669 1361
10014 1353 213 669 1361
501 637 222 669 1361
10111 1351 210 669 1361
10016 1353 220 669 1361
10074 1354 210 669 1361
10143 1355 211 669 1361
10036 1355 213 670 1362
10111 1352 209 670 1362
10016 1354 221 670 1362
10074 1355 208 670 1362
10143 1356 212 670 1362
769 640 224 670 1362
10036 1356 210 671 1363
10014 1355 209 671 1363
10016 1355 214 671 1363
10074 1356 211 671 1363
10143 1357 210 671 1363
769 641 225 671 1363
10036 1357 215 672 1364
10111 1354 208 672 1364
10016 1356 209 672 1364
10074 1357 213 672 1364
10143 1358 209 672 1364
10036 1358 213 673 1365
10014 1357 213 673 1365
10111 1355 217 673 1365
10016 1357 216 673 1365
10074 1358 210 673 1365
10143 1359 210 673 1365
10036 1359 218 674 1366
10014 1358 209 674 1366
10115 1361 209 674 1366
10111 1356 214 674 1366
10074 1359 211 674 1366
10143 1360 209 674 1366
10036 1360 211 675 1367
10014 1359 211 675 1367
10115 1362 211 675 1367
10111 1357 213 675 1367
10016 1359 211 675 1367
10143 1361 211 675 1367
769 645 223 675 1367
10036 1361 215 676 1368
10014 1360 209 676 1368
10111 1358 216 676 1368
10016 1360 211 676 1368
10074 1361 218 676 1368
10143 1362 209 676 1368
769 646 226 676 1368
10107 778 211 676 1368
10036 1362 219 677 1369
10111 1359 219 677 1369
10016 1361 216 677 1369
10166 1373 208 677 1369
10074 1362 219 677 1369
10143 1363 216 677 1369
769 647 225 677 1369
10036 1363 220 678 1370
10014 1362 211 678 1370
152 676 225 678 1370
153 37 222 678 1370
10115 1365 210 678 1370
10111 1360 223 678 1370
10016 1362 225 678 1370
294 674 221 678 1370
10074 1363 213 678 1370
769 648 224 678 1370
10143 1364 227 678 1370
10156 1365 212 678 1370
10036 1364 222 679 1371
10014 1363 216 679 1371
10115 1366 215 679 1371
10095 1364 208 679 1371
10154 1365 221 679 1371
769 649 239 679 1371
10130 1363 213 679 1371
769 650 242 680 1372
10025 1374 210 681 1373
769 651 229 681 1373
10044 1378 211 682 1374
769 652 235 682 1374
10149 1368 209 684 1376
769 654 229 684 1376
769 655 233 685 1377
769 657 222 687 1379
769 658 227 688 1380
769 659 223 689 1381
