236 448 221 0 1145
10108 1136 233 0 1145
10125 1136 207 0 1145
514 419 226 1 1146
10131 1134 209 1 1146
10108 1137 223 1 1146
10131 1135 215 2 1147
10108 1138 223 2 1147
10125 1138 208 2 1147
24 309 224 3 1148
183 453 225 3 1148
10108 1139 222 3 1148
10131 1137 219 4 1149
10108 1140 222 4 1149
514 423 223 5 1150
10131 1138 220 5 1150
10108 1141 224 5 1150
514 424 227 6 1151
462 290 221 6 1151
24 312 221 6 1151
10131 1139 219 6 1151
236 454 228 6 1151
429 487 227 6 1151
10108 1142 221 6 1151
10125 1142 208 6 1151
514 425 224 7 1152
170 445 221 7 1152
10131 1140 215 7 1152
429 488 231 7 1152
10108 1143 233 7 1152
717 459 222 7 1152
514 426 223 8 1153
170 446 222 8 1153
10131 1141 211 8 1153
183 458 222 8 1153
37 117 221 8 1153
10108 1144 234 8 1153
717 460 223 8 1153
170 447 223 9 1154
10131 1142 210 9 1154
588 455 223 9 1154
10108 1145 234 9 1154
514 428 223 10 1155
170 448 221 10 1155
10131 1143 208 10 1155
236 458 221 10 1155
10108 1146 233 10 1155
10131 1144 209 11 1156
236 459 222 11 1156
111 440 221 11 1156
429 492 231 11 1156
10108 1147 233 11 1156
717 463 221 11 1156
514 430 221 12 1157
10131 1145 210 12 1157
183 462 221 12 1157
236 460 225 12 1157
111 441 221 12 1157
588 458 222 12 1157
429 493 231 12 1157
10108 1148 233 12 1157
10125 1148 207 12 1157
24 319 224 13 1158
183 463 223 13 1158
236 461 223 13 1158
588 459 223 13 1158
37 122 221 13 1158
10108 1149 234 13 1158
429 494 227 13 1158
717 465 223 13 1158
24 320 223 14 1159
183 464 223 14 1159
236 462 224 14 1159
588 460 221 14 1159
10108 1150 233 14 1159
10125 1150 207 14 1159
429 495 231 14 1159
717 466 223 14 1159
732 418 224 15 1160
24 321 232 15 1160
170 453 223 15 1160
10131 1148 218 15 1160
581 474 223 15 1160
10127 1150 207 15 1160
446 458 237 15 1160
111 444 223 15 1160
10125 1151 223 15 1160
10105 1149 210 15 1160
10104 1149 215 16 1161
24 322 227 16 1161
10112 1150 219 16 1161
10131 1149 211 16 1161
581 475 224 16 1161
183 466 222 16 1161
588 462 229 16 1161
37 125 221 16 1161
10125 1152 228 16 1161
10105 1150 217 16 1161
170 455 221 17 1162
10112 1151 226 17 1162
183 467 223 17 1162
588 463 226 17 1162
10125 1153 220 17 1162
10105 1151 224 17 1162
717 469 222 17 1162
514 436 223 18 1163
10112 1152 227 18 1163
111 447 225 18 1163
37 127 222 18 1163
10125 1154 219 18 1163
10105 1152 224 18 1163
10112 1153 223 19 1164
446 462 227 19 1164
37 128 222 19 1164
429 500 226 19 1164
10125 1155 223 19 1164
10105 1153 209 19 1164
10104 1153 210 20 1165
10112 1154 215 20 1165
588 466 223 20 1165
10125 1156 211 20 1165
10105 1154 209 20 1165
10112 1155 210 21 1166
446 464 226 21 1166
588 467 226 21 1166
10125 1157 209 21 1166
10105 1155 218 21 1166
10112 1156 212 22 1167
446 465 223 22 1167
10125 1158 208 22 1167
10104 1156 209 23 1168
10112 1157 214 23 1168
446 466 223 23 1168
10125 1159 221 23 1168
10105 1157 214 23 1168
10104 1157 210 24 1169
10112 1158 210 24 1169
236 472 224 24 1169
446 467 223 24 1169
10125 1160 220 24 1169
10105 1158 216 24 1169
10112 1159 210 25 1170
446 468 226 25 1170
588 471 221 25 1170
10125 1161 217 25 1170
10105 1159 219 25 1170
10112 1160 217 26 1171
183 476 221 26 1171
446 469 232 26 1171
10125 1162 227 26 1171
10105 1160 218 26 1171
10104 1160 218 27 1172
170 465 221 27 1172
10112 1161 217 27 1172
10125 1163 222 27 1172
10105 1161 230 27 1172
10112 1162 215 28 1173
429 509 223 28 1173
10125 1164 208 28 1173
10105 1162 219 28 1173
10112 1163 217 29 1174
10125 1165 209 29 1174
10105 1163 217 29 1174
10112 1164 219 30 1175
10125 1166 218 30 1175
10105 1164 220 30 1175
10112 1165 212 31 1176
10105 1165 221 31 1176
10112 1166 217 32 1177
10125 1168 220 32 1177
429 513 221 32 1177
10105 1166 234 32 1177
10104 1166 207 33 1178
10112 1167 213 33 1178
236 481 230 33 1178
10125 1169 232 33 1178
10105 1167 220 33 1178
183 484 221 34 1179
236 482 221 34 1179
446 477 233 34 1179
10125 1170 228 34 1179
10105 1168 209 34 1179
10104 1168 212 35 1180
10112 1169 211 35 1180
446 478 231 35 1180
10125 1171 225 35 1180
10105 1169 217 36 1181
10104 1169 209 36 1181
10112 1170 209 36 1181
24 342 227 36 1181
446 479 231 36 1181
10125 1172 226 36 1181
10105 1170 213 37 1182
10104 1170 210 37 1182
10112 1171 209 37 1182
24 343 221 37 1182
446 480 223 37 1182
10125 1173 225 37 1182
10105 1171 211 38 1183
183 488 224 38 1183
111 467 222 38 1183
446 481 231 38 1183
10125 1174 224 38 1183
10105 1172 211 39 1184
10112 1173 209 39 1184
24 345 221 39 1184
183 489 223 39 1184
10125 1175 228 39 1184
10105 1173 217 40 1185
10112 1174 215 40 1185
446 483 225 40 1185
236 488 233 40 1185
10125 1176 225 40 1185
10105 1174 219 41 1186
10112 1175 210 41 1186
588 487 222 41 1186
236 489 225 41 1186
10125 1177 228 41 1186
10105 1175 221 42 1187
236 490 231 42 1187
446 485 221 42 1187
10125 1178 226 42 1187
10105 1176 219 42 1187
236 491 233 43 1188
446 486 224 43 1188
10125 1179 231 43 1188
10105 1177 222 43 1188
10112 1178 210 44 1189
10131 1177 210 44 1189
581 503 223 44 1189
588 490 230 44 1189
236 492 235 44 1189
10125 1180 216 44 1189
10105 1178 214 44 1189
10104 1178 207 45 1190
10112 1179 214 45 1190
183 495 223 45 1190
588 491 235 45 1190
236 493 237 45 1190
446 488 223 45 1190
10125 1181 229 45 1190
429 526 221 45 1190
10105 1179 219 45 1190
37 154 223 46 1191
10112 1180 211 46 1191
588 492 229 46 1191
446 489 221 46 1191
10125 1182 220 46 1191
10105 1180 225 46 1191
10112 1181 215 47 1192
581 506 227 47 1192
446 490 222 47 1192
429 528 221 47 1192
10125 1183 223 47 1192
10105 1181 221 47 1192
37 156 221 48 1193
10112 1182 215 48 1193
183 498 224 48 1193
588 494 222 48 1193
429 529 224 48 1193
10125 1184 222 48 1193
10105 1182 219 48 1193
170 487 221 49 1194
10112 1183 215 49 1194
581 508 231 49 1194
10125 1185 222 49 1194
429 530 223 49 1194
10105 1183 223 49 1194
10104 1183 208 50 1195
581 509 225 50 1195
446 493 225 50 1195
10125 1186 215 50 1195
429 531 223 50 1195
10105 1184 223 50 1195
10104 1184 209 51 1196
581 510 221 51 1196
446 494 225 51 1196
10105 1185 224 51 1196
446 495 223 52 1197
10125 1188 229 52 1197
429 533 226 52 1197
717 504 223 52 1197
10105 1186 219 52 1197
10112 1187 211 53 1198
446 496 223 53 1198
10105 1187 223 53 1198
170 492 225 54 1199
24 360 221 54 1199
10112 1188 223 54 1199
183 504 223 54 1199
446 497 224 54 1199
236 502 221 54 1199
10125 1190 221 54 1199
429 535 233 54 1199
10105 1188 230 54 1199
170 493 221 55 1200
24 361 221 55 1200
10112 1189 210 55 1200
10131 1188 210 55 1200
183 505 223 55 1200
10125 1191 222 55 1200
717 507 225 55 1200
10105 1189 229 55 1200
514 474 222 56 1201
10112 1190 219 56 1201
24 362 224 56 1201
10131 1189 212 56 1201
446 499 224 56 1201
717 508 222 56 1201
429 537 233 56 1201
10125 1192 220 56 1201
10105 1190 221 56 1201
514 475 227 57 1202
10112 1191 219 57 1202
10131 1190 211 57 1202
183 507 223 57 1202
446 500 224 57 1202
10125 1193 221 57 1202
10105 1191 221 57 1202
514 476 221 58 1203
24 364 225 58 1203
10112 1192 221 58 1203
10131 1191 208 58 1203
10125 1194 219 58 1203
10105 1192 224 58 1203
514 477 225 59 1204
10112 1193 216 59 1204
446 502 225 59 1204
236 507 221 59 1204
10125 1195 218 59 1204
717 511 222 59 1204
10105 1193 218 59 1204
37 168 223 60 1205
514 478 232 60 1205
10112 1194 219 60 1205
10131 1193 208 60 1205
10125 1196 218 60 1205
717 512 229 60 1205
10105 1194 221 60 1205
37 169 223 61 1206
514 479 225 61 1206
24 367 227 61 1206
10112 1195 229 61 1206
183 511 227 61 1206
236 509 221 61 1206
429 542 221 61 1206
10125 1197 219 61 1206
10105 1195 227 61 1206
10104 1195 208 62 1207
24 368 231 62 1207
10112 1196 227 62 1207
183 512 222 62 1207
111 491 227 62 1207
10125 1198 219 62 1207
717 514 226 62 1207
10105 1196 225 62 1207
514 481 221 63 1208
170 501 221 63 1208
10112 1197 213 63 1208
183 513 221 63 1208
446 506 221 63 1208
10125 1199 223 63 1208
10105 1197 223 63 1208
37 172 224 64 1209
514 482 221 64 1209
24 370 227 64 1209
10112 1198 223 64 1209
183 514 221 64 1209
429 545 221 64 1209
446 507 224 64 1209
10125 1200 217 64 1209
10105 1198 224 64 1209
37 173 221 65 1210
24 371 226 65 1210
10112 1199 233 65 1210
183 515 223 65 1210
429 546 223 65 1210
446 508 228 65 1210
10125 1201 221 65 1210
10105 1199 231 65 1210
37 174 232 66 1211
10112 1200 223 66 1211
183 516 230 66 1211
446 509 226 66 1211
10105 1200 229 66 1211
37 175 223 67 1212
10112 1201 219 67 1212
446 510 225 67 1212
10125 1203 212 67 1212
10105 1201 226 67 1212
10104 1201 209 68 1213
10112 1202 219 68 1213
183 518 227 68 1213
446 511 222 68 1213
10125 1204 211 68 1213
10105 1202 227 68 1213
10112 1203 221 69 1214
183 519 231 69 1214
10125 1205 208 69 1214
446 512 222 69 1214
10105 1203 227 69 1214
10112 1204 211 70 1215
183 520 225 70 1215
10125 1206 216 70 1215
446 513 225 70 1215
10105 1204 228 70 1215
717 522 225 70 1215
10137 1205 208 71 1216
10104 1204 208 71 1216
10112 1205 219 71 1216
236 519 223 71 1216
10125 1207 217 71 1216
10105 1205 221 71 1216
446 514 229 71 1216
717 523 229 71 1216
10112 1206 217 72 1217
10125 1208 219 72 1217
10105 1206 229 72 1217
717 524 225 72 1217
10112 1207 212 73 1218
10125 1209 221 73 1218
10105 1207 218 73 1218
10104 1207 210 74 1219
183 524 221 74 1219
429 555 231 74 1219
10125 1210 216 74 1219
10105 1208 217 74 1219
10104 1208 215 75 1220
10112 1209 209 75 1220
183 525 222 75 1220
10125 1211 221 75 1220
10105 1209 227 75 1220
717 527 228 75 1220
10112 1210 212 76 1221
183 526 222 76 1221
429 557 230 76 1221
10125 1212 219 76 1221
236 524 221 76 1221
717 528 221 76 1221
24 383 221 77 1222
10112 1211 217 77 1222
111 506 223 77 1222
236 525 225 77 1222
10125 1213 220 77 1222
717 529 227 77 1222
10105 1211 213 77 1222
10104 1211 209 78 1223
24 384 221 78 1223
10112 1212 215 78 1223
581 537 231 78 1223
183 528 221 78 1223
111 507 230 78 1223
429 559 224 78 1223
10125 1214 222 78 1223
236 526 224 78 1223
717 530 227 78 1223
10105 1212 227 78 1223
10104 1212 213 79 1224
170 517 221 79 1224
10112 1213 219 79 1224
183 529 233 79 1224
429 560 227 79 1224
236 527 221 79 1224
10125 1215 218 79 1224
717 531 227 79 1224
10105 1213 225 79 1224
446 522 223 79 1224
514 498 223 80 1225
10104 1213 215 80 1225
170 518 231 80 1225
10112 1214 223 80 1225
10131 1213 208 80 1225
183 530 221 80 1225
111 509 226 80 1225
429 561 225 80 1225
10125 1216 219 80 1225
717 532 229 80 1225
10105 1214 208 80 1225
446 523 221 80 1225
10104 1214 210 81 1226
10112 1215 218 81 1226
183 531 227 81 1226
588 527 226 81 1226
10125 1217 216 81 1226
10105 1215 223 81 1226
446 524 223 81 1226
24 388 224 82 1227
10112 1216 216 82 1227
10131 1215 208 82 1227
429 563 233 82 1227
717 534 239 82 1227
10125 1218 211 82 1227
10137 1217 208 82 1227
37 191 225 83 1228
10104 1216 217 83 1228
24 389 221 83 1228
10112 1217 221 83 1228
183 533 234 83 1228
111 512 221 83 1228
236 531 225 83 1228
10125 1219 216 83 1228
717 535 225 83 1228
10105 1217 230 83 1228
10112 1218 212 84 1229
183 534 229 84 1229
429 565 221 84 1229
588 530 225 84 1229
236 532 227 84 1229
10125 1220 220 84 1229
717 536 223 84 1229
10105 1218 215 84 1229
446 527 225 84 1229
37 193 223 84 1229
10104 1218 215 85 1230
10112 1219 212 85 1230
429 566 236 85 1230
111 514 223 85 1230
588 531 225 85 1230
236 533 227 85 1230
10125 1221 219 85 1230
10105 1219 211 85 1230
446 528 229 85 1230
10104 1219 209 85 1230
10112 1220 209 86 1231
183 536 230 86 1231
429 567 221 86 1231
10125 1222 221 86 1231
10105 1220 208 86 1231
446 529 233 86 1231
183 537 224 87 1232
111 516 222 87 1232
588 533 223 87 1232
236 535 221 87 1232
10125 1223 232 87 1232
717 539 238 87 1232
10105 1221 226 87 1232
446 530 236 87 1232
10104 1221 210 87 1232
24 394 223 88 1233
10112 1222 219 88 1233
183 538 227 88 1233
581 547 223 88 1233
429 569 225 88 1233
588 534 226 88 1233
236 536 223 88 1233
10125 1224 222 88 1233
717 540 225 88 1233
10105 1222 223 88 1233
446 531 224 88 1233
10104 1222 211 89 1234
10112 1223 209 89 1234
10131 1222 207 89 1234
581 548 223 89 1234
111 518 221 89 1234
588 535 227 89 1234
236 537 227 89 1234
10125 1225 220 89 1234
717 541 223 89 1234
10105 1223 223 89 1234
446 532 225 89 1234
10104 1223 211 90 1235
10112 1224 212 90 1235
183 540 223 90 1235
581 549 223 90 1235
588 536 221 90 1235
717 542 223 90 1235
10125 1226 222 90 1235
10105 1224 220 90 1235
446 533 231 90 1235
10104 1224 214 91 1236
170 529 223 91 1236
10112 1225 213 91 1236
183 541 231 91 1236
588 537 221 91 1236
10125 1227 222 91 1236
717 543 225 91 1236
10105 1225 212 91 1236
446 534 226 91 1236
10104 1225 208 92 1237
429 573 225 92 1237
588 538 233 92 1237
236 540 221 92 1237
10125 1228 216 92 1237
717 544 227 92 1237
10105 1226 223 92 1237
446 535 227 92 1237
170 531 225 92 1237
10104 1226 209 93 1238
24 399 221 93 1238
10112 1227 211 93 1238
183 543 222 93 1238
429 574 225 93 1238
10125 1229 214 93 1238
717 545 226 93 1238
10105 1227 214 93 1238
446 536 222 93 1238
10104 1227 211 94 1239
10112 1228 213 94 1239
183 544 221 94 1239
10125 1230 215 94 1239
717 546 230 94 1239
10105 1228 221 94 1239
446 537 227 94 1239
37 203 225 94 1239
10104 1228 209 95 1240
10112 1229 223 95 1240
717 547 221 95 1240
10125 1231 217 95 1240
10105 1229 223 95 1240
10104 1229 212 96 1241
170 534 222 96 1241
10112 1230 210 96 1241
183 546 226 96 1241
111 525 225 96 1241
236 544 225 96 1241
10125 1232 222 96 1241
10105 1230 212 96 1241
446 539 223 96 1241
170 535 221 97 1242
10104 1230 216 97 1242
10112 1231 210 97 1242
111 526 224 97 1242
717 549 224 97 1242
10105 1231 213 97 1242
446 540 221 97 1242
10104 1231 216 98 1243
10112 1232 217 98 1243
10125 1234 219 98 1243
446 541 231 98 1243
170 537 225 99 1244
10104 1232 223 99 1244
10112 1233 213 99 1244
429 580 221 99 1244
10125 1235 220 99 1244
717 551 221 99 1244
446 542 233 99 1244
514 518 222 99 1244
170 538 225 100 1245
10104 1233 225 100 1245
10112 1234 212 100 1245
10125 1236 219 100 1245
10105 1234 210 100 1245
446 543 230 100 1245
170 539 226 101 1246
10104 1234 210 101 1246
10112 1235 208 101 1246
10125 1237 217 101 1246
10105 1235 211 101 1246
446 544 237 101 1246
170 540 229 102 1247
10104 1235 223 102 1247
10112 1236 213 102 1247
10125 1238 219 102 1247
10105 1236 209 102 1247
446 545 225 102 1247
170 541 226 103 1248
10104 1236 223 103 1248
10112 1237 210 103 1248
10125 1239 213 103 1248
10105 1237 209 103 1248
446 546 231 103 1248
170 542 224 104 1249
10104 1237 221 104 1249
10112 1238 211 104 1249
10131 1237 208 104 1249
10125 1240 221 104 1249
446 547 222 104 1249
10104 1238 221 105 1250
10112 1239 210 105 1250
429 586 223 105 1250
588 551 223 105 1250
10125 1241 233 105 1250
10105 1239 207 105 1250
170 544 224 105 1250
10104 1239 219 105 1250
24 412 235 106 1251
10112 1240 215 106 1251
236 554 225 106 1251
717 558 229 106 1251
10125 1242 235 106 1251
10104 1240 218 107 1252
24 413 227 107 1252
10112 1241 212 107 1252
717 559 229 107 1252
10125 1243 232 107 1252
10105 1241 211 107 1252
10104 1241 218 108 1253
10125 1244 236 108 1253
10105 1242 209 108 1253
170 547 225 108 1253
10104 1242 214 109 1254
10125 1245 232 109 1254
10105 1243 216 109 1254
37 218 221 109 1254
514 528 225 109 1254
170 548 226 109 1254
10104 1243 216 110 1255
10114 1249 207 110 1255
10125 1246 235 110 1255
10105 1244 209 110 1255
514 529 227 111 1256
10104 1244 211 111 1256
24 417 225 111 1256
111 540 225 111 1256
10125 1247 236 111 1256
588 557 221 111 1256
10105 1245 209 111 1256
514 530 227 112 1257
10104 1245 219 112 1257
10112 1246 208 112 1257
111 541 221 112 1257
10125 1248 232 112 1257
10105 1246 217 112 1257
37 221 224 112 1257
10112 1247 217 113 1258
236 561 221 113 1258
10125 1249 227 113 1258
588 559 223 113 1258
10105 1247 225 113 1258
446 556 226 113 1258
10104 1247 207 114 1259
183 564 224 114 1259
10125 1250 222 114 1259
10105 1248 212 114 1259
10104 1248 209 115 1260
10112 1249 212 115 1260
183 565 230 115 1260
10125 1251 226 115 1260
10105 1249 217 115 1260
446 558 227 115 1260
236 564 227 116 1261
588 562 227 116 1261
10125 1252 233 116 1261
10105 1250 219 116 1261
37 225 221 116 1261
10112 1251 211 117 1262
183 567 225 117 1262
236 565 224 117 1262
10125 1253 219 117 1262
10105 1251 219 117 1262
37 226 226 117 1262
446 560 223 117 1262
10104 1251 212 118 1263
10112 1252 216 118 1263
183 568 221 118 1263
588 564 224 118 1263
10125 1254 213 118 1263
10105 1252 225 118 1263
37 227 223 118 1263
446 561 224 118 1263
10104 1252 211 119 1264
10112 1253 219 119 1264
236 567 228 119 1264
588 565 221 119 1264
10125 1255 223 119 1264
10105 1253 223 119 1264
10112 1254 217 120 1265
10146 1256 207 120 1265
10125 1256 223 120 1265
588 566 222 120 1265
10105 1254 217 120 1265
10104 1254 212 121 1266
10112 1255 213 121 1266
10131 1254 210 121 1266
588 567 232 121 1266
10125 1257 225 121 1266
37 230 221 121 1266
10104 1255 216 122 1267
170 560 223 122 1267
10131 1255 222 122 1267
10108 1258 223 122 1267
10125 1258 213 122 1267
10131 1256 208 123 1268
10108 1259 243 123 1268
10131 1257 219 124 1269
10108 1260 218 124 1269
483 7 238 124 1269
224 480 233 124 1269
320 22 239 125 1270
167 212 225 125 1270
633 561 236 125 1270
10007 1262 208 125 1270
425 454 225 126 1271
10143 1265 208 126 1271
10112 1262 212 128 1273
10122 1263 208 128 1273
10029 1265 215 128 1273
10129 1271 209 129 1274
10116 1265 213 129 1274
10129 1272 211 130 1275
10154 1269 211 130 1275
10156 1270 227 130 1275
662 427 221 131 1276
10154 1270 213 131 1276
172 585 239 131 1276
758 576 228 131 1276
10085 1278 209 131 1276
10031 1281 225 132 1277
10085 1279 219 132 1277
17 301 226 133 1278
10031 1282 207 133 1278
10085 1280 219 133 1278
17 302 225 134 1279
10031 1283 230 134 1279
10085 1281 217 134 1279
17 303 223 135 1280
474 164 228 135 1280
10031 1284 223 135 1280
10085 1282 215 135 1280
17 304 227 136 1281
10031 1285 225 136 1281
10085 1283 207 136 1281
10031 1287 217 138 1283
10085 1285 210 138 1283
208 595 231 139 1284
10173 1281 225 140 1285
10106 1283 223 140 1285
469 26 223 140 1285
367 265 230 140 1285
124 579 224 140 1285
543 260 225 140 1285
754 589 223 140 1285
307 593 225 140 1285
502 540 223 140 1285
419 576 233 140 1285
640 170 221 140 1285
10004 1282 209 140 1285
10076 1282 210 140 1285
335 592 225 140 1285
360 34 224 140 1285
678 16 221 140 1285
48 578 221 141 1286
10055 1286 210 141 1286
10018 613 215 141 1286
10098 1283 221 141 1286
119 559 233 141 1286
10140 1282 210 141 1286
84 592 231 141 1286
10158 1281 221 141 1286
709 586 227 141 1286
279 594 222 141 1286
10173 1282 209 141 1286
461 559 222 141 1286
215 505 229 141 1286
144 234 221 141 1286
10055 1287 209 142 1287
10018 614 228 142 1287
10084 1281 215 142 1287
59 496 221 142 1287
279 595 223 142 1287
111 571 223 142 1287
502 542 225 142 1287
640 172 221 142 1287
10078 1287 208 143 1288
8 541 223 143 1288
10055 1288 220 143 1288
10018 615 211 143 1288
119 561 235 143 1288
355 308 227 143 1288
10140 1284 219 143 1288
84 594 229 143 1288
10084 1282 209 143 1288
10158 1283 210 143 1288
709 588 225 143 1288
279 596 234 143 1288
10173 1284 213 143 1288
181 100 225 143 1288
469 29 223 143 1288
529 38 222 143 1288
466 90 223 143 1288
639 600 233 143 1288
662 440 221 144 1289
11 44 225 144 1289
10018 616 221 144 1289
119 562 241 144 1289
84 595 225 144 1289
709 589 222 144 1289
10173 1285 209 144 1289
559 473 225 144 1289
466 91 227 144 1289
10055 1290 215 145 1290
10018 617 213 145 1290
119 563 247 145 1290
10140 1286 211 145 1290
10158 1285 207 145 1290
279 598 226 145 1290
683 462 222 145 1290
466 92 223 145 1290
49 467 223 146 1291
10018 618 216 146 1291
119 564 221 146 1291
10140 1287 209 146 1291
10158 1286 218 146 1291
709 591 221 146 1291
10055 1292 212 147 1292
10018 619 213 147 1292
119 565 235 147 1292
10140 1288 208 147 1292
10158 1287 209 147 1292
466 94 221 147 1292
770 41 225 148 1293
10018 620 215 148 1293
119 566 237 148 1293
10140 1289 216 148 1293
10158 1288 211 148 1293
683 465 227 148 1293
754 597 227 148 1293
10055 1294 208 149 1294
10018 621 214 149 1294
119 567 237 149 1294
10140 1290 209 149 1294
10158 1289 212 149 1294
279 602 223 149 1294
648 315 222 149 1294
737 590 223 149 1294
466 96 227 149 1294
10055 1295 209 150 1295
10018 622 210 150 1295
119 568 239 150 1295
10140 1291 211 150 1295
10158 1290 213 150 1295
279 603 221 150 1295
181 107 225 150 1295
683 467 227 150 1295
385 62 222 150 1295
10076 1292 211 150 1295
10055 1296 213 151 1296
10018 623 218 151 1296
119 569 228 151 1296
10140 1292 213 151 1296
709 596 226 151 1296
84 602 222 151 1296
10158 1291 214 151 1296
279 604 222 151 1296
648 317 221 151 1296
400 421 222 151 1296
10076 1293 210 151 1296
678 27 225 151 1296
10018 624 223 152 1297
10140 1293 212 152 1297
10158 1292 209 152 1297
279 605 221 152 1297
10173 1293 208 152 1297
181 109 224 152 1297
466 99 223 152 1297
746 282 223 152 1297
10076 1294 211 152 1297
678 28 221 152 1297
360 46 221 152 1297
49 474 224 153 1298
10055 1298 210 153 1298
10018 625 221 153 1298
119 571 231 153 1298
10140 1294 212 153 1298
10158 1293 210 153 1298
10173 1294 208 153 1298
298 536 222 153 1298
712 604 222 153 1298
678 29 223 153 1298
10055 1299 206 154 1299
10018 626 218 154 1299
10098 1296 207 154 1299
119 572 245 154 1299
10140 1295 213 154 1299
10084 1293 209 154 1299
10158 1294 210 154 1299
10055 1300 209 155 1300
10018 627 223 155 1300
119 573 245 155 1300
10140 1296 208 155 1300
10084 1294 207 155 1300
762 31 222 155 1300
84 606 223 155 1300
279 608 221 155 1300
10173 1296 210 155 1300
10106 1298 207 155 1300
117 515 221 155 1300
683 472 227 155 1300
418 607 225 155 1300
678 31 223 155 1300
49 477 221 156 1301
10055 1301 211 156 1301
10018 628 224 156 1301
355 321 224 156 1301
119 574 235 156 1301
10140 1297 211 156 1301
279 609 221 156 1301
10173 1297 207 156 1301
400 426 227 156 1301
360 50 230 156 1301
678 32 221 156 1301
10018 629 217 157 1302
10098 1299 208 157 1302
119 575 237 157 1302
709 602 222 157 1302
10158 1297 212 157 1302
10173 1298 207 157 1302
683 474 224 157 1302
10076 1299 210 157 1302
678 33 221 157 1302
10055 1303 209 158 1303
119 576 239 158 1303
10140 1299 210 158 1303
709 603 222 158 1303
10158 1298 211 158 1303
279 611 223 158 1303
683 475 225 158 1303
678 34 225 158 1303
10055 1304 216 159 1304
10018 631 218 159 1304
119 577 227 159 1304
709 604 222 159 1304
10158 1299 215 159 1304
10173 1300 213 159 1304
10106 1302 209 159 1304
683 476 225 159 1304
466 106 229 159 1304
710 572 224 159 1304
94 55 229 159 1304
678 35 230 159 1304
10018 632 223 160 1305
119 578 235 160 1305
10140 1301 209 160 1305
709 605 222 160 1305
10158 1300 211 160 1305
279 613 223 160 1305
10106 1303 208 160 1305
678 36 226 160 1305
360 54 229 160 1305
770 54 224 161 1306
10018 633 223 161 1306
520 613 225 161 1306
10140 1302 211 161 1306
119 579 235 161 1306
10158 1301 208 161 1306
84 612 227 161 1306
10173 1302 208 161 1306
683 478 227 161 1306
466 108 227 161 1306
418 613 221 161 1306
215 525 221 161 1306
360 55 223 161 1306
678 37 223 161 1306
49 483 222 161 1306
10055 1307 215 162 1307
10018 634 213 162 1307
382 607 222 162 1307
119 580 237 162 1307
521 784 223 162 1307
10140 1303 213 162 1307
10084 1301 209 162 1307
500 592 221 162 1307
10158 1302 211 162 1307
84 613 221 162 1307
279 615 224 162 1307
466 109 225 162 1307
362 613 223 162 1307
215 526 223 162 1307
360 56 223 162 1307
49 484 234 162 1307
10055 1308 220 163 1308
10018 635 216 163 1308
182 52 222 163 1308
10140 1304 208 163 1308
84 614 221 163 1308
10158 1303 220 163 1308
10173 1304 211 163 1308
10106 1306 217 163 1308
543 283 223 163 1308
307 616 224 163 1308
385 75 225 163 1308
10004 1305 219 163 1308
179 443 221 163 1308
204 100 227 164 1309
315 294 223 164 1309
10055 1309 230 164 1309
386 204 225 164 1309
10018 636 217 164 1309
669 615 235 164 1309
251 610 221 164 1309
321 286 224 164 1309
10140 1305 215 164 1309
650 561 226 164 1309
560 616 221 164 1309
10173 1305 219 164 1309
611 604 222 164 1309
10106 1307 218 164 1309
124 603 223 164 1309
10040 1304 209 164 1309
671 625 225 164 1309
10076 1306 208 164 1309
669 616 231 165 1310
10098 1307 209 165 1310
701 615 223 165 1310
368 554 235 165 1310
408 619 227 165 1310
650 562 221 165 1310
10106 1308 212 165 1310
685 597 225 165 1310
10055 1311 215 166 1311
703 602 225 166 1311
460 335 241 166 1311
408 620 231 166 1311
10106 1309 208 166 1311
347 613 221 166 1311
685 598 232 166 1311
214 498 235 166 1311
252 53 221 166 1311
706 803 229 166 1311
669 618 233 167 1312
13 581 223 167 1312
10018 639 227 167 1312
10098 1309 218 167 1312
10158 1307 209 167 1312
368 556 243 167 1312
307 620 226 167 1312
466 114 225 167 1312
513 612 227 167 1312
255 213 221 167 1312
787 307 223 167 1312
10004 1309 209 167 1312
10076 1309 222 167 1312
351 428 229 168 1313
730 613 223 168 1313
662 464 222 168 1313
696 613 225 168 1313
315 298 227 168 1313
10055 1313 219 168 1313
10018 640 212 168 1313
520 620 221 168 1313
709 613 226 168 1313
649 41 223 168 1313
10140 1309 220 168 1313
500 598 222 168 1313
265 628 227 168 1313
10158 1308 213 168 1313
279 621 233 168 1313
10106 1311 213 168 1313
400 438 227 168 1313
428 626 224 168 1313
421 622 221 168 1313
708 53 223 168 1313
419 604 229 168 1313
487 56 222 168 1313
10076 1310 229 168 1313
10031 1317 206 168 1313
769 591 221 168 1313
49 490 221 168 1313
10055 1314 212 169 1314
408 623 223 169 1314
10173 1310 220 169 1314
699 516 232 169 1314
10106 1312 210 169 1314
10031 1318 227 169 1314
474 12 223 169 1314
10154 1309 221 170 1315
10085 1317 212 171 1316
650 568 223 171 1316
712 625 225 174 1319
10128 1314 207 174 1319
10123 1315 210 175 1320
10163 1323 211 175 1320
10063 1319 209 176 1321
10091 1320 209 176 1321
10172 1319 215 179 1324
10028 1325 217 179 1324
10066 1327 212 180 1325
10072 1328 215 180 1325
10041 1324 210 180 1325
10017 1323 208 180 1325
10151 1326 208 181 1326
10019 1328 221 181 1326
621 631 223 181 1326
10022 1330 207 182 1327
10041 1326 207 182 1327
10019 1329 215 182 1327
10017 1325 208 182 1327
10152 1331 209 183 1328
10151 1328 208 183 1328
10019 1330 213 183 1328
10152 1332 209 184 1329
10019 1331 217 184 1329
10151 1330 208 185 1330
10017 1328 207 185 1330
10151 1331 212 186 1331
10008 1331 208 187 1332
10152 1335 210 187 1332
10151 1332 209 187 1332
10022 1335 209 187 1332
701 638 223 188 1333
10019 1335 212 188 1333
362 639 223 188 1333
10151 1334 212 189 1334
10042 1336 208 189 1334
621 639 227 189 1334
10008 1334 217 190 1335
10152 1338 223 190 1335
10034 1339 208 190 1335
10042 1337 209 190 1335
10008 1335 210 191 1336
10152 1339 217 191 1336
10011 1336 212 191 1336
10082 1335 213 191 1336
10001 1341 207 191 1336
10008 1336 211 192 1337
10152 1340 215 192 1337
10011 1337 207 192 1337
10151 1337 210 192 1337
10034 1341 221 192 1337
10042 1339 209 192 1337
10152 1341 225 193 1338
541 349 222 193 1338
10011 1338 218 193 1338
10034 1342 209 193 1338
10008 1338 208 194 1339
10152 1342 211 194 1339
541 350 225 194 1339
10011 1339 211 194 1339
10034 1344 212 195 1340
10152 1344 216 195 1340
10011 1341 210 196 1341
10151 1341 218 196 1341
10034 1345 210 196 1341
10001 1346 209 196 1341
10011 1342 214 197 1342
10034 1346 208 197 1342
10008 1342 208 197 1342
10152 1346 217 197 1342
701 648 221 198 1343
10011 1343 207 198 1343
10151 1343 217 198 1343
10034 1347 209 198 1343
10001 1348 207 198 1343
10008 1343 207 198 1343
10152 1347 217 198 1343
541 355 221 198 1343
10011 1344 207 199 1344
10151 1344 211 199 1344
493 636 221 199 1344
10008 1344 206 199 1344
10152 1348 215 199 1344
541 356 221 199 1344
10151 1345 213 200 1345
10034 1349 212 200 1345
10008 1345 208 200 1345
10152 1349 219 200 1345
541 357 221 200 1345
10011 1346 208 201 1346
10151 1346 214 201 1346
10034 1350 211 201 1346
10001 1351 206 201 1346
10008 1346 207 201 1346
10152 1350 217 201 1346
10011 1347 209 202 1347
10151 1347 213 202 1347
10034 1351 211 202 1347
10152 1351 217 202 1347
541 359 222 202 1347
10151 1348 213 203 1348
10034 1352 213 203 1348
10008 1348 208 203 1348
541 360 226 203 1348
701 654 221 204 1349
10151 1349 213 204 1349
10152 1353 213 204 1349
541 361 227 204 1349
10151 1350 212 205 1350
10034 1354 215 205 1350
10001 1355 210 205 1350
10008 1350 210 205 1350
10152 1354 218 205 1350
701 656 225 206 1351
10011 1351 229 206 1351
10072 1354 210 206 1351
427 671 229 206 1351
215 570 222 206 1351
10008 1351 214 206 1351
10152 1355 225 206 1351
10072 1355 215 207 1352
10151 1352 219 207 1352
10034 1356 207 207 1352
10041 1351 208 207 1352
215 571 246 207 1352
10152 1356 210 207 1352
10151 1353 214 208 1353
10041 1352 208 208 1353
149 16 223 208 1353
10152 1357 208 208 1353
10072 1357 211 209 1354
10151 1354 223 209 1354
215 573 240 209 1354
10072 1358 208 210 1355
10151 1355 216 210 1355
10001 1360 207 210 1355
215 574 246 210 1355
10151 1356 211 211 1356
10041 1355 207 211 1356
10001 1361 209 211 1356
215 575 239 211 1356
10072 1360 211 212 1357
10151 1357 221 212 1357
10034 1361 210 212 1357
10001 1362 209 212 1357
215 576 237 212 1357
10152 1361 222 212 1357
701 663 231 213 1358
10011 1358 211 213 1358
10034 1362 210 213 1358
493 650 223 213 1358
8 612 223 213 1358
10152 1362 211 213 1358
10034 1363 209 214 1359
10019 1361 207 214 1359
215 578 242 214 1359
10152 1363 215 214 1359
279 28 237 215 1360
713 664 228 215 1360
10151 1360 209 215 1360
10022 1363 211 215 1360
111 644 225 215 1360
10019 1362 214 215 1360
10017 1358 208 215 1360
606 627 221 215 1360
215 579 247 215 1360
671 676 221 215 1360
10045 1363 209 215 1360
109 643 221 215 1360
279 29 224 216 1361
349 663 230 216 1361
10072 1364 210 216 1361
10082 1360 211 216 1361
10028 1362 223 216 1361
10019 1363 227 216 1361
215 580 237 216 1361
10045 1364 219 216 1361
349 664 221 217 1362
279 30 225 217 1362
10028 1363 210 217 1362
215 581 235 217 1362
10035 1364 210 217 1362
10043 1362 208 219 1364
10043 1363 215 220 1365
10091 1364 209 220 1365
10067 1362 209 220 1365
10123 1361 214 221 1366
65 617 221 221 1366
10163 1369 208 221 1366
10062 1364 209 221 1366
125 116 221 221 1366
208 677 226 221 1366
10128 1361 208 221 1366
539 82 221 221 1366
559 550 223 221 1366
10101 1360 207 221 1366
10068 1372 207 221 1366
364 674 223 221 1366
663 672 227 221 1366
416 671 223 222 1367
712 673 221 222 1367
639 679 223 222 1367
335 674 237 222 1367
10128 1362 219 222 1367
635 433 223 222 1367
2 669 236 222 1367
10061 1372 210 222 1367
10068 1373 214 222 1367
709 668 225 222 1367
416 672 221 223 1368
10138 1362 207 223 1368
171 110 234 223 1368
10163 1371 209 223 1368
335 675 225 223 1368
555 667 231 223 1368
10062 1366 212 223 1368
10164 1163 209 223 1368
139 658 226 223 1368
329 610 227 223 1368
43 676 239 223 1368
10043 1367 208 223 1368
529 119 231 224 1369
368 613 235 224 1369
208 680 226 224 1369
10091 1368 220 224 1369
10043 1368 215 224 1369
208 681 247 225 1370
208 682 237 226 1371
10035 1374 223 227 1372
10045 1375 212 227 1372
10072 1376 217 228 1373
10082 1372 221 228 1373
10028 1374 227 228 1373
10020 1373 207 228 1373
10019 1375 219 228 1373
671 689 237 228 1373
10049 1376 207 228 1373
310 671 226 229 1374
228 689 221 229 1374
713 678 229 229 1374
670 235 235 229 1374
10151 1374 208 229 1374
10028 1375 210 229 1374
229 688 223 229 1374
10042 1376 208 229 1374
10008 1374 208 229 1374
10152 1378 213 229 1374
10151 1375 207 230 1375
493 667 223 230 1375
10008 1375 214 230 1375
10152 1379 221 230 1375
324 42 224 230 1375
541 387 232 230 1375
10011 1376 213 231 1376
10034 1380 215 231 1376
286 679 239 231 1376
10017 1374 210 231 1376
10021 1376 208 232 1377
10066 1379 220 232 1377
10072 1380 217 232 1377
407 26 231 232 1377
10082 1376 231 232 1377
10028 1378 213 232 1377
193 672 221 232 1377
398 689 225 232 1377
10020 1377 208 232 1377
10019 1379 223 232 1377
99 415 232 232 1377
411 51 245 232 1377
10045 1380 212 232 1377
10021 1377 217 233 1378
130 680 222 233 1378
10151 1378 216 233 1378
10022 1381 208 233 1378
702 687 239 233 1378
10041 1377 209 233 1378
10001 1383 208 233 1378
10008 1378 209 233 1378
10152 1382 220 233 1378
378 654 224 234 1379
475 209 231 234 1379
654 676 235 234 1379
10011 1379 219 234 1379
408 688 227 234 1379
10151 1379 209 234 1379
10034 1383 217 234 1379
228 5 226 234 1379
541 391 229 234 1379
10011 1380 221 235 1380
10151 1380 208 235 1380
10022 1383 207 235 1380
10034 1384 229 235 1380
398 692 221 235 1380
10041 1379 209 235 1380
10042 1382 211 235 1380
10008 1380 215 235 1380
10152 1384 227 235 1380
541 392 221 235 1380
10011 1381 210 236 1381
10151 1381 211 236 1381
10034 1385 217 236 1381
10152 1385 207 236 1381
10011 1382 208 237 1382
10034 1386 218 237 1382
10008 1382 208 237 1382
10152 1386 211 237 1382
10011 1383 218 238 1383
10034 1387 218 238 1383
10042 1385 219 238 1383
10008 1383 208 238 1383
10152 1387 218 238 1383
10011 1384 222 239 1384
10151 1384 210 239 1384
10034 1388 221 239 1384
286 687 224 239 1384
10008 1384 214 239 1384
10152 1388 221 239 1384
10011 1385 210 240 1385
254 521 221 240 1385
10034 1389 218 240 1385
10042 1387 210 240 1385
10008 1385 209 240 1385
10152 1389 225 240 1385
10011 1386 216 241 1386
254 522 233 241 1386
10151 1386 213 241 1386
555 685 221 241 1386
10034 1390 220 241 1386
10042 1388 211 241 1386
10008 1386 209 241 1386
10152 1390 223 241 1386
595 380 223 241 1386
10011 1387 212 242 1387
254 523 226 242 1387
10151 1387 211 242 1387
286 690 224 242 1387
10034 1391 217 242 1387
229 701 235 242 1387
10042 1389 210 242 1387
10008 1387 209 242 1387
10152 1391 227 242 1387
595 381 221 242 1387
10011 1388 218 243 1388
713 692 222 243 1388
10151 1388 210 243 1388
10034 1392 217 243 1388
10042 1390 211 243 1388
10008 1388 209 243 1388
10152 1392 224 243 1388
541 400 221 243 1388
10011 1389 220 244 1389
761 692 223 244 1389
254 525 223 244 1389
10151 1389 211 244 1389
286 692 232 244 1389
10034 1393 220 244 1389
10042 1391 208 244 1389
493 681 221 244 1389
10152 1393 225 244 1389
254 526 229 245 1390
10011 1390 209 245 1390
10151 1390 210 245 1390
10034 1394 225 245 1390
10042 1392 210 245 1390
671 706 226 245 1390
10152 1394 225 245 1390
595 384 223 245 1390
10151 1391 207 246 1391
10034 1395 224 246 1391
10042 1393 207 246 1391
10008 1391 210 246 1391
10152 1395 223 246 1391
10011 1392 214 247 1392
254 528 223 247 1392
10151 1392 211 247 1392
286 695 223 247 1392
10034 1396 226 247 1392
10042 1394 211 247 1392
10008 1392 210 247 1392
10152 1396 223 247 1392
662 544 223 247 1392
254 529 222 248 1393
10151 1393 209 248 1393
286 696 221 248 1393
10034 1397 225 248 1393
10042 1395 209 248 1393
621 698 224 248 1393
229 707 223 248 1393
10008 1393 209 248 1393
10152 1397 223 248 1393
10011 1394 221 249 1394
254 530 226 249 1394
111 678 223 249 1394
713 698 225 249 1394
10034 1398 223 249 1394
10042 1396 208 249 1394
229 708 225 249 1394
10152 1398 225 249 1394
10011 1395 222 250 1395
254 531 225 250 1395
10151 1395 208 250 1395
286 698 231 250 1395
10034 1399 222 250 1395
10042 1397 209 250 1395
229 709 223 250 1395
10152 1399 225 250 1395
10011 1396 223 251 1396
254 532 226 251 1396
10151 1396 209 251 1396
298 634 223 251 1396
286 699 229 251 1396
10034 1400 222 251 1396
229 710 222 251 1396
10152 1400 225 251 1396
10034 1401 216 252 1397
10034 1402 209 253 1398
10011 1399 211 254 1399
10034 1403 213 254 1399
10008 1399 208 254 1399
10152 1403 209 254 1399
10011 1400 218 255 1400
10151 1400 219 255 1400
286 703 233 255 1400
10034 1404 226 255 1400
10008 1400 209 255 1400
10152 1404 221 255 1400
254 537 222 256 1401
10011 1401 215 256 1401
111 685 223 256 1401
713 705 225 256 1401
10034 1405 224 256 1401
228 27 221 256 1401
10042 1403 209 256 1401
671 717 224 256 1401
10152 1405 208 256 1401
254 538 227 257 1402
10011 1402 226 257 1402
10151 1402 210 257 1402
10034 1406 226 257 1402
10042 1404 216 257 1402
10008 1402 210 257 1402
10152 1406 221 257 1402
595 396 231 257 1402
382 703 221 257 1402
254 539 223 258 1403
10151 1403 212 258 1403
713 707 222 258 1403
111 687 229 258 1403
10034 1407 223 258 1403
434 703 225 258 1403
10042 1405 216 258 1403
671 719 225 258 1403
10008 1403 210 258 1403
595 397 234 258 1403
10152 1407 222 258 1403
541 415 222 258 1403
254 540 231 259 1404
10011 1404 221 259 1404
10151 1404 211 259 1404
713 708 225 259 1404
111 688 225 259 1404
10034 1408 225 259 1404
434 704 221 259 1404
10042 1406 211 259 1404
229 718 221 259 1404
10008 1404 210 259 1404
595 398 227 259 1404
10152 1408 222 259 1404
541 416 221 259 1404
254 541 226 260 1405
10011 1405 221 260 1405
10151 1405 210 260 1405
713 709 225 260 1405
111 689 221 260 1405
10034 1409 226 260 1405
434 705 232 260 1405
10042 1407 212 260 1405
671 721 223 260 1405
595 399 232 260 1405
10152 1409 219 260 1405
254 542 229 261 1406
10011 1406 219 261 1406
10151 1406 209 261 1406
111 690 223 261 1406
10034 1410 225 261 1406
434 706 230 261 1406
10042 1408 211 261 1406
581 87 221 261 1406
229 720 221 261 1406
671 722 223 261 1406
10008 1406 210 261 1406
595 400 226 261 1406
10152 1410 223 261 1406
254 543 228 262 1407
10011 1407 217 262 1407
111 691 221 262 1407
10034 1411 223 262 1407
434 707 235 262 1407
10042 1409 210 262 1407
595 401 224 262 1407
621 712 221 262 1407
10008 1407 211 262 1407
10152 1411 222 262 1407
254 544 227 263 1408
10011 1408 219 263 1408
10151 1408 209 263 1408
713 712 226 263 1408
111 692 224 263 1408
10034 1412 225 263 1408
434 708 224 263 1408
10042 1410 209 263 1408
671 724 227 263 1408
621 713 221 263 1408
595 402 231 263 1408
10008 1408 209 263 1408
10152 1412 221 263 1408
254 545 225 263 1408
10011 1409 208 264 1409
111 693 223 264 1409
713 713 223 264 1409
10034 1413 227 264 1409
434 709 244 264 1409
10042 1411 210 264 1409
10008 1409 209 264 1409
595 403 235 264 1409
10152 1413 223 264 1409
382 710 221 264 1409
254 546 226 265 1410
10011 1410 215 265 1410
10151 1410 208 265 1410
111 694 224 265 1410
713 714 225 265 1410
10034 1414 227 265 1410
434 710 221 265 1410
10042 1412 209 265 1410
671 726 224 265 1410
595 404 233 265 1410
10152 1414 227 265 1410
10011 1411 217 266 1411
10151 1411 209 266 1411
286 714 225 266 1411
713 715 226 266 1411
10034 1415 207 266 1411
595 405 233 266 1411
10008 1411 208 266 1411
10152 1415 226 266 1411
10011 1412 216 267 1412
286 715 221 267 1412
671 728 221 267 1412
10008 1412 207 267 1412
595 406 235 267 1412
10152 1416 226 267 1412
10011 1413 215 268 1413
286 716 222 268 1413
10042 1415 207 268 1413
595 407 235 268 1413
10008 1413 209 268 1413
10152 1417 226 268 1413
10011 1414 217 269 1414
10151 1414 208 269 1414
713 718 222 269 1414
10034 1418 216 269 1414
671 730 221 269 1414
595 408 239 269 1414
10152 1418 225 269 1414
10011 1415 215 270 1415
10151 1415 210 270 1415
286 718 225 270 1415
111 699 223 270 1415
10034 1419 211 270 1415
10042 1417 209 270 1415
671 731 221 270 1415
595 409 239 270 1415
10152 1419 226 270 1415
10011 1416 216 271 1416
10034 1420 211 271 1416
434 716 222 271 1416
10042 1418 207 271 1416
671 732 223 271 1416
595 410 227 271 1416
10152 1420 225 271 1416
10011 1417 215 272 1417
10034 1421 213 272 1417
671 733 221 272 1417
10008 1417 209 272 1417
595 411 224 272 1417
10152 1421 226 272 1417
10011 1418 211 273 1418
286 721 223 273 1418
10034 1422 212 273 1418
10008 1418 208 273 1418
595 412 245 273 1418
10152 1422 226 273 1418
382 719 221 273 1418
10011 1419 216 274 1419
286 722 221 274 1419
10151 1419 210 274 1419
10034 1423 211 274 1419
111 703 221 274 1419
10042 1421 208 274 1419
595 413 243 274 1419
10152 1423 225 274 1419
382 720 221 274 1419
10011 1420 214 275 1420
10151 1420 208 275 1420
10034 1424 210 275 1420
10042 1422 208 275 1420
10008 1420 207 275 1420
595 414 243 275 1420
10152 1424 225 275 1420
10011 1421 216 276 1421
10151 1421 208 276 1421
10034 1425 208 276 1421
10042 1423 207 276 1421
595 415 245 276 1421
10152 1425 224 276 1421
10011 1422 212 277 1422
286 725 221 277 1422
10151 1422 208 277 1422
10034 1426 211 277 1422
713 726 221 277 1422
10042 1424 210 277 1422
595 416 239 277 1422
10008 1422 207 277 1422
10152 1426 226 277 1422
10011 1423 212 277 1422
286 726 223 278 1423
10151 1423 208 278 1423
10034 1427 211 278 1423
10042 1425 211 278 1423
595 417 231 278 1423
10152 1427 225 278 1423
10011 1424 217 279 1424
286 727 224 279 1424
10151 1424 209 279 1424
10034 1428 211 279 1424
10042 1426 211 279 1424
595 418 240 279 1424
10152 1428 225 279 1424
10011 1425 216 279 1424
286 728 225 280 1425
10151 1425 209 280 1425
10034 1429 213 280 1425
10042 1427 210 280 1425
595 419 240 280 1425
10152 1429 225 280 1425
10011 1426 212 280 1425
286 729 225 281 1426
10151 1426 210 281 1426
10034 1430 210 281 1426
111 710 221 281 1426
10042 1428 210 281 1426
595 420 240 281 1426
10152 1430 224 281 1426
10011 1427 214 281 1426
286 730 225 281 1426
10151 1427 209 282 1427
10034 1431 210 282 1427
111 711 221 282 1427
10042 1429 211 282 1427
595 421 240 282 1427
10152 1431 225 282 1427
10011 1428 217 282 1427
286 731 225 283 1428
10151 1428 208 283 1428
10034 1432 212 283 1428
10042 1430 210 283 1428
595 422 240 283 1428
10152 1432 223 283 1428
10011 1429 213 283 1428
286 732 221 284 1429
10151 1429 208 284 1429
10034 1433 213 284 1429
111 713 223 284 1429
10042 1431 211 284 1429
595 423 239 284 1429
10152 1433 227 284 1429
254 566 223 284 1429
10011 1430 214 284 1429
10151 1430 209 285 1430
10034 1434 212 285 1430
111 714 221 285 1430
10042 1432 211 285 1430
595 424 240 285 1430
10152 1434 227 285 1430
254 567 221 285 1430
10011 1431 210 285 1430
10151 1431 208 286 1431
10034 1435 213 286 1431
111 715 221 286 1431
10042 1433 209 286 1431
595 425 239 286 1431
10152 1435 227 286 1431
10011 1432 211 286 1431
10151 1432 210 287 1432
10034 1436 212 287 1432
111 716 221 287 1432
10042 1434 208 287 1432
595 426 239 287 1432
10152 1436 227 287 1432
254 569 221 287 1432
10011 1433 211 287 1432
10034 1437 216 288 1433
10042 1435 208 288 1433
10008 1433 211 288 1433
595 427 237 288 1433
10152 1437 216 288 1433
229 747 226 288 1433
10011 1434 219 288 1433
286 737 225 288 1433
10151 1434 208 289 1434
10034 1438 227 289 1434
713 738 229 289 1434
621 739 229 289 1434
229 748 223 289 1434
10152 1438 222 289 1434
10011 1435 221 289 1434
111 719 221 290 1435
10034 1439 229 290 1435
713 739 225 290 1435
595 429 221 290 1435
10152 1439 208 290 1435
382 736 221 290 1435
254 572 225 290 1435
10011 1436 209 290 1435
286 739 224 291 1436
10151 1436 208 291 1436
10034 1440 210 291 1436
10042 1438 208 291 1436
621 741 221 291 1436
595 430 226 291 1436
10152 1440 219 291 1436
254 573 227 291 1436
10011 1437 210 291 1436
286 740 227 291 1436
111 721 223 292 1437
10042 1439 211 292 1437
595 431 231 292 1437
10152 1441 213 292 1437
254 574 225 292 1437
10011 1438 217 292 1437
10034 1442 220 293 1438
555 737 221 293 1438
10042 1440 210 293 1438
10152 1442 212 293 1438
254 575 222 293 1438
10011 1439 221 293 1438
10034 1443 218 294 1439
555 738 221 294 1439
10042 1441 209 294 1439
10152 1443 213 294 1439
254 576 221 294 1439
10011 1440 221 294 1439
10151 1440 210 295 1440
10034 1444 224 295 1440
10001 1445 208 295 1440
595 434 247 295 1440
10152 1444 223 295 1440
382 741 225 295 1440
254 577 228 295 1440
10011 1441 214 295 1440
10151 1441 208 296 1441
10034 1445 231 296 1441
10042 1443 209 296 1441
10001 1446 208 296 1441
671 757 223 296 1441
595 435 241 296 1441
382 742 225 296 1441
254 578 224 296 1441
286 745 225 296 1441
10151 1442 212 297 1442
10034 1446 217 297 1442
581 123 221 297 1442
10042 1444 209 297 1442
10008 1442 209 297 1442
595 436 240 297 1442
10152 1446 231 297 1442
254 579 223 297 1442
10011 1443 215 297 1442
286 746 231 297 1442
10151 1443 211 298 1443
10022 1446 207 298 1443
10034 1447 225 298 1443
581 124 221 298 1443
10042 1445 209 298 1443
10008 1443 209 298 1443
595 437 239 298 1443
10152 1447 231 298 1443
254 580 221 298 1443
10011 1444 216 298 1443
286 747 231 298 1443
10151 1444 211 299 1444
10022 1447 209 299 1444
10034 1448 227 299 1444
581 125 221 299 1444
10042 1446 209 299 1444
10008 1444 209 299 1444
595 438 239 299 1444
10152 1448 231 299 1444
10011 1445 219 299 1444
286 748 231 299 1444
10151 1445 212 300 1445
10022 1448 208 300 1445
10034 1449 225 300 1445
10042 1447 211 300 1445
10008 1445 211 300 1445
595 439 239 300 1445
10152 1449 231 300 1445
10011 1446 211 300 1445
286 749 230 300 1445
10151 1446 210 301 1446
10022 1449 207 301 1446
10034 1450 225 301 1446
10042 1448 212 301 1446
10008 1446 211 301 1446
595 440 238 301 1446
10152 1450 231 301 1446
10011 1447 221 301 1446
286 750 229 301 1446
10151 1447 215 301 1446
10022 1450 207 302 1447
10034 1451 225 302 1447
713 751 225 302 1447
10042 1449 212 302 1447
595 441 239 302 1447
10152 1451 227 302 1447
229 761 221 302 1447
10011 1448 219 302 1447
286 751 229 302 1447
10151 1448 212 303 1448
10034 1452 224 303 1448
713 752 226 303 1448
10042 1450 212 303 1448
595 442 239 303 1448
10152 1452 227 303 1448
10011 1449 221 303 1448
286 752 231 303 1448
10151 1449 214 304 1449
434 749 221 304 1449
10034 1453 225 304 1449
713 753 225 304 1449
10042 1451 211 304 1449
595 443 240 304 1449
10152 1453 228 304 1449
382 750 226 304 1449
10011 1450 221 304 1449
286 753 229 304 1449
10151 1450 214 305 1450
10034 1454 223 305 1450
10042 1452 214 305 1450
671 766 222 305 1450
10152 1454 227 305 1450
382 751 227 305 1450
254 587 221 305 1450
10011 1451 208 305 1450
286 754 227 305 1450
10151 1451 211 306 1451
10034 1455 219 306 1451
10042 1453 214 306 1451
671 767 223 306 1451
595 445 240 306 1451
10152 1455 226 306 1451
382 752 226 306 1451
10011 1452 215 306 1451
286 755 225 306 1451
10151 1452 209 307 1452
10034 1456 221 307 1452
713 756 224 307 1452
10042 1454 213 307 1452
671 768 221 307 1452
595 446 227 307 1452
10152 1456 225 307 1452
382 753 225 307 1452
10011 1453 216 307 1452
286 756 229 308 1453
10151 1453 211 308 1453
10034 1457 218 308 1453
713 757 225 308 1453
10042 1455 215 308 1453
671 769 222 308 1453
595 447 235 308 1453
10152 1457 225 308 1453
382 754 225 308 1453
10011 1454 216 308 1453
286 757 228 309 1454
10151 1454 211 309 1454
10034 1458 211 309 1454
713 758 226 309 1454
10042 1456 214 309 1454
671 770 222 309 1454
595 448 235 309 1454
10152 1458 225 309 1454
229 768 224 309 1454
382 755 226 309 1454
254 591 221 309 1454
10011 1455 211 309 1454
286 758 229 310 1455
10151 1455 211 310 1455
10034 1459 217 310 1455
713 759 227 310 1455
671 771 221 310 1455
595 449 235 310 1455
10152 1459 225 310 1455
229 769 223 310 1455
382 756 224 310 1455
254 592 221 310 1455
10011 1456 216 310 1455
286 759 227 311 1456
10151 1456 213 311 1456
10034 1460 215 311 1456
713 760 226 311 1456
10042 1458 211 311 1456
595 450 235 311 1456
10152 1460 225 311 1456
229 770 221 311 1456
382 757 225 311 1456
254 593 222 311 1456
10011 1457 209 311 1456
10151 1457 213 312 1457
286 760 227 312 1457
10034 1461 219 312 1457
713 761 225 312 1457
671 773 221 312 1457
10042 1459 211 312 1457
595 451 237 312 1457
10152 1461 226 312 1457
382 758 225 312 1457
254 594 222 312 1457
10011 1458 211 312 1457
10151 1458 214 313 1458
10034 1462 213 313 1458
111 742 221 313 1458
713 762 223 313 1458
10042 1460 212 313 1458
10152 1462 225 313 1458
382 759 224 313 1458
10011 1459 212 313 1458
10151 1459 213 314 1459
10034 1463 212 314 1459
713 763 223 314 1459
10042 1461 212 314 1459
10152 1463 225 314 1459
254 596 221 314 1459
382 760 223 314 1459
10011 1460 208 314 1459
10151 1460 217 315 1460
10022 1463 207 315 1460
10034 1464 213 315 1460
713 764 223 315 1460
10042 1462 211 315 1460
10152 1464 226 315 1460
254 597 223 315 1460
382 761 223 315 1460
10011 1461 213 315 1460
10151 1461 215 316 1461
10034 1465 223 316 1461
713 765 227 316 1461
10042 1463 212 316 1461
10152 1465 213 316 1461
254 598 225 316 1461
10011 1462 220 316 1461
10034 1466 226 317 1462
111 746 226 317 1462
10042 1464 211 317 1462
10008 1462 207 317 1462
254 599 225 317 1462
10011 1463 222 317 1462
10034 1467 227 318 1463
111 747 226 318 1463
10042 1465 213 318 1463
10152 1467 208 318 1463
254 600 226 318 1463
10011 1464 222 318 1463
10151 1464 209 319 1464
10034 1468 227 319 1464
111 748 227 319 1464
206 739 224 319 1464
10152 1468 209 319 1464
254 601 226 319 1464
10011 1465 223 319 1464
10151 1465 208 320 1465
286 768 225 320 1465
10034 1469 226 320 1465
111 749 228 320 1465
298 703 225 320 1465
10042 1467 208 320 1465
10152 1469 210 320 1465
254 602 225 320 1465
10011 1466 220 320 1465
10151 1466 209 321 1466
286 769 223 321 1466
10034 1470 227 321 1466
111 750 227 321 1466
298 704 221 321 1466
10042 1468 214 321 1466
10152 1470 212 321 1466
254 603 224 321 1466
10011 1467 220 321 1466
10151 1467 210 322 1467
286 770 221 322 1467
10034 1471 226 322 1467
111 751 227 322 1467
10042 1469 217 322 1467
10152 1471 218 322 1467
254 604 222 322 1467
10011 1468 221 322 1467
10151 1468 211 323 1468
286 771 222 323 1468
10034 1472 225 323 1468
111 752 227 323 1468
671 784 221 323 1468
10042 1470 217 323 1468
10152 1472 220 323 1468
621 773 223 323 1468
254 605 221 323 1468
10011 1469 217 323 1468
10151 1469 210 324 1469
10034 1473 225 324 1469
10008 1469 209 324 1469
10152 1473 224 324 1469
10011 1470 211 324 1469
10151 1470 211 324 1469
286 773 221 325 1470
10034 1474 226 325 1470
713 774 223 325 1470
10152 1474 220 325 1470
10011 1471 212 325 1470
10034 1475 210 326 1471
10152 1475 220 326 1471
10011 1472 210 326 1471
10152 1476 220 327 1472
10011 1473 211 327 1472
10152 1477 220 328 1473
10152 1478 220 329 1474
10011 1475 213 329 1474
10152 1479 219 330 1475
10011 1476 213 330 1475
10152 1480 220 331 1476
10011 1477 213 331 1476
10034 1481 217 332 1477
713 781 222 332 1477
10152 1481 215 332 1477
10011 1478 207 332 1477
10034 1482 225 333 1478
10042 1480 209 333 1478
10152 1482 221 333 1478
10151 1479 207 333 1478
10034 1483 223 334 1479
595 473 223 334 1479
10008 1479 209 334 1479
10152 1483 219 334 1479
621 784 229 334 1479
229 793 224 334 1479
10011 1480 223 334 1479
10151 1480 218 334 1479
10034 1484 221 335 1480
111 764 225 335 1480
671 796 223 335 1480
10042 1482 215 335 1480
10008 1480 212 335 1480
382 781 223 335 1480
10011 1481 223 335 1480
286 784 222 335 1480
10151 1481 213 335 1480
10034 1485 217 336 1481
671 797 223 336 1481
581 162 221 336 1481
10042 1483 214 336 1481
595 475 222 336 1481
10008 1481 209 336 1481
10152 1485 217 336 1481
382 782 222 336 1481
621 786 225 336 1481
229 795 221 336 1481
10011 1482 221 336 1481
10034 1486 217 337 1482
713 786 223 337 1482
111 766 223 337 1482
671 798 227 337 1482
581 163 223 337 1482
10152 1486 222 337 1482
621 787 225 337 1482
382 783 221 337 1482
10011 1483 219 337 1482
10034 1487 217 338 1483
671 799 226 338 1483
10008 1483 207 338 1483
10152 1487 223 338 1483
621 788 225 338 1483
382 784 221 338 1483
10011 1484 222 338 1483
10034 1488 218 339 1484
671 800 226 339 1484
10042 1486 211 339 1484
581 165 221 339 1484
10008 1484 214 339 1484
10152 1488 214 339 1484
10011 1485 219 339 1484
10034 1489 215 340 1485
111 769 223 340 1485
10008 1485 212 340 1485
10152 1489 214 340 1485
254 622 221 340 1485
10011 1486 219 340 1485
10151 1486 208 341 1486
10034 1490 219 341 1486
713 790 221 341 1486
111 770 222 341 1486
10008 1486 212 341 1486
10152 1490 213 341 1486
229 800 221 341 1486
10011 1487 221 341 1486
10034 1491 223 342 1487
713 791 222 342 1487
434 787 221 342 1487
10008 1487 211 342 1487
10152 1491 213 342 1487
229 801 221 342 1487
10011 1488 222 342 1487
286 791 221 343 1488
10034 1492 223 343 1488
10042 1490 207 343 1488
10008 1488 212 343 1488
10152 1492 213 343 1488
229 802 225 343 1488
10011 1489 224 343 1488
286 792 222 344 1489
10034 1493 222 344 1489
713 793 223 344 1489
10008 1489 212 344 1489
10152 1493 214 344 1489
229 803 223 344 1489
10011 1490 224 344 1489
286 793 223 345 1490
10151 1490 208 345 1490
10034 1494 223 345 1490
713 794 223 345 1490
671 806 225 345 1490
10008 1490 212 345 1490
10152 1494 215 345 1490
229 804 221 345 1490
10011 1491 224 345 1490
286 794 222 346 1491
10151 1491 209 346 1491
10034 1495 223 346 1491
713 795 223 346 1491
671 807 226 346 1491
10008 1491 212 346 1491
10152 1495 213 346 1491
541 503 221 346 1491
229 805 225 346 1491
10011 1492 223 346 1491
286 795 223 347 1492
10034 1496 223 347 1492
713 796 223 347 1492
671 808 226 347 1492
10008 1492 212 347 1492
10152 1496 214 347 1492
229 806 225 347 1492
10011 1493 223 347 1492
286 796 222 348 1493
10151 1493 209 348 1493
10034 1497 221 348 1493
713 797 223 348 1493
671 809 227 348 1493
10008 1493 212 348 1493
10152 1497 217 348 1493
229 807 225 348 1493
10011 1494 223 348 1493
286 797 222 349 1494
10151 1494 210 349 1494
10034 1498 223 349 1494
713 798 225 349 1494
671 810 225 349 1494
10008 1494 212 349 1494
10152 1498 216 349 1494
254 631 223 349 1494
229 808 225 349 1494
10011 1495 221 349 1494
10151 1495 208 350 1495
286 798 223 350 1495
10034 1499 219 350 1495
713 799 225 350 1495
671 811 225 350 1495
10008 1495 213 350 1495
10152 1499 210 350 1495
49 672 221 350 1495
229 809 221 350 1495
10011 1496 221 350 1495
10151 1496 210 351 1496
286 799 221 351 1496
10034 1500 219 351 1496
713 800 225 351 1496
671 812 225 351 1496
10008 1496 212 351 1496
10152 1500 211 351 1496
229 810 222 351 1496
10011 1497 223 351 1496
10151 1497 211 352 1497
286 800 221 352 1497
10034 1501 218 352 1497
713 801 225 352 1497
671 813 225 352 1497
10008 1497 212 352 1497
10152 1501 211 352 1497
541 509 221 352 1497
49 674 221 352 1497
10011 1498 221 352 1497
10151 1498 211 353 1498
286 801 221 353 1498
10034 1502 218 353 1498
713 802 225 353 1498
671 814 224 353 1498
10008 1498 211 353 1498
10152 1502 212 353 1498
541 510 221 353 1498
10011 1499 222 353 1498
10151 1499 210 354 1499
286 802 221 354 1499
10034 1503 219 354 1499
713 803 225 354 1499
671 815 225 354 1499
10008 1499 212 354 1499
10152 1503 211 354 1499
10011 1500 221 354 1499
10151 1500 211 355 1500
10034 1504 227 355 1500
10001 1505 209 355 1500
10008 1500 211 355 1500
10152 1504 227 355 1500
10011 1501 219 355 1500
10034 1505 217 356 1501
10042 1503 209 356 1501
10008 1501 209 356 1501
10152 1505 222 356 1501
10011 1502 211 356 1501
286 805 221 357 1502
10034 1506 210 357 1502
10042 1504 210 357 1502
10008 1502 209 357 1502
10152 1506 221 357 1502
10011 1503 209 357 1502
286 806 221 358 1503
10034 1507 215 358 1503
10042 1505 209 358 1503
10008 1503 209 358 1503
10152 1507 223 358 1503
10011 1504 210 358 1503
10034 1508 217 359 1504
434 804 235 359 1504
10042 1506 211 359 1504
10008 1504 208 359 1504
10152 1508 222 359 1504
10011 1505 211 360 1505
10034 1509 217 360 1505
434 805 225 360 1505
10042 1507 211 360 1505
10152 1509 214 360 1505
10011 1506 208 361 1506
10151 1506 209 361 1506
10034 1510 221 361 1506
10042 1508 209 361 1506
10008 1506 208 361 1506
10152 1510 230 361 1506
10011 1507 215 362 1507
10151 1507 210 362 1507
10034 1511 219 362 1507
434 807 230 362 1507
10042 1509 208 362 1507
10008 1507 210 362 1507
10152 1511 231 362 1507
10011 1508 209 363 1508
10151 1508 209 363 1508
10034 1512 213 363 1508
434 808 224 363 1508
10042 1510 208 363 1508
10008 1508 208 363 1508
10152 1512 229 363 1508
10011 1509 212 364 1509
10151 1509 207 364 1509
10034 1513 211 364 1509
434 809 221 364 1509
10008 1509 208 364 1509
10152 1513 229 364 1509
10011 1510 212 365 1510
10151 1510 211 365 1510
10034 1514 211 365 1510
286 813 221 365 1510
10042 1512 206 365 1510
10008 1510 208 365 1510
10152 1514 230 365 1510
10011 1511 217 366 1511
10151 1511 210 366 1511
10034 1515 217 366 1511
10042 1513 208 366 1511
10008 1511 207 366 1511
10152 1515 229 366 1511
10011 1512 217 367 1512
10151 1512 209 367 1512
10034 1516 217 367 1512
10152 1516 230 367 1512
10011 1513 217 368 1513
10151 1513 209 368 1513
10034 1517 216 368 1513
10152 1517 230 368 1513
10011 1514 215 369 1514
10151 1514 212 369 1514
10034 1518 215 369 1514
10008 1514 208 369 1514
10152 1518 231 369 1514
10011 1515 216 370 1515
10151 1515 209 370 1515
10034 1519 213 370 1515
10008 1515 209 370 1515
10152 1519 229 370 1515
10011 1516 212 371 1516
10151 1516 210 371 1516
10034 1520 211 371 1516
10042 1518 207 371 1516
671 832 221 371 1516
10008 1516 210 371 1516
10152 1520 229 371 1516
10011 1517 213 372 1517
10151 1517 211 372 1517
10034 1521 215 372 1517
10008 1517 207 372 1517
10152 1521 230 372 1517
10011 1518 214 373 1518
10151 1518 210 373 1518
10034 1522 219 373 1518
671 834 221 373 1518
10008 1518 207 373 1518
10152 1522 231 373 1518
10011 1519 209 374 1519
10151 1519 209 374 1519
10034 1523 213 374 1519
10152 1523 221 374 1519
10011 1520 216 375 1520
10151 1520 217 375 1520
10034 1524 227 375 1520
111 804 223 375 1520
10008 1520 211 375 1520
10152 1524 219 375 1520
382 821 221 375 1520
10011 1521 212 376 1521
286 824 223 376 1521
10034 1525 223 376 1521
111 805 223 376 1521
671 837 224 376 1521
10042 1523 211 376 1521
581 202 223 376 1521
10008 1521 212 376 1521
254 658 225 376 1521
10152 1525 225 376 1521
382 822 226 376 1521
10011 1522 217 377 1522
10151 1522 212 377 1522
111 806 223 377 1522
10034 1526 229 377 1522
286 825 222 377 1522
713 826 227 377 1522
671 838 221 377 1522
10008 1522 209 377 1522
254 659 225 377 1522
10152 1526 209 377 1522
382 823 223 377 1522
10011 1523 220 378 1523
10151 1523 209 378 1523
111 807 226 378 1523
10034 1527 228 378 1523
713 827 229 378 1523
10042 1525 211 378 1523
10008 1523 211 378 1523
254 660 223 378 1523
10152 1527 216 378 1523
10011 1524 225 379 1524
111 808 226 379 1524
10034 1528 222 379 1524
286 827 223 379 1524
713 828 231 379 1524
671 840 221 379 1524
10042 1526 212 379 1524
10152 1528 215 379 1524
382 825 221 379 1524
10011 1525 221 380 1525
10151 1525 211 380 1525
10034 1529 225 380 1525
111 809 225 380 1525
286 828 223 380 1525
713 829 231 380 1525
671 841 221 380 1525
10042 1527 212 380 1525
10008 1525 210 380 1525
10152 1529 219 380 1525
382 826 223 380 1525
10011 1526 221 381 1526
10151 1526 211 381 1526
10034 1530 225 381 1526
286 829 224 381 1526
111 810 226 381 1526
713 830 231 381 1526
671 842 221 381 1526
10042 1528 213 381 1526
10008 1526 209 381 1526
10152 1530 219 381 1526
382 827 225 381 1526
10011 1527 223 382 1527
10151 1527 212 382 1527
10034 1531 225 382 1527
111 811 225 382 1527
286 830 221 382 1527
713 831 230 382 1527
10042 1529 210 382 1527
10008 1527 208 382 1527
10152 1531 219 382 1527
621 832 221 382 1527
229 841 221 382 1527
10011 1528 223 383 1528
10151 1528 211 383 1528
10034 1532 219 383 1528
10042 1530 208 383 1528
10008 1528 210 383 1528
10152 1532 229 383 1528
382 829 231 383 1528
10011 1529 221 384 1529
10151 1529 216 384 1529
10034 1533 219 384 1529
581 210 221 384 1529
10042 1531 214 384 1529
671 845 222 384 1529
10008 1529 212 384 1529
10152 1533 229 384 1529
621 834 221 384 1529
382 830 231 384 1529
10011 1530 217 385 1530
475 360 221 385 1530
469 221 223 385 1530
10151 1530 215 385 1530
10034 1534 221 385 1530
581 211 223 385 1530
10042 1532 212 385 1530
671 846 221 385 1530
10008 1530 210 385 1530
10152 1534 227 385 1530
382 831 229 385 1530
229 844 222 385 1530
10011 1531 213 386 1531
10151 1531 214 386 1531
10034 1535 221 386 1531
581 212 222 386 1531
10042 1533 212 386 1531
671 847 223 386 1531
10008 1531 211 386 1531
10152 1535 227 386 1531
229 845 225 386 1531
382 832 227 386 1531
10011 1532 219 387 1532
10151 1532 214 387 1532
761 835 225 387 1532
10034 1536 221 387 1532
713 836 223 387 1532
581 213 221 387 1532
10042 1534 209 387 1532
671 848 223 387 1532
10008 1532 210 387 1532
10152 1536 229 387 1532
621 837 221 387 1532
229 846 222 387 1532
10011 1533 214 388 1533
10151 1533 210 388 1533
10034 1537 221 388 1533
10042 1535 211 388 1533
671 849 222 388 1533
10008 1533 213 388 1533
10152 1537 226 388 1533
621 838 223 388 1533
10011 1534 216 389 1534
469 225 221 389 1534
10151 1534 213 389 1534
10034 1538 219 389 1534
10042 1536 210 389 1534
10008 1534 212 389 1534
10152 1538 227 389 1534
10011 1535 216 390 1535
469 226 221 390 1535
10151 1535 210 390 1535
10034 1539 219 390 1535
10152 1539 227 390 1535
475 366 223 391 1536
10011 1536 218 391 1536
10151 1536 211 391 1536
10034 1540 221 391 1536
10042 1538 209 391 1536
10008 1536 209 391 1536
10152 1540 227 391 1536
621 841 227 391 1536
475 367 223 392 1537
10011 1537 214 392 1537
10151 1537 212 392 1537
10034 1541 222 392 1537
228 163 221 392 1537
10042 1539 211 392 1537
10008 1537 211 392 1537
10152 1541 229 392 1537
621 842 231 392 1537
10011 1538 218 393 1538
10151 1538 211 393 1538
10034 1542 222 393 1538
10042 1540 210 393 1538
10008 1538 211 393 1538
10152 1542 229 393 1538
621 843 229 393 1538
10011 1539 219 394 1539
10151 1539 212 394 1539
10034 1543 221 394 1539
10008 1539 213 394 1539
10152 1543 229 394 1539
621 844 229 394 1539
10011 1540 219 395 1540
10151 1540 213 395 1540
10034 1544 222 395 1540
10042 1542 209 395 1540
10008 1540 212 395 1540
10152 1544 228 395 1540
621 845 228 395 1540
10011 1541 217 396 1541
10151 1541 212 396 1541
10034 1545 223 396 1541
671 857 227 396 1541
654 839 222 396 1541
10008 1541 211 396 1541
10152 1545 216 396 1541
621 846 228 396 1541
382 842 231 396 1541
254 678 222 396 1541
10011 1542 220 397 1542
10151 1542 217 397 1542
10034 1546 227 397 1542
286 845 221 397 1542
671 858 222 397 1542
10008 1542 214 397 1542
10152 1546 213 397 1542
621 847 229 397 1542
382 843 227 397 1542
229 856 221 397 1542
10011 1543 223 398 1543
10151 1543 219 398 1543
10034 1547 229 398 1543
286 846 223 398 1543
671 859 225 398 1543
10008 1543 211 398 1543
10152 1547 219 398 1543
229 857 225 398 1543
10011 1544 213 399 1544
10151 1544 216 399 1544
713 848 226 399 1544
10034 1548 229 399 1544
286 847 225 399 1544
671 860 221 399 1544
10008 1544 211 399 1544
10152 1548 219 399 1544
229 858 223 399 1544
10011 1545 215 400 1545
10151 1545 218 400 1545
713 849 225 400 1545
111 829 222 400 1545
10034 1549 231 400 1545
286 848 224 400 1545
581 226 221 400 1545
671 861 221 400 1545
595 539 223 400 1545
10008 1545 211 400 1545
10152 1549 218 400 1545
229 859 223 400 1545
10011 1546 212 401 1546
10151 1546 218 401 1546
713 850 225 401 1546
10034 1550 228 401 1546
286 849 225 401 1546
434 846 223 401 1546
671 862 221 401 1546
10042 1548 208 401 1546
595 540 221 401 1546
10008 1546 210 401 1546
10152 1550 219 401 1546
229 860 221 401 1546
254 683 226 401 1546
10011 1547 212 402 1547
10151 1547 214 402 1547
10034 1551 229 402 1547
111 831 222 402 1547
286 850 225 402 1547
671 863 225 402 1547
10008 1547 211 402 1547
10152 1551 218 402 1547
229 861 221 402 1547
10011 1548 213 403 1548
10151 1548 213 403 1548
713 852 222 403 1548
10034 1552 229 403 1548
286 851 225 403 1548
671 864 225 403 1548
10008 1548 210 403 1548
10152 1552 219 403 1548
382 849 223 403 1548
229 862 222 403 1548
10011 1549 212 404 1549
10151 1549 213 404 1549
713 853 223 404 1549
10034 1553 229 404 1549
111 833 221 404 1549
286 852 225 404 1549
671 865 223 404 1549
10042 1551 209 404 1549
10008 1549 209 404 1549
621 854 222 404 1549
10152 1553 220 404 1549
382 850 221 404 1549
229 863 222 404 1549
606 816 221 404 1549
10011 1550 213 405 1550
10151 1550 213 405 1550
713 854 222 405 1550
10034 1554 230 405 1550
286 853 225 405 1550
758 850 221 405 1550
671 866 223 405 1550
10042 1552 209 405 1550
10008 1550 209 405 1550
621 855 221 405 1550
10152 1554 220 405 1550
382 851 225 405 1550
229 864 224 405 1550
10011 1551 211 406 1551
10151 1551 215 406 1551
713 855 222 406 1551
10034 1555 227 406 1551
286 854 225 406 1551
671 867 225 406 1551
10042 1553 208 406 1551
10008 1551 209 406 1551
10152 1555 218 406 1551
229 865 223 406 1551
10011 1552 213 407 1552
10151 1552 213 407 1552
713 856 221 407 1552
10034 1556 227 407 1552
286 855 226 407 1552
671 868 225 407 1552
10042 1554 208 407 1552
10008 1552 209 407 1552
10152 1556 220 407 1552
229 866 222 407 1552
10011 1553 217 408 1553
10151 1553 214 408 1553
713 857 222 408 1553
10034 1557 227 408 1553
286 856 226 408 1553
111 837 224 408 1553
671 869 224 408 1553
621 858 221 408 1553
10008 1553 210 408 1553
10152 1557 220 408 1553
10011 1554 213 409 1554
10151 1554 213 409 1554
713 858 223 409 1554
10034 1558 227 409 1554
286 857 229 409 1554
111 838 226 409 1554
671 870 223 409 1554
10042 1556 207 409 1554
10008 1554 208 409 1554
10152 1558 221 409 1554
382 855 221 409 1554
10151 1555 212 410 1555
713 859 223 410 1555
10034 1559 227 410 1555
111 839 227 410 1555
671 871 225 410 1555
10008 1555 210 410 1555
10152 1559 220 410 1555
382 856 224 410 1555
229 869 223 410 1555
10011 1556 207 411 1556
10151 1556 213 411 1556
713 860 223 411 1556
10034 1560 227 411 1556
286 859 227 411 1556
111 840 226 411 1556
621 861 223 411 1556
10008 1556 208 411 1556
10152 1560 220 411 1556
382 857 223 411 1556
254 693 224 411 1556
229 870 231 411 1556
541 36 225 412 1557
10151 1557 212 412 1557
713 861 223 412 1557
286 860 225 412 1557
10034 1561 229 412 1557
111 841 227 412 1557
434 857 221 412 1557
10008 1557 208 412 1557
10152 1561 219 412 1557
382 858 223 412 1557
254 694 223 412 1557
229 871 221 412 1557
10011 1558 213 413 1558
541 37 226 413 1558
10151 1558 213 413 1558
713 862 223 413 1558
286 861 223 413 1558
10034 1562 227 413 1558
111 842 225 413 1558
10042 1560 208 413 1558
10008 1558 209 413 1558
621 863 231 413 1558
10152 1562 223 413 1558
254 695 225 413 1558
10011 1559 220 414 1559
10151 1559 209 414 1559
713 863 223 414 1559
286 862 221 414 1559
10034 1563 225 414 1559
111 843 224 414 1559
10152 1563 217 414 1559
382 860 221 414 1559
10011 1560 220 415 1560
713 864 221 415 1560
10151 1560 210 415 1560
286 863 221 415 1560
10034 1564 222 415 1560
111 844 227 415 1560
671 876 224 415 1560
10042 1562 208 415 1560
621 865 227 415 1560
10152 1564 215 415 1560
229 874 227 415 1560
10011 1561 209 416 1561
541 40 223 416 1561
10151 1561 215 416 1561
286 864 227 416 1561
10034 1565 229 416 1561
111 845 223 416 1561
671 877 230 416 1561
621 866 225 416 1561
10152 1565 208 416 1561
229 875 221 416 1561
10011 1562 209 417 1562
10151 1562 215 417 1562
286 865 231 417 1562
10034 1566 231 417 1562
111 846 221 417 1562
581 243 221 417 1562
671 878 232 417 1562
10008 1562 207 417 1562
621 867 223 417 1562
10152 1566 211 417 1562
10011 1563 209 418 1563
10151 1563 215 418 1563
286 866 229 418 1563
10034 1567 231 418 1563
111 847 222 418 1563
671 879 231 418 1563
595 557 223 418 1563
621 868 225 418 1563
10152 1567 211 418 1563
10151 1564 217 419 1564
286 867 227 419 1564
10034 1568 229 419 1564
671 880 231 419 1564
595 558 223 419 1564
10008 1564 208 419 1564
621 869 222 419 1564
10152 1568 208 419 1564
382 865 227 419 1564
10011 1565 212 420 1565
10151 1565 215 420 1565
286 868 228 420 1565
10034 1569 230 420 1565
671 881 232 420 1565
621 870 223 420 1565
10152 1569 208 420 1565
382 866 224 420 1565
541 45 223 421 1566
10023 1558 207 421 1566
10011 1566 208 421 1566
10151 1566 217 421 1566
286 869 229 421 1566
10034 1570 231 421 1566
581 247 221 421 1566
671 882 226 421 1566
621 871 222 421 1566
10152 1570 208 421 1566
382 867 221 421 1566
541 46 221 422 1567
10023 1559 210 422 1567
10011 1567 209 422 1567
10151 1567 214 422 1567
286 870 229 422 1567
10034 1571 230 422 1567
671 883 227 422 1567
10008 1567 209 422 1567
621 872 222 422 1567
10152 1571 210 422 1567
541 47 222 422 1567
10023 1560 218 423 1568
10011 1568 209 423 1568
10151 1568 217 423 1568
286 871 230 423 1568
10034 1572 231 423 1568
671 884 225 423 1568
621 873 223 423 1568
10152 1572 210 423 1568
541 48 221 423 1568
229 882 222 424 1569
10023 1561 220 424 1569
10011 1569 212 424 1569
10151 1569 217 424 1569
286 872 231 424 1569
10034 1573 230 424 1569
671 885 225 424 1569
10042 1571 208 424 1569
10152 1573 209 424 1569
10034 1574 210 425 1570
10152 1574 208 425 1570
10023 1563 207 426 1571
10034 1575 211 426 1571
10152 1575 210 426 1571
10034 1576 209 427 1572
10152 1576 210 427 1572
10034 1577 209 428 1573
10152 1577 209 428 1573
10034 1578 209 429 1574
10152 1578 209 429 1574
10034 1579 209 430 1575
10152 1579 209 430 1575
10034 1580 209 431 1576
10152 1580 210 431 1576
10034 1581 209 432 1577
10152 1581 209 432 1577
10034 1582 209 433 1578
10152 1582 209 433 1578
10034 1583 209 434 1579
10152 1583 209 434 1579
10034 1584 209 435 1580
10152 1584 209 435 1580
10034 1585 209 436 1581
10152 1585 209 436 1581
10034 1586 209 437 1582
10152 1586 209 437 1582
10034 1587 209 438 1583
10152 1587 209 438 1583
10034 1588 208 439 1584
10152 1588 209 439 1584
10034 1589 209 440 1585
10152 1589 209 440 1585
10034 1590 209 441 1586
286 890 229 442 1587
10034 1591 209 442 1587
595 581 221 442 1587
10152 1591 210 442 1587
10023 1580 209 443 1588
10011 1588 210 443 1588
10151 1588 210 443 1588
713 892 227 443 1588
286 891 229 443 1588
10034 1592 215 443 1588
671 904 227 443 1588
10001 1593 208 443 1588
10008 1588 207 443 1588
10152 1592 213 443 1588
254 725 223 443 1588
10023 1581 208 444 1589
229 902 229 444 1589
10011 1589 224 444 1589
10151 1589 218 444 1589
713 893 221 444 1589
286 892 233 444 1589
10034 1593 223 444 1589
671 905 232 444 1589
111 873 223 444 1589
621 894 223 444 1589
10152 1593 227 444 1589
10023 1582 208 445 1590
10011 1590 210 445 1590
10034 1594 225 445 1590
595 584 221 445 1590
10042 1592 209 445 1590
10152 1594 208 445 1590
254 727 226 445 1590
10011 1591 207 446 1591
10151 1591 210 446 1591
10034 1595 219 446 1591
10042 1593 209 446 1591
10152 1595 216 446 1591
10011 1592 211 447 1592
10151 1592 208 447 1592
10034 1596 212 447 1592
10042 1594 208 447 1592
10152 1596 215 447 1592
10151 1593 209 448 1593
10034 1597 216 448 1593
10042 1595 210 448 1593
10152 1597 219 448 1593
254 730 226 449 1594
10023 1586 208 449 1594
10151 1594 209 449 1594
10034 1598 216 449 1594
671 910 225 449 1594
10042 1596 208 449 1594
10008 1594 207 449 1594
10152 1598 215 449 1594
254 731 224 450 1595
229 908 221 450 1595
10023 1587 208 450 1595
10034 1599 225 450 1595
581 276 221 450 1595
10042 1597 208 450 1595
10152 1599 217 450 1595
10011 1596 210 451 1596
713 900 223 451 1596
10151 1596 208 451 1596
10034 1600 220 451 1596
111 880 221 451 1596
10042 1598 210 451 1596
10152 1600 226 451 1596
382 897 224 452 1597
10011 1597 209 452 1597
713 901 223 452 1597
10151 1597 211 452 1597
286 900 230 452 1597
10034 1601 222 452 1597
111 881 221 452 1597
10042 1599 213 452 1597
10152 1601 219 452 1597
10011 1598 219 453 1598
713 902 221 453 1598
286 901 221 453 1598
10034 1602 219 453 1598
10042 1600 210 453 1598
737 894 224 453 1598
229 912 224 454 1599
10023 1591 210 454 1599
10011 1599 227 454 1599
10034 1603 224 454 1599
581 280 222 454 1599
111 883 222 454 1599
10042 1601 208 454 1599
621 904 223 454 1599
10152 1603 221 454 1599
229 913 225 455 1600
10023 1592 211 455 1600
10011 1600 227 455 1600
10151 1600 210 455 1600
286 903 225 455 1600
10034 1604 226 455 1600
581 281 221 455 1600
111 884 225 455 1600
10152 1604 223 455 1600
737 896 225 455 1600
229 914 225 456 1601
10023 1593 212 456 1601
10011 1601 226 456 1601
10151 1601 209 456 1601
286 904 223 456 1601
10034 1605 226 456 1601
111 885 222 456 1601
10042 1603 210 456 1601
10008 1601 211 456 1601
10152 1605 227 456 1601
229 915 227 457 1602
254 738 225 457 1602
10023 1594 215 457 1602
10011 1602 226 457 1602
713 906 222 457 1602
10151 1602 212 457 1602
286 905 222 457 1602
10034 1606 225 457 1602
581 283 223 457 1602
621 907 221 457 1602
10042 1604 211 457 1602
10152 1606 217 457 1602
229 916 223 458 1603
10023 1595 210 458 1603
10011 1603 225 458 1603
286 906 223 458 1603
10034 1607 227 458 1603
581 284 223 458 1603
671 919 222 458 1603
595 597 225 458 1603
621 908 226 458 1603
10042 1605 207 458 1603
10152 1607 218 458 1603
10023 1596 211 459 1604
10011 1604 223 459 1604
286 907 224 459 1604
581 285 223 459 1604
10034 1608 228 459 1604
595 598 223 459 1604
621 909 227 459 1604
10152 1608 212 459 1604
254 741 226 460 1605
10023 1597 211 460 1605
10011 1605 224 460 1605
10034 1609 227 460 1605
581 286 224 460 1605
595 599 221 460 1605
621 910 233 460 1605
10152 1609 213 460 1605
229 919 222 460 1605
254 742 224 461 1606
10023 1598 213 461 1606
10011 1606 223 461 1606
286 909 225 461 1606
10034 1610 227 461 1606
581 287 222 461 1606
595 600 225 461 1606
434 906 221 461 1606
10152 1610 212 461 1606
229 920 223 461 1606
254 743 225 462 1607
10023 1599 213 462 1607
10011 1607 224 462 1607
10034 1611 227 462 1607
286 910 225 462 1607
111 891 221 462 1607
595 601 223 462 1607
621 912 221 462 1607
10152 1611 210 462 1607
229 921 221 462 1607
10023 1600 212 463 1608
713 912 221 463 1608
10011 1608 223 463 1608
10151 1608 208 463 1608
286 911 224 463 1608
10034 1612 228 463 1608
10042 1610 208 463 1608
10152 1612 212 463 1608
10023 1601 210 464 1609
10011 1609 223 464 1609
713 913 223 464 1609
10034 1613 225 464 1609
286 912 221 464 1609
595 603 221 464 1609
10152 1613 209 464 1609
10011 1610 213 465 1610
10034 1614 219 465 1610
10152 1614 210 465 1610
254 747 221 466 1611
713 915 229 466 1611
10011 1611 214 466 1611
10034 1615 208 466 1611
254 748 223 467 1612
713 916 227 467 1612
10011 1612 215 467 1612
10151 1612 209 467 1612
286 915 225 467 1612
10034 1616 219 467 1612
10042 1614 208 467 1612
254 749 221 468 1613
713 917 226 468 1613
10011 1613 219 468 1613
10034 1617 212 468 1613
581 294 226 468 1613
286 916 227 468 1613
595 607 229 468 1613
10042 1615 209 468 1613
10152 1617 211 468 1613
382 914 223 469 1614
254 750 222 469 1614
713 918 226 469 1614
10011 1614 214 469 1614
10034 1618 222 469 1614
286 917 223 469 1614
671 930 223 469 1614
10008 1614 211 469 1614
10152 1618 224 469 1614
382 915 221 470 1615
10023 1607 209 470 1615
10151 1615 216 470 1615
10034 1619 217 470 1615
671 931 229 470 1615
111 899 231 470 1615
621 920 222 470 1615
10042 1617 215 470 1615
10001 1620 208 470 1615
10008 1615 207 470 1615
10152 1619 222 470 1615
8 869 225 471 1616
229 929 230 471 1616
10023 1608 210 471 1616
10151 1616 207 471 1616
10034 1620 235 471 1616
10041 1615 209 471 1616
50 40 223 471 1616
10042 1618 211 471 1616
10008 1616 209 471 1616
10152 1620 208 471 1616
434 916 225 471 1616
10011 1617 212 472 1617
10008 1617 217 472 1617
10152 1621 219 472 1617
397 298 221 473 1618
10151 1618 210 473 1618
10041 1617 208 473 1618
10019 1620 212 473 1618
10151 1619 211 474 1619
10028 1620 208 474 1619
10022 1622 208 474 1619
507 112 227 474 1619
10019 1621 217 474 1619
400 745 221 475 1620
10151 1620 211 475 1620
10082 1619 206 475 1620
10022 1623 208 475 1620
10019 1622 212 475 1620
10151 1621 210 476 1621
388 80 221 476 1621
438 37 233 476 1621
10019 1623 222 476 1621
10152 1625 208 476 1621
506 388 227 476 1621
299 10 224 477 1622
10151 1622 208 477 1622
10028 1623 209 477 1622
10 436 226 477 1622
10019 1624 214 477 1622
10151 1623 208 478 1623
10019 1625 217 478 1623
400 749 241 479 1624
10151 1624 210 479 1624
10022 1627 209 479 1624
10019 1626 210 479 1624
10152 1628 208 479 1624
400 750 239 480 1625
10151 1625 209 480 1625
10022 1628 208 480 1625
10041 1624 208 480 1625
10019 1627 210 480 1625
281 127 221 481 1626
400 751 247 481 1626
10151 1626 209 481 1626
10019 1628 212 481 1626
10017 1624 208 481 1626
312 921 221 481 1626
525 930 224 481 1626
281 128 221 482 1627
400 752 235 482 1627
10151 1627 212 482 1627
10019 1629 213 482 1627
95 617 245 482 1627
397 308 222 483 1628
400 753 229 483 1628
10151 1628 209 483 1628
10019 1630 217 483 1628
95 618 233 483 1628
10152 1632 209 483 1628
281 130 223 484 1629
400 754 224 484 1629
10041 1628 208 484 1629
158 207 223 484 1629
10152 1633 208 484 1629
10072 1633 207 485 1630
10022 1633 209 485 1630
10019 1632 209 485 1630
363 363 222 485 1630
259 316 223 486 1631
281 132 227 486 1631
10041 1630 210 486 1631
424 946 224 486 1631
10019 1633 211 486 1631
10017 1629 210 486 1631
259 317 224 486 1631
10151 1632 209 487 1632
10019 1634 212 487 1632
10017 1630 209 487 1632
10049 1635 208 487 1632
397 313 223 488 1633
281 134 221 488 1633
10082 1632 207 488 1633
10028 1634 212 488 1633
10019 1635 214 488 1633
281 135 224 489 1634
10041 1633 218 489 1634
10019 1636 209 489 1634
462 288 244 489 1634
10045 1637 208 489 1634
245 949 221 490 1635
10072 1638 223 490 1635
10082 1634 212 490 1635
10028 1636 227 490 1635
10019 1637 217 490 1635
10035 1637 209 490 1635
10047 1638 208 492 1637
10164 1433 208 493 1638
10091 1637 210 493 1638
10043 1637 209 494 1639
10063 1637 210 494 1639
10164 1434 209 494 1639
10100 1631 209 494 1639
10046 1639 206 495 1640
10033 1639 209 495 1640
10067 1637 209 496 1641
10123 1636 209 496 1641
10138 1635 210 496 1641
10062 1639 216 496 1641
10128 1636 214 496 1641
10169 1643 208 496 1641
740 15 222 496 1641
10050 1646 221 497 1642
610 22 237 497 1642
10065 1645 213 497 1642
85 631 234 497 1642
10101 1636 209 497 1642
10141 1635 216 497 1642
10088 1638 209 497 1642
10134 1636 212 498 1643
10076 1641 225 499 1644
10055 1645 232 499 1644
10018 972 219 499 1644
10140 1641 221 500 1645
10173 1641 209 500 1645
10106 1643 209 500 1645
10144 1641 210 500 1645
10055 1646 211 500 1645
10140 1642 210 501 1646
10158 1641 229 501 1646
10004 1643 219 501 1646
10076 1643 217 501 1646
10055 1647 231 501 1646
10018 974 211 501 1646
10173 1643 210 502 1647
10106 1645 215 502 1647
10134 1642 211 504 1649
323 880 222 504 1649
10141 1642 209 504 1649
10088 1645 213 504 1649
323 881 227 505 1650
10050 1654 215 505 1650
10065 1653 210 505 1650
472 677 230 505 1650
10128 1645 209 505 1650
10101 1644 217 505 1650
10061 1655 219 505 1650
10169 1652 208 505 1650
10138 1645 220 506 1651
323 882 224 506 1651
10062 1649 214 506 1651
10128 1646 208 506 1651
10067 1648 209 506 1651
10043 1650 208 506 1651
10123 1647 217 507 1652
10164 1447 217 507 1652
10159 1655 222 507 1652
10043 1651 221 507 1652
10063 1651 219 508 1653
10002 1503 213 510 1655
10048 1658 209 510 1655
10035 1657 211 510 1655
10045 1659 215 511 1656
10021 1656 207 511 1656
10066 1659 221 512 1657
10072 1660 226 512 1657
10082 1656 221 512 1657
10028 1658 213 512 1657
10041 1656 211 512 1657
10019 1659 220 512 1657
259 343 221 512 1657
397 338 223 512 1657
281 159 236 513 1658
10072 1661 211 513 1658
10151 1658 208 513 1658
10028 1659 208 513 1658
10022 1661 213 513 1658
72 30 221 513 1658
253 711 244 513 1658
10019 1660 214 513 1658
10017 1656 208 513 1658
10152 1662 206 513 1658
646 947 225 513 1658
281 160 235 514 1659
10072 1662 211 514 1659
10151 1659 215 514 1659
10082 1658 213 514 1659
10022 1662 209 514 1659
10041 1658 210 514 1659
253 712 237 514 1659
10019 1661 212 514 1659
10042 1661 208 514 1659
10152 1663 209 514 1659
281 161 239 514 1659
10151 1660 210 515 1660
10022 1663 214 515 1660
72 32 222 515 1660
10041 1659 211 515 1660
253 713 235 515 1660
10019 1662 218 515 1660
10017 1658 213 515 1660
10152 1664 211 515 1660
281 162 237 515 1660
10151 1661 208 516 1661
10022 1664 211 516 1661
253 714 235 516 1661
10019 1663 217 516 1661
10017 1659 212 516 1661
397 342 221 516 1661
10151 1662 211 517 1662
10019 1664 218 517 1662
397 343 225 517 1662
10041 1662 216 518 1663
253 716 241 518 1663
10019 1665 211 518 1663
10066 1666 209 519 1664
10072 1667 220 519 1664
10082 1663 209 519 1664
10028 1665 217 519 1664
10022 1667 209 519 1664
253 717 233 519 1664
10019 1666 219 519 1664
253 721 227 523 1668
302 980 223 524 1669
10043 1667 209 524 1669
10063 1667 211 524 1669
253 722 231 524 1669
10060 1666 209 524 1669
10043 1668 209 525 1670
253 723 245 525 1670
10043 1669 208 526 1671
253 724 233 526 1671
10043 1670 208 527 1672
253 725 239 527 1672
10060 1669 213 527 1672
215 891 221 527 1672
10043 1671 209 528 1673
633 964 241 528 1673
253 726 235 528 1673
215 892 222 528 1673
10043 1672 210 529 1674
633 965 234 529 1674
