10158 506 215 2 511
51 20 224 2 511
10098 510 224 4 513
10098 511 226 5 514
10098 512 223 6 515
10098 513 222 7 516
10084 510 213 7 516
10098 514 241 8 517
10140 513 212 8 517
10098 515 223 9 518
10098 516 231 10 519
10055 520 211 11 520
10098 517 227 11 520
10078 520 213 12 521
10098 518 230 12 521
10158 516 210 12 521
10055 522 210 13 522
10098 519 212 13 522
10084 516 211 13 522
10098 520 231 14 523
10140 519 209 14 523
10106 521 209 14 523
10078 523 212 15 524
10055 524 210 15 524
10098 521 224 15 524
10140 520 220 15 524
10084 518 210 15 524
10158 519 209 15 524
10084 519 215 16 525
10084 520 212 17 526
10084 521 227 18 527
10098 526 209 20 529
10084 523 208 20 529
10084 524 210 21 530
10084 525 219 22 531
44 35 221 23 532
10055 532 212 23 532
10098 529 209 23 532
10140 528 213 23 532
10084 526 236 23 532
10158 527 217 23 532
10098 530 227 24 533
10084 527 211 24 533
10098 531 225 25 534
10140 530 210 25 534
10098 532 234 26 535
10098 533 241 27 536
10106 534 212 27 536
10098 534 243 28 537
10158 532 212 28 537
10055 538 209 29 538
10098 535 245 29 538
10140 534 215 29 538
10076 535 209 30 539
201 13 221 30 539
10098 536 252 30 539
10140 535 212 30 539
10098 537 244 31 540
10140 536 214 31 540
10084 534 209 31 540
10098 538 252 32 541
92 9 230 32 541
10098 539 247 33 542
10078 542 211 34 543
10098 540 247 34 543
10140 539 214 34 543
10004 540 216 35 544
10076 540 219 35 544
10055 544 224 35 544
10098 541 216 35 544
10140 540 209 35 544
10084 538 212 35 544
10098 542 235 36 545
10084 539 210 36 545
10084 540 210 37 546
10078 546 208 38 547
201 21 221 38 547
10098 544 2 38 547
10140 543 210 38 547
10078 547 209 39 548
201 22 227 39 548
10098 545 243 39 548
10140 544 216 39 548
92 16 223 39 548
201 23 224 40 549
10098 546 244 40 549
10140 545 212 40 549
92 17 224 40 549
10106 547 210 40 549
10055 550 211 41 550
201 24 224 41 550
10098 547 244 41 550
10140 546 210 41 550
10106 548 210 41 550
10055 551 210 42 551
201 25 230 42 551
10098 548 234 42 551
10106 549 208 42 551
10098 549 253 43 552
10140 548 212 43 552
10106 550 210 43 552
10078 552 218 44 553
10098 550 240 44 553
92 21 223 44 553
482 2 225 45 554
201 28 233 45 554
10098 551 231 45 554
92 22 235 45 554
482 3 233 46 555
10098 552 227 46 555
10140 551 213 46 555
10004 552 210 47 556
482 4 235 47 556
201 30 228 47 556
10098 553 233 47 556
10004 553 213 48 557
482 5 232 48 557
10098 554 230 48 557
10158 552 210 48 557
10098 555 217 49 558
768 60 229 49 558
10084 552 223 49 558
10098 556 223 50 559
10098 557 214 51 560
10106 558 219 51 560
10040 555 209 52 561
10078 560 217 52 561
10106 559 216 52 561
10040 556 211 53 562
10076 558 211 53 562
10055 562 212 53 562
10084 556 211 53 562
10158 557 219 53 562
10084 557 228 54 563
51 72 225 54 563
10158 558 218 54 563
182 18 236 55 564
10098 561 212 55 564
10140 560 209 55 564
10084 558 218 55 564
10158 559 228 55 564
10055 565 209 56 565
10098 562 216 56 565
10078 565 225 57 566
10040 562 209 59 568
10078 567 211 59 568
10055 568 212 59 568
10098 565 211 59 568
10106 566 211 59 568
10040 563 214 60 569
10078 568 210 60 569
10098 566 225 60 569
92 37 221 60 569
10140 565 215 60 569
10106 567 209 60 569
10084 564 229 61 570
10158 565 209 61 570
44 74 229 61 570
10140 567 222 62 571
10084 565 215 62 571
10158 566 218 62 571
521 48 225 62 571
10140 568 211 63 572
10084 566 218 63 572
10158 567 219 63 572
220 2 227 64 573
10084 567 223 64 573
10158 568 227 64 573
44 77 221 65 574
10140 570 212 65 574
10084 568 209 65 574
10158 569 226 65 574
768 77 230 66 575
10084 569 220 66 575
10158 570 216 66 575
10084 570 228 67 576
10158 571 218 67 576
768 79 224 68 577
10084 571 224 68 577
10158 572 225 68 577
10084 572 219 69 578
10084 573 211 70 579
10098 577 210 71 580
10084 574 232 71 580
10158 575 227 71 580
10076 577 210 72 581
10098 578 208 72 581
10140 577 214 72 581
10140 578 210 73 582
10084 576 216 73 582
10098 580 214 74 583
10140 579 213 74 583
10098 581 230 75 584
10040 579 212 76 585
10076 581 219 76 585
10055 585 224 76 585
10106 583 213 76 585
10085 587 216 77 586
10154 580 210 77 586
10130 578 210 78 587
10156 581 210 78 587
10025 589 216 79 588
10025 599 210 89 598
10130 592 209 92 601
10115 596 211 92 601
10154 595 213 92 601
10130 593 226 93 602
10116 592 218 93 602
10115 597 209 93 602
10154 596 216 93 602
10130 594 215 94 603
10107 12 210 94 603
10036 596 221 94 603
10014 595 211 94 603
10116 593 217 94 603
10115 598 211 94 603
10129 600 216 94 603
10154 597 217 94 603
10166 607 221 94 603
10130 595 226 95 604
10116 594 234 95 604
10115 599 213 95 604
10129 601 227 95 604
10166 608 233 95 604
10130 596 210 96 605
10107 14 221 96 605
10014 597 210 96 605
10115 600 222 96 605
10154 599 224 96 605
10166 609 229 96 605
10130 597 212 97 606
10014 598 211 97 606
10116 596 213 97 606
10130 598 217 98 607
10107 16 208 98 607
10036 600 209 98 607
10115 602 217 98 607
10095 600 209 98 607
10085 609 210 99 608
10093 610 210 99 608
10173 605 212 100 609
10106 607 217 100 609
10076 606 218 101 610
10055 610 221 101 610
10158 605 212 101 610
10106 608 213 101 610
10040 605 209 101 610
10004 607 217 102 611
10076 607 218 102 611
10055 611 218 102 611
10098 608 221 102 611
10140 607 210 102 611
10106 609 216 102 611
10040 606 209 102 611
10078 611 231 103 612
10055 612 208 103 612
768 114 221 103 612
10098 609 211 103 612
10078 613 223 105 614
10040 609 223 105 614
10078 614 218 106 615
10076 612 210 107 616
10078 615 217 107 616
10055 616 209 107 616
10098 613 212 107 616
92 85 249 108 617
10055 618 211 109 618
10140 614 226 109 618
10084 612 211 109 618
10158 613 218 109 618
10004 615 210 110 619
10076 615 217 110 619
10055 619 220 110 619
10098 616 211 110 619
10140 615 220 110 619
10084 613 210 110 619
10158 614 216 110 619
10173 615 211 110 619
10004 616 215 111 620
10076 616 210 111 620
10055 620 221 111 620
10098 617 213 111 620
10140 616 211 111 620
10158 615 210 111 620
10004 617 210 112 621
201 95 222 112 621
10098 618 235 112 621
10140 617 216 112 621
10084 615 210 112 621
10084 616 219 113 622
10084 617 222 114 623
10084 618 215 115 624
10084 619 209 116 625
521 102 224 116 625
10084 620 221 117 626
521 103 221 117 626
10084 621 214 118 627
10084 622 225 119 628
10084 623 223 120 629
10098 627 211 121 630
10084 624 218 121 630
10084 625 221 122 631
10098 629 211 123 632
10084 626 220 123 632
10084 627 221 124 633
10084 628 216 125 634
10098 633 211 127 636
10084 630 226 127 636
10098 634 242 128 637
10140 633 209 128 637
482 86 221 129 638
10098 635 219 129 638
220 68 224 130 639
10078 638 215 130 639
10098 636 221 130 639
10106 637 210 130 639
92 108 233 131 640
10098 637 222 131 640
10140 636 211 131 640
10098 638 223 132 641
10084 635 210 132 641
10098 639 223 133 642
10084 636 214 133 642
10084 637 210 134 643
10098 641 221 135 644
10084 638 211 135 644
10004 641 211 136 645
10078 644 217 136 645
10098 642 222 136 645
10106 643 211 136 645
10098 643 225 137 646
10140 642 209 137 646
10106 644 212 137 646
201 121 225 138 647
10055 647 210 138 647
10098 644 229 138 647
10140 643 214 138 647
10040 642 210 138 647
10004 644 211 139 648
10055 648 213 139 648
10098 645 219 139 648
10140 644 210 139 648
10158 643 209 139 648
10040 643 211 139 648
10076 645 213 140 649
10078 648 210 140 649
10055 649 209 140 649
10098 646 214 140 649
10140 645 210 140 649
10106 647 211 140 649
10040 644 210 140 649
10055 650 213 141 650
10098 647 215 141 650
10140 646 218 141 650
10004 647 212 141 650
10140 647 230 142 651
10158 646 223 142 651
10173 647 213 142 651
10106 649 208 142 651
10076 648 211 143 652
10055 652 213 143 652
10084 646 214 143 652
10158 647 227 143 652
10173 648 211 143 652
10055 653 212 144 653
10140 649 217 144 653
10084 647 215 144 653
10158 648 215 144 653
10106 651 209 144 653
10076 650 212 145 654
10055 654 217 145 654
10158 649 217 145 654
10173 650 212 145 654
10076 651 209 146 655
10098 652 209 146 655
10158 650 217 146 655
10173 651 209 146 655
10055 656 220 147 656
10158 651 218 147 656
10173 652 212 147 656
10076 653 210 148 657
10055 657 219 148 657
10098 654 209 148 657
10140 653 215 148 657
10084 651 213 148 657
10158 652 219 148 657
10173 653 216 148 657
10106 655 213 148 657
10076 654 218 149 658
10055 658 220 149 658
10140 654 218 149 658
10084 652 208 149 658
10158 653 215 149 658
10173 654 217 149 658
10076 655 220 150 659
10055 659 216 150 659
10140 655 219 150 659
10158 654 224 150 659
10173 655 218 150 659
10106 657 208 150 659
10076 656 219 151 660
10055 660 215 151 660
16 162 223 151 660
10140 656 218 151 660
10158 655 217 151 660
10173 656 215 151 660
10106 658 211 151 660
10076 657 217 152 661
10055 661 216 152 661
10140 657 217 152 661
10158 656 221 152 661
10173 657 215 152 661
10106 659 210 152 661
10076 658 218 153 662
10055 662 220 153 662
10098 659 210 153 662
10140 658 219 153 662
10084 656 212 153 662
10158 657 214 153 662
10173 658 214 153 662
10106 660 211 153 662
10004 659 211 153 662
10076 659 219 153 662
10055 663 220 154 663
10098 660 209 154 663
10140 659 219 154 663
10084 657 210 154 663
10158 658 215 154 663
10173 659 213 154 663
10106 661 213 154 663
10076 660 219 154 663
10055 664 219 155 664
10098 661 210 155 664
10140 660 218 155 664
10084 658 211 155 664
10158 659 216 155 664
10173 660 218 155 664
10106 662 211 155 664
10004 661 210 155 664
10055 665 220 156 665
10098 662 211 156 665
10140 661 212 156 665
10084 659 211 156 665
10158 660 213 156 665
10173 661 212 156 665
10106 663 219 156 665
10076 662 210 157 666
10098 663 221 157 666
10140 662 213 157 666
10158 661 210 157 666
10004 663 208 157 666
10078 666 215 158 667
201 141 221 158 667
10098 664 237 158 667
10140 663 215 158 667
10078 667 212 159 668
10098 665 231 159 668
10140 664 214 159 668
10106 666 209 159 668
220 27 233 160 669
201 143 225 160 669
10098 666 220 160 669
10084 663 214 160 669
739 188 226 160 669
10098 667 210 161 670
10140 666 210 161 670
10084 664 225 161 670
10158 665 209 161 670
10140 667 209 162 671
10084 665 231 162 671
739 190 226 162 671
10158 666 217 162 671
10084 666 227 163 672
92 141 223 164 673
10018 0 214 164 673
10098 670 219 164 673
10084 667 209 164 673
201 148 221 165 674
10018 1 211 165 674
10098 671 228 165 674
10140 670 209 165 674
739 193 221 165 674
10084 668 209 165 674
10106 672 211 165 674
10078 674 214 166 675
10055 675 209 166 675
10018 2 217 166 675
10098 672 227 166 675
10106 673 216 166 675
201 150 226 167 676
10055 676 216 167 676
10018 3 213 167 676
10098 673 232 167 676
10140 672 208 167 676
10106 674 213 167 676
10140 673 210 168 677
10084 671 228 168 677
10055 678 210 169 678
10018 5 213 169 678
10140 674 211 169 678
10084 672 220 169 678
10158 673 214 169 678
10055 679 209 170 679
10018 6 231 170 679
10098 676 216 170 679
10140 675 210 170 679
10106 677 220 170 679
10076 676 210 171 680
10055 680 213 171 680
10018 7 234 171 680
10098 677 216 171 680
10076 677 209 171 680
10055 681 213 172 681
10018 8 216 172 681
10098 678 220 172 681
10084 675 208 172 681
10106 679 215 172 681
201 156 230 173 682
10018 9 217 173 682
10098 679 245 173 682
10106 680 209 173 682
10018 10 210 174 683
16 185 237 174 683
10140 679 217 174 683
10158 678 209 174 683
10040 678 210 174 683
10055 684 210 175 684
10018 11 215 175 684
10098 681 217 175 684
10140 680 218 175 684
10084 678 210 175 684
10078 684 209 176 685
10018 12 231 176 685
10098 682 212 176 685
10158 680 209 176 685
10076 682 211 177 686
10078 685 212 177 686
10018 13 227 177 686
10098 683 211 177 686
10140 682 215 177 686
10040 681 211 177 686
10018 14 219 178 687
10098 684 223 178 687
10106 685 210 178 687
10040 682 215 178 687
10076 684 213 179 688
10098 685 222 179 688
10055 689 209 180 689
10018 16 211 180 689
10140 685 209 180 689
10106 687 216 180 689
10040 684 212 180 689
10076 686 209 181 690
10055 690 224 181 690
10018 17 221 181 690
10140 686 213 181 690
10004 687 209 181 690
10076 687 217 181 690
10055 691 222 182 691
10018 18 218 182 691
10140 687 211 182 691
10106 689 211 182 691
10040 686 215 182 691
10078 693 217 185 694
10018 21 211 185 694
10158 689 212 185 694
10173 690 210 185 694
10106 692 211 185 694
10055 695 226 186 695
10018 22 225 186 695
10158 690 210 186 695
10106 693 211 186 695
10040 690 210 186 695
10076 692 211 186 695
10055 696 208 187 696
10018 23 224 187 696
10140 692 211 187 696
10158 691 211 187 696
10106 694 213 187 696
10040 691 209 187 696
10004 693 214 187 696
10076 693 213 187 696
10055 697 214 188 697
10018 24 224 188 697
10098 694 213 188 697
10140 693 210 188 697
10106 695 215 188 697
10055 698 211 189 698
10018 25 230 189 698
10098 695 217 189 698
10140 694 212 189 698
10098 696 235 190 699
10140 695 212 190 699
10106 697 211 190 699
10018 27 221 191 700
10098 697 241 191 700
10106 698 210 191 700
10040 695 209 191 700
10055 701 216 192 701
10018 28 218 192 701
10098 698 217 192 701
10076 698 217 192 701
10055 702 221 193 702
10018 29 219 193 702
10098 699 209 193 702
10158 697 208 193 702
10106 700 223 193 702
554 9 228 193 702
10004 699 208 193 702
10076 699 213 193 702
10055 703 226 194 703
642 9 221 194 703
16 205 229 194 703
592 7 222 194 703
10140 699 211 194 703
10173 699 216 194 703
10106 701 220 194 703
201 178 223 195 704
10098 701 221 195 704
10084 698 214 195 704
10018 32 220 196 705
10098 702 232 196 705
10140 701 214 196 705
10055 706 210 197 706
10018 33 215 197 706
10098 703 230 197 706
10140 702 218 197 706
10158 701 213 197 706
10173 702 211 197 706
10106 704 211 197 706
446 4 223 197 706
513 6 221 197 706
10076 703 221 197 706
10055 707 223 198 707
10018 34 215 198 707
708 8 225 198 707
10140 703 216 198 707
399 11 227 198 707
10158 702 215 198 707
10076 704 210 198 707
10018 35 227 199 708
10098 705 216 199 708
16 210 227 199 708
10173 704 209 199 708
521 185 228 199 708
51 217 230 199 708
10018 36 226 200 709
10098 706 223 200 709
10140 705 212 200 709
10158 704 216 200 709
10173 705 208 200 709
10040 704 210 200 709
10018 37 221 201 710
10098 707 225 201 710
10140 706 209 201 710
10018 38 216 202 711
10098 708 212 202 711
617 39 223 202 711
10004 708 212 202 711
10078 711 211 203 712
10018 39 235 203 712
10098 709 226 203 712
10140 708 219 203 712
10158 707 221 203 712
10173 708 213 203 712
10084 707 217 204 713
10018 46 216 210 719
10098 716 209 210 719
10140 715 209 210 719
10055 720 212 211 720
10018 47 219 211 720
10106 718 210 211 720
201 195 221 212 721
10078 720 211 212 721
10018 48 215 212 721
10098 718 225 212 721
10084 715 212 212 721
10106 719 210 212 721
10040 716 213 212 721
10078 721 214 213 722
10055 722 210 213 722
10018 49 217 213 722
10098 719 217 213 722
10140 718 209 213 722
201 197 228 214 723
10018 50 215 214 723
10098 720 227 214 723
220 81 224 214 723
10084 722 211 219 728
10084 723 216 220 729
201 204 223 221 730
10018 57 224 221 730
10098 727 229 221 730
10140 726 212 221 730
10084 724 209 221 730
10106 728 213 221 730
10018 58 216 222 731
10098 728 227 222 731
10106 729 210 222 731
10040 726 210 222 731
10078 731 212 223 732
10018 59 212 223 732
10098 729 223 223 732
10140 728 213 223 732
10106 730 210 223 732
10040 727 210 223 732
10078 732 220 224 733
10018 60 211 224 733
10098 730 223 224 733
10106 731 218 224 733
10018 61 213 225 734
10098 731 221 225 734
10106 732 212 225 734
10040 729 219 225 734
693 85 228 226 735
10040 730 211 226 735
10078 735 219 227 736
693 86 235 227 736
10040 731 223 227 736
10078 736 211 228 737
693 87 228 228 737
10040 732 220 228 737
575 42 226 228 737
10078 737 217 229 738
693 88 225 229 738
10040 733 219 229 738
575 43 243 229 738
10078 738 215 230 739
693 89 228 230 739
575 44 251 230 739
10078 739 215 231 740
693 90 224 231 740
10040 735 210 231 740
575 45 241 231 740
10078 740 208 232 741
10134 735 210 233 742
10040 737 220 233 742
575 47 241 233 742
10078 742 213 234 743
693 93 235 234 743
10040 738 212 234 743
575 48 223 234 743
10106 742 213 235 744
10040 739 221 235 744
10078 744 214 236 745
693 95 223 236 745
10040 740 228 236 745
10078 745 208 237 746
693 96 228 237 746
10040 741 216 237 746
10078 746 212 238 747
693 97 228 238 747
10106 745 209 238 747
10040 742 223 238 747
10078 747 218 239 748
693 98 232 239 748
10106 746 213 239 748
10040 743 226 239 748
693 99 225 240 749
10040 744 226 240 749
10078 749 217 241 750
10040 745 227 241 750
693 101 222 242 751
673 114 227 244 753
693 104 223 245 754
10040 749 227 245 754
10078 754 210 246 755
10040 750 223 246 755
673 116 223 246 755
10040 751 233 247 756
673 117 238 247 756
10078 756 210 248 757
693 107 231 248 757
10040 752 216 248 757
673 118 235 248 757
10106 756 210 249 758
10040 753 218 249 758
673 119 233 249 758
10134 752 210 250 759
10040 754 210 250 759
10040 755 219 251 760
673 121 230 251 760
10078 760 218 252 761
693 111 225 252 761
10040 756 221 252 761
10078 761 215 253 762
10040 757 231 253 762
768 127 221 253 762
10078 762 212 254 763
10040 758 220 254 763
10078 763 211 255 764
10040 759 224 255 764
10078 764 217 256 765
10040 760 221 256 765
10078 765 212 257 766
10106 764 210 257 766
10040 761 211 257 766
10078 766 220 258 767
10158 762 209 258 767
10106 765 220 258 767
10040 762 221 258 767
10078 767 211 259 768
768 133 225 259 768
10018 96 218 260 769
10106 767 214 260 769
10004 766 209 260 769
10076 766 208 260 769
10018 97 223 261 770
10140 766 210 261 770
10084 764 210 261 770
10158 765 214 261 770
10173 766 212 261 770
10055 771 211 262 771
10018 98 220 262 771
10098 768 209 262 771
10140 767 213 262 771
10084 765 209 262 771
10158 766 209 262 771
10004 768 211 262 771
10055 772 216 263 772
10018 99 221 263 772
10098 769 210 263 772
10084 766 219 263 772
10158 767 208 263 772
521 249 233 263 772
10004 769 209 263 772
10076 769 212 263 772
10055 773 215 264 773
10018 100 215 264 773
10084 767 210 264 773
10158 768 216 264 773
10076 770 209 264 773
10055 774 211 265 774
10018 101 231 265 774
10098 771 208 265 774
10140 770 209 265 774
10158 769 213 265 774
10055 775 213 266 775
10018 102 221 266 775
10098 772 223 266 775
10040 770 225 266 775
10078 775 211 267 776
10018 103 219 267 776
10098 773 218 267 776
406 126 225 267 776
10106 774 210 267 776
10004 773 209 267 776
10076 773 210 267 776
10055 777 209 268 777
10018 104 224 268 777
10098 774 214 268 777
10140 773 211 268 777
10084 771 211 268 777
10158 772 210 268 777
406 127 244 268 777
10018 105 232 269 778
10098 775 209 269 778
10140 774 211 269 778
406 128 238 269 778
10055 779 210 270 779
10018 106 226 270 779
10098 776 210 270 779
406 129 245 270 779
10018 107 222 271 780
406 130 247 271 780
10004 777 210 271 780
10018 108 223 272 781
10098 778 222 272 781
10140 777 211 272 781
10084 775 216 272 781
10158 776 211 272 781
406 131 243 272 781
10076 778 208 272 781
10018 109 225 273 782
10098 779 221 273 782
10140 778 211 273 782
406 132 237 273 782
10018 110 221 274 783
10098 780 220 274 783
10140 779 209 274 783
406 133 237 274 783
10055 784 218 275 784
10018 111 233 275 784
10140 780 216 275 784
10084 778 220 275 784
10158 779 208 275 784
406 134 244 275 784
10055 785 212 276 785
10018 112 222 276 785
10098 782 221 276 785
10140 781 212 276 785
10084 779 209 276 785
10158 780 213 276 785
406 135 240 276 785
10055 786 210 277 786
10018 113 228 277 786
406 136 246 277 786
10018 114 223 278 787
406 137 222 278 787
10018 115 223 279 788
10084 782 227 279 788
10158 783 210 279 788
406 138 242 279 788
10076 785 210 279 788
673 149 239 279 788
10055 789 213 280 789
10018 116 229 280 789
10140 785 210 280 789
10084 783 211 280 789
406 139 236 280 789
10076 786 213 280 789
673 150 239 280 789
10055 790 216 281 790
10018 117 223 281 790
10098 787 211 281 790
10140 786 218 281 790
10084 784 217 281 790
10158 785 213 281 790
406 140 233 281 790
10076 787 223 281 790
673 151 229 281 790
10055 791 221 282 791
10018 118 223 282 791
10140 787 216 282 791
10084 785 211 282 791
406 141 227 282 791
10106 789 211 282 791
10004 788 211 282 791
10076 788 215 282 791
673 152 242 282 791
10055 792 211 283 792
10018 119 219 283 792
10140 788 221 283 792
10084 786 210 283 792
10158 787 212 283 792
406 142 238 283 792
10173 788 210 283 792
10076 789 209 283 792
673 153 224 283 792
10055 793 211 284 793
10018 120 232 284 793
10098 790 213 284 793
10140 789 217 284 793
10084 787 210 284 793
10158 788 221 284 793
10106 791 210 284 793
673 154 235 284 793
10055 794 216 285 794
10018 121 237 285 794
10098 791 224 285 794
10084 788 211 285 794
10158 789 211 285 794
10076 791 209 285 794
673 155 222 285 794
10055 795 223 286 795
10018 122 210 286 795
10140 791 213 286 795
10076 792 209 286 795
673 156 233 286 795
10018 123 212 287 796
10098 793 212 287 796
10076 793 210 287 796
673 157 231 287 796
10055 797 214 288 797
10018 124 215 288 797
10140 793 210 288 797
10158 792 209 288 797
10173 793 209 288 797
10004 794 211 288 797
10076 794 212 288 797
10055 798 226 289 798
10018 125 212 289 798
10106 796 224 289 798
10004 795 218 289 798
10076 795 209 289 798
673 159 246 289 798
10055 799 218 290 799
406 149 237 290 799
10173 795 210 290 799
10106 797 217 290 799
10076 796 214 290 799
673 160 229 290 799
10055 800 224 291 800
10018 127 211 291 800
10140 796 209 291 800
10158 795 210 291 800
406 150 226 291 800
233 112 227 291 800
10173 796 214 291 800
10106 798 217 291 800
10004 797 211 291 800
10076 797 215 291 800
673 161 223 291 800
10055 801 226 292 801
10018 128 215 292 801
10140 797 223 292 801
10158 796 219 292 801
406 151 230 292 801
10173 797 213 292 801
10004 798 214 292 801
10076 798 212 292 801
673 162 241 292 801
10055 802 213 293 802
10140 798 221 293 802
10158 797 217 293 802
406 152 232 293 802
10004 799 210 293 802
10076 799 211 293 802
673 163 243 293 802
10055 803 224 294 803
10018 130 222 294 803
10140 799 218 294 803
10158 798 210 294 803
406 153 235 294 803
10173 799 215 294 803
10106 801 217 294 803
10004 800 214 294 803
10076 800 213 294 803
673 164 243 294 803
10055 804 223 295 804
10018 131 219 295 804
10140 800 210 295 804
406 154 224 295 804
10106 802 217 295 804
10004 801 212 295 804
673 165 243 295 804
10055 805 221 296 805
10140 801 222 296 805
10158 800 213 296 805
406 155 223 296 805
16 307 227 296 805
10173 801 209 296 805
10106 803 213 296 805
10004 802 212 296 805
10076 802 221 296 805
673 166 237 296 805
10055 806 224 297 806
10018 133 215 297 806
10140 802 215 297 806
406 156 238 297 806
10158 801 209 297 806
10173 802 209 297 806
10106 804 224 297 806
10076 803 214 297 806
673 167 243 297 806
10055 807 217 298 807
10018 134 220 298 807
10140 803 216 298 807
406 157 222 298 807
10158 802 210 298 807
16 309 225 298 807
10173 803 211 298 807
521 284 226 298 807
10106 805 210 298 807
10004 804 212 298 807
10076 804 219 298 807
673 168 240 298 807
10055 808 226 299 808
406 158 238 299 808
10158 803 212 299 808
10076 805 210 299 808
673 169 227 299 808
10140 805 219 300 809
406 159 224 300 809
10158 804 217 300 809
181 84 221 300 809
10173 805 215 300 809
10076 806 210 300 809
673 170 233 300 809
10055 810 223 301 810
10018 137 216 301 810
10140 806 212 301 810
406 160 237 301 810
10158 805 215 301 810
16 312 221 301 810
10106 808 219 301 810
10004 807 212 301 810
10076 807 219 301 810
673 171 241 301 810
10055 811 220 302 811
10140 807 211 302 811
406 161 225 302 811
10158 806 211 302 811
10173 807 209 302 811
10106 809 216 302 811
10076 808 216 302 811
673 172 235 302 811
10055 812 221 303 812
10018 139 217 303 812
10140 808 212 303 812
406 162 242 303 812
10158 807 218 303 812
16 314 225 303 812
10173 808 211 303 812
10106 810 210 303 812
10076 809 216 303 812
673 173 239 303 812
10055 813 230 304 813
10018 140 218 304 813
10140 809 216 304 813
406 163 235 304 813
10158 808 213 304 813
10106 811 213 304 813
10076 810 214 304 813
673 174 233 304 813
10055 814 226 305 814
10018 141 215 305 814
10140 810 219 305 814
406 164 225 305 814
10158 809 212 305 814
10106 812 209 305 814
10004 811 210 305 814
10076 811 209 305 814
673 175 233 305 814
10055 815 227 306 815
10018 142 221 306 815
10140 811 219 306 815
406 165 227 306 815
10158 810 215 306 815
10173 811 209 306 815
10106 813 213 306 815
10040 810 209 306 815
10004 812 211 306 815
10076 812 220 306 815
673 176 225 306 815
10055 816 219 307 816
10018 143 217 307 816
10140 812 212 307 816
406 166 247 307 816
10158 811 222 307 816
10106 814 210 307 816
10018 144 222 308 817
10098 814 212 308 817
10140 813 210 308 817
16 319 221 308 817
10018 145 215 309 818
10084 812 227 309 818
10158 813 212 309 818
16 320 233 309 818
201 293 221 310 819
51 328 222 310 819
16 321 236 310 819
201 294 230 311 820
51 329 241 311 820
16 322 227 311 820
201 295 221 312 821
16 323 236 312 821
693 171 223 312 821
44 135 227 313 822
51 331 222 313 822
92 291 224 314 823
201 297 232 314 823
521 300 227 314 823
44 136 222 314 823
693 173 230 314 823
220 182 239 315 824
92 292 222 315 824
201 298 233 315 824
521 301 224 315 824
44 137 225 315 824
16 326 227 315 824
693 174 225 315 824
201 299 233 316 825
16 327 235 316 825
693 175 223 316 825
201 300 234 317 826
51 335 221 317 826
44 139 221 317 826
220 185 227 318 827
92 295 224 318 827
220 186 227 319 828
693 178 221 319 828
417 310 225 319 828
92 297 237 320 829
44 142 223 320 829
16 331 233 320 829
92 298 225 321 830
220 188 224 321 830
16 332 234 321 830
44 143 226 321 830
51 339 227 321 830
768 195 224 321 830
92 299 228 322 831
220 189 221 322 831
44 144 231 322 831
693 181 223 322 831
417 313 231 322 831
768 196 223 322 831
92 300 233 323 832
220 190 227 323 832
16 334 247 323 832
417 314 237 323 832
92 301 227 324 833
220 191 224 324 833
16 335 225 324 833
693 183 221 324 833
51 342 231 324 833
768 198 226 324 833
417 315 236 324 833
92 302 225 325 834
220 192 224 325 834
16 336 224 325 834
51 343 228 325 834
768 199 229 325 834
417 316 230 325 834
92 303 227 326 835
220 193 224 326 835
16 337 237 326 835
417 317 221 326 835
220 194 231 327 836
16 338 237 327 836
417 318 223 327 836
92 305 223 328 837
220 195 221 328 837
44 150 224 328 837
16 339 233 328 837
768 202 222 328 837
417 319 227 329 838
92 306 225 329 838
220 196 225 329 838
16 340 238 329 838
44 151 226 329 838
51 347 231 329 838
693 188 221 329 838
417 320 226 329 838
92 307 225 330 839
220 197 224 330 839
16 341 227 330 839
44 152 231 330 839
51 348 224 330 839
417 321 233 331 840
92 308 226 331 840
220 198 221 331 840
16 342 239 331 840
649 139 221 331 840
417 322 223 332 841
220 199 223 332 841
16 343 221 332 841
10018 169 217 333 842
10140 838 217 333 842
10084 836 221 333 842
10158 837 211 333 842
10173 838 210 333 842
10106 840 210 333 842
10040 837 209 333 842
10055 843 216 334 843
10018 170 221 334 843
10098 840 210 334 843
10140 839 225 334 843
10084 837 210 334 843
10158 838 214 334 843
16 345 235 334 843
10106 841 209 334 843
10076 840 209 334 843
10055 844 216 335 844
10018 171 230 335 844
10098 841 217 335 844
10140 840 214 335 844
10040 839 209 335 844
10018 172 217 336 845
10098 842 216 336 845
16 347 226 336 845
10078 845 210 337 846
92 314 221 337 846
10018 173 209 337 846
10098 843 227 337 846
10140 842 211 337 846
10078 846 210 338 847
10018 174 209 338 847
10098 844 217 338 847
10140 843 212 338 847
10106 845 217 338 847
10076 844 210 338 847
10078 847 214 339 848
10018 175 210 339 848
10098 845 220 339 848
10140 844 210 339 848
10106 846 217 339 848
10040 843 214 339 848
10078 848 213 340 849
10018 176 221 340 849
10098 846 236 340 849
201 323 240 340 849
10140 845 213 340 849
10084 843 214 340 849
10055 850 209 341 850
10018 177 223 341 850
10098 847 220 341 850
10140 846 220 341 850
10158 845 211 341 850
16 352 225 341 850
10106 848 210 341 850
10076 847 210 341 850
10018 178 211 342 851
10084 845 223 342 851
16 353 230 342 851
10084 846 211 343 852
10084 847 213 344 853
10018 182 213 346 855
10084 849 219 346 855
10010 847 209 347 856
10140 852 220 347 856
10158 851 217 347 856
10140 853 212 348 857
16 359 227 348 857
10018 185 209 349 858
10140 854 219 349 858
10084 852 211 349 858
10158 853 216 349 858
16 360 227 349 858
16 361 235 350 859
10140 856 217 351 860
10084 854 210 351 860
10158 855 216 351 860
16 362 227 351 860
10018 188 213 352 861
10140 857 213 352 861
10084 855 214 352 861
10158 856 222 352 861
10010 853 217 353 862
10018 189 212 353 862
10140 858 219 353 862
10084 856 222 353 862
10158 857 217 353 862
10140 859 226 354 863
10158 858 210 354 863
16 365 230 354 863
10010 855 210 355 864
10140 860 214 355 864
10084 858 209 355 864
10158 859 220 355 864
16 366 224 355 864
10010 856 214 356 865
10018 192 216 356 865
10140 861 212 356 865
10084 859 210 356 865
10158 860 224 356 865
16 367 232 356 865
10018 193 219 357 866
10140 862 223 357 866
10084 860 210 357 866
10158 861 216 357 866
16 368 231 357 866
10010 858 211 358 867
10018 194 212 358 867
10140 863 227 358 867
10158 862 219 358 867
16 369 225 358 867
10078 869 212 361 870
10040 865 211 361 870
10078 870 225 362 871
10098 868 212 362 871
10084 866 217 363 872
10018 200 211 364 873
10140 869 215 364 873
10084 867 228 364 873
16 375 228 364 873
10140 870 220 365 874
10158 869 212 365 874
16 376 222 365 874
10158 870 218 366 875
16 377 228 366 875
10010 867 216 367 876
10140 872 213 367 876
10158 871 221 367 876
10018 204 209 368 877
10158 872 216 368 877
10140 874 217 369 878
10158 873 217 369 878
16 380 227 369 878
10140 875 218 370 879
10084 873 213 370 879
10158 874 214 370 879
10140 876 208 371 880
10084 874 212 371 880
10158 875 214 371 880
16 382 231 371 880
10018 208 219 372 881
10140 877 217 372 881
10158 876 221 372 881
16 383 225 372 881
10140 878 218 373 882
10084 876 221 373 882
10158 877 209 373 882
16 384 233 373 882
10140 879 210 374 883
10084 877 214 374 883
10158 878 213 374 883
16 385 224 374 883
10140 880 228 375 884
10084 878 209 375 884
10158 879 229 375 884
16 386 226 375 884
10010 876 210 376 885
10018 212 212 376 885
10140 881 218 376 885
10084 879 212 376 885
10158 880 219 376 885
10010 877 220 377 886
10140 882 210 377 886
10158 881 218 377 886
16 388 233 377 886
10144 882 210 377 886
10010 878 212 378 887
10018 214 210 378 887
10140 883 223 378 887
10158 882 215 378 887
16 389 225 378 887
10010 879 211 379 888
10140 884 224 379 888
10158 883 212 379 888
10010 880 209 380 889
10140 885 215 380 889
10158 884 212 380 889
16 391 227 380 889
10140 886 219 381 890
10010 882 208 382 891
10018 218 212 382 891
10140 887 210 382 891
10084 885 216 382 891
10158 886 217 382 891
10140 888 221 383 892
10158 887 213 383 892
16 394 235 383 892
10010 884 215 384 893
10018 220 211 384 893
10140 889 225 384 893
10084 887 215 384 893
10158 888 212 384 893
16 395 232 384 893
10140 890 216 385 894
10158 889 215 385 894
10140 892 216 387 896
10084 891 221 388 897
10018 225 222 389 898
10098 895 233 389 898
10140 894 212 389 898
10040 893 209 389 898
10078 898 210 390 899
10055 899 210 390 899
10018 226 216 390 899
10098 896 231 390 899
10040 894 216 390 899
10076 896 211 391 900
10078 899 226 391 900
693 250 223 391 900
10040 895 222 391 900
10106 899 222 392 901
10055 902 210 393 902
10018 229 219 393 902
10098 899 223 393 902
10084 896 221 393 902
10018 230 210 394 903
10140 899 218 394 903
10084 897 227 394 903
10158 898 225 394 903
201 378 222 395 904
10018 231 217 395 904
10098 901 249 395 904
10140 900 213 395 904
10106 902 210 395 904
10076 901 209 396 905
201 379 234 396 905
10098 902 227 396 905
10106 903 211 396 905
10078 905 211 397 906
10055 906 213 397 906
10018 233 221 397 906
10098 903 215 397 906
10140 902 213 397 906
10018 234 218 398 907
10098 904 211 398 907
10140 903 215 398 907
10018 235 219 399 908
10084 902 238 399 908
10158 903 212 399 908
10140 906 218 401 910
10158 905 220 401 910
10010 902 212 402 911
10140 907 216 402 911
10084 905 211 402 911
10158 906 220 402 911
10140 908 217 403 912
10084 906 215 403 912
10140 909 223 404 913
10084 907 209 404 913
10010 905 213 405 914
10018 241 209 405 914
10140 910 217 405 914
10084 908 209 405 914
10158 909 212 405 914
10140 911 223 406 915
10084 909 209 406 915
10158 910 215 406 915
10010 907 208 407 916
10140 912 212 407 916
10158 911 215 407 916
10140 913 212 408 917
10084 911 214 408 917
10158 912 209 408 917
16 419 236 408 917
10140 914 211 409 918
10084 912 212 409 918
10158 913 223 409 918
10140 915 210 410 919
10084 913 217 410 919
10158 914 220 410 919
10010 911 211 411 920
10140 916 218 411 920
10140 917 218 412 921
10084 915 216 412 921
10140 918 223 413 922
10084 916 221 413 922
10158 917 221 413 922
10010 914 212 414 923
10018 250 212 414 923
10140 919 221 414 923
10084 917 210 414 923
10158 918 220 414 923
10140 920 216 415 924
10084 918 210 415 924
10140 921 213 416 925
10084 919 219 416 925
10010 917 211 417 926
10140 922 210 417 926
10084 920 212 417 926
10140 923 218 418 927
10084 921 212 418 927
10158 922 218 418 927
10140 924 219 419 928
10084 922 216 419 928
10018 256 215 420 929
10140 925 217 420 929
10158 924 223 420 929
10140 926 220 421 930
10158 925 221 421 930
10018 258 216 422 931
10140 927 225 422 931
10084 925 225 422 931
10158 926 214 422 931
10144 927 209 422 931
10140 928 219 423 932
10084 926 219 423 932
10158 927 209 423 932
10018 260 212 424 933
10140 929 217 424 933
10158 928 215 424 933
10140 930 211 425 934
10010 926 211 426 935
10140 931 218 426 935
10084 929 212 426 935
10158 930 210 426 935
10018 263 212 427 936
10140 932 218 427 936
10158 931 210 427 936
10140 933 224 428 937
10158 932 216 428 937
10018 265 209 429 938
10140 934 212 429 938
10158 933 224 429 938
10084 934 217 431 940
10084 935 224 432 941
10098 939 225 433 942
10018 270 223 434 943
10098 940 226 434 943
10140 939 213 434 943
10106 941 213 434 943
10018 271 220 435 944
10098 941 219 435 944
10140 940 216 435 944
10158 939 209 435 944
10106 942 211 435 944
10040 939 215 435 944
10076 941 209 436 945
10078 944 215 436 945
10106 943 223 436 945
10040 940 214 436 945
10076 942 210 437 946
10078 945 223 437 946
10078 946 225 438 947
10098 944 210 438 947
10106 945 219 438 947
10040 942 215 438 947
10078 947 226 439 948
10040 943 213 439 948
10078 948 231 440 949
10040 944 213 440 949
10078 949 232 441 950
10106 948 212 441 950
10040 945 215 441 950
10078 950 225 442 951
10098 948 211 442 951
10106 949 217 442 951
10040 946 217 442 951
10078 951 231 443 952
10106 950 215 443 952
10040 947 215 443 952
10078 952 229 444 953
10106 951 215 444 953
10040 948 219 444 953
10078 953 225 445 954
10098 951 215 445 954
10106 952 222 445 954
10040 949 218 445 954
10078 954 226 446 955
10098 952 210 446 955
10106 953 222 446 955
10040 950 219 446 955
10078 955 225 447 956
10098 953 213 447 956
10040 951 210 447 956
10078 956 225 448 957
10106 955 211 448 957
10040 952 209 448 957
10078 957 233 449 958
10098 955 211 449 958
10040 953 210 449 958
10078 958 210 450 959
10040 954 208 450 959
10078 959 221 451 960
10106 958 216 451 960
10078 960 218 452 961
10040 956 212 452 961
10078 961 231 453 962
10106 960 212 453 962
10078 962 225 454 963
10098 960 211 454 963
10106 961 211 454 963
10040 958 210 454 963
10078 963 221 455 964
10078 964 223 456 965
10106 963 216 456 965
10040 960 209 456 965
10018 294 211 458 967
10098 964 219 458 967
10098 965 222 459 968
10106 966 209 459 968
10018 296 213 460 969
10140 965 210 460 969
10018 297 212 461 970
10098 967 223 461 970
10018 298 227 462 971
10098 968 210 462 971
10140 967 225 462 971
10158 966 219 462 971
10018 299 222 463 972
10158 967 213 463 972
10018 300 224 464 973
10158 968 220 464 973
10018 301 226 465 974
10098 971 214 465 974
10140 970 217 465 974
10158 969 209 465 974
10018 302 216 466 975
10018 303 212 467 976
10140 972 213 467 976
10018 304 219 468 977
10018 305 221 469 978
10018 306 214 470 979
10018 307 212 471 980
10018 308 222 472 981
10098 978 215 472 981
10140 977 212 472 981
10018 309 217 473 982
10140 978 209 473 982
10018 310 213 474 983
10018 311 211 475 984
10140 980 209 475 984
10078 984 216 476 985
10055 986 210 477 986
10076 983 215 478 987
10040 983 210 480 989
768 353 221 480 989
10078 988 209 480 989
10106 987 212 480 989
10040 984 210 481 990
10106 988 211 481 990
10055 991 210 482 991
10018 319 224 483 992
10084 988 233 485 994
16 496 226 485 994
10018 322 215 486 995
10098 992 211 486 995
220 143 221 486 995
10018 323 209 487 996
10098 993 210 487 996
201 471 235 488 997
10098 994 226 488 997
16 499 221 488 997
643 75 225 489 998
10040 993 211 489 998
10076 995 213 490 999
10078 998 217 490 999
768 363 221 490 999
10018 326 211 490 999
10098 996 209 490 999
10106 997 213 490 999
10040 994 215 490 999
10098 997 212 491 1000
10106 998 214 491 1000
10040 995 221 491 1000
10078 1000 215 492 1001
10055 1001 211 492 1001
10018 328 212 492 1001
10040 996 212 492 1001
10078 1001 210 493 1002
10106 1000 219 493 1002
10040 998 218 494 1003
10078 1003 219 495 1004
10106 1002 219 495 1004
10040 999 215 495 1004
10078 1004 218 496 1005
10106 1003 209 496 1005
10040 1000 210 496 1005
10040 1001 208 497 1006
10078 1006 216 498 1007
10106 1005 211 498 1007
10040 1002 214 498 1007
10078 1007 210 499 1008
10040 1003 231 499 1008
10018 338 208 502 1011
10098 1008 212 502 1011
10018 339 211 503 1012
10084 1007 216 504 1013
10084 1008 223 505 1014
10084 1009 211 506 1015
10084 1010 214 507 1016
10076 1014 209 509 1018
10055 1018 209 509 1018
10106 1016 213 509 1018
10018 346 217 510 1019
10140 1015 210 510 1019
10018 347 216 511 1020
10018 348 209 512 1021
10098 1018 210 512 1021
10055 1023 217 514 1023
10018 350 214 514 1023
10078 1023 212 515 1024
10018 351 216 515 1024
10098 1022 212 516 1025
10098 1023 221 517 1026
10018 354 211 518 1027
10084 1023 221 520 1029
10018 357 209 521 1030
10084 1024 210 521 1030
92 499 221 522 1031
10084 1025 210 522 1031
10018 359 211 523 1032
10098 1029 223 523 1032
10018 360 213 524 1033
10098 1030 225 524 1033
10140 1029 212 524 1033
10018 361 221 525 1034
10098 1031 221 525 1034
10158 1029 214 525 1034
10106 1032 215 525 1034
10076 1031 220 526 1035
10031 1039 211 527 1036
10089 1031 212 532 1041
10089 1032 221 533 1042
10173 1041 210 536 1045
10106 1043 218 536 1045
10018 374 229 538 1047
10084 1041 215 538 1047
10158 1042 209 538 1047
10078 1048 214 540 1049
16 38 221 546 1055
10089 1047 220 548 1057
10089 1048 211 549 1058
10106 1059 211 552 1061
10134 1055 211 553 1062
16 48 226 556 1065
16 49 224 557 1066
10084 1061 213 558 1067
16 50 223 558 1067
10084 1066 217 563 1072
10098 1071 212 565 1074
10018 402 217 566 1075
10098 1073 210 567 1076
10140 1072 209 567 1076
10018 404 217 568 1077
10106 1075 218 568 1077
10055 1078 213 569 1078
10084 1073 209 570 1079
10084 1076 212 573 1082
10084 1080 216 577 1086
10084 1081 218 578 1087
10084 1085 212 582 1091
10084 1087 210 584 1093
10084 1088 214 585 1094
10084 1092 210 589 1098
201 573 223 590 1099
10018 426 211 590 1099
10098 1096 223 590 1099
10140 1095 216 590 1099
10158 1094 211 590 1099
10084 1094 217 591 1100
575 405 238 592 1101
10084 1095 213 592 1101
10018 430 209 594 1103
10098 1100 221 594 1103
10098 1101 211 595 1104
10140 1100 209 595 1104
10078 1104 212 596 1105
10098 1102 218 596 1105
201 580 221 597 1106
10098 1103 214 597 1106
201 581 227 598 1107
10018 434 209 598 1107
10098 1104 219 598 1107
10018 435 210 599 1108
10098 1105 212 599 1108
10084 1103 212 600 1109
16 92 233 600 1109
10084 1105 209 602 1111
16 94 234 602 1111
10084 1109 226 606 1115
16 98 221 606 1115
10084 1110 210 607 1116
10098 1115 210 609 1118
16 101 224 609 1118
10084 1113 208 610 1119
16 102 229 610 1119
16 105 221 613 1122
16 106 223 614 1123
10078 1130 209 622 1131
10098 1128 217 622 1131
10098 1129 211 623 1132
10106 1131 212 624 1133
16 116 225 624 1133
10078 1133 210 625 1134
10098 1131 209 625 1134
16 117 235 625 1134
10078 1134 212 626 1135
10078 1144 210 636 1145
10018 472 219 636 1145
10098 1142 223 636 1145
10140 1141 210 636 1145
10098 1143 228 637 1146
10018 474 210 638 1147
10098 1144 220 638 1147
16 130 232 638 1147
10018 475 210 639 1148
10098 1145 223 639 1148
10055 1149 211 640 1149
10018 476 214 640 1149
10018 477 212 641 1150
10055 1151 210 642 1151
10018 478 218 642 1151
10140 1147 215 642 1151
10055 1152 210 643 1152
10018 479 210 643 1152
10055 1153 216 644 1153
10140 1149 210 644 1153
10173 1149 212 644 1153
10106 1151 210 644 1153
10055 1154 220 645 1154
10018 481 223 645 1154
10098 1151 213 645 1154
10140 1150 209 645 1154
10158 1149 212 645 1154
10106 1152 215 645 1154
10004 1151 211 645 1154
10076 1151 209 645 1154
10055 1155 210 646 1155
10018 482 210 646 1155
10140 1151 219 646 1155
10158 1150 218 646 1155
10076 1152 219 646 1155
10055 1156 212 647 1156
10018 483 211 647 1156
10140 1152 210 647 1156
10158 1151 212 647 1156
10018 484 210 648 1157
10140 1153 211 648 1157
10158 1152 223 648 1157
10173 1153 218 648 1157
10106 1155 223 648 1157
10140 1154 211 649 1158
10140 1155 211 650 1159
10084 1153 217 650 1159
10158 1154 210 650 1159
10055 1160 212 651 1160
10140 1156 213 651 1160
10173 1156 210 651 1160
10076 1157 218 651 1160
10055 1161 230 652 1161
10140 1157 210 652 1161
10158 1156 212 652 1161
10076 1158 209 652 1161
10055 1162 228 653 1162
10018 489 221 653 1162
10158 1157 211 653 1162
10055 1163 211 654 1163
10018 490 208 654 1163
10106 1161 210 654 1163
10055 1164 227 655 1164
10018 491 218 655 1164
10158 1159 212 655 1164
10173 1160 221 655 1164
10018 492 209 656 1165
10004 1162 212 656 1165
10076 1162 214 656 1165
10040 1161 215 657 1166
16 149 227 657 1166
10055 1167 211 658 1167
10106 1165 221 658 1167
10040 1162 210 658 1167
16 150 225 658 1167
10018 495 210 659 1168
10173 1164 210 659 1168
10106 1166 218 659 1168
10018 497 209 661 1170
10106 1168 211 661 1170
10078 1171 216 663 1172
10098 1169 214 663 1172
10084 1170 219 667 1176
10098 1174 210 668 1177
10018 505 221 669 1178
10106 1176 210 669 1178
10055 1179 217 670 1179
10018 506 219 670 1179
10018 508 211 672 1181
10055 1182 208 673 1182
10018 509 210 673 1182
10140 1179 209 674 1183
10055 1184 210 675 1184
10018 511 210 675 1184
10140 1180 212 675 1184
10004 1181 211 676 1185
10076 1181 210 676 1185
10018 512 221 676 1185
10140 1181 209 676 1185
10098 1183 220 677 1186
10018 514 211 678 1187
10098 1184 217 678 1187
10084 1183 210 680 1189
10018 517 210 681 1190
10098 1187 223 681 1190
10018 518 210 682 1191
10098 1188 227 682 1191
10098 1189 211 683 1192
10098 1190 233 684 1193
10098 1191 223 685 1194
10140 1190 210 685 1194
10018 522 211 686 1195
10098 1192 223 686 1195
10098 1193 216 687 1196
10018 524 211 688 1197
10084 1191 220 688 1197
10018 531 210 695 1204
10076 1201 209 696 1205
10106 1203 209 696 1205
10040 1200 217 696 1205
10076 1203 209 698 1207
10076 1204 210 699 1208
10140 1204 215 699 1208
10076 1205 212 700 1209
10106 1207 210 700 1209
10055 1211 209 702 1211
10018 538 227 702 1211
10098 1208 211 702 1211
10173 1207 209 702 1211
10106 1209 218 702 1211
10018 539 215 703 1212
10106 1211 219 704 1213
10078 1214 214 706 1215
10106 1213 210 706 1215
10078 1215 213 707 1216
10078 1216 211 708 1217
10078 1217 213 709 1218
10078 1218 211 710 1219
10018 548 208 712 1221
10098 1218 218 712 1221
10018 549 209 713 1222
10098 1219 223 713 1222
201 696 222 713 1222
92 691 228 714 1223
10018 550 213 714 1223
10098 1220 209 714 1223
201 697 223 714 1223
10018 551 215 715 1224
201 698 227 715 1224
44 187 223 716 1225
10018 553 210 717 1226
10098 1223 212 717 1226
201 700 222 717 1226
44 188 221 717 1226
44 189 235 718 1227
10098 1225 221 719 1228
10140 1225 212 720 1229
10018 557 218 721 1230
10098 1227 213 721 1230
10018 558 209 722 1231
10098 1228 211 722 1231
10098 1229 215 723 1232
10098 1230 210 724 1233
10098 1231 216 725 1234
10098 1232 211 726 1235
201 709 223 726 1235
10098 1233 228 727 1236
10018 564 228 728 1237
375 460 230 728 1237
10018 565 214 729 1238
375 461 223 729 1238
10084 1233 218 730 1239
44 201 221 730 1239
10018 567 209 731 1240
10084 1234 215 731 1240
10098 1238 222 732 1241
10098 1240 215 734 1243
92 712 225 735 1244
10018 571 210 735 1244
201 718 223 735 1244
10098 1241 212 735 1244
521 721 222 735 1244
10018 573 210 737 1246
10098 1243 213 737 1246
10018 574 210 738 1247
10098 1244 211 738 1247
10140 1243 209 738 1247
10098 1245 211 739 1248
201 722 228 739 1248
521 725 224 739 1248
10018 576 208 740 1249
10098 1246 214 740 1249
201 723 223 740 1249
10018 577 218 741 1250
10098 1247 222 741 1250
10018 578 221 742 1251
10098 1248 223 742 1251
521 728 231 742 1251
10098 1249 223 743 1252
521 729 235 743 1252
10018 580 209 744 1253
10098 1250 232 744 1253
10018 581 210 745 1254
10098 1251 219 745 1254
10018 582 221 746 1255
10098 1252 213 746 1255
10018 583 213 747 1256
10098 1253 212 747 1256
10098 1254 225 748 1257
10018 585 208 749 1258
10098 1255 214 749 1258
10018 586 208 750 1259
10098 1256 209 750 1259
521 736 236 750 1259
10018 587 212 751 1260
10098 1257 213 751 1260
10098 1258 216 752 1261
521 738 222 752 1261
10098 1259 214 753 1262
10098 1260 210 754 1263
521 740 236 754 1263
245 577 226 754 1263
10018 591 210 755 1264
10098 1261 223 755 1264
408 573 225 755 1264
10098 1262 220 756 1265
372 549 221 756 1265
10098 1263 229 757 1266
560 573 223 757 1266
521 744 236 758 1267
765 135 225 758 1267
10018 595 211 759 1268
10098 1265 212 759 1268
171 10 233 759 1268
10018 596 213 760 1269
10098 1266 225 760 1269
521 746 221 760 1269
10018 597 210 761 1270
10098 1267 213 761 1270
10098 1268 213 762 1271
521 748 237 762 1271
648 292 221 762 1271
10098 1269 216 763 1272
10098 1270 225 764 1273
521 750 223 764 1273
563 583 221 764 1273
16 256 221 764 1273
10018 601 210 765 1274
10098 1271 220 765 1274
521 751 224 765 1274
10098 1272 223 766 1275
10084 1270 218 767 1276
92 745 221 768 1277
201 751 221 768 1277
10018 604 212 768 1277
10098 1274 223 768 1277
529 27 225 768 1277
407 296 235 768 1277
92 746 239 769 1278
201 752 226 769 1278
10018 605 212 769 1278
10098 1275 222 769 1278
16 261 225 769 1278
460 303 223 770 1279
92 748 239 771 1280
76 507 235 771 1280
10018 607 215 771 1280
10098 1277 221 771 1280
201 755 221 772 1281
10098 1278 215 772 1281
10098 1279 220 773 1282
84 588 224 773 1282
10018 610 211 774 1283
10098 1280 209 774 1283
183 590 226 776 1285
10098 1283 211 777 1286
92 755 240 778 1287
10098 1284 219 778 1287
92 756 221 779 1288
201 762 221 779 1288
10018 615 212 779 1288
10098 1285 224 779 1288
10018 616 211 780 1289
10098 1286 225 780 1289
743 510 223 780 1289
92 758 235 781 1290
10018 617 210 781 1290
10098 1287 219 781 1290
10098 1288 217 782 1291
181 103 236 782 1291
203 44 227 783 1292
10018 619 215 783 1292
10098 1289 220 783 1292
10078 1293 211 785 1294
10018 621 210 785 1294
10098 1291 220 785 1294
10098 1292 220 786 1295
406 646 233 787 1296
10018 623 213 787 1296
10098 1293 223 787 1296
227 528 227 788 1297
10018 624 210 788 1297
10098 1294 216 788 1297
10098 1295 213 789 1298
206 573 246 790 1299
10018 626 215 790 1299
10098 1296 211 790 1299
390 601 234 790 1299
10040 1294 213 790 1299
10098 1297 227 791 1300
10098 1299 211 793 1302
10078 1302 208 794 1303
10018 630 214 794 1303
10098 1300 213 794 1303
10078 1303 211 795 1304
10018 631 212 795 1304
10098 1301 211 795 1304
772 615 236 795 1304
382 604 247 795 1304
207 597 223 795 1304
502 559 236 795 1304
10078 1304 210 796 1305
10098 1303 214 797 1306
710 574 234 797 1306
10018 634 218 798 1307
10098 1304 220 798 1307
182 51 227 798 1307
10106 1305 208 798 1307
128 101 225 799 1308
10078 1307 214 799 1308
201 782 221 799 1308
10018 635 219 799 1308
10098 1305 219 799 1308
170 601 225 799 1308
348 293 236 799 1308
205 333 231 799 1308
671 624 227 799 1308
715 523 224 800 1309
10098 1306 217 800 1309
454 620 221 800 1309
475 140 227 801 1310
10018 637 211 801 1310
10098 1307 221 801 1310
10106 1308 209 801 1310
522 300 230 801 1310
652 609 225 801 1310
482 759 222 801 1310
10078 1310 213 802 1311
10018 638 218 802 1311
10098 1308 215 802 1311
650 563 233 802 1311
249 167 225 803 1312
10078 1311 215 803 1312
669 618 226 803 1312
10098 1309 217 803 1312
408 621 221 803 1312
648 333 247 803 1312
10106 1310 209 803 1312
269 33 228 803 1312
201 787 231 804 1313
10078 1312 210 804 1313
10018 640 211 804 1313
10098 1310 217 804 1313
244 615 231 804 1313
201 788 225 805 1314
10098 1312 213 806 1315
10078 1315 209 807 1316
10018 643 211 807 1316
10098 1313 227 807 1316
10018 644 211 808 1317
10098 1314 221 808 1317
201 792 232 809 1318
10098 1315 212 809 1318
10106 1316 211 809 1318
10098 1316 219 810 1319
10098 1317 216 811 1320
385 88 223 812 1321
10098 1319 230 813 1322
10140 1318 210 813 1322
10098 1321 210 815 1324
765 192 221 815 1324
10098 1322 211 816 1325
10098 1323 211 817 1326
10106 1324 208 817 1326
10018 654 210 818 1327
10098 1324 229 818 1327
654 624 223 818 1327
10106 1325 210 818 1327
10078 1327 210 819 1328
10098 1325 227 819 1328
310 625 223 819 1328
10018 656 212 820 1329
10098 1326 221 820 1329
10078 1329 211 821 1330
10018 657 218 821 1330
10098 1327 229 821 1330
10018 659 220 823 1332
10098 1329 233 823 1332
10018 660 211 824 1333
10098 1330 227 824 1333
51 842 223 824 1333
10098 1331 224 825 1334
713 638 224 825 1334
10106 1332 209 825 1334
10098 1332 221 826 1335
10018 663 209 827 1336
10098 1333 225 827 1336
10018 664 212 828 1337
10098 1334 230 828 1337
10018 665 210 829 1338
10106 1336 209 829 1338
152 645 224 830 1339
201 813 225 830 1339
10098 1337 218 831 1340
10098 1338 213 832 1341
553 641 224 832 1341
10018 669 217 833 1342
10098 1339 217 833 1342
10140 1338 218 833 1342
10098 1340 211 834 1343
10078 1343 213 835 1344
10098 1341 217 835 1344
10018 672 210 836 1345
10098 1342 217 836 1345
10140 1341 209 836 1345
10098 1344 220 838 1347
518 656 227 838 1347
366 2 223 838 1347
10040 1342 209 838 1347
10078 1347 209 839 1348
315 333 221 839 1348
201 822 221 839 1348
10098 1345 222 839 1348
10078 1348 212 840 1349
10098 1346 209 840 1349
10098 1347 209 841 1350
10018 678 212 842 1351
37 315 222 843 1352
10098 1350 209 844 1353
10018 681 210 845 1354
10018 682 210 846 1355
10098 1352 221 846 1355
10098 1353 232 847 1356
10018 684 214 848 1357
10098 1354 232 848 1357
10018 685 217 849 1358
10098 1355 217 849 1358
10018 686 210 850 1359
10098 1356 213 850 1359
743 580 237 850 1359
10098 1357 210 851 1360
10078 1360 209 852 1361
296 677 233 852 1361
10098 1358 219 852 1361
10098 1359 212 853 1362
10018 690 218 854 1363
10098 1360 233 854 1363
10098 1361 215 855 1364
67 607 233 855 1364
39 678 222 855 1364
10098 1362 216 856 1365
10018 693 211 857 1366
10098 1363 214 857 1366
10018 694 211 858 1367
10098 1364 216 858 1367
10140 1363 211 858 1367
755 668 222 858 1367
10078 1367 209 859 1368
10018 695 210 859 1368
10098 1365 224 859 1368
10078 1368 217 860 1369
10098 1366 211 860 1369
10106 1367 214 860 1369
10098 1367 212 861 1370
10018 698 216 862 1371
347 673 236 862 1371
10018 699 209 863 1372
10098 1369 213 863 1372
201 847 228 864 1373
10098 1371 219 865 1374
10140 1370 209 865 1374
10106 1372 209 865 1374
361 685 222 866 1375
146 595 227 866 1375
10098 1373 211 867 1376
10078 1377 211 869 1378
10098 1375 217 869 1378
10078 1378 210 870 1379
10098 1376 223 870 1379
62 619 228 870 1379
10098 1377 223 871 1380
10098 1380 213 874 1383
10106 1381 213 874 1383
10098 1381 213 875 1384
10078 1384 215 876 1385
10098 1382 208 876 1385
10098 1383 211 877 1386
10098 1384 213 878 1387
201 862 221 879 1388
10078 1387 209 879 1388
10098 1386 210 880 1389
10106 1387 212 880 1389
10078 1389 214 881 1390
10078 1391 211 883 1392
10078 1392 213 884 1393
10098 1390 218 884 1393
10018 721 210 885 1394
10098 1391 217 885 1394
10098 1393 210 887 1396
10078 1396 210 888 1397
10098 1394 209 888 1397
201 872 223 889 1398
10078 1397 212 889 1398
10098 1395 210 889 1398
10106 1396 213 889 1398
10078 1398 216 890 1399
10018 726 211 890 1399
10098 1396 226 890 1399
201 874 224 891 1400
10078 1399 212 891 1400
10018 727 208 891 1400
10098 1397 215 891 1400
10098 1398 213 892 1401
10098 1399 213 893 1402
10078 1402 210 894 1403
10098 1400 211 894 1403
201 878 221 895 1404
10078 1403 210 895 1404
10106 1402 209 895 1404
10106 1403 209 896 1405
10078 1405 212 897 1406
10018 733 212 897 1406
10098 1404 213 898 1407
201 882 224 899 1408
10078 1408 210 900 1409
10098 1406 215 900 1409
10098 1407 225 901 1410
10098 1408 222 902 1411
44 373 222 902 1411
10018 739 211 903 1412
10098 1409 222 903 1412
10098 1410 213 904 1413
10018 741 212 905 1414
10098 1411 234 905 1414
10098 1412 218 906 1415
10098 1413 218 907 1416
10106 1414 211 907 1416
10098 1414 217 908 1417
10098 1415 214 909 1418
10106 1416 209 909 1418
10018 746 211 910 1419
10098 1416 223 910 1419
10018 747 217 911 1420
10098 1417 226 911 1420
10018 748 209 912 1421
10098 1418 222 912 1421
10106 1419 209 912 1421
10098 1419 214 913 1422
10140 1418 212 913 1422
10098 1421 219 915 1424
10078 1424 210 916 1425
10098 1424 212 918 1427
10018 755 211 919 1428
10098 1425 228 919 1428
10098 1426 215 920 1429
10098 1427 215 921 1430
10098 1428 222 922 1431
10098 1429 214 923 1432
10098 1430 210 924 1433
10018 761 212 925 1434
10098 1431 211 925 1434
10098 1432 225 926 1435
10098 1433 232 927 1436
10098 1434 236 928 1437
10098 1435 211 929 1438
10098 1436 213 930 1439
10098 1437 209 931 1440
10106 1439 211 932 1441
201 916 221 933 1442
10098 1439 224 933 1442
10098 1440 227 934 1443
10018 771 210 935 1444
10098 1441 217 935 1444
10098 1442 211 936 1445
10018 775 210 939 1448
10084 1442 212 939 1448
10084 1443 209 940 1449
10084 1444 218 941 1450
10084 1445 216 942 1451
10084 1446 215 943 1452
10084 1447 214 944 1453
10084 1449 209 946 1455
10084 1450 210 947 1456
10018 784 209 948 1457
10018 785 208 949 1458
10084 1452 211 949 1458
10098 1456 222 950 1459
10140 1455 210 950 1459
10055 1461 210 952 1461
10173 1457 217 952 1461
10004 1458 210 953 1462
10076 1458 236 953 1462
10055 1462 224 953 1462
10018 789 220 953 1462
10173 1458 235 953 1462
10106 1460 210 953 1462
10076 1459 235 954 1463
10055 1463 221 954 1463
10173 1459 237 954 1463
10076 1460 217 955 1464
10055 1464 213 955 1464
10173 1460 232 955 1464
10106 1462 210 955 1464
10076 1461 223 956 1465
10055 1465 221 956 1465
10173 1461 219 956 1465
10018 793 209 957 1466
10140 1462 211 957 1466
10098 1464 229 958 1467
10098 1465 215 959 1468
16 451 222 960 1469
10018 796 211 960 1469
10098 1466 213 960 1469
10018 797 208 961 1470
10018 798 223 962 1471
10098 1469 216 963 1472
10098 1470 216 964 1473
10098 1471 226 965 1474
10098 1472 214 966 1475
10098 1473 214 967 1476
10098 1474 208 968 1477
482 929 229 971 1480
10098 1478 210 972 1481
10098 1480 217 974 1483
10098 1481 209 975 1484
10098 1482 210 976 1485
10098 1483 211 977 1486
10018 814 208 978 1487
10098 1484 210 978 1487
10098 1485 208 979 1488
10078 1489 212 981 1490
10098 1487 217 981 1490
10106 1488 210 981 1490
482 939 223 981 1490
10098 1488 219 982 1491
10018 819 212 983 1492
10098 1489 215 983 1492
201 967 225 984 1493
10018 820 209 984 1493
201 968 221 985 1494
10018 821 212 985 1494
10098 1491 220 985 1494
521 68 241 985 1494
201 969 221 986 1495
10018 822 211 986 1495
10098 1492 210 986 1495
10140 1491 209 986 1495
10098 1493 212 987 1496
10018 824 214 988 1497
521 71 230 988 1497
201 972 221 989 1498
10098 1496 213 990 1499
319 809 227 991 1500
123 787 225 991 1500
10098 1497 223 991 1500
10098 1498 212 992 1501
27 465 223 992 1501
10018 829 213 993 1502
10098 1499 216 993 1502
521 76 227 993 1502
10018 830 209 994 1503
10098 1501 209 995 1504
468 811 221 995 1504
521 80 223 997 1506
697 812 227 998 1507
201 981 231 998 1507
531 792 222 998 1507
10098 1504 221 998 1507
521 81 234 998 1507
476 272 228 998 1507
10098 1505 215 999 1508
521 82 234 999 1508
10098 1506 217 1000 1509
521 83 227 1000 1509
201 984 227 1001 1510
10018 837 209 1001 1510
10098 1507 222 1001 1510
10098 1508 218 1002 1511
521 85 221 1002 1511
10098 1509 219 1003 1512
92 980 225 1003 1512
521 86 221 1003 1512
311 23 223 1004 1513
10098 1510 217 1004 1513
521 87 228 1004 1513
512 800 221 1004 1513
10098 1511 209 1005 1514
10098 1512 214 1006 1515
10098 1513 221 1007 1516
10018 844 213 1008 1517
10098 1514 214 1008 1517
10018 845 211 1009 1518
593 506 227 1009 1518
201 994 232 1011 1520
10098 1517 216 1011 1520
521 94 236 1011 1520
312 815 232 1012 1521
10018 848 208 1012 1521
10098 1518 212 1012 1521
521 95 221 1012 1521
421 49 223 1013 1522
10098 1519 215 1013 1522
738 764 223 1014 1523
10018 850 212 1014 1523
10098 1520 215 1014 1523
10098 1521 223 1015 1524
16 507 225 1016 1525
16 508 227 1017 1526
10018 853 212 1017 1526
10098 1523 211 1017 1526
10098 1524 210 1018 1527
10098 1525 211 1019 1528
10098 1526 212 1020 1529
10018 858 210 1022 1531
10098 1528 209 1022 1531
10078 1548 212 1043 1552
10098 1546 210 1044 1553
435 735 225 1044 1553
223 295 221 1045 1554
10078 1550 210 1046 1555
10078 1551 210 1046 1555
10078 1552 211 1047 1556
10078 1555 212 1051 1560
10078 1556 212 1052 1561
10078 1558 209 1054 1563
10018 887 209 1055 1564
10098 1557 226 1055 1564
10018 888 219 1056 1565
10098 1558 229 1056 1565
10084 1556 215 1057 1566
10098 1562 221 1060 1569
10078 1566 212 1062 1571
593 556 224 1063 1572
10018 896 209 1064 1573
10098 1566 223 1064 1573
201 1044 226 1065 1574
10078 1570 209 1066 1575
395 810 232 1067 1576
482 1021 221 1067 1576
780 90 228 1068 1577
10098 1571 209 1069 1578
482 1023 233 1069 1578
457 883 224 1070 1579
10078 1574 209 1070 1579
10018 902 210 1070 1579
10098 1572 209 1070 1579
10078 1575 210 1071 1580
394 878 223 1071 1580
10098 1574 217 1072 1581
482 1026 224 1072 1581
10098 1575 211 1073 1582
482 1027 225 1073 1582
10078 1578 209 1074 1583
10098 1576 210 1074 1583
7 874 227 1074 1583
10078 1579 218 1075 1584
10106 1578 210 1075 1584
482 1029 222 1075 1584
10098 1578 209 1076 1585
134 240 231 1076 1585
10018 909 211 1077 1586
10098 1579 210 1077 1586
482 1031 224 1077 1586
10018 910 209 1078 1587
10098 1580 210 1078 1587
10098 1581 214 1079 1588
482 1033 227 1079 1588
10018 912 215 1080 1589
10098 1583 214 1081 1590
10106 1584 218 1081 1590
10098 1584 223 1082 1591
10098 1585 213 1083 1592
482 1038 232 1084 1593
256 677 225 1084 1593
482 1039 223 1085 1594
10140 1587 210 1086 1595
482 1040 221 1086 1595
10098 1589 209 1087 1596
10106 1590 209 1087 1596
646 881 221 1088 1597
201 1067 221 1088 1597
10098 1590 218 1088 1597
482 1042 223 1088 1597
518 32 221 1088 1597
10098 1591 211 1089 1598
10106 1592 212 1089 1598
25 868 231 1089 1598
482 1043 231 1089 1598
10098 1592 218 1090 1599
482 1044 223 1090 1599
10098 1593 215 1091 1600
482 1045 221 1091 1600
10098 1594 215 1092 1601
50 21 221 1092 1601
10098 1595 220 1093 1602
10098 1598 219 1096 1605
10098 1599 213 1097 1606
10098 1600 214 1098 1607
482 1052 225 1098 1607
10018 931 209 1099 1608
10098 1601 213 1099 1608
10098 1602 212 1100 1609
10158 1600 209 1100 1609
10098 1603 210 1101 1610
10018 934 215 1102 1611
10098 1604 219 1102 1611
10018 935 212 1103 1612
10098 1605 220 1103 1612
10018 936 221 1104 1613
10098 1607 214 1105 1614
92 1078 223 1105 1614
10078 1610 213 1106 1615
10098 1608 224 1106 1615
10078 1611 218 1107 1616
10098 1609 217 1107 1616
10018 940 224 1108 1617
10098 1610 212 1108 1617
10098 1611 225 1109 1618
10078 1614 210 1110 1619
10098 1613 218 1111 1620
10098 1614 213 1112 1621
10106 1615 209 1112 1621
10018 945 212 1113 1622
10098 1615 213 1113 1622
482 9 222 1113 1622
10018 946 214 1114 1623
10098 1616 230 1114 1623
482 10 225 1114 1623
10018 947 212 1115 1624
10098 1617 218 1115 1624
10106 1618 209 1115 1624
10018 949 215 1117 1626
482 13 221 1117 1626
482 14 229 1118 1627
10098 1621 210 1119 1628
10018 952 211 1120 1629
10098 1622 213 1120 1629
10018 953 210 1121 1630
10078 1627 210 1122 1631
10098 1625 212 1123 1632
10098 1626 222 1124 1633
10018 958 208 1126 1635
10098 1628 219 1126 1635
10098 1629 219 1127 1636
10106 1630 209 1127 1636
10106 1631 211 1128 1637
482 24 224 1128 1637
10098 1631 222 1129 1638
10106 1632 212 1129 1638
482 25 223 1129 1638
10098 1632 214 1130 1639
10106 1633 210 1130 1639
482 26 229 1130 1639
10098 1633 231 1131 1640
10098 1634 213 1132 1641
10098 1635 217 1133 1642
10098 1636 219 1134 1643
10004 1636 209 1134 1643
16 622 222 1134 1643
10106 1638 211 1135 1644
10018 968 219 1136 1645
10098 1638 224 1136 1645
10084 1635 212 1136 1645
10084 1636 227 1137 1646
10055 1735 212 1229 1738
10018 1062 231 1229 1738
10140 1731 208 1229 1738
10078 1735 208 1230 1739
10055 1736 211 1230 1739
253 789 231 1231 1740
10018 1064 209 1231 1740
10098 1734 219 1231 1740
10018 1065 223 1232 1741
10078 1738 210 1233 1742
10098 1736 218 1233 1742
482 130 224 1234 1743
10084 1734 218 1235 1744
10084 1735 209 1235 1744
705 1147 222 1239 1748
51 1254 226 1240 1749
10084 1742 212 1242 1751
10158 1743 210 1243 1752
521 200 231 1243 1752
10018 1078 221 1245 1754
10084 1745 220 1245 1754
10098 1749 212 1246 1755
10106 1750 216 1247 1756
10040 1747 213 1247 1756
10078 1752 217 1247 1756
10040 1748 219 1248 1757
10078 1753 208 1248 1757
10040 1749 210 1249 1758
575 333 231 1249 1758
10040 1750 225 1250 1759
10040 1751 211 1251 1760
10106 1755 210 1252 1761
10078 1757 209 1252 1761
10055 1758 223 1252 1761
10018 1085 216 1252 1761
10040 1753 211 1253 1762
10040 1754 226 1254 1763
44 22 222 1255 1764
693 40 221 1256 1765
10040 1756 210 1256 1765
10078 1761 209 1256 1765
521 217 223 1260 1769
693 44 221 1260 1769
10106 1765 211 1262 1771
10076 1764 209 1262 1771
10055 1768 218 1262 1771
10018 1095 217 1262 1771
643 845 223 1263 1772
10018 1096 210 1263 1772
10098 1766 233 1263 1772
201 1243 225 1263 1772
10078 1769 208 1264 1773
10078 1770 209 1265 1774
10018 1098 211 1265 1774
10098 1769 215 1266 1775
10084 1768 219 1268 1777
10084 1769 218 1269 1778
10084 1771 222 1271 1780
10084 1772 214 1272 1781
10098 1776 213 1273 1782
201 1253 227 1273 1782
10106 1777 209 1274 1783
10018 1107 218 1274 1783
10098 1777 213 1274 1783
10018 1108 226 1275 1784
10098 1778 210 1275 1784
10084 1776 221 1276 1785
10018 1110 210 1277 1786
10084 1777 216 1277 1786
10098 1781 218 1278 1787
768 1149 225 1279 1788
10106 1783 215 1280 1789
10078 1785 211 1280 1789
16 774 239 1286 1795
10106 1789 209 1286 1795
643 868 221 1286 1795
10040 1786 223 1286 1795
44 53 222 1286 1795
16 775 242 1287 1796
643 869 228 1287 1796
10040 1787 214 1287 1796
482 183 223 1287 1796
10078 1792 209 1287 1796
16 776 237 1288 1797
10106 1791 211 1288 1797
643 870 225 1288 1797
10040 1788 214 1288 1797
10078 1793 212 1288 1797
16 777 233 1289 1798
10106 1792 210 1289 1798
643 871 228 1289 1798
10078 1794 209 1289 1798
643 873 223 1291 1800
10040 1793 217 1293 1802
10040 1796 211 1296 1805
10078 1801 210 1296 1805
10040 1797 213 1297 1806
10040 1798 216 1298 1807
10040 1801 210 1301 1810
10106 1805 215 1302 1811
482 199 238 1303 1812
10040 1803 218 1303 1812
10078 1808 220 1303 1812
10018 1136 210 1303 1812
10106 1807 218 1304 1813
482 200 225 1304 1813
10040 1804 220 1304 1813
10078 1809 221 1304 1813
201 1284 229 1304 1813
482 201 231 1305 1814
10040 1805 220 1305 1814
10078 1810 217 1305 1814
521 13 221 1305 1814
201 1285 222 1305 1814
10106 1809 216 1306 1815
482 202 233 1306 1815
643 888 223 1306 1815
10078 1811 215 1306 1815
10106 1810 213 1307 1816
482 203 223 1307 1816
10040 1807 212 1307 1816
10078 1812 214 1307 1816
10106 1811 212 1308 1817
16 796 221 1308 1817
482 204 231 1308 1817
643 890 221 1308 1817
10040 1808 216 1308 1817
10078 1813 219 1308 1817
10040 1809 213 1309 1818
10018 1142 209 1309 1818
482 206 237 1310 1819
10040 1810 212 1310 1819
521 18 222 1310 1819
10078 1815 213 1310 1819
10106 1814 214 1311 1820
482 207 237 1311 1820
643 893 225 1311 1820
10040 1811 215 1311 1820
521 19 221 1311 1820
10078 1816 215 1311 1820
10040 1812 212 1312 1821
482 209 225 1313 1822
10040 1813 214 1313 1822
10078 1818 214 1313 1822
10106 1817 217 1314 1823
482 210 236 1314 1823
643 896 223 1314 1823
10040 1814 209 1314 1823
10076 1816 208 1314 1823
10078 1819 211 1314 1823
10018 1147 210 1314 1823
10106 1818 216 1315 1824
482 211 237 1315 1824
643 897 227 1315 1824
10040 1815 210 1315 1824
10078 1820 211 1315 1824
10018 1148 209 1315 1824
10106 1819 213 1316 1825
482 212 238 1316 1825
10040 1816 211 1316 1825
10078 1821 212 1316 1825
10106 1820 212 1317 1826
482 213 238 1317 1826
10078 1822 210 1317 1826
10106 1821 219 1318 1827
482 214 233 1318 1827
10078 1823 211 1318 1827
482 215 231 1319 1828
643 901 227 1319 1828
10040 1819 216 1319 1828
10078 1824 212 1319 1828
10106 1823 216 1320 1829
482 216 235 1320 1829
10040 1820 215 1320 1829
10078 1825 210 1320 1829
10018 1153 209 1320 1829
10106 1824 220 1321 1830
482 217 232 1321 1830
10040 1821 218 1321 1830
727 245 223 1321 1830
10078 1826 215 1321 1830
10018 1154 212 1321 1830
16 810 225 1322 1831
10106 1825 217 1322 1831
482 218 237 1322 1831
10040 1822 212 1322 1831
727 246 221 1322 1831
10078 1827 215 1322 1831
10018 1155 210 1322 1831
10106 1826 215 1323 1832
16 811 223 1323 1832
482 219 235 1323 1832
727 247 222 1323 1832
10078 1828 210 1323 1832
10106 1827 218 1324 1833
482 220 236 1324 1833
10078 1829 214 1324 1833
10018 1157 212 1324 1833
10106 1828 219 1325 1834
482 221 237 1325 1834
10076 1827 210 1325 1834
10078 1830 212 1325 1834
10018 1158 213 1325 1834
10106 1829 219 1326 1835
482 222 238 1326 1835
10040 1826 210 1326 1835
727 250 222 1326 1835
10078 1831 212 1326 1835
10018 1159 212 1326 1835
10106 1830 219 1327 1836
482 223 237 1327 1836
10040 1827 213 1327 1836
10078 1832 213 1327 1836
10106 1831 221 1328 1837
482 224 239 1328 1837
10040 1828 213 1328 1837
727 252 224 1328 1837
768 1198 221 1328 1837
10078 1833 215 1328 1837
10018 1161 212 1328 1837
10106 1832 215 1329 1838
482 225 240 1329 1838
727 253 223 1329 1838
10040 1829 222 1329 1838
10076 1831 209 1329 1838
768 1199 223 1329 1838
10078 1834 216 1329 1838
10018 1162 210 1329 1838
10106 1833 212 1330 1839
482 226 240 1330 1839
10040 1830 209 1330 1839
768 1200 228 1330 1839
10078 1835 211 1330 1839
10018 1163 209 1330 1839
482 227 239 1331 1840
10040 1831 211 1331 1840
768 1201 223 1331 1840
10078 1836 212 1331 1840
10018 1164 211 1331 1840
10106 1835 216 1332 1841
482 228 229 1332 1841
10040 1832 215 1332 1841
705 1240 221 1332 1841
10078 1837 214 1332 1841
16 821 222 1333 1842
482 229 237 1333 1842
10040 1833 213 1333 1842
10078 1838 212 1333 1842
10018 1166 209 1333 1842
10106 1837 210 1334 1843
482 230 231 1334 1843
10040 1834 209 1334 1843
10078 1839 211 1334 1843
10018 1167 210 1334 1843
10106 1838 219 1335 1844
482 231 235 1335 1844
727 259 224 1335 1844
10040 1835 217 1335 1844
10018 1168 210 1335 1844
10106 1839 220 1336 1845
482 232 234 1336 1845
727 260 227 1336 1845
10040 1836 217 1336 1845
10076 1838 208 1336 1845
10078 1841 218 1336 1845
16 825 231 1337 1846
482 233 225 1337 1846
10078 1842 210 1337 1846
10040 1838 210 1338 1847
10134 1838 214 1339 1848
10134 1840 212 1341 1850
10134 1845 211 1346 1855
267 15 231 1346 1855
267 16 221 1348 1857
10134 1849 211 1350 1859
411 529 227 1351 1860
452 991 222 1353 1862
501 220 231 1353 1862
10068 1864 208 1353 1862
10164 1655 212 1355 1864
687 1180 223 1359 1868
10019 1867 213 1360 1869
10045 1868 227 1360 1869
10019 1868 217 1361 1870
10045 1869 227 1361 1870
10028 1868 212 1362 1871
10019 1869 210 1362 1871
10045 1870 224 1362 1871
10028 1869 209 1363 1872
10019 1870 209 1363 1872
10045 1871 234 1363 1872
10049 1871 211 1363 1872
10100 1865 215 1368 1877
10086 1875 215 1369 1878
10080 1879 224 1370 1879
10080 1880 227 1371 1880
10080 1881 235 1372 1881
10080 1882 230 1373 1882
10080 1883 223 1374 1883
10064 1880 229 1375 1884
10147 1876 224 1382 1891
10029 1879 218 1382 1891
353 758 221 1382 1891
10147 1877 213 1383 1892
10029 1880 215 1383 1892
10147 1878 232 1384 1893
10029 1881 211 1384 1893
656 1195 227 1384 1893
10135 1883 208 1385 1894
10147 1879 225 1385 1894
656 1196 227 1385 1894
10147 1880 216 1386 1895
10029 1884 210 1387 1896
10154 1890 217 1391 1900
10107 1306 212 1391 1900
10116 1887 218 1391 1900
10129 1894 216 1391 1900
10130 1889 210 1392 1901
10116 1888 211 1392 1901
10116 1889 223 1393 1902
10115 1894 219 1393 1902
10129 1896 219 1393 1902
10130 1891 212 1394 1903
10116 1890 216 1394 1903
10129 1897 217 1394 1903
10130 1892 208 1395 1904
10107 1310 220 1395 1904
10116 1891 218 1395 1904
10129 1898 214 1395 1904
10130 1893 209 1396 1905
10116 1892 217 1396 1905
10129 1899 223 1396 1905
10154 1896 214 1397 1906
10107 1312 218 1397 1906
10129 1900 209 1397 1906
178 39 223 1398 1907
10130 1895 209 1398 1907
10106 1904 212 1401 1910
10076 1903 218 1401 1910
10106 1905 209 1402 1911
10098 1905 222 1402 1911
482 299 221 1403 1912
10018 1236 210 1403 1912
10098 1906 221 1403 1912
10055 1910 209 1404 1913
10018 1237 210 1404 1913
10084 1906 215 1407 1916
10084 1907 211 1408 1917
10140 1910 212 1408 1917
10158 1909 221 1409 1918
10084 1909 225 1410 1919
10018 1243 213 1410 1919
599 90 225 1417 1926
10084 1917 215 1418 1927
10084 1918 212 1419 1928
10084 1919 223 1420 1929
10158 1920 211 1420 1929
10018 1253 219 1420 1929
10084 1920 209 1421 1930
10158 1921 217 1421 1930
10018 1254 213 1421 1930
10140 1923 217 1422 1931
10084 1921 226 1422 1931
10158 1922 212 1422 1931
10078 1928 211 1423 1932
10098 1926 208 1423 1932
10040 1924 215 1424 1933
10018 1258 210 1425 1934
10018 1259 212 1426 1935
10084 1926 216 1427 1936
10084 1928 231 1429 1938
10158 1929 210 1429 1938
10055 1935 211 1429 1938
10018 1262 212 1429 1938
10055 1936 215 1430 1939
10076 1933 215 1431 1940
10055 1937 217 1431 1940
10106 1935 231 1432 1941
10055 1938 208 1432 1941
10106 1936 232 1433 1942
10055 1939 221 1433 1942
10106 1937 239 1434 1943
10040 1934 212 1434 1943
10106 1938 231 1435 1944
10040 1935 208 1435 1944
10106 1939 232 1436 1945
10076 1938 216 1436 1945
10055 1942 218 1436 1945
10106 1940 228 1437 1946
10106 1941 213 1438 1947
10004 1940 214 1438 1947
