10007 683 227 0 692
10137 681 207 0 692
67 5 221 0 692
668 2 229 0 692
10007 684 227 1 693
10137 682 212 1 693
23 3 231 1 693
597 4 228 1 693
457 2 225 1 693
668 3 235 1 693
10007 685 216 2 694
10137 683 213 2 694
597 5 227 2 694
457 3 224 2 694
590 3 229 2 694
668 4 230 2 694
307 2 225 3 695
10007 686 230 3 695
10137 684 209 3 695
597 6 225 3 695
457 4 221 3 695
590 4 233 3 695
668 5 233 4 696
307 3 229 4 696
10007 687 220 4 696
10137 685 211 4 696
23 6 224 4 696
597 7 223 4 696
590 5 234 4 696
307 4 227 5 697
668 6 227 5 697
10007 688 216 5 697
10137 686 212 5 697
597 8 227 5 697
590 6 232 5 697
307 5 225 6 698
668 7 233 6 698
10007 689 229 6 698
10137 687 208 6 698
23 8 229 6 698
457 7 223 6 698
590 7 241 6 698
307 6 225 7 699
10007 690 226 7 699
10137 688 215 7 699
23 9 230 7 699
597 10 222 7 699
590 8 237 7 699
307 7 224 8 700
668 9 227 8 700
10007 691 221 8 700
10137 689 211 8 700
23 10 225 8 700
590 9 247 8 700
307 8 230 9 701
668 10 229 9 701
10007 692 207 9 701
597 12 224 9 701
590 10 248 9 701
307 9 227 10 702
668 11 235 10 702
10007 693 225 10 702
10137 691 210 10 702
590 11 223 10 702
307 10 227 11 703
668 12 226 11 703
10007 694 224 11 703
590 12 234 11 703
10007 695 230 12 704
457 13 227 12 704
590 13 255 12 704
307 12 221 13 705
668 14 223 13 705
10007 696 225 13 705
10137 694 211 13 705
590 14 221 13 705
307 13 227 14 706
668 15 225 14 706
10007 697 229 14 706
10137 695 205 14 706
10007 698 225 15 707
10137 696 212 15 707
23 17 223 15 707
597 18 224 15 707
457 16 223 15 707
590 16 226 15 707
10007 699 219 16 708
10137 697 208 16 708
307 16 226 16 708
10007 700 217 17 709
23 19 235 17 709
590 18 233 17 709
307 17 221 17 709
668 19 225 18 710
10007 701 229 18 710
10137 699 206 18 710
590 19 241 18 710
10007 702 229 19 711
10137 700 206 19 711
23 21 229 19 711
668 21 223 20 712
10007 703 221 20 712
23 22 225 20 712
668 22 221 21 713
10007 704 210 21 713
10137 702 213 21 713
328 15 226 21 713
457 22 221 21 713
590 22 227 21 713
668 23 221 22 714
10007 705 223 22 714
10137 703 208 22 714
23 24 233 22 714
597 25 223 22 714
590 23 235 22 714
307 22 223 22 714
10007 706 220 23 715
10137 704 207 23 715
457 24 221 23 715
590 24 225 23 715
307 23 229 23 715
10007 707 227 24 716
10137 705 207 24 716
23 26 235 24 716
307 24 221 24 716
10007 708 227 25 717
10137 706 211 25 717
23 27 239 25 717
597 28 225 25 717
307 25 224 25 717
668 27 223 26 718
10007 709 209 26 718
10137 707 209 26 718
23 28 241 26 718
457 27 222 26 718
307 26 225 26 718
668 28 224 27 719
10007 710 227 27 719
10137 708 212 27 719
23 29 243 27 719
590 28 222 27 719
307 27 228 27 719
668 29 223 28 720
10007 711 227 28 720
10137 709 213 28 720
23 30 229 28 720
597 31 230 28 720
457 29 229 28 720
307 28 228 28 720
668 30 221 29 721
10007 712 221 29 721
10137 710 208 29 721
23 31 236 29 721
307 29 223 29 721
590 30 222 30 722
10007 713 216 30 722
10137 711 209 30 722
23 32 239 30 722
597 33 221 30 722
307 30 231 30 722
590 31 237 31 723
10007 714 222 31 723
307 31 227 31 723
590 32 231 31 723
10007 715 216 32 724
307 32 224 32 724
590 33 247 33 725
10007 716 213 33 725
10137 714 214 33 725
328 27 222 33 725
307 33 229 33 725
590 34 241 33 725
10007 717 215 34 726
10137 715 213 34 726
307 34 237 34 726
590 35 239 35 727
10007 718 225 35 727
10137 716 211 35 727
307 35 233 35 727
590 36 238 35 727
10007 719 227 36 728
10137 717 218 36 728
23 38 226 36 728
307 36 225 36 728
590 37 235 37 729
10007 720 209 37 729
10137 718 207 37 729
307 37 226 37 729
590 38 228 38 730
10007 721 218 38 730
10137 719 209 38 730
307 38 225 39 731
10007 722 221 39 731
10137 720 208 39 731
23 41 223 39 731
590 40 239 39 731
307 39 235 39 731
10007 723 223 40 732
10137 721 213 40 732
23 42 223 40 732
307 40 223 40 732
590 41 241 40 732
10007 724 229 41 733
10137 722 208 41 733
23 43 225 41 733
307 41 231 41 733
590 42 235 42 734
10007 725 227 42 734
10137 723 212 42 734
23 44 221 42 734
307 42 227 42 734
590 43 239 42 734
10007 726 227 43 735
10137 724 211 43 735
23 45 227 43 735
10146 726 207 43 735
590 44 241 43 735
307 43 233 43 735
10007 727 213 44 736
10137 725 209 44 736
23 46 221 44 736
590 45 234 44 736
307 44 235 44 736
10007 728 227 45 737
10137 726 208 45 737
590 46 241 45 737
307 45 228 45 737
10007 729 227 46 738
10137 727 207 46 738
10146 729 207 46 738
590 47 239 46 738
307 46 229 46 738
10007 730 226 47 739
10137 728 213 47 739
590 48 235 47 739
307 47 222 47 739
10007 731 227 48 740
10137 729 206 48 740
590 49 241 48 740
307 48 226 49 741
10007 732 223 49 741
10137 730 207 49 741
10146 732 205 49 741
590 50 238 49 741
307 49 227 49 741
10007 733 217 50 742
23 52 221 50 742
10146 733 207 50 742
590 51 245 50 742
307 50 222 50 742
10007 734 222 51 743
10137 732 208 51 743
590 52 235 51 743
307 51 235 51 743
10007 735 219 52 744
10137 733 206 52 744
307 52 231 52 744
590 53 229 52 744
10007 736 223 53 745
10137 734 212 53 745
307 53 233 53 745
590 54 231 53 745
10007 737 215 54 746
10137 735 207 54 746
668 56 222 54 746
307 54 227 54 746
590 55 235 54 746
10007 738 231 55 747
10137 736 208 55 747
307 55 228 55 747
590 56 238 55 747
10007 739 219 56 748
10137 737 207 56 748
23 58 237 56 748
597 59 224 56 748
307 56 225 56 748
590 57 241 56 748
10137 738 211 57 749
590 58 228 57 749
307 57 226 57 749
10007 741 216 58 750
10137 739 219 58 750
23 60 224 58 750
597 61 223 58 750
590 59 221 58 750
307 58 228 59 751
10007 742 223 59 751
590 60 241 60 752
307 59 227 60 752
10007 743 231 60 752
590 61 237 61 753
307 60 230 61 753
10007 744 220 61 753
10137 742 206 61 753
590 62 233 62 754
307 61 227 62 754
10007 745 215 62 754
10137 743 207 62 754
307 62 224 63 755
10007 746 224 63 755
23 65 223 63 755
10146 746 209 63 755
668 65 226 63 755
590 64 237 63 755
307 63 226 64 756
10007 747 217 64 756
10137 745 213 64 756
590 65 225 64 756
457 65 221 65 757
307 64 224 65 757
10007 748 227 65 757
10137 746 216 65 757
590 66 225 65 757
307 65 227 66 758
457 66 223 66 758
10007 749 229 66 758
10137 747 217 66 758
668 68 227 66 758
590 67 223 67 759
307 66 229 67 759
10007 750 236 67 759
668 69 225 67 759
590 68 233 67 759
10007 751 227 68 760
23 70 231 68 760
668 70 226 68 760
590 69 235 68 760
307 68 227 69 761
10007 752 223 69 761
10137 750 207 69 761
23 71 229 69 761
668 71 224 69 761
590 70 239 69 761
10007 753 229 70 762
23 72 223 70 762
597 73 241 70 762
668 72 244 70 762
457 71 221 70 762
590 71 238 70 762
10007 754 221 71 763
10137 752 208 71 763
597 74 239 71 763
590 72 233 71 763
457 72 227 71 763
10007 755 224 72 764
10137 753 207 72 764
597 75 243 72 764
457 73 221 72 764
590 73 237 72 764
10007 756 223 73 765
597 76 229 73 765
457 74 237 73 765
590 74 239 73 765
307 73 221 73 765
10007 757 226 74 766
457 75 237 74 766
10007 758 231 75 767
10137 756 211 75 767
23 77 225 75 767
597 78 243 75 767
668 77 225 75 767
457 76 223 75 767
10007 759 232 76 768
10137 757 211 76 768
23 78 239 76 768
597 79 243 76 768
668 78 225 76 768
457 77 221 76 768
590 77 233 76 768
10007 760 239 77 769
10137 758 211 77 769
23 79 249 77 769
457 78 225 77 769
590 78 229 77 769
10007 761 232 78 770
10137 759 206 78 770
23 80 244 78 770
597 81 222 78 770
668 80 227 78 770
457 79 229 78 770
307 78 223 78 770
590 79 239 78 770
10007 762 213 79 771
10137 760 206 79 771
23 81 241 79 771
597 82 236 79 771
668 81 227 79 771
307 79 233 79 771
10007 763 212 80 772
10137 761 217 80 772
457 81 225 80 772
590 81 223 80 772
307 80 225 80 772
10007 764 221 81 773
10137 762 210 81 773
23 83 243 81 773
668 83 221 81 773
358 88 221 81 773
307 81 233 81 773
10007 765 231 82 774
10137 763 210 82 774
10007 766 208 83 775
10115 770 207 83 775
23 85 229 83 775
590 84 239 83 775
10148 771 206 84 776
277 36 223 84 776
483 93 227 84 776
131 70 224 84 776
691 72 225 84 776
368 20 226 84 776
10114 770 207 84 776
187 74 223 84 776
23 86 227 84 776
775 79 241 84 776
10120 772 208 84 776
320 79 227 84 776
254 92 236 85 777
368 21 222 85 777
54 73 228 85 777
590 86 235 85 777
10116 768 206 86 778
10129 775 217 86 778
686 67 221 86 778
668 88 227 86 778
10154 772 208 86 778
590 87 233 86 778
560 86 221 87 779
186 74 225 87 779
554 86 223 87 779
29 88 226 87 779
10154 773 207 87 779
590 88 244 87 779
10085 781 207 88 780
449 98 233 88 780
188 32 223 88 780
590 89 221 88 780
396 89 226 89 781
10106 779 212 89 781
489 30 230 89 781
10134 775 214 90 782
396 90 224 90 782
6 28 221 90 782
564 68 225 90 782
462 11 227 90 782
10141 775 209 91 783
10088 778 226 91 783
161 59 225 91 783
6 29 233 91 783
660 79 226 91 783
577 95 243 91 783
125 97 231 91 783
10101 777 231 92 784
10061 788 227 92 784
10169 785 207 92 784
517 84 221 92 784
169 84 225 92 784
10138 778 227 92 784
776 95 221 92 784
306 98 227 92 784
6 30 226 92 784
246 80 231 92 784
10062 782 210 92 784
618 94 221 92 784
598 94 227 92 784
574 83 227 92 784
10123 780 210 93 785
776 96 223 93 785
246 81 229 93 785
280 90 227 94 786
674 26 223 94 786
322 81 224 94 786
214 85 223 94 786
776 97 233 94 786
10091 785 219 94 786
776 98 223 95 787
141 83 223 96 788
776 99 239 96 788
246 84 227 96 788
776 100 225 97 789
10028 790 210 97 789
10045 792 219 98 790
10021 789 212 98 790
776 101 224 98 790
10082 789 217 98 790
10022 793 207 98 790
10045 793 208 99 791
10049 793 221 99 791
331 77 227 99 791
10021 790 212 99 791
10082 790 207 99 791
246 87 240 99 791
10019 793 210 99 791
10045 794 227 100 792
10049 794 229 100 792
331 78 221 100 792
476 100 237 100 792
10021 791 217 100 792
10082 791 214 100 792
10041 791 219 100 792
246 88 237 100 792
10019 794 212 100 792
10045 795 208 101 793
10049 795 224 101 793
10021 792 210 101 793
776 104 231 101 793
10072 796 205 101 793
10082 792 210 101 793
10041 792 215 101 793
246 89 235 101 793
10019 795 209 101 793
10045 796 217 102 794
10049 796 227 102 794
10021 793 215 102 794
476 102 231 102 794
776 105 232 102 794
10082 793 213 102 794
10041 793 208 102 794
246 90 227 102 794
10019 796 207 102 794
10045 797 211 103 795
10049 797 211 103 795
10021 794 210 103 795
476 103 239 103 795
425 97 221 103 795
776 106 235 103 795
10082 794 217 103 795
10045 798 221 104 796
10021 795 209 104 796
10041 795 208 104 796
246 92 224 104 796
190 32 221 104 796
422 95 227 105 797
331 83 233 105 797
10049 799 237 105 797
10021 796 210 105 797
476 105 233 105 797
10082 796 214 105 797
10041 796 208 105 797
10019 799 207 105 797
10045 800 215 106 798
331 84 223 106 798
10049 800 215 106 798
10021 797 215 106 798
476 106 233 106 798
431 87 223 106 798
776 109 223 106 798
322 93 227 106 798
10082 797 211 106 798
190 34 223 107 799
783 89 222 107 799
10049 801 206 107 799
10021 798 206 107 799
431 88 221 107 799
10082 798 210 107 799
10041 798 212 107 799
10019 801 213 107 799
476 1 222 107 799
190 35 225 108 800
10045 802 218 108 800
10049 802 225 108 800
10021 799 211 108 800
10082 799 212 108 800
10041 799 206 108 800
10045 803 218 109 801
10049 803 223 109 801
10021 800 211 109 801
431 90 221 109 801
10082 800 210 109 801
10028 802 206 109 801
476 3 223 109 801
783 92 221 110 802
10045 804 217 110 802
10049 804 227 110 802
10021 801 212 110 802
322 97 221 110 802
776 113 225 110 802
10028 803 206 110 802
331 89 227 111 803
10045 805 212 111 803
10049 805 220 111 803
10021 802 208 111 803
322 98 223 111 803
10082 802 216 111 803
246 99 227 111 803
10019 805 212 111 803
476 5 221 111 803
239 106 225 112 804
190 39 224 112 804
10045 806 219 112 804
10049 806 211 112 804
10021 803 206 112 804
431 93 221 112 804
476 6 226 112 804
10045 807 208 113 805
10049 807 219 113 805
10021 804 206 113 805
776 116 221 113 805
10019 807 208 113 805
190 41 221 114 806
783 96 221 114 806
10045 808 213 114 806
322 101 223 114 806
776 117 224 114 806
10041 805 209 114 806
476 8 225 114 806
239 109 223 115 807
10045 809 207 115 807
10049 809 213 115 807
10021 806 208 115 807
10041 806 209 115 807
476 9 230 115 807
422 106 223 116 808
10045 810 218 116 808
10049 810 221 116 808
431 97 226 116 808
10021 807 215 116 808
776 119 225 116 808
783 99 221 117 809
10045 811 207 117 809
10049 811 226 117 809
10021 808 214 117 809
322 104 223 117 809
10082 808 212 117 809
10041 808 207 117 809
190 45 221 118 810
10045 812 213 118 810
10049 812 227 118 810
10021 809 207 118 810
322 105 221 118 810
776 121 221 118 810
10041 809 207 118 810
10019 812 211 118 810
476 12 221 118 810
10045 813 217 119 811
10049 813 228 119 811
331 97 225 119 811
10021 810 213 119 811
776 122 229 119 811
10041 810 208 119 811
10019 813 211 119 811
476 13 225 119 811
10045 814 207 120 812
776 123 223 120 812
10041 811 210 120 812
10019 814 206 120 812
783 103 225 121 813
10045 815 215 121 813
10049 815 219 121 813
331 99 223 121 813
10041 812 208 121 813
246 109 222 121 813
10049 816 213 122 814
10021 813 222 122 814
776 125 221 122 814
10082 813 211 122 814
10028 815 209 122 814
10041 813 207 122 814
10045 817 212 123 815
10049 817 234 123 815
331 101 225 123 815
10021 814 215 123 815
322 110 222 123 815
10072 818 209 123 815
10082 814 218 123 815
783 106 223 124 816
10045 818 223 124 816
10049 818 220 124 816
431 105 235 124 816
331 102 229 124 816
10021 815 221 124 816
10066 818 206 124 816
10082 815 210 124 816
10019 818 205 124 816
783 107 229 125 817
10045 819 219 125 817
10049 819 225 125 817
331 103 228 125 817
10021 816 213 125 817
10082 816 211 125 817
10049 820 213 126 818
10021 817 207 126 818
10019 820 205 126 818
422 117 223 127 819
10045 821 208 127 819
10049 821 231 127 819
331 105 222 127 819
431 108 241 127 819
10021 818 208 127 819
10082 818 207 127 819
10045 822 213 128 820
10049 822 233 128 820
431 109 235 128 820
10021 819 206 128 820
322 115 221 128 820
776 131 229 128 820
239 123 221 129 821
10045 823 213 129 821
10049 823 229 129 821
431 110 222 129 821
331 107 243 129 821
10021 820 213 129 821
10082 820 210 129 821
246 117 224 129 821
10019 823 208 129 821
476 23 233 129 821
783 112 221 130 822
10045 824 218 130 822
10049 824 227 130 822
10041 821 207 130 822
10019 824 208 130 822
476 24 233 130 822
10045 825 215 131 823
10049 825 224 131 823
10082 822 210 131 823
10019 825 210 131 823
476 25 233 131 823
10045 826 207 132 824
10049 826 224 132 824
10082 823 219 132 824
246 120 222 132 824
476 26 225 132 824
10019 826 208 132 824
239 127 223 133 825
10045 827 222 133 825
10049 827 221 133 825
10021 824 209 133 825
776 136 226 133 825
10082 824 209 133 825
10019 827 206 133 825
239 128 224 134 826
10045 828 217 134 826
10049 828 221 134 826
431 115 235 134 826
10021 825 212 134 826
776 137 233 134 826
10082 825 208 134 826
10028 827 209 134 826
771 1 221 134 826
10041 825 209 134 826
246 122 225 134 826
239 129 221 135 827
10045 829 223 135 827
10049 829 209 135 827
431 116 223 135 827
10021 826 212 135 827
776 138 229 135 827
10082 826 212 135 827
10041 826 207 135 827
476 29 227 135 827
239 130 224 136 828
10045 830 216 136 828
10049 830 210 136 828
431 117 231 136 828
10021 827 208 136 828
776 139 227 136 828
10082 827 210 136 828
10041 827 211 136 828
246 124 225 136 828
10019 830 206 136 828
476 30 227 136 828
239 131 224 137 829
422 127 222 137 829
10045 831 213 137 829
10049 831 235 137 829
431 118 221 137 829
10082 828 211 137 829
476 31 229 137 829
422 128 225 138 830
10045 832 210 138 830
10049 832 231 138 830
10021 829 212 138 830
331 116 221 138 830
10082 829 219 138 830
10041 829 206 138 830
10049 833 231 139 831
10021 830 210 139 831
10066 833 205 139 831
10082 830 209 139 831
10045 834 209 140 832
10049 834 231 140 832
10021 831 207 140 832
10082 831 212 140 832
10045 835 219 141 833
10049 835 228 141 833
431 122 223 141 833
10021 832 211 141 833
10082 832 214 141 833
10028 834 206 141 833
10041 832 211 141 833
10045 836 214 142 834
10049 836 228 142 834
10021 833 211 142 834
88 110 221 142 834
10082 833 213 142 834
10041 833 220 142 834
476 36 233 142 834
10019 836 205 142 834
10045 837 221 143 835
10049 837 219 143 835
10021 834 212 143 835
331 121 223 143 835
10072 838 208 143 835
10082 834 211 143 835
10041 834 217 143 835
476 37 235 143 835
239 138 225 144 836
422 134 224 144 836
10045 838 212 144 836
10049 838 219 144 836
10021 835 207 144 836
10082 835 217 144 836
10041 835 210 144 836
476 38 238 144 836
239 139 223 145 837
422 135 223 145 837
783 127 221 145 837
10045 839 209 145 837
10049 839 219 145 837
236 140 223 145 837
331 123 225 145 837
776 148 221 145 837
10082 836 219 145 837
10041 836 213 145 837
476 39 237 145 837
239 140 221 146 838
783 128 223 146 838
10045 840 207 146 838
10049 840 223 146 838
10021 837 213 146 838
776 149 225 146 838
10082 837 210 146 838
10041 837 211 146 838
476 40 240 146 838
10019 840 206 146 838
422 137 222 147 839
10045 841 210 147 839
10049 841 219 147 839
10021 838 212 147 839
776 150 228 147 839
10082 838 209 147 839
246 135 221 147 839
10045 842 212 148 840
10049 842 215 148 840
10021 839 218 148 840
10082 839 208 148 840
246 136 224 148 840
10041 839 212 148 840
476 42 227 148 840
10019 842 210 148 840
422 139 229 149 841
10045 843 221 149 841
10049 843 229 149 841
431 130 225 149 841
10021 840 213 149 841
322 136 227 149 841
776 2 235 149 841
10049 844 211 150 842
10021 841 210 150 842
10082 841 216 150 842
10041 841 213 150 842
476 44 236 150 842
239 145 221 151 843
783 133 227 151 843
422 141 225 151 843
10045 845 221 151 843
10049 845 237 151 843
431 132 224 151 843
331 129 221 151 843
322 138 221 151 843
776 4 234 151 843
10082 842 214 151 843
10041 842 209 151 843
476 45 229 151 843
783 134 227 152 844
422 142 225 152 844
10045 846 222 152 844
10049 846 223 152 844
10021 843 211 152 844
331 130 221 152 844
431 133 221 152 844
10082 843 218 152 844
246 140 222 152 844
10041 843 210 152 844
476 46 224 152 844
783 135 225 153 845
422 143 221 153 845
10045 847 217 153 845
10049 847 227 153 845
10021 844 219 153 845
331 131 221 153 845
431 134 223 153 845
322 140 225 153 845
776 6 233 153 845
10082 844 215 153 845
246 141 225 153 845
10028 846 207 153 845
10041 844 207 153 845
476 47 221 153 845
10019 847 206 153 845
783 136 224 154 846
239 148 224 154 846
10045 848 210 154 846
10049 848 227 154 846
10021 845 223 154 846
431 135 222 154 846
322 141 223 154 846
776 7 223 154 846
246 142 225 154 846
10041 845 209 154 846
476 48 225 154 846
10045 849 208 155 847
10049 849 227 155 847
10021 846 220 155 847
776 8 235 155 847
10082 846 213 155 847
476 49 234 155 847
10049 850 229 156 848
10021 847 210 156 848
322 143 223 156 848
10082 847 219 156 848
476 50 226 156 848
10041 847 211 156 848
10045 851 213 157 849
10049 851 234 157 849
10021 848 217 157 849
331 135 221 157 849
322 144 221 157 849
776 10 226 157 849
10082 848 211 157 849
246 145 221 157 849
10041 848 208 157 849
476 51 221 157 849
10045 852 206 158 850
10049 852 226 158 850
10021 849 212 158 850
10082 849 219 158 850
476 52 226 158 850
783 141 221 159 851
10045 853 211 159 851
10049 853 227 159 851
10021 850 219 159 851
431 140 222 159 851
322 146 225 159 851
776 12 226 159 851
246 147 223 159 851
10082 850 214 159 851
10041 850 214 159 851
476 53 231 159 851
10045 854 206 160 852
10049 854 228 160 852
10021 851 209 160 852
10082 851 208 160 852
476 54 223 160 852
10045 855 211 161 853
10049 855 233 161 853
776 14 225 161 853
246 149 226 161 853
10082 852 215 161 853
476 55 228 161 853
10019 855 206 161 853
10045 856 208 162 854
10049 856 218 162 854
331 140 223 162 854
10021 853 211 162 854
476 56 221 162 854
10045 857 208 163 855
10049 857 225 163 855
10021 854 218 163 855
776 16 227 163 855
10041 854 211 163 855
476 57 228 163 855
10045 858 209 164 856
10049 858 233 164 856
10021 855 206 164 856
776 17 223 164 856
246 152 222 164 856
10082 855 218 164 856
476 58 227 164 856
783 147 222 165 857
10045 859 217 165 857
10049 859 231 165 857
10021 856 213 165 857
322 152 221 165 857
776 18 228 165 857
246 153 227 165 857
10082 856 217 165 857
783 148 222 166 858
422 156 223 166 858
10045 860 214 166 858
10049 860 225 166 858
10021 857 215 166 858
10066 860 205 166 858
10082 857 206 166 858
10041 857 207 166 858
476 60 222 166 858
10019 860 209 166 858
422 157 227 167 859
10045 861 212 167 859
10049 861 215 167 859
10021 858 213 167 859
331 145 221 167 859
776 20 225 167 859
422 158 223 168 860
10045 862 209 168 860
10049 862 209 168 860
10021 859 208 168 860
10082 859 217 168 860
10041 859 211 168 860
476 62 221 168 860
10045 863 210 169 861
10049 863 210 169 861
10021 860 205 169 861
322 156 224 169 861
776 22 228 169 861
10082 860 208 169 861
246 157 227 169 861
10041 860 210 169 861
10019 863 208 169 861
422 160 223 170 862
10049 864 222 170 862
10021 861 207 170 862
776 23 221 170 862
246 158 222 170 862
422 161 227 171 863
10045 865 219 171 863
10049 865 226 171 863
10021 862 211 171 863
331 149 225 171 863
776 24 222 171 863
10082 862 215 171 863
10041 862 210 171 863
476 65 221 171 863
10019 865 209 172 864
239 166 221 172 864
422 162 225 172 864
10045 866 215 172 864
10049 866 219 172 864
10021 863 213 172 864
10072 867 207 172 864
246 160 222 172 864
10082 863 217 172 864
10028 865 206 172 864
10041 863 207 172 864
476 66 225 172 864
422 163 224 173 865
10045 867 215 173 865
10049 867 221 173 865
331 151 225 173 865
776 26 221 173 865
10072 868 207 173 865
246 161 225 173 865
10082 864 217 173 865
10028 866 207 173 865
476 67 231 173 865
10041 864 208 173 865
10045 868 217 174 866
10049 868 231 174 866
331 152 225 174 866
10072 869 207 174 866
10082 865 210 174 866
10028 867 208 174 866
10041 865 210 174 866
476 68 235 174 866
10019 868 207 175 867
239 169 221 175 867
10045 869 213 175 867
10049 869 226 175 867
10021 866 209 175 867
331 153 222 175 867
322 162 225 175 867
10072 870 208 175 867
10082 866 212 175 867
10028 868 208 175 867
476 69 225 175 867
10041 866 211 175 867
190 103 224 176 868
10045 870 213 176 868
10049 870 225 176 868
10021 867 210 176 868
476 70 221 176 868
10045 871 216 177 869
10049 871 225 177 869
246 165 221 177 869
10082 868 206 177 869
476 71 222 177 869
10019 871 207 178 870
190 105 221 178 870
10045 872 207 178 870
10049 872 213 178 870
10021 869 209 178 870
322 165 221 178 870
776 31 223 178 870
10082 869 208 178 870
10041 869 211 178 870
476 72 226 178 870
10019 872 207 178 870
190 106 227 179 871
10045 873 211 179 871
10049 873 227 179 871
10021 870 208 179 871
322 166 226 179 871
246 167 226 179 871
10082 870 206 179 871
476 73 225 179 871
10049 874 217 180 872
10021 871 205 180 872
10049 875 210 181 873
322 168 221 181 873
10049 876 216 182 874
331 160 221 182 874
776 35 223 182 874
476 76 231 182 874
10041 873 206 182 874
10049 877 221 183 875
10021 874 208 183 875
776 36 227 183 875
476 77 228 183 875
10041 874 207 183 875
10049 878 215 184 876
776 37 225 184 876
476 78 225 184 876
10041 875 207 184 876
10049 879 213 185 877
476 79 221 185 877
10049 880 207 186 878
10041 877 206 187 879
10049 881 221 187 879
10021 878 212 187 879
776 40 224 187 879
10082 878 210 187 879
10049 882 209 188 880
10021 879 207 188 880
10041 879 207 189 881
10049 883 217 189 881
10041 880 208 190 882
10049 884 218 190 882
776 43 227 190 882
10041 881 208 191 883
10049 885 208 191 883
776 44 222 191 883
10041 882 206 192 884
10045 886 207 192 884
10049 886 214 192 884
10041 883 207 192 884
10045 887 207 193 885
10049 887 216 193 885
10021 884 207 193 885
190 121 221 193 885
10045 888 207 194 886
10049 888 219 194 886
776 47 221 194 886
10041 885 206 195 887
10049 889 216 195 887
10045 890 208 196 888
10049 890 211 196 888
10082 887 207 196 888
10045 891 207 197 889
10049 891 221 197 889
10021 888 210 197 889
331 175 221 197 889
10019 891 205 198 890
10049 892 212 198 890
10021 889 212 198 890
331 176 223 198 890
10045 893 217 199 891
10049 893 223 199 891
10021 890 208 199 891
322 186 225 199 891
776 52 225 199 891
10082 890 209 199 891
10049 894 224 200 892
10021 891 213 200 892
776 53 224 200 892
10049 895 218 201 893
10021 892 209 201 893
10082 892 206 201 893
476 95 229 202 894
10019 895 207 202 894
10045 896 208 202 894
10049 896 217 202 894
10021 893 210 202 894
10045 897 212 203 895
10049 897 214 203 895
10021 894 208 203 895
776 56 223 203 895
10082 894 210 203 895
10045 898 209 204 896
10049 898 208 204 896
10021 895 208 204 896
776 57 221 204 896
10082 895 212 204 896
10049 899 220 205 897
10021 896 217 205 897
246 193 223 205 897
10082 896 208 205 897
10049 900 211 206 898
88 174 225 206 898
10021 897 206 206 898
776 59 223 206 898
10082 897 207 206 898
476 100 223 207 899
10045 901 206 207 899
10049 901 209 207 899
88 175 225 207 899
10021 898 210 207 899
10082 898 209 207 899
10045 902 219 208 900
10049 902 230 208 900
10021 899 217 208 900
476 102 221 209 901
10019 902 207 209 901
10045 903 221 209 901
10049 903 235 209 901
10021 900 211 209 901
190 137 223 210 902
10041 900 205 210 902
476 103 221 210 902
10019 903 208 210 902
783 192 225 210 902
10045 904 221 210 902
10049 904 233 210 902
10021 901 218 210 902
776 63 223 210 902
10082 901 216 210 902
10022 905 206 210 902
10041 901 213 211 903
476 104 229 211 903
10019 904 207 211 903
422 201 221 211 903
239 205 221 211 903
10045 905 206 211 903
10049 905 228 211 903
10021 902 213 211 903
10082 902 208 211 903
10041 902 209 212 904
476 105 223 212 904
10019 905 208 212 904
422 202 223 212 904
10049 906 227 212 904
10021 903 212 212 904
10072 907 208 212 904
10082 903 213 212 904
10041 903 206 213 905
190 140 223 213 905
476 106 229 213 905
10019 906 212 213 905
422 203 227 213 905
10045 907 212 213 905
10049 907 225 213 905
10021 904 207 213 905
10072 908 207 213 905
10082 904 215 213 905
476 107 222 214 906
10019 907 209 214 906
422 204 223 214 906
10045 908 210 214 906
10049 908 224 214 906
10021 905 206 214 906
10045 909 218 215 907
10049 909 213 215 907
10021 906 218 215 907
776 68 227 215 907
246 203 225 215 907
431 197 226 216 908
783 198 221 216 908
10045 910 222 216 908
10049 910 227 216 908
10021 907 210 216 908
776 69 223 216 908
10082 907 211 216 908
476 110 233 217 909
10019 910 208 217 909
422 207 221 217 909
10045 911 217 217 909
10049 911 221 217 909
10021 908 210 217 909
776 70 230 217 909
10082 908 209 217 909
10041 908 208 218 910
476 111 245 218 910
431 199 225 218 910
10045 912 213 218 910
10049 912 218 218 910
10021 909 215 218 910
331 196 221 218 910
10082 909 206 218 910
10028 911 206 218 910
476 112 226 219 911
10049 913 223 219 911
10021 910 210 219 911
10082 910 213 219 911
10028 912 208 219 911
476 113 229 220 912
10045 914 221 220 912
10049 914 231 220 912
10021 911 211 220 912
246 208 233 220 912
10082 911 211 220 912
10028 913 209 220 912
10041 911 208 221 913
476 114 229 221 913
10045 915 211 221 913
10049 915 214 221 913
10021 912 208 221 913
331 199 223 221 913
246 209 227 221 913
10082 912 215 221 913
476 115 231 222 914
422 212 224 222 914
783 204 223 222 914
10049 916 212 222 914
10021 913 215 222 914
246 210 224 222 914
10082 913 214 222 914
10041 913 211 223 915
422 213 233 223 915
783 205 224 223 915
10045 917 217 223 915
10049 917 233 223 915
10021 914 219 223 915
331 201 223 223 915
10082 914 212 223 915
10028 916 206 223 915
190 151 223 224 916
476 117 225 224 916
10045 918 209 224 916
10049 918 245 224 916
10021 915 211 224 916
10082 915 220 224 916
10041 915 210 225 917
10019 918 211 225 917
10045 919 218 225 917
10049 919 212 225 917
10021 916 211 225 917
331 203 227 225 917
10082 916 209 225 917
10028 918 208 225 917
476 119 224 226 918
422 216 227 226 918
783 208 221 226 918
431 207 222 226 918
10045 920 215 226 918
10049 920 212 226 918
10021 917 206 226 918
322 213 231 226 918
246 214 223 226 918
776 79 227 226 918
10028 919 207 226 918
190 154 227 227 919
476 120 224 227 919
10019 920 211 227 919
10045 921 212 227 919
10049 921 221 227 919
10021 918 208 227 919
10082 918 211 227 919
10041 918 209 228 920
10019 921 210 228 920
783 210 229 228 920
10045 922 219 228 920
190 1 222 228 920
10049 922 217 228 920
10021 919 208 228 920
331 206 221 228 920
776 81 231 228 920
10082 919 213 228 920
476 122 221 229 921
422 219 225 229 921
10045 923 219 229 921
10049 923 219 229 921
190 2 225 229 921
10021 920 210 229 921
322 216 225 229 921
331 207 227 229 921
776 82 221 229 921
246 217 227 229 921
10082 920 207 229 921
10041 920 210 230 922
476 123 223 230 922
239 224 221 230 922
10045 924 221 230 922
190 3 222 230 922
10049 924 217 230 922
10021 921 214 230 922
322 217 225 230 922
331 208 227 230 922
776 83 222 230 922
10082 921 209 231 923
10028 923 205 231 923
10041 921 206 231 923
476 124 235 231 923
422 221 223 231 923
239 225 226 231 923
10045 925 225 231 923
10049 925 227 231 923
190 4 227 231 923
10021 922 217 231 923
322 218 225 231 923
10072 926 208 231 923
10082 922 214 232 924
10028 924 208 232 924
10041 922 207 232 924
476 125 227 232 924
10019 925 209 232 924
783 214 222 232 924
10045 926 226 232 924
10049 926 223 232 924
10021 923 211 232 924
331 210 227 232 924
246 220 221 232 924
10041 923 207 233 925
476 126 221 233 925
239 227 221 233 925
431 214 225 233 925
10045 927 221 233 925
10049 927 219 233 925
190 6 231 233 925
10021 924 219 233 925
776 86 227 233 925
10082 924 216 234 926
10019 927 207 234 926
783 216 221 234 926
10045 928 219 234 926
10049 928 229 234 926
331 212 233 234 926
10082 925 211 235 927
10028 927 210 235 927
10041 925 207 235 927
476 128 227 235 927
783 217 223 235 927
10045 929 210 235 927
10049 929 221 235 927
190 8 230 235 927
10021 926 208 235 927
10072 930 209 235 927
776 88 224 235 927
10082 926 212 236 928
476 129 235 236 928
422 226 225 236 928
783 218 225 236 928
10045 930 214 236 928
10049 930 228 236 928
322 223 229 236 928
10021 927 205 236 928
331 214 225 236 928
776 89 221 236 928
10082 927 207 237 929
10022 931 205 237 929
10041 927 210 237 929
476 130 225 237 929
10019 930 215 237 929
422 227 221 237 929
10045 931 211 237 929
10049 931 235 237 929
322 224 227 237 929
10021 928 217 237 929
10066 931 206 237 929
10072 932 211 237 929
776 90 225 237 929
476 131 237 238 930
10045 932 221 238 930
10049 932 215 238 930
190 11 221 238 930
10021 929 215 238 930
10082 929 214 239 931
476 132 222 239 931
783 221 223 239 931
10045 933 209 239 931
10049 933 235 239 931
88 207 224 239 931
331 217 224 239 931
10082 930 217 240 932
476 133 221 240 932
422 230 223 240 932
783 222 221 240 932
10045 934 214 240 932
10049 934 218 240 932
88 208 223 240 932
10021 931 208 240 932
10082 931 208 241 933
10022 935 207 241 933
10041 931 212 241 933
476 134 223 241 933
422 231 236 241 933
10049 935 223 241 933
322 228 221 241 933
10021 932 207 241 933
331 219 221 241 933
10072 936 208 241 933
10082 932 219 241 933
10041 932 208 242 934
476 135 227 242 934
239 236 223 242 934
422 232 225 242 934
10045 936 206 242 934
10049 936 226 242 934
88 210 223 242 934
331 220 229 242 934
10082 933 214 243 935
10041 933 207 243 935
476 136 234 243 935
422 233 221 243 935
10049 937 227 243 935
88 211 221 243 935
10082 934 214 244 936
10041 934 213 244 936
476 137 225 244 936
10019 937 211 244 936
10045 938 210 244 936
10049 938 226 244 936
10021 935 206 244 936
331 222 223 244 936
776 97 224 244 936
10082 935 213 245 937
10041 935 207 245 937
476 138 224 245 937
10019 938 211 245 937
422 235 221 245 937
10049 939 223 245 937
10021 936 212 245 937
10041 936 211 246 938
476 139 237 246 938
422 236 227 246 938
10049 940 221 246 938
776 99 221 246 938
10082 937 207 247 939
476 140 228 247 939
10045 941 208 247 939
10049 941 224 247 939
10082 938 212 247 939
10041 938 206 248 940
476 141 225 248 940
10019 941 209 248 940
10045 942 211 248 940
10049 942 233 248 940
331 226 231 248 940
10082 939 209 249 941
10041 939 205 249 941
10019 942 211 249 941
10045 943 210 249 941
10049 943 229 249 941
422 240 241 250 942
10049 944 228 250 942
10021 941 210 250 942
331 228 227 250 942
10082 941 209 251 943
422 241 239 251 943
10045 945 208 251 943
10049 945 225 251 943
10082 942 208 251 943
10041 942 207 252 944
476 145 223 252 944
422 242 237 252 944
10045 946 207 252 944
10049 946 225 252 944
10021 943 211 252 944
331 230 231 252 944
10041 943 206 253 945
476 146 221 253 945
422 243 237 253 945
10045 947 208 253 945
10049 947 231 253 945
10041 944 208 254 946
476 147 232 254 946
10019 947 206 254 946
422 244 235 254 946
10049 948 231 254 946
10021 945 206 254 946
331 232 225 254 946
422 245 235 255 947
88 223 222 255 947
10045 949 207 255 947
10049 949 225 255 947
10082 946 206 255 947
476 149 224 256 948
422 246 229 256 948
10045 950 211 256 948
10049 950 223 256 948
10082 947 213 257 949
10041 947 208 257 949
422 247 230 257 949
10045 951 213 257 949
10049 951 225 257 949
422 248 227 258 950
10045 952 215 258 950
10049 952 226 258 950
10082 949 208 258 950
422 249 230 259 951
476 2 223 259 951
10045 953 211 259 951
10049 953 227 259 951
422 250 227 260 952
476 3 221 260 952
10045 954 209 260 952
10049 954 229 260 952
422 251 227 261 953
476 4 232 261 953
10045 955 208 261 953
10049 955 229 261 953
10082 952 205 261 953
422 252 229 262 954
10045 956 210 262 954
10049 956 227 262 954
10082 953 207 262 954
422 253 234 263 955
476 6 231 263 955
10045 957 212 263 955
10049 957 226 263 955
331 241 222 263 955
10082 954 207 263 955
422 254 227 264 956
476 7 231 264 956
10045 958 209 264 956
10049 958 208 264 956
331 242 226 264 956
422 255 228 265 957
476 8 229 265 957
10045 959 212 265 957
10049 959 225 265 957
422 256 228 266 958
476 9 228 266 958
10045 960 211 266 958
10049 960 227 266 958
776 119 229 266 958
10041 957 209 267 959
476 10 227 267 959
10045 961 218 267 959
10049 961 219 267 959
10021 958 209 267 959
331 245 237 267 959
776 120 228 267 959
10082 958 213 267 959
422 258 223 268 960
476 11 233 268 960
10045 962 208 268 960
10049 962 225 268 960
10021 959 208 268 960
331 246 224 268 960
476 12 239 269 961
431 250 225 269 961
10045 963 227 269 961
10049 963 217 269 961
10021 960 206 269 961
190 42 221 269 961
331 247 233 269 961
776 122 233 269 961
10082 960 209 269 961
476 13 229 270 962
431 251 230 270 962
10045 964 223 270 962
10049 964 228 270 962
10021 961 208 270 962
331 248 223 270 962
776 123 226 270 962
10082 961 207 270 962
10019 964 207 271 963
10045 965 219 271 963
10049 965 229 271 963
331 249 231 271 963
776 124 221 271 963
10082 962 208 271 963
422 262 221 272 964
476 15 249 272 964
10045 966 208 272 964
10049 966 221 272 964
331 250 233 272 964
776 125 221 272 964
10082 963 210 272 964
10041 963 206 273 965
10045 967 207 273 965
10049 967 225 273 965
331 251 221 273 965
422 264 221 274 966
476 17 228 274 966
10049 968 224 274 966
331 252 226 274 966
10021 965 208 274 966
476 18 223 275 967
10045 969 207 275 967
10049 969 223 275 967
10021 966 207 275 967
10019 969 209 276 968
422 266 230 276 968
476 19 225 276 968
10045 970 207 276 968
10049 970 222 276 968
10021 967 206 276 968
422 267 229 277 969
10049 971 213 277 969
422 268 231 278 970
10045 972 207 278 970
331 256 224 278 970
10019 972 209 279 971
422 269 233 279 971
10045 973 212 279 971
10049 973 221 279 971
331 257 235 279 971
10082 970 210 279 971
10041 970 210 279 971
10019 973 208 280 972
476 23 227 280 972
10045 974 206 280 972
10049 974 219 280 972
331 258 226 280 972
10082 971 209 280 972
10019 974 208 281 973
476 24 235 281 973
10045 975 209 281 973
10049 975 219 281 973
331 259 227 281 973
10041 972 210 282 974
10019 975 208 282 974
422 272 229 282 974
476 25 229 282 974
10045 976 213 282 974
10049 976 223 282 974
10021 973 209 282 974
10082 973 208 282 974
10041 973 208 283 975
422 273 232 283 975
10045 977 209 283 975
10049 977 227 283 975
10021 974 213 283 975
10082 974 207 283 975
422 274 221 284 976
10049 978 226 284 976
190 57 223 284 976
10082 975 208 284 976
422 275 223 285 977
10049 979 209 285 977
331 263 223 285 977
10082 976 207 285 977
10041 976 207 286 978
422 276 221 286 978
476 29 222 286 978
10045 980 206 286 978
10049 980 212 286 978
331 264 234 286 978
190 59 225 286 978
10021 977 206 286 978
422 277 224 287 979
476 30 239 287 979
10045 981 209 287 979
10049 981 215 287 979
331 265 226 287 979
422 278 229 288 980
476 31 223 288 980
10045 982 213 288 980
10049 982 227 288 980
331 266 221 288 980
10021 979 207 288 980
10082 979 214 288 980
10019 982 207 289 981
422 279 225 289 981
476 32 225 289 981
10045 983 207 289 981
10049 983 229 289 981
331 267 224 289 981
10021 980 210 289 981
10082 980 212 289 981
10041 980 209 290 982
422 280 228 290 982
10049 984 230 290 982
331 268 223 290 982
10021 981 209 290 982
10041 981 207 291 983
422 281 232 291 983
476 34 227 291 983
10049 985 215 291 983
10021 982 207 291 983
10082 982 215 291 983
10041 982 206 292 984
10019 985 207 292 984
422 282 229 292 984
476 35 223 292 984
10045 986 212 292 984
10049 986 221 292 984
10021 983 208 292 984
10082 983 211 292 984
422 283 235 293 985
10045 987 207 293 985
10049 987 225 293 985
10082 984 207 293 985
422 284 227 294 986
476 37 232 294 986
10045 988 214 294 986
10049 988 223 294 986
10021 985 208 294 986
10082 985 217 294 986
10041 985 211 295 987
476 38 233 295 987
331 273 241 295 987
10045 989 219 295 987
10049 989 223 295 987
190 68 227 295 987
10021 986 208 295 987
10082 986 208 295 987
10028 988 206 295 987
476 39 237 296 988
331 274 235 296 988
10045 990 214 296 988
431 1 223 296 988
10049 990 219 296 988
190 69 225 296 988
10021 987 212 296 988
10082 987 212 296 988
10019 990 207 297 989
422 287 225 297 989
476 40 238 297 989
10045 991 210 297 989
10049 991 219 297 989
331 275 231 297 989
10021 988 210 297 989
10041 988 206 298 990
422 288 225 298 990
476 41 227 298 990
10045 992 213 298 990
10049 992 229 298 990
331 276 236 298 990
190 71 225 298 990
776 151 224 298 990
10082 989 208 298 990
422 289 225 299 991
476 42 237 299 991
10045 993 212 299 991
10049 993 227 299 991
331 277 233 299 991
190 72 221 299 991
10082 990 208 299 991
10019 993 207 300 992
476 43 233 300 992
422 290 225 300 992
10045 994 210 300 992
10049 994 232 300 992
190 73 227 300 992
10021 991 207 300 992
10082 991 212 300 992
10041 991 207 301 993
476 44 223 301 993
10045 995 208 301 993
10049 995 213 301 993
331 279 228 301 993
190 74 226 301 993
10021 992 206 301 993
10082 992 209 301 993
10028 994 209 301 993
10041 992 210 301 993
783 284 222 302 994
10045 996 213 302 994
10049 996 221 302 994
190 75 221 302 994
10082 993 205 302 994
10019 996 207 303 995
783 285 221 303 995
10045 997 207 303 995
331 281 235 303 995
10049 997 213 303 995
190 76 240 303 995
476 1 221 303 995
10021 994 209 303 995
322 290 223 303 995
776 156 224 303 995
783 286 233 304 996
431 9 221 304 996
331 282 235 304 996
10045 998 224 304 996
10049 998 213 304 996
190 77 241 304 996
476 2 229 304 996
10021 995 208 304 996
10082 995 209 304 996
239 299 229 305 997
422 295 222 305 997
331 283 223 305 997
10045 999 206 305 997
10049 999 225 305 997
190 78 221 305 997
476 3 239 305 997
10021 996 214 305 997
10082 996 212 305 997
617 325 223 305 997
10041 996 211 306 998
331 284 227 306 998
10049 1000 215 306 998
10021 997 213 306 998
239 301 223 307 999
10019 1000 210 307 999
783 289 231 307 999
431 12 223 307 999
10049 1001 224 307 999
10021 998 208 307 999
10072 1002 210 307 999
10082 998 217 307 999
10028 1000 208 307 999
10041 998 208 308 1000
422 298 225 308 1000
10045 1002 219 308 1000
10049 1002 223 308 1000
190 81 225 308 1000
10021 999 207 308 1000
10066 1002 206 308 1000
776 161 221 308 1000
10082 999 217 308 1000
10022 1003 206 308 1000
10041 999 212 309 1001
239 303 225 309 1001
10045 1003 207 309 1001
10049 1003 222 309 1001
10021 1000 206 309 1001
10082 1000 213 309 1001
422 300 221 310 1002
10021 1001 210 310 1002
776 163 225 310 1002
10082 1001 207 310 1002
10019 1004 207 311 1003
331 289 221 311 1003
10045 1005 223 311 1003
10049 1005 229 311 1003
10021 1002 208 311 1003
322 298 225 311 1003
10082 1002 209 311 1003
10019 1005 208 312 1004
10049 1006 223 312 1004
10082 1003 208 312 1004
10049 1007 228 313 1005
10082 1004 208 313 1005
422 304 221 314 1006
331 292 223 314 1006
10045 1008 209 314 1006
190 87 228 314 1006
10021 1005 221 314 1006
776 167 226 314 1006
10082 1005 208 314 1006
246 302 226 314 1006
10041 1005 209 314 1006
239 309 233 315 1007
10019 1008 207 315 1007
783 297 231 315 1007
431 20 235 315 1007
331 293 221 315 1007
10045 1009 219 315 1007
10049 1009 223 315 1007
190 88 225 315 1007
10021 1006 207 315 1007
322 302 221 315 1007
776 168 243 315 1007
10082 1006 216 315 1007
10019 1009 210 316 1008
431 21 225 316 1008
331 294 224 316 1008
10045 1010 210 316 1008
10049 1010 218 316 1008
476 14 227 316 1008
10021 1007 209 316 1008
10082 1007 207 316 1008
239 311 228 317 1009
10019 1010 211 317 1009
10049 1011 215 317 1009
476 15 245 317 1009
190 90 233 317 1009
