10069 766 218 0 768
10027 768 221 0 768
10064 768 219 0 768
524 158 222 0 768
10094 768 223 0 768
10069 767 214 1 769
10171 771 216 1 769
140 106 221 1 769
10064 769 214 1 769
10094 769 224 1 769
10069 768 212 2 770
10064 770 214 2 770
10094 770 233 2 770
10069 769 215 3 771
10027 771 211 3 771
10064 771 213 3 771
10094 771 224 3 771
10069 770 216 4 772
10094 772 216 4 772
10069 771 215 5 773
10027 773 212 5 773
524 163 233 5 773
10052 776 214 5 773
10094 773 219 5 773
10069 772 217 6 774
10064 774 211 6 774
524 164 224 6 774
10094 774 225 6 774
524 165 234 7 775
10094 775 225 7 775
10027 776 213 8 776
524 166 231 8 776
10094 776 224 8 776
524 167 235 9 777
10064 777 213 9 777
10094 777 229 9 777
10027 778 211 10 778
10054 779 216 10 778
524 168 233 10 778
10064 778 212 10 778
10094 778 214 10 778
10027 779 212 11 779
10094 779 220 11 779
10054 781 214 12 780
524 170 225 12 780
10064 780 211 12 780
10094 780 215 12 780
524 171 225 13 781
10094 781 214 13 781
10094 782 227 14 782
10069 781 211 15 783
10027 783 211 15 783
524 173 239 15 783
10094 783 223 15 783
10171 786 212 16 784
10027 784 211 16 784
10094 784 235 16 784
10054 786 211 17 785
10094 785 232 17 785
10069 784 213 18 786
624 108 225 18 786
10054 787 211 18 786
10064 786 220 18 786
10094 786 231 18 786
10027 787 216 19 787
10064 787 217 19 787
10094 787 222 19 787
10094 788 236 20 788
10064 789 210 21 789
10094 789 219 21 789
10069 788 218 22 790
10094 790 221 22 790
14 88 223 23 791
10027 791 220 23 791
96 75 235 23 791
10064 791 218 23 791
10094 791 231 23 791
10069 790 221 24 792
14 89 225 24 792
10027 792 220 24 792
10064 792 217 24 792
10094 792 231 24 792
10171 795 213 25 793
10027 793 216 25 793
524 183 223 25 793
10064 793 218 25 793
10052 796 212 25 793
10094 793 231 25 793
10027 794 214 26 794
140 131 221 26 794
10094 794 219 26 794
10027 795 218 27 795
140 132 221 27 795
10094 795 213 28 796
10027 796 216 28 796
10094 796 217 28 796
10027 797 215 29 797
10094 797 223 29 797
10027 798 216 30 798
10094 798 222 30 798
10171 801 215 31 799
10027 799 215 31 799
10064 799 212 31 799
10052 802 212 31 799
10094 799 218 31 799
10064 800 221 32 800
10094 800 220 32 800
10069 799 211 33 801
10027 801 212 33 801
10094 801 220 33 801
10094 802 222 34 802
10064 803 212 35 803
10094 803 225 35 803
10094 804 215 36 804
10069 803 216 37 805
10027 805 210 37 805
10064 805 211 37 805
10094 805 221 37 805
10069 804 211 38 806
10027 806 215 38 806
10064 806 214 38 806
10027 807 216 39 807
10064 807 214 39 807
10094 807 224 39 807
10069 806 214 40 808
10027 808 211 40 808
10054 809 212 40 808
10064 808 213 40 808
10069 807 215 41 809
10027 809 215 41 809
10094 809 228 41 809
10069 808 212 42 810
10171 812 212 42 810
10054 811 213 42 810
10064 810 213 42 810
10094 810 224 42 810
10069 809 214 43 811
10094 811 237 43 811
10094 812 237 44 812
10094 813 237 46 814
10094 814 227 47 815
10064 815 212 47 815
10094 815 231 48 816
10027 816 219 48 816
10054 817 212 48 816
10064 816 216 48 816
10094 816 221 49 817
10069 815 211 49 817
10027 817 217 49 817
10087 818 215 49 817
10064 817 218 49 817
10080 822 220 50 818
10087 819 213 50 818
274 197 233 50 818
128 83 241 51 819
10087 820 214 51 819
274 198 236 51 819
10080 824 218 52 820
10087 821 212 52 820
274 199 222 52 820
128 85 223 53 821
10080 825 214 53 821
274 200 224 53 821
10080 826 212 54 822
10087 823 215 54 822
436 110 232 54 822
274 201 232 54 822
128 87 231 55 823
10080 827 218 55 823
10087 824 218 55 823
436 111 241 55 823
274 202 240 55 823
348 96 227 56 824
128 88 239 56 824
10080 828 215 56 824
436 112 231 56 824
274 203 227 56 824
128 89 237 57 825
10080 829 215 57 825
10087 826 212 57 825
436 113 223 57 825
128 90 229 58 826
10080 830 219 58 826
436 114 239 58 826
274 205 234 58 826
348 99 221 59 827
128 91 229 59 827
10080 831 216 59 827
436 115 226 59 827
274 206 238 59 827
10080 832 216 60 828
10087 829 217 60 828
96 112 221 60 828
436 116 238 60 828
274 207 229 60 828
128 93 233 61 829
10080 833 213 61 829
10087 830 218 61 829
436 117 225 61 829
274 208 222 61 829
128 94 237 62 830
10080 834 223 62 830
10087 831 213 62 830
436 118 227 62 830
274 209 237 62 830
128 95 238 63 831
10080 835 222 63 831
10087 832 217 63 831
436 119 240 63 831
274 210 230 63 831
128 96 232 64 832
10080 836 219 64 832
10087 833 211 64 832
436 120 245 64 832
274 211 225 64 832
128 97 231 65 833
10080 837 218 65 833
10087 834 219 65 833
436 121 236 65 833
274 212 229 65 833
128 98 237 66 834
10080 838 216 66 834
10087 835 222 66 834
436 122 226 66 834
274 213 235 66 834
128 99 241 67 835
10080 839 218 67 835
10087 836 221 67 835
436 123 233 67 835
274 214 232 67 835
128 100 238 68 836
10080 840 212 68 836
10087 837 218 68 836
436 124 221 68 836
274 215 233 68 836
348 109 228 69 837
128 101 237 69 837
10080 841 215 69 837
436 125 233 69 837
274 216 244 69 837
128 102 239 70 838
10087 839 220 70 838
436 126 231 70 838
274 217 239 70 838
128 103 238 71 839
10080 843 220 71 839
10087 840 213 71 839
436 127 235 71 839
274 218 238 71 839
128 104 232 72 840
10080 844 222 72 840
10087 841 219 72 840
436 128 224 72 840
274 219 236 72 840
128 105 239 73 841
10080 845 211 73 841
10087 842 212 73 841
274 220 239 74 842
128 106 235 74 842
10080 846 219 74 842
10087 843 218 74 842
436 130 227 74 842
274 221 229 75 843
128 107 235 75 843
10087 844 213 75 843
436 131 231 75 843
274 222 235 76 844
128 108 233 76 844
10080 848 216 76 844
10087 845 215 76 844
274 223 236 77 845
128 109 223 77 845
10080 849 213 77 845
436 133 232 77 845
274 224 233 78 846
128 110 231 78 846
10080 850 214 78 846
10087 847 213 78 846
436 134 231 78 846
274 225 229 79 847
436 135 223 79 847
274 226 231 80 848
128 112 231 80 848
10080 852 216 80 848
274 227 222 81 849
128 113 223 81 849
10080 853 220 81 849
436 137 224 81 849
274 228 229 82 850
128 114 229 82 850
10080 854 215 82 850
436 138 230 82 850
274 229 223 83 851
10080 855 212 83 851
274 230 225 84 852
128 116 230 84 852
10080 856 221 84 852
10087 853 216 84 852
436 140 222 84 852
274 231 229 84 852
128 117 232 85 853
10087 854 224 85 853
436 141 233 85 853
274 232 224 85 853
128 118 237 86 854
10080 858 217 86 854
10087 855 217 86 854
436 142 225 86 854
274 233 231 87 855
10087 856 212 87 855
436 143 236 87 855
274 234 225 88 856
128 120 238 88 856
10087 857 216 88 856
436 144 231 88 856
274 235 231 89 857
128 121 241 89 857
10080 861 215 89 857
436 145 225 89 857
274 236 239 90 858
128 122 238 90 858
10080 862 215 90 858
436 146 221 90 858
274 237 247 91 859
128 123 229 91 859
10080 863 212 91 859
436 147 229 91 859
274 238 223 92 860
128 124 237 92 860
10080 864 213 92 860
436 148 230 92 860
10087 861 211 92 860
274 239 228 92 860
10080 865 224 93 861
436 149 230 93 861
274 240 225 93 861
128 126 235 94 862
10080 866 216 94 862
436 150 222 94 862
10087 863 213 94 862
274 241 232 94 862
436 151 228 95 863
10087 864 217 95 863
274 242 228 95 863
348 136 221 96 864
128 128 239 96 864
10080 868 211 96 864
436 152 237 96 864
274 243 232 96 864
128 129 230 97 865
10080 869 220 97 865
436 153 231 97 865
10087 866 218 97 865
274 244 223 98 866
10080 870 216 98 866
10087 867 219 98 866
436 154 237 98 866
274 245 235 99 867
128 131 235 99 867
10080 871 220 99 867
10087 868 215 99 867
436 155 236 99 867
274 246 239 99 867
128 132 229 100 868
10080 872 216 100 868
10087 869 212 100 868
436 156 234 100 868
10087 870 224 101 869
436 157 241 101 869
274 248 224 101 869
128 134 237 102 870
10080 874 212 102 870
10087 871 211 102 870
436 158 249 102 870
274 249 227 102 870
10080 875 219 103 871
10087 872 234 103 871
436 159 237 103 871
10064 871 211 103 871
348 144 228 103 871
128 136 222 104 872
10080 876 218 104 872
10087 873 225 104 872
436 160 242 104 872
274 251 222 104 872
128 137 226 105 873
10080 877 211 105 873
10087 874 213 105 873
436 161 224 105 873
274 252 224 105 873
128 138 230 106 874
10080 878 214 106 874
10087 875 220 106 874
274 253 239 106 874
10080 879 215 107 875
10087 876 215 107 875
436 163 222 107 875
128 140 225 108 876
10080 880 220 108 876
10087 877 224 108 876
436 164 234 108 876
274 255 239 108 876
128 141 234 109 877
10080 881 212 109 877
10087 878 215 109 877
436 165 231 109 877
274 256 240 109 877
128 142 231 110 878
10080 882 214 110 878
10087 879 222 110 878
436 166 235 110 878
274 257 246 110 878
128 143 225 111 879
274 258 233 111 879
128 144 238 112 880
10080 884 217 112 880
274 259 222 112 880
128 145 232 113 881
10080 885 217 113 881
436 169 228 113 881
274 260 222 113 881
128 146 239 114 882
10080 886 214 114 882
436 170 235 114 882
274 261 233 114 882
128 147 236 115 883
436 171 226 115 883
274 262 226 115 883
128 148 237 116 884
10080 888 218 116 884
436 172 225 116 884
274 263 225 116 884
128 149 238 117 885
10080 889 217 117 885
436 173 224 117 885
10087 886 213 117 885
274 264 227 117 885
128 150 237 118 886
10080 890 215 118 886
436 174 221 118 886
274 265 224 118 886
10080 891 218 119 887
436 175 235 119 887
10087 888 215 119 887
274 266 237 119 887
128 152 246 120 888
10080 892 217 120 888
436 176 234 120 888
274 267 228 120 888
348 161 222 120 888
128 153 236 121 889
436 177 233 121 889
274 268 222 121 889
128 154 224 122 890
436 178 224 122 890
128 155 235 123 891
436 179 224 123 891
274 270 230 123 891
128 156 221 124 892
436 180 238 124 892
274 271 229 124 892
128 157 236 125 893
10080 897 219 125 893
436 181 230 125 893
10087 894 215 125 893
128 158 243 126 894
10080 898 219 126 894
436 182 230 126 894
128 159 236 127 895
10080 899 213 127 895
436 183 241 127 895
10087 896 216 127 895
274 274 227 127 895
128 160 241 128 896
10080 900 217 128 896
436 184 226 128 896
10087 897 215 128 896
274 275 224 128 896
348 169 224 128 896
128 161 233 129 897
274 276 225 129 897
348 170 222 129 897
128 162 229 130 898
436 186 237 130 898
10087 899 213 130 898
274 277 227 130 898
348 171 221 130 898
128 163 241 131 899
10080 903 215 131 899
436 187 235 131 899
274 278 232 131 899
348 172 222 131 899
128 164 245 132 900
436 188 239 132 900
274 279 225 132 900
128 165 234 133 901
436 189 235 133 901
10087 902 211 133 901
274 280 227 133 901
432 13 226 134 902
128 166 224 134 902
649 201 228 134 902
10080 906 220 134 902
436 190 235 134 902
274 281 238 134 902
432 14 221 135 903
128 167 233 135 903
649 202 234 135 903
10080 907 213 135 903
436 191 235 135 903
274 282 227 135 903
432 15 225 136 904
436 192 231 136 904
10087 905 222 136 904
10080 909 213 137 905
10064 905 216 137 905
10094 905 214 137 905
10027 906 222 138 906
10064 906 233 138 906
10094 906 219 138 906
10071 909 216 139 907
10171 909 212 139 907
10027 907 217 139 907
10054 908 222 139 907
10064 907 220 139 907
10052 910 212 139 907
10094 907 237 139 907
10069 906 210 140 908
10171 910 211 140 908
10027 908 214 140 908
524 298 226 140 908
10094 908 237 140 908
10069 907 212 141 909
10064 909 219 141 909
10094 909 239 141 909
10069 908 217 142 910
10064 910 213 142 910
10094 910 236 142 910
10064 911 211 143 911
10094 911 234 143 911
10064 912 218 144 912
10094 912 220 144 912
10069 911 212 145 913
10027 913 212 145 913
10094 913 232 145 913
10069 912 216 146 914
10027 914 216 146 914
524 304 223 146 914
10054 915 214 146 914
10064 914 230 146 914
10071 917 215 147 915
10080 919 219 147 915
10071 919 211 149 917
10064 918 212 150 918
10064 920 215 152 920
10064 922 216 154 922
10064 924 212 156 924
10071 930 224 160 928
10149 920 211 160 928
10027 928 218 160 928
10087 929 213 160 928
10064 928 225 160 928
274 307 222 160 928
10094 928 231 160 928
10069 927 217 161 929
10171 931 211 161 929
10094 929 230 161 929
10069 928 215 162 930
10171 932 211 162 930
10027 930 213 162 930
10064 930 213 162 930
10094 930 232 162 930
10027 931 212 163 931
10064 931 216 163 931
10094 931 234 163 931
10069 930 216 164 932
524 5 224 164 932
10052 935 212 164 932
10094 932 227 164 932
10027 933 213 165 933
10064 933 217 165 933
10094 933 236 165 933
10064 934 211 166 934
10094 934 223 166 934
10094 935 222 167 935
10094 936 224 168 936
10171 939 211 169 937
10064 937 215 169 937
10094 937 231 169 937
10069 936 211 170 938
10027 938 219 170 938
10094 938 227 170 938
10069 937 214 171 939
10171 941 211 171 939
10094 939 221 171 939
10069 938 211 172 940
10027 940 215 172 940
10064 940 216 172 940
10094 940 222 172 940
10064 941 216 173 941
10094 941 225 173 941
10027 942 213 174 942
10064 942 212 174 942
10094 942 225 174 942
10064 943 216 175 943
10094 943 227 175 943
10171 946 215 176 944
10094 944 229 176 944
10171 947 213 177 945
10094 945 227 177 945
10171 948 215 178 946
10094 946 225 178 946
10064 947 212 179 947
10094 947 224 179 947
10064 948 213 180 948
10094 948 228 180 948
10094 949 228 181 949
10171 952 213 182 950
10094 950 227 182 950
10171 953 212 183 951
10094 951 227 184 952
10171 954 212 184 952
10094 952 227 185 953
10171 955 216 185 953
10027 953 211 185 953
10064 953 212 185 953
10094 953 221 186 954
10171 956 218 186 954
10064 954 215 186 954
10094 954 222 186 954
10171 957 216 187 955
10064 955 211 187 955
10094 955 219 187 955
10171 958 214 188 956
10094 956 224 188 956
10027 957 212 189 957
10064 957 211 189 957
10094 957 225 189 957
10027 958 211 190 958
10094 958 217 190 958
10069 957 213 191 959
10064 959 213 191 959
10094 959 216 191 959
10171 962 213 192 960
10027 960 210 192 960
10064 960 213 192 960
10094 960 219 193 961
10064 961 216 193 961
10094 961 212 194 962
10064 962 215 194 962
10094 962 219 195 963
10069 961 210 195 963
10064 963 215 195 963
10094 963 219 196 964
10064 964 216 196 964
10094 964 218 197 965
10171 967 210 197 965
10064 965 216 197 965
10094 965 220 198 966
10064 966 216 198 966
10094 966 216 199 967
10171 969 211 199 967
10064 967 212 199 967
10094 967 212 200 968
10027 968 212 200 968
10064 968 211 200 968
10094 968 216 201 969
10064 969 214 201 969
10094 969 216 202 970
10094 970 224 203 971
10054 972 212 203 971
10094 971 222 204 972
10094 972 219 205 973
10094 974 223 207 975
10171 977 212 207 975
10094 975 220 208 976
10094 976 219 209 977
10094 978 221 211 979
10094 979 219 212 980
10171 982 212 212 980
10094 980 219 213 981
10027 981 219 213 981
10054 982 212 213 981
10064 981 222 213 981
10094 981 235 214 982
10069 980 215 214 982
10027 982 220 214 982
10064 982 219 214 982
10094 982 233 215 983
10069 981 211 215 983
10027 983 212 215 983
10064 983 213 215 983
10052 986 213 215 983
10094 983 230 216 984
10027 984 215 216 984
10064 984 212 216 984
10052 987 210 216 984
10094 984 227 217 985
10064 985 212 217 985
10052 988 212 217 985
10094 985 222 218 986
10069 984 211 218 986
10027 986 215 218 986
10052 989 216 218 986
10094 986 218 219 987
10069 985 212 219 987
10052 990 217 219 987
10094 987 217 220 988
10054 989 214 220 988
10064 988 220 220 988
10094 988 224 221 989
10027 989 212 221 989
10054 990 212 221 989
10064 989 216 221 989
10094 989 217 222 990
140 327 229 222 990
10094 990 219 223 991
10027 991 214 223 991
10064 991 211 223 991
10094 991 222 224 992
10027 992 214 224 992
140 329 227 224 992
10094 992 222 225 993
10064 993 212 225 993
140 330 239 225 993
10094 993 232 226 994
10069 992 212 226 994
10027 994 219 226 994
10054 995 210 226 994
140 331 230 226 994
10094 994 225 227 995
10069 993 215 227 995
10027 995 217 227 995
140 332 233 227 995
10094 995 231 228 996
10027 996 213 228 996
140 333 222 228 996
10094 996 232 229 997
10027 997 215 229 997
140 334 233 229 997
10094 997 232 230 998
10027 998 217 230 998
10064 998 211 230 998
140 335 226 230 998
10094 998 224 231 999
10027 999 214 231 999
10064 999 214 231 999
10094 999 221 232 1000
10069 998 212 232 1000
10094 1000 225 233 1001
10027 1001 216 233 1001
10064 1001 213 233 1001
10094 1001 219 234 1002
10094 1002 229 235 1003
10069 1001 212 235 1003
10064 1003 222 235 1003
10094 1003 228 236 1004
10069 1002 212 236 1004
10064 1004 211 236 1004
10094 1004 215 237 1005
10064 1005 217 237 1005
10094 1005 223 238 1006
10069 1004 211 238 1006
10064 1006 214 238 1006
10094 1006 223 239 1007
10064 1007 215 239 1007
10094 1007 223 240 1008
10064 1008 215 240 1008
10094 1008 220 241 1009
10069 1007 211 241 1009
10064 1009 216 241 1009
10094 1009 222 242 1010
10094 1010 223 243 1011
10064 1011 211 243 1011
10094 1011 221 244 1012
10027 1012 212 244 1012
10064 1012 215 244 1012
10094 1012 220 245 1013
140 350 232 245 1013
10094 1013 219 246 1014
10064 1014 215 246 1014
140 351 232 246 1014
10094 1014 217 247 1015
10027 1015 212 247 1015
10064 1015 213 247 1015
140 352 225 247 1015
10027 1016 215 248 1016
140 353 231 248 1016
10094 1016 217 249 1017
10094 1017 217 250 1018
10069 1016 215 250 1018
10027 1018 215 250 1018
10054 1019 211 250 1018
10052 1021 210 250 1018
140 355 233 250 1018
10094 1018 232 251 1019
10069 1017 212 251 1019
140 356 236 251 1019
10094 1019 233 252 1020
10069 1018 217 252 1020
140 357 238 252 1020
10094 1020 231 253 1021
10069 1019 217 253 1021
140 358 235 253 1021
10094 1021 233 254 1022
10069 1020 213 254 1022
10064 1022 215 254 1022
140 359 224 254 1022
10094 1022 237 255 1023
10064 1023 216 255 1023
140 360 233 255 1023
10094 1023 234 256 1024
10069 1022 217 256 1024
140 361 221 256 1024
10094 1024 231 257 1025
10069 1023 217 257 1025
10064 1025 212 257 1025
140 362 224 257 1025
10094 1025 230 258 1026
10069 1024 216 258 1026
10064 1026 216 258 1026
140 363 223 258 1026
10094 1026 225 259 1027
10069 1025 215 259 1027
10027 1027 211 259 1027
140 364 222 259 1027
10094 1027 216 260 1028
10064 1028 211 260 1028
140 365 223 260 1028
10094 1028 225 261 1029
10027 1029 216 261 1029
10064 1029 211 261 1029
10094 1029 224 262 1030
10069 1028 213 262 1030
10094 1030 220 263 1031
10027 1031 215 263 1031
10094 1031 223 264 1032
10171 1034 214 264 1032
10064 1032 218 264 1032
10094 1032 224 265 1033
10069 1031 211 265 1033
10064 1033 217 265 1033
10094 1033 223 266 1034
10069 1032 211 266 1034
10064 1034 217 266 1034
10094 1034 218 267 1035
10064 1035 216 267 1035
10094 1035 223 268 1036
10069 1034 211 268 1036
10027 1036 212 268 1036
10064 1036 213 268 1036
10094 1036 222 269 1037
10064 1037 213 269 1037
10094 1037 214 270 1038
10064 1038 217 270 1038
10094 1038 223 271 1039
10064 1039 211 271 1039
10094 1039 216 272 1040
10171 1042 211 272 1040
10064 1040 216 272 1040
10094 1040 217 273 1041
10064 1041 216 273 1041
10094 1041 217 274 1042
10064 1042 215 274 1042
10094 1042 217 275 1043
10064 1043 215 275 1043
10094 1043 222 276 1044
10171 1046 213 276 1044
10064 1044 214 276 1044
140 381 225 276 1044
10094 1044 225 277 1045
10171 1047 216 277 1045
10064 1045 214 277 1045
140 382 239 277 1045
10094 1045 223 278 1046
10171 1048 211 278 1046
140 383 224 278 1046
10094 1046 223 279 1047
10094 1047 223 280 1048
10094 1048 224 281 1049
10027 1049 211 281 1049
10094 1049 223 282 1050
10171 1052 211 282 1050
10064 1050 211 282 1050
140 387 225 283 1051
10094 1050 222 283 1051
10171 1053 215 283 1051
10027 1051 213 283 1051
10064 1051 212 283 1051
140 388 233 284 1052
10094 1051 222 284 1052
10171 1054 212 284 1052
10094 1052 220 285 1053
10064 1053 212 285 1053
10094 1053 221 286 1054
140 391 234 287 1055
10094 1054 218 287 1055
10064 1055 211 287 1055
140 392 235 288 1056
10094 1055 217 288 1056
140 393 236 288 1056
10094 1056 215 289 1057
10171 1059 214 289 1057
140 394 236 289 1057
10094 1057 214 290 1058
140 395 232 290 1058
10094 1058 215 291 1059
140 396 235 291 1059
10094 1059 216 292 1060
140 397 230 292 1060
10094 1060 215 293 1061
10027 1061 215 293 1061
140 398 231 293 1061
10094 1061 212 294 1062
140 399 233 294 1062
10094 1062 217 295 1063
140 400 222 295 1063
10094 1063 212 296 1064
10094 1064 212 297 1065
140 402 236 297 1065
10094 1065 212 298 1066
140 403 235 298 1066
10094 1066 217 299 1067
10027 1067 214 299 1067
140 404 242 299 1067
10094 1067 219 299 1067
10052 1071 210 300 1068
140 405 245 300 1068
10064 1069 215 301 1069
140 406 237 301 1069
10094 1069 233 301 1069
10064 1070 215 302 1070
140 407 246 302 1070
10094 1070 233 303 1071
58 44 222 303 1071
10171 1073 212 303 1071
10064 1071 213 303 1071
140 408 249 303 1071
10094 1071 215 303 1071
140 409 237 304 1072
10094 1072 225 304 1072
140 410 245 305 1073
10094 1073 210 306 1074
10171 1076 210 306 1074
10027 1074 211 306 1074
10064 1074 212 306 1074
140 411 235 306 1074
10094 1074 215 306 1074
140 412 236 307 1075
10094 1075 213 307 1075
10171 1078 211 308 1076
10027 1076 212 308 1076
140 413 242 308 1076
10094 1076 220 308 1076
10171 1079 212 309 1077
140 414 221 309 1077
10094 1077 217 309 1077
10171 1080 211 310 1078
10064 1078 214 310 1078
10094 1078 227 310 1078
10064 1079 214 311 1079
140 416 235 311 1079
10094 1079 232 312 1080
10064 1080 214 312 1080
140 417 224 312 1080
10094 1080 221 312 1080
140 418 226 313 1081
10094 1081 224 314 1082
10027 1082 216 314 1082
140 419 221 314 1082
10094 1082 235 315 1083
10027 1083 218 315 1083
10054 1084 212 315 1083
10064 1083 225 315 1083
274 462 225 315 1083
10094 1083 217 315 1083
10071 1086 221 316 1084
10080 1088 210 316 1084
10083 1085 214 317 1085
10080 1089 227 317 1085
10080 1090 237 318 1086
10080 1091 228 319 1087
10080 1092 233 320 1088
10080 1093 241 321 1089
10080 1094 245 322 1090
10083 1091 211 323 1091
10080 1095 229 323 1091
10080 1096 227 324 1092
10080 1097 238 325 1093
10080 1098 233 326 1094
10071 1097 212 327 1095
10080 1099 222 327 1095
10087 1096 219 327 1095
348 81 223 328 1096
10027 1096 215 328 1096
10064 1096 225 328 1096
128 124 221 328 1096
140 433 235 328 1096
10069 1095 213 329 1097
10027 1097 220 329 1097
10064 1097 238 329 1097
140 434 239 329 1097
10094 1097 220 329 1097
10027 1098 219 330 1098
10064 1098 239 330 1098
140 435 230 330 1098
10094 1098 225 330 1098
58 72 221 331 1099
10027 1099 219 331 1099
744 111 239 331 1099
10064 1099 223 331 1099
10094 1099 227 332 1100
10069 1098 227 332 1100
58 73 222 332 1100
10027 1100 219 332 1100
744 112 235 332 1100
10054 1101 214 332 1100
10094 1100 230 332 1100
10069 1099 220 333 1101
10027 1101 218 333 1101
744 113 231 333 1101
10094 1101 227 334 1102
10069 1100 220 334 1102
744 114 222 334 1102
10064 1102 215 334 1102
10094 1102 233 334 1102
10094 1103 233 335 1103
10027 1104 213 336 1104
10094 1104 224 336 1104
10069 1103 212 337 1105
10064 1105 216 337 1105
10094 1105 229 337 1105
10069 1104 212 338 1106
10171 1108 212 338 1106
10094 1106 229 338 1106
10064 1107 215 339 1107
10094 1107 231 339 1107
10069 1106 217 340 1108
10094 1108 227 340 1108
10064 1109 212 341 1109
10094 1109 215 341 1109
140 447 221 342 1110
10094 1110 223 342 1110
10069 1109 211 343 1111
10094 1111 224 343 1111
10069 1110 212 344 1112
10094 1112 223 344 1112
10064 1113 213 345 1113
10052 1116 213 345 1113
10094 1113 223 346 1114
10069 1112 211 346 1114
10027 1114 212 346 1114
10064 1114 215 346 1114
10052 1117 212 346 1114
10094 1114 230 347 1115
10069 1113 214 347 1115
10064 1115 214 347 1115
10094 1115 214 348 1116
10064 1116 211 348 1116
140 453 221 348 1116
10094 1116 224 349 1117
10069 1115 218 349 1117
10064 1117 211 349 1117
10094 1117 224 350 1118
10052 1121 216 350 1118
10094 1118 232 351 1119
10069 1117 217 351 1119
10027 1119 212 351 1119
10064 1119 219 351 1119
10094 1119 216 352 1120
10171 1123 212 353 1121
10064 1121 219 353 1121
10094 1121 224 354 1122
10027 1122 215 354 1122
10094 1122 225 355 1123
10027 1123 213 355 1123
10064 1123 218 355 1123
10094 1123 223 356 1124
10171 1126 211 356 1124
10094 1124 227 357 1125
10171 1127 212 357 1125
10064 1125 212 357 1125
10094 1125 227 358 1126
10069 1124 212 358 1126
10094 1126 221 359 1127
10064 1127 212 359 1127
10094 1127 222 360 1128
10094 1128 226 361 1129
10064 1129 215 361 1129
10094 1129 232 362 1130
10064 1130 218 362 1130
140 467 223 362 1130
10094 1130 225 363 1131
10069 1129 211 363 1131
10064 1131 215 363 1131
10094 1131 231 364 1132
10064 1132 216 364 1132
10094 1132 227 365 1133
10069 1131 211 365 1133
10054 1134 212 365 1133
10064 1133 213 365 1133
10094 1133 216 366 1134
10052 1137 215 366 1134
10027 1135 212 367 1135
10064 1135 214 367 1135
10052 1138 215 367 1135
10094 1135 226 368 1136
10171 1138 211 368 1136
10027 1136 213 368 1136
10064 1136 214 368 1136
10052 1139 212 368 1136
10094 1136 215 369 1137
10064 1137 213 369 1137
10094 1137 219 370 1138
10064 1138 213 370 1138
10052 1141 212 370 1138
10094 1138 229 371 1139
10027 1139 217 371 1139
10052 1142 212 371 1139
10094 1139 213 372 1140
10069 1138 212 372 1140
10064 1140 216 372 1140
10052 1143 216 372 1140
10094 1140 232 373 1141
10064 1141 216 373 1141
10094 1141 232 374 1142
10171 1144 217 374 1142
10027 1142 212 374 1142
10064 1142 218 374 1142
140 479 228 375 1143
10094 1142 227 375 1143
10027 1143 215 375 1143
10094 1143 226 376 1144
10069 1142 214 376 1144
10094 1144 232 377 1145
10027 1145 216 377 1145
10064 1145 212 377 1145
10052 1148 219 377 1145
10094 1145 229 378 1146
10054 1147 211 378 1146
10064 1146 219 378 1146
10094 1146 218 379 1147
10069 1145 215 379 1147
10027 1147 218 379 1147
10064 1147 212 379 1147
140 484 221 379 1147
10094 1147 231 380 1148
10069 1146 211 380 1148
10027 1148 215 380 1148
10094 1148 223 381 1149
10064 1149 217 381 1149
10094 1149 232 382 1150
10069 1148 212 382 1150
10171 1152 214 382 1150
10064 1150 215 382 1150
10094 1150 218 383 1151
10069 1149 213 383 1151
10027 1151 213 383 1151
10064 1151 215 383 1151
10052 1154 212 383 1151
10094 1151 216 384 1152
10094 1152 216 385 1153
10069 1151 211 385 1153
10064 1153 214 385 1153
10094 1153 217 386 1154
10064 1154 213 386 1154
10094 1154 216 387 1155
10064 1155 212 387 1155
10094 1155 231 388 1156
10069 1154 212 388 1156
10064 1156 210 388 1156
10064 1157 213 389 1157
10094 1157 215 390 1158
10069 1156 211 390 1158
10094 1158 222 391 1159
10027 1159 215 391 1159
140 496 225 391 1159
10094 1159 228 392 1160
10171 1162 211 392 1160
140 497 221 392 1160
10094 1160 220 393 1161
10069 1160 211 394 1162
524 93 222 394 1162
10027 1162 223 394 1162
10064 1162 221 394 1162
10094 1162 235 395 1163
524 94 242 395 1163
10027 1163 212 395 1163
10094 1163 228 396 1164
10027 1164 213 396 1164
10094 1164 228 397 1165
10094 1165 221 398 1166
10094 1166 222 399 1167
10171 1169 212 399 1167
10027 1167 211 399 1167
10064 1167 211 399 1167
10052 1170 212 399 1167
10094 1167 228 400 1168
10069 1166 215 400 1168
10064 1168 216 400 1168
10094 1168 225 401 1169
10027 1169 217 401 1169
10064 1169 218 401 1169
10094 1169 214 402 1170
10069 1168 214 402 1170
10054 1171 212 402 1170
10094 1170 231 403 1171
10069 1169 215 403 1171
10064 1171 216 403 1171
10094 1171 225 403 1171
10069 1170 211 404 1172
140 509 222 404 1172
10094 1172 231 404 1172
10069 1171 210 405 1173
10064 1173 210 405 1173
10094 1173 221 405 1173
10027 1174 212 406 1174
10064 1174 211 406 1174
10094 1174 221 406 1174
10094 1175 217 407 1175
10171 1178 212 408 1176
10094 1176 216 408 1176
10094 1178 223 410 1178
58 152 221 411 1179
10094 1179 234 411 1179
10027 1180 211 412 1180
10094 1180 235 412 1180
10069 1179 214 413 1181
10094 1181 222 413 1181
10027 1182 216 414 1182
10094 1182 221 414 1182
10069 1181 212 415 1183
10094 1183 225 415 1183
10171 1186 212 416 1184
10094 1184 221 416 1184
10171 1187 211 417 1185
10094 1185 219 417 1185
10171 1188 212 418 1186
10094 1186 217 418 1186
10052 1190 211 419 1187
10094 1187 222 419 1187
10094 1188 221 420 1188
10052 1192 210 421 1189
10094 1189 227 421 1189
10027 1190 212 422 1190
10052 1193 211 422 1190
10094 1190 228 422 1190
10027 1191 213 423 1191
10064 1191 212 423 1191
10052 1194 213 423 1191
10094 1191 234 423 1191
10069 1190 211 423 1191
10027 1192 212 424 1192
10064 1192 218 424 1192
10094 1192 224 424 1192
10069 1191 214 424 1192
10094 1193 225 425 1193
10171 1196 211 426 1194
10094 1195 231 427 1195
10069 1194 210 427 1195
10027 1196 218 428 1196
10064 1196 220 428 1196
10052 1199 212 428 1196
10094 1196 215 428 1196
10171 1199 212 429 1197
10094 1197 218 429 1197
10094 1198 218 430 1198
10094 1199 217 431 1199
10094 1200 222 432 1200
10171 1203 212 433 1201
10094 1201 217 433 1201
10094 1202 211 434 1202
10094 1203 225 435 1203
10094 1204 225 436 1204
10094 1205 223 437 1205
10094 1206 223 438 1206
10094 1207 226 439 1207
10069 1206 214 440 1208
10171 1210 211 440 1208
10052 1211 212 440 1208
10094 1208 223 440 1208
10069 1207 214 441 1209
10027 1209 215 441 1209
10052 1212 211 441 1209
10094 1209 227 441 1209
10171 1212 216 442 1210
10027 1210 218 442 1210
10054 1211 216 442 1210
10064 1210 221 442 1210
10094 1210 228 442 1210
10027 1211 218 443 1211
10064 1211 216 443 1211
10094 1211 213 443 1211
10171 1214 212 444 1212
10054 1213 212 444 1212
10064 1212 215 444 1212
10094 1212 213 444 1212
10027 1213 211 445 1213
10094 1213 221 445 1213
10094 1215 218 447 1215
10027 1216 218 448 1216
10064 1216 211 448 1216
10094 1216 235 448 1216
10069 1215 211 449 1217
10094 1217 216 449 1217
10027 1218 212 450 1218
10094 1218 217 450 1218
10094 1219 218 451 1219
10069 1218 212 452 1220
10027 1220 211 452 1220
10094 1220 227 452 1220
10094 1221 235 453 1221
10064 1222 212 454 1222
10094 1222 227 454 1222
10069 1221 213 455 1223
10094 1223 221 455 1223
10064 1224 213 456 1224
10094 1224 221 456 1224
10094 1225 222 457 1225
10094 1226 226 458 1226
10094 1227 220 459 1227
10094 1228 218 460 1228
10027 1229 217 461 1229
10094 1229 213 461 1229
10094 1230 214 462 1230
10069 1229 219 463 1231
140 568 224 463 1231
10064 1231 213 463 1231
10094 1231 223 463 1231
10069 1230 216 464 1232
10064 1232 215 464 1232
10094 1232 233 464 1232
10069 1231 221 465 1233
10171 1235 212 465 1233
10094 1233 225 465 1233
10069 1232 216 466 1234
10027 1234 213 466 1234
10064 1234 214 466 1234
10094 1234 231 466 1234
10069 1233 211 467 1235
10027 1235 211 467 1235
10094 1235 224 467 1235
10069 1234 210 468 1236
10064 1236 217 468 1236
10094 1236 222 468 1236
10064 1237 212 469 1237
10094 1237 224 469 1237
10064 1238 217 470 1238
10094 1238 224 470 1238
10069 1237 216 471 1239
10171 1241 214 471 1239
10027 1239 214 471 1239
10094 1239 217 471 1239
10027 1240 211 472 1240
10094 1240 217 472 1240
10069 1239 210 473 1241
140 578 221 473 1241
10094 1241 218 473 1241
10094 1242 217 474 1242
140 580 225 475 1243
10094 1243 218 475 1243
10094 1244 215 476 1244
10069 1243 211 477 1245
10094 1245 218 477 1245
10094 1246 215 478 1246
10027 1247 214 479 1247
10094 1247 226 479 1247
10069 1246 218 480 1248
10027 1248 212 480 1248
10064 1248 220 480 1248
10094 1248 233 480 1248
10027 1249 213 481 1249
10094 1249 224 481 1249
10027 1250 217 482 1250
10064 1250 215 482 1250
10094 1250 220 482 1250
10069 1249 212 483 1251
10027 1251 212 483 1251
10094 1251 221 483 1251
10069 1250 212 484 1252
10094 1252 227 484 1252
10069 1251 214 485 1253
10052 1256 212 485 1253
10094 1253 226 485 1253
10069 1252 211 486 1254
10171 1256 210 486 1254
10064 1254 211 486 1254
10094 1254 230 486 1254
10069 1253 215 487 1255
10064 1255 219 487 1255
10094 1255 229 487 1255
10027 1256 214 488 1256
10064 1256 212 488 1256
10094 1256 230 488 1256
10069 1255 212 489 1257
10027 1257 222 489 1257
10094 1257 236 489 1257
10094 1258 230 490 1258
10027 1259 212 491 1259
10064 1259 215 491 1259
10094 1259 223 491 1259
10064 1260 211 492 1260
10094 1260 227 492 1260
10069 1259 213 493 1261
10064 1261 213 493 1261
10094 1261 228 493 1261
10064 1262 213 494 1262
10094 1262 222 494 1262
10064 1263 221 495 1263
10094 1263 231 495 1263
10064 1264 211 496 1264
10094 1264 227 496 1264
10069 1263 213 497 1265
10171 1267 214 497 1265
10027 1265 214 497 1265
10064 1265 220 497 1265
10094 1265 231 497 1265
10069 1264 215 498 1266
330 518 224 498 1266
10064 1266 215 498 1266
10094 1266 227 498 1266
10094 1267 219 499 1267
10027 1268 212 500 1268
10054 1269 211 500 1268
10094 1268 226 500 1268
10171 1271 215 501 1269
10064 1269 212 501 1269
10094 1269 221 501 1269
10094 1270 226 502 1270
10094 1271 227 503 1271
10027 1272 214 504 1272
10094 1272 225 504 1272
10069 1271 218 505 1273
10027 1273 214 505 1273
10064 1273 215 505 1273
10094 1273 231 505 1273
10069 1272 212 506 1274
10064 1274 217 506 1274
10094 1274 226 506 1274
10027 1275 215 507 1275
10094 1275 225 507 1275
10069 1274 217 508 1276
10027 1276 211 508 1276
10064 1276 213 508 1276
10094 1276 230 508 1276
10027 1277 212 509 1277
10064 1277 213 509 1277
10052 1280 212 509 1277
10094 1277 217 509 1277
10064 1278 215 510 1278
10094 1278 225 510 1278
10064 1279 211 511 1279
10094 1279 224 511 1279
10064 1280 214 512 1280
10094 1280 224 512 1280
10027 1281 212 513 1281
10094 1281 228 513 1281
10069 1280 211 514 1282
10027 1282 212 514 1282
10064 1282 213 514 1282
10094 1282 220 514 1282
10027 1283 212 515 1283
10064 1283 213 515 1283
10094 1283 224 515 1283
10027 1284 219 516 1284
10054 1285 213 516 1284
10094 1284 235 516 1284
10027 1285 215 517 1285
10064 1285 222 517 1285
10094 1285 227 517 1285
10069 1284 212 518 1286
10027 1286 216 518 1286
10094 1286 223 518 1286
10171 1289 211 519 1287
10064 1287 217 519 1287
10094 1287 223 519 1287
10171 1290 210 520 1288
10064 1288 216 520 1288
10094 1288 234 520 1288
10064 1289 216 521 1289
10094 1289 217 521 1289
10094 1290 224 522 1290
10064 1291 216 523 1291
10094 1291 220 523 1291
10069 1290 213 523 1291
10064 1292 221 524 1292
10094 1292 228 524 1292
10027 1293 220 525 1293
10064 1293 218 525 1293
10094 1293 231 525 1293
10069 1292 215 525 1293
10069 1293 211 526 1294
10171 1297 211 527 1295
10027 1295 214 527 1295
10094 1295 212 527 1295
10094 1296 211 528 1296
10094 1297 224 529 1297
10094 1298 219 530 1298
10094 1299 215 531 1299
10094 1300 218 532 1300
10094 1301 219 533 1301
10171 1304 211 534 1302
10094 1302 221 534 1302
10171 1305 213 535 1303
10094 1303 219 535 1303
10171 1306 213 536 1304
10094 1304 220 536 1304
10171 1307 214 537 1305
10094 1305 227 537 1305
10027 1306 212 538 1306
10094 1306 222 538 1306
10069 1305 213 538 1306
10064 1307 210 539 1307
10094 1307 222 539 1307
10094 1308 219 540 1308
10094 1309 222 541 1309
10069 1308 211 541 1309
10094 1310 220 542 1310
10069 1309 210 542 1310
10094 1311 219 543 1311
10027 1312 217 544 1312
10094 1312 230 544 1312
10171 1315 218 545 1313
10094 1313 224 545 1313
10171 1316 212 546 1314
10094 1314 219 546 1314
10171 1317 217 547 1315
10171 1318 215 548 1316
10027 1316 212 548 1316
10094 1316 225 548 1316
10069 1315 212 548 1316
10094 1317 225 549 1317
10171 1320 216 550 1318
10094 1318 222 550 1318
10171 1321 215 551 1319
10064 1319 212 551 1319
10094 1319 226 551 1319
10069 1318 211 551 1319
10052 1323 211 552 1320
10094 1320 216 552 1320
10171 1323 212 553 1321
10094 1321 223 553 1321
10069 1320 213 553 1321
10027 1322 217 554 1322
10064 1322 216 554 1322
10094 1322 221 554 1322
10064 1323 215 555 1323
10094 1323 227 555 1323
10064 1324 215 556 1324
10094 1324 223 556 1324
10094 1325 224 557 1325
10054 1327 211 558 1326
10064 1326 216 558 1326
10052 1329 211 558 1326
10094 1326 222 558 1326
10027 1327 213 559 1327
10064 1327 212 559 1327
10052 1330 212 559 1327
10094 1327 231 559 1327
10069 1326 211 560 1328
10027 1328 214 560 1328
10064 1328 212 560 1328
10094 1328 224 560 1328
10054 1330 211 561 1329
10064 1329 216 561 1329
10094 1329 224 561 1329
10027 1330 216 562 1330
10064 1330 214 562 1330
10094 1330 222 562 1330
10027 1331 211 563 1331
10094 1331 227 563 1331
10069 1330 211 563 1331
10171 1334 212 564 1332
10064 1332 214 564 1332
10094 1332 218 564 1332
10069 1331 215 564 1332
10027 1333 211 565 1333
10064 1333 218 565 1333
10094 1333 229 565 1333
10069 1332 211 565 1333
10027 1334 219 566 1334
10064 1334 218 566 1334
10052 1337 212 566 1334
10094 1334 219 566 1334
10069 1333 212 566 1334
10027 1335 214 567 1335
10064 1335 212 567 1335
10094 1335 221 567 1335
10027 1336 216 568 1336
10064 1336 216 568 1336
10094 1336 223 568 1336
10171 1339 212 569 1337
10027 1337 215 569 1337
10064 1337 215 569 1337
10094 1337 215 569 1337
10027 1338 211 570 1338
10064 1338 215 570 1338
10094 1338 213 570 1338
10171 1341 212 571 1339
10094 1339 221 571 1339
10171 1342 211 572 1340
10054 1341 212 572 1340
10094 1340 224 572 1340
10171 1343 214 573 1341
10027 1341 212 573 1341
10054 1342 212 573 1341
10064 1341 217 573 1341
10094 1341 217 573 1341
10027 1342 216 574 1342
10064 1342 216 574 1342
10094 1342 226 574 1342
10027 1343 212 575 1343
10064 1343 217 575 1343
10094 1343 225 575 1343
377 684 223 575 1343
10069 1342 212 575 1343
10171 1346 211 576 1344
10094 1344 219 576 1344
10171 1347 213 577 1345
10094 1345 215 577 1345
10094 1346 218 578 1346
10171 1349 213 579 1347
10094 1347 220 579 1347
10171 1350 210 580 1348
10094 1348 223 580 1348
10064 1349 214 581 1349
10052 1352 211 581 1349
10094 1349 232 581 1349
10069 1348 211 581 1349
274 130 230 582 1350
10027 1350 220 582 1350
10064 1350 224 582 1350
10094 1350 225 582 1350
10069 1349 213 582 1350
274 131 224 583 1351
10064 1351 222 583 1351
10094 1351 227 583 1351
10069 1350 217 583 1351
274 132 221 584 1352
10027 1352 212 584 1352
744 8 225 584 1352
10064 1352 218 584 1352
10094 1352 212 584 1352
10069 1351 216 584 1352
274 133 224 585 1353
10027 1353 223 585 1353
744 9 222 585 1353
10094 1353 225 585 1353
10069 1352 219 585 1353
10027 1354 222 586 1354
10064 1354 218 586 1354
10052 1357 213 586 1354
10094 1354 230 586 1354
10069 1353 211 586 1354
10171 1357 217 587 1355
10027 1355 217 587 1355
10064 1355 218 587 1355
10094 1355 233 587 1355
10069 1354 215 587 1355
10027 1356 217 588 1356
10064 1356 212 588 1356
10094 1356 231 588 1356
10171 1359 216 589 1357
10027 1357 219 589 1357
10094 1357 231 589 1357
10069 1356 214 589 1357
10027 1358 214 590 1358
10064 1358 216 590 1358
10094 1358 232 590 1358
58 332 224 590 1358
10171 1361 216 591 1359
10064 1359 220 591 1359
10094 1359 231 591 1359
10069 1358 211 591 1359
58 333 223 591 1359
10027 1360 212 592 1360
10064 1360 210 592 1360
10094 1360 236 592 1360
10069 1359 215 592 1360
58 334 223 592 1360
10027 1361 212 593 1361
10054 1362 211 593 1361
10064 1361 220 593 1361
10094 1361 232 593 1361
58 335 238 593 1361
10027 1362 213 594 1362
10094 1362 235 594 1362
10069 1361 215 594 1362
58 336 230 594 1362
10027 1363 214 595 1363
10064 1363 212 595 1363
10094 1363 231 595 1363
10027 1364 214 596 1364
10064 1364 214 596 1364
10094 1364 232 596 1364
58 338 227 596 1364
10094 1365 235 597 1365
58 339 221 597 1365
10027 1366 212 598 1366
10094 1366 231 598 1366
58 340 224 598 1366
10027 1367 213 599 1367
10094 1367 233 599 1367
58 341 225 599 1367
10064 1368 211 600 1368
10094 1368 227 600 1368
10069 1367 215 600 1368
58 342 222 600 1368
10027 1369 215 601 1369
10064 1369 212 601 1369
10094 1369 227 601 1369
58 343 223 601 1369
10027 1370 213 602 1370
10094 1370 232 602 1370
58 344 222 602 1370
10054 1372 211 603 1371
10064 1371 220 603 1371
10094 1371 232 603 1371
58 345 234 603 1371
10171 1374 212 604 1372
10054 1373 214 604 1372
10064 1372 211 604 1372
10094 1372 233 604 1372
58 346 233 604 1372
10069 1371 213 604 1372
10171 1375 212 605 1373
10054 1374 214 605 1373
10064 1373 219 605 1373
660 669 221 605 1373
10094 1373 237 605 1373
10064 1374 213 606 1374
10094 1374 233 606 1374
58 348 223 606 1374
10064 1375 218 607 1375
10094 1375 234 607 1375
58 349 224 607 1375
10064 1376 218 608 1376
10094 1376 235 608 1376
58 350 222 608 1376
10064 1377 216 609 1377
10094 1377 235 609 1377
58 351 226 609 1377
10064 1378 212 610 1378
10094 1378 235 610 1378
58 352 233 610 1378
10027 1379 213 611 1379
10052 1382 211 611 1379
10094 1379 235 611 1379
58 353 228 611 1379
10064 1380 212 612 1380
10094 1380 221 612 1380
10069 1379 214 612 1380
10094 1381 224 613 1381
58 355 230 613 1381
10064 1382 213 614 1382
10094 1382 233 614 1382
58 356 222 614 1382
10069 1381 216 614 1382
10064 1383 212 615 1383
10094 1383 233 615 1383
10094 1384 227 616 1384
10069 1383 215 616 1384
10064 1385 216 617 1385
10094 1385 224 617 1385
58 359 222 617 1385
10069 1384 217 617 1385
10027 1386 213 618 1386
10064 1386 217 618 1386
10094 1386 225 618 1386
10069 1385 215 618 1386
10064 1387 212 619 1387
10094 1387 216 619 1387
10027 1388 211 620 1388
10064 1388 213 620 1388
10094 1388 215 620 1388
10094 1389 223 621 1389
10069 1388 214 621 1389
10064 1390 215 622 1390
10094 1390 215 622 1390
10171 1393 211 623 1391
10027 1391 212 623 1391
10064 1391 220 623 1391
10052 1394 212 623 1391
10094 1391 227 623 1391
10094 1392 226 624 1392
10027 1393 212 625 1393
10064 1393 211 625 1393
10094 1393 218 625 1393
10027 1394 211 626 1394
10064 1394 220 626 1394
10052 1397 211 626 1394
10094 1394 233 626 1394
10171 1397 211 627 1395
10027 1395 212 627 1395
10094 1395 231 627 1395
10064 1396 213 628 1396
10094 1396 230 628 1396
10064 1397 212 629 1397
10094 1397 215 629 1397
10094 1398 220 630 1398
10094 1399 225 631 1399
10069 1398 221 631 1399
10064 1400 211 632 1400
10094 1400 232 632 1400
10069 1399 212 632 1400
10064 1401 215 633 1401
10094 1401 232 633 1401
10064 1402 215 634 1402
10094 1402 230 634 1402
10064 1403 212 635 1403
10094 1403 224 635 1403
10094 1404 215 636 1404
10069 1403 213 636 1404
10094 1405 230 637 1405
10094 1406 221 638 1406
10094 1407 226 639 1407
10064 1408 210 640 1408
10094 1408 226 640 1408
10027 1409 213 641 1409
10094 1409 224 641 1409
10064 1410 212 642 1410
10094 1410 219 642 1410
10064 1411 213 643 1411
10094 1411 221 643 1411
10027 1412 212 644 1412
10064 1412 213 644 1412
10094 1412 212 644 1412
10094 1413 212 645 1413
10094 1414 215 646 1414
10069 1413 213 646 1414
10027 1415 216 647 1415
10064 1415 215 647 1415
10094 1415 212 647 1415
10064 1416 213 648 1416
10094 1416 222 648 1416
140 754 236 649 1417
10094 1417 226 649 1417
10064 1418 211 650 1418
140 755 221 650 1418
10094 1418 218 650 1418
10171 1421 211 651 1419
10027 1419 211 651 1419
140 756 231 651 1419
10094 1419 214 651 1419
10171 1422 212 652 1420
140 757 231 652 1420
10094 1420 215 652 1420
10171 1423 212 653 1421
140 758 224 653 1421
10094 1421 215 653 1421
10094 1422 216 654 1422
10171 1425 213 655 1423
10094 1423 217 655 1423
10171 1426 212 656 1424
10094 1424 218 656 1424
10069 1423 216 656 1424
140 762 236 657 1425
10094 1425 216 657 1425
10027 1426 213 658 1426
10054 1427 210 658 1426
140 763 224 658 1426
10094 1426 224 658 1426
10069 1425 210 658 1426
10064 1427 212 659 1427
140 764 229 659 1427
10094 1427 219 659 1427
10069 1426 211 659 1427
10027 1428 211 660 1428
10064 1428 215 660 1428
140 765 230 660 1428
10094 1428 218 660 1428
10069 1427 212 660 1428
10064 1429 215 661 1429
140 766 229 661 1429
10094 1429 231 661 1429
10027 1430 215 662 1430
10064 1430 216 662 1430
140 767 227 662 1430
10094 1430 229 662 1430
140 768 231 663 1431
10094 1431 230 663 1431
140 769 226 664 1432
10094 1432 231 664 1432
10027 1433 212 665 1433
10064 1433 212 665 1433
140 770 231 665 1433
10094 1433 231 665 1433
140 771 231 666 1434
10094 1434 232 666 1434
10027 1435 217 667 1435
10064 1435 218 667 1435
140 772 231 667 1435
10052 1438 211 667 1435
10094 1435 226 667 1435
58 409 225 667 1435
10027 1436 212 668 1436
10064 1436 214 668 1436
140 773 238 668 1436
10064 1437 212 669 1437
140 774 238 669 1437
10094 1437 233 669 1437
10069 1436 213 669 1437
10064 1438 213 670 1438
140 775 237 670 1438
10094 1438 227 670 1438
10094 1439 220 671 1439
10069 1438 212 671 1439
10027 1440 216 672 1440
10064 1441 215 673 1441
10094 1441 220 673 1441
10171 1444 214 674 1442
10027 1442 215 674 1442
10094 1442 227 674 1442
10069 1441 211 674 1442
10054 1444 211 675 1443
10094 1443 218 675 1443
10027 1444 215 676 1444
10064 1444 213 676 1444
10094 1444 216 676 1444
10094 1445 221 677 1445
10094 1446 220 678 1446
10171 1449 211 679 1447
10027 1447 211 679 1447
10094 1447 218 679 1447
10171 1450 215 680 1448
10094 1448 219 680 1448
10064 1449 215 681 1449
10094 1449 225 681 1449
10171 1452 212 682 1450
10064 1450 210 682 1450
10094 1450 213 682 1450
10027 1451 215 683 1451
10054 1452 210 683 1451
10064 1451 214 683 1451
10094 1451 222 683 1451
10064 1452 210 684 1452
10171 1455 212 685 1453
10052 1456 211 685 1453
10094 1453 228 685 1453
10171 1456 212 686 1454
10064 1454 211 686 1454
10094 1454 211 686 1454
10171 1457 212 687 1455
10027 1455 212 687 1455
10064 1455 217 687 1455
10052 1458 212 687 1455
10094 1455 228 687 1455
10171 1458 211 688 1456
10094 1456 212 688 1456
10094 1457 224 689 1457
10027 1458 211 690 1458
10064 1458 218 690 1458
10094 1458 233 690 1458
10069 1457 215 690 1458
10027 1459 213 691 1459
10064 1459 217 691 1459
10094 1459 231 691 1459
10069 1458 216 691 1459
10027 1460 214 692 1460
10054 1461 211 692 1460
10064 1460 213 692 1460
10094 1460 226 692 1460
10069 1459 214 692 1460
10027 1461 211 693 1461
10064 1461 218 693 1461
10094 1461 224 693 1461
10069 1460 214 693 1461
10027 1462 212 694 1462
10064 1462 219 694 1462
10052 1465 211 694 1462
10094 1462 217 694 1462
10027 1463 216 695 1463
10094 1463 222 695 1463
10171 1466 214 696 1464
10094 1464 214 696 1464
10094 1465 221 697 1465
10064 1466 217 698 1466
10094 1466 224 698 1466
10069 1465 215 698 1466
10171 1469 211 699 1467
10027 1467 217 699 1467
10094 1467 228 699 1467
10171 1470 211 700 1468
10027 1468 212 700 1468
10094 1468 222 700 1468
10027 1469 216 701 1469
10054 1470 212 701 1469
10094 1469 216 701 1469
10171 1472 213 702 1470
10064 1470 213 702 1470
10094 1470 217 702 1470
10064 1471 212 703 1471
10094 1471 213 703 1471
10064 1472 211 704 1472
10094 1472 211 704 1472
10054 1474 211 705 1473
10064 1473 214 705 1473
10094 1473 218 705 1473
10027 1474 211 706 1474
10064 1474 215 706 1474
10094 1474 215 706 1474
10069 1473 213 706 1474
10027 1475 217 707 1475
10094 1475 233 707 1475
10094 1476 227 708 1476
10027 1477 213 709 1477
10094 1477 227 709 1477
10171 1480 211 710 1478
10094 1478 221 710 1478
10094 1479 224 711 1479
10027 1480 212 712 1480
10064 1480 216 712 1480
10094 1480 221 712 1480
10064 1481 215 713 1481
10094 1481 229 713 1481
10069 1480 211 713 1481
10027 1482 211 714 1482
10052 1485 212 714 1482
10094 1482 232 714 1482
10171 1485 218 715 1483
10064 1483 215 715 1483
10052 1486 210 715 1483
10094 1483 225 715 1483
10069 1482 211 715 1483
10171 1486 214 716 1484
10094 1484 220 716 1484
10069 1483 211 716 1484
10171 1487 213 717 1485
10064 1485 212 717 1485
10094 1485 222 717 1485
10094 1486 221 718 1486
10094 1487 225 719 1487
10064 1488 214 720 1488
10094 1488 226 720 1488
10064 1489 213 721 1489
10094 1489 224 721 1489
10064 1490 211 722 1490
10094 1490 227 722 1490
10064 1491 211 723 1491
10094 1491 223 723 1491
10069 1490 211 723 1491
10027 1492 212 724 1492
10064 1492 214 724 1492
10094 1492 221 724 1492
10171 1495 211 725 1493
10094 1493 231 725 1493
10069 1492 215 726 1494
10094 1494 221 726 1494
10069 1493 211 727 1495
10027 1495 211 727 1495
10094 1495 232 727 1495
622 143 225 728 1496
10064 1496 213 728 1496
10094 1496 223 728 1496
622 144 235 729 1497
10094 1497 228 729 1497
10069 1496 212 730 1498
10064 1498 212 730 1498
10094 1498 234 730 1498
58 472 227 731 1499
10171 1501 211 731 1499
10094 1499 225 731 1499
10027 1500 211 732 1500
10064 1500 211 732 1500
10094 1500 225 732 1500
10027 1501 215 733 1501
10094 1501 225 733 1501
10069 1500 211 733 1501
10094 1502 222 734 1502
10027 1503 212 735 1503
10064 1503 215 735 1503
10094 1503 223 735 1503
10069 1502 212 735 1503
10171 1506 212 736 1504
10027 1504 212 736 1504
10064 1504 212 736 1504
10094 1504 221 736 1504
10069 1503 211 736 1504
10027 1505 212 737 1505
10064 1505 213 737 1505
10094 1505 227 737 1505
10069 1504 210 737 1505
10027 1506 213 738 1506
10094 1506 221 738 1506
10069 1505 211 738 1506
10094 1507 231 739 1507
10027 1508 217 740 1508
10094 1508 227 740 1508
10027 1509 213 741 1509
10064 1509 216 741 1509
10094 1509 221 741 1509
10027 1510 217 742 1510
10094 1510 219 742 1510
10094 1511 223 743 1511
10069 1510 212 743 1511
10171 1514 214 744 1512
10027 1512 212 744 1512
10094 1512 221 744 1512
10069 1511 212 744 1512
10094 1513 225 745 1513
10069 1512 212 745 1513
10094 1514 223 746 1514
10094 1515 223 747 1515
10069 1514 214 747 1515
10094 1516 223 748 1516
10069 1515 212 748 1516
10171 1519 215 749 1517
10052 1520 211 749 1517
10094 1517 223 749 1517
10069 1516 211 749 1517
10094 1518 218 750 1518
10069 1517 212 750 1518
10027 1519 212 751 1519
10094 1519 226 751 1519
10069 1518 212 751 1519
10027 1520 217 752 1520
10064 1521 212 753 1521
10094 1521 213 753 1521
10171 1524 213 754 1522
10094 1522 224 754 1522
10027 1523 213 755 1523
10064 1523 213 755 1523
10094 1523 219 755 1523
10027 1524 215 756 1524
10064 1524 212 756 1524
10094 1524 220 756 1524
10064 1525 214 757 1525
10094 1525 222 757 1525
10064 1526 212 758 1526
10094 1526 216 758 1526
10064 1527 213 759 1527
10094 1527 221 759 1527
10064 1528 215 760 1528
10094 1528 225 760 1528
10171 1531 210 761 1529
10094 1529 222 761 1529
10069 1528 211 761 1529
10094 1530 214 762 1530
10094 1531 224 763 1531
10064 1532 210 764 1532
10094 1532 222 764 1532
10094 1533 222 765 1533
10094 1534 228 766 1534
10171 1537 213 767 1535
10094 1535 225 767 1535
10069 1534 210 767 1535
10094 1536 213 768 1536
10094 1537 232 769 1537
10094 1538 234 770 1538
10171 1541 211 771 1539
10064 1539 215 771 1539
10064 1540 217 772 1540
10171 1543 211 773 1541
10064 1541 214 773 1541
10094 1541 222 773 1541
10171 1544 212 774 1542
10064 1542 214 774 1542
10094 1542 223 774 1542
10171 1545 211 775 1543
10064 1543 214 775 1543
10094 1543 225 775 1543
10069 1542 216 775 1543
10171 1546 211 776 1544
10027 1544 211 776 1544
10064 1544 216 776 1544
10094 1544 224 776 1544
10064 1545 216 777 1545
10094 1545 215 777 1545
10027 1546 212 778 1546
10064 1546 212 778 1546
10094 1546 211 778 1546
10027 1547 216 779 1547
10064 1547 212 779 1547
10094 1547 221 779 1547
10064 1548 216 780 1548
10094 1548 222 780 1548
10027 1549 213 781 1549
10094 1549 226 781 1549
10094 1550 232 782 1550
10069 1549 211 782 1550
10027 1551 211 783 1551
10094 1551 231 783 1551
10064 1552 214 784 1552
10094 1552 215 784 1552
10064 1553 211 785 1553
10094 1553 215 785 1553
10171 1556 216 786 1554
10027 1554 210 786 1554
10064 1554 216 786 1554
10094 1554 220 786 1554
10027 1555 211 787 1555
10094 1555 225 787 1555
10027 1556 211 788 1556
10094 1556 214 788 1556
10094 1557 220 789 1557
10069 1556 217 789 1557
10027 1558 213 790 1558
10094 1558 223 790 1558
10069 1557 218 790 1558
10027 1559 213 791 1559
10064 1559 216 791 1559
10094 1559 221 791 1559
10064 1560 215 792 1560
10094 1560 219 792 1560
58 534 231 793 1561
10027 1561 216 793 1561
10064 1561 215 793 1561
10094 1561 224 793 1561
524 493 231 793 1561
10027 1562 216 794 1562
10064 1562 212 794 1562
10094 1562 223 794 1562
524 494 224 794 1562
10027 1563 210 795 1563
10094 1563 220 795 1563
10064 1564 211 796 1564
736 802 223 796 1564
10094 1564 223 796 1564
10069 1563 215 796 1564
10027 1565 222 797 1565
10064 1565 230 797 1565
10094 1565 226 797 1565
10069 1564 217 797 1565
10054 1567 234 798 1566
10094 1566 213 798 1566
10069 1565 224 798 1566
10054 1568 230 799 1567
10069 1566 219 799 1567
10054 1569 224 800 1568
10069 1567 215 800 1568
10054 1570 211 801 1569
10069 1568 223 801 1569
10054 1571 220 802 1570
10069 1569 219 802 1570
10054 1572 239 803 1571
10069 1570 219 803 1571
10054 1573 225 804 1572
10069 1571 222 804 1572
10054 1574 226 805 1573
780 94 231 810 1578
483 315 223 810 1578
257 803 222 810 1578
425 761 222 810 1578
374 883 231 810 1578
10106 1576 212 810 1578
706 34 225 811 1579
10055 1579 213 811 1579
10018 906 216 811 1579
10098 1576 227 811 1579
10140 1575 220 811 1579
10084 1573 218 811 1579
92 1047 235 811 1579
374 884 223 811 1579
561 160 222 811 1579
10004 1576 214 811 1579
10076 1576 212 812 1580
10018 907 217 812 1580
10140 1576 213 812 1580
10084 1574 224 812 1580
10158 1575 220 812 1580
10076 1577 216 813 1581
10055 1581 217 813 1581
10018 908 230 813 1581
10098 1578 214 813 1581
10140 1577 215 813 1581
10084 1575 218 813 1581
10158 1576 212 813 1581
10018 909 233 814 1582
10098 1579 224 814 1582
10084 1576 214 814 1582
10076 1579 211 814 1582
455 236 224 815 1583
10018 910 228 815 1583
10098 1580 218 815 1583
10140 1579 212 815 1583
10084 1577 211 815 1583
16 566 223 815 1583
10018 911 225 816 1584
10098 1581 213 816 1584
92 1052 224 816 1584
10084 1578 211 816 1584
10106 1582 211 816 1584
10018 912 237 817 1585
10098 1582 216 817 1585
10158 1580 213 817 1585
10173 1581 220 817 1585
10106 1583 222 817 1585
25 859 222 817 1585
616 700 222 817 1585
10076 1582 214 817 1585
328 887 239 818 1586
257 811 221 818 1586
10055 1586 215 818 1586
10106 1584 224 818 1586
472 613 224 818 1586
10076 1583 210 818 1586
10055 1587 211 819 1587
10106 1585 222 819 1587
10076 1584 227 819 1587
10055 1588 215 820 1588
10106 1586 229 820 1588
472 615 226 820 1588
10076 1585 212 820 1588
10106 1587 215 821 1589
410 890 221 821 1589
10076 1586 223 822 1590
10055 1590 213 822 1590
10106 1588 216 822 1590
10076 1587 212 823 1591
784 104 223 823 1591
10106 1589 221 823 1591
10076 1588 215 824 1592
10076 1589 217 825 1593
10055 1593 212 825 1593
10106 1591 213 825 1593
10076 1590 212 826 1594
10106 1592 211 826 1594
10076 1591 218 827 1595
10076 1592 221 828 1596
10106 1594 218 828 1596
10076 1593 218 829 1597
10106 1595 213 829 1597
10076 1594 212 830 1598
10106 1596 227 830 1598
10106 1597 212 831 1599
10076 1597 217 833 1601
10106 1599 212 833 1601
10076 1598 213 834 1602
10106 1600 218 834 1602
10106 1601 213 835 1603
784 117 223 836 1604
10106 1602 219 836 1604
10076 1601 219 837 1605
10106 1603 221 837 1605
10076 1602 220 838 1606
10055 1606 213 838 1606
10106 1604 224 838 1606
698 917 223 839 1607
10076 1603 220 839 1607
10055 1607 213 839 1607
576 882 223 839 1607
10106 1605 220 839 1607
10076 1604 219 840 1608
10055 1608 211 840 1608
10106 1606 223 840 1608
10076 1605 216 841 1609
10076 1606 220 842 1610
10055 1610 213 842 1610
576 885 221 842 1610
10106 1608 218 842 1610
10076 1607 215 843 1611
10055 1611 212 843 1611
10106 1609 217 843 1611
10076 1608 224 844 1612
784 125 227 844 1612
10055 1612 216 844 1612
10106 1610 218 844 1612
10076 1609 215 845 1613
10106 1611 224 845 1613
10076 1610 215 846 1614
328 915 222 846 1614
784 127 221 846 1614
10055 1614 219 846 1614
10106 1612 221 846 1614
10076 1611 212 847 1615
10055 1615 210 847 1615
10106 1613 219 847 1615
472 642 224 847 1615
10076 1612 226 848 1616
328 917 222 848 1616
10106 1614 223 848 1616
10076 1613 215 849 1617
784 130 224 849 1617
328 918 222 849 1617
10055 1617 218 849 1617
10106 1615 220 849 1617
472 644 227 849 1617
10076 1614 217 850 1618
10055 1618 211 850 1618
576 893 221 850 1618
10106 1616 223 850 1618
10076 1616 225 852 1620
328 921 225 852 1620
10055 1620 219 852 1620
10106 1618 216 852 1620
410 921 225 852 1620
10076 1617 220 853 1621
10055 1621 218 853 1621
10106 1619 217 853 1621
10076 1618 221 854 1622
784 135 222 854 1622
10055 1622 221 854 1622
10106 1620 227 854 1622
410 923 222 854 1622
10076 1619 219 855 1623
10055 1623 221 855 1623
10173 1619 212 855 1623
10106 1621 221 855 1623
10076 1620 217 856 1624
10055 1624 216 856 1624
10173 1620 212 856 1624
10106 1622 217 856 1624
10076 1621 225 857 1625
10055 1625 215 857 1625
489 873 221 857 1625
10106 1623 224 857 1625
472 652 229 857 1625
10076 1622 221 858 1626
10055 1626 218 858 1626
10106 1624 226 858 1626
10076 1623 223 859 1627
10106 1625 213 859 1627
10076 1624 221 860 1628
10055 1628 212 860 1628
10106 1626 224 860 1628
10040 1623 217 860 1628
558 919 228 861 1629
10078 1628 211 861 1629
10018 956 217 861 1629
10098 1626 224 861 1629
92 1097 244 861 1629
482 20 235 861 1629
10040 1624 221 861 1629
10078 1629 215 862 1630
10040 1625 212 862 1630
10106 1629 222 863 1631
10040 1626 223 863 1631
10078 1631 217 864 1632
10018 959 213 864 1632
10098 1629 220 864 1632
10140 1628 210 864 1632
10158 1627 212 864 1632
10173 1628 217 864 1632
10106 1630 217 864 1632
10076 1629 226 865 1633
10134 1626 211 865 1633
10171 1636 215 866 1634
570 416 234 866 1634
271 885 221 867 1635
165 273 227 867 1635
10052 1638 216 868 1636
10092 1636 212 868 1636
10068 1641 218 868 1636
10054 1637 219 868 1636
10052 1639 217 869 1637
10094 1636 214 869 1637
10069 1635 224 869 1637
58 610 231 869 1637
10027 1637 217 869 1637
10064 1637 221 869 1637
10094 1637 239 870 1638
10069 1636 217 870 1638
10027 1638 215 870 1638
10064 1638 221 870 1638
10094 1638 235 871 1639
10069 1637 213 871 1639
10027 1639 213 871 1639
10064 1639 216 871 1639
10094 1639 232 872 1640
10069 1638 212 872 1640
10027 1640 212 872 1640
10094 1640 233 873 1641
10064 1641 214 873 1641
10094 1641 224 874 1642
10054 1643 211 874 1642
10064 1642 221 874 1642
10094 1642 235 875 1643
10064 1643 218 875 1643
10094 1643 241 876 1644
10069 1642 212 876 1644
10094 1644 235 877 1645
10069 1643 216 877 1645
10027 1645 214 877 1645
140 982 244 878 1646
10094 1645 227 878 1646
10027 1646 211 878 1646
10064 1646 215 878 1646
140 983 243 879 1647
10094 1646 223 879 1647
10064 1647 218 879 1647
140 984 249 880 1648
10094 1647 230 880 1648
10171 1650 210 880 1648
10027 1648 217 880 1648
10064 1648 215 880 1648
140 985 239 881 1649
10094 1648 229 881 1649
10027 1649 216 881 1649
140 986 233 882 1650
10094 1649 235 882 1650
10027 1650 213 882 1650
10064 1650 219 882 1650
10052 1653 211 883 1651
140 987 233 883 1651
10094 1650 237 883 1651
10027 1651 211 883 1651
10064 1651 219 883 1651
140 988 228 884 1652
10094 1651 236 884 1652
10171 1654 210 884 1652
140 989 228 885 1653
10094 1652 226 885 1653
10027 1653 216 885 1653
10064 1653 218 885 1653
140 990 227 886 1654
10094 1653 223 886 1654
10069 1652 212 886 1654
10094 1654 223 887 1655
10069 1653 212 887 1655
10027 1655 214 887 1655
10064 1655 215 887 1655
140 992 232 888 1656
10094 1655 223 888 1656
10064 1656 218 888 1656
140 993 231 889 1657
10094 1656 227 889 1657
10064 1657 217 889 1657
140 994 232 890 1658
10094 1657 225 890 1658
10064 1658 218 891 1659
140 995 233 891 1659
10094 1658 226 891 1659
10171 1661 212 891 1659
10064 1659 218 891 1659
140 996 232 892 1660
10094 1659 227 892 1660
10171 1662 211 892 1660
10064 1660 218 892 1660
140 997 232 893 1661
10094 1660 225 893 1661
10171 1663 212 893 1661
10064 1661 216 893 1661
140 998 230 894 1662
10094 1661 231 894 1662
10064 1662 218 894 1662
140 999 231 895 1663
10094 1662 226 895 1663
10171 1665 212 895 1663
10064 1663 217 895 1663
140 1000 228 896 1664
10094 1663 219 896 1664
10069 1662 210 896 1664
10027 1664 211 896 1664
140 1001 230 897 1665
10094 1664 235 897 1665
10064 1665 215 897 1665
140 1002 233 898 1666
10094 1665 227 898 1666
10064 1666 217 899 1667
140 1003 234 899 1667
10094 1666 220 899 1667
10171 1669 210 899 1667
10064 1667 218 900 1668
140 1004 221 900 1668
10094 1667 225 900 1668
10027 1668 216 900 1668
10064 1668 217 901 1669
10094 1668 215 901 1669
140 1006 236 902 1670
10094 1669 224 902 1670
10069 1668 213 902 1670
10171 1672 211 902 1670
10054 1671 212 902 1670
10064 1670 219 903 1671
140 1007 239 903 1671
10094 1670 235 903 1671
10064 1671 219 904 1672
140 1008 234 904 1672
10094 1671 224 904 1672
10069 1670 212 904 1672
10064 1672 219 904 1672
10094 1672 227 905 1673
10064 1673 220 905 1673
140 1010 235 906 1674
10094 1673 231 906 1674
10054 1675 211 906 1674
140 1011 231 907 1675
10094 1674 226 907 1675
10171 1677 212 907 1675
10027 1675 212 907 1675
10064 1675 212 907 1675
140 1012 242 908 1676
10094 1675 229 908 1676
10069 1674 210 908 1676
10027 1676 214 908 1676
10064 1676 213 908 1676
140 1013 233 909 1677
10094 1676 224 909 1677
10064 1677 220 909 1677
140 1014 237 910 1678
10094 1677 231 910 1678
10069 1676 212 910 1678
10027 1678 226 910 1678
10094 1678 221 911 1679
10094 1679 231 912 1680
10069 1678 212 912 1680
10094 1680 234 913 1681
10069 1679 211 913 1681
10094 1681 234 914 1682
10064 1682 216 914 1682
10052 1685 211 914 1682
10094 1682 224 915 1683
10027 1683 217 915 1683
10064 1683 218 915 1683
10052 1686 211 915 1683
10094 1683 224 916 1684
10069 1682 215 916 1684
10027 1684 213 916 1684
10064 1684 213 916 1684
10094 1684 213 917 1685
10027 1685 213 917 1685
10064 1685 217 917 1685
10094 1685 224 918 1686
10171 1688 211 918 1686
10027 1686 215 918 1686
10064 1686 212 918 1686
10094 1686 237 919 1687
10027 1687 212 919 1687
10094 1687 221 920 1688
10069 1686 211 920 1688
10027 1688 211 920 1688
10094 1688 220 921 1689
10069 1687 210 921 1689
10027 1689 212 921 1689
10094 1689 226 922 1690
10069 1688 212 922 1690
10054 1691 214 922 1690
10094 1690 225 923 1691
10027 1691 212 923 1691
10064 1691 220 923 1691
10094 1691 214 924 1692
10069 1690 211 924 1692
10027 1692 215 924 1692
10064 1692 216 924 1692
10094 1692 223 925 1693
10064 1693 216 925 1693
10094 1693 223 926 1694
10064 1694 216 926 1694
10094 1694 223 927 1695
10064 1695 216 927 1695
10094 1695 222 928 1696
10064 1696 216 928 1696
10094 1696 220 929 1697
10064 1697 214 929 1697
10094 1697 221 930 1698
10069 1696 212 930 1698
10027 1698 214 930 1698
10064 1698 216 930 1698
10094 1698 216 931 1699
10027 1699 212 931 1699
10064 1699 215 931 1699
10064 1700 213 932 1700
10094 1700 224 933 1701
10064 1701 211 933 1701
10094 1701 223 934 1702
10064 1702 213 934 1702
10094 1702 217 935 1703
10094 1703 221 936 1704
10171 1706 211 936 1704
10064 1704 215 936 1704
10094 1704 217 937 1705
10094 1705 220 938 1706
10069 1704 211 938 1706
10064 1706 212 938 1706
10094 1706 215 939 1707
10027 1707 213 939 1707
10094 1707 224 940 1708
10094 1708 232 941 1709
10027 1709 212 941 1709
10064 1709 215 941 1709
10094 1709 225 942 1710
10027 1710 212 942 1710
10064 1710 213 942 1710
10094 1710 224 943 1711
10171 1713 213 943 1711
10064 1711 211 943 1711
10094 1711 223 944 1712
10027 1712 215 944 1712
10054 1713 211 944 1712
10064 1712 214 944 1712
10094 1712 222 945 1713
622 22 222 945 1713
140 1050 224 946 1714
10094 1713 230 946 1714
10171 1716 212 946 1714
10027 1714 211 946 1714
10064 1714 213 946 1714
10094 1714 223 947 1715
140 1051 221 947 1715
10069 1713 212 947 1715
10027 1715 212 947 1715
10094 1715 223 948 1716
140 1052 223 948 1716
10069 1714 213 948 1716
10064 1716 215 948 1716
10094 1716 220 949 1717
10069 1715 213 949 1717
10052 1720 212 949 1717
10094 1717 238 950 1718
10027 1718 214 950 1718
10064 1718 215 950 1718
10094 1718 226 951 1719
10027 1719 215 951 1719
10064 1719 216 951 1719
10094 1719 226 952 1720
10094 1720 222 953 1721
10171 1723 210 953 1721
10064 1721 210 953 1721
10094 1721 224 954 1722
10094 1722 219 955 1723
10064 1723 213 955 1723
10094 1723 215 956 1724
10064 1724 212 956 1724
10094 1724 216 957 1725
10094 1725 222 958 1726
10171 1728 213 958 1726
10094 1726 218 959 1727
10171 1729 216 959 1727
10094 1727 220 960 1728
10171 1730 215 960 1728
10094 1728 219 961 1729
10064 1729 210 961 1729
10094 1729 217 962 1730
10171 1732 211 962 1730
10094 1730 219 963 1731
10094 1731 220 964 1732
10171 1734 213 964 1732
10094 1732 224 965 1733
10027 1733 212 965 1733
10064 1733 213 965 1733
10094 1733 229 966 1734
140 1070 221 966 1734
10027 1734 213 966 1734
10094 1734 222 967 1735
10171 1737 214 967 1735
10027 1735 212 967 1735
10064 1735 211 967 1735
10094 1735 223 968 1736
10094 1736 216 969 1737
10069 1735 216 969 1737
10027 1737 216 969 1737
10064 1737 217 969 1737
10094 1737 220 970 1738
10027 1738 211 970 1738
10064 1738 218 970 1738
10094 1738 231 971 1739
10069 1737 211 971 1739
10171 1741 214 971 1739
10027 1739 218 971 1739
10064 1739 215 971 1739
10094 1739 224 972 1740
10027 1740 216 972 1740
10064 1740 211 972 1740
10094 1740 232 973 1741
10064 1741 213 973 1741
10094 1741 227 974 1742
10027 1742 216 974 1742
10064 1742 212 974 1742
10094 1742 229 975 1743
10069 1741 213 975 1743
10171 1745 215 975 1743
10052 1746 214 975 1743
10094 1743 228 976 1744
10069 1742 217 976 1744
10064 1744 220 976 1744
10094 1744 225 977 1745
10027 1745 214 977 1745
10094 1745 227 978 1746
10052 1749 212 978 1746
10094 1746 232 979 1747
10064 1747 213 979 1747
10094 1747 227 980 1748
10069 1746 215 980 1748
10027 1748 221 980 1748
10064 1748 211 980 1748
10094 1748 225 981 1749
10027 1749 215 981 1749
10064 1749 213 981 1749
10094 1749 219 982 1750
10064 1750 211 982 1750
10094 1750 220 983 1751
10171 1753 213 983 1751
10064 1751 211 983 1751
10094 1751 220 984 1752
10094 1752 217 985 1753
10094 1753 224 986 1754
10069 1752 211 986 1754
10027 1754 211 986 1754
10064 1754 211 986 1754
10094 1754 228 987 1755
10069 1753 212 987 1755
10064 1755 211 987 1755
10094 1755 222 988 1756
10171 1758 212 988 1756
10064 1756 216 988 1756
10094 1756 223 989 1757
10027 1757 212 989 1757
10064 1757 215 989 1757
10094 1757 228 990 1758
10064 1758 213 990 1758
10094 1758 221 991 1759
10064 1759 213 991 1759
10094 1759 217 992 1760
10027 1760 216 992 1760
10064 1760 213 992 1760
10094 1760 231 993 1761
10027 1761 212 993 1761
10064 1761 211 993 1761
10094 1761 224 994 1762
10069 1760 213 994 1762
10027 1762 213 994 1762
10094 1762 220 995 1763
10064 1763 211 995 1763
10094 1763 220 996 1764
752 1103 226 996 1764
10069 1762 215 996 1764
10064 1764 213 996 1764
10094 1764 226 997 1765
10069 1763 213 997 1765
752 1105 222 998 1766
10094 1765 224 998 1766
10094 1766 222 999 1767
752 1106 224 999 1767
10069 1765 211 999 1767
10171 1769 214 999 1767
622 46 224 999 1767
10094 1767 223 1000 1768
752 1107 224 1000 1768
622 47 223 1000 1768
10052 1771 213 1000 1768
10094 1768 227 1001 1769
10094 1769 220 1002 1770
524 701 229 1002 1770
10094 1770 221 1003 1771
10171 1773 215 1003 1771
622 50 223 1003 1771
10052 1774 211 1004 1772
10094 1771 223 1004 1772
622 51 221 1004 1772
10094 1772 212 1005 1773
757 523 224 1005 1773
622 52 222 1005 1773
10094 1773 220 1006 1774
10027 1774 212 1006 1774
622 53 224 1006 1774
10094 1774 225 1007 1775
622 54 239 1007 1775
10094 1775 213 1008 1776
622 55 241 1008 1776
10094 1776 228 1009 1777
10094 1777 212 1010 1778
10064 1778 212 1010 1778
10064 1779 212 1011 1779
10094 1779 220 1012 1780
10064 1780 212 1012 1780
10094 1780 218 1013 1781
10027 1781 212 1013 1781
10094 1781 212 1014 1782
10027 1782 215 1014 1782
10064 1782 215 1015 1783
10094 1782 235 1015 1783
10069 1781 214 1015 1783
10064 1783 221 1015 1783
10094 1783 237 1016 1784
10069 1782 213 1016 1784
10064 1784 215 1016 1784
10094 1784 222 1017 1785
10069 1783 213 1017 1785
10027 1785 212 1017 1785
10094 1785 225 1018 1786
10064 1786 214 1018 1786
10094 1786 223 1019 1787
10027 1787 212 1019 1787
10064 1787 212 1019 1787
10094 1787 222 1020 1788
10069 1786 212 1020 1788
10027 1788 214 1020 1788
10094 1788 226 1021 1789
140 1126 222 1022 1790
10094 1789 231 1022 1790
622 10 222 1022 1790
10094 1790 225 1023 1791
10069 1789 212 1023 1791
723 2 227 1023 1791
10094 1791 229 1024 1792
10069 1790 217 1024 1792
622 12 223 1024 1792
10171 1794 211 1024 1792
10094 1792 222 1025 1793
723 4 222 1025 1793
622 13 233 1025 1793
10064 1793 212 1025 1793
10094 1793 220 1026 1794
622 14 235 1026 1794
10064 1794 213 1026 1794
10094 1794 219 1027 1795
10027 1795 214 1027 1795
10064 1795 216 1027 1795
10094 1795 223 1028 1796
622 16 233 1028 1796
10027 1796 212 1028 1796
10064 1796 211 1028 1796
10094 1796 223 1029 1797
622 17 237 1029 1797
10064 1797 218 1029 1797
10094 1797 218 1030 1798
622 18 222 1030 1798
10064 1798 212 1031 1799
10094 1798 224 1031 1799
10064 1799 212 1031 1799
10094 1799 215 1032 1800
622 20 226 1032 1800
10064 1800 219 1032 1800
10094 1800 225 1033 1801
622 21 231 1033 1801
10064 1801 220 1033 1801
10094 1801 224 1034 1802
10069 1800 211 1034 1802
10171 1804 215 1034 1802
10027 1802 211 1034 1802
10064 1802 211 1034 1802
10094 1802 219 1035 1803
10027 1803 212 1035 1803
10064 1803 211 1035 1803
10094 1803 221 1036 1804
10064 1804 213 1036 1804
10094 1804 212 1037 1805
10069 1803 213 1037 1805
10064 1805 213 1037 1805
10052 1808 212 1038 1806
10094 1805 217 1038 1806
10027 1806 213 1038 1806
10094 1806 216 1039 1807
10171 1809 212 1039 1807
10094 1807 224 1040 1808
10069 1806 211 1040 1808
10027 1808 212 1040 1808
10094 1808 219 1041 1809
10027 1809 213 1041 1809
10094 1809 218 1042 1810
10064 1810 214 1042 1810
10094 1810 230 1043 1811
622 31 230 1043 1811
10094 1811 224 1044 1812
622 32 223 1044 1812
10064 1812 212 1044 1812
10052 1815 211 1045 1813
10094 1812 223 1045 1813
10027 1813 211 1045 1813
10094 1813 222 1046 1814
10064 1814 215 1046 1814
10094 1814 223 1047 1815
10027 1815 216 1047 1815
10069 1814 211 1048 1816
622 36 228 1048 1816
10052 1819 210 1049 1817
10094 1816 217 1049 1817
622 37 224 1049 1817
10027 1817 212 1049 1817
10064 1817 211 1049 1817
10094 1817 227 1050 1818
622 38 224 1050 1818
10064 1818 210 1050 1818
10094 1818 223 1051 1819
10069 1817 211 1051 1819
622 39 222 1051 1819
10064 1819 212 1051 1819
10094 1819 217 1052 1820
10064 1820 213 1052 1820
10094 1820 213 1053 1821
622 41 224 1053 1821
10171 1823 211 1053 1821
10027 1821 212 1053 1821
10094 1821 224 1054 1822
622 42 222 1054 1822
10064 1822 215 1054 1822
10094 1822 223 1055 1823
10069 1821 211 1055 1823
10171 1825 212 1055 1823
10064 1823 213 1055 1823
10094 1823 218 1056 1824
10069 1822 211 1056 1824
10027 1824 210 1056 1824
10052 1827 211 1057 1825
140 1161 225 1057 1825
10094 1824 222 1057 1825
622 45 222 1057 1825
10052 1828 211 1058 1826
140 1162 231 1058 1826
10094 1825 221 1058 1826
10069 1824 211 1058 1826
622 46 222 1058 1826
10027 1826 217 1058 1826
10064 1826 215 1058 1826
140 1163 233 1059 1827
10094 1826 231 1059 1827
10064 1827 217 1059 1827
140 1164 234 1060 1828
10094 1827 234 1060 1828
622 48 226 1060 1828
10054 1829 213 1060 1828
140 1165 233 1061 1829
10094 1828 223 1061 1829
10069 1827 213 1061 1829
524 760 229 1061 1829
10027 1829 213 1061 1829
10064 1829 218 1062 1830
10094 1829 211 1062 1830
622 50 221 1062 1830
10064 1830 218 1062 1830
10094 1830 233 1063 1831
10064 1831 216 1064 1832
10094 1831 232 1064 1832
10027 1832 211 1064 1832
10064 1832 212 1064 1832
755 1133 233 1065 1833
10094 1832 235 1065 1833
10094 1833 232 1066 1834
622 54 221 1066 1834
10027 1834 213 1066 1834
10064 1834 223 1066 1834
10094 1834 213 1067 1835
10027 1835 212 1067 1835
10094 1835 224 1068 1836
10069 1834 212 1068 1836
10064 1836 221 1069 1837
10094 1836 219 1069 1837
622 57 222 1069 1837
10027 1837 217 1069 1837
10064 1837 216 1069 1837
10052 1840 211 1070 1838
10069 1836 215 1070 1838
10027 1838 218 1070 1838
10052 1841 212 1071 1839
10094 1838 216 1071 1839
10027 1839 220 1071 1839
10052 1842 211 1072 1840
10094 1839 223 1072 1840
622 60 224 1072 1840
10027 1840 216 1072 1840
10064 1840 213 1073 1841
10052 1843 212 1073 1841
10064 1841 212 1073 1841
10094 1841 219 1074 1842
10064 1842 211 1075 1843
10094 1842 231 1075 1843
10069 1841 216 1075 1843
10027 1843 211 1075 1843
10094 1843 230 1076 1844
10027 1844 212 1076 1844
10094 1844 224 1077 1845
622 65 230 1077 1845
10064 1845 215 1078 1846
10094 1845 215 1078 1846
622 66 229 1078 1846
10064 1846 211 1079 1847
10094 1846 230 1079 1847
622 67 223 1079 1847
10027 1847 215 1079 1847
10064 1847 217 1080 1848
10094 1847 233 1080 1848
10027 1848 213 1080 1848
10064 1848 211 1081 1849
10094 1848 224 1081 1849
10027 1849 211 1081 1849
10064 1849 211 1082 1850
10094 1849 220 1082 1850
10069 1848 214 1082 1850
10027 1850 216 1082 1850
10054 1851 212 1082 1850
10064 1850 211 1083 1851
10094 1850 224 1083 1851
10069 1849 212 1083 1851
10027 1851 214 1083 1851
10064 1851 215 1084 1852
10094 1851 225 1084 1852
10027 1852 216 1084 1852
10064 1852 213 1085 1853
10094 1852 223 1085 1853
10069 1851 213 1085 1853
10027 1853 216 1085 1853
10064 1853 218 1086 1854
10094 1853 219 1086 1854
622 74 224 1086 1854
10027 1854 215 1086 1854
10094 1854 220 1087 1855
10069 1853 216 1087 1855
10094 1855 218 1088 1856
10027 1856 215 1088 1856
10094 1856 218 1089 1857
10069 1855 214 1089 1857
10094 1857 225 1090 1858
10069 1856 213 1090 1858
10027 1858 212 1090 1858
10094 1858 219 1091 1859
10069 1857 211 1091 1859
10171 1862 212 1092 1860
10027 1860 218 1092 1860
10094 1860 228 1093 1861
10069 1859 212 1093 1861
10064 1861 213 1094 1862
10094 1861 230 1094 1862
10027 1862 212 1094 1862
10064 1862 219 1095 1863
10094 1862 235 1095 1863
524 794 223 1095 1863
10027 1863 215 1095 1863
10064 1863 213 1096 1864
10094 1863 223 1096 1864
10027 1864 211 1096 1864
10094 1864 223 1097 1865
10069 1863 212 1097 1865
10064 1865 213 1098 1866
10094 1865 221 1098 1866
10171 1868 211 1098 1866
10094 1866 222 1099 1867
10094 1867 216 1100 1868
10064 1868 218 1101 1869
10094 1868 224 1101 1869
10069 1867 215 1101 1869
10064 1869 212 1102 1870
10094 1869 227 1102 1870
622 90 224 1102 1870
10094 1870 221 1103 1871
10094 1871 217 1104 1872
10094 1872 216 1105 1873
622 93 222 1105 1873
775 896 222 1106 1874
10094 1874 216 1107 1875
10094 1875 217 1108 1876
10094 1876 212 1109 1877
10064 1877 210 1109 1877
10094 1877 212 1110 1878
10094 1878 216 1111 1879
10094 1879 218 1112 1880
622 100 224 1112 1880
10064 1880 211 1112 1880
10094 1880 219 1113 1881
622 101 234 1113 1881
10171 1883 211 1113 1881
10094 1881 224 1114 1882
775 904 221 1114 1882
350 8 227 1114 1882
10094 1882 227 1115 1883
10069 1881 213 1115 1883
622 103 222 1115 1883
10027 1883 214 1115 1883
10094 1883 226 1116 1884
622 104 223 1116 1884
10027 1884 212 1116 1884
10064 1884 212 1116 1884
10094 1884 221 1117 1885
10069 1883 211 1117 1885
10027 1885 211 1117 1885
10064 1885 212 1117 1885
10094 1885 217 1118 1886
10069 1884 215 1118 1886
10027 1886 216 1118 1886
10094 1886 232 1119 1887
10064 1887 212 1119 1887
10069 1886 216 1120 1888
10064 1888 212 1120 1888
10094 1888 223 1121 1889
10027 1889 216 1121 1889
10094 1889 231 1122 1890
10027 1890 211 1122 1890
10064 1890 213 1122 1890
10094 1890 221 1123 1891
10069 1889 213 1123 1891
10094 1891 232 1124 1892
10069 1890 212 1124 1892
10094 1892 235 1125 1893
775 915 221 1125 1893
10069 1891 211 1125 1893
10027 1893 213 1125 1893
10064 1893 218 1125 1893
10094 1893 223 1126 1894
10069 1892 211 1126 1894
10027 1894 216 1126 1894
10054 1895 212 1126 1894
10064 1894 217 1126 1894
10094 1894 213 1127 1895
10069 1893 211 1127 1895
10094 1895 229 1128 1896
622 116 221 1128 1896
10064 1896 217 1128 1896
10094 1896 224 1129 1897
10069 1895 216 1129 1897
622 117 223 1129 1897
10027 1897 215 1129 1897
10064 1897 212 1129 1897
10094 1897 227 1130 1898
10069 1896 216 1130 1898
10064 1898 212 1130 1898
10052 1901 212 1130 1898
10094 1898 225 1131 1899
10064 1899 217 1131 1899
10094 1899 226 1132 1900
10064 1900 211 1132 1900
10094 1900 218 1133 1901
10069 1899 212 1133 1901
10027 1901 211 1133 1901
10094 1901 224 1134 1902
10069 1900 211 1134 1902
10064 1902 214 1134 1902
10094 1902 222 1135 1903
10094 1903 221 1136 1904
10027 1904 210 1136 1904
10064 1904 212 1136 1904
10094 1904 223 1137 1905
10027 1905 212 1137 1905
10094 1905 224 1138 1906
10027 1906 215 1138 1906
10064 1906 211 1138 1906
10094 1906 218 1139 1907
10027 1907 220 1139 1907
10064 1907 211 1139 1907
10094 1907 221 1140 1908
10069 1906 210 1140 1908
10064 1908 216 1140 1908
140 1245 223 1140 1908
10052 1911 213 1140 1908
10094 1908 239 1141 1909
10171 1911 212 1141 1909
10027 1909 212 1141 1909
10064 1909 212 1141 1909
10094 1909 225 1142 1910
10027 1910 216 1142 1910
10064 1910 213 1142 1910
10094 1910 222 1143 1911
622 131 222 1143 1911
10027 1911 212 1143 1911
10064 1911 215 1143 1911
10094 1911 230 1144 1912
10027 1912 218 1144 1912
10064 1912 216 1144 1912
10094 1912 224 1145 1913
10027 1913 212 1145 1913
10064 1913 213 1145 1913
10094 1913 222 1146 1914
10064 1914 211 1146 1914
10094 1914 221 1147 1915
10069 1913 214 1147 1915
10027 1915 218 1147 1915
10064 1915 211 1147 1915
10094 1915 218 1148 1916
10069 1914 217 1148 1916
10027 1916 216 1148 1916
10064 1916 218 1148 1916
10094 1916 239 1149 1917
10094 1917 228 1150 1918
10069 1916 213 1150 1918
10171 1920 212 1150 1918
622 138 222 1150 1918
10027 1918 211 1150 1918
10064 1918 212 1150 1918
10094 1918 225 1151 1919
10069 1917 214 1151 1919
10171 1921 210 1151 1919
10027 1919 218 1151 1919
10064 1919 214 1151 1919
10094 1919 223 1152 1920
10027 1920 215 1152 1920
140 1257 224 1152 1920
10064 1920 212 1152 1920
10094 1920 226 1153 1921
140 1258 222 1153 1921
10094 1921 226 1154 1922
140 1259 230 1154 1922
10094 1922 223 1155 1923
140 1260 236 1155 1923
10064 1923 217 1155 1923
10094 1923 220 1156 1924
10064 1924 214 1156 1924
140 1261 243 1156 1924
10094 1924 222 1157 1925
140 1262 241 1157 1925
10094 1925 221 1158 1926
10027 1926 211 1158 1926
10064 1926 215 1158 1926
140 1263 225 1158 1926
10094 1926 222 1159 1927
10027 1927 214 1159 1927
140 1264 232 1160 1928
10094 1927 224 1160 1928
140 1265 231 1161 1929
10094 1928 216 1161 1929
10094 1929 219 1162 1930
622 150 221 1162 1930
10094 1930 221 1163 1931
10094 1931 217 1164 1932
10069 1930 212 1164 1932
10064 1932 211 1164 1932
10094 1932 218 1165 1933
10064 1933 215 1165 1933
10094 1933 212 1166 1934
10171 1936 212 1166 1934
10027 1934 211 1166 1934
622 154 226 1166 1934
10064 1934 213 1166 1934
10094 1934 222 1167 1935
10027 1935 210 1167 1935
10094 1935 220 1168 1936
10171 1938 215 1168 1936
10027 1936 214 1168 1936
622 156 231 1168 1936
10064 1936 213 1168 1936
10094 1936 219 1169 1937
10027 1937 215 1169 1937
10094 1937 227 1170 1938
10027 1938 216 1170 1938
10064 1938 211 1170 1938
10094 1938 225 1171 1939
10027 1939 212 1171 1939
622 159 224 1171 1939
10094 1939 227 1172 1940
10069 1938 212 1172 1940
10064 1940 216 1172 1940
10094 1940 219 1173 1941
10064 1941 216 1173 1941
10094 1941 224 1174 1942
622 162 222 1174 1942
10064 1942 211 1175 1943
10094 1942 225 1175 1943
10094 1943 223 1176 1944
10094 1944 221 1177 1945
10094 1945 218 1178 1946
10094 1946 219 1179 1947
10171 1949 211 1179 1947
10094 1947 219 1180 1948
10064 1948 214 1180 1948
10094 1948 221 1181 1949
10064 1949 211 1182 1950
10094 1949 219 1182 1950
10171 1952 215 1182 1950
140 1287 227 1183 1951
10094 1950 221 1183 1951
10027 1951 213 1183 1951
10064 1951 217 1183 1951
140 1288 241 1184 1952
10094 1951 220 1184 1952
10027 1952 216 1184 1952
10094 1952 218 1185 1953
10027 1953 212 1185 1953
10064 1953 211 1186 1954
140 1290 233 1186 1954
10094 1953 226 1186 1954
10069 1952 215 1186 1954
636 650 231 1186 1954
10064 1954 212 1187 1955
10094 1954 212 1187 1955
636 651 224 1187 1955
10064 1955 221 1187 1955
10094 1955 226 1188 1956
636 652 224 1188 1956
10094 1956 235 1189 1957
10064 1957 219 1189 1957
10094 1957 223 1190 1958
10094 1958 218 1191 1959
10094 1959 219 1192 1960
10094 1960 211 1193 1961
10027 1961 211 1193 1961
10064 1961 210 1193 1961
10094 1961 222 1194 1962
10094 1962 216 1195 1963
10064 1963 215 1195 1963
10094 1963 222 1196 1964
10069 1962 212 1196 1964
10064 1964 215 1197 1965
10052 1967 211 1197 1965
10094 1964 222 1197 1965
10171 1967 213 1197 1965
10094 1965 220 1198 1966
10171 1968 214 1198 1966
10094 1966 221 1199 1967
10064 1967 213 1199 1967
10094 1967 224 1200 1968
140 1305 222 1200 1968
10094 1968 224 1201 1969
10171 1971 212 1201 1969
10094 1969 224 1202 1970
10171 1972 211 1202 1970
10027 1970 210 1202 1970
10094 1970 224 1203 1971
10064 1971 211 1204 1972
10094 1971 221 1204 1972
10069 1970 210 1204 1972
10094 1972 224 1205 1973
10069 1971 213 1205 1973
10027 1973 210 1205 1973
10094 1973 215 1206 1974
10064 1974 212 1207 1975
10052 1977 211 1207 1975
10094 1974 223 1207 1975
10069 1973 213 1207 1975
10064 1975 215 1207 1975
10094 1975 219 1208 1976
10069 1974 220 1208 1976
10027 1976 218 1208 1976
10054 1977 212 1208 1976
10094 1976 221 1209 1977
10069 1975 216 1209 1977
10027 1977 215 1209 1977
10064 1977 211 1209 1977
10094 1977 222 1210 1978
10069 1976 218 1210 1978
10027 1978 213 1210 1978
10064 1978 212 1210 1978
10094 1978 221 1211 1979
10094 1979 231 1212 1980
10069 1978 216 1212 1980
10027 1980 211 1212 1980
140 1317 225 1212 1980
10094 1980 222 1213 1981
140 1318 222 1213 1981
10094 1981 219 1214 1982
10069 1980 214 1214 1982
10094 1982 219 1215 1983
10069 1981 214 1215 1983
10094 1983 220 1216 1984
10094 1984 226 1217 1985
10027 1985 211 1217 1985
10094 1985 230 1218 1986
10171 1988 212 1218 1986
622 206 222 1218 1986
10064 1986 217 1218 1986
10094 1986 218 1219 1987
10069 1985 213 1219 1987
10094 1987 231 1220 1988
10069 1986 213 1220 1988
10094 1988 227 1221 1989
10094 1989 228 1222 1990
10069 1988 210 1222 1990
10064 1990 211 1222 1990
10069 1989 211 1223 1991
10027 1991 212 1223 1991
10094 1991 216 1224 1992
10171 1994 212 1224 1992
10094 1992 216 1225 1993
58 966 226 1225 1993
10027 1993 216 1225 1993
10094 1993 232 1226 1994
10069 1992 211 1226 1994
10027 1994 215 1226 1994
10064 1994 217 1226 1994
464 1303 222 1226 1994
10094 1994 227 1227 1995
10027 1995 217 1227 1995
10094 1995 225 1228 1996
10069 1994 216 1228 1996
10027 1996 210 1228 1996
10064 1996 216 1228 1996
10094 1996 215 1229 1997
10027 1997 219 1229 1997
10094 1997 215 1230 1998
10027 1998 212 1230 1998
10064 1998 216 1230 1998
10094 1998 231 1231 1999
622 219 226 1231 1999
10094 1999 225 1232 2000
622 220 222 1232 2000
10094 2000 223 1233 2001
10069 1999 216 1233 2001
10027 2001 216 1233 2001
10094 2001 229 1233 2001
10069 2000 215 1234 2002
10027 2002 213 1234 2002
10094 2002 226 1235 2003
10069 2001 216 1235 2003
10094 2003 221 1236 2004
10054 2005 211 1236 2004
10064 2004 213 1236 2004
10094 2004 221 1237 2005
10027 2005 213 1237 2005
10094 2005 224 1238 2006
10171 2008 211 1238 2006
10094 2006 220 1239 2007
10027 2007 211 1239 2007
10094 2007 218 1240 2008
10094 2008 224 1241 2009
10069 2007 212 1241 2009
10064 2009 211 1241 2009
10094 2009 224 1242 2010
10064 2010 212 1242 2010
10069 2009 212 1243 2011
10027 2011 212 1243 2011
10064 2011 211 1243 2011
10094 2011 221 1244 2012
10094 2012 224 1245 2013
10069 2011 212 1245 2013
10027 2013 211 1245 2013
10054 2014 212 1245 2013
622 233 228 1245 2013
10064 2013 214 1245 2013
10094 2013 225 1246 2014
10064 2014 212 1246 2014
10094 2014 223 1247 2015
10069 2013 212 1247 2015
10094 2015 213 1248 2016
10069 2014 213 1248 2016
10094 2016 221 1249 2017
10064 2017 211 1249 2017
10094 2017 216 1250 2018
622 238 224 1250 2018
10064 2018 211 1250 2018
10094 2018 222 1251 2019
10094 2019 223 1252 2020
622 240 229 1252 2020
10094 2020 227 1253 2021
10027 2021 212 1253 2021
10064 2021 211 1253 2021
10094 2021 225 1254 2022
10027 2022 211 1254 2022
622 242 233 1254 2022
10094 2022 229 1255 2023
622 243 223 1255 2023
10064 2023 211 1255 2023
10171 2026 215 1256 2024
622 244 227 1256 2024
10064 2024 211 1256 2024
10094 2024 223 1257 2025
10027 2025 211 1257 2025
622 245 225 1257 2025
10094 2025 225 1258 2026
10027 2026 212 1258 2026
10094 2026 222 1259 2027
622 247 221 1259 2027
10094 2027 220 1260 2028
622 248 232 1260 2028
10064 2028 216 1260 2028
10094 2028 227 1261 2029
10094 2029 222 1262 2030
10094 2030 229 1263 2031
622 251 223 1263 2031
10094 2031 223 1264 2032
10064 2032 212 1264 2032
10094 2032 233 1265 2033
10171 2035 212 1265 2033
622 253 230 1265 2033
10064 2033 218 1265 2033
10094 2033 226 1266 2034
10069 2032 211 1266 2034
10027 2034 217 1266 2034
622 254 232 1266 2034
10064 2034 215 1266 2034
10094 2034 228 1267 2035
10069 2033 212 1267 2035
10027 2035 215 1267 2035
622 255 230 1267 2035
10064 2035 216 1267 2035
10094 2035 225 1268 2036
10027 2036 212 1268 2036
622 256 235 1268 2036
524 158 235 1268 2036
10052 2039 210 1268 2036
10094 2036 223 1269 2037
622 257 233 1269 2037
10027 2037 213 1269 2037
524 159 228 1269 2037
10064 2037 214 1269 2037
10094 2037 221 1270 2038
10069 2036 211 1270 2038
622 258 224 1270 2038
10027 2038 215 1270 2038
524 160 234 1270 2038
10094 2038 229 1271 2039
10069 2037 212 1271 2039
10171 2041 212 1271 2039
622 259 225 1271 2039
10027 2039 219 1271 2039
10094 2039 224 1272 2040
10069 2038 211 1272 2040
622 260 223 1272 2040
10027 2040 215 1272 2040
10064 2040 217 1272 2040
10094 2040 225 1273 2041
622 261 235 1273 2041
10027 2041 212 1273 2041
10064 2041 218 1273 2041
10094 2041 226 1274 2042
622 262 233 1274 2042
10064 2042 219 1274 2042
10094 2042 216 1275 2043
10069 2041 216 1275 2043
140 1380 224 1275 2043
10094 2043 221 1276 2044
10069 2043 212 1277 2045
10094 2045 214 1278 2046
10094 2046 221 1279 2047
10094 2047 221 1280 2048
10094 2048 219 1281 2049
10069 2047 212 1281 2049
10064 2049 212 1281 2049
10094 2049 215 1282 2050
10027 2050 212 1282 2050
140 1387 229 1282 2050
10094 2050 218 1283 2051
10069 2049 212 1283 2051
10094 2051 220 1284 2052
266 14 230 1284 2052
10064 2052 214 1284 2052
10094 2052 226 1285 2053
10069 2051 212 1285 2053
266 15 228 1285 2053
10094 2053 223 1286 2054
10069 2052 213 1286 2054
266 16 231 1286 2054
622 274 223 1286 2054
10064 2054 212 1286 2054
10094 2054 227 1287 2055
10069 2053 211 1287 2055
622 275 222 1287 2055
10094 2055 224 1288 2056
266 18 223 1288 2056
622 276 221 1288 2056
10094 2056 231 1289 2057
10069 2055 212 1289 2057
10027 2057 216 1289 2057
10094 2057 218 1290 2058
10069 2056 219 1290 2058
266 20 222 1290 2058
622 278 246 1290 2058
10027 2058 217 1290 2058
10064 2058 221 1290 2058
10094 2058 238 1291 2059
622 279 245 1291 2059
10064 2059 214 1291 2059
10094 2059 245 1292 2060
10069 2058 211 1292 2060
10171 2062 213 1292 2060
622 280 227 1292 2060
10027 2060 212 1292 2060
10094 2060 217 1293 2061
10069 2059 211 1293 2061
622 281 223 1293 2061
10094 2061 218 1294 2062
266 24 230 1294 2062
10027 2062 210 1294 2062
10064 2062 212 1294 2062
10094 2062 225 1295 2063
140 1400 224 1295 2063
10094 2063 222 1296 2064
10069 2062 215 1296 2064
266 26 222 1296 2064
622 284 223 1296 2064
10052 2067 210 1296 2064
10094 2064 219 1297 2065
10069 2063 212 1297 2065
10027 2065 219 1297 2065
10094 2065 221 1298 2066
10069 2064 213 1298 2066
266 28 226 1298 2066
10027 2066 216 1298 2066
10094 2066 217 1299 2067
266 29 226 1299 2067
10027 2067 212 1299 2067
10054 2068 211 1299 2067
10064 2067 216 1299 2067
10094 2067 226 1300 2068
266 30 231 1300 2068
622 288 226 1300 2068
10094 2068 216 1301 2069
10064 2069 219 1301 2069
10094 2069 215 1302 2070
266 32 231 1302 2070
10027 2070 220 1302 2070
10094 2070 220 1303 2071
10094 2071 225 1304 2072
10069 2070 210 1304 2072
266 34 223 1304 2072
622 292 223 1304 2072
10064 2073 212 1305 2073
10094 2073 223 1306 2074
266 36 224 1306 2074
622 294 221 1306 2074
10027 2074 213 1306 2074
10094 2074 219 1307 2075
266 37 227 1307 2075
622 295 226 1307 2075
10027 2075 211 1307 2075
10094 2075 221 1308 2076
266 38 228 1308 2076
10064 2076 216 1308 2076
10052 2079 212 1308 2076
10094 2076 224 1309 2077
622 297 221 1309 2077
10094 2077 222 1310 2078
266 40 224 1310 2078
622 298 222 1310 2078
10027 2078 216 1310 2078
10064 2078 216 1310 2078
10094 2078 216 1311 2079
10069 2077 212 1311 2079
622 299 227 1311 2079
10064 2079 211 1311 2079
10094 2079 217 1312 2080
266 42 225 1312 2080
140 1417 222 1312 2080
10064 2080 212 1312 2080
10094 2080 215 1313 2081
10069 2079 213 1313 2081
266 43 227 1313 2081
10027 2081 212 1313 2081
10094 2081 222 1314 2082
10069 2080 212 1314 2082
266 44 228 1314 2082
10027 2082 212 1314 2082
10064 2082 212 1314 2082
10094 2082 225 1315 2083
266 45 231 1315 2083
10027 2083 212 1315 2083
622 303 224 1315 2083
10094 2083 235 1316 2084
10069 2082 216 1316 2084
10171 2086 213 1316 2084
10027 2084 217 1316 2084
10094 2084 221 1317 2085
10069 2083 220 1317 2085
10027 2085 214 1317 2085
10054 2086 212 1317 2085
10064 2085 215 1317 2085
10094 2085 237 1318 2086
10069 2084 221 1318 2086
266 48 224 1318 2086
58 1059 221 1318 2086
10027 2086 234 1318 2086
524 208 236 1318 2086
10054 2087 211 1318 2086
10064 2086 239 1318 2086
10071 2089 223 1319 2087
10080 2092 247 1320 2088
10080 2093 230 1321 2089
10080 2094 226 1322 2090
10080 2095 231 1323 2091
10046 2091 213 1324 2092
10080 2096 233 1324 2092
10071 2095 224 1325 2093
10064 2093 214 1325 2093
348 31 226 1326 2094
10071 2096 212 1326 2094
10027 2094 224 1326 2094
10064 2094 214 1326 2094
10094 2094 225 1327 2095
10069 2093 217 1327 2095
10027 2095 219 1327 2095
524 217 224 1327 2095
10064 2095 216 1327 2095
10094 2095 226 1328 2096
10069 2094 221 1328 2096
10027 2096 222 1328 2096
524 218 225 1328 2096
10064 2096 214 1328 2096
10094 2096 234 1329 2097
10171 2099 213 1329 2097
10064 2097 217 1329 2097
10094 2097 224 1330 2098
10069 2096 211 1330 2098
10027 2098 214 1330 2098
10094 2098 217 1331 2099
622 319 224 1331 2099
10027 2099 211 1331 2099
10064 2099 212 1331 2099
10094 2099 223 1332 2100
10171 2102 214 1332 2100
10094 2100 218 1332 2100
10171 2103 217 1333 2101
10094 2101 215 1334 2102
10094 2102 220 1335 2103
266 65 225 1335 2103
10027 2103 211 1335 2103
10094 2103 218 1335 2103
266 66 225 1336 2104
10027 2104 214 1336 2104
10094 2104 217 1337 2105
10064 2105 213 1337 2105
10094 2105 222 1338 2106
266 68 221 1338 2106
10027 2106 215 1338 2106
10064 2106 212 1338 2106
10094 2106 219 1339 2107
266 69 226 1339 2107
10171 2109 211 1339 2107
622 327 231 1339 2107
10064 2107 212 1339 2107
10094 2107 213 1340 2108
266 70 222 1340 2108
622 328 230 1340 2108
10094 2108 212 1341 2109
266 71 222 1341 2109
10171 2111 212 1341 2109
781 10 222 1341 2109
622 329 224 1341 2109
10064 2109 210 1341 2109
773 249 221 1341 2109
10069 2108 212 1342 2110
266 72 223 1342 2110
10064 2110 211 1342 2110
10094 2110 235 1343 2111
10069 2109 217 1343 2111
266 73 222 1343 2111
10094 2111 220 1343 2111
10069 2110 217 1344 2112
266 74 223 1344 2112
10094 2112 224 1344 2112
10069 2111 216 1345 2113
266 75 223 1345 2113
10094 2113 226 1345 2113
266 76 221 1346 2114
10027 2114 212 1346 2114
10094 2114 214 1346 2114
266 77 230 1347 2115
10027 2115 214 1347 2115
10064 2115 211 1347 2115
10094 2115 230 1347 2115
266 78 226 1348 2116
10171 2118 211 1348 2116
10064 2116 212 1348 2116
10094 2116 233 1348 2116
10069 2115 211 1349 2117
266 79 232 1349 2117
10027 2117 214 1349 2117
10064 2117 212 1349 2117
10052 2120 212 1349 2117
10094 2117 227 1349 2117
10069 2116 215 1350 2118
266 80 234 1350 2118
10027 2118 212 1350 2118
10052 2121 213 1350 2118
10094 2118 220 1350 2118
10069 2117 212 1351 2119
10064 2119 210 1351 2119
10052 2122 212 1351 2119
10094 2119 229 1351 2119
10069 2118 215 1352 2120
266 82 231 1352 2120
10094 2120 221 1352 2120
266 83 226 1353 2121
10027 2121 213 1353 2121
10094 2121 223 1354 2122
266 84 227 1354 2122
10094 2122 217 1355 2123
266 85 228 1355 2123
10027 2123 213 1355 2123
10064 2123 213 1355 2123
10094 2123 223 1356 2124
266 86 225 1356 2124
10027 2124 214 1356 2124
10064 2124 213 1356 2124
10094 2124 224 1357 2125
266 87 221 1357 2125
10027 2125 211 1357 2125
10064 2125 213 1357 2125
266 88 226 1358 2126
58 1099 222 1358 2126
10027 2126 213 1358 2126
10094 2126 216 1359 2127
266 89 221 1359 2127
10171 2129 211 1359 2127
10064 2127 216 1359 2127
10094 2127 227 1359 2127
10027 2128 213 1360 2128
10064 2128 212 1360 2128
10052 2131 215 1360 2128
10094 2128 234 1361 2129
10071 2131 211 1361 2129
10027 2129 219 1361 2129
10064 2129 237 1361 2129
10094 2129 239 1362 2130
266 92 230 1362 2130
10027 2130 212 1362 2130
781 31 223 1362 2130
10094 2130 231 1363 2131
266 93 231 1363 2131
10064 2131 216 1363 2131
10094 2131 222 1364 2132
266 94 221 1364 2132
10064 2132 211 1364 2132
10094 2132 222 1365 2133
10069 2131 212 1365 2133
10171 2135 213 1365 2133
10027 2133 218 1365 2133
10054 2134 210 1365 2133
781 34 223 1365 2133
10064 2133 215 1365 2133
10094 2133 221 1366 2134
266 96 222 1366 2134
773 274 225 1366 2134
10094 2134 226 1367 2135
58 1108 225 1367 2135
10027 2135 231 1367 2135
10064 2135 229 1367 2135
10094 2135 212 1368 2136
10071 2138 213 1368 2136
10080 2140 233 1368 2136
10086 2137 225 1368 2136
10033 2135 218 1368 2136
10083 2137 216 1369 2137
10046 2136 225 1369 2137
10086 2138 225 1369 2137
10033 2136 212 1369 2137
10100 2129 216 1370 2138
10083 2138 222 1370 2138
10046 2137 229 1370 2138
10086 2139 216 1370 2138
10033 2137 211 1370 2138
10083 2139 211 1371 2139
10086 2140 213 1371 2139
10033 2139 217 1372 2140
10071 2143 219 1373 2141
10064 2141 213 1373 2141
10149 2134 215 1374 2142
10027 2142 221 1374 2142
10064 2142 217 1374 2142
10094 2142 225 1374 2142
10069 2141 223 1375 2143
10071 2145 212 1375 2143
10027 2143 222 1375 2143
10064 2143 211 1375 2143
10094 2143 223 1375 2143
10027 2144 214 1376 2144
10064 2144 219 1376 2144
10094 2144 234 1376 2144
10064 2145 219 1377 2145
773 285 222 1377 2145
10094 2145 223 1377 2145
10069 2144 211 1378 2146
10027 2146 212 1378 2146
10094 2146 223 1379 2147
10064 2147 212 1379 2147
10094 2147 219 1380 2148
10027 2148 217 1380 2148
140 1485 221 1380 2148
10064 2148 212 1380 2148
10094 2148 218 1381 2149
266 111 221 1381 2149
10064 2149 213 1381 2149
10094 2149 224 1381 2149
10069 2148 212 1382 2150
266 112 224 1382 2150
10064 2150 212 1382 2150
10094 2150 219 1382 2150
140 1488 221 1383 2151
10094 2151 221 1383 2151
10069 2150 210 1384 2152
266 114 224 1384 2152
10027 2152 223 1384 2152
10094 2152 223 1384 2152
266 115 233 1385 2153
10094 2153 223 1385 2153
10171 2156 211 1386 2154
10027 2154 215 1386 2154
10094 2154 235 1386 2154
10069 2153 210 1387 2155
266 117 225 1387 2155
10027 2155 215 1387 2155
10064 2155 215 1387 2155
10094 2155 211 1387 2155
773 295 221 1387 2155
266 118 222 1388 2156
10171 2158 210 1388 2156
10094 2156 229 1388 2156
773 296 231 1388 2156
266 119 222 1389 2157
10027 2157 214 1389 2157
10094 2157 227 1389 2157
266 120 222 1390 2158
10094 2158 233 1390 2158
773 298 221 1390 2158
266 121 227 1391 2159
10027 2159 212 1391 2159
10064 2159 211 1391 2159
10094 2159 235 1391 2159
266 122 223 1392 2160
10094 2160 220 1392 2160
10027 2161 211 1393 2161
10064 2161 212 1393 2161
10094 2161 231 1393 2161
10094 2162 211 1394 2162
266 125 222 1395 2163
10094 2163 225 1395 2163
10094 2164 223 1397 2165
10064 2165 211 1397 2165
10094 2165 227 1398 2166
10069 2164 212 1398 2166
10094 2166 224 1399 2167
266 129 222 1399 2167
10027 2167 215 1399 2167
10064 2167 212 1399 2167
10094 2167 224 1399 2167
10069 2166 211 1400 2168
266 130 222 1400 2168
10064 2168 211 1400 2168
773 308 225 1400 2168
10094 2168 222 1400 2168
10069 2167 214 1401 2169
266 131 225 1401 2169
10027 2169 217 1401 2169
781 70 221 1401 2169
10064 2169 217 1401 2169
773 309 227 1401 2169
10094 2169 220 1401 2169
266 132 225 1402 2170
10027 2170 212 1402 2170
10064 2170 215 1402 2170
773 310 228 1402 2170
10094 2170 225 1402 2170
266 133 229 1403 2171
10027 2171 212 1403 2171
10064 2171 212 1403 2171
773 311 224 1403 2171
10094 2171 223 1403 2171
266 134 226 1404 2172
10027 2172 212 1404 2172
10069 2171 211 1405 2173
266 135 231 1405 2173
10027 2173 212 1405 2173
781 74 222 1405 2173
10064 2173 215 1405 2173
10094 2173 222 1405 2173
773 313 222 1405 2173
266 136 227 1406 2174
10027 2174 213 1406 2174
10064 2174 215 1406 2174
10094 2174 229 1406 2174
10069 2173 213 1407 2175
266 137 225 1407 2175
10027 2175 211 1407 2175
10064 2175 217 1407 2175
773 315 221 1407 2175
10094 2175 229 1407 2175
10069 2174 212 1408 2176
266 138 222 1408 2176
10064 2176 211 1408 2176
10094 2176 222 1408 2176
10094 2177 223 1409 2177
10094 2179 218 1411 2179
10094 2180 231 1412 2180
266 143 222 1413 2181
10094 2181 218 1413 2181
10027 2182 213 1414 2182
10064 2182 212 1414 2182
10094 2182 215 1414 2182
10027 2183 215 1415 2183
10094 2183 220 1415 2183
10027 2184 214 1416 2184
10064 2184 212 1416 2184
10094 2184 227 1416 2184
10069 2183 215 1417 2185
266 147 229 1417 2185
10064 2185 210 1417 2185
10094 2185 221 1417 2185
266 148 227 1418 2186
10027 2186 216 1418 2186
10064 2186 211 1418 2186
10094 2186 236 1418 2186
266 149 233 1419 2187
10027 2187 215 1419 2187
10064 2187 212 1419 2187
10052 2190 210 1419 2187
10094 2187 233 1419 2187
10094 2188 225 1420 2188
10069 2187 211 1421 2189
266 151 223 1421 2189
10094 2189 223 1421 2189
10069 2188 213 1422 2190
266 152 222 1422 2190
10094 2190 223 1422 2190
10069 2189 211 1423 2191
266 153 223 1423 2191
10094 2191 223 1423 2191
10069 2190 213 1424 2192
266 154 223 1424 2192
10094 2192 214 1424 2192
266 155 223 1425 2193
10027 2193 210 1425 2193
140 1530 223 1425 2193
10094 2193 218 1425 2193
10069 2192 212 1426 2194
266 156 222 1426 2194
10027 2194 213 1426 2194
10064 2194 212 1426 2194
10094 2194 223 1426 2194
10069 2193 212 1427 2195
10094 2195 216 1427 2195
10069 2194 210 1428 2196
266 158 223 1428 2196
10171 2198 211 1428 2196
10094 2196 227 1428 2196
266 159 222 1429 2197
10094 2197 231 1429 2197
266 160 224 1430 2198
10094 2198 231 1430 2198
266 161 224 1431 2199
10064 2199 215 1431 2199
266 162 223 1432 2200
10027 2200 212 1432 2200
10094 2200 223 1432 2200
773 340 224 1432 2200
266 163 230 1433 2201
10094 2201 230 1433 2201
266 164 226 1434 2202
10094 2202 224 1434 2202
266 165 222 1435 2203
10052 2206 212 1435 2203
10094 2203 239 1435 2203
773 343 225 1435 2203
266 166 226 1436 2204
10064 2204 216 1436 2204
10094 2204 217 1436 2204
10069 2203 218 1437 2205
266 167 226 1437 2205
10064 2205 211 1437 2205
10094 2205 224 1437 2205
10094 2206 221 1438 2206
10171 2209 217 1439 2207
10094 2207 224 1439 2207
266 170 224 1440 2208
10094 2208 234 1440 2208
10094 2209 233 1441 2209
10027 2210 210 1442 2210
10094 2210 226 1442 2210
10027 2211 212 1443 2211
10094 2211 227 1443 2211
266 174 223 1444 2212
10094 2212 219 1444 2212
266 175 223 1445 2213
10064 2213 216 1445 2213
10094 2213 219 1445 2213
10069 2212 211 1446 2214
10171 2216 211 1446 2214
10094 2214 222 1446 2214
10094 2215 219 1447 2215
10027 2216 211 1448 2216
10094 2216 231 1448 2216
10094 2217 217 1449 2217
10052 2221 211 1450 2218
10094 2218 227 1450 2218
10171 2221 213 1451 2219
10094 2219 225 1451 2219
10171 2222 216 1452 2220
10094 2220 222 1452 2220
266 183 229 1453 2221
10171 2223 212 1453 2221
10094 2221 225 1453 2221
266 184 227 1454 2222
10171 2224 214 1454 2222
10094 2222 221 1454 2222
266 185 228 1455 2223
10171 2225 212 1455 2223
10094 2223 227 1455 2223
10027 2224 211 1456 2224
10064 2224 211 1456 2224
10094 2224 237 1456 2224
10069 2223 219 1456 2224
10027 2225 215 1457 2225
10054 2226 217 1457 2225
524 347 225 1457 2225
10064 2225 223 1457 2225
10094 2225 238 1457 2225
266 188 223 1458 2226
58 1199 239 1458 2226
10027 2226 215 1458 2226
10064 2226 216 1458 2226
10094 2226 230 1458 2226
10069 2225 211 1458 2226
10027 2227 212 1459 2227
10064 2227 220 1459 2227
10094 2227 215 1459 2227
10069 2226 210 1459 2227
266 190 230 1460 2228
10094 2228 223 1460 2228
140 1566 230 1461 2229
10064 2229 211 1461 2229
773 369 221 1461 2229
10094 2229 228 1461 2229
266 192 223 1462 2230
10027 2230 217 1462 2230
10064 2230 211 1462 2230
773 370 223 1462 2230
