10124 739 227 0 748
10074 741 219 0 748
10156 743 226 0 748
10095 742 223 0 748
10081 742 213 1 749
10016 741 212 1 749
10124 740 218 1 749
10074 742 212 1 749
188 1 240 1 749
10156 744 235 1 749
10095 743 232 1 749
175 2 223 1 749
65 1 223 2 750
10081 743 211 2 750
10154 744 211 2 750
10124 741 211 2 750
10074 743 212 2 750
10166 754 211 2 750
677 1 236 2 750
188 2 235 2 750
10156 745 231 2 750
10014 743 221 2 750
10095 744 230 2 750
65 2 223 3 751
10081 744 213 3 751
10124 742 211 3 751
10074 744 215 3 751
188 3 233 3 751
677 2 243 3 751
10143 745 210 3 751
10156 746 230 3 751
10107 161 210 3 751
10014 744 214 3 751
10095 745 225 3 751
10081 745 209 4 752
10154 746 217 4 752
10124 743 216 4 752
10074 745 213 4 752
677 3 235 4 752
188 4 237 4 752
10156 747 218 4 752
10107 162 210 4 752
10036 746 209 4 752
10014 745 220 4 752
10095 746 226 4 752
175 5 224 5 753
8 6 223 5 753
271 2 223 5 753
65 4 227 5 753
91 2 233 5 753
10154 747 214 5 753
10124 744 223 5 753
10074 746 221 5 753
677 4 221 5 753
188 5 222 5 753
10156 748 236 5 753
10095 747 234 6 754
404 26 222 6 754
10154 748 209 6 754
10124 745 211 6 754
357 10 223 6 754
10156 749 227 6 754
10095 748 231 7 755
65 6 223 7 755
91 4 225 7 755
357 11 226 7 755
677 6 241 7 755
10156 750 232 7 755
10095 749 229 8 756
10154 750 210 8 756
10124 747 216 8 756
357 12 227 8 756
677 7 242 8 756
10156 751 229 8 756
10095 750 227 9 757
65 8 227 9 757
461 30 223 9 757
10124 748 217 9 757
188 9 227 9 757
677 8 247 9 757
10156 752 234 9 757
10036 751 210 9 757
10095 751 221 10 758
65 9 227 10 758
91 7 221 10 758
404 30 223 10 758
10124 749 225 10 758
357 14 221 10 758
188 10 227 10 758
677 9 243 10 758
10156 753 231 10 758
380 4 225 10 758
10036 752 211 10 758
10014 751 209 10 758
10095 752 217 11 759
175 11 221 11 759
8 12 223 11 759
65 10 226 11 759
91 8 225 11 759
271 8 221 11 759
404 31 222 11 759
10124 750 221 11 759
357 15 221 11 759
677 10 242 11 759
188 11 227 11 759
10156 754 231 11 759
380 5 221 11 759
10095 753 225 12 760
91 9 224 12 760
404 32 223 12 760
461 33 223 12 760
10124 751 221 12 760
357 16 221 12 760
188 12 226 12 760
677 11 244 12 760
10156 755 229 12 760
10107 170 209 12 760
10036 754 209 12 760
10095 754 224 13 761
91 10 226 13 761
404 33 223 13 761
461 34 225 13 761
10124 752 223 13 761
188 13 225 13 761
357 17 222 13 761
677 12 242 13 761
10156 756 231 13 761
10107 171 210 13 761
380 7 222 13 761
10036 755 209 13 761
10095 755 225 14 762
91 11 226 14 762
461 35 223 14 762
10124 753 223 14 762
188 14 226 14 762
357 18 223 14 762
10074 755 211 14 762
677 13 244 14 762
10156 757 227 14 762
788 33 226 14 762
10095 756 223 15 763
65 14 223 15 763
91 12 226 15 763
10124 754 217 15 763
10074 756 213 15 763
188 15 225 15 763
677 14 246 15 763
10156 758 226 15 763
10107 173 209 15 763
334 1 222 15 763
10095 757 225 16 764
91 13 226 16 764
65 15 225 16 764
357 20 221 16 764
10124 755 217 16 764
188 16 226 16 764
10074 757 216 16 764
677 15 246 16 764
10156 759 225 16 764
10095 758 226 17 765
91 14 227 17 765
65 16 224 17 765
10124 756 219 17 765
357 21 222 17 765
10074 758 213 17 765
188 17 226 17 765
677 16 246 17 765
10156 760 226 17 765
380 11 221 17 765
10095 759 227 18 766
91 15 226 18 766
65 17 224 18 766
10081 759 210 18 766
10124 757 219 18 766
188 18 226 18 766
10074 759 213 18 766
677 17 241 18 766
10156 761 225 18 766
380 12 222 18 766
438 73 221 18 766
334 4 221 18 766
10095 760 227 19 767
91 16 227 19 767
65 18 224 19 767
188 19 223 19 767
10124 758 220 19 767
10074 760 212 19 767
677 18 242 19 767
10156 762 224 19 767
380 13 222 19 767
10095 761 226 20 768
91 17 226 20 768
65 19 223 20 768
10124 759 219 20 768
188 20 224 20 768
10074 761 215 20 768
677 19 242 20 768
10156 763 223 20 768
56 12 221 20 768
10095 762 224 21 769
8 22 222 21 769
91 18 226 21 769
65 20 225 21 769
461 42 225 21 769
188 21 225 21 769
10124 760 222 21 769
677 20 239 21 769
10074 762 215 21 769
10156 764 223 21 769
380 15 223 21 769
56 13 223 21 769
334 7 223 21 769
10095 763 223 22 770
65 21 225 22 770
91 19 227 22 770
271 19 223 22 770
461 43 221 22 770
10124 761 219 22 770
10074 763 212 22 770
188 22 223 22 770
677 21 237 22 770
715 12 221 22 770
10156 765 221 22 770
380 16 227 22 770
56 14 223 22 770
334 8 224 22 770
10095 764 225 23 771
65 22 223 23 771
91 20 227 23 771
271 20 223 23 771
10081 764 209 23 771
10124 762 221 23 771
188 23 224 23 771
10074 764 217 23 771
677 22 237 23 771
10156 766 223 23 771
380 17 227 23 771
10095 765 225 24 772
65 23 225 24 772
91 21 224 24 772
271 21 223 24 772
461 45 226 24 772
10124 763 217 24 772
10074 765 212 24 772
677 23 242 24 772
10156 767 231 24 772
56 16 221 24 772
10095 766 226 25 773
65 24 226 25 773
91 22 223 25 773
271 22 221 25 773
461 46 223 25 773
10124 764 219 25 773
188 25 221 25 773
10074 766 210 25 773
677 24 241 25 773
10156 768 227 25 773
10036 767 210 25 773
10014 766 210 25 773
334 11 227 25 773
10095 767 226 26 774
788 44 221 26 774
65 25 227 26 774
271 23 225 26 774
10081 767 211 26 774
461 47 223 26 774
188 26 224 26 774
10124 765 219 26 774
10074 767 209 26 774
677 25 247 26 774
10156 769 224 26 774
10014 767 211 26 774
334 12 226 26 774
10095 768 225 27 775
65 26 221 27 775
271 24 223 27 775
10081 768 212 27 775
188 27 225 27 775
10124 766 215 27 775
677 26 241 27 775
10156 770 226 27 775
10036 769 210 27 775
10014 768 211 27 775
334 13 227 27 775
10095 769 219 28 776
8 29 225 28 776
738 18 221 28 776
65 27 235 28 776
10081 769 211 28 776
10124 767 221 28 776
677 27 241 28 776
439 7 226 28 776
10156 771 218 28 776
56 20 243 28 776
10036 770 209 28 776
10014 769 226 28 776
10115 772 210 29 777
10095 770 212 29 777
188 29 227 29 777
56 21 234 29 777
10115 773 211 30 778
10154 772 211 30 778
785 77 237 31 779
148 83 221 31 779
395 18 223 31 779
4 77 228 31 779
445 74 235 31 779
650 32 233 32 780
264 92 224 32 780
123 69 225 33 781
109 63 221 33 781
650 33 227 33 781
281 4 228 33 781
139 72 221 34 782
151 90 223 34 782
652 81 229 34 782
650 35 229 35 783
172 92 233 35 783
10020 787 213 39 787
119 62 237 40 788
10028 789 217 40 788
10041 787 210 40 788
10019 790 222 40 788
170 82 222 41 789
10042 791 221 41 789
216 30 221 41 789
728 103 221 41 789
10008 789 216 41 789
10152 793 221 41 789
455 99 225 42 790
10151 790 216 42 790
10034 794 221 42 790
313 8 225 42 790
10042 792 216 42 790
10008 790 213 42 790
10152 794 226 42 790
10011 791 216 43 791
10042 793 215 43 791
10008 791 211 43 791
10152 795 225 43 791
455 101 223 43 791
170 85 221 44 792
10151 792 210 44 792
10034 796 212 44 792
313 10 221 44 792
10042 794 213 44 792
10152 796 225 44 792
10034 797 216 45 793
313 11 222 45 793
10152 797 228 45 793
10151 794 210 46 794
10034 798 211 46 794
10042 796 214 46 794
10152 798 223 46 794
10151 795 208 47 795
10034 799 213 47 795
10042 797 213 47 795
10152 799 223 47 795
10034 800 213 48 796
313 14 222 48 796
10042 798 211 48 796
10152 800 225 48 796
455 106 221 49 797
10011 797 208 49 797
10034 801 216 49 797
10042 799 216 49 797
10152 801 224 49 797
10011 798 212 50 798
10034 802 217 50 798
10042 800 211 50 798
10008 798 210 50 798
10152 802 226 50 798
10034 803 210 51 799
313 17 222 51 799
10042 801 210 51 799
10152 803 225 51 799
10011 800 209 52 800
10034 804 214 52 800
10042 802 214 52 800
10152 804 226 52 800
10151 801 209 53 801
10034 805 214 53 801
10042 803 210 53 801
10152 805 227 53 801
10011 802 211 54 802
74 115 223 54 802
10151 802 210 54 802
10034 806 214 54 802
10042 804 209 54 802
10152 806 231 54 802
10034 807 209 55 803
10042 805 213 55 803
10008 803 212 55 803
10152 807 231 55 803
10011 804 210 56 804
10034 808 215 56 804
313 22 221 56 804
10042 806 219 56 804
10152 808 229 56 804
10034 809 218 57 805
717 112 225 57 805
10042 807 213 57 805
10152 809 227 57 805
10011 806 211 58 806
10151 806 209 58 806
10034 810 213 58 806
313 24 221 58 806
10042 808 215 58 806
10008 806 210 58 806
10152 810 225 58 806
10034 811 212 59 807
313 25 221 59 807
10042 809 212 59 807
10152 811 224 59 807
10011 808 212 60 808
10034 812 213 60 808
313 26 225 60 808
10042 810 219 60 808
10152 812 223 60 808
10042 811 214 61 809
10008 809 212 61 809
10152 813 231 61 809
313 28 221 62 810
10042 812 211 62 810
10008 810 212 62 810
10152 814 227 62 810
10011 811 212 63 811
10034 815 208 63 811
10042 813 211 63 811
10008 811 209 63 811
10152 815 227 63 811
455 121 221 64 812
10011 812 212 64 812
10034 816 219 64 812
313 30 233 64 812
10042 814 217 64 812
10152 816 231 64 812
10034 817 210 65 813
313 31 227 65 813
10042 815 211 65 813
10008 813 215 65 813
10152 817 225 65 813
10011 814 208 66 814
10151 814 210 66 814
10034 818 210 66 814
313 32 223 66 814
10042 816 208 66 814
10152 818 228 66 814
10011 815 211 67 815
10151 815 211 67 815
10034 819 214 67 815
313 33 225 67 815
10042 817 220 67 815
10152 819 229 67 815
10034 820 211 68 816
313 34 223 68 816
10042 818 212 68 816
500 102 224 68 816
10008 816 209 68 816
10152 820 227 68 816
10152 821 227 70 818
10011 818 211 70 818
10034 822 210 70 818
10042 820 213 70 818
10152 822 220 70 818
10034 823 210 71 819
313 37 225 71 819
10042 821 216 71 819
10152 823 227 71 819
10034 824 211 72 820
313 38 224 72 820
10042 822 217 72 820
10152 824 220 72 820
10034 825 216 73 821
313 39 221 73 821
10008 821 213 73 821
10152 825 225 73 821
10034 826 210 74 822
313 40 224 74 822
10042 824 217 74 822
10152 826 225 74 822
284 133 222 75 823
10034 827 214 75 823
10042 825 214 75 823
10152 827 222 75 823
10034 828 209 76 824
313 42 225 76 824
10042 826 210 76 824
10008 824 213 76 824
10152 828 223 76 824
455 134 222 76 824
10011 825 211 77 825
10151 825 210 77 825
10034 829 219 77 825
313 43 221 77 825
10008 825 219 77 825
10152 829 227 77 825
10011 826 213 78 826
10151 826 208 78 826
10034 830 227 78 826
10042 828 216 78 826
10152 830 223 78 826
10042 829 219 79 827
10152 831 220 79 827
74 141 228 80 828
10034 832 213 80 828
313 46 223 80 828
10042 830 213 80 828
10152 832 227 80 828
10034 833 215 81 829
313 47 226 81 829
10042 831 218 81 829
10008 830 219 82 830
10152 834 222 82 830
10034 835 217 83 831
10042 833 219 83 831
10008 831 209 83 831
10152 835 225 83 831
455 141 225 84 832
10011 832 209 84 832
10034 836 212 84 832
10042 834 216 84 832
10008 832 212 84 832
10152 836 225 84 832
455 142 223 85 833
10034 837 219 85 833
10042 835 217 85 833
10008 833 209 85 833
10152 837 225 85 833
455 143 223 86 834
10034 838 218 86 834
10042 836 218 86 834
10008 834 211 86 834
10152 838 222 86 834
455 144 223 87 835
10034 839 217 87 835
10042 837 219 87 835
10152 839 221 87 835
455 145 228 88 836
74 149 223 88 836
10011 836 209 88 836
10034 840 221 88 836
10152 840 220 88 836
455 146 225 89 837
10034 841 220 89 837
313 55 223 89 837
10042 839 219 89 837
10152 841 207 89 837
455 147 227 90 838
10034 842 221 90 838
10042 840 211 90 838
10008 838 211 90 838
10152 842 223 90 838
455 148 223 91 839
10011 839 210 91 839
10034 843 212 91 839
10042 841 214 91 839
10008 839 212 91 839
10152 843 225 91 839
455 149 226 92 840
10034 844 219 92 840
10042 842 217 92 840
10152 844 213 92 840
455 150 226 93 841
10011 841 211 93 841
10034 845 216 93 841
10042 843 215 93 841
10008 841 211 93 841
10152 845 222 94 842
500 127 223 94 842
455 151 223 94 842
10011 842 210 94 842
10034 846 217 94 842
10042 844 215 94 842
500 128 223 94 842
10152 846 222 94 842
455 152 222 95 843
10011 843 209 95 843
10034 847 222 95 843
313 61 223 95 843
500 129 222 95 843
10152 847 218 95 843
455 153 225 96 844
10034 848 212 96 844
10042 846 210 96 844
10008 844 210 96 844
500 130 222 96 844
10152 848 217 96 844
455 154 226 97 845
10011 845 210 97 845
10034 849 212 97 845
10042 847 214 97 845
10008 845 210 97 845
10152 849 213 97 845
455 155 222 98 846
10011 846 210 98 846
10034 850 213 98 846
10042 848 211 98 846
10008 846 212 98 846
10152 850 213 98 846
10034 851 214 99 847
313 65 224 99 847
10152 851 213 99 847
455 157 223 99 847
10034 852 223 100 848
10042 850 210 100 848
10008 848 210 100 848
10152 852 220 100 848
500 134 224 100 848
10034 853 219 101 849
10042 851 213 101 849
10152 853 218 101 849
10034 854 213 102 850
10042 852 216 102 850
10008 850 212 102 850
10152 854 211 102 850
10034 855 216 103 851
10042 853 213 103 851
10008 851 210 103 851
10152 855 220 103 851
10034 856 220 104 852
10042 854 213 104 852
500 138 222 104 852
10152 856 212 104 852
10034 857 216 105 853
313 71 221 105 853
10042 855 219 105 853
10152 857 217 105 853
10034 858 218 106 854
10042 856 218 106 854
10034 859 216 107 855
10042 857 216 107 855
10008 855 208 107 855
10152 859 216 107 855
10034 860 213 108 856
10042 858 219 108 856
10008 856 210 108 856
10152 860 216 108 856
10034 861 214 109 857
10042 859 220 109 857
10152 861 221 109 857
10034 862 219 110 858
313 76 223 110 858
10042 860 215 110 858
10152 862 223 110 858
10034 863 214 111 859
10042 861 215 111 859
10008 859 209 111 859
10152 863 223 111 859
10034 864 214 112 860
10042 862 213 112 860
10008 860 210 112 860
10152 864 222 112 860
10034 865 214 113 861
10152 865 225 113 861
10034 866 214 114 862
10042 864 212 114 862
10152 866 222 114 862
10034 867 218 115 863
10042 865 213 115 863
10008 863 213 115 863
10152 867 217 115 863
455 173 222 116 864
10034 868 217 116 864
10042 866 212 116 864
10152 868 225 116 864
10008 865 210 117 865
10152 869 221 117 865
10034 870 212 118 866
10008 866 209 118 866
10152 870 223 118 866
455 176 229 119 867
10034 871 213 119 867
10152 871 225 119 867
455 177 228 120 868
74 181 222 120 868
10151 868 208 120 868
10034 872 218 120 868
10042 870 217 120 868
10008 868 209 120 868
10152 872 218 120 868
455 178 225 121 869
74 182 222 121 869
10034 873 220 121 869
10042 871 216 121 869
10152 873 219 122 870
455 179 231 122 870
10011 870 209 122 870
10151 870 209 122 870
10034 874 215 122 870
10008 870 209 122 870
10152 874 227 123 871
455 180 230 123 871
74 184 221 123 871
10011 871 209 123 871
313 89 221 123 871
10034 875 217 123 871
10152 875 227 124 872
455 181 229 124 872
74 185 221 124 872
10011 872 210 124 872
10034 876 220 124 872
10042 874 217 124 872
10008 872 209 124 872
10152 876 223 124 872
455 182 223 125 873
74 186 221 125 873
10034 877 215 125 873
10042 875 216 125 873
10008 873 212 125 873
10152 877 226 126 874
500 159 223 126 874
455 183 227 126 874
10034 878 217 126 874
10042 876 212 126 874
10008 874 211 126 874
10152 878 225 127 875
455 184 226 127 875
10034 879 216 127 875
10008 875 210 127 875
10152 879 224 128 876
500 161 221 128 876
455 185 228 128 876
10034 880 217 128 876
10152 880 222 129 877
455 186 228 129 877
10034 881 216 129 877
10042 879 212 129 877
10008 877 211 129 877
10152 881 224 130 878
455 187 223 130 878
10034 882 217 130 878
10042 880 211 130 878
10152 882 225 131 879
455 188 227 131 879
10011 879 212 131 879
10034 883 214 131 879
10042 881 217 131 879
10008 879 212 131 879
10152 883 231 132 880
455 189 224 132 880
74 193 221 132 880
10011 880 209 132 880
10034 884 217 132 880
10042 882 216 132 880
10008 880 213 132 880
10152 884 227 132 880
455 190 223 133 881
10034 885 211 133 881
10042 883 216 133 881
10008 881 212 133 881
10152 885 225 133 881
455 191 225 134 882
313 100 223 134 882
10034 886 209 134 882
10042 884 215 134 882
10008 882 212 134 882
10152 886 226 134 882
10034 887 211 135 883
10042 885 216 135 883
10008 883 212 135 883
10152 887 225 135 883
10011 884 209 136 884
10034 888 217 136 884
10042 886 211 136 884
10152 888 227 136 884
10034 889 211 137 885
10042 887 212 137 885
10008 885 211 137 885
10152 889 228 137 885
10034 890 210 138 886
10042 888 212 138 886
10008 886 211 138 886
10152 890 226 138 886
313 105 223 139 887
10034 891 213 139 887
10042 889 211 139 887
10008 887 211 139 887
10152 891 225 139 887
10151 888 209 140 888
313 106 225 140 888
10034 892 213 140 888
10042 890 211 140 888
10008 888 210 140 888
10152 892 225 140 888
10151 889 209 141 889
10034 893 212 141 889
10042 891 216 141 889
10152 893 229 141 889
455 199 221 142 890
10151 890 209 142 890
10034 894 221 142 890
280 195 221 142 890
10042 892 209 142 890
10152 894 229 142 890
10034 895 221 143 891
10042 893 209 143 891
10152 895 227 143 891
10034 896 219 144 892
10042 894 215 144 892
216 133 221 144 892
10152 896 225 144 892
10034 897 215 145 893
10042 895 212 145 893
10008 893 212 145 893
10152 897 229 146 894
10034 898 211 146 894
10042 896 213 146 894
10008 894 211 146 894
10152 898 227 146 894
10034 899 213 147 895
10042 897 212 147 895
10152 899 231 147 895
10034 900 213 148 896
10008 896 210 148 896
10152 900 226 148 896
455 206 227 149 897
10034 901 213 149 897
10042 899 209 149 897
10008 897 211 149 897
10152 901 228 149 897
455 207 221 150 898
10034 902 211 150 898
10042 900 211 150 898
10008 898 210 150 898
10152 902 227 150 898
10011 899 209 151 899
10034 903 219 151 899
216 140 225 151 899
10152 903 229 152 900
10011 900 209 152 900
10034 904 223 152 900
10042 902 209 152 900
216 141 225 152 900
10152 904 231 152 900
10011 901 210 153 901
10151 901 210 153 901
10034 905 222 153 901
10042 903 213 153 901
10008 901 211 153 901
10152 905 231 153 901
455 211 224 154 902
10011 902 212 154 902
10151 902 208 154 902
10034 906 218 154 902
10008 902 210 154 902
10152 906 233 154 902
455 212 224 155 903
10011 903 210 155 903
10151 903 208 155 903
10034 907 218 155 903
10008 903 211 155 903
10152 907 232 155 903
455 213 221 156 904
10011 904 210 156 904
10151 904 211 156 904
10034 908 216 156 904
10008 904 210 156 904
10152 908 232 156 904
455 214 223 157 905
10011 905 210 157 905
10151 905 209 157 905
10034 909 218 157 905
10152 909 229 157 905
455 215 225 158 906
10011 906 211 158 906
10034 910 219 158 906
10042 908 208 158 906
10008 906 208 158 906
10152 910 231 158 906
455 216 221 159 907
10011 907 211 159 907
10151 907 209 159 907
10034 911 214 159 907
10042 909 212 159 907
10008 907 210 159 907
10152 911 231 159 907
455 217 223 160 908
10034 912 225 160 908
10042 910 213 160 908
10152 912 228 160 908
455 218 225 161 909
313 127 224 161 909
10034 913 213 161 909
10042 911 216 161 909
10008 909 209 161 909
10152 913 231 161 909
455 219 228 162 910
10034 914 210 162 910
10042 912 211 162 910
10152 914 227 162 910
455 220 227 163 911
10034 915 209 163 911
10042 913 209 163 911
10152 915 227 163 911
455 221 227 164 912
10034 916 211 164 912
10042 914 210 164 912
10152 916 227 164 912
455 222 228 165 913
10034 917 214 165 913
10042 915 212 165 913
10152 917 226 165 913
455 223 228 166 914
10034 918 211 166 914
10042 916 209 166 914
10152 918 228 166 914
455 224 225 167 915
10034 919 212 167 915
10152 919 227 167 915
10011 916 208 168 916
10151 916 209 168 916
10034 920 212 168 916
10042 918 210 168 916
10152 920 228 168 916
10034 921 213 169 917
10008 917 211 169 917
10152 921 221 169 917
10011 918 211 170 918
10034 922 223 170 918
10042 920 213 170 918
10008 918 210 170 918
10152 922 230 171 919
10034 923 212 171 919
10042 921 216 171 919
10008 919 209 171 919
10152 923 231 172 920
10011 920 210 172 920
10034 924 221 172 920
10042 922 212 172 920
10008 920 212 172 920
10152 924 228 172 920
455 230 223 173 921
10151 921 208 173 921
10034 925 221 173 921
10042 923 217 173 921
10008 921 212 173 921
10152 925 231 173 921
10151 922 211 174 922
10034 926 217 174 922
216 163 221 174 922
10008 922 209 174 922
10152 926 231 174 922
455 232 223 175 923
10151 923 209 175 923
10034 927 213 175 923
10008 923 210 175 923
10152 927 227 175 923
455 233 221 176 924
10151 924 210 176 924
10034 928 218 176 924
10008 924 209 176 924
10152 928 227 176 924
455 234 223 177 925
10151 925 210 177 925
10034 929 219 177 925
10008 925 211 177 925
10152 929 231 177 925
455 235 222 178 926
649 225 223 178 926
313 144 222 178 926
10034 930 216 178 926
10152 930 226 178 926
455 236 227 179 927
313 145 226 179 927
10034 931 211 179 927
10008 927 223 179 927
10152 931 227 179 927
10042 930 235 180 928
10152 932 208 181 929
10011 929 209 181 929
10042 931 222 181 929
10152 933 209 181 929
10011 930 209 182 930
10042 932 227 182 930
10008 930 212 182 930
10152 934 210 182 930
10042 933 226 183 931
10008 931 216 183 931
10152 935 212 183 931
10042 934 225 184 932
10008 932 214 184 932
10042 935 225 185 933
10008 933 217 185 933
10152 937 213 185 933
10011 934 217 186 934
10042 936 237 186 934
10008 934 219 186 934
10152 938 218 186 934
10011 935 218 187 935
10034 939 217 187 935
10042 937 242 187 935
10008 935 222 187 935
10152 939 217 187 935
10011 936 211 188 936
10042 938 231 188 936
10152 940 226 188 936
10011 937 217 189 937
10042 939 222 189 937
10008 937 217 189 937
10152 941 216 189 937
10042 940 233 190 938
10008 938 229 190 938
10152 942 210 190 938
10011 939 219 191 939
10034 943 210 191 939
10042 941 233 191 939
10008 939 237 191 939
10152 943 234 191 939
10034 944 220 192 940
10042 942 223 192 940
10008 940 214 192 940
10152 944 222 192 940
455 250 223 193 941
10011 941 211 193 941
10034 945 220 193 941
10042 943 220 193 941
10008 941 216 193 941
10152 945 225 193 941
10011 942 210 194 942
313 160 223 194 942
10034 946 217 194 942
717 249 221 194 942
10042 944 221 194 942
10008 942 214 194 942
10152 946 227 194 942
10011 943 210 195 943
10034 947 217 195 943
10042 945 223 195 943
10008 943 217 195 943
10152 947 225 195 943
455 253 224 196 944
10011 944 211 196 944
10034 948 218 196 944
10042 946 217 196 944
10008 944 209 196 944
10152 948 220 196 944
455 254 225 197 945
10011 945 209 197 945
10034 949 211 197 945
10042 947 219 197 945
10008 945 210 197 945
10152 949 223 197 945
10011 946 216 198 946
10151 946 208 198 946
313 164 227 198 946
10034 950 221 198 946
280 251 221 198 946
10042 948 222 198 946
10008 946 217 198 946
10152 950 224 198 946
10011 947 209 199 947
10042 949 218 199 947
10152 951 225 199 947
10011 948 208 200 948
10034 952 212 200 948
10042 950 218 200 948
10008 948 209 200 948
10152 952 227 200 948
10011 949 208 201 949
10034 953 212 201 949
10042 951 221 201 949
10008 949 209 201 949
10152 953 227 201 949
10011 950 211 202 950
10034 954 219 202 950
280 255 221 202 950
10042 952 226 202 950
10008 950 217 202 950
10152 954 222 202 950
10011 951 212 203 951
10034 955 220 203 951
10042 953 225 203 951
10008 951 214 203 951
10152 955 220 203 951
10011 952 210 204 952
10034 956 212 204 952
10042 954 214 204 952
10008 952 210 204 952
10152 956 215 204 952
10011 953 213 205 953
10034 957 219 205 953
10042 955 218 205 953
10008 953 211 205 953
10152 957 221 205 953
10011 954 213 206 954
10034 958 213 206 954
10042 956 219 206 954
10008 954 212 206 954
10152 958 225 206 954
10011 955 212 207 955
10042 957 216 207 955
10008 955 209 207 955
10152 959 222 207 955
10011 956 210 208 956
10042 958 214 208 956
10152 960 221 208 956
10011 957 212 209 957
10034 961 219 209 957
10042 959 225 209 957
10008 957 217 209 957
10152 961 223 209 957
10011 958 210 210 958
10034 962 209 210 958
10042 960 212 210 958
10152 962 225 210 958
10011 959 214 211 959
10034 963 212 211 959
10042 961 216 211 959
10008 959 211 211 959
10152 963 225 211 959
10011 960 214 212 960
10034 964 211 212 960
10042 962 221 212 960
10008 960 209 212 960
10152 964 220 212 960
10011 961 211 213 961
10042 963 217 213 961
10152 965 221 213 961
10011 962 211 214 962
10034 966 211 214 962
10042 964 220 214 962
10008 962 214 214 962
10152 966 221 214 962
10034 967 219 215 963
10042 965 216 215 963
10152 967 219 215 963
455 273 221 216 964
10011 964 211 216 964
10042 966 217 216 964
10008 964 210 216 964
10152 968 218 216 964
10011 965 212 217 965
10034 969 209 217 965
10017 963 208 217 965
10042 967 221 217 965
280 270 225 217 965
10008 965 211 217 965
10152 969 219 217 965
10011 966 214 218 966
10034 970 214 218 966
10042 968 225 218 966
280 271 221 218 966
10008 966 217 218 966
10152 970 225 218 966
10011 967 213 219 967
10034 971 210 219 967
10042 969 221 219 967
280 272 225 219 967
10008 967 210 219 967
10152 971 216 219 967
455 277 225 220 968
10011 968 212 220 968
349 270 221 220 968
313 186 231 220 968
10042 970 221 220 968
280 273 227 220 968
10008 968 212 220 968
10152 972 217 220 968
10011 969 211 221 969
10151 969 210 221 969
313 187 225 221 969
10042 971 222 221 969
280 274 226 221 969
10008 969 213 221 969
10152 973 225 221 969
74 283 221 222 970
455 279 225 222 970
10011 970 211 222 970
10151 970 209 222 970
10034 974 216 222 970
10042 972 224 222 970
280 275 222 222 970
10008 970 217 222 970
10152 974 222 222 970
10011 971 212 223 971
10042 973 217 223 971
10152 975 227 223 971
10011 972 212 224 972
10042 974 217 224 972
10008 972 217 224 972
10152 976 223 224 972
455 282 221 225 973
10011 973 212 225 973
10034 977 217 225 973
10042 975 219 225 973
280 278 225 225 973
10008 973 210 225 973
10152 977 221 225 973
10011 974 212 226 974
10042 976 220 226 974
280 279 223 226 974
10008 974 211 226 974
10152 978 225 226 974
10011 975 213 227 975
10034 979 218 227 975
10042 977 216 227 975
10008 975 208 227 975
10152 979 212 227 975
10011 976 210 228 976
10042 978 222 228 976
280 281 223 228 976
10008 976 212 228 976
10152 980 219 228 976
455 286 221 229 977
10034 981 213 229 977
10042 979 221 229 977
280 282 225 229 977
10008 977 212 229 977
10152 981 219 229 977
455 287 222 230 978
10011 978 210 230 978
10034 982 210 230 978
10042 980 221 230 978
280 283 225 230 978
10008 978 211 230 978
10152 982 225 230 978
10011 979 210 231 979
10034 983 219 231 979
10042 981 219 231 979
280 284 225 231 979
10008 979 211 231 979
10152 983 225 231 979
10011 980 210 232 980
10034 984 222 232 980
10042 982 221 232 980
280 285 225 232 980
10152 984 224 232 980
455 290 223 232 980
10011 981 213 233 981
10034 985 217 233 981
10042 983 217 233 981
280 286 227 233 981
10008 981 210 233 981
10152 985 222 233 981
10011 982 213 234 982
10034 986 219 234 982
10042 984 220 234 982
280 287 223 234 982
10152 986 220 234 982
10011 983 211 235 983
10034 987 216 235 983
10042 985 218 235 983
280 288 226 235 983
10152 987 219 235 983
10011 984 212 236 984
10034 988 217 236 984
10042 986 217 236 984
280 289 225 236 984
10152 988 221 236 984
455 294 222 236 984
10011 985 212 237 985
10034 989 219 237 985
10042 987 218 237 985
280 290 224 237 985
10152 989 219 237 985
10011 986 213 238 986
10034 990 216 238 986
10042 988 217 238 986
280 291 221 238 986
10152 990 219 238 986
10011 987 214 239 987
10034 991 218 239 987
10042 989 219 239 987
10152 991 218 239 987
455 297 228 240 988
10011 988 214 240 988
10034 992 218 240 988
10042 990 218 240 988
10152 992 216 240 988
455 298 228 241 989
10011 989 213 241 989
10034 993 217 241 989
10042 991 216 241 989
10152 993 217 241 989
455 299 230 242 990
10011 990 214 242 990
10034 994 219 242 990
10042 992 216 242 990
10152 994 214 242 990
455 300 229 243 991
10011 991 214 243 991
10034 995 218 243 991
10042 993 217 243 991
10152 995 216 243 991
455 301 229 244 992
10011 992 216 244 992
10034 996 220 244 992
10042 994 215 244 992
10008 992 209 244 992
10152 996 219 244 992
455 302 228 245 993
10011 993 212 245 993
10034 997 219 245 993
10042 995 216 245 993
10152 997 214 245 993
455 303 227 246 994
10011 994 212 246 994
313 212 223 246 994
10034 998 212 246 994
10042 996 220 246 994
10152 998 220 246 994
455 304 229 247 995
10011 995 213 247 995
10034 999 217 247 995
10042 997 220 247 995
10008 995 211 247 995
10152 999 220 247 995
455 305 225 248 996
10011 996 212 248 996
10034 1000 216 248 996
10042 998 220 248 996
10008 996 210 248 996
10011 997 212 249 997
10034 1001 216 249 997
10042 999 213 249 997
10008 997 210 249 997
10152 1001 224 249 997
10011 998 212 250 998
10034 1002 216 250 998
10042 1000 216 250 998
10008 998 209 250 998
10152 1002 223 250 998
10011 999 212 251 999
10034 1003 218 251 999
717 306 221 251 999
10042 1001 209 251 999
10152 1003 227 251 999
74 313 222 251 999
10011 1000 211 252 1000
10034 1004 221 252 1000
717 307 221 252 1000
10042 1002 217 252 1000
10152 1004 217 252 1000
10011 1001 210 253 1001
10034 1005 218 253 1001
10042 1003 214 253 1001
10152 1005 221 253 1001
455 311 222 253 1001
10011 1002 210 254 1002
10151 1002 213 254 1002
10042 1004 220 254 1002
10152 1006 223 254 1002
455 312 224 254 1002
10042 1005 213 255 1003
10008 1003 209 255 1003
74 317 224 255 1003
10011 1004 212 256 1004
10034 1008 221 256 1004
10042 1006 215 256 1004
10152 1008 223 256 1004
74 318 223 256 1004
10034 1009 211 257 1005
717 312 222 257 1005
10042 1007 213 257 1005
10152 1009 222 257 1005
10034 1010 210 258 1006
10042 1008 211 258 1006
10152 1010 221 258 1006
455 316 221 259 1007
10034 1011 210 259 1007
10152 1011 221 259 1007
455 317 222 260 1008
10034 1012 209 260 1008
10152 1012 222 260 1008
10151 1009 212 261 1009
10034 1013 217 261 1009
10152 1013 220 261 1009
10151 1010 209 262 1010
10034 1014 219 262 1010
280 315 223 262 1010
10152 1014 214 262 1010
10151 1011 208 263 1011
10034 1015 217 263 1011
10008 1011 208 263 1011
10152 1015 220 263 1011
10151 1012 209 264 1012
10034 1016 221 264 1012
10042 1014 217 264 1012
10152 1016 224 264 1012
74 326 223 264 1012
455 322 221 265 1013
10034 1017 208 265 1013
313 231 232 265 1013
10152 1017 217 265 1013
10011 1014 211 266 1014
10034 1018 213 266 1014
313 232 224 266 1014
10042 1016 217 266 1014
10008 1014 211 266 1014
280 319 224 266 1014
10152 1018 223 266 1014
455 324 221 267 1015
10011 1015 212 267 1015
313 233 226 267 1015
10008 1015 212 267 1015
10152 1019 221 267 1015
74 329 233 268 1016
10151 1016 212 268 1016
10034 1020 219 268 1016
717 323 226 268 1016
10042 1018 214 268 1016
10008 1016 210 268 1016
10152 1020 227 268 1016
74 330 235 269 1017
10151 1017 212 269 1017
10034 1021 223 269 1017
10042 1019 220 269 1017
10008 1017 217 269 1017
10152 1021 220 269 1017
10011 1018 213 270 1018
10151 1018 211 270 1018
10034 1022 221 270 1018
10017 1016 210 270 1018
10008 1018 209 270 1018
74 332 233 271 1019
500 304 226 271 1019
141 314 224 271 1019
10151 1019 212 271 1019
728 159 223 271 1019
10022 1022 211 271 1019
10019 1021 222 271 1019
607 293 225 271 1019
10049 1022 210 271 1019
65 271 221 272 1020
10066 1022 214 272 1020
10072 1023 216 272 1020
10082 1019 219 272 1020
10028 1021 219 272 1020
434 320 222 272 1020
10019 1022 212 272 1020
692 264 239 272 1020
74 334 221 273 1021
336 321 228 273 1021
30 108 221 273 1021
10035 1023 223 273 1021
74 335 239 274 1022
785 320 237 274 1022
560 329 235 274 1022
74 336 247 275 1023
91 272 222 275 1023
699 225 224 275 1023
255 303 229 275 1023
248 312 235 275 1023
720 297 226 276 1024
74 337 224 276 1024
574 323 221 276 1024
10070 1022 211 276 1024
74 338 241 277 1025
394 327 228 277 1025
91 274 222 277 1025
10091 1024 224 277 1025
10159 1028 214 277 1025
74 339 247 278 1026
531 311 224 278 1026
515 283 223 278 1026
147 342 227 278 1026
91 275 241 278 1026
391 258 234 278 1026
762 207 236 278 1026
9 337 223 278 1026
403 332 222 279 1027
10138 1021 208 279 1027
767 333 222 279 1027
10163 1030 209 279 1027
10062 1025 213 279 1027
712 333 223 279 1027
625 13 233 279 1027
386 264 223 279 1027
291 326 221 280 1028
767 334 227 280 1028
531 313 234 280 1028
10163 1031 213 280 1028
461 301 221 280 1028
10062 1026 212 280 1028
10164 823 212 280 1028
78 325 229 280 1028
386 265 225 280 1028
9 339 227 280 1028
10123 1024 218 281 1029
531 314 223 281 1029
10163 1032 214 281 1029
344 329 243 281 1029
386 266 230 281 1029
9 340 221 281 1029
10138 1024 213 282 1030
552 334 232 282 1030
400 155 240 282 1030
10163 1033 216 282 1030
4 328 247 282 1030
150 101 233 282 1030
386 267 222 282 1030
10068 1036 211 282 1030
10067 1027 209 283 1031
4 329 246 283 1031
10068 1037 215 283 1031
10067 1028 214 284 1032
10138 1026 210 284 1032
10163 1035 216 284 1032
9 343 224 284 1032
386 269 225 284 1032
441 277 224 284 1032
757 313 226 285 1033
10067 1029 211 285 1033
4 331 240 285 1033
440 31 224 285 1033
511 328 221 285 1033
10138 1028 211 286 1034
10163 1037 216 286 1034
4 332 229 286 1034
10068 1040 210 286 1034
531 320 224 287 1035
27 335 235 287 1035
10163 1038 213 287 1035
4 333 237 287 1035
10062 1033 212 287 1035
9 346 221 287 1035
386 272 222 287 1035
10138 1030 211 288 1036
531 321 237 288 1036
27 336 229 288 1036
10163 1039 212 288 1036
4 334 235 288 1036
10062 1034 214 288 1036
677 217 221 288 1036
10068 1042 210 288 1036
10067 1033 211 289 1037
10138 1031 212 289 1037
531 322 242 289 1037
4 335 228 289 1037
9 348 221 289 1037
386 274 221 289 1037
10067 1034 210 290 1038
531 323 237 290 1038
27 2 223 290 1038
10062 1036 209 290 1038
386 275 222 290 1038
677 219 221 290 1038
531 324 247 291 1039
27 3 223 291 1039
9 350 222 291 1039
531 325 248 292 1040
10163 1043 212 292 1040
10062 1038 214 292 1040
10068 1046 210 292 1040
531 326 255 293 1041
27 5 226 293 1041
10062 1039 209 293 1041
677 222 221 293 1041
10068 1047 210 293 1041
369 346 221 294 1042
10067 1038 212 294 1042
10138 1036 210 294 1042
531 327 251 294 1042
10062 1040 213 294 1042
9 353 221 294 1042
10067 1039 210 295 1043
531 328 239 295 1043
188 295 224 295 1043
494 349 223 295 1043
10068 1049 212 295 1043
10067 1040 210 296 1044
10138 1038 209 296 1044
531 329 235 296 1044
27 8 226 296 1044
10062 1042 213 296 1044
73 20 223 296 1044
531 330 238 297 1045
10138 1040 210 298 1046
27 10 221 298 1046
10138 1041 212 299 1047
531 332 242 299 1047
4 345 222 299 1047
10068 1053 212 299 1047
10067 1044 209 300 1048
10062 1046 211 300 1048
10163 1052 216 301 1049
4 347 222 301 1049
10062 1047 210 301 1049
76 277 241 302 1050
10062 1048 217 302 1050
678 222 226 302 1050
76 278 246 303 1051
10138 1045 213 303 1051
10062 1049 211 303 1051
76 279 226 304 1052
10138 1046 209 304 1052
10054 1053 210 304 1052
76 280 226 305 1053
76 281 243 306 1054
10134 1047 214 306 1054
76 282 231 307 1055
10154 1049 219 307 1055
10031 1059 209 307 1055
76 283 242 308 1056
10154 1050 210 308 1056
76 284 221 309 1057
10115 1052 219 309 1057
10016 1049 210 309 1057
10154 1051 223 309 1057
10166 1061 213 309 1057
10143 1051 219 309 1057
10130 1049 219 309 1057
10107 467 210 309 1057
10036 1051 225 309 1057
10014 1050 220 309 1057
76 285 228 310 1058
10095 1051 220 310 1058
10167 1054 220 310 1058
207 351 231 310 1058
10153 1050 211 310 1058
758 358 227 310 1058
10074 1051 231 310 1058
120 358 225 310 1058
10156 1053 222 310 1058
10036 1052 222 310 1058
497 363 223 311 1059
10095 1052 209 311 1059
10081 1052 217 311 1059
10167 1055 217 311 1059
10016 1051 213 311 1059
10074 1052 223 311 1059
10095 1053 220 312 1060
497 364 221 312 1060
10081 1053 213 312 1060
10074 1053 233 312 1060
120 360 223 312 1060
10156 1055 212 312 1060
10036 1054 219 312 1060
497 365 221 313 1061
10095 1054 219 313 1061
10081 1054 213 313 1061
10167 1057 210 313 1061
10124 1052 217 313 1061
10074 1054 216 313 1061
120 361 221 313 1061
10156 1056 212 313 1061
10036 1055 219 313 1061
10095 1055 217 314 1062
10081 1055 211 314 1062
10167 1058 208 314 1062
10111 1052 208 314 1062
10016 1054 211 314 1062
10074 1055 233 314 1062
502 317 221 314 1062
10156 1057 213 314 1062
10036 1056 209 314 1062
10095 1056 224 315 1063
207 356 226 315 1063
10167 1059 216 315 1063
10074 1056 231 315 1063
120 363 226 315 1063
10156 1058 217 315 1063
287 71 225 315 1063
10036 1057 221 315 1063
10014 1056 210 315 1063
10095 1057 224 316 1064
207 357 223 316 1064
10167 1060 210 316 1064
10016 1056 210 316 1064
10154 1058 210 316 1064
10124 1055 214 316 1064
10074 1057 217 316 1064
120 364 233 316 1064
10156 1059 214 316 1064
287 72 225 316 1064
10036 1058 221 316 1064
10014 1057 211 316 1064
497 369 221 317 1065
10095 1058 224 317 1065
10081 1058 213 317 1065
10167 1061 219 317 1065
207 358 227 317 1065
10016 1057 213 317 1065
10124 1056 210 317 1065
10074 1058 234 317 1065
120 365 227 317 1065
10036 1059 220 317 1065
10095 1059 219 318 1066
10081 1059 213 318 1066
10167 1062 212 318 1066
10074 1059 225 318 1066
120 366 225 318 1066
10156 1061 217 318 1066
10036 1060 211 318 1066
10095 1060 208 319 1067
10081 1060 209 319 1067
207 360 222 319 1067
10016 1059 210 319 1067
10124 1058 211 319 1067
10074 1060 237 319 1067
120 367 233 319 1067
10036 1061 217 319 1067
10095 1061 214 320 1068
620 377 221 320 1068
10124 1059 216 320 1068
10074 1061 239 320 1068
120 368 231 320 1068
10156 1063 214 320 1068
10095 1062 215 321 1069
10167 1065 214 321 1069
10124 1060 216 321 1069
10074 1062 229 321 1069
120 369 228 321 1069
10156 1064 219 321 1069
10036 1063 222 321 1069
10014 1062 209 321 1069
10115 1065 209 322 1070
10095 1063 225 322 1070
10081 1063 210 322 1070
207 363 221 322 1070
10167 1066 217 322 1070
10016 1062 212 322 1070
10124 1061 211 322 1070
10074 1063 224 322 1070
10143 1064 209 322 1070
10036 1064 213 322 1070
10014 1063 209 322 1070
10167 1067 211 323 1071
10074 1064 227 323 1071
10143 1065 210 323 1071
10036 1065 214 323 1071
10095 1065 212 324 1072
10081 1065 214 324 1072
10167 1068 210 324 1072
10074 1065 227 324 1072
10143 1066 210 324 1072
10156 1067 211 324 1072
10095 1066 212 325 1073
10081 1066 211 325 1073
207 366 222 325 1073
10016 1065 211 325 1073
10074 1066 225 325 1073
10156 1068 214 325 1073
10036 1067 212 325 1073
10014 1066 211 325 1073
10081 1067 210 326 1074
10167 1070 212 326 1074
10153 1066 208 326 1074
10074 1067 234 326 1074
10143 1068 209 326 1074
10095 1068 212 327 1075
207 368 221 327 1075
10074 1068 232 327 1075
10143 1069 212 327 1075
287 83 221 327 1075
10036 1069 212 327 1075
10014 1068 210 327 1075
10095 1069 211 328 1076
10081 1069 209 328 1076
10167 1072 212 328 1076
10074 1069 227 328 1076
10143 1070 209 328 1076
10156 1071 212 328 1076
10036 1070 219 328 1076
10014 1069 209 328 1076
10095 1070 213 329 1077
10167 1073 209 329 1077
10074 1070 229 329 1077
10156 1072 213 329 1077
10036 1071 214 329 1077
10095 1071 212 330 1078
10167 1074 209 330 1078
10074 1071 226 330 1078
10156 1073 208 330 1078
10036 1072 218 330 1078
10014 1071 211 330 1078
10095 1072 218 331 1079
10167 1075 212 331 1079
10074 1072 223 331 1079
10156 1074 216 331 1079
10095 1073 212 332 1080
10074 1073 223 332 1080
10156 1075 212 332 1080
120 380 221 332 1080
10036 1074 211 332 1080
10167 1077 210 333 1081
10124 1072 214 333 1081
10074 1074 229 333 1081
10143 1075 212 333 1081
120 381 222 333 1081
10156 1076 210 333 1081
10036 1075 209 333 1081
287 89 222 333 1081
10014 1074 211 333 1081
10095 1075 222 334 1082
577 394 224 334 1082
10081 1075 212 334 1082
207 375 221 334 1082
10167 1078 219 334 1082
10124 1073 212 334 1082
10074 1075 223 334 1082
10143 1076 212 334 1082
120 382 227 334 1082
10156 1077 213 334 1082
10036 1076 214 334 1082
10095 1076 223 335 1083
577 395 221 335 1083
207 376 223 335 1083
10074 1076 226 335 1083
120 383 227 335 1083
10081 1077 210 336 1084
207 377 225 336 1084
10167 1080 218 336 1084
10124 1075 208 336 1084
10074 1077 223 336 1084
10036 1078 209 336 1084
10095 1078 219 337 1085
10167 1081 217 337 1085
10016 1077 211 337 1085
10074 1078 231 337 1085
10156 1080 210 337 1085
10036 1079 212 337 1085
356 71 221 338 1086
10095 1079 210 338 1086
10081 1079 208 338 1086
10167 1082 216 338 1086
10153 1078 210 338 1086
10124 1077 212 338 1086
10074 1079 233 338 1086
120 386 231 338 1086
10156 1081 219 338 1086
10036 1080 213 338 1086
10095 1080 217 339 1087
10124 1078 216 339 1087
10074 1080 229 339 1087
120 387 223 339 1087
10156 1082 217 339 1087
10036 1081 212 339 1087
10095 1081 214 340 1088
10074 1081 234 340 1088
120 388 227 340 1088
10156 1083 219 340 1088
10036 1082 219 340 1088
287 96 221 340 1088
10095 1082 211 341 1089
10167 1085 210 341 1089
10124 1080 211 341 1089
10074 1082 235 341 1089
10156 1084 220 341 1089
10036 1083 210 341 1089
10095 1083 214 342 1090
497 394 223 342 1090
10167 1086 211 342 1090
10074 1083 236 342 1090
120 390 221 342 1090
10036 1084 217 342 1090
10167 1087 217 343 1091
10074 1084 229 343 1091
10156 1086 212 343 1091
10095 1085 218 344 1092
10081 1085 211 344 1092
10167 1088 220 344 1092
10124 1083 211 344 1092
10074 1085 233 344 1092
120 392 225 344 1092
10156 1087 213 344 1092
10036 1086 210 344 1092
10167 1089 217 345 1093
738 335 223 345 1093
10124 1084 211 345 1093
10074 1086 231 345 1093
120 393 225 345 1093
10156 1088 215 345 1093
10095 1087 209 346 1094
10074 1087 219 346 1094
10167 1091 210 347 1095
10074 1088 220 347 1095
10074 1089 223 348 1096
10074 1090 215 349 1097
10036 1091 214 350 1098
287 105 221 350 1098
10095 1091 211 350 1098
10081 1091 216 350 1098
10167 1094 217 350 1098
10153 1090 210 350 1098
10074 1091 235 350 1098
10143 1092 211 350 1098
120 398 225 350 1098
10156 1093 216 350 1098
10036 1092 210 351 1099
10095 1092 213 351 1099
497 403 221 351 1099
10081 1092 208 351 1099
346 202 221 351 1099
10167 1095 209 351 1099
10124 1090 211 351 1099
10074 1092 228 351 1099
10156 1094 213 351 1099
10036 1093 213 352 1100
10095 1093 215 352 1100
207 393 224 352 1100
10167 1096 211 352 1100
10074 1093 235 352 1100
120 400 221 352 1100
10036 1094 209 353 1101
10167 1097 213 353 1101
10074 1094 232 353 1101
120 401 223 353 1101
10074 1095 213 354 1102
10074 1096 220 355 1103
10074 1097 217 356 1104
10095 1098 209 357 1105
10074 1098 219 357 1105
207 399 224 358 1106
10016 1098 210 358 1106
10153 1098 209 358 1106
10124 1097 213 358 1106
10074 1099 233 358 1106
120 406 239 358 1106
10036 1100 211 359 1107
10095 1100 218 359 1107
207 400 221 359 1107
10167 1103 212 359 1107
10016 1099 209 359 1107
10124 1098 216 359 1107
10074 1100 225 359 1107
120 407 228 359 1107
10156 1102 208 359 1107
287 115 222 359 1107
10036 1101 219 360 1108
10095 1101 212 360 1108
10081 1101 208 360 1108
10167 1104 217 360 1108
10016 1100 209 360 1108
10124 1099 212 360 1108
10074 1101 233 360 1108
10156 1103 210 360 1108
287 116 225 360 1108
10036 1102 211 361 1109
10095 1102 216 361 1109
10167 1105 218 361 1109
10124 1100 211 361 1109
10074 1102 227 361 1109
10156 1104 216 361 1109
10095 1103 223 362 1110
10124 1101 209 362 1110
10074 1103 232 362 1110
10167 1107 210 363 1111
10074 1104 226 363 1111
10156 1106 218 363 1111
10036 1105 211 364 1112
10095 1105 217 364 1112
207 405 221 364 1112
10167 1108 210 364 1112
10153 1104 211 364 1112
10124 1103 215 364 1112
10074 1105 233 364 1112
10156 1107 212 364 1112
10036 1106 209 365 1113
10095 1106 220 365 1113
10074 1106 234 365 1113
10156 1108 209 365 1113
10036 1107 213 366 1114
10095 1107 221 366 1114
207 407 223 366 1114
10081 1107 211 366 1114
10167 1110 213 366 1114
10016 1106 212 366 1114
10153 1106 213 366 1114
10124 1105 216 366 1114
10074 1107 235 366 1114
10036 1108 210 367 1115
10095 1108 221 367 1115
207 408 223 367 1115
10074 1108 227 367 1115
10156 1110 211 367 1115
10095 1109 220 368 1116
10167 1112 209 368 1116
10153 1108 210 368 1116
10074 1109 233 368 1116
555 415 222 368 1116
10156 1111 211 368 1116
10095 1110 216 369 1117
10124 1108 209 369 1117
10074 1110 235 369 1117
287 125 221 370 1118
10095 1111 217 370 1118
10167 1114 210 370 1118
10074 1111 233 370 1118
10156 1113 209 370 1118
10095 1112 217 371 1119
10167 1115 210 371 1119
10124 1110 212 371 1119
10074 1112 232 371 1119
10036 1113 211 372 1120
497 424 222 372 1120
10095 1113 217 372 1120
10124 1111 215 372 1120
10074 1113 233 372 1120
10156 1115 211 372 1120
10036 1114 212 373 1121
10095 1114 210 373 1121
10167 1117 210 373 1121
10124 1112 213 373 1121
10074 1114 239 373 1121
10156 1116 209 373 1121
10036 1115 213 374 1122
497 426 221 374 1122
10095 1115 220 374 1122
10081 1115 211 374 1122
10167 1118 213 374 1122
10016 1114 211 374 1122
10153 1114 213 374 1122
10124 1113 208 374 1122
10074 1115 233 374 1122
10156 1117 210 374 1122
120 422 221 375 1123
10036 1116 211 375 1123
10095 1116 214 375 1123
10167 1119 212 375 1123
10153 1115 212 375 1123
10124 1114 210 375 1123
10074 1116 235 375 1123
120 423 223 376 1124
10095 1117 212 376 1124
10167 1120 211 376 1124
10153 1116 211 376 1124
10124 1115 210 376 1124
10074 1117 233 376 1124
10156 1119 215 376 1124
120 424 222 377 1125
10036 1118 212 377 1125
10095 1118 214 377 1125
10167 1121 211 377 1125
10153 1117 212 377 1125
10124 1116 212 377 1125
10074 1118 235 377 1125
120 425 221 378 1126
10036 1119 212 378 1126
287 133 222 378 1126
10095 1119 214 378 1126
10167 1122 213 378 1126
10016 1118 210 378 1126
10153 1118 210 378 1126
10074 1119 227 378 1126
10156 1121 210 378 1126
10036 1120 215 379 1127
10095 1120 221 379 1127
10081 1120 209 379 1127
10167 1123 216 379 1127
10153 1119 210 379 1127
10074 1120 235 379 1127
10156 1122 215 379 1127
10036 1121 214 380 1128
287 135 223 380 1128
10095 1121 217 380 1128
10081 1121 211 380 1128
10167 1124 219 380 1128
10074 1121 235 380 1128
10156 1123 212 380 1128
10036 1122 211 381 1129
287 136 221 381 1129
10095 1122 217 381 1129
10167 1125 213 381 1129
10153 1121 210 381 1129
10074 1122 233 381 1129
10156 1124 210 381 1129
10036 1123 211 382 1130
10095 1123 221 382 1130
10167 1126 219 382 1130
10016 1122 210 382 1130
10153 1122 212 382 1130
10124 1121 211 382 1130
10074 1123 225 382 1130
10036 1124 210 383 1131
287 138 223 383 1131
10095 1124 214 383 1131
10081 1124 213 383 1131
10167 1127 223 383 1131
10124 1122 210 383 1131
10074 1124 237 383 1131
10156 1126 211 384 1132
287 139 221 384 1132
10095 1125 209 384 1132
10167 1128 217 384 1132
10016 1124 209 384 1132
10124 1123 210 384 1132
10074 1125 214 384 1132
10156 1127 212 384 1132
10036 1126 211 385 1133
497 437 221 385 1133
577 445 221 385 1133
10095 1126 217 385 1133
10167 1129 210 385 1133
10074 1126 237 385 1133
10156 1128 213 385 1133
10036 1127 210 386 1134
10095 1127 210 386 1134
10167 1130 218 386 1134
10124 1125 210 386 1134
10074 1127 234 386 1134
10156 1129 216 386 1134
10095 1128 216 387 1135
10081 1128 213 387 1135
10167 1131 217 387 1135
10016 1127 209 387 1135
10074 1128 227 387 1135
10156 1130 217 387 1135
120 435 226 388 1136
10036 1129 217 388 1136
10095 1129 217 388 1136
10081 1129 210 388 1136
10167 1132 212 388 1136
10124 1127 213 388 1136
10074 1129 229 388 1136
577 449 221 389 1137
10095 1130 219 389 1137
10167 1133 212 389 1137
10074 1130 234 389 1137
120 437 229 389 1137
287 145 222 390 1138
207 431 221 390 1138
10081 1131 216 390 1138
10167 1134 216 390 1138
10153 1130 211 390 1138
10074 1131 231 390 1138
120 438 222 390 1138
10156 1133 213 390 1138
10036 1132 218 391 1139
10095 1132 224 391 1139
10081 1132 212 391 1139
10074 1132 227 391 1139
120 439 223 391 1139
10156 1134 218 391 1139
10036 1133 212 392 1140
10095 1133 213 392 1140
10167 1136 218 392 1140
10016 1132 208 392 1140
10153 1132 211 392 1140
10074 1133 226 392 1140
120 440 225 392 1140
10156 1135 214 392 1140
10095 1134 219 393 1141
10167 1137 219 393 1141
10016 1133 210 393 1141
10153 1133 209 393 1141
10124 1132 211 393 1141
10074 1134 233 393 1141
10036 1135 217 394 1142
287 149 221 394 1142
10095 1135 218 394 1142
10081 1135 209 394 1142
10167 1138 213 394 1142
10153 1134 211 394 1142
10074 1135 237 394 1142
10036 1136 217 395 1143
287 150 223 395 1143
10095 1136 219 395 1143
10167 1139 222 395 1143
10153 1135 210 395 1143
10074 1136 236 395 1143
10156 1138 214 395 1143
287 151 223 396 1144
10095 1137 218 396 1144
10081 1137 215 396 1144
10167 1140 212 396 1144
10016 1136 209 396 1144
10153 1136 213 396 1144
10124 1135 210 396 1144
10074 1137 221 396 1144
10143 1138 209 396 1144
120 444 221 396 1144
10156 1139 213 397 1145
10036 1138 215 397 1145
287 152 222 397 1145
10081 1138 212 397 1145
10167 1141 214 397 1145
10153 1137 215 397 1145
10074 1138 227 397 1145
120 445 221 397 1145
10156 1140 213 398 1146
10036 1139 214 398 1146
287 153 223 398 1146
10095 1139 210 398 1146
10081 1139 209 398 1146
10167 1142 209 398 1146
10153 1138 213 398 1146
10124 1137 209 398 1146
10074 1139 229 398 1146
120 446 223 398 1146
10156 1141 212 399 1147
10036 1140 215 399 1147
10095 1140 212 399 1147
10081 1140 210 399 1147
10167 1143 210 399 1147
10153 1139 214 399 1147
10074 1140 233 399 1147
120 447 223 400 1148
10156 1142 212 400 1148
10036 1141 215 400 1148
10095 1141 215 400 1148
10081 1141 210 400 1148
10167 1144 219 400 1148
10016 1140 211 400 1148
10153 1140 213 400 1148
10074 1141 227 400 1148
120 448 223 401 1149
10156 1143 215 401 1149
10036 1142 214 401 1149
287 156 221 401 1149
10095 1142 218 401 1149
207 442 221 401 1149
10081 1142 212 401 1149
10167 1145 219 401 1149
10016 1141 210 401 1149
10153 1141 209 401 1149
10074 1142 223 401 1149
10095 1143 215 402 1150
207 443 221 402 1150
10124 1141 211 402 1150
10074 1143 235 402 1150
10036 1144 211 403 1151
10095 1144 223 403 1151
10081 1144 211 403 1151
10124 1142 210 403 1151
10074 1144 228 403 1151
10156 1146 214 404 1152
10036 1145 214 404 1152
10095 1145 221 404 1152
10167 1148 214 404 1152
10124 1143 208 404 1152
10074 1145 223 404 1152
10095 1146 213 405 1153
10167 1149 209 405 1153
10074 1146 227 405 1153
120 453 224 405 1153
10156 1148 212 405 1153
10014 1146 212 406 1154
10095 1147 215 406 1154
10081 1147 211 406 1154
10167 1150 209 406 1154
10074 1147 221 406 1154
10014 1147 211 407 1155
287 162 221 407 1155
10095 1148 216 407 1155
10167 1151 209 407 1155
10074 1148 213 407 1155
10156 1150 213 407 1155
10036 1149 210 408 1156
10014 1148 210 408 1156
10095 1149 217 408 1156
10081 1149 212 408 1156
10074 1149 227 408 1156
10156 1151 214 408 1156
10036 1150 213 409 1157
10014 1149 211 409 1157
10095 1150 216 409 1157
10167 1153 210 409 1157
10074 1150 226 409 1157
10156 1152 209 409 1157
10095 1151 213 410 1158
10081 1151 218 410 1158
758 458 223 410 1158
10167 1154 212 410 1158
10016 1150 210 410 1158
10153 1150 209 410 1158
10074 1151 226 410 1158
10156 1153 210 410 1158
10036 1152 213 410 1158
10095 1152 220 411 1159
10081 1152 209 411 1159
10074 1152 225 411 1159
10036 1153 213 411 1159
10095 1153 219 412 1160
10081 1153 209 412 1160
10074 1153 225 412 1160
10156 1155 211 412 1160
10036 1154 221 412 1160
287 168 222 412 1160
10014 1153 212 413 1161
10095 1154 221 413 1161
10074 1154 229 413 1161
10156 1156 216 413 1161
10036 1155 215 413 1161
10095 1155 214 414 1162
10081 1155 209 414 1162
10016 1154 209 414 1162
10074 1155 231 414 1162
10095 1156 217 415 1163
356 148 221 415 1163
10167 1159 209 415 1163
10153 1155 209 415 1163
10074 1156 210 415 1163
10156 1158 210 415 1163
10036 1157 212 415 1163
10095 1157 217 416 1164
10167 1160 211 416 1164
10153 1156 210 416 1164
10124 1155 211 416 1164
10074 1157 219 416 1164
10156 1159 212 416 1164
10036 1158 223 416 1164
10014 1157 210 417 1165
287 172 221 417 1165
10095 1158 219 417 1165
288 113 222 417 1165
10153 1157 210 417 1165
10074 1158 226 417 1165
10156 1160 211 417 1165
10036 1159 210 417 1165
10014 1158 210 417 1165
10095 1159 221 418 1166
288 114 221 418 1166
10167 1162 210 418 1166
10124 1157 213 418 1166
10074 1159 219 418 1166
10156 1161 209 418 1166
10036 1160 212 418 1166
10095 1160 209 419 1167
10074 1160 237 419 1167
10156 1162 215 419 1167
10036 1161 211 419 1167
287 175 221 420 1168
10095 1161 212 420 1168
10167 1164 208 420 1168
10153 1160 209 420 1168
10124 1159 212 420 1168
10074 1161 233 420 1168
120 468 221 420 1168
10156 1163 210 420 1168
10095 1162 219 421 1169
577 481 221 421 1169
10081 1162 210 421 1169
10167 1165 219 421 1169
10153 1161 211 421 1169
10124 1160 210 421 1169
10074 1162 228 421 1169
10156 1164 213 421 1169
10095 1163 221 422 1170
346 273 221 422 1170
10081 1163 211 422 1170
10167 1166 218 422 1170
10153 1162 211 422 1170
10074 1163 232 422 1170
120 470 222 422 1170
10156 1165 213 422 1170
10036 1164 213 422 1170
10095 1164 218 423 1171
10081 1164 212 423 1171
10167 1167 210 423 1171
10074 1164 210 423 1171
497 476 221 423 1171
10036 1165 213 423 1171
287 179 223 424 1172
10095 1165 219 424 1172
10167 1168 213 424 1172
10124 1163 212 424 1172
10074 1165 233 424 1172
10036 1166 214 425 1173
10095 1166 214 425 1173
577 485 223 425 1173
346 276 221 425 1173
10081 1166 212 425 1173
10167 1169 214 425 1173
10124 1164 210 425 1173
10074 1166 214 425 1173
10036 1167 211 426 1174
10095 1167 219 426 1174
10081 1167 209 426 1174
10167 1170 210 426 1174
10016 1166 209 426 1174
10074 1167 237 426 1174
10156 1169 211 426 1174
10036 1168 213 426 1174
10095 1168 210 427 1175
207 468 223 427 1175
10167 1171 222 427 1175
10124 1166 209 427 1175
10074 1168 232 427 1175
10143 1169 209 427 1175
10156 1170 211 427 1175
10036 1169 221 427 1175
10167 1172 219 428 1176
10016 1168 211 428 1176
10074 1169 233 428 1176
10156 1171 212 428 1176
10036 1170 221 429 1177
10095 1170 215 429 1177
577 489 222 429 1177
10081 1170 209 429 1177
10167 1173 218 429 1177
10016 1169 211 429 1177
10074 1170 233 429 1177
10036 1171 211 429 1177
10095 1171 212 430 1178
577 490 221 430 1178
10167 1174 213 430 1178
10074 1171 236 430 1178
10095 1172 217 431 1179
577 491 223 431 1179
10167 1175 215 431 1179
10016 1171 211 431 1179
10153 1171 212 431 1179
10074 1172 237 431 1179
10036 1173 211 431 1179
10095 1173 223 432 1180
577 492 223 432 1180
10081 1173 211 432 1180
10167 1176 215 432 1180
10074 1173 231 432 1180
497 485 223 432 1180
10156 1175 214 432 1180
10095 1174 222 433 1181
577 493 223 433 1181
10081 1174 217 433 1181
10167 1177 223 433 1181
10016 1173 211 433 1181
10124 1172 210 433 1181
10074 1174 233 433 1181
10036 1175 212 433 1181
10095 1175 210 434 1182
10081 1175 211 434 1182
10167 1178 210 434 1182
10153 1174 209 434 1182
10074 1175 233 434 1182
10156 1177 213 434 1182
10036 1176 212 435 1183
10095 1176 212 435 1183
577 495 225 435 1183
207 476 221 435 1183
10081 1176 209 435 1183
10124 1174 210 435 1183
10074 1176 235 435 1183
10156 1178 211 435 1183
10036 1177 209 436 1184
10095 1177 217 436 1184
577 496 221 436 1184
10124 1175 209 436 1184
10074 1177 231 436 1184
10156 1179 209 436 1184
10095 1178 217 437 1185
577 497 223 437 1185
10124 1176 210 437 1185
10074 1178 230 437 1185
10036 1179 214 437 1185
10095 1179 220 438 1186
10167 1182 217 438 1186
10153 1178 209 438 1186
10124 1177 209 438 1186
10074 1179 225 438 1186
10036 1180 214 438 1186
10095 1180 218 439 1187
577 499 222 439 1187
10081 1180 216 439 1187
10167 1183 213 439 1187
10016 1179 210 439 1187
10074 1180 233 439 1187
10156 1182 218 439 1187
10036 1181 216 439 1187
10095 1181 211 440 1188
577 500 222 440 1188
10167 1184 215 440 1188
10124 1179 209 440 1188
10074 1181 218 440 1188
10156 1183 216 440 1188
10036 1182 213 440 1188
10095 1182 214 441 1189
577 501 227 441 1189
10167 1185 216 441 1189
10016 1181 209 441 1189
10074 1182 237 441 1189
10143 1183 210 441 1189
555 488 221 441 1189
120 489 227 441 1189
10156 1184 210 441 1189
10036 1183 217 441 1189
10095 1183 210 442 1190
10167 1186 209 442 1190
10153 1182 209 442 1190
10124 1181 212 442 1190
10074 1183 237 442 1190
120 490 223 442 1190
10156 1185 220 442 1190
10036 1184 217 442 1190
10167 1187 215 443 1191
10074 1184 238 443 1191
120 491 222 443 1191
10156 1186 220 443 1191
10036 1185 218 444 1192
10167 1188 211 444 1192
10074 1185 237 444 1192
10156 1187 219 444 1192
10036 1186 217 445 1193
10167 1189 211 445 1193
10074 1186 239 445 1193
10156 1188 220 445 1193
10036 1187 216 445 1193
10095 1187 211 446 1194
346 297 221 446 1194
10167 1190 217 446 1194
10074 1187 237 446 1194
10156 1189 220 446 1194
10036 1188 214 446 1194
10095 1188 210 447 1195
346 298 222 447 1195
10167 1191 209 447 1195
10153 1187 209 447 1195
10074 1188 237 447 1195
10156 1190 219 447 1195
10036 1189 215 447 1195
577 508 221 448 1196
10124 1187 212 448 1196
10074 1189 237 448 1196
10156 1191 219 448 1196
10036 1190 212 449 1197
10153 1189 210 449 1197
10124 1188 211 449 1197
10074 1190 237 449 1197
10156 1192 220 449 1197
10036 1191 217 450 1198
10167 1194 209 450 1198
10016 1190 210 450 1198
10153 1190 209 450 1198
10074 1191 237 450 1198
120 3 224 450 1198
10156 1193 219 450 1198
10036 1192 217 450 1198
287 206 221 451 1199
10074 1192 236 451 1199
120 4 223 451 1199
10156 1194 218 451 1199
10036 1193 217 451 1199
346 303 222 452 1200
207 493 221 452 1200
10124 1191 211 452 1200
10074 1193 237 452 1200
120 5 222 452 1200
10156 1195 218 452 1200
10036 1194 219 452 1200
10095 1194 213 453 1201
207 494 221 453 1201
10167 1197 211 453 1201
10074 1194 236 453 1201
10156 1196 219 453 1201
10036 1195 218 453 1201
10095 1195 212 454 1202
10081 1195 212 454 1202
288 150 222 454 1202
10167 1198 221 454 1202
10153 1194 211 454 1202
738 444 221 454 1202
10124 1193 219 454 1202
10074 1195 238 454 1202
120 7 227 454 1202
10156 1197 218 454 1202
10036 1196 218 454 1202
379 512 221 454 1202
10095 1196 217 455 1203
10081 1196 217 455 1203
10167 1199 212 455 1203
10153 1195 211 455 1203
10074 1196 231 455 1203
502 458 221 455 1203
10143 1197 210 455 1203
10156 1198 212 455 1203
10036 1197 217 455 1203
10095 1197 210 456 1204
207 497 225 456 1204
10081 1197 210 456 1204
10074 1197 236 456 1204
10156 1199 210 456 1204
10036 1198 210 456 1204
287 212 226 457 1205
207 498 223 457 1205
10081 1198 214 457 1205
10167 1201 209 457 1205
10016 1197 210 457 1205
10124 1196 218 457 1205
10074 1198 231 457 1205
287 213 221 458 1206
10074 1199 231 458 1206
10156 1201 213 458 1206
10095 1200 214 459 1207
10074 1200 223 459 1207
10156 1202 210 459 1207
10095 1201 212 460 1208
10081 1201 210 460 1208
10167 1204 210 460 1208
10124 1199 211 460 1208
10074 1201 225 460 1208
10036 1202 212 460 1208
10095 1202 217 461 1209
287 216 222 461 1209
10167 1205 211 461 1209
10074 1202 227 461 1209
10095 1203 217 462 1210
10167 1206 209 462 1210
10016 1202 210 462 1210
10074 1203 233 462 1210
10156 1205 209 462 1210
10036 1204 210 462 1210
10095 1204 217 463 1211
10167 1207 217 463 1211
10074 1204 231 463 1211
10156 1206 209 463 1211
10095 1205 218 464 1212
577 524 223 464 1212
10167 1208 216 464 1212
10074 1205 226 464 1212
10156 1207 213 464 1212
10095 1206 209 465 1213
10167 1209 216 465 1213
10074 1206 233 465 1213
120 18 223 465 1213
10156 1208 213 465 1213
10036 1207 218 465 1213
10095 1207 210 466 1214
10081 1207 212 466 1214
10167 1210 215 466 1214
10124 1205 212 466 1214
10074 1207 235 466 1214
10156 1209 219 466 1214
10095 1208 212 467 1215
577 527 222 467 1215
10081 1208 211 467 1215
10167 1211 208 467 1215
10016 1207 211 467 1215
10074 1208 236 467 1215
10156 1210 213 467 1215
10036 1209 208 467 1215
10095 1209 212 468 1216
10081 1209 213 468 1216
10016 1208 212 468 1216
10074 1209 212 468 1216
10156 1211 216 468 1216
10036 1210 213 468 1216
10095 1210 214 469 1217
207 510 221 469 1217
10081 1210 210 469 1217
10167 1213 213 469 1217
10153 1209 210 469 1217
555 516 223 469 1217
10124 1208 208 469 1217
10074 1210 237 469 1217
120 22 223 469 1217
10156 1212 212 469 1217
10036 1211 217 470 1218
10095 1211 219 470 1218
10167 1214 217 470 1218
10016 1210 209 470 1218
10074 1211 226 470 1218
120 23 221 470 1218
10156 1213 218 470 1218
10036 1212 210 470 1218
10095 1212 212 471 1219
10167 1215 208 471 1219
10016 1211 213 471 1219
10124 1210 210 471 1219
10074 1212 235 471 1219
10156 1214 215 471 1219
10036 1213 211 472 1220
10095 1213 213 472 1220
577 532 222 472 1220
10167 1216 218 472 1220
10074 1213 237 472 1220
120 25 234 472 1220
10156 1215 213 472 1220
10095 1214 219 473 1221
207 514 226 473 1221
10167 1217 211 473 1221
10153 1213 210 473 1221
10124 1212 213 473 1221
10074 1214 211 473 1221
10143 1215 208 473 1221
120 26 223 473 1221
10156 1216 217 473 1221
10036 1215 216 474 1222
10081 1215 208 474 1222
10167 1218 211 474 1222
10153 1214 212 474 1222
10124 1213 212 474 1222
10074 1215 220 474 1222
120 27 223 474 1222
10156 1217 213 474 1222
10036 1216 218 475 1223
10095 1216 218 475 1223
10153 1215 212 475 1223
10124 1214 217 475 1223
10074 1216 222 475 1223
10143 1217 210 475 1223
10156 1218 212 475 1223
10095 1217 219 476 1224
10081 1217 215 476 1224
10167 1220 211 476 1224
10111 1214 209 476 1224
10153 1216 214 476 1224
10124 1215 212 476 1224
10074 1217 219 476 1224
10143 1218 210 476 1224
120 29 223 476 1224
10156 1219 209 476 1224
10036 1218 210 476 1224
10014 1217 212 477 1225
356 210 221 477 1225
10095 1218 217 477 1225
10167 1221 219 477 1225
10016 1217 211 477 1225
10124 1216 212 477 1225
10074 1218 227 477 1225
10156 1220 211 477 1225
10036 1219 221 478 1226
10095 1219 217 478 1226
10167 1222 220 478 1226
10153 1218 212 478 1226
10074 1219 233 478 1226
10036 1220 221 478 1226
10095 1220 218 479 1227
10167 1223 214 479 1227
10153 1219 210 479 1227
10124 1218 209 479 1227
10074 1220 221 479 1227
120 32 227 479 1227
10143 1221 210 479 1227
10156 1222 212 479 1227
287 235 222 480 1228
207 521 225 480 1228
10124 1219 213 480 1228
10074 1221 232 480 1228
120 33 225 480 1228
10156 1223 211 480 1228
10036 1222 210 480 1228
10095 1222 211 481 1229
10081 1222 211 481 1229
10167 1225 210 481 1229
10074 1222 233 481 1229
120 34 224 481 1229
10156 1224 216 481 1229
10095 1223 218 482 1230
207 523 221 482 1230
10167 1226 209 482 1230
10074 1223 238 482 1230
10156 1225 216 482 1230
10036 1224 219 482 1230
585 533 221 483 1231
356 216 221 483 1231
287 238 223 483 1231
10095 1224 219 483 1231
10167 1227 216 483 1231
10124 1222 211 483 1231
10074 1224 226 483 1231
10156 1226 214 483 1231
10036 1225 211 483 1231
287 239 225 484 1232
10095 1225 213 484 1232
207 525 225 484 1232
10167 1228 214 484 1232
10016 1224 208 484 1232
10124 1223 213 484 1232
10074 1225 226 484 1232
10156 1227 212 484 1232
10036 1226 221 484 1232
10014 1225 209 485 1233
497 537 221 485 1233
379 542 222 485 1233
287 240 225 485 1233
10095 1226 216 485 1233
207 526 224 485 1233
10081 1226 210 485 1233
10167 1229 217 485 1233
10124 1224 214 485 1233
10074 1226 231 485 1233
10156 1228 215 485 1233
10036 1227 215 486 1234
10095 1227 215 486 1234
577 546 222 486 1234
207 527 225 486 1234
10167 1230 213 486 1234
10124 1225 211 486 1234
10074 1227 225 486 1234
10156 1229 214 486 1234
10036 1228 214 487 1235
379 544 223 487 1235
577 547 224 487 1235
207 528 225 487 1235
10081 1228 211 487 1235
10167 1231 211 487 1235
10016 1227 209 487 1235
10124 1226 211 487 1235
10074 1228 213 487 1235
10156 1230 217 487 1235
10036 1229 213 488 1236
577 548 223 488 1236
207 529 225 488 1236
10081 1229 209 488 1236
10167 1232 210 488 1236
10016 1228 209 488 1236
10074 1229 218 488 1236
10156 1231 211 488 1236
10036 1230 210 488 1236
10167 1233 210 489 1237
10124 1228 209 489 1237
10074 1230 234 489 1237
10156 1232 211 489 1237
10095 1231 218 490 1238
207 531 227 490 1238
10081 1231 208 490 1238
10167 1234 219 490 1238
10074 1231 230 490 1238
10156 1233 211 490 1238
10036 1232 212 490 1238
10095 1232 212 491 1239
10081 1232 217 491 1239
10167 1235 213 491 1239
10153 1231 209 491 1239
10074 1232 219 491 1239
10143 1233 213 491 1239
10156 1234 210 491 1239
10036 1233 222 491 1239
10081 1233 211 492 1240
10167 1236 213 492 1240
10016 1232 209 492 1240
10153 1232 210 492 1240
10124 1231 212 492 1240
10074 1233 235 492 1240
10143 1234 213 492 1240
10156 1235 210 492 1240
10036 1234 218 492 1240
10115 1236 209 493 1241
10095 1234 216 493 1241
735 181 225 493 1241
207 534 221 493 1241
10081 1234 210 493 1241
10167 1237 213 493 1241
10016 1233 210 493 1241
10154 1235 208 493 1241
10124 1232 213 493 1241
10074 1234 234 493 1241
10143 1235 212 493 1241
10036 1235 210 493 1241
10095 1235 220 494 1242
207 535 227 494 1242
10074 1235 224 494 1242
10143 1236 210 494 1242
10156 1237 213 494 1242
10036 1236 222 494 1242
10014 1235 212 494 1242
10095 1236 221 495 1243
207 536 225 495 1243
10167 1239 211 495 1243
10074 1236 222 495 1243
10156 1238 214 495 1243
10036 1237 224 495 1243
10014 1236 213 495 1243
10095 1237 210 496 1244
207 537 231 496 1244
594 552 221 496 1244
10016 1236 211 496 1244
10156 1239 208 496 1244
10036 1238 222 496 1244
10014 1237 211 497 1245
10095 1238 219 497 1245
207 538 221 497 1245
10016 1237 210 497 1245
10074 1238 212 497 1245
10156 1240 219 497 1245
10036 1239 216 497 1245
10095 1239 218 498 1246
207 539 225 498 1246
10081 1239 209 498 1246
10167 1242 215 498 1246
10153 1238 211 498 1246
10074 1239 216 498 1246
10156 1241 210 498 1246
10036 1240 220 498 1246
10014 1239 212 499 1247
415 545 221 499 1247
207 540 231 499 1247
10081 1240 209 499 1247
10167 1243 208 499 1247
10124 1238 215 499 1247
738 489 221 499 1247
10074 1240 225 499 1247
10036 1241 217 499 1247
10095 1241 216 500 1248
287 255 226 500 1248
207 541 229 500 1248
10081 1241 211 500 1248
10167 1244 212 500 1248
10124 1239 210 500 1248
10074 1241 235 500 1248
10036 1242 221 500 1248
10095 1242 209 501 1249
577 561 221 501 1249
287 256 227 501 1249
207 542 224 501 1249
10081 1242 210 501 1249
10167 1245 221 501 1249
10153 1241 209 501 1249
10074 1242 229 501 1249
10036 1243 218 501 1249
10095 1243 211 502 1250
10081 1243 214 502 1250
10167 1246 216 502 1250
10074 1243 235 502 1250
120 55 223 502 1250
10156 1245 211 502 1250
10095 1244 220 503 1251
287 258 221 503 1251
10081 1244 208 503 1251
10167 1247 212 503 1251
10124 1242 211 503 1251
10074 1244 234 503 1251
10036 1245 215 503 1251
10095 1245 214 504 1252
287 259 222 504 1252
207 545 227 504 1252
10081 1245 213 504 1252
10167 1248 215 504 1252
10124 1243 212 504 1252
10074 1245 237 504 1252
120 57 221 504 1252
10156 1247 216 504 1252
10095 1246 218 505 1253
287 260 227 505 1253
207 546 227 505 1253
10081 1246 213 505 1253
10167 1249 217 505 1253
10074 1246 238 505 1253
10143 1247 210 505 1253
10156 1248 212 505 1253
10036 1247 211 505 1253
10014 1246 209 505 1253
10095 1247 210 506 1254
287 261 223 506 1254
10081 1247 211 506 1254
10016 1246 213 506 1254
10124 1245 214 506 1254
10074 1247 213 506 1254
758 554 221 506 1254
144 202 221 506 1254
10156 1249 210 506 1254
10036 1248 211 506 1254
10095 1248 222 507 1255
287 262 221 507 1255
207 548 229 507 1255
10081 1248 209 507 1255
10016 1247 212 507 1255
10074 1248 233 507 1255
120 60 225 507 1255
10156 1250 217 507 1255
10036 1249 209 507 1255
10095 1249 225 508 1256
287 263 222 508 1256
207 549 235 508 1256
10074 1249 229 508 1256
10156 1251 210 508 1256
10036 1250 219 508 1256
10095 1250 218 509 1257
287 264 224 509 1257
207 550 232 509 1257
415 555 222 509 1257
10167 1253 219 509 1257
10124 1248 210 509 1257
10074 1250 227 509 1257
120 62 224 509 1257
738 499 223 509 1257
10156 1252 217 509 1257
10036 1251 213 509 1257
10095 1251 219 510 1258
10167 1254 210 510 1258
10016 1250 209 510 1258
10124 1249 214 510 1258
10074 1251 225 510 1258
738 500 221 510 1258
10156 1253 214 510 1258
379 568 225 510 1258
497 563 221 511 1259
10095 1252 210 511 1259
10124 1250 211 511 1259
10074 1252 232 511 1259
662 411 222 512 1260
497 564 222 512 1260
10095 1253 221 512 1260
10081 1253 209 512 1260
10167 1256 217 512 1260
10124 1251 218 512 1260
10074 1253 221 512 1260
10143 1254 209 512 1260
10156 1255 217 512 1260
379 570 222 512 1260
10036 1254 208 512 1260
356 246 227 513 1261
10095 1254 223 513 1261
729 330 222 513 1261
10081 1254 215 513 1261
10167 1257 211 513 1261
10124 1252 214 513 1261
10074 1254 227 513 1261
120 66 225 513 1261
10156 1256 221 513 1261
10036 1255 210 513 1261
10095 1255 219 514 1262
577 574 223 514 1262
10081 1255 212 514 1262
10167 1258 216 514 1262
10124 1253 209 514 1262
10074 1255 233 514 1262
10107 672 208 514 1262
10036 1256 223 514 1262
238 547 221 515 1263
448 572 233 515 1263
10115 1258 219 515 1263
194 557 228 515 1263
10085 1265 213 515 1263
238 548 237 516 1264
35 517 239 516 1264
100 278 223 516 1264
633 555 221 516 1264
10154 1258 213 516 1264
78 17 226 516 1264
208 575 221 516 1264
334 502 237 516 1264
99 302 225 516 1264
525 568 225 516 1264
269 577 224 517 1265
242 56 231 517 1265
704 572 235 517 1265
10068 1272 209 519 1267
10138 1261 219 519 1267
10068 1273 211 520 1268
10067 1264 210 520 1268
10138 1262 213 520 1268
10062 1266 210 520 1268
218 4 226 520 1268
10068 1274 213 521 1269
10138 1263 212 521 1269
10065 1272 209 521 1269
10101 1263 209 521 1269
10088 1265 215 521 1269
10169 1271 212 521 1269
10050 1274 212 522 1270
418 577 241 522 1270
10141 1263 217 522 1270
770 19 223 523 1271
418 578 224 523 1271
10141 1264 213 523 1271
606 539 225 524 1272
10141 1265 222 524 1272
10088 1268 209 524 1272
770 21 226 525 1273
10141 1266 227 525 1273
10169 1275 216 525 1273
258 585 237 526 1274
10141 1267 231 526 1274
10088 1270 210 526 1274
10169 1276 212 526 1274
10050 1279 229 527 1275
10065 1278 212 527 1275
10141 1268 211 527 1275
10088 1271 214 527 1275
56 2 221 528 1276
100 290 240 528 1276
100 291 237 529 1277
10134 1270 209 529 1277
10065 1280 211 529 1277
10088 1273 212 529 1277
73 253 227 529 1277
10134 1271 231 530 1278
10076 1275 214 530 1278
10055 1279 218 531 1279
59 488 221 531 1279
10173 1275 218 531 1279
10106 1277 223 531 1279
543 254 225 531 1279
758 579 232 531 1279
172 588 221 531 1279
10078 1279 212 532 1280
8 533 243 532 1280
662 431 225 532 1280
76 507 225 532 1280
10055 1280 212 532 1280
10018 607 225 532 1280
33 551 225 532 1280
10098 1277 222 532 1280
152 586 221 532 1280
10158 1275 211 532 1280
298 518 223 532 1280
606 547 233 532 1280
94 31 232 532 1280
76 508 227 533 1281
10018 608 227 533 1281
10098 1278 225 533 1281
669 587 231 533 1281
679 167 231 533 1281
10106 1279 211 533 1281
418 588 221 533 1281
745 590 227 533 1281
10076 1278 210 533 1281
8 535 223 534 1282
10055 1282 211 534 1282
10018 609 224 534 1282
10098 1279 219 534 1282
10140 1278 221 534 1282
10084 1276 214 534 1282
84 588 223 534 1282
10158 1277 219 534 1282
124 576 222 534 1282
606 549 234 534 1282
360 31 221 534 1282
76 510 233 535 1283
10018 610 229 535 1283
119 556 225 535 1283
669 589 231 535 1283
520 590 233 535 1283
10140 1279 216 535 1283
500 568 227 535 1283
10158 1278 219 535 1283
560 590 221 535 1283
581 597 222 535 1283
10173 1279 210 535 1283
10106 1281 211 535 1283
660 579 221 535 1283
10144 1279 209 535 1283
621 588 221 535 1283
10010 1275 209 535 1283
76 511 241 536 1284
10018 611 209 536 1284
10140 1280 231 536 1284
10158 1279 222 536 1284
748 590 223 536 1284
76 512 236 537 1285
10140 1281 233 537 1285
10158 1280 225 537 1285
606 552 221 537 1285
76 513 242 538 1286
696 586 237 538 1286
10140 1282 229 538 1286
10158 1281 223 538 1286
696 587 225 539 1287
76 514 229 539 1287
10018 614 213 539 1287
10140 1283 227 539 1287
10158 1282 219 539 1287
147 603 223 539 1287
621 592 223 539 1287
76 515 227 540 1288
10018 615 210 540 1288
10140 1284 217 540 1288
10084 1282 211 540 1288
10158 1283 226 540 1288
621 593 228 540 1288
76 516 231 541 1289
10140 1285 226 541 1289
10084 1283 210 541 1289
10158 1284 224 541 1289
76 517 232 542 1290
10140 1286 233 542 1290
10084 1284 208 542 1290
10158 1285 224 542 1290
147 606 226 542 1290
76 518 234 543 1291
10140 1287 227 543 1291
10084 1285 210 543 1291
10158 1286 219 543 1291
65 542 224 543 1291
147 607 222 543 1291
76 519 239 544 1292
10170 1286 210 544 1292
10140 1288 224 544 1292
10084 1286 216 544 1292
762 23 223 544 1292
10158 1287 226 544 1292
147 608 225 544 1292
130 594 227 544 1292
10144 1288 209 544 1292
10140 1289 221 545 1293
10084 1287 211 545 1293
10158 1288 216 545 1293
147 609 224 545 1293
10018 621 209 546 1294
10140 1290 225 546 1294
10084 1288 212 546 1294
10158 1289 210 546 1294
147 610 224 546 1294
10140 1291 219 547 1295
10084 1289 214 547 1295
10158 1290 215 547 1295
147 611 227 547 1295
10018 623 213 548 1296
10140 1292 227 548 1296
10084 1290 212 548 1296
10158 1291 215 548 1296
147 612 228 548 1296
10140 1293 226 549 1297
10158 1292 227 549 1297
147 613 229 549 1297
10140 1294 218 550 1298
10084 1292 210 550 1298
10158 1293 211 550 1298
147 614 231 550 1298
221 605 221 550 1298
10140 1295 218 551 1299
10158 1294 215 551 1299
65 550 227 551 1299
275 608 227 551 1299
10010 1291 209 552 1300
10018 627 208 552 1300
10140 1296 235 552 1300
10084 1294 211 552 1300
10158 1295 228 552 1300
275 609 222 552 1300
177 153 233 553 1301
76 528 223 553 1301
10140 1297 229 553 1301
10158 1296 221 553 1301
10018 629 211 554 1302
177 154 224 554 1302
10140 1298 231 554 1302
10158 1297 225 554 1302
10018 630 213 555 1303
177 155 225 555 1303
10140 1299 233 555 1303
10158 1298 227 555 1303
762 34 222 555 1303
177 156 225 556 1304
10140 1300 222 556 1304
10084 1298 214 556 1304
10158 1299 232 556 1304
221 611 228 556 1304
10018 632 209 557 1305
10140 1301 239 557 1305
10158 1300 237 557 1305
10144 1301 210 557 1305
10010 1297 213 557 1305
10055 1306 210 558 1306
177 158 224 558 1306
10140 1302 232 558 1306
10084 1300 210 558 1306
500 591 226 558 1306
10158 1301 227 558 1306
177 159 223 559 1307
10140 1303 231 559 1307
10158 1302 226 559 1307
177 160 223 560 1308
10140 1304 240 560 1308
10158 1303 229 560 1308
147 624 223 560 1308
10010 1300 209 560 1308
177 161 228 561 1309
10140 1305 237 561 1309
10158 1304 232 561 1309
676 617 229 561 1309
10010 1301 213 561 1309
177 162 225 562 1310
10140 1306 233 562 1310
10158 1305 237 562 1310
10010 1302 211 563 1311
13 580 226 563 1311
10018 638 213 563 1311
177 163 237 563 1311
10140 1307 241 563 1311
10158 1306 235 563 1311
676 619 223 563 1311
10144 1307 209 563 1311
10010 1303 209 564 1312
315 297 223 564 1312
177 164 233 564 1312
10140 1308 231 564 1312
10158 1307 235 564 1312
676 620 233 564 1312
221 619 239 564 1312
10144 1308 210 564 1312
275 621 226 564 1312
10010 1304 210 565 1313
10018 640 210 565 1313
10140 1309 227 565 1313
177 165 240 565 1313
10158 1308 233 565 1313
10010 1305 211 566 1314
10018 641 210 566 1314
10140 1310 226 566 1314
177 166 235 566 1314
10158 1309 233 566 1314
676 622 227 566 1314
194 608 221 566 1314
10018 642 215 567 1315
10140 1311 231 567 1315
177 167 229 567 1315
762 46 224 567 1315
10158 1310 236 567 1315
676 623 233 567 1315
10010 1307 211 568 1316
10140 1312 232 568 1316
10084 1310 212 568 1316
177 168 233 568 1316
762 47 221 568 1316
10158 1311 237 568 1316
676 624 224 568 1316
221 623 222 568 1316
10010 1308 213 569 1317
76 544 223 569 1317
10140 1313 233 569 1317
177 169 225 569 1317
10158 1312 239 569 1317
676 625 225 569 1317
76 545 227 570 1318
10140 1314 233 570 1318
10084 1312 211 570 1318
177 170 226 570 1318
10158 1313 231 570 1318
676 626 233 570 1318
130 620 221 570 1318
10010 1310 214 571 1319
76 546 222 571 1319
10140 1315 233 571 1319
177 171 229 571 1319
10158 1314 235 571 1319
676 627 231 571 1319
10010 1311 210 572 1320
10140 1316 228 572 1320
762 51 221 572 1320
177 172 237 572 1320
10158 1315 235 572 1320
676 628 226 572 1320
10010 1312 211 573 1321
10140 1317 225 573 1321
10158 1316 227 573 1321
10010 1313 210 574 1322
10140 1318 229 574 1322
10158 1317 233 574 1322
177 174 226 574 1322
10055 1323 211 575 1323
10098 1320 210 575 1323
76 550 225 575 1323
10140 1319 235 575 1323
10084 1317 211 575 1323
10158 1318 239 575 1323
177 175 239 575 1323
10010 1315 213 576 1324
10018 651 217 576 1324
10140 1320 239 576 1324
177 176 229 576 1324
10158 1319 236 576 1324
676 632 231 576 1324
605 181 225 576 1324
130 626 226 576 1324
10055 1325 212 577 1325
10018 652 215 577 1325
10140 1321 241 577 1325
177 177 231 577 1325
10158 1320 237 577 1325
676 633 233 577 1325
221 632 221 577 1325
10098 1323 211 578 1326
76 553 229 578 1326
10140 1322 237 578 1326
10084 1320 210 578 1326
177 178 235 578 1326
10158 1321 241 578 1326
676 634 227 578 1326
130 628 221 578 1326
221 633 223 578 1326
10055 1327 210 579 1327
10018 654 210 579 1327
76 554 224 579 1327
10140 1323 230 579 1327
177 179 234 579 1327
10158 1322 233 579 1327
676 635 231 579 1327
760 397 223 580 1328
10018 655 211 580 1328
10140 1324 235 580 1328
10158 1323 218 580 1328
221 635 223 580 1328
10018 656 212 581 1329
136 407 231 581 1329
76 556 224 581 1329
10140 1325 214 581 1329
10084 1323 210 581 1329
10158 1324 226 581 1329
10144 1325 210 581 1329
30 308 223 581 1329
10010 1321 208 582 1330
10055 1330 212 582 1330
10018 657 216 582 1330
10140 1326 228 582 1330
76 557 229 582 1330
10084 1324 210 582 1330
10158 1325 235 582 1330
10004 1327 210 582 1330
10076 1327 217 582 1330
208 641 221 582 1330
660 626 225 582 1330
539 46 227 582 1330
10055 1331 223 583 1331
546 330 223 583 1331
10018 658 213 583 1331
76 558 247 583 1331
10140 1327 221 583 1331
10158 1326 211 583 1331
10106 1329 222 583 1331
369 636 242 583 1331
208 642 235 583 1331
201 806 225 584 1332
10018 659 216 584 1332
10098 1329 226 584 1332
76 559 245 584 1332
92 801 223 584 1332
10018 660 252 585 1333
10098 1330 216 585 1333
10140 1329 211 585 1333
76 560 222 585 1333
10084 1327 221 585 1333
10173 1329 210 585 1333
643 410 228 585 1333
10004 1330 210 585 1333
10055 1334 226 586 1334
10018 661 222 586 1334
546 333 229 586 1334
10140 1330 211 586 1334
76 561 246 586 1334
10084 1328 210 586 1334
10158 1329 214 586 1334
743 555 226 586 1334
10 148 225 586 1334
570 117 225 587 1335
10018 662 222 587 1335
10098 1332 217 587 1335
10140 1331 211 587 1335
10106 1333 213 587 1335
372 619 225 587 1335
248 623 231 587 1335
10040 1330 223 587 1335
67 578 227 587 1335
292 34 224 587 1335
717 642 227 588 1336
462 475 221 588 1336
571 10 225 588 1336
501 612 221 588 1336
10106 1334 220 588 1336
10076 1333 217 588 1336
10055 1337 225 589 1337
10018 664 219 589 1337
10140 1333 219 589 1337
10158 1332 212 589 1337
10173 1333 235 589 1337
10004 1334 214 589 1337
10076 1334 221 589 1337
10055 1338 223 590 1338
10173 1334 252 590 1338
10106 1336 213 590 1338
10076 1335 226 590 1338
10055 1339 218 591 1339
10173 1335 247 591 1339
10076 1336 218 591 1339
514 613 221 592 1340
10055 1340 229 592 1340
10018 667 216 592 1340
10140 1336 209 592 1340
10158 1335 213 592 1340
10173 1336 245 592 1340
10106 1338 211 592 1340
139 630 223 592 1340
10004 1337 217 592 1340
10076 1337 234 592 1340
10055 1341 228 593 1341
10018 668 212 593 1341
10158 1336 213 593 1341
10173 1337 239 593 1341
10106 1339 212 593 1341
10076 1338 239 593 1341
10055 1342 234 594 1342
10018 669 219 594 1342
10158 1337 209 594 1342
10173 1338 247 594 1342
10004 1339 210 594 1342
10055 1343 223 595 1343
10018 670 213 595 1343
10158 1338 208 595 1343
10173 1339 240 595 1343
10106 1341 209 595 1343
553 643 223 595 1343
10076 1340 235 595 1343
544 76 226 595 1343
232 169 233 595 1343
682 653 223 595 1343
10055 1344 220 596 1344
10106 1342 209 596 1344
720 618 222 596 1344
10163 1350 208 599 1347
428 660 221 599 1347
10128 1342 213 599 1347
350 659 223 599 1347
10163 1352 208 601 1349
10033 1348 209 601 1349
10068 1355 213 601 1349
10033 1349 210 602 1350
10068 1356 213 602 1350
10068 1358 212 605 1353
10163 1356 210 605 1353
10068 1359 217 605 1353
10068 1360 212 606 1354
10068 1361 211 608 1356
10068 1363 211 610 1358
10068 1364 211 611 1359
10068 1365 210 612 1360
10068 1366 210 613 1361
10068 1367 212 614 1362
10068 1368 210 615 1363
10068 1369 210 616 1364
10068 1370 211 617 1365
364 672 223 617 1365
10033 1364 210 617 1365
10068 1371 213 618 1366
10138 1362 209 620 1368
78 121 222 620 1368
10 182 223 620 1368
2 670 224 620 1368
10068 1374 210 621 1369
32 653 227 621 1369
5 677 227 621 1369
73 345 225 621 1369
75 30 223 621 1369
43 677 231 622 1370
125 120 221 622 1370
10062 1368 212 622 1370
10128 1365 211 622 1370
139 660 225 622 1370
350 682 223 623 1371
10068 1376 209 623 1371
703 662 227 623 1371
32 655 223 623 1371
428 684 227 623 1371
10062 1369 214 623 1371
75 32 223 623 1371
10068 1377 213 624 1372
364 679 221 624 1372
32 656 224 624 1372
10163 1375 211 624 1372
428 685 224 624 1372
554 679 227 624 1372
139 662 233 624 1372
75 33 221 624 1372
364 680 233 625 1373
10163 1376 213 625 1373
428 686 227 625 1373
10128 1368 216 625 1373
10068 1379 217 626 1374
76 601 242 626 1374
43 681 226 626 1374
428 687 227 626 1374
10128 1369 212 626 1374
75 35 222 626 1374
10068 1380 212 627 1375
364 682 221 627 1375
76 602 241 627 1375
349 677 241 627 1375
10123 1370 211 627 1375
10138 1369 212 627 1375
778 680 225 627 1375
10062 1373 210 627 1375
61 689 225 627 1375
75 36 223 627 1375
364 683 225 628 1376
76 603 228 628 1376
349 678 225 628 1376
10138 1370 213 628 1376
226 140 224 628 1376
10163 1379 211 628 1376
304 675 221 628 1376
364 684 222 629 1377
76 604 227 629 1377
349 679 223 629 1377
10138 1371 211 629 1377
666 683 232 629 1377
428 690 225 629 1377
10062 1375 211 629 1377
10 191 221 629 1377
10068 1383 213 630 1378
542 652 225 630 1378
364 685 239 630 1378
76 605 241 630 1378
349 680 226 630 1378
10138 1372 212 630 1378
10163 1381 210 630 1378
428 691 222 630 1378
10062 1376 210 630 1378
78 131 225 630 1378
10 192 223 630 1378
76 606 247 631 1379
349 681 222 631 1379
10163 1382 210 631 1379
428 692 232 631 1379
300 671 235 631 1379
76 607 247 632 1380
487 123 226 632 1380
84 686 225 632 1380
428 693 227 632 1380
10068 1386 209 633 1381
32 665 225 633 1381
76 608 235 633 1381
527 688 239 633 1381
428 694 227 633 1381
125 131 224 633 1381
10128 1376 210 633 1381
720 655 229 633 1381
76 609 228 634 1382
10138 1376 211 634 1382
513 682 222 634 1382
428 695 225 634 1382
147 698 231 634 1382
76 610 225 635 1383
350 695 225 635 1383
10068 1389 212 636 1384
76 611 234 636 1384
10163 1387 210 636 1384
10128 1379 215 636 1384
350 696 225 636 1384
10068 1390 211 637 1385
76 612 233 637 1385
743 606 223 637 1385
118 149 223 637 1385
428 698 221 637 1385
78 138 225 637 1385
10068 1391 213 638 1386
76 613 234 638 1386
75 3 223 638 1386
15 690 221 638 1386
76 614 223 639 1387
76 615 236 640 1388
546 387 225 640 1388
652 39 221 640 1388
428 701 225 640 1388
10163 1391 211 640 1388
10062 1386 210 640 1388
10128 1383 210 640 1388
76 616 239 641 1389
10138 1383 214 641 1389
76 617 242 642 1390
367 370 221 642 1390
76 618 235 643 1391
428 704 221 643 1391
76 619 235 644 1392
10068 1398 209 645 1393
76 620 235 645 1393
43 700 222 645 1393
76 621 237 646 1394
630 69 223 646 1394
10138 1388 212 646 1394
428 707 224 646 1394
10164 1189 209 646 1394
10068 1400 213 647 1395
43 702 223 647 1395
76 622 247 647 1395
10123 1390 212 647 1395
428 708 227 647 1395
10163 1398 217 647 1395
10062 1393 211 647 1395
10068 1401 210 648 1396
76 623 233 648 1396
630 71 225 648 1396
428 709 221 648 1396
10062 1394 214 648 1396
652 7 226 648 1396
10068 1402 209 649 1397
76 624 233 649 1397
428 710 224 649 1397
10062 1395 211 649 1397
10128 1392 214 649 1397
76 625 235 650 1398
10067 1394 211 650 1398
10062 1396 219 650 1398
10128 1393 209 650 1398
652 9 223 650 1398
10068 1404 213 651 1399
76 626 231 651 1399
630 74 222 651 1399
10128 1394 216 651 1399
10068 1405 212 652 1400
76 627 232 652 1400
630 75 237 652 1400
652 11 238 652 1400
10068 1406 212 653 1401
76 628 234 653 1401
630 76 221 653 1401
10062 1399 215 653 1401
10128 1396 210 653 1401
652 12 237 653 1401
10068 1407 214 654 1402
76 629 244 654 1402
10163 1405 211 654 1402
10062 1400 210 654 1402
141 97 224 654 1402
363 135 228 654 1402
76 630 246 655 1403
10163 1406 211 655 1403
10128 1398 211 655 1403
717 710 225 655 1403
652 14 225 655 1403
76 631 231 656 1404
630 79 223 656 1404
10163 1407 211 656 1404
10128 1399 212 656 1404
717 711 223 656 1404
76 632 221 657 1405
