480 71 222 0 763
10009 760 225 0 763
407 71 238 0 763
676 70 221 0 763
10134 756 211 1 764
10009 761 223 1 764
30 74 223 2 765
10009 762 212 2 765
10088 760 211 2 765
30 75 226 3 766
480 74 223 3 766
10009 763 220 3 766
407 74 222 3 766
61 79 224 3 766
407 75 227 4 767
10009 764 223 4 767
676 74 223 4 767
29 76 221 5 768
601 79 224 5 768
10009 765 217 5 768
407 76 221 5 768
676 75 239 5 768
10088 763 210 5 768
29 77 222 6 769
10009 766 225 6 769
407 77 221 6 769
676 76 226 6 769
30 79 223 7 770
10009 767 230 7 770
676 77 222 7 770
10088 765 206 7 770
10134 763 206 8 771
30 80 221 8 771
10009 768 226 8 771
407 79 221 8 771
323 2 233 8 771
601 83 224 9 772
407 80 229 9 772
10009 769 212 9 772
10088 767 207 9 772
30 82 227 10 773
407 81 228 10 773
10009 771 213 11 774
10088 769 208 11 774
323 5 230 11 774
30 84 227 12 775
10009 772 220 12 775
676 82 230 12 775
323 6 227 12 775
10134 768 212 13 776
30 85 225 13 776
10134 769 215 14 777
10050 780 209 14 777
10065 779 227 14 777
288 82 221 14 777
386 13 224 14 777
10101 770 213 14 777
10141 769 217 14 777
10061 781 208 14 777
10169 778 211 14 777
663 82 223 14 777
10138 771 209 14 777
212 86 224 15 778
27 77 221 15 778
10128 772 218 15 778
10101 771 217 15 778
10061 782 222 15 778
10169 779 207 15 778
735 87 226 15 778
37 70 221 16 779
660 74 221 16 779
10050 782 212 16 779
557 92 221 16 779
342 87 225 16 779
306 93 224 17 780
315 25 225 17 780
476 88 221 17 780
10134 773 208 18 781
152 86 225 18 781
10106 778 211 18 781
269 92 228 18 781
10154 774 206 18 781
489 29 223 18 781
557 94 221 18 781
344 80 223 18 781
602 67 241 18 781
321 53 226 19 782
10154 775 219 19 782
618 91 224 19 782
10031 785 215 19 782
10085 783 207 19 782
153 77 222 19 782
206 56 232 20 783
420 60 227 20 783
10154 776 210 20 783
78 79 221 20 783
579 98 231 20 783
102 84 237 20 783
174 72 222 21 784
522 92 223 21 784
679 95 223 21 784
10154 777 225 21 784
10124 774 206 21 784
10130 775 208 21 784
749 83 225 21 784
518 92 239 21 784
10116 774 207 21 784
10115 779 207 21 784
208 95 222 22 785
5 92 221 22 785
10111 774 207 22 785
658 93 223 22 785
10154 778 208 22 785
10130 776 218 22 785
10036 778 207 22 785
10014 777 209 22 785
10116 775 215 22 785
294 89 221 22 785
167 94 228 22 785
10129 782 211 22 785
658 94 223 23 786
10154 779 229 23 786
10166 789 208 23 786
10143 779 215 23 786
508 1 221 23 786
10156 780 217 23 786
10107 195 208 23 786
10014 778 209 23 786
10095 779 213 23 786
732 44 223 23 786
10167 782 209 24 787
10016 778 206 24 787
54 82 223 24 787
665 9 233 24 787
10154 780 216 24 787
10124 777 210 24 787
10074 779 208 24 787
671 102 222 24 787
10156 781 221 24 787
10107 196 207 24 787
10014 779 208 24 787
10095 780 227 24 787
373 82 225 24 787
98 90 221 24 787
589 102 224 24 787
732 45 227 24 787
665 10 221 25 788
10154 781 211 25 788
10124 778 215 25 788
10074 780 212 25 788
671 103 229 25 788
10156 782 237 25 788
10107 197 207 25 788
10095 781 223 25 788
373 83 221 25 788
10081 781 214 26 789
10154 782 208 26 789
10124 779 218 26 789
10074 781 208 26 789
671 104 226 26 789
10156 783 221 26 789
10014 781 209 26 789
10095 782 213 26 789
373 84 221 26 789
589 104 237 26 789
10081 782 207 27 790
10154 783 213 27 790
10124 780 221 27 790
10074 782 206 27 790
10156 784 238 27 790
10095 783 207 27 790
589 105 237 27 790
10081 783 208 28 791
10016 782 207 28 791
10154 784 209 28 791
10124 781 218 28 791
10074 783 210 28 791
671 106 221 28 791
10156 785 237 28 791
10036 784 206 28 791
10095 784 236 28 791
392 100 248 28 791
10167 787 207 29 792
54 87 222 29 792
343 83 225 29 792
684 75 225 29 792
10154 785 206 29 792
10124 782 224 29 792
10074 784 210 29 792
10143 785 209 29 792
671 107 221 29 792
10156 786 229 29 792
10014 784 210 29 792
10095 785 229 29 792
373 87 221 29 792
559 89 221 29 792
392 101 241 29 792
397 68 228 30 793
302 104 221 30 793
684 76 229 30 793
10154 786 210 30 793
10124 783 217 30 793
226 94 221 30 793
671 108 222 30 793
10156 787 223 30 793
10095 786 225 30 793
589 108 225 30 793
392 102 225 30 793
177 103 225 30 793
397 69 225 31 794
10081 786 209 31 794
684 77 227 31 794
10124 784 219 31 794
671 109 223 31 794
10156 788 235 31 794
10014 786 208 31 794
10095 787 226 31 794
589 109 232 31 794
177 104 223 32 795
397 70 221 32 795
684 78 225 32 795
10124 785 210 32 795
10074 787 211 32 795
671 110 223 32 795
10156 789 231 32 795
10014 787 207 32 795
10095 788 227 32 795
10081 788 207 33 796
302 107 223 33 796
10154 789 206 33 796
10124 786 207 33 796
10074 788 211 33 796
671 111 224 33 796
10156 790 240 33 796
10014 788 205 33 796
10095 789 223 33 796
589 111 225 33 796
10124 787 210 34 797
10074 789 205 34 797
671 112 222 34 797
10156 791 224 34 797
10095 790 212 34 797
10124 788 210 35 798
671 113 225 35 798
10156 792 237 35 798
10095 791 224 35 798
589 113 229 35 798
177 108 221 35 798
10081 791 210 35 798
99 96 225 36 799
10154 792 210 36 799
10124 789 220 36 799
302 110 221 36 799
671 114 235 36 799
10156 793 238 36 799
10014 791 208 36 799
10095 792 219 36 799
589 114 227 36 799
10081 792 207 36 799
99 97 225 37 800
10124 790 213 37 800
671 115 233 37 800
10156 794 233 37 800
10095 793 219 37 800
589 115 233 37 800
10081 793 210 37 800
10124 791 208 38 801
302 112 221 38 801
671 116 227 38 801
10156 795 222 38 801
10095 794 222 38 801
589 116 233 38 801
10081 794 206 38 801
10124 792 218 39 802
302 113 223 39 802
671 117 231 39 802
10156 796 225 39 802
10095 795 211 39 802
589 117 229 39 802
382 102 221 40 803
10154 796 211 40 803
10074 795 209 40 803
671 118 241 40 803
10156 797 227 40 803
10095 796 216 40 803
589 118 223 40 803
10154 797 207 41 804
10124 794 208 41 804
671 119 234 41 804
10156 798 225 41 804
10095 797 221 41 804
589 119 225 41 804
10154 798 208 42 805
671 120 233 42 805
10156 799 217 42 805
10095 798 218 42 805
10154 799 209 43 806
671 121 237 43 806
337 108 224 43 806
10156 800 233 43 806
10107 215 209 43 806
10036 799 207 43 806
10014 798 211 43 806
10095 799 212 43 806
177 116 221 43 806
10081 799 211 43 806
99 104 225 44 807
10154 800 209 44 807
10124 797 212 44 807
10166 810 206 44 807
10156 801 226 44 807
10014 799 206 44 807
10095 800 219 44 807
589 122 227 44 807
177 117 226 44 807
175 59 223 44 807
10081 800 207 44 807
684 91 221 45 808
10154 801 209 45 808
10124 798 212 45 808
671 123 229 45 808
10156 802 231 45 808
10014 800 209 45 808
10095 801 221 45 808
589 123 235 45 808
177 118 225 45 808
175 60 223 45 808
732 66 223 45 808
99 106 221 46 809
684 92 224 46 809
10154 802 208 46 809
10124 799 208 46 809
302 120 225 46 809
671 124 221 46 809
10156 803 231 46 809
10036 802 207 46 809
10095 802 224 46 809
589 124 235 46 809
177 119 225 46 809
175 61 225 46 809
10081 802 210 46 809
99 107 221 47 810
684 93 223 47 810
10154 803 211 47 810
10124 800 212 47 810
671 125 230 47 810
10156 804 235 47 810
10095 803 227 47 810
589 125 236 47 810
175 62 224 47 810
10081 803 207 47 810
684 94 225 48 811
10154 804 211 48 811
10124 801 211 48 811
10074 803 206 48 811
302 122 224 48 811
671 126 233 48 811
10156 805 227 48 811
10014 803 206 48 811
10095 804 226 48 811
589 126 235 48 811
177 121 226 48 811
397 87 231 48 811
175 63 228 48 811
10081 804 207 48 811
684 95 223 49 812
10154 805 215 49 812
10124 802 211 49 812
671 127 229 49 812
10156 806 229 49 812
10095 805 225 49 812
589 127 235 49 812
10081 805 207 49 812
99 110 225 50 813
684 96 223 50 813
10154 806 212 50 813
10074 805 207 50 813
671 128 233 50 813
10156 807 231 50 813
10095 806 226 50 813
589 128 223 50 813
10074 806 212 51 814
671 129 221 51 814
10156 808 231 51 814
10095 807 221 51 814
10081 807 207 51 814
10156 809 227 52 815
589 130 226 52 815
10095 808 213 52 815
10156 810 233 53 816
589 131 231 53 816
10095 809 217 53 816
177 126 222 53 816
10154 810 208 54 817
10124 807 212 54 817
10156 811 219 54 817
589 132 230 54 817
10095 810 213 54 817
397 93 223 54 817
684 101 225 55 818
10124 808 207 55 818
10156 812 224 55 818
10095 811 215 55 818
175 70 224 55 818
10124 809 213 56 819
302 130 222 56 819
439 49 226 56 819
10156 813 234 56 819
10107 228 207 56 819
10036 812 208 56 819
527 126 223 56 819
589 134 225 56 819
10095 812 209 56 819
177 129 223 56 819
205 127 225 56 819
397 95 224 56 819
738 61 225 56 819
10081 812 206 56 819
10167 815 206 56 819
684 103 223 57 820
10124 810 215 57 820
10074 812 215 57 820
302 131 221 57 820
671 135 231 57 820
10156 814 233 57 820
508 35 225 57 820
10095 813 231 57 820
205 128 222 57 820
175 72 222 57 820
392 129 231 57 820
99 118 237 57 820
151 128 221 58 821
684 104 226 58 821
10074 813 211 58 821
372 104 223 58 821
10156 815 231 58 821
589 136 227 58 821
10095 814 214 58 821
397 97 231 58 821
99 119 224 59 822
10124 812 215 59 822
10156 816 230 59 822
527 129 225 59 822
589 137 229 59 822
10095 815 235 59 822
177 132 233 59 822
397 98 222 59 822
392 131 221 59 822
10167 818 207 59 822
99 120 246 60 823
54 118 221 60 823
10124 813 213 60 823
372 106 241 60 823
10074 815 210 60 823
671 138 230 60 823
10156 817 237 60 823
10095 816 229 60 823
177 133 223 60 823
175 75 235 60 823
684 107 224 61 824
10154 817 215 61 824
10124 814 221 61 824
372 107 227 61 824
302 135 222 61 824
10143 817 208 61 824
671 139 223 61 824
10156 818 227 61 824
10107 233 212 61 824
10036 817 213 61 824
10014 816 211 61 824
177 134 221 61 824
738 66 223 61 824
99 122 239 61 824
10016 816 212 61 824
10154 818 217 62 825
10124 815 210 62 825
10074 817 210 62 825
579 140 222 62 825
10143 818 220 62 825
439 55 230 62 825
10156 819 221 62 825
10036 818 211 62 825
10014 817 224 62 825
589 140 225 62 825
10095 818 210 62 825
177 135 221 62 825
738 67 228 62 825
10111 815 206 62 825
99 123 241 62 825
10016 817 208 62 825
10074 818 212 63 826
439 56 227 63 826
10156 820 211 63 826
10036 819 213 63 826
10014 818 208 63 826
10095 819 209 63 826
10016 818 208 63 826
10154 820 208 64 827
579 142 231 64 827
10143 820 207 64 827
439 57 235 64 827
10156 821 217 64 827
10107 236 209 64 827
10036 820 208 64 827
10014 819 218 64 827
10095 820 220 64 827
177 137 238 64 827
205 135 221 64 827
99 125 244 64 827
10124 818 207 65 828
684 111 224 65 828
10143 821 211 65 828
10156 822 208 65 828
10107 237 209 65 828
10036 821 209 65 828
589 143 221 65 828
177 138 235 65 828
392 137 229 65 828
382 128 225 66 829
10154 822 219 66 829
10124 819 216 66 829
10074 821 210 66 829
684 112 239 66 829
10156 823 229 66 829
10014 821 209 66 829
589 144 239 66 829
10095 822 220 66 829
177 139 225 66 829
10081 822 208 66 829
10016 821 207 66 829
382 129 223 67 830
10154 823 210 67 830
10074 822 207 67 830
684 113 221 67 830
302 141 224 67 830
439 60 221 67 830
10156 824 208 67 830
10107 239 206 67 830
10014 822 210 67 830
589 145 229 67 830
177 140 229 67 830
10095 823 221 67 830
175 82 224 67 830
10081 823 211 67 830
10167 826 207 67 830
382 130 222 68 831
10154 824 214 68 831
10074 823 210 68 831
372 114 223 68 831
10143 824 209 68 831
439 61 233 68 831
10156 825 223 68 831
10107 240 206 68 831
10036 824 212 68 831
10014 823 215 68 831
10095 824 224 68 831
732 89 223 68 831
175 83 225 68 831
392 140 231 68 831
10081 824 209 68 831
99 129 241 68 831
52 129 228 69 832
382 131 225 69 832
10154 825 218 69 832
10124 822 225 69 832
54 127 221 69 832
10074 824 206 69 832
372 115 223 69 832
10143 825 211 69 832
439 62 237 69 832
10156 826 229 69 832
10014 824 225 69 832
10095 825 219 69 832
732 90 226 69 832
10081 825 207 69 832
99 130 233 69 832
382 132 223 70 833
10154 826 210 70 833
10124 823 209 70 833
684 116 227 70 833
302 144 222 70 833
372 116 222 70 833
10156 827 218 70 833
10014 825 213 70 833
589 148 221 70 833
10095 826 210 70 833
10081 826 212 70 833
10111 823 205 70 833
382 133 221 71 834
10124 824 211 71 834
10143 827 217 71 834
10156 828 223 71 834
10107 243 214 71 834
10014 826 227 71 834
589 149 229 71 834
10095 827 209 71 834
732 92 227 71 834
392 143 235 71 834
10081 827 209 71 834
10016 826 206 71 834
382 134 223 72 835
10154 828 218 72 835
10124 825 207 72 835
684 118 234 72 835
10074 827 212 72 835
372 118 229 72 835
10143 828 207 72 835
226 136 221 72 835
439 65 223 72 835
671 150 228 72 835
10156 829 229 72 835
10107 244 208 72 835
527 142 221 72 835
10095 828 232 72 835
177 145 233 72 835
99 133 221 72 835
10154 829 212 73 836
10124 826 221 73 836
10074 828 207 73 836
671 151 222 73 836
10156 830 225 73 836
589 151 225 73 836
10095 829 224 73 836
175 88 227 73 836
10154 830 212 74 837
10124 827 217 74 837
10074 829 208 74 837
684 120 223 74 837
671 152 223 74 837
10156 831 237 74 837
10095 830 212 74 837
373 132 222 74 837
10081 830 206 74 837
99 135 232 74 837
10154 831 208 75 838
10124 828 221 75 838
684 121 224 75 838
671 153 222 75 838
10156 832 227 75 838
589 153 223 75 838
10095 831 223 75 838
177 148 221 75 838
10154 832 208 76 839
10124 829 210 76 839
10074 831 210 76 839
684 122 225 76 839
671 154 223 76 839
10156 833 241 76 839
589 154 222 76 839
10095 832 217 76 839
397 115 223 76 839
175 91 224 76 839
10081 832 208 76 839
10124 830 217 77 840
10074 832 208 77 840
684 123 225 77 840
10156 834 237 77 840
10095 833 225 77 840
397 116 222 77 840
10081 833 208 77 840
99 138 223 78 841
10124 831 209 78 841
302 152 221 78 841
684 124 222 78 841
10156 835 237 78 841
10095 834 219 78 841
99 139 225 79 842
10154 835 206 79 842
10124 832 211 79 842
684 125 221 79 842
439 72 221 79 842
671 157 221 79 842
10156 836 227 79 842
10014 834 205 79 842
589 157 223 79 842
10095 835 225 79 842
175 94 223 79 842
99 140 221 80 843
382 142 225 80 843
10154 836 208 80 843
10124 833 213 80 843
10074 835 210 80 843
684 126 223 80 843
457 151 221 80 843
671 158 224 80 843
10156 837 234 80 843
10085 844 206 80 843
10014 835 207 80 843
589 158 221 80 843
10095 836 226 80 843
99 141 224 81 844
10124 834 208 81 844
10074 836 210 81 844
10143 837 206 81 844
10156 838 229 81 844
10014 836 208 81 844
589 159 227 81 844
177 154 227 81 844
10095 837 231 81 844
175 96 221 81 844
392 153 222 81 844
382 144 221 82 845
10154 838 210 82 845
10124 835 218 82 845
10074 837 208 82 845
671 160 225 82 845
10156 839 245 82 845
10014 837 208 82 845
589 160 229 82 845
10095 838 227 82 845
373 140 222 82 845
10081 838 207 82 845
10124 836 212 83 846
684 129 223 83 846
10156 840 235 83 846
589 161 221 83 846
10095 839 220 83 846
99 144 224 84 847
10124 837 216 84 847
684 130 225 84 847
671 162 225 84 847
10156 841 242 84 847
589 162 225 84 847
10095 840 223 84 847
175 99 221 84 847
10154 841 207 85 848
10124 838 218 85 848
684 131 226 85 848
671 163 227 85 848
10156 842 241 85 848
589 163 223 85 848
10095 841 217 85 848
10081 841 207 85 848
99 146 226 86 849
10124 839 215 86 849
671 164 230 86 849
10156 843 242 86 849
10014 841 205 86 849
589 164 235 86 849
10095 842 225 86 849
10081 842 208 86 849
151 157 222 86 849
10154 843 209 87 850
10124 840 212 87 850
10074 842 206 87 850
684 133 226 87 850
439 80 222 87 850
10156 844 239 87 850
589 165 222 87 850
10095 843 225 87 850
175 102 223 87 850
10154 844 207 88 851
10124 841 211 88 851
99 148 225 88 851
10074 843 210 88 851
684 134 226 88 851
439 81 224 88 851
671 166 234 88 851
10156 845 236 88 851
10095 844 227 88 851
177 161 225 88 851
175 103 225 88 851
10124 842 218 89 852
10074 844 206 89 852
684 135 227 89 852
10156 846 236 89 852
589 167 235 89 852
10095 845 221 89 852
175 104 223 89 852
392 161 221 89 852
10124 843 219 90 853
684 136 231 90 853
671 168 221 90 853
10156 847 231 90 853
589 168 231 90 853
10095 846 221 90 853
98 156 222 90 853
10154 847 207 91 854
684 137 221 91 854
671 169 227 91 854
10156 848 223 91 854
10107 263 207 91 854
589 169 228 91 854
10095 847 225 91 854
175 106 222 91 854
10081 847 207 91 854
671 170 221 92 855
10156 849 237 92 855
589 170 232 92 855
10095 848 225 92 855
397 131 221 92 855
10124 846 206 93 856
10156 850 235 93 856
671 171 227 93 856
589 171 235 93 856
10095 849 215 93 856
10124 847 211 94 857
10156 851 217 94 857
589 172 222 94 857
10095 850 218 94 857
671 173 223 95 858
10156 852 225 95 858
589 173 225 95 858
10095 851 219 95 858
397 134 222 95 858
10124 849 208 96 859
10074 851 206 96 859
684 142 221 96 859
10156 853 219 96 859
589 174 233 96 859
10095 852 218 96 859
175 111 225 96 859
10124 850 208 97 860
10156 854 224 97 860
589 175 229 97 860
10095 853 213 97 860
10154 854 209 98 861
10124 851 209 98 861
10074 853 207 98 861
671 176 225 98 861
10156 855 218 98 861
589 176 231 98 861
10095 854 213 98 861
10124 852 206 99 862
10156 856 220 99 862
589 177 232 99 862
10095 855 217 99 862
671 178 224 100 863
10156 857 219 100 863
589 178 229 100 863
10095 856 212 100 863
10156 858 220 101 864
589 179 225 101 864
10095 857 221 101 864
10154 858 210 102 865
10124 855 223 102 865
10074 857 211 102 865
10166 868 205 102 865
684 148 227 102 865
99 162 224 102 865
10156 859 231 102 865
589 180 226 102 865
10095 858 220 102 865
10154 859 210 103 866
10124 856 208 103 866
99 163 223 103 866
10156 860 227 103 866
671 181 230 103 866
589 181 223 103 866
10095 859 221 103 866
10154 860 211 104 867
99 164 222 104 867
10156 861 225 104 867
10095 860 207 104 867
10156 862 225 105 868
10095 861 218 105 868
10154 862 209 106 869
10124 859 206 106 869
10156 863 221 106 869
10095 862 217 106 869
10154 863 210 107 870
10156 864 228 107 870
589 185 224 107 870
10095 863 215 107 870
10154 864 213 108 871
10074 863 207 108 871
99 168 222 108 871
10156 865 225 108 871
589 186 225 108 871
10095 864 212 108 871
10154 865 209 109 872
99 169 222 109 872
10156 866 227 109 872
10095 865 209 109 872
10154 866 206 110 873
10124 863 207 110 873
671 188 227 110 873
10156 867 222 110 873
10095 866 219 110 873
175 125 226 110 873
10154 867 211 111 874
10156 868 222 111 874
671 189 223 111 874
10095 867 219 111 874
10154 868 211 112 875
10124 865 206 112 875
10156 869 224 112 875
671 190 238 112 875
10095 868 219 112 875
10154 869 209 113 876
10156 870 220 113 876
671 191 233 113 876
10095 869 222 113 876
10154 870 211 114 877
10124 867 210 114 877
10156 871 228 114 877
671 192 226 114 877
10154 871 208 115 878
10124 868 207 115 878
10156 872 225 115 878
10095 871 208 115 878
671 194 226 116 879
10156 873 226 116 879
10095 872 215 116 879
175 131 223 116 879
10081 872 208 116 879
10154 873 206 117 880
10156 874 223 117 880
10095 873 208 117 880
10124 871 211 118 881
684 164 223 118 881
10156 875 235 118 881
10036 874 207 118 881
10085 882 206 118 881
10014 873 207 118 881
589 196 229 118 881
10095 874 222 118 881
175 133 221 118 881
177 191 226 118 881
10081 874 209 118 881
10124 872 223 119 882
10074 874 215 119 882
684 165 222 119 882
671 197 227 119 882
10156 876 243 119 882
10014 874 205 119 882
10095 875 222 119 882
175 134 227 119 882
10154 876 209 120 883
10124 873 212 120 883
10074 875 208 120 883
99 180 221 120 883
10156 877 225 120 883
671 198 232 120 883
10095 876 223 120 883
177 193 224 120 883
10081 876 208 120 883
10124 874 210 121 884
671 199 227 121 884
10156 878 227 121 884
589 199 223 121 884
10095 877 219 121 884
177 194 221 121 884
10154 878 208 122 885
10074 877 212 122 885
684 168 231 122 885
671 200 227 122 885
10156 879 234 122 885
439 115 221 122 885
10095 878 223 122 885
10154 879 210 123 886
10124 876 212 123 886
10074 878 211 123 886
99 183 222 123 886
671 201 233 123 886
10156 880 235 123 886
589 201 224 123 886
10095 879 225 123 886
10154 880 207 124 887
10124 877 211 124 887
10074 879 211 124 887
684 170 223 124 887
99 184 221 124 887
671 202 231 124 887
10156 881 228 124 887
589 202 223 124 887
10095 880 219 124 887
671 203 223 125 888
10156 882 217 125 888
10124 879 209 126 889
671 204 228 126 889
10156 883 226 126 889
10095 882 209 126 889
684 173 223 127 890
99 187 221 127 890
671 205 234 127 890
10156 884 231 127 890
439 120 221 127 890
589 205 227 127 890
10095 883 224 127 890
10124 881 213 128 891
99 188 223 128 891
671 206 225 128 891
10156 885 230 128 891
589 206 221 128 891
10095 884 220 128 891
177 201 221 128 891
10124 882 211 129 892
684 175 223 129 892
99 189 222 129 892
671 207 234 129 892
10156 886 229 129 892
589 207 234 129 892
10095 885 219 129 892
10154 886 208 130 893
10124 883 213 130 893
671 208 236 130 893
10156 887 224 130 893
589 208 225 130 893
10095 886 212 130 893
10124 884 214 131 894
671 209 235 131 894
10156 888 210 131 894
589 209 227 131 894
10095 887 211 131 894
10124 885 206 132 895
671 210 228 132 895
10156 889 220 132 895
589 210 227 132 895
10154 889 206 133 896
671 211 233 133 896
10156 890 223 133 896
589 211 226 133 896
10095 889 216 133 896
177 206 228 133 896
10124 887 206 134 897
671 212 227 134 897
10156 891 225 134 897
10095 890 217 134 897
177 207 221 134 897
10124 888 208 135 898
671 213 223 135 898
10156 892 223 135 898
10095 891 213 135 898
10156 893 229 136 899
10095 892 221 136 899
175 151 226 136 899
177 209 231 136 899
10167 895 207 136 899
10124 890 217 137 900
10074 892 207 137 900
10143 893 206 137 900
671 215 221 137 900
10156 894 235 137 900
10036 893 208 137 900
10014 892 206 137 900
589 215 227 137 900
10095 893 227 137 900
177 210 228 137 900
10081 893 206 137 900
10154 894 209 138 901
10124 891 217 138 901
671 216 223 138 901
10156 895 226 138 901
10107 310 207 138 901
10014 893 208 138 901
589 216 221 138 901
10095 894 228 138 901
175 153 225 138 901
177 211 231 138 901
372 185 221 139 902
10154 895 209 139 902
10124 892 217 139 902
10074 894 206 139 902
10166 905 205 139 902
669 207 221 139 902
671 217 226 139 902
10156 896 218 139 902
10095 895 217 139 902
10156 897 208 140 903
10095 896 213 140 903
10124 894 208 141 904
10156 898 217 141 904
10095 897 213 141 904
10124 895 221 142 905
671 220 233 142 905
10156 899 242 142 905
10095 898 222 142 905
10081 898 205 142 905
10154 899 208 143 906
10124 896 217 143 906
671 221 241 143 906
10156 900 213 143 906
589 221 223 143 906
10095 899 227 143 906
177 216 222 143 906
10124 897 208 144 907
671 222 235 144 907
10156 901 223 144 907
589 222 229 144 907
10095 900 225 144 907
10124 898 211 145 908
684 191 225 145 908
671 223 243 145 908
10156 902 222 145 908
589 223 233 145 908
10095 901 226 145 908
382 208 225 146 909
10154 902 208 146 909
10124 899 221 146 909
10074 901 211 146 909
10166 912 207 146 909
671 224 226 146 909
10156 903 237 146 909
589 224 239 146 909
10095 902 221 146 909
392 218 222 146 909
175 161 221 146 909
10154 903 207 147 910
10124 900 217 147 910
671 225 238 147 910
684 193 223 147 910
10156 904 225 147 910
10036 903 206 147 910
589 225 237 147 910
10095 903 223 147 910
175 162 222 147 910
382 210 222 147 910
10124 901 212 148 911
10074 903 207 148 911
684 194 223 148 911
671 226 225 148 911
10156 905 229 148 911
10095 906 218 150 913
177 223 222 150 913
10124 904 208 151 914
671 229 222 151 914
10156 908 227 151 914
589 229 226 151 914
177 224 221 151 914
10095 907 223 151 914
671 230 229 152 915
10156 909 223 152 915
589 230 224 152 915
177 225 225 152 915
10095 908 217 152 915
10124 906 208 153 916
671 231 241 153 916
10156 910 223 153 916
589 231 231 153 916
10095 909 218 153 916
10124 907 223 154 917
10074 909 212 154 917
684 200 222 154 917
671 232 243 154 917
439 147 232 154 917
99 214 222 154 917
10156 911 227 154 917
589 232 234 154 917
177 227 227 154 917
10095 910 219 154 917
382 217 223 154 917
10154 911 210 155 918
10124 908 219 155 918
10074 910 207 155 918
671 233 243 155 918
10156 912 227 155 918
589 233 231 155 918
177 228 229 155 918
10095 911 220 155 918
175 170 227 155 918
10154 912 211 156 919
10124 909 213 156 919
10074 911 209 156 919
671 234 227 156 919
99 216 221 156 919
10156 913 227 156 919
589 234 223 156 919
177 229 225 156 919
10095 912 219 156 919
175 171 225 156 919
397 195 222 156 919
671 235 234 157 920
10156 914 226 157 920
10095 913 214 157 920
177 230 221 157 920
10156 915 218 158 921
10095 914 217 158 921
177 231 221 158 921
10156 916 215 159 922
10095 915 216 159 922
10154 916 209 160 923
10124 913 212 160 923
671 238 233 160 923
10156 917 235 160 923
10095 916 211 160 923
10156 918 210 161 924
10095 917 213 161 924
10156 919 210 162 925
10095 918 214 162 925
10124 916 213 163 926
10156 920 207 163 926
10095 919 219 163 926
175 178 223 163 926
671 242 229 164 927
10156 921 238 164 927
10095 920 220 164 927
10124 918 207 165 928
10156 922 219 165 928
10095 921 215 165 928
10154 922 206 166 929
10124 919 209 166 929
671 244 235 166 929
10156 923 209 166 929
589 244 223 166 929
10095 922 221 166 929
10154 923 206 167 930
671 245 225 167 930
10156 924 223 167 930
589 245 223 167 930
10095 923 220 167 930
10154 924 206 168 931
671 246 228 168 931
10156 925 219 168 931
10095 924 224 168 931
177 241 222 168 931
671 247 227 169 932
10156 926 227 169 932
10095 925 212 169 932
10156 927 211 170 933
10095 926 211 170 933
10156 928 219 171 934
10095 927 212 171 934
671 250 223 172 935
10156 929 219 172 935
10095 928 215 172 935
10081 928 208 172 935
10154 929 212 173 936
10124 926 210 173 936
10074 928 207 173 936
671 251 221 173 936
10156 930 237 173 936
175 188 222 173 936
10095 929 212 173 936
177 246 223 173 936
382 236 221 174 937
10154 930 211 174 937
10124 927 209 174 937
10074 929 211 174 937
439 167 221 174 937
343 228 221 174 937
10156 931 236 174 937
589 252 236 174 937
175 189 223 174 937
10095 930 214 174 937
397 213 225 174 937
392 246 223 174 937
382 237 225 175 938
10124 928 207 175 938
10074 930 208 175 938
671 253 233 175 938
10156 932 222 175 938
589 253 224 175 938
175 190 229 175 938
10095 931 217 175 938
397 214 224 175 938
732 196 225 175 938
382 238 225 176 939
10154 932 210 176 939
10124 929 216 176 939
10074 931 209 176 939
671 254 223 176 939
302 250 226 176 939
10156 933 233 176 939
589 254 222 176 939
177 249 221 176 939
10095 932 209 176 939
10154 933 212 177 940
10124 930 208 177 940
10156 934 227 177 940
589 255 228 177 940
10095 933 213 177 940
10154 934 212 178 941
10124 931 209 178 941
671 256 225 178 941
10156 935 232 178 941
10107 350 206 178 941
589 256 226 178 941
175 193 223 178 941
10095 934 212 178 941
372 225 222 178 941
684 225 221 179 942
10154 935 210 179 942
10124 932 218 179 942
671 257 225 179 942
10156 936 229 179 942
10107 351 206 179 942
589 257 231 179 942
177 252 227 179 942
10095 935 231 179 942
175 194 229 179 942
392 251 224 179 942
684 226 225 180 943
382 242 223 180 943
10154 936 209 180 943
10124 933 208 180 943
10156 937 236 180 943
99 240 225 180 943
589 258 231 180 943
177 253 224 180 943
10095 936 228 180 943
684 227 224 180 943
10154 937 209 181 944
10124 934 208 181 944
671 259 231 181 944
10156 938 233 181 944
99 241 223 181 944
457 252 222 181 944
589 259 225 181 944
177 254 226 181 944
10095 937 228 181 944
10154 938 209 182 945
10124 935 222 182 945
10074 937 206 182 945
671 260 233 182 945
10156 939 240 182 945
10014 937 207 182 945
589 260 233 182 945
177 255 225 182 945
397 221 224 182 945
10095 938 222 182 945
10081 938 213 182 945
10016 937 206 182 945
10154 939 212 183 946
10124 936 224 183 946
10074 938 209 183 946
382 245 227 183 946
671 261 231 183 946
10156 940 241 183 946
10107 355 207 183 946
10014 938 211 183 946
589 261 231 183 946
175 198 225 183 946
397 222 230 183 946
392 255 221 183 946
10095 939 227 183 946
10081 939 207 183 946
684 230 221 183 946
10154 940 207 183 946
10166 950 206 184 947
382 246 221 184 947
439 177 221 184 947
10156 941 233 184 947
10014 939 208 184 947
589 262 225 184 947
175 199 227 184 947
397 223 223 184 947
10095 940 220 184 947
732 205 222 184 947
10081 940 207 184 947
10124 938 208 184 947
10166 951 207 185 948
382 247 224 185 948
671 263 234 185 948
10156 942 233 185 948
10014 940 207 185 948
397 224 225 185 948
10095 941 221 185 948
10081 941 208 185 948
10124 939 208 185 948
382 248 222 186 949
671 264 235 186 949
10156 943 223 186 949
589 264 225 186 949
175 201 225 186 949
10095 942 222 186 949
10154 943 207 186 949
671 265 227 187 950
10156 944 227 187 950
589 265 227 187 950
175 202 221 187 950
10095 943 218 187 950
10154 944 206 187 950
10124 941 211 188 951
10074 943 209 188 951
671 266 229 188 951
10156 945 225 188 951
175 203 225 188 951
10095 944 217 188 951
10154 945 208 188 951
10124 942 210 188 951
671 267 224 189 952
10156 946 225 189 952
177 262 230 189 952
10095 945 221 189 952
10124 943 211 189 952
671 268 229 190 953
10156 947 223 190 953
10095 946 221 190 953
10124 944 210 190 953
671 269 226 191 954
10156 948 225 191 954
10095 947 225 191 954
10124 945 209 191 954
671 270 226 192 955
10156 949 222 192 955
589 270 222 192 955
10095 948 224 192 955
10154 949 205 192 955
10124 946 207 192 955
671 271 226 193 956
10156 950 221 193 956
589 271 223 193 956
10095 949 225 193 956
671 272 243 194 957
10156 951 223 194 957
589 272 221 194 957
10095 950 223 194 957
10154 951 206 194 957
10124 948 208 194 957
671 273 240 195 958
10156 952 222 195 958
589 273 227 195 958
177 268 222 195 958
10095 951 221 195 958
10124 949 208 195 958
671 274 222 196 959
10156 953 220 196 959
589 274 225 196 959
10095 952 222 196 959
10124 950 208 196 959
671 275 230 197 960
10156 954 221 197 960
10095 953 224 197 960
10081 953 212 197 960
10154 954 207 197 960
10124 951 221 197 960
10074 953 210 197 960
671 276 227 198 961
10156 955 233 198 961
589 276 233 198 961
10095 954 211 198 961
10156 956 221 199 962
589 277 221 199 962
10095 955 217 199 962
10156 957 220 200 963
10095 956 220 200 963
10124 954 207 200 963
10156 958 218 201 964
10095 957 222 201 964
10124 955 209 201 964
671 280 221 201 964
10156 959 219 202 965
10095 958 219 202 965
177 275 223 202 965
175 217 221 202 965
99 3 224 202 965
10154 959 207 202 965
382 265 224 202 965
10156 960 225 203 966
589 281 226 203 966
10095 959 222 203 966
177 276 225 203 966
10154 960 208 203 966
382 266 223 203 966
671 282 223 203 966
10156 961 224 204 967
177 277 225 204 967
10095 960 225 204 967
10124 958 208 204 967
671 283 221 204 967
10156 962 223 205 968
177 278 224 205 968
10095 961 223 205 968
175 220 227 205 968
10154 962 209 205 968
10124 959 207 205 968
382 268 223 205 968
671 284 228 205 968
10156 963 224 206 969
177 279 226 206 969
10095 962 224 206 969
10154 963 207 206 969
382 269 223 206 969
671 285 227 206 969
10156 964 219 207 970
177 280 225 207 970
10095 963 223 207 970
175 222 221 207 970
671 286 223 207 970
10156 965 217 208 971
10095 964 213 208 971
10156 966 212 209 972
589 287 224 209 972
177 282 225 209 972
10095 965 221 209 972
671 288 221 209 972
10156 967 226 210 973
10095 966 215 210 973
10156 968 225 211 974
589 289 225 211 974
177 284 223 211 974
10095 967 211 211 974
10154 968 207 211 974
10124 965 207 211 974
671 290 227 211 974
372 258 223 211 974
439 205 223 211 974
10156 969 225 212 975
589 290 229 212 975
10095 968 213 212 975
99 13 223 212 975
671 291 223 212 975
10154 969 209 212 975
10124 966 207 212 975
372 259 221 212 975
10156 970 227 213 976
589 291 232 213 976
10156 971 217 214 977
10156 972 212 215 978
10081 971 211 215 978
10124 969 215 215 978
10074 971 209 215 978
10166 982 206 215 978
10156 973 217 216 979
589 294 233 216 979
10095 972 218 216 979
175 231 224 216 979
99 17 223 216 979
671 295 221 216 979
10154 973 210 216 979
10124 970 219 216 979
10074 972 212 216 979
10166 983 208 216 979
439 210 223 216 979
10156 974 233 217 980
589 295 228 217 980
10095 973 210 217 980
10124 971 207 217 980
10156 975 212 218 981
10095 974 208 218 981
671 297 226 218 981
10124 972 207 218 981
589 297 221 219 982
10156 976 225 219 982
10095 975 206 219 982
10124 973 209 219 982
10156 977 228 220 983
10095 976 209 220 983
10156 978 215 221 984
10095 977 206 221 984
10124 975 217 221 984
10156 979 233 222 985
10095 978 213 222 985
177 295 227 222 985
99 23 231 222 985
10124 976 211 222 985
439 216 222 222 985
589 301 221 223 986
10156 980 236 223 986
177 296 225 223 986
589 302 223 224 987
10156 981 233 224 987
10095 980 206 224 987
10156 982 227 225 988
10095 981 209 225 988
10156 983 221 226 989
177 299 221 226 989
10156 984 213 227 990
10095 983 210 227 990
10156 985 218 228 991
10095 984 211 228 991
10124 982 211 228 991
10156 986 220 229 992
10095 985 215 229 992
10124 983 208 229 992
10156 987 236 230 993
10014 985 209 230 993
732 251 221 230 993
10095 986 219 230 993
392 302 222 230 993
10081 986 206 230 993
10124 984 221 230 993
589 309 225 231 994
10156 988 231 231 994
10014 986 206 231 994
10095 987 225 231 994
177 304 222 231 994
99 32 221 231 994
10124 985 215 231 994
10074 987 208 231 994
382 294 223 231 994
671 310 227 231 994
10156 989 234 232 995
10095 988 210 232 995
177 305 221 232 995
10081 988 208 232 995
10124 986 222 232 995
10074 988 210 232 995
671 311 227 232 995
439 226 225 232 995
302 307 223 233 996
10156 990 239 233 996
10095 989 218 233 996
10124 987 218 233 996
10074 989 209 233 996
10156 991 235 234 997
10095 990 219 234 997
177 307 225 234 997
10124 988 205 234 997
10156 992 215 235 998
10095 991 210 235 998
671 314 222 236 999
589 314 223 236 999
10156 993 235 236 999
10095 992 219 236 999
10154 993 207 236 999
10124 990 211 236 999
10074 992 209 236 999
382 299 223 236 999
671 315 230 236 999
589 315 227 237 1000
10156 994 227 237 1000
10095 993 223 237 1000
175 252 222 237 1000
177 310 225 237 1000
99 38 221 237 1000
10154 994 208 237 1000
10124 991 214 237 1000
372 284 221 237 1000
10074 993 207 237 1000
671 316 229 237 1000
589 316 230 238 1001
10156 995 230 238 1001
10095 994 214 238 1001
175 253 221 238 1001
177 311 227 238 1001
10154 995 211 238 1001
10124 992 208 238 1001
671 317 233 238 1001
589 317 227 239 1002
10156 996 221 239 1002
10095 995 211 239 1002
10154 996 211 239 1002
671 318 225 239 1002
10156 997 232 240 1003
10095 996 217 240 1003
177 313 222 240 1003
10124 994 215 240 1003
671 319 223 240 1003
589 319 233 241 1004
10156 998 231 241 1004
10095 997 215 241 1004
10124 995 209 241 1004
589 320 227 242 1005
10156 999 214 242 1005
10095 998 223 242 1005
392 314 223 242 1005
151 313 221 242 1005
177 315 223 242 1005
10081 998 210 242 1005
10154 999 214 242 1005
10124 996 219 242 1005
10074 998 210 242 1005
671 321 236 242 1005
684 33 227 242 1005
439 236 222 243 1006
589 321 247 243 1006
10156 1000 224 243 1006
10095 999 216 243 1006
10081 999 206 243 1006
99 44 231 243 1006
10154 1000 208 243 1006
10124 997 212 243 1006
10074 999 211 243 1006
589 322 231 244 1007
10156 1001 231 244 1007
10095 1000 223 244 1007
99 45 225 244 1007
10124 998 210 244 1007
589 323 229 245 1008
10156 1002 229 245 1008
10095 1001 221 245 1008
10154 1002 206 245 1008
10124 999 209 245 1008
589 324 221 246 1009
10156 1003 219 246 1009
10095 1002 218 246 1009
10154 1003 207 246 1009
10156 1004 217 247 1010
10095 1003 221 247 1010
10154 1004 206 247 1010
589 326 225 248 1011
10156 1005 223 248 1011
10095 1004 220 248 1011
10154 1005 206 248 1011
589 327 223 249 1012
10156 1006 220 249 1012
10095 1005 219 249 1012
10154 1006 208 249 1012
589 328 222 250 1013
10156 1007 217 250 1013
10095 1006 219 250 1013
10154 1007 207 250 1013
589 329 222 251 1014
10156 1008 215 251 1014
10095 1007 219 251 1014
99 52 226 251 1014
372 298 222 251 1014
671 330 235 251 1014
10154 1008 210 251 1014
589 330 233 252 1015
10156 1009 221 252 1015
732 273 225 252 1015
10095 1008 224 252 1015
10081 1008 208 252 1015
99 53 221 252 1015
671 331 223 252 1015
10154 1009 213 252 1015
10124 1006 222 252 1015
589 331 235 253 1016
10156 1010 232 253 1016
508 231 221 253 1016
10107 425 206 253 1016
10095 1009 231 253 1016
177 326 222 253 1016
10154 1010 212 253 1016
10124 1007 211 253 1016
10074 1009 209 253 1016
10156 1011 219 254 1017
10036 1010 207 254 1017
10014 1009 209 254 1017
10095 1010 223 254 1017
10016 1009 209 254 1017
10154 1011 233 254 1017
10166 1021 215 254 1017
10143 1011 206 255 1018
10130 1009 213 255 1018
55 322 223 255 1018
208 328 227 255 1018
302 329 223 255 1018
10116 1008 211 255 1018
365 3 223 255 1018
10129 1015 227 255 1018
294 322 222 255 1018
772 329 221 255 1018
10154 1012 208 255 1018
10130 1010 211 256 1019
10036 1012 208 256 1019
703 310 231 256 1019
10115 1014 224 256 1019
749 3 225 256 1019
563 329 221 256 1019
772 330 223 256 1019
384 329 221 256 1019
207 312 223 256 1019
536 331 227 256 1019
10156 1014 211 257 1020
416 324 225 257 1020
304 319 223 257 1020
297 261 223 257 1020
10154 1014 216 257 1020
193 315 222 257 1020
10106 1019 215 258 1021
391 253 240 258 1021
578 329 231 259 1022
610 30 221 259 1022
489 271 225 260 1023
621 327 221 260 1023
212 332 249 261 1024
508 239 222 261 1024
7 319 225 261 1024
562 331 221 261 1024
10134 1017 208 261 1024
10050 1028 214 261 1024
10065 1027 227 261 1024
212 333 223 262 1025
10101 1018 211 262 1025
10141 1017 223 262 1025
294 329 222 262 1025
562 332 221 262 1025
470 248 229 262 1025
166 304 226 262 1025
10128 1020 219 262 1025
10123 1021 213 263 1026
10138 1020 209 263 1026
210 321 221 263 1026
556 340 232 263 1026
221 333 237 263 1026
10128 1021 212 264 1027
10101 1020 207 264 1027
10061 1031 219 264 1027
10169 1028 211 264 1027
757 307 221 264 1027
263 149 227 264 1027
779 299 221 264 1027
10050 1031 208 264 1027
10141 1020 225 265 1028
10134 1021 217 265 1028
10009 1026 211 266 1029
10134 1022 211 266 1029
407 48 229 266 1029
174 318 243 266 1029
10009 1027 211 267 1030
10134 1023 216 267 1030
407 49 239 267 1030
174 319 253 267 1030
407 50 241 268 1031
174 320 245 268 1031
3 255 222 269 1032
407 51 233 269 1032
10134 1025 206 269 1032
174 321 250 269 1032
10009 1030 208 270 1033
3 256 227 270 1033
407 52 237 270 1033
10134 1026 207 270 1033
174 322 254 270 1033
3 257 237 271 1034
10134 1027 208 271 1034
407 53 239 271 1034
10134 1028 209 272 1035
10106 1033 210 272 1035
10076 1032 210 273 1036
10055 1036 225 273 1036
10018 363 207 273 1036
206 310 224 273 1036
10158 1031 207 273 1036
10173 1032 223 273 1036
10106 1034 217 273 1036
10144 1032 207 273 1036
10004 1033 215 274 1037
10076 1033 209 274 1037
10010 1028 207 274 1037
10055 1037 219 274 1037
10018 364 207 274 1037
206 311 235 274 1037
10140 1033 216 274 1037
10158 1032 226 274 1037
10144 1033 207 274 1037
290 348 224 275 1038
10010 1029 221 275 1038
10170 1032 221 275 1038
10140 1034 212 275 1038
10158 1033 215 275 1038
512 325 221 275 1038
10144 1034 223 275 1038
10010 1030 227 276 1039
10170 1033 224 276 1039
10140 1035 210 276 1039
10158 1034 210 276 1039
512 326 223 276 1039
537 331 226 276 1039
10144 1035 220 276 1039
10010 1031 224 277 1040
10170 1034 214 277 1040
10140 1036 207 277 1040
10158 1035 216 277 1040
512 327 222 277 1040
181 315 223 277 1040
233 352 235 277 1040
77 347 231 277 1040
10144 1036 233 277 1040
290 351 223 278 1041
10010 1032 208 278 1041
10170 1035 210 278 1041
10158 1036 211 278 1041
512 328 222 278 1041
10144 1037 223 278 1041
10010 1033 219 279 1042
10170 1036 217 279 1042
10144 1038 225 279 1042
77 349 225 279 1042
10010 1034 225 280 1043
10170 1037 220 280 1043
10158 1038 210 280 1043
512 330 222 280 1043
10144 1039 217 280 1043
10010 1035 226 281 1044
10170 1038 220 281 1044
10140 1040 219 281 1044
10158 1039 209 281 1044
10106 1042 206 281 1044
10055 1045 217 282 1045
10018 372 220 282 1045
10098 1042 207 282 1045
10170 1039 207 282 1045
10140 1041 223 282 1045
10084 1039 207 282 1045
10158 1040 234 282 1045
10106 1043 211 282 1045
10004 1042 213 283 1046
10076 1042 213 283 1046
10055 1046 225 283 1046
10018 373 222 283 1046
10098 1043 208 283 1046
10158 1041 216 283 1046
10173 1042 213 283 1046
10106 1044 214 283 1046
10076 1043 233 284 1047
10055 1047 212 284 1047
10134 1040 205 284 1047
10106 1045 206 284 1047
188 299 223 284 1047
10009 1045 211 285 1048
10134 1041 226 285 1048
10009 1046 214 286 1049
10134 1042 210 286 1049
10141 1042 214 287 1050
10088 1045 207 287 1050
10138 1044 209 287 1050
556 364 221 287 1050
10128 1045 207 287 1050
10101 1044 212 288 1051
10061 1055 222 288 1051
10138 1045 230 288 1051
407 70 224 288 1051
136 129 223 288 1051
10128 1046 221 288 1051
10061 1056 206 289 1052
601 363 221 289 1052
10138 1046 218 289 1052
10062 1050 212 289 1052
10128 1047 219 289 1052
10068 1058 210 290 1053
10062 1051 219 290 1053
174 342 233 290 1053
10128 1048 213 290 1053
10061 1058 205 291 1054
10068 1059 211 291 1054
10138 1048 212 291 1054
136 132 224 291 1054
10062 1052 211 291 1054
174 343 233 291 1054
10138 1049 211 292 1055
10062 1053 208 292 1055
10128 1050 217 292 1055
10068 1061 207 293 1056
10138 1050 221 293 1056
10062 1054 212 293 1056
174 345 223 293 1056
10068 1062 209 294 1057
10138 1051 218 294 1057
10062 1055 212 294 1057
10068 1063 208 295 1058
10138 1052 209 295 1058
10128 1053 212 295 1058
174 347 223 295 1058
712 364 237 295 1058
10068 1064 206 296 1059
10138 1053 208 296 1059
712 365 226 296 1059
10128 1054 206 296 1059
10138 1054 212 297 1060
10128 1055 205 297 1060
10128 1056 207 298 1061
174 350 221 298 1061
407 81 222 299 1062
174 351 221 299 1062
10128 1057 209 299 1062
10068 1068 209 300 1063
10138 1057 208 300 1063
188 315 228 300 1063
10062 1061 210 300 1063
10128 1058 210 300 1063
10068 1069 212 301 1064
10062 1062 207 301 1064
174 353 221 301 1064
10128 1059 207 301 1064
10138 1059 207 302 1065
10128 1060 210 302 1065
10138 1060 213 303 1066
10062 1064 208 303 1066
10128 1061 207 303 1066
10128 1062 211 304 1067
10062 1066 206 305 1068
10128 1063 212 305 1068
10062 1067 207 306 1069
10128 1064 210 306 1069
10068 1075 211 307 1070
10138 1064 206 307 1070
10062 1068 209 307 1070
10128 1065 209 307 1070
10068 1076 211 308 1071
10138 1065 217 308 1071
10128 1066 210 308 1071
174 360 223 308 1071
10068 1077 207 309 1072
10062 1070 208 309 1072
10128 1067 208 309 1072
174 361 221 309 1072
10138 1067 209 310 1073
10062 1071 207 310 1073
10128 1068 209 310 1073
10068 1079 209 311 1074
10128 1069 209 311 1074
10062 1073 209 312 1075
10068 1081 208 313 1076
10128 1071 207 313 1076
10068 1082 208 314 1077
10138 1071 208 314 1077
10128 1072 211 314 1077
10128 1073 213 315 1078
10138 1073 213 316 1079
10128 1074 213 317 1080
10128 1075 211 318 1081
10138 1075 211 318 1081
10128 1076 213 319 1082
10138 1076 207 319 1082
10062 1080 207 319 1082
10128 1077 212 320 1083
10138 1077 208 320 1083
10128 1078 210 321 1084
10062 1082 207 321 1084
10128 1079 210 321 1084
10062 1083 206 322 1085
10128 1080 212 322 1085
10138 1080 209 323 1086
10062 1084 207 323 1086
10128 1081 210 324 1087
10101 1080 208 324 1087
10138 1081 214 324 1087
10062 1085 210 324 1087
10128 1082 211 324 1087
10068 1093 207 325 1088
10128 1083 211 325 1088
10068 1094 209 326 1089
10138 1083 209 326 1089
10062 1087 213 326 1089
174 378 222 326 1089
10128 1084 212 326 1089
10068 1095 211 327 1090
10062 1088 210 327 1090
10128 1085 213 327 1090
10138 1085 206 328 1091
10062 1089 208 328 1091
10128 1086 216 328 1091
10138 1086 209 329 1092
10062 1090 210 329 1092
10128 1087 215 329 1092
10068 1098 206 330 1093
10138 1087 206 330 1093
10062 1091 211 330 1093
10128 1088 213 330 1093
10068 1099 206 331 1094
10138 1088 210 331 1094
10062 1092 211 331 1094
10128 1089 215 331 1094
10138 1089 208 332 1095
10062 1093 211 332 1095
10128 1090 210 332 1095
10062 1094 210 333 1096
10128 1091 208 333 1096
10062 1095 211 334 1097
10128 1092 212 334 1097
10062 1096 210 335 1098
10128 1093 212 335 1098
10062 1097 210 336 1099
10128 1094 206 336 1099
10068 1105 206 337 1100
10138 1094 212 337 1100
10062 1098 211 337 1100
10138 1095 206 338 1101
10062 1099 212 338 1101
10128 1096 213 338 1101
10138 1096 206 339 1102
10062 1100 210 339 1102
174 391 221 339 1102
10128 1098 213 340 1103
10068 1109 206 341 1104
10062 1102 207 341 1104
10128 1099 210 341 1104
10138 1099 208 342 1105
10128 1100 215 342 1105
10138 1100 207 343 1106
10128 1101 214 343 1106
10138 1101 208 344 1107
10062 1105 206 344 1107
10128 1102 213 344 1107
10138 1102 208 345 1108
10128 1103 212 345 1108
10138 1103 207 346 1109
10128 1104 212 346 1109
10138 1104 214 347 1110
10062 1108 207 347 1110
10128 1105 215 347 1110
10062 1109 207 348 1111
10128 1106 215 348 1111
10138 1106 215 349 1112
10128 1107 217 349 1112
10138 1107 207 350 1113
10062 1111 207 350 1113
10128 1108 213 350 1113
10062 1112 208 351 1114
10128 1109 210 351 1114
10062 1113 207 352 1115
174 404 221 352 1115
559 299 226 352 1115
10138 1110 206 353 1116
694 72 224 353 1116
10062 1114 209 353 1116
10128 1111 211 353 1116
10062 1115 207 354 1117
10128 1112 210 354 1117
10068 1123 208 355 1118
10138 1112 212 355 1118
10062 1116 208 355 1118
10128 1113 215 355 1118
10068 1124 206 356 1119
10138 1113 208 356 1119
10062 1117 210 356 1119
10128 1114 215 356 1119
10128 1115 215 357 1120
10062 1119 209 358 1121
10128 1116 213 358 1121
10062 1120 208 359 1122
10128 1117 211 359 1122
10062 1121 208 360 1123
10128 1118 211 360 1123
10062 1122 207 361 1124
174 413 221 361 1124
10128 1119 211 361 1124
684 152 225 362 1125
10062 1123 208 362 1125
10138 1120 209 363 1126
10062 1124 207 363 1126
10128 1121 211 363 1126
10138 1121 208 364 1127
10062 1125 208 364 1127
10128 1122 212 364 1127
10062 1126 208 365 1128
10128 1123 212 365 1128
684 156 221 365 1128
10138 1123 207 366 1129
10062 1127 207 366 1129
10128 1124 212 366 1129
10138 1124 207 367 1130
10128 1125 215 367 1130
10062 1129 207 368 1131
10128 1126 211 368 1131
684 159 221 369 1132
10068 1137 208 369 1132
10138 1126 209 369 1132
10128 1127 211 369 1132
10138 1127 211 370 1133
10062 1131 207 370 1133
10128 1128 208 370 1133
559 317 225 370 1133
684 161 221 371 1134
167 76 226 371 1134
10068 1139 208 371 1134
10138 1128 211 371 1134
10062 1132 205 371 1134
10128 1129 217 371 1134
559 318 223 371 1134
10068 1140 207 372 1135
10138 1129 210 372 1135
10128 1130 213 372 1135
10138 1130 211 373 1136
10128 1131 213 373 1136
10138 1131 212 374 1137
10062 1135 206 374 1137
10128 1132 212 374 1137
10138 1132 212 375 1138
10062 1136 207 375 1138
10138 1133 207 376 1139
10138 1135 208 378 1141
10062 1139 207 378 1141
10128 1136 213 378 1141
10138 1136 215 379 1142
10128 1137 212 379 1142
750 450 221 379 1142
10068 1148 211 380 1143
10062 1141 210 380 1143
10128 1138 212 380 1143
10138 1138 209 381 1144
10062 1142 211 381 1144
10128 1139 210 381 1144
10138 1139 209 382 1145
10062 1143 217 382 1145
559 329 221 382 1145
10128 1140 213 382 1145
10138 1140 209 383 1146
10062 1144 207 383 1146
10128 1141 208 383 1146
10138 1141 211 384 1147
10062 1145 207 384 1147
10068 1153 208 385 1148
10138 1142 208 385 1148
10062 1146 212 385 1148
10128 1143 209 385 1148
10138 1143 211 386 1149
174 438 227 386 1149
10128 1144 210 386 1149
10068 1155 208 387 1150
10128 1145 209 387 1150
10068 1156 207 388 1151
10128 1146 209 388 1151
174 441 223 389 1152
10128 1147 209 389 1152
10128 1148 211 390 1153
10128 1149 211 391 1154
10128 1150 211 392 1155
10068 1161 208 393 1156
174 445 225 393 1156
10128 1151 210 393 1156
10068 1162 206 394 1157
10138 1151 206 394 1157
174 446 231 394 1157
10128 1152 211 394 1157
10128 1153 212 395 1158
10068 1165 206 397 1160
10128 1155 206 397 1160
174 450 225 398 1161
10128 1156 212 398 1161
174 451 226 399 1162
10128 1157 212 399 1162
10128 1158 211 400 1163
10128 1159 212 401 1164
10068 1170 206 402 1165
10128 1160 210 402 1165
10128 1161 210 403 1166
10068 1172 208 404 1167
10128 1162 209 404 1167
10068 1173 207 405 1168
10138 1162 209 405 1168
10128 1163 209 405 1168
10128 1164 210 406 1169
174 458 221 406 1169
10068 1175 207 407 1170
10128 1165 210 407 1170
174 459 222 407 1170
10068 1176 207 408 1171
10128 1166 211 408 1171
174 460 223 408 1171
10128 1167 209 409 1172
10128 1168 211 410 1173
10128 1169 211 411 1174
174 463 227 411 1174
10138 1169 208 412 1175
10128 1170 206 412 1175
10128 1171 209 413 1176
174 465 227 413 1176
10138 1171 206 414 1177
174 466 222 414 1177
10138 1172 207 415 1178
3 402 221 415 1178
10062 1177 205 416 1179
10128 1174 211 416 1179
10138 1174 208 417 1180
10128 1175 211 417 1180
10068 1186 206 418 1181
10138 1175 208 418 1181
10128 1176 211 418 1181
10138 1176 207 419 1182
10128 1177 207 419 1182
10128 1179 208 421 1184
10138 1179 207 422 1185
10138 1180 207 423 1186
10128 1182 206 424 1187
10138 1182 208 425 1188
10128 1183 209 425 1188
174 477 221 425 1188
10128 1184 209 426 1189
10128 1185 209 427 1190
10068 1196 205 428 1191
10128 1186 207 428 1191
10128 1187 210 429 1192
10128 1188 207 430 1193
10128 1189 206 431 1194
10128 1190 210 432 1195
10138 1191 206 434 1197
174 486 221 434 1197
10128 1194 206 436 1199
10138 1194 218 437 1200
10062 1198 215 437 1200
10128 1195 210 437 1200
10068 1206 207 438 1201
10128 1196 212 438 1201
10068 1207 208 439 1202
10062 1200 212 439 1202
10128 1197 206 439 1202
174 491 224 439 1202
10068 1208 208 440 1203
10062 1201 211 440 1203
10128 1198 207 440 1203
174 492 225 440 1203
10068 1209 208 441 1204
10138 1198 208 441 1204
10128 1199 210 441 1204
10068 1210 208 442 1205
10062 1203 208 442 1205
10138 1200 207 443 1206
10128 1201 207 443 1206
10062 1205 208 444 1207
10128 1203 207 445 1208
10138 1203 206 446 1209
10138 1204 208 447 1210
174 499 222 447 1210
10068 1216 207 448 1211
10138 1205 211 448 1211
10062 1209 207 448 1211
10128 1206 207 448 1211
10128 1207 207 449 1212
10128 1208 207 450 1213
10128 1209 209 451 1214
174 506 224 455 1218
10138 1212 211 455 1218
494 46 225 455 1218
10138 1213 208 456 1219
10062 1217 208 456 1219
10128 1214 209 456 1219
10068 1225 207 457 1220
10138 1214 209 457 1220
10128 1215 208 457 1220
174 509 223 458 1221
10068 1226 207 458 1221
10138 1215 207 458 1221
10062 1219 209 458 1221
174 510 223 459 1222
10068 1227 206 459 1222
10138 1216 207 459 1222
10128 1218 206 460 1223
10068 1229 207 461 1224
10128 1219 207 461 1224
10068 1230 209 462 1225
10138 1219 209 462 1225
174 514 225 463 1226
10068 1231 210 463 1226
10138 1220 209 463 1226
10062 1224 211 463 1226
10128 1221 206 463 1226
174 515 222 464 1227
10138 1221 218 464 1227
10062 1225 207 464 1227
10128 1222 207 464 1227
174 516 227 465 1228
10068 1233 211 465 1228
10138 1222 219 465 1228
10128 1223 207 465 1228
10068 1234 207 466 1229
174 518 223 467 1230
10138 1224 208 467 1230
10138 1225 206 468 1231
10128 1226 206 468 1231
174 520 227 468 1231
263 122 228 469 1232
10062 1230 207 469 1232
10128 1227 205 469 1232
174 521 233 469 1232
10138 1227 210 470 1233
10062 1231 215 470 1233
10128 1228 207 470 1233
10068 1239 211 471 1234
10138 1228 208 471 1234
408 543 222 471 1234
10062 1232 209 471 1234
10128 1229 210 471 1234
99 272 233 472 1235
10068 1240 207 472 1235
10062 1233 208 472 1235
10128 1230 207 472 1235
174 524 222 472 1235
10128 1231 210 473 1236
10068 1242 210 474 1237
10138 1231 211 474 1237
10062 1235 209 474 1237
10128 1232 208 474 1237
174 526 225 474 1237
10068 1243 212 475 1238
10062 1236 213 475 1238
174 527 229 475 1238
10062 1237 215 476 1239
10128 1234 209 476 1239
174 528 229 476 1239
10138 1234 208 477 1240
10062 1238 211 477 1240
10128 1235 210 477 1240
174 529 229 477 1240
10068 1246 208 478 1241
10138 1235 208 478 1241
10062 1239 215 478 1241
10128 1236 210 478 1241
10138 1236 209 479 1242
10062 1240 212 479 1242
174 531 222 479 1242
10068 1248 212 480 1243
10138 1237 209 480 1243
10062 1241 212 480 1243
10128 1238 209 480 1243
174 532 225 480 1243
10068 1249 213 481 1244
10138 1238 208 481 1244
10062 1242 211 481 1244
10128 1239 209 481 1244
174 533 222 481 1244
10068 1250 207 482 1245
10062 1243 209 482 1245
10128 1240 211 482 1245
174 534 221 482 1245
10062 1244 209 483 1246
10068 1252 207 484 1247
10062 1245 207 484 1247
174 536 228 484 1247
10138 1242 211 485 1248
712 554 222 485 1248
10062 1246 216 485 1248
10128 1243 207 485 1248
174 537 233 485 1248
10068 1254 212 486 1249
10138 1243 213 486 1249
390 551 223 486 1249
10062 1247 213 486 1249
10128 1244 212 486 1249
174 538 231 486 1249
40 218 233 487 1250
10068 1255 207 487 1250
10123 1245 206 487 1250
10062 1248 215 487 1250
10128 1245 206 487 1250
665 358 225 487 1250
10169 1252 207 488 1251
10068 1256 210 488 1251
455 560 224 488 1251
10138 1245 213 488 1251
333 555 222 488 1251
536 563 225 488 1251
579 567 221 488 1251
10062 1249 208 488 1251
10128 1246 217 488 1251
10068 1257 206 489 1252
451 563 229 489 1252
333 556 221 489 1252
10067 1249 209 490 1253
10123 1248 217 490 1253
10163 1256 206 490 1253
10164 1048 212 490 1253
174 542 241 491 1254
10043 1252 213 491 1254
104 557 249 491 1254
437 518 226 492 1255
174 543 246 492 1255
320 7 222 492 1255
10091 1254 223 492 1255
174 544 237 493 1256
542 530 225 493 1256
10063 1254 207 493 1256
174 545 236 494 1257
10070 1254 208 494 1257
384 567 222 494 1257
174 546 241 495 1258
360 6 221 495 1258
45 225 221 495 1258
10002 1106 221 495 1258
785 556 241 495 1258
644 560 227 495 1258
174 547 231 496 1259
646 547 227 496 1259
10172 1254 210 496 1259
10003 1258 221 496 1259
10002 1107 212 496 1259
174 548 226 497 1260
10048 1262 209 497 1260
197 570 222 497 1260
10035 1261 231 497 1260
661 419 223 497 1260
174 549 245 498 1261
10048 1263 223 498 1261
10172 1256 206 498 1261
197 571 223 498 1261
10035 1262 210 498 1261
10003 1260 208 498 1261
174 550 226 498 1261
10048 1264 219 499 1262
10035 1263 240 499 1262
10003 1261 217 499 1262
661 421 223 499 1262
174 551 222 500 1263
10048 1265 209 500 1263
197 573 227 500 1263
10035 1264 233 500 1263
10003 1262 211 500 1263
661 422 235 500 1263
10048 1266 211 501 1264
197 574 227 501 1264
10035 1265 235 501 1264
10003 1263 218 501 1264
10048 1267 213 502 1265
10035 1266 231 502 1265
10003 1264 207 502 1265
661 424 243 502 1265
10048 1268 223 503 1266
10035 1267 227 503 1266
10003 1265 217 503 1266
10048 1269 219 504 1267
10172 1262 210 504 1267
10035 1268 235 504 1267
10003 1266 218 504 1267
661 426 238 504 1267
174 556 247 505 1268
10048 1270 229 505 1268
197 578 223 505 1268
10035 1269 237 505 1268
661 427 233 505 1268
174 557 227 506 1269
10048 1271 218 506 1269
197 579 222 506 1269
10035 1270 231 506 1269
10003 1268 220 506 1269
661 428 238 506 1269
174 558 239 507 1270
10048 1272 218 507 1270
10035 1271 221 507 1270
10003 1269 214 507 1270
661 429 222 507 1270
174 559 235 508 1271
10048 1273 219 508 1271
10172 1266 212 508 1271
10035 1272 233 508 1271
10003 1270 210 508 1271
661 430 225 508 1271
10048 1274 223 509 1272
10035 1273 238 509 1272
10045 1274 206 509 1272
10003 1271 217 509 1272
661 431 233 509 1272
174 561 227 510 1273
10048 1275 212 510 1273
10035 1274 240 510 1273
664 569 238 510 1273
10003 1272 207 510 1273
661 432 241 510 1273
174 562 242 511 1274
10048 1276 214 511 1274
10172 1269 208 511 1274
10035 1275 232 511 1274
552 578 237 511 1274
661 433 229 511 1274
10003 1273 223 511 1274
174 563 235 512 1275
10048 1277 224 512 1275
197 585 221 512 1275
10035 1276 234 512 1275
552 579 225 512 1275
10003 1274 211 512 1275
174 564 239 513 1276
10048 1278 217 513 1276
197 586 221 513 1276
664 572 231 513 1276
10035 1277 221 513 1276
552 580 226 513 1276
10003 1275 221 513 1276
174 565 239 514 1277
10048 1279 221 514 1277
664 573 223 514 1277
10035 1278 241 514 1277
10045 1279 208 514 1277
10003 1276 217 514 1277
174 566 238 514 1277
10048 1280 214 515 1278
10035 1279 224 515 1278
10003 1277 219 515 1278
661 437 226 515 1278
174 567 239 515 1278
10048 1281 218 516 1279
664 575 223 516 1279
10035 1280 224 516 1279
552 583 247 516 1279
10003 1278 212 516 1279
174 568 239 516 1279
10048 1282 220 517 1280
664 576 225 517 1280
10035 1281 212 517 1280
552 584 227 517 1280
10003 1279 212 517 1280
174 569 239 517 1280
10048 1283 218 518 1281
664 577 223 518 1281
10035 1282 225 518 1281
552 585 225 518 1281
661 440 221 518 1281
10003 1280 221 518 1281
174 570 239 518 1281
10048 1284 218 519 1282
664 578 236 519 1282
10035 1283 209 519 1282
552 586 229 519 1282
10003 1281 213 519 1282
174 571 237 519 1282
10048 1285 218 520 1283
197 593 223 520 1283
10172 1278 208 520 1283
664 579 231 520 1283
10035 1284 227 520 1283
552 587 233 520 1283
661 442 221 520 1283
10003 1282 217 520 1283
174 572 241 520 1283
10048 1286 223 521 1284
10035 1285 229 521 1284
552 588 227 521 1284
10003 1283 213 521 1284
174 573 237 521 1284
10048 1287 219 522 1285
10035 1286 225 522 1285
552 589 223 522 1285
661 444 222 522 1285
10003 1284 220 522 1285
174 574 237 522 1285
10048 1288 217 523 1286
664 582 237 523 1286
10035 1287 227 523 1286
552 590 226 523 1286
10003 1285 211 523 1286
174 575 222 523 1286
10048 1289 215 524 1287
10035 1288 224 524 1287
552 591 226 524 1287
661 446 221 524 1287
10003 1286 215 524 1287
174 576 225 524 1287
10048 1290 222 525 1288
10172 1283 209 525 1288
664 584 238 525 1288
10035 1289 223 525 1288
552 592 234 525 1288
10003 1287 213 525 1288
174 577 221 525 1288
10048 1291 216 526 1289
664 585 221 526 1289
10035 1290 229 526 1289
552 593 229 526 1289
10003 1288 208 526 1289
10048 1292 217 527 1290
664 586 236 527 1290
10035 1291 214 527 1290
552 594 230 527 1290
10003 1289 225 527 1290
174 579 227 527 1290
664 587 230 528 1291
197 601 225 528 1291
10035 1292 229 528 1291
552 595 222 528 1291
10003 1290 209 528 1291
174 580 237 528 1291
664 588 235 529 1292
10035 1293 226 529 1292
552 596 233 529 1292
10003 1291 213 529 1292
174 581 238 529 1292
10048 1295 217 530 1293
664 589 237 530 1293
10035 1294 216 530 1293
552 597 229 530 1293
10003 1292 207 530 1293
10048 1296 219 531 1294
664 590 236 531 1294
10035 1295 225 531 1294
552 598 233 531 1294
10003 1293 206 531 1294
10048 1297 223 532 1295
664 591 235 532 1295
10172 1290 208 532 1295
10035 1296 224 532 1295
552 599 232 532 1295
10003 1294 211 532 1295
174 584 221 532 1295
197 606 224 533 1296
10048 1298 217 533 1296
664 592 239 533 1296
10035 1297 209 533 1296
552 600 243 533 1296
661 455 222 533 1296
10003 1295 212 533 1296
174 585 227 533 1296
10048 1299 219 534 1297
664 593 238 534 1297
10035 1298 221 534 1297
552 601 237 534 1297
174 586 223 534 1297
664 594 233 535 1298
10035 1299 233 535 1298
552 602 239 535 1298
661 457 227 535 1298
10003 1297 210 535 1298
10048 1301 214 536 1299
664 595 225 536 1299
10035 1300 229 536 1299
552 603 233 536 1299
661 458 235 536 1299
10003 1298 215 536 1299
174 588 246 536 1299
10048 1302 214 537 1300
664 596 225 537 1300
10035 1301 218 537 1300
552 604 229 537 1300
661 459 223 537 1300
10003 1299 210 537 1300
174 589 241 537 1300
10048 1303 217 538 1301
10035 1302 209 538 1301
552 605 237 538 1301
661 460 221 538 1301
10003 1300 209 538 1301
174 590 244 538 1301
10048 1304 215 539 1302
664 598 225 539 1302
10035 1303 231 539 1302
552 606 235 539 1302
174 591 232 539 1302
10048 1305 209 540 1303
664 599 226 540 1303
10035 1304 227 540 1303
552 607 223 540 1303
174 592 241 540 1303
10048 1306 217 541 1304
664 600 229 541 1304
10035 1305 231 541 1304
552 608 221 541 1304
10003 1303 208 541 1304
174 593 245 541 1304
10048 1307 213 542 1305
664 601 221 542 1305
10035 1306 231 542 1305
552 609 227 542 1305
10003 1304 216 542 1305
661 464 233 542 1305
174 594 245 542 1305
10048 1308 221 543 1306
664 602 234 543 1306
10035 1307 227 543 1306
10003 1305 208 543 1306
661 465 221 543 1306
174 595 248 543 1306
10048 1309 217 544 1307
664 603 223 544 1307
10035 1308 237 544 1307
10003 1306 217 544 1307
661 466 233 544 1307
174 596 241 544 1307
10048 1310 223 545 1308
664 604 229 545 1308
10035 1309 227 545 1308
552 612 233 545 1308
10003 1307 212 545 1308
174 597 235 545 1308
10048 1311 225 546 1309
10035 1310 233 546 1309
552 613 224 546 1309
10003 1308 211 546 1309
661 468 227 546 1309
174 598 242 546 1309
10048 1312 226 547 1310
10035 1311 235 547 1310
10003 1309 212 547 1310
661 469 221 547 1310
174 599 237 547 1310
10048 1313 225 548 1311
664 607 223 548 1311
197 621 223 548 1311
10035 1312 234 548 1311
552 615 224 548 1311
10003 1310 219 548 1311
174 600 239 548 1311
10048 1314 219 549 1312
10035 1313 238 549 1312
10003 1311 213 549 1312
174 601 239 549 1312
10048 1315 211 550 1313
10172 1308 209 550 1313
664 609 223 550 1313
10035 1314 227 550 1313
10045 1315 209 550 1313
10003 1312 207 550 1313
661 472 229 550 1313
174 602 225 550 1313
10048 1316 217 551 1314
197 624 221 551 1314
10035 1315 227 551 1314
552 618 222 551 1314
10003 1313 219 551 1314
174 603 225 551 1314
10048 1317 210 552 1315
664 611 229 552 1315
10035 1316 240 552 1315
10003 1314 216 552 1315
10048 1318 212 553 1316
10172 1311 209 553 1316
206 590 231 553 1316
10035 1317 236 553 1316
10003 1315 217 553 1316
10048 1319 217 554 1317
10172 1312 207 554 1317
664 613 228 554 1317
10035 1318 230 554 1317
552 621 235 554 1317
661 476 230 554 1317
10003 1316 207 554 1317
174 606 223 554 1317
10048 1320 214 555 1318
10035 1319 231 555 1318
661 477 225 555 1318
10003 1317 219 555 1318
10048 1321 211 556 1319
10172 1314 208 556 1319
664 615 228 556 1319
10035 1320 231 556 1319
10003 1318 221 556 1319
10048 1322 221 557 1320
206 594 223 557 1320
10035 1321 224 557 1320
552 624 225 557 1320
661 479 224 557 1320
10003 1319 210 557 1320
174 609 239 557 1320
10048 1323 221 558 1321
10172 1316 210 558 1321
206 595 229 558 1321
10035 1322 228 558 1321
552 625 225 558 1321
661 480 235 558 1321
10003 1320 211 558 1321
174 610 243 558 1321
10048 1324 217 559 1322
10172 1317 209 559 1322
206 596 232 559 1322
664 618 223 559 1322
10035 1323 240 559 1322
552 626 223 559 1322
661 481 227 559 1322
10003 1321 217 559 1322
174 611 243 559 1322
10048 1325 226 560 1323
206 597 222 560 1323
10035 1324 235 560 1323
552 627 223 560 1323
10003 1322 213 560 1323
174 612 244 560 1323
10048 1326 220 561 1324
664 620 227 561 1324
10035 1325 235 561 1324
661 483 228 561 1324
10003 1323 213 561 1324
174 613 222 561 1324
10048 1327 210 562 1325
664 621 225 562 1325
10035 1326 237 562 1325
661 484 231 562 1325
10003 1324 212 562 1325
174 614 225 562 1325
10048 1328 218 563 1326
10172 1321 211 563 1326
10035 1327 227 563 1326
206 600 221 563 1326
661 485 227 563 1326
10003 1325 208 563 1326
174 615 243 563 1326
10048 1329 220 564 1327
664 623 221 564 1327
10035 1328 224 564 1327
206 601 226 564 1327
552 631 227 564 1327
10003 1326 223 564 1327
10002 1175 213 564 1327
10048 1330 231 565 1328
10172 1323 217 565 1328
10035 1329 210 565 1328
10003 1327 213 565 1328
10048 1331 219 566 1329
10172 1324 226 566 1329
10003 1328 225 566 1329
10048 1332 218 567 1330
10172 1325 231 567 1330
10003 1329 220 567 1330
10048 1333 227 568 1331
10172 1326 227 568 1331
10035 1332 223 568 1331
10003 1330 213 568 1331
10048 1334 233 569 1332
10172 1327 234 569 1332
10035 1333 216 569 1332
10003 1331 221 569 1332
10048 1335 225 570 1333
10172 1328 215 570 1333
10003 1332 207 570 1333
10048 1336 215 571 1334
10172 1329 227 571 1334
10035 1335 216 571 1334
10003 1333 207 571 1334
174 623 241 571 1334
10048 1337 218 572 1335
206 609 221 572 1335
664 631 235 572 1335
10035 1336 240 572 1335
552 639 237 572 1335
10003 1334 209 572 1335
661 494 225 572 1335
10048 1338 225 573 1336
664 632 227 573 1336
10035 1337 227 573 1336
10045 1338 208 573 1336
552 640 228 573 1336
661 495 223 573 1336
10048 1339 214 574 1337
10172 1332 206 574 1337
664 633 233 574 1337
206 611 226 574 1337
10035 1338 236 574 1337
552 641 231 574 1337
10003 1336 209 574 1337
661 496 231 574 1337
10048 1340 221 575 1338
664 634 233 575 1338
10172 1333 207 575 1338
10035 1339 233 575 1338
552 642 231 575 1338
10003 1337 210 575 1338
10048 1341 213 576 1339
664 635 233 576 1339
10035 1340 231 576 1339
552 643 235 576 1339
10003 1338 212 576 1339
10048 1342 212 577 1340
664 636 221 577 1340
10035 1341 221 577 1340
552 644 223 577 1340
661 499 221 577 1340
10048 1343 210 578 1341
664 637 221 578 1341
10035 1342 219 578 1341
552 645 225 578 1341
10048 1344 207 579 1342
664 638 227 579 1342
10035 1343 221 579 1342
10048 1345 207 580 1343
664 639 227 580 1343
10035 1344 217 580 1343
552 647 221 580 1343
10048 1346 211 581 1344
664 640 223 581 1344
10035 1345 219 581 1344
10048 1347 212 582 1345
664 641 221 582 1345
10035 1346 225 582 1345
10048 1348 213 583 1346
664 642 225 583 1346
10035 1347 227 583 1346
552 650 221 583 1346
664 643 223 584 1347
10035 1348 211 584 1347
552 651 223 584 1347
10003 1346 206 584 1347
10048 1350 208 585 1348
664 644 221 585 1348
10035 1349 208 585 1348
10003 1347 206 585 1348
10048 1351 209 586 1349
664 645 221 586 1349
10035 1350 214 586 1349
10048 1352 218 587 1350
664 646 231 587 1350
10035 1351 231 587 1350
552 654 233 587 1350
10003 1349 208 587 1350
661 509 233 587 1350
10048 1353 224 588 1351
10172 1346 207 588 1351
664 647 233 588 1351
10035 1352 224 588 1351
552 655 225 588 1351
10003 1350 212 588 1351
661 510 223 588 1351
10048 1354 225 589 1352
10172 1347 207 589 1352
10035 1353 231 589 1352
552 656 233 589 1352
10003 1351 207 589 1352
661 511 228 589 1352
10048 1355 224 590 1353
664 649 227 590 1353
10035 1354 229 590 1353
206 627 221 590 1353
552 657 231 590 1353
10003 1352 207 590 1353
661 512 231 590 1353
174 642 221 590 1353
10048 1356 206 591 1354
10035 1355 221 591 1354
552 658 227 591 1354
10003 1353 207 591 1354
661 513 227 591 1354
174 643 221 591 1354
10048 1357 225 592 1355
664 651 225 592 1355
10035 1356 217 592 1355
552 659 225 592 1355
10003 1354 212 592 1355
661 514 237 592 1355
10048 1358 224 593 1356
10035 1357 225 593 1356
661 515 231 593 1356
10048 1359 226 594 1357
10172 1352 208 594 1357
206 631 221 594 1357
10035 1358 229 594 1357
552 661 223 594 1357
10003 1356 221 594 1357
661 516 231 594 1357
10048 1360 227 595 1358
664 654 227 595 1358
10035 1359 219 595 1358
552 662 227 595 1358
10003 1357 218 595 1358
661 517 230 595 1358
10048 1361 225 596 1359
10035 1360 215 596 1359
10003 1358 207 596 1359
10048 1362 225 597 1360
10035 1361 221 597 1360
552 664 223 597 1360
10003 1359 221 597 1360
661 519 224 597 1360
10048 1363 223 598 1361
664 657 225 598 1361
10035 1362 227 598 1361
661 520 229 598 1361
10048 1364 226 599 1362
206 636 227 599 1362
664 658 222 599 1362
10035 1363 218 599 1362
552 666 221 599 1362
10003 1361 208 599 1362
10048 1365 218 600 1363
10035 1364 231 600 1363
10003 1362 207 600 1363
10048 1366 225 601 1364
10035 1365 229 601 1364
552 668 228 601 1364
10003 1363 205 601 1364
10048 1367 226 602 1365
206 639 222 602 1365
10035 1366 228 602 1365
552 669 225 602 1365
10003 1364 217 602 1365
661 524 225 602 1365
10048 1368 222 603 1366
10035 1367 227 603 1366
10003 1365 214 603 1366
10048 1369 223 604 1367
664 663 227 604 1367
10035 1368 228 604 1367
10048 1370 228 605 1368
664 664 238 605 1368
10035 1369 225 605 1368
552 672 233 605 1368
661 527 229 605 1368
10048 1371 227 606 1369
664 665 223 606 1369
10035 1370 229 606 1369
552 673 231 606 1369
10003 1368 215 606 1369
661 528 241 606 1369
10048 1372 223 607 1370
664 666 235 607 1370
10035 1371 227 607 1370
552 674 233 607 1370
10003 1369 219 607 1370
661 529 242 607 1370
10048 1373 223 608 1371
10035 1372 225 608 1371
552 675 228 608 1371
661 530 238 608 1371
10048 1374 211 609 1372
10035 1373 233 609 1372
552 676 229 609 1372
10003 1371 215 609 1372
661 531 237 609 1372
10048 1375 223 610 1373
10035 1374 228 610 1373
10003 1372 218 610 1373
661 532 239 610 1373
174 662 222 610 1373
10048 1376 224 611 1374
10172 1369 206 611 1374
10035 1375 227 611 1374
552 678 237 611 1374
10003 1373 215 611 1374
661 533 243 611 1374
10048 1377 223 612 1375
10172 1370 206 612 1375
664 671 221 612 1375
10035 1376 225 612 1375
10003 1374 213 612 1375
661 534 238 612 1375
10048 1378 223 613 1376
10035 1377 231 613 1376
552 680 235 613 1376
10003 1375 214 613 1376
661 535 241 613 1376
174 665 223 613 1376
10048 1379 213 614 1377
664 673 228 614 1377
10035 1378 229 614 1377
10003 1376 214 614 1377
661 536 237 614 1377
174 666 221 614 1377
10048 1380 223 615 1378
10035 1379 227 615 1378
10003 1377 214 615 1378
661 537 241 615 1378
174 667 233 615 1378
10048 1381 222 616 1379
10035 1380 223 616 1379
552 683 233 616 1379
661 538 224 616 1379
174 668 231 616 1379
10048 1382 211 617 1380
10035 1381 231 617 1380
552 684 225 617 1380
10003 1379 210 617 1380
661 539 235 617 1380
174 669 227 617 1380
10048 1383 227 618 1381
10035 1382 222 618 1381
552 685 226 618 1381
10003 1380 215 618 1381
661 540 231 618 1381
174 670 232 618 1381
10048 1384 225 619 1382
206 656 221 619 1382
10035 1383 231 619 1382
552 686 229 619 1382
10003 1381 213 619 1382
661 541 235 619 1382
174 671 232 619 1382
10048 1385 226 620 1383
10035 1384 230 620 1383
552 687 224 620 1383
10003 1382 208 620 1383
661 542 234 620 1383
174 672 229 620 1383
10048 1386 225 621 1384
206 658 221 621 1384
10035 1385 229 621 1384
552 688 227 621 1384
10003 1383 211 621 1384
661 543 237 621 1384
10048 1387 225 622 1385
10035 1386 224 622 1385
552 689 223 622 1385
10003 1384 214 622 1385
661 544 237 622 1385
174 674 226 622 1385
10048 1388 225 623 1386
10172 1381 207 623 1386
10035 1387 232 623 1386
552 690 225 623 1386
10003 1385 211 623 1386
661 545 239 623 1386
174 675 225 623 1386
10048 1389 217 624 1387
10035 1388 225 624 1387
10003 1386 208 624 1387
661 546 236 624 1387
10048 1390 219 625 1388
10172 1383 206 625 1388
664 684 223 625 1388
10035 1389 232 625 1388
10003 1387 208 625 1388
661 547 225 625 1388
10048 1391 225 626 1389
10035 1390 228 626 1389
10003 1388 206 626 1389
661 548 233 626 1389
10048 1392 227 627 1390
10035 1391 217 627 1390
552 694 221 627 1390
10003 1389 218 627 1390
661 549 239 627 1390
10048 1393 221 628 1391
10035 1392 233 628 1391
10003 1390 220 628 1391
661 550 239 628 1391
10048 1394 221 629 1392
10035 1393 226 629 1392
552 696 221 629 1392
10003 1391 210 629 1392
661 551 233 629 1392
10048 1395 217 630 1393
10035 1394 221 630 1393
552 697 229 630 1393
10003 1392 213 630 1393
661 552 240 630 1393
10048 1396 219 631 1394
10035 1395 225 631 1394
552 698 234 631 1394
10003 1393 212 631 1394
661 553 229 631 1394
10048 1397 217 632 1395
10035 1396 226 632 1395
552 699 235 632 1395
10003 1394 212 632 1395
661 554 233 632 1395
10048 1398 219 633 1396
10035 1397 237 633 1396
552 700 234 633 1396
661 555 242 633 1396
10003 1395 213 633 1396
10048 1399 222 634 1397
10035 1398 232 634 1397
552 701 231 634 1397
661 556 237 634 1397
10003 1396 212 634 1397
10048 1400 220 635 1398
10035 1399 210 635 1398
552 702 227 635 1398
661 557 231 635 1398
10003 1397 209 635 1398
10048 1401 221 636 1399
10035 1400 218 636 1399
552 703 235 636 1399
661 558 235 636 1399
10003 1398 212 636 1399
10048 1402 224 637 1400
10035 1401 225 637 1400
661 559 227 637 1400
10048 1403 207 638 1401
10035 1402 234 638 1401
661 560 247 638 1401
10003 1400 218 638 1401
10048 1404 223 639 1402
10035 1403 223 639 1402
661 561 239 639 1402
10003 1401 212 639 1402
10048 1405 218 640 1403
10035 1404 231 640 1403
661 562 239 640 1403
10003 1402 214 640 1403
10048 1406 217 641 1404
10035 1405 226 641 1404
661 563 235 641 1404
10003 1403 220 641 1404
10035 1406 224 642 1405
661 564 237 642 1405
10003 1404 207 642 1405
10048 1408 211 643 1406
10035 1407 224 643 1406
10048 1409 213 644 1407
10035 1408 229 644 1407
661 566 221 644 1407
10003 1406 208 644 1407
10048 1410 216 645 1408
10035 1409 233 645 1408
552 712 225 645 1408
661 567 221 645 1408
10003 1407 210 645 1408
10048 1411 208 646 1409
10035 1410 210 646 1409
552 713 225 646 1409
10003 1408 205 646 1409
10048 1412 225 646 1409
10035 1411 223 647 1410
661 569 241 647 1410
10003 1409 212 647 1410
10048 1413 220 647 1410
10172 1406 207 648 1411
10035 1412 230 648 1411
552 715 221 648 1411
661 570 237 648 1411
10003 1410 214 648 1411
10048 1414 217 649 1412
10035 1413 219 649 1412
552 716 221 649 1412
661 571 229 649 1412
10003 1411 211 649 1412
10048 1415 223 650 1413
10172 1408 206 650 1413
10035 1414 213 650 1413
661 572 234 650 1413
10003 1412 215 650 1413
10048 1416 223 651 1414
10035 1415 223 651 1414
552 718 225 651 1414
661 573 238 651 1414
10003 1413 208 651 1414
10048 1417 224 652 1415
10035 1416 221 652 1415
552 719 223 652 1415
661 574 241 652 1415
10003 1414 211 652 1415
10048 1418 226 653 1416
10035 1417 212 653 1416
552 720 233 653 1416
661 575 238 653 1416
10003 1415 216 653 1416
10048 1419 227 654 1417
10172 1412 206 654 1417
10035 1418 219 654 1417
552 721 229 654 1417
661 576 242 654 1417
10003 1416 210 654 1417
10048 1420 217 655 1418
10035 1419 232 655 1418
552 722 222 655 1418
661 577 229 655 1418
10003 1417 207 655 1418
10048 1421 225 656 1419
664 715 231 656 1419
10035 1420 227 656 1419
552 723 229 656 1419
661 578 243 656 1419
10003 1418 219 656 1419
10048 1422 223 657 1420
664 716 226 657 1420
10035 1421 231 657 1420
661 579 223 657 1420
10003 1419 208 657 1420
10048 1423 214 658 1421
10035 1422 219 658 1421
661 580 221 658 1421
10048 1424 212 659 1422
10035 1423 223 659 1422
552 726 231 659 1422
661 581 221 659 1422
10003 1421 209 659 1422
10048 1425 208 660 1423
10035 1424 215 660 1423
552 727 231 660 1423
661 582 222 660 1423
10003 1422 207 660 1423
10048 1426 211 661 1424
10035 1425 214 661 1424
552 728 230 661 1424
10003 1423 220 661 1424
10035 1426 225 662 1425
552 729 227 662 1425
10003 1424 209 662 1425
10035 1427 210 663 1426
10048 1429 210 663 1426
10035 1428 215 664 1427
552 731 223 664 1427
661 586 221 664 1427
10048 1430 209 664 1427
10035 1429 226 665 1428
10003 1427 208 665 1428
10048 1431 211 665 1428
10035 1430 226 666 1429
552 733 223 666 1429
10003 1428 206 666 1429
10048 1432 209 666 1429
10035 1431 208 667 1430
552 734 221 667 1430
10048 1433 206 667 1430
10035 1432 211 668 1431
10035 1433 233 669 1432
552 736 223 669 1432
661 591 227 669 1432
10048 1435 223 669 1432
10035 1434 227 670 1433
661 592 227 670 1433
10003 1432 206 670 1433
10048 1436 221 670 1433
10035 1435 229 671 1434
661 593 239 671 1434
10003 1433 211 671 1434
10048 1437 216 671 1434
10035 1436 237 672 1435
661 594 239 672 1435
10003 1434 217 672 1435
10048 1438 213 672 1435
10035 1437 211 673 1436
661 595 225 673 1436
10048 1439 217 673 1436
10035 1438 219 674 1437
661 596 236 674 1437
10003 1436 212 674 1437
10048 1440 223 674 1437
10035 1439 227 675 1438
552 742 222 675 1438
661 597 225 675 1438
10003 1437 208 675 1438
10048 1441 223 675 1438
10035 1440 217 676 1439
552 743 233 676 1439
661 598 235 676 1439
10003 1438 217 676 1439
10048 1442 225 676 1439
10035 1441 227 677 1440
552 744 223 677 1440
661 599 242 677 1440
10003 1439 209 677 1440
10048 1443 218 677 1440
10035 1442 222 678 1441
661 600 244 678 1441
10003 1440 215 678 1441
10048 1444 221 678 1441
10035 1443 231 679 1442
661 601 235 679 1442
10003 1441 207 679 1442
10048 1445 226 679 1442
10035 1444 221 680 1443
552 747 229 680 1443
661 602 240 680 1443
10003 1442 213 680 1443
10048 1446 226 680 1443
664 740 223 680 1443
10172 1439 205 680 1443
10035 1445 227 681 1444
10048 1447 220 681 1444
664 741 226 682 1445
10035 1446 225 682 1445
552 749 227 682 1445
661 604 231 682 1445
10048 1448 212 682 1445
10035 1447 219 683 1446
552 750 231 683 1446
661 605 243 683 1446
10003 1445 207 683 1446
10048 1449 228 683 1446
664 743 222 683 1446
10035 1448 222 684 1447
661 606 243 684 1447
10003 1446 207 684 1447
10048 1450 224 684 1447
10035 1449 227 685 1448
552 752 231 685 1448
661 607 246 685 1448
10003 1447 211 685 1448
664 745 223 685 1448
10048 1451 215 685 1448
10035 1450 207 686 1449
661 608 241 686 1449
10003 1448 206 686 1449
10048 1452 224 686 1449
10035 1451 231 687 1450
552 754 229 687 1450
661 609 234 687 1450
10003 1449 211 687 1450
10048 1453 225 687 1450
10035 1452 233 688 1451
661 610 238 688 1451
10003 1450 214 688 1451
10048 1454 224 688 1451
664 748 223 688 1451
10172 1447 205 688 1451
10035 1453 231 689 1452
552 756 228 689 1452
661 611 243 689 1452
10003 1451 209 689 1452
10048 1455 223 689 1452
664 749 223 689 1452
10035 1454 229 690 1453
552 757 223 690 1453
661 612 241 690 1453
10003 1452 210 690 1453
10048 1456 212 690 1453
10035 1455 223 691 1454
552 758 222 691 1454
661 613 227 691 1454
10003 1453 210 691 1454
10048 1457 223 691 1454
664 751 223 691 1454
10035 1456 228 692 1455
661 614 221 692 1455
10003 1454 216 692 1455
10048 1458 213 692 1455
664 752 229 692 1455
10035 1457 228 693 1456
10003 1455 209 693 1456
10048 1459 213 693 1456
664 753 223 693 1456
10035 1458 231 694 1457
661 616 225 694 1457
10003 1456 212 694 1457
10048 1460 224 694 1457
664 754 223 694 1457
10172 1453 206 694 1457
10035 1459 228 695 1458
552 762 227 695 1458
10003 1457 217 695 1458
10048 1461 212 695 1458
664 755 223 695 1458
10035 1460 235 696 1459
661 618 224 696 1459
10003 1458 220 696 1459
10048 1462 214 696 1459
664 756 225 696 1459
10035 1461 227 697 1460
661 619 224 697 1460
10003 1459 213 697 1460
10048 1463 219 697 1460
10172 1456 207 697 1460
664 757 223 698 1461
10035 1462 229 698 1461
661 620 229 698 1461
10003 1460 210 698 1461
10048 1464 211 698 1461
664 758 231 699 1462
10035 1463 220 699 1462
552 766 225 699 1462
661 621 223 699 1462
10003 1461 220 699 1462
10048 1465 225 699 1462
10035 1464 229 700 1463
664 759 227 700 1463
552 767 221 700 1463
10048 1466 220 700 1463
664 760 231 701 1464
10035 1465 231 701 1464
552 768 223 701 1464
10048 1467 225 701 1464
10035 1466 235 702 1465
10003 1464 218 702 1465
10048 1468 221 702 1465
10172 1461 207 702 1465
10035 1467 231 703 1466
664 762 225 703 1466
661 625 225 703 1466
10003 1465 223 703 1466
10048 1469 217 703 1466
552 771 225 703 1466
10035 1468 238 704 1467
664 763 239 704 1467
661 626 223 704 1467
10003 1466 221 704 1467
10048 1470 212 704 1467
10035 1469 235 705 1468
664 764 225 705 1468
10003 1467 212 705 1468
10048 1471 218 705 1468
10172 1464 209 705 1468
10035 1470 230 706 1469
664 765 231 706 1469
10003 1468 220 706 1469
10048 1472 222 706 1469
10035 1471 230 707 1470
664 766 238 707 1470
661 629 231 707 1470
10003 1469 221 707 1470
10048 1473 225 707 1470
664 767 241 708 1471
10035 1472 224 708 1471
661 630 226 708 1471
10003 1470 222 708 1471
10048 1474 217 708 1471
664 768 239 708 1471
10035 1473 221 709 1472
661 631 241 709 1472
10003 1471 209 709 1472
10048 1475 211 709 1472
552 777 231 709 1472
10172 1468 207 709 1472
10035 1474 237 710 1473
661 632 223 710 1473
10003 1472 213 710 1473
10048 1476 226 710 1473
552 778 229 710 1473
664 770 223 710 1473
10035 1475 239 711 1474
661 633 235 711 1474
10003 1473 213 711 1474
10048 1477 213 711 1474
10035 1476 232 711 1474
661 634 238 712 1475
10003 1474 213 712 1475
10048 1478 218 712 1475
664 772 231 713 1476
10035 1477 216 713 1476
10003 1475 215 713 1476
10048 1479 220 713 1476
10035 1478 230 714 1477
10003 1476 208 714 1477
10048 1480 213 714 1477
552 782 231 714 1477
664 774 225 715 1478
10035 1479 237 715 1478
10003 1477 225 715 1478
10048 1481 221 715 1478
10035 1480 228 716 1479
10003 1478 226 716 1479
10048 1482 207 716 1479
10035 1481 237 717 1480
661 639 226 717 1480
10048 1483 221 717 1480
10035 1482 231 718 1481
661 640 245 718 1481
10003 1480 217 718 1481
10048 1484 218 718 1481
10172 1477 209 718 1481
664 778 237 718 1481
10035 1483 235 719 1482
661 641 229 719 1482
10003 1481 208 719 1482
10048 1485 213 719 1482
10035 1484 231 720 1483
661 642 221 720 1483
10048 1486 215 720 1483
664 780 227 720 1483
10172 1479 207 720 1483
10035 1485 222 720 1483
10003 1483 217 721 1484
10048 1487 224 721 1484
10172 1480 223 721 1484
10035 1486 231 721 1484
10003 1484 215 722 1485
10002 1333 209 722 1485
10048 1488 226 722 1485
10172 1481 213 722 1485
10035 1487 212 722 1485
10047 1487 207 723 1486
10003 1485 213 723 1486
10091 1487 208 725 1488
10100 1480 207 725 1488
10043 1487 212 726 1489
10164 1284 209 726 1489
10138 1484 209 727 1490
10163 1493 217 727 1490
76 718 223 727 1490
10062 1488 208 727 1490
717 797 223 727 1490
10068 1496 212 727 1490
484 638 233 728 1491
10138 1485 209 728 1491
10050 1495 207 728 1491
319 801 227 728 1491
10141 1484 212 728 1491
10061 1496 207 728 1491
10134 1486 209 730 1493
10106 1492 206 731 1494
10031 1498 207 731 1494
682 804 223 731 1494
10085 1496 217 731 1494
10095 1488 211 732 1495
10106 1493 206 732 1495
10106 1494 208 733 1496
724 804 225 733 1496
10154 1490 207 733 1496
10031 1500 209 733 1496
313 714 233 733 1496
10085 1498 207 733 1496
197 807 223 734 1497
268 691 221 734 1497
644 799 225 734 1497
10031 1501 207 734 1497
313 715 238 734 1497
10085 1499 207 734 1497
197 808 224 735 1498
80 809 221 735 1498
494 326 225 735 1498
10106 1496 208 735 1498
644 800 229 735 1498
336 88 243 735 1498
313 716 227 735 1498
197 809 223 736 1499
188 289 231 736 1499
10031 1503 210 736 1499
336 89 240 736 1499
313 717 237 736 1499
340 218 222 737 1500
197 810 221 737 1500
188 290 235 737 1500
104 803 225 737 1500
10031 1504 208 737 1500
10085 1502 212 737 1500
224 711 221 738 1501
197 811 221 738 1501
394 803 223 738 1501
10154 1495 218 738 1501
480 247 227 738 1501
782 754 232 738 1501
10031 1505 216 738 1501
771 676 223 738 1501
10085 1503 210 738 1501
196 799 227 739 1502
10154 1497 212 740 1503
10009 1501 206 740 1503
129 819 233 741 1504
10154 1498 217 741 1504
266 1 224 741 1504
682 814 226 741 1504
129 820 231 742 1505
503 806 223 742 1505
143 54 225 742 1505
10106 1503 206 742 1505
10154 1499 209 742 1505
129 821 223 743 1506
143 55 235 743 1506
644 808 223 743 1506
129 822 225 744 1507
80 818 221 744 1507
143 56 226 744 1507
644 809 239 744 1507
336 99 252 746 1509
143 59 226 747 1510
313 4 232 747 1510
336 100 233 747 1510
197 821 221 748 1511
188 301 239 748 1511
313 5 237 748 1511
336 101 229 748 1511
10023 1504 209 749 1512
143 61 230 749 1512
188 302 230 749 1512
313 6 233 749 1512
572 819 240 749 1512
336 102 235 749 1512
143 62 223 750 1513
188 303 232 750 1513
313 7 235 750 1513
572 820 234 750 1513
336 103 237 750 1513
143 63 226 751 1514
188 304 225 751 1514
313 8 237 751 1514
572 821 233 751 1514
336 104 231 751 1514
188 305 229 752 1515
313 9 237 752 1515
336 105 231 752 1515
572 822 236 752 1515
143 65 221 753 1516
10106 1514 209 753 1516
755 817 221 753 1516
10106 1515 217 754 1517
755 818 236 754 1517
10076 1514 206 754 1517
104 821 221 755 1518
143 67 233 755 1518
188 308 233 755 1518
572 825 221 755 1518
336 109 225 756 1519
313 14 226 757 1520
572 827 223 757 1520
336 110 225 757 1520
313 15 226 758 1521
336 111 229 758 1521
572 828 224 758 1521
10154 1516 207 759 1522
313 16 227 759 1522
336 112 233 759 1522
572 829 230 759 1522
129 838 233 760 1523
336 113 230 760 1523
572 830 232 760 1523
129 839 222 761 1524
644 826 221 761 1524
313 18 231 761 1524
572 831 226 761 1524
104 828 223 762 1525
313 19 226 762 1525
572 832 227 762 1525
129 841 221 763 1526
644 828 226 763 1526
313 20 239 763 1526
572 833 227 763 1526
104 830 222 764 1527
313 21 235 764 1527
572 834 229 765 1528
644 830 223 765 1528
313 22 230 765 1528
572 835 231 766 1529
104 832 224 766 1529
313 23 225 766 1529
572 836 231 767 1530
313 24 242 767 1530
572 837 225 768 1531
644 833 227 768 1531
572 838 221 769 1532
313 1 242 769 1532
644 834 224 769 1532
572 839 223 770 1533
313 2 240 770 1533
104 836 223 770 1533
188 323 223 770 1533
644 835 229 770 1533
447 745 221 771 1534
572 840 225 771 1534
104 837 224 771 1534
313 3 242 771 1534
644 836 223 771 1534
104 838 222 772 1535
313 4 243 772 1535
188 325 229 772 1535
644 837 223 772 1535
313 5 227 773 1536
188 326 223 773 1536
572 843 223 774 1537
313 6 244 774 1537
188 327 227 774 1537
644 839 225 774 1537
572 844 221 775 1538
104 841 227 775 1538
313 7 247 775 1538
313 8 240 776 1539
644 841 225 776 1539
572 846 229 777 1540
69 44 223 777 1540
104 843 228 777 1540
313 9 244 777 1540
572 847 229 778 1541
104 844 228 778 1541
644 843 229 778 1541
572 848 231 779 1542
129 857 221 779 1542
104 845 223 779 1542
313 11 248 779 1542
644 844 227 779 1542
572 849 247 779 1542
10106 1541 207 780 1543
313 12 235 780 1543
644 845 226 780 1543
10154 1537 205 780 1543
572 850 223 780 1543
10134 1537 207 781 1544
313 13 239 781 1544
644 846 227 781 1544
10031 1548 207 781 1544
572 851 239 781 1544
143 94 223 782 1545
104 848 225 782 1545
313 14 233 782 1545
572 852 239 782 1545
50 840 227 783 1546
104 850 226 784 1547
313 16 244 784 1547
644 849 223 784 1547
572 854 230 784 1547
10085 1549 208 785 1548
79 412 221 785 1548
104 851 231 785 1548
313 17 239 785 1548
572 855 240 785 1548
10106 1547 206 786 1549
313 18 233 786 1549
313 19 236 787 1550
10154 1544 207 787 1550
10085 1552 208 788 1551
10106 1549 207 788 1551
10031 1555 211 788 1551
10085 1553 207 789 1552
10106 1550 219 789 1552
313 21 233 789 1552
620 862 227 789 1552
655 113 222 790 1553
10106 1551 211 790 1553
10134 1547 229 791 1554
270 356 221 791 1554
666 861 225 792 1555
10134 1548 217 792 1555
666 862 221 793 1556
10134 1549 208 793 1556
10154 1550 209 793 1556
638 849 223 793 1556
404 828 247 793 1556
131 851 232 793 1556
725 305 221 794 1557
10065 1560 214 794 1557
10101 1551 212 794 1557
10141 1550 228 794 1557
10061 1562 209 794 1557
10169 1559 212 795 1558
10138 1552 208 795 1558
704 865 235 795 1558
10128 1553 208 795 1558
131 853 221 795 1558
10101 1552 210 795 1558
10068 1564 220 796 1559
10123 1554 207 796 1559
10138 1553 212 796 1559
247 865 221 796 1559
10123 1555 210 797 1560
247 866 226 797 1560
10100 1552 208 798 1561
10083 1561 211 798 1561
288 43 231 798 1561
10033 1560 212 798 1561
10164 1356 210 798 1561
10083 1562 210 799 1562
10071 1564 205 799 1562
247 868 223 799 1562
221 869 226 799 1562
288 44 227 799 1562
167 504 221 799 1562
10033 1561 219 799 1562
717 869 240 799 1562
10100 1554 210 800 1563
10083 1563 217 800 1563
10071 1565 206 800 1563
10046 1562 230 800 1563
10080 1567 240 800 1563
10086 1564 208 800 1563
10071 1566 219 801 1564
10149 1556 206 801 1564
10027 1564 222 801 1564
274 11 225 801 1564
10064 1564 238 801 1564
10094 1564 239 802 1565
10069 1563 220 802 1565
10071 1567 207 802 1565
10027 1565 217 802 1565
