   737 10075
   738 10075
   739 10075
   740 10075
   741 10075
   742 10075
   743 10075
   744 10075
   745 10075
   746 10075
   747 10075
   748 10075
   749 10075
   750 10075
   751 10075
   752 10155
   753 10155
   754 10155
   755 10155
   756 10075
   757 10075
   758 10075
   759 10075
   760 10155
   761 10155
   762 10155
   763 10155
   764 10155
   765 10155
   766 10155
   767 10155
   768 10075
   769 10075
   770 10075
   771 10075
   772 10075
   773 10075
   774 10075
   775 10075
   776 10075
   777 10075
   778 10075
   779 10143
   780 10075
   782 10134
   783 10101
   784 10101
   785 10138
   786 10138
   787 10138
   788 10138
   789 10138
   790 10138
   791 10138
   792 10138
   793 10138
   794 10138
   795 10138
   796 10138
   797 10138
   798 10138
   799 10138
   800 10138
   801 10138
   802 10138
   803 10138
   804 10138
   805 10138
   806 10138
   807 10138
   808 10138
   809 10138
   810 10138
   811 10138
   812 10138
   813 10138
   814 10138
   815 10138
   816 10138
   817 10138
   818 10138
   819 10138
   820 10138
   821 10138
   822 10138
   823 10138
   824 10138
   825 10138
   826 10138
   827 10138
   828 10138
   829 10138
   830 10138
   831 10138
   832 10138
   833 10138
   834 10138
   835 10138
   836 10138
   837 10138
   838 10138
   839 10138
   840 10138
   841 10138
   842 10138
   843 10138
   844 10138
   845 10138
   846 10138
   847 10138
   848 10138
   849 10138
   850 10138
   851 10138
   852 10138
   853 10138
   854 10138
   855 10138
   856 10138
   857 10138
   858 10138
   859 10138
   860 10138
   861 10138
   862 10138
   863 10138
   864 10138
   865 10138
   866 10138
   867 10138
   868 10138
   869 10138
   870 10138
   871 10138
   872 10138
   873 10138
   874 10138
   875 10138
   876 10138
   877 10138
   878 10138
   879 10138
   880 10138
   881 10138
   882 10138
   883 10138
   884 10138
   885 10138
   886 10138
   887 10138
   888 10138
   889 10138
   890 10138
   891 10138
   892 10138
   893 10138
   894 10138
   895 10138
   896 10138
   897 10138
   898 10138
   899 10138
   900 10138
   901 10138
   902 10138
   903 10138
   904 10138
   905 10138
   906 10138
   907 10138
   908 10138
   909 10138
   910 10138
   911 10138
   912 10138
   913 10138
   914 10138
   915 10138
   916 10138
   917 10138
   918 10138
   919 10138
   920 10138
   921 10138
   922 10138
   923 10138
   924 10138
   925 10138
   926 10138
   927 10138
   928 10138
   929 10138
   930 10138
   931 10138
   932 10138
   933 10138
   934 10138
   935 10138
   936 10138
   937 10138
   938 10138
   939 10138
   940 10138
   941 10138
   942 10138
   943 10138
   944 10138
   945 10138
   946 10138
   947 10138
   948 10138
   949 10138
   950 10138
   951 10138
   952 10138
   953 10138
   954 10138
   955 10138
   956 10138
   957 10138
   958 10138
   959 10138
   960 10138
   961 10138
   962 10138
   963 10138
   964 10138
   965 10138
   966 10138
   967 10138
   968 10138
   969 10138
   970 10138
   971 10138
   972 10138
   973 10138
   974 10138
   975 10138
   976 10138
   977 10138
   978 10138
   979 10138
   980 10138
   981 10138
   982 10138
   983 10138
   984 10138
   985 10138
   986 10138
   987 10138
   988 10138
   989 10138
   990 10138
   991 10138
   992 10138
   993 10138
   994 10138
   995 10138
   996 10138
   997 10138
   998 10138
   999 10138
  1000 10138
  1001 10138
  1002 10138
  1003 10138
  1004 10138
  1005 10138
  1006 10138
  1007 10138
  1008 10138
  1009 10138
  1010 10138
  1011 10138
  1012 10138
  1013 10138
  1014 10138
  1015 10138
  1016 10138
  1017 10138
  1018 10101
  1022 10029
  1023 10029
  1026 10131
  1027 10137
  1028 10137
  1029 10137
  1030 10137
  1031 10131
  1032 10131
  1033 10131
  1034 10131
  1035 10131
  1036 10131
  1037 10137
  1038 10137
  1039 10137
  1040 10137
  1041 10137
  1042 10137
  1043 10137
  1044 10137
  1045 10137
  1046 10137
  1047 10137
  1048 10137
  1049 10137
  1050 10137
  1051 10137
  1052 10137
  1053 10137
  1054 10137
  1055 10137
  1056 10137
  1057 10137
  1058 10137
  1059 10137
  1060 10137
  1061 10137
  1062 10137
  1063 10137
  1064 10137
  1065 10137
  1066 10137
  1067 10137
  1068 10137
  1069 10137
  1070 10137
  1071 10137
  1072 10137
  1073 10137
  1074 10137
  1075 10137
  1076 10137
  1077 10137
  1078 10137
  1079 10137
  1080 10137
  1081 10137
  1082 10137
  1083 10137
  1084 10137
  1085 10137
  1086 10137
  1087 10137
  1088 10137
  1089 10137
  1090 10137
  1091 10137
  1092 10137
  1093 10137
  1094 10137
  1095 10137
  1096 10137
  1097 10137
  1098 10137
  1099 10137
  1100 10137
  1101 10137
  1102 10137
  1103 10137
  1104 10137
  1105 10137
  1106 10137
  1107 10137
  1108 10137
  1109 10137
  1110 10137
  1111 10137
  1112 10137
  1113 10137
  1114 10137
  1115 10137
  1116 10137
  1117 10137
  1118 10137
  1119 10137
  1120 10137
  1121 10137
  1122 10137
  1123 10137
  1124 10137
  1125 10137
  1126 10137
  1127 10137
  1128 10137
  1129 10137
  1130 10137
  1131 10137
  1132 10137
  1133 10137
  1134 10137
  1135 10137
  1136 10137
  1137 10137
  1138 10137
  1139 10137
  1140 10137
  1141 10137
  1142 10137
  1143 10137
  1144 10137
  1145 10137
  1146 10137
  1147 10137
  1148 10137
  1149 10137
  1150 10137
  1151 10137
  1152 10137
  1153 10137
  1154 10137
  1155 10137
  1156 10137
  1157 10137
  1158 10137
  1159 10137
  1160 10137
  1161 10137
  1162 10137
  1163 10137
  1164 10137
  1165 10137
  1166 10137
  1167 10137
  1168 10137
  1169 10137
  1170 10137
  1171 10137
  1172 10137
  1173 10137
  1174 10137
  1175 10137
  1176 10137
  1177 10137
  1178 10137
  1179 10137
  1180 10137
  1181 10137
  1182 10137
  1183 10137
  1184 10137
  1185 10137
  1186 10137
  1187 10137
  1188 10137
  1189 10137
  1190 10137
  1191 10137
  1192 10137
  1193 10137
  1194 10137
  1195 10137
  1196 10137
  1197 10137
  1198 10137
  1199 10137
  1200 10137
  1201 10137
  1202 10137
  1203 10137
  1204 10137
  1205 10137
  1206 10137
  1207 10137
  1208 10137
  1209 10137
  1210 10137
  1211 10137
  1212 10137
  1213 10137
  1214 10137
  1215 10137
  1216 10137
  1217 10137
  1218 10137
  1219 10137
  1220 10137
  1221 10137
  1222 10137
  1223 10137
  1224 10137
  1225 10137
  1226 10137
  1227 10137
  1228 10137
  1229 10137
  1230 10137
  1231 10137
  1232 10137
  1233 10137
  1234 10137
  1235 10137
  1236 10137
  1237 10137
  1238 10137
  1239 10137
  1240 10137
  1241 10137
  1242 10137
  1243 10137
  1244 10137
  1245 10137
  1246 10137
  1247 10137
  1248 10137
  1249 10137
  1250 10137
  1251 10137
  1252 10137
  1264 10076
  1265 10076
  1266 10018
  1267 10018
  1268 10018
  1269 10018
  1270 10018
  1271 10018
  1272 10018
  1273 10018
  1274 10140
  1275 10158
  1276 10140
  1277 10140
  1278 10140
  1279 10140
  1280 10140
  1281 10140
  1282 10140
  1283 10140
  1284 10140
  1285 10140
  1286 10140
  1287 10140
  1288 10158
  1289 10055
  1290 10055
  1291 10055
  1292 10055
  1293 10055
  1294 10140
  1295 10055
  1296 10055
  1297 10140
  1298 10140
  1299 10140
  1300 10140
  1301 10140
  1302 10140
  1303 10140
  1304 10140
  1305 10140
  1306 10140
  1307 10140
  1308 10140
  1309 10055
  1310 10055
  1311 10055
  1312 10055
  1313 10055
  1314 10055
  1315 10055
  1316 10055
  1317 10055
  1318 10055
  1319 10055
  1320 10140
  1321 10055
  1322 10018
  1323 10140
  1324 10140
  1325 10140
  1326 10140
  1327 10140
  1328 10140
  1329 10140
  1330 10158
  1331 10140
  1332 10140
  1333 10140
  1334 10140
  1335 10140
  1336 10140
  1337 10140
  1338 10140
  1339 10140
  1340 10140
  1341 10140
  1342 10140
  1343 10140
  1344 10140
  1345 10140
  1346 10140
  1347 10140
  1348 10140
  1349 10140
  1350 10140
  1351 10140
  1352 10140
  1353 10140
  1354 10140
  1355 10140
  1356 10098
  1357 10098
  1358 10055
  1359 10055
  1360 10018
  1361 10018
  1362 10018
  1365 10101
  1366 10138
  1368 10138
  1370 10138
  1371 10138
  1372 10138
  1375 10019
  1376 10072
  1377 10072
  1378 10072
  1379 10072
  1380 10072
  1381 10072
  1382 10072
  1383 10072
  1384 10072
  1385 10072
  1386 10072
  1387 10072
  1388 10072
  1389 10072
  1390 10072
  1391 10072
  1392 10072
  1393 10072
  1394 10072
  1395 10072
  1396 10072
  1397 10042
  1398 10042
  1399 10028
  1400 10043
  1401 10043
  1402 10043
  1406 10062
  1407 10062
  1408 10062
  1409 10062
  1410 10062
  1411 10062
  1412 10062
  1413 10062
  1414 10062
  1415 10062
  1418 10066
  1419 10066
  1420 10163
  1421 10101
  1430 10101
  1431 10163
  1446 10062
  1449 10061
  1450 10061
  1451 10106
  1452 10106
  1453 10106
  1454 10106
  1455 10098
  1456 10098
  1457 10018
  1458 10018
  1459 10018
  1460 10018
  1461 10018
  1462 10140
  1463 10140
  1464 10140
  1465 10140
  1466 10140
  1467 10140
  1468 10140
  1469 10140
  1470 10140
  1471 10140
  1472 10140
  1473 10158
  1474 10158
  1475 10158
  1476 10158
  1477 10158
  1478 10158
  1479 10158
  1480 10158
  1481 10158
  1482 10158
  1483 10158
  1484 10158
  1485 10158
  1486 10158
  1487 10158
  1488 10158
  1489 10158
  1490 10158
  1491 10158
  1492 10158
  1493 10158
  1494 10140
  1495 10076
  1496 10140
  1497 10076
  1498 10076
  1499 10018
  1500 10140
  1501 10140
  1502 10140
  1503 10140
  1504 10018
  1505 10018
  1506 10158
  1507 10158
  1508 10140
  1509 10018
  1510 10140
  1511 10158
  1512 10140
  1513 10158
  1514 10158
  1515 10158
  1516 10023
  1517 10158
  1518 10140
  1519 10140
  1520 10140
  1521 10140
  1522 10140
  1523 10140
  1524 10158
  1525 10018
  1526 10018
  1527 10018
  1528 10018
  1529 10018
  1530 10018
  1531 10018
  1532 10018
  1533 10018
  1534 10018
  1535 10018
  1536 10018
  1537 10018
  1538 10018
  1539 10018
  1540 10018
  1541 10018
  1542 10018
  1543 10018
  1544 10055
  1545 10018
  1546 10055
  1547 10055
  1548 10055
  1549 10055
  1550 10055
  1551 10055
  1556 10138
  1557 10138
  1558 10138
  1559 10091
  1560 10091
  1561 10091
  1562 10091
  1609 10091
  1610 10091
  1611 10091
  1612 10091
  1613 10091
  1614 10091
  1615 10091
  1616 10091
  1617 10138
  1618 10138
  1619 10138
  1620 10138
  1621 10101
  1622 10101
  1627 10154
  1628 10154
  1629 10014
  1630 10014
  1631 10014
  1632 10156
  1633 10074
  1634 10081
  1635 10074
  1636 10074
  1637 10074
  1638 10074
  1639 10074
  1640 10074
  1641 10074
  1642 10074
  1643 10074
  1644 10074
  1645 10074
  1646 10074
  1647 10074
  1648 10074
  1649 10074
  1650 10074
  1651 10074
  1652 10074
  1653 10074
  1654 10074
  1655 10074
  1656 10074
  1657 10074
  1658 10074
  1659 10074
  1660 10074
  1661 10074
  1662 10074
  1663 10074
  1664 10074
  1665 10074
  1666 10074
  1667 10074
  1668 10074
  1669 10074
  1670 10074
  1671 10074
  1672 10074
  1673 10074
  1674 10074
  1675 10074
  1676 10074
  1677 10074
  1678 10074
  1679 10074
  1680 10074
  1681 10074
  1682 10074
  1683 10074
  1684 10074
  1685 10074
  1686 10074
  1687 10074
  1688 10074
  1689 10074
  1690 10074
  1691 10074
  1692 10074
  1693 10074
  1694 10074
  1695 10074
  1696 10074
  1697 10074
  1698 10074
  1699 10074
  1700 10074
  1701 10074
  1702 10074
  1703 10074
  1704 10074
  1705 10074
  1706 10074
  1707 10074
  1708 10074
  1709 10074
  1710 10074
  1711 10074
  1712 10074
  1713 10074
  1714 10074
  1715 10074
  1716 10074
  1717 10074
  1718 10074
  1719 10074
  1720 10074
  1721 10074
  1722 10074
  1723 10074
  1724 10074
  1725 10074
  1726 10074
  1727 10074
  1728 10074
  1729 10074
  1730 10074
  1731 10074
  1732 10074
  1733 10074
  1734 10074
  1735 10074
  1736 10074
  1737 10074
  1738 10074
  1739 10074
  1740 10074
  1741 10074
  1742 10074
  1743 10074
  1744 10074
  1745 10074
  1746 10074
  1747 10074
  1748 10074
  1749 10074
  1750 10074
  1751 10074
  1752 10074
  1753 10074
  1754 10074
  1755 10074
  1756 10074
  1757 10074
  1758 10074
  1759 10074
  1760 10074
  1761 10074
  1762 10074
  1763 10074
  1764 10074
  1765 10074
  1766 10074
  1767 10074
  1768 10074
  1769 10074
  1770 10074
  1771 10074
  1772 10074
  1773 10074
  1774 10074
  1775 10074
  1776 10074
  1777 10074
  1778 10074
  1779 10074
  1780 10074
  1781 10074
  1782 10074
  1783 10074
  1784 10074
  1785 10074
  1786 10074
  1787 10074
  1788 10074
  1789 10074
  1790 10074
  1791 10074
  1792 10074
  1793 10074
  1794 10074
  1795 10074
  1796 10074
  1797 10074
  1798 10074
  1799 10074
  1800 10074
  1801 10074
  1802 10074
  1803 10074
  1804 10074
  1805 10081
  1806 10074
  1807 10074
  1808 10074
  1809 10074
  1810 10074
  1811 10074
  1812 10074
  1813 10074
  1814 10074
  1815 10074
  1816 10081
  1817 10081
  1818 10081
  1819 10081
  1820 10081
  1821 10074
  1822 10074
  1823 10081
  1824 10156
  1825 10156
  1826 10156
  1827 10156
  1828 10156
  1829 10156
  1830 10156
  1831 10156
  1832 10156
  1833 10156
  1834 10074
  1835 10074
  1836 10074
  1837 10074
  1838 10124
  1839 10074
  1840 10124
  1841 10124
  1842 10081
  1843 10081
  1844 10081
  1845 10081
  1846 10074
  1847 10081
  1848 10124
  1849 10074
  1850 10074
  1851 10074
  1852 10074
  1853 10074
  1854 10124
  1855 10074
  1856 10074
  1857 10074
  1858 10074
  1859 10074
  1860 10130
  1867 10101
  1868 10101
  1869 10101
  1870 10101
  1872 10086
  1873 10086
  1874 10086
  1875 10086
  1876 10086
  1877 10086
  1878 10086
  1881 10128
  1882 10138
  1883 10138
  1884 10138
  1886 10076
  1887 10076
  1888 10076
  1889 10018
  1890 10018
  1891 10010
  1892 10144
  1893 10144
  1894 10144
  1895 10144
  1896 10144
  1897 10010
  1898 10010
  1899 10010
  1900 10010
  1901 10010
  1902 10010
  1903 10010
  1904 10010
  1905 10010
  1906 10010
  1907 10144
  1908 10144
  1909 10144
  1910 10144
  1911 10144
  1912 10144
  1913 10144
  1914 10144
  1915 10144
  1916 10144
  1917 10144
  1918 10144
  1919 10144
  1920 10144
  1921 10144
  1922 10144
  1923 10144
  1924 10144
  1925 10144
  1926 10144
  1927 10144
  1928 10144
  1929 10144
  1930 10144
  1931 10144
  1932 10144
  1933 10144
  1934 10144
  1935 10144
  1936 10144
  1937 10144
  1938 10144
  1939 10144
  1940 10144
  1941 10144
  1942 10144
  1943 10144
  1944 10144
  1945 10144
  1946 10144
  1947 10144
  1948 10144
  1949 10144
  1950 10144
  1951 10144
  1952 10144
  1953 10144
  1954 10144
  1955 10144
  1956 10144
  1957 10144
  1958 10144
  1959 10144
  1960 10144
  1961 10144
  1962 10144
  1963 10144
  1964 10170
  1965 10170
  1966 10144
  1967 10144
  1968 10144
  1969 10144
  1970 10144
  1971 10144
  1972 10144
  1973 10144
  1974 10144
  1975 10144
  1976 10144
  1977 10144
  1978 10144
  1979 10144
  1980 10144
  1981 10144
  1982 10144
  1983 10144
  1984 10144
  1985 10144
  1986 10144
  1987 10144
  1988 10144
  1989 10144
  1990 10010
  1995 10068
  2021 10061
  2022 10061
  2027 10014
  2028 10014
  2029 10154
  2030 10143
  2031 10143
  2032 10143
