   693 10062
   694 10062
   695 10062
   696 10062
   697 10062
   698 10062
   699 10062
   700 10062
   701 10062
   702 10062
   703 10062
   704 10062
   705 10062
   706 10062
   707 10062
   708 10062
   709 10062
   710 10062
   711 10062
   712 10062
   713 10062
   714 10062
   715 10062
   716 10062
   717 10062
   718 10062
   719 10062
   720 10062
   721 10062
   722 10062
   723 10062
   724 10062
   725 10062
   726 10062
   727 10062
   728 10062
   729 10062
   730 10062
   731 10062
   732 10062
   733 10062
   734 10062
   735 10062
   736 10062
   737 10062
   738 10062
   739 10062
   740 10062
   741 10062
   742 10062
   743 10062
   744 10062
   745 10062
   746 10062
   747 10062
   748 10062
   749 10062
   750 10062
   751 10062
   752 10062
   753 10062
   754 10062
   755 10062
   756 10062
   757 10062
   758 10062
   759 10062
   760 10062
   761 10062
   762 10062
   763 10062
   764 10062
   765 10062
   766 10062
   767 10062
   768 10062
   769 10062
   770 10062
   771 10062
   772 10062
   773 10062
   774 10062
   775 10062
   776 10062
   777 10062
   778 10134
   779 10134
   780 10154
   781 10154
   782 10115
   783 10115
   784 10153
   785 10153
   786 10153
   787 10153
   788 10153
   789 10153
   790 10153
   791 10153
   792 10153
   793 10153
   794 10153
   795 10153
   796 10153
   797 10153
   798 10153
   799 10153
   800 10153
   801 10153
   802 10153
   803 10153
   804 10153
   805 10153
   806 10153
   807 10153
   808 10153
   809 10153
   810 10153
   811 10153
   812 10153
   813 10153
   814 10153
   815 10153
   816 10153
   817 10153
   818 10153
   819 10153
   820 10153
   821 10153
   822 10153
   823 10153
   824 10153
   825 10153
   826 10153
   827 10153
   828 10153
   829 10153
   830 10153
   831 10153
   832 10153
   833 10153
   834 10153
   835 10153
   836 10153
   837 10153
   838 10153
   839 10153
   840 10153
   841 10153
   842 10153
   843 10153
   844 10153
   845 10153
   846 10153
   847 10153
   848 10153
   849 10153
   850 10153
   851 10153
   852 10153
   853 10153
   854 10153
   855 10153
   856 10153
   857 10153
   858 10153
   859 10153
   860 10153
   861 10153
   862 10153
   863 10153
   864 10153
   865 10153
   866 10153
   867 10153
   868 10153
   869 10153
   870 10153
   871 10153
   872 10153
   873 10153
   874 10153
   875 10153
   876 10153
   877 10153
   878 10153
   879 10153
   880 10153
   881 10153
   882 10153
   883 10153
   884 10153
   885 10153
   886 10153
   887 10153
   888 10153
   889 10153
   890 10153
   891 10153
   892 10153
   893 10153
   894 10153
   895 10153
   896 10153
   897 10153
   898 10153
   899 10153
   900 10153
   901 10153
   902 10153
   903 10153
   904 10153
   905 10153
   906 10153
   907 10153
   908 10153
   909 10153
   910 10153
   911 10153
   912 10153
   913 10153
   914 10153
   915 10153
   916 10153
   917 10153
   918 10153
   919 10153
   920 10153
   921 10153
   922 10153
   923 10153
   924 10153
   925 10153
   926 10153
   927 10153
   928 10153
   929 10153
   930 10153
   931 10153
   932 10153
   933 10153
   934 10153
   935 10153
   936 10153
   937 10153
   938 10153
   939 10153
   940 10153
   941 10153
   942 10153
   943 10153
   944 10153
   945 10153
   946 10153
   947 10153
   948 10153
   949 10153
   950 10153
   951 10153
   952 10153
   953 10153
   954 10153
   955 10153
   956 10153
   957 10153
   958 10153
   959 10153
   960 10153
   961 10153
   962 10153
   963 10153
   964 10153
   965 10153
   966 10153
   967 10153
   968 10153
   969 10153
   970 10153
   971 10153
   972 10153
   973 10153
   974 10153
   975 10153
   976 10153
   977 10153
   978 10153
   979 10153
   980 10153
   981 10153
   982 10153
   983 10153
   984 10153
   985 10153
   986 10153
   987 10153
   988 10153
   989 10153
   990 10153
   991 10153
   992 10153
   993 10153
   994 10153
   995 10153
   996 10153
   997 10153
   998 10153
   999 10153
  1000 10153
  1001 10153
  1002 10153
  1003 10153
  1004 10153
  1005 10153
  1006 10153
  1007 10153
  1008 10153
  1009 10153
  1010 10153
  1011 10153
  1012 10153
  1013 10153
  1014 10153
  1015 10153
  1016 10153
  1017 10153
  1018 10153
  1019 10016
  1020 10016
  1021 10014
  1025 10128
  1026 10101
  1027 10062
  1028 10062
  1029 10062
  1030 10062
  1032 10141
  1034 10062
  1035 10062
  1036 10062
  1038 10062
  1039 10062
  1040 10062
  1042 10062
  1043 10062
  1044 10062
  1045 10062
  1046 10062
  1047 10062
  1048 10062
  1049 10062
  1050 10062
  1051 10062
  1052 10062
  1053 10062
  1054 10062
  1055 10062
  1056 10062
  1057 10062
  1058 10062
  1059 10062
  1060 10062
  1061 10062
  1062 10062
  1063 10062
  1064 10062
  1065 10062
  1066 10062
  1067 10062
  1068 10062
  1069 10062
  1070 10062
  1071 10062
  1072 10062
  1073 10062
  1074 10062
  1075 10062
  1076 10062
  1077 10062
  1078 10062
  1079 10062
  1080 10062
  1081 10062
  1082 10062
  1083 10062
  1084 10062
  1085 10062
  1086 10062
  1087 10062
  1088 10062
  1089 10062
  1090 10062
  1091 10062
  1092 10062
  1093 10062
  1094 10062
  1095 10062
  1096 10062
  1097 10062
  1098 10062
  1099 10062
  1100 10062
  1101 10062
  1102 10062
  1103 10062
  1104 10062
  1105 10062
  1106 10062
  1107 10062
  1108 10062
  1109 10062
  1110 10062
  1111 10062
  1112 10062
  1113 10062
  1114 10062
  1115 10062
  1116 10062
  1117 10062
  1118 10062
  1119 10062
  1120 10062
  1121 10062
  1122 10062
  1123 10062
  1124 10062
  1125 10062
  1126 10062
  1127 10062
  1128 10062
  1129 10062
  1130 10062
  1131 10062
  1132 10062
  1133 10062
  1134 10062
  1135 10062
  1136 10062
  1137 10062
  1138 10062
  1139 10062
  1140 10062
  1141 10062
  1142 10062
  1143 10062
  1144 10062
  1145 10062
  1146 10062
  1147 10062
  1148 10062
  1149 10062
  1150 10062
  1151 10062
  1152 10062
  1153 10062
  1154 10062
  1155 10062
  1156 10062
  1157 10062
  1158 10062
  1159 10062
  1160 10062
  1161 10062
  1162 10062
  1163 10062
  1164 10062
  1165 10062
  1166 10062
  1167 10062
  1168 10062
  1169 10062
  1170 10062
  1171 10062
  1172 10062
  1173 10062
  1174 10062
  1175 10062
  1176 10062
  1177 10062
  1178 10062
  1179 10062
  1180 10062
  1181 10062
  1182 10062
  1183 10062
  1184 10062
  1185 10062
  1186 10062
  1187 10062
  1188 10062
  1189 10062
  1190 10062
  1191 10062
  1192 10062
  1193 10062
  1194 10062
  1195 10062
  1196 10062
  1197 10062
  1198 10062
  1199 10062
  1200 10062
  1201 10062
  1202 10062
  1203 10062
  1204 10062
  1205 10062
  1206 10062
  1207 10062
  1208 10062
  1209 10062
  1210 10062
  1211 10062
  1212 10062
  1213 10062
  1214 10062
  1215 10062
  1216 10062
  1217 10062
  1218 10062
  1219 10062
  1220 10062
  1221 10062
  1222 10062
  1223 10062
  1224 10062
  1225 10062
  1226 10062
  1227 10062
  1228 10062
  1229 10062
  1230 10062
  1231 10062
  1232 10062
  1233 10062
  1234 10062
  1235 10062
  1236 10062
  1237 10062
  1238 10134
  1239 10134
  1240 10055
  1241 10055
  1242 10055
  1243 10055
  1244 10173
  1245 10173
  1246 10173
  1247 10173
  1248 10173
  1249 10055
  1250 10055
  1251 10055
  1252 10040
  1253 10040
  1254 10018
  1255 10018
  1256 10018
  1257 10018
  1258 10018
  1259 10018
  1260 10018
  1261 10018
  1262 10018
  1263 10018
  1264 10018
  1265 10098
  1266 10158
  1267 10055
  1268 10055
  1269 10055
  1270 10055
  1271 10140
  1272 10140
  1273 10158
  1274 10158
  1275 10158
  1276 10158
  1277 10140
  1278 10140
  1279 10140
  1280 10140
  1281 10158
  1282 10158
  1283 10158
  1284 10158
  1285 10158
  1286 10158
  1287 10158
  1288 10158
  1289 10055
  1290 10055
  1291 10055
  1292 10055
  1293 10055
  1294 10140
  1295 10055
  1296 10055
  1297 10158
  1298 10140
  1299 10140
  1300 10140
  1301 10140
  1302 10140
  1303 10140
  1304 10140
  1305 10158
  1306 10158
  1307 10076
  1308 10055
  1309 10055
  1310 10055
  1311 10106
  1312 10106
  1313 10134
  1314 10088
  1315 10088
  1316 10088
  1317 10088
  1318 10088
  1319 10088
  1320 10134
  1321 10134
  1322 10134
  1323 10134
  1329 10132
  1330 10132
  1331 10132
  1332 10132
  1333 10132
  1334 10132
  1335 10132
  1336 10132
  1337 10132
  1338 10132
  1339 10132
  1340 10132
  1341 10132
  1342 10132
  1343 10118
  1344 10132
  1345 10132
  1346 10132
  1347 10132
  1348 10132
  1349 10132
  1350 10132
  1351 10132
  1352 10132
  1353 10132
  1354 10132
  1355 10132
  1356 10132
  1357 10132
  1358 10132
  1359 10132
  1360 10132
  1361 10132
  1362 10132
  1363 10132
  1364 10132
  1365 10132
  1366 10132
  1367 10132
  1368 10132
  1374 10076
  1375 10141
  1376 10141
  1377 10141
  1378 10101
  1379 10141
  1381 10163
  1385 10086
  1386 10071
  1387 10071
  1388 10071
  1389 10071
  1390 10071
  1391 10071
  1392 10071
  1393 10071
  1394 10071
  1395 10071
  1396 10071
  1397 10071
  1398 10071
  1399 10071
  1400 10149
  1401 10149
  1402 10071
  1403 10149
  1404 10071
  1405 10149
  1406 10071
  1407 10071
  1408 10071
  1409 10071
  1410 10071
  1411 10071
  1412 10071
  1413 10149
  1414 10149
  1415 10149
  1416 10149
  1417 10149
  1418 10149
  1419 10149
  1420 10149
  1421 10149
  1422 10149
  1423 10149
  1424 10149
  1425 10149
  1426 10149
  1427 10149
  1428 10149
  1429 10149
  1430 10149
  1431 10149
  1432 10149
  1433 10149
  1434 10149
  1435 10149
  1436 10071
  1437 10071
  1438 10071
  1439 10071
  1440 10071
  1441 10071
  1442 10071
  1443 10071
  1444 10071
  1445 10071
  1446 10071
  1447 10071
  1448 10149
  1449 10071
  1450 10149
  1451 10149
  1452 10071
  1453 10149
  1454 10149
  1455 10149
  1456 10149
  1457 10149
  1458 10149
  1459 10149
  1460 10071
  1461 10149
  1462 10071
  1463 10149
  1464 10149
  1465 10149
  1466 10149
  1467 10149
  1468 10071
  1469 10149
  1470 10149
  1471 10071
  1472 10071
  1473 10149
  1474 10071
  1475 10149
  1476 10149
  1477 10071
  1478 10071
  1479 10071
  1480 10071
  1481 10071
  1482 10071
  1483 10071
  1484 10071
  1485 10071
  1486 10071
  1487 10071
  1488 10071
  1489 10071
  1490 10071
  1491 10149
  1492 10149
  1493 10071
  1494 10071
  1495 10071
  1496 10149
  1497 10071
  1498 10071
  1499 10071
  1500 10071
  1501 10071
  1502 10071
  1503 10071
  1504 10071
  1505 10071
  1506 10149
  1507 10149
  1508 10149
  1509 10071
  1510 10071
  1511 10149
  1512 10149
  1513 10149
  1514 10071
  1515 10071
  1516 10071
  1517 10071
  1518 10071
  1519 10071
  1520 10071
  1521 10071
  1522 10071
  1523 10071
  1524 10071
  1525 10071
  1526 10071
  1527 10071
  1528 10071
  1529 10071
  1530 10071
  1531 10071
  1532 10071
  1533 10071
  1534 10071
  1535 10071
  1536 10071
  1537 10071
  1538 10071
  1539 10071
  1540 10071
  1541 10071
  1542 10071
  1543 10071
  1544 10071
  1545 10071
  1546 10071
  1547 10071
  1548 10071
  1549 10071
  1550 10071
  1551 10071
  1552 10071
  1553 10071
  1554 10071
  1555 10071
  1556 10071
  1557 10071
  1558 10071
  1559 10071
  1560 10071
  1561 10071
  1562 10071
  1563 10071
  1564 10071
  1565 10071
  1566 10071
  1567 10071
  1568 10071
  1569 10071
  1570 10071
  1571 10071
  1572 10071
  1573 10071
  1574 10071
  1575 10071
  1576 10071
  1577 10071
  1578 10071
  1579 10071
  1580 10071
  1581 10071
  1582 10071
  1583 10071
  1584 10071
  1585 10071
  1586 10071
  1587 10071
  1588 10071
  1589 10071
  1590 10071
  1591 10071
  1592 10071
  1593 10071
  1594 10071
  1595 10071
  1596 10071
  1597 10071
  1598 10071
  1599 10071
  1600 10071
  1601 10071
  1602 10071
  1603 10071
  1604 10071
  1605 10071
  1606 10071
  1607 10071
  1608 10071
  1609 10071
  1610 10071
  1611 10071
  1612 10071
  1613 10071
  1614 10071
  1615 10071
  1616 10071
  1617 10071
  1618 10071
  1619 10071
  1620 10064
  1621 10086
  1622 10086
  1623 10033
  1624 10033
  1625 10033
  1626 10091
  1627 10041
  1628 10041
  1629 10041
  1630 10041
  1631 10041
  1632 10041
  1633 10041
  1634 10041
  1635 10041
  1636 10041
  1637 10041
  1638 10041
  1639 10041
  1640 10041
  1641 10041
  1642 10041
  1643 10041
  1644 10041
  1645 10041
  1646 10041
  1647 10041
  1648 10041
  1649 10041
  1650 10041
  1651 10041
  1652 10041
  1653 10041
  1654 10041
  1655 10041
  1656 10041
  1657 10041
  1658 10041
  1659 10041
  1660 10041
  1661 10041
  1662 10041
  1663 10041
  1664 10041
  1665 10041
  1666 10041
  1667 10041
  1668 10041
  1669 10041
  1670 10041
  1671 10041
  1672 10041
  1673 10041
  1674 10041
  1675 10041
  1676 10041
  1677 10041
  1678 10041
  1679 10041
  1680 10041
  1681 10041
  1682 10041
  1683 10041
  1684 10041
  1685 10041
  1686 10041
  1687 10041
  1688 10041
  1689 10041
  1690 10041
  1691 10041
  1692 10041
  1693 10041
  1694 10041
  1695 10041
  1696 10041
  1697 10041
  1698 10041
  1699 10041
  1700 10041
  1701 10041
  1702 10041
  1703 10041
  1704 10041
  1705 10041
  1706 10041
  1707 10041
  1708 10041
  1709 10041
  1710 10041
  1711 10041
  1712 10041
  1713 10041
  1714 10041
  1715 10041
  1716 10041
  1717 10041
  1718 10041
  1719 10041
  1720 10041
  1721 10041
  1722 10041
  1723 10041
  1724 10041
  1725 10041
  1726 10041
  1727 10041
  1728 10041
  1729 10041
  1730 10041
  1731 10041
  1732 10041
  1733 10041
  1734 10041
  1735 10041
  1736 10041
  1737 10041
  1738 10041
  1739 10041
  1740 10041
  1741 10041
  1742 10041
  1743 10041
  1744 10041
  1745 10041
  1746 10041
  1747 10041
  1748 10041
  1749 10041
  1750 10041
  1751 10041
  1752 10041
  1753 10041
  1754 10041
  1755 10041
  1756 10041
  1757 10041
  1758 10041
  1759 10041
  1760 10041
  1761 10041
  1762 10041
  1763 10041
  1764 10041
  1765 10041
  1766 10041
  1767 10041
  1768 10041
  1769 10041
  1770 10041
  1771 10041
  1772 10041
  1773 10041
  1774 10041
  1775 10041
  1776 10041
  1777 10041
  1778 10041
  1779 10041
  1780 10041
  1781 10041
  1782 10041
  1783 10041
  1784 10041
  1785 10041
  1786 10041
  1787 10041
  1788 10041
  1789 10041
  1790 10041
  1791 10041
  1792 10041
  1793 10041
  1794 10041
  1795 10041
  1796 10041
  1797 10041
  1798 10041
  1799 10041
  1800 10041
  1801 10041
  1802 10041
  1803 10041
  1804 10041
  1805 10041
  1806 10041
  1807 10041
  1808 10041
  1809 10041
  1810 10041
  1811 10041
  1812 10041
  1813 10041
  1814 10041
  1815 10041
  1816 10041
  1817 10041
  1818 10041
  1819 10041
  1820 10041
  1821 10041
  1822 10041
  1823 10041
  1824 10041
  1825 10041
  1826 10041
  1827 10041
  1828 10041
  1829 10041
  1830 10041
  1831 10041
  1832 10041
  1833 10041
  1834 10041
  1835 10041
  1836 10041
  1837 10041
  1838 10041
  1839 10041
  1840 10041
  1841 10041
  1842 10041
  1843 10041
  1844 10041
  1845 10041
  1846 10041
  1847 10041
  1848 10041
  1849 10041
  1850 10041
  1851 10041
  1852 10041
  1853 10041
  1854 10041
  1855 10041
  1856 10041
  1857 10041
  1858 10041
  1859 10041
  1860 10041
  1861 10041
  1862 10019
  1863 10019
  1864 10002
  1866 10002
  1868 10033
  1869 10033
  1870 10033
  1871 10033
  1872 10033
  1873 10033
  1874 10033
  1875 10033
  1876 10033
  1877 10033
  1878 10033
  1879 10033
  1880 10033
  1881 10033
  1882 10033
  1883 10033
  1884 10033
  1885 10033
  1886 10033
  1887 10033
  1888 10033
  1889 10033
  1890 10033
  1891 10033
  1892 10033
  1893 10033
  1894 10033
  1895 10033
  1896 10033
  1897 10033
  1898 10033
  1899 10033
  1900 10033
  1901 10033
  1902 10033
  1903 10033
  1904 10033
  1905 10033
  1906 10033
  1907 10033
  1908 10033
  1909 10033
  1910 10033
  1911 10033
  1912 10033
  1913 10033
  1914 10033
  1915 10033
  1916 10033
  1917 10033
  1918 10033
  1919 10033
  1920 10033
  1921 10033
  1922 10033
  1923 10033
  1924 10033
  1925 10033
  1926 10033
  1927 10033
  1928 10033
  1929 10033
  1930 10033
  1931 10033
  1932 10033
  1933 10033
  1934 10033
  1935 10033
  1936 10033
  1937 10033
  1938 10033
  1939 10033
  1940 10033
  1941 10033
  1942 10033
  1943 10033
  1944 10033
  1945 10033
  1946 10033
  1947 10033
  1948 10033
  1949 10033
  1950 10033
  1951 10033
  1952 10033
  1953 10033
  1954 10033
  1955 10033
  1956 10033
  1957 10033
  1958 10033
  1959 10033
  1960 10033
  1961 10033
  1962 10033
  1963 10033
  1964 10033
  1965 10033
  1966 10033
  1967 10033
  1968 10033
  1969 10033
  1970 10033
  1971 10033
  1972 10033
  1973 10033
  1974 10033
  1975 10033
  1976 10033
  1977 10033
  1978 10033
  1979 10033
  1980 10033
  1981 10033
  1982 10033
  1983 10033
  1984 10033
  1985 10033
  1986 10033
  1987 10033
  1988 10033
  1989 10033
  1990 10033
  1991 10033
  1992 10033
  1993 10033
  1994 10033
  1995 10033
  1996 10033
  1997 10033
  1998 10033
  1999 10033
  2000 10033
  2001 10033
  2002 10033
  2003 10033
  2004 10033
  2005 10033
  2006 10033
  2007 10033
  2008 10033
  2009 10033
  2010 10033
  2011 10033
  2012 10033
  2013 10033
  2014 10033
  2015 10033
  2016 10033
  2017 10033
  2018 10033
  2019 10033
  2020 10033
  2021 10033
  2022 10062
  2023 10062
  2024 10062
  2025 10062
  2026 10062
  2027 10062
  2028 10062
