   691 10086
   692 10086
   693 10086
   694 10086
   695 10086
   696 10086
   697 10086
   698 10086
   699 10086
   700 10086
   701 10086
   702 10086
   703 10086
   704 10086
   705 10086
   706 10086
   707 10086
   708 10086
   709 10086
   710 10086
   711 10086
   712 10086
   713 10086
   714 10086
   715 10086
   716 10086
   717 10086
   718 10086
   719 10086
   720 10086
   721 10086
   722 10086
   723 10086
   724 10086
   725 10086
   726 10086
   727 10086
   728 10086
   729 10086
   730 10086
   731 10086
   732 10086
   733 10086
   734 10086
   735 10086
   736 10086
   737 10086
   738 10086
   739 10086
   740 10086
   741 10086
   742 10086
   743 10086
   744 10086
   745 10086
   746 10086
   747 10086
   748 10086
   749 10086
   750 10086
   751 10086
   752 10086
   753 10086
   754 10086
   755 10086
   756 10086
   757 10086
   758 10086
   759 10086
   760 10086
   761 10086
   762 10086
   763 10086
   764 10086
   765 10086
   766 10086
   767 10086
   768 10086
   769 10086
   770 10086
   771 10086
   772 10086
   773 10086
   774 10086
   775 10086
   776 10086
   777 10086
   778 10086
   779 10086
   780 10086
   781 10086
   782 10086
   784 10086
   786 10143
   787 10143
   788 10161
   789 10161
   790 10161
   791 10161
   792 10161
   793 10156
   794 10156
   795 10161
   796 10161
   797 10161
   798 10161
   799 10156
   800 10156
   801 10156
   802 10156
   803 10156
   804 10156
   805 10161
   806 10156
   807 10156
   808 10156
   809 10161
   810 10161
   811 10161
   812 10161
   813 10161
   814 10161
   815 10161
   816 10161
   817 10161
   818 10156
   819 10156
   820 10156
   821 10156
   822 10156
   823 10156
   824 10161
   825 10156
   826 10156
   827 10161
   828 10161
   829 10161
   830 10161
   831 10161
   832 10161
   833 10161
   834 10161
   835 10161
   836 10161
   837 10161
   838 10161
   839 10124
   840 10124
   841 10156
   842 10161
   843 10161
   844 10161
   845 10161
   846 10161
   847 10161
   848 10161
   849 10161
   850 10161
   851 10161
   852 10161
   853 10161
   854 10161
   855 10161
   856 10156
   857 10156
   858 10156
   859 10156
   860 10156
   861 10156
   862 10161
   863 10161
   864 10161
   865 10161
   866 10161
   867 10161
   868 10161
   869 10161
   870 10161
   871 10161
   872 10161
   873 10161
   874 10161
   875 10161
   876 10161
   877 10161
   878 10161
   879 10161
   880 10161
   881 10161
   882 10161
   883 10161
   884 10161
   885 10161
   886 10161
   887 10161
   888 10161
   889 10161
   890 10161
   891 10161
   892 10161
   893 10161
   894 10161
   895 10161
   896 10161
   897 10161
   898 10161
   899 10161
   900 10161
   901 10161
   902 10161
   903 10156
   904 10156
   905 10156
   906 10156
   907 10156
   908 10156
   909 10124
   910 10124
   911 10124
   912 10124
   913 10161
   914 10124
   915 10161
   916 10161
   917 10156
   918 10161
   919 10161
   920 10156
   921 10156
   922 10124
   923 10156
   924 10156
   925 10156
   926 10161
   927 10161
   928 10156
   929 10156
   930 10156
   931 10124
   932 10124
   933 10124
   934 10124
   935 10161
   936 10156
   937 10161
   938 10156
   939 10161
   940 10161
   941 10124
   942 10124
   943 10124
   944 10124
   945 10124
   946 10124
   947 10124
   948 10124
   949 10124
   950 10124
   951 10161
   952 10161
   953 10161
   954 10161
   955 10156
   956 10156
   957 10161
   958 10156
   959 10161
   960 10161
   961 10161
   962 10161
   963 10161
   964 10156
   965 10156
   966 10156
   967 10156
   968 10156
   969 10156
   970 10156
   971 10156
   972 10156
   973 10156
   974 10156
   975 10156
   976 10081
   977 10156
   978 10156
   979 10156
   980 10156
   981 10156
   982 10156
   983 10156
   984 10156
   985 10156
   986 10161
   987 10161
   988 10161
   989 10161
   990 10161
   991 10156
   992 10156
   993 10156
   994 10156
   995 10156
   996 10156
   997 10156
   998 10156
   999 10124
  1000 10124
  1001 10124
  1002 10124
  1003 10161
  1004 10161
  1005 10161
  1006 10161
  1007 10161
  1008 10161
  1009 10161
  1010 10161
  1011 10161
  1012 10161
  1013 10161
  1014 10161
  1015 10161
  1016 10161
  1017 10161
  1018 10161
  1019 10161
  1020 10161
  1021 10074
  1022 10074
  1023 10014
  1024 10154
  1025 10154
  1026 10137
  1028 10113
  1029 10113
  1030 10113
  1031 10113
  1032 10113
  1033 10113
  1034 10113
  1035 10113
  1036 10113
  1037 10113
  1038 10113
  1039 10113
  1040 10113
  1041 10113
  1042 10113
  1043 10113
  1044 10113
  1045 10113
  1046 10113
  1047 10113
  1048 10113
  1049 10113
  1050 10113
  1051 10113
  1052 10113
  1053 10113
  1054 10113
  1055 10113
  1056 10113
  1057 10113
  1058 10113
  1059 10113
  1060 10113
  1061 10113
  1062 10113
  1063 10113
  1064 10113
  1065 10113
  1066 10113
  1067 10113
  1068 10113
  1069 10113
  1070 10113
  1071 10113
  1072 10113
  1073 10113
  1074 10113
  1075 10113
  1076 10113
  1077 10113
  1078 10113
  1079 10113
  1080 10113
  1081 10113
  1082 10113
  1083 10113
  1084 10113
  1085 10113
  1086 10113
  1087 10113
  1088 10113
  1089 10113
  1090 10113
  1091 10113
  1092 10113
  1093 10113
  1094 10113
  1095 10113
  1096 10113
  1097 10113
  1098 10113
  1099 10113
  1100 10113
  1101 10113
  1102 10113
  1103 10113
  1104 10113
  1105 10113
  1106 10113
  1107 10113
  1108 10113
  1109 10113
  1110 10113
  1111 10113
  1112 10113
  1113 10113
  1114 10113
  1115 10113
  1116 10113
  1117 10113
  1118 10113
  1119 10113
  1120 10113
  1121 10113
  1122 10113
  1123 10113
  1124 10113
  1125 10113
  1126 10113
  1127 10113
  1128 10113
  1129 10113
  1130 10113
  1131 10113
  1132 10113
  1133 10113
  1134 10113
  1135 10113
  1136 10113
  1137 10113
  1138 10113
  1139 10113
  1140 10113
  1141 10113
  1142 10113
  1143 10113
  1144 10113
  1145 10113
  1146 10113
  1147 10113
  1148 10113
  1149 10113
  1150 10113
  1151 10113
  1152 10113
  1153 10113
  1154 10113
  1155 10113
  1156 10113
  1157 10113
  1158 10113
  1159 10113
  1160 10113
  1161 10113
  1162 10113
  1163 10113
  1164 10113
  1165 10113
  1166 10113
  1167 10113
  1168 10113
  1169 10113
  1170 10113
  1171 10113
  1172 10113
  1173 10113
  1174 10113
  1175 10113
  1176 10113
  1177 10113
  1178 10113
  1179 10113
  1180 10113
  1181 10113
  1182 10113
  1183 10113
  1184 10113
  1185 10113
  1186 10113
  1187 10113
  1188 10113
  1189 10113
  1190 10113
  1191 10113
  1192 10113
  1193 10113
  1194 10113
  1195 10113
  1196 10113
  1197 10113
  1198 10113
  1199 10113
  1200 10113
  1201 10113
  1202 10113
  1203 10113
  1204 10113
  1205 10113
  1206 10113
  1207 10113
  1208 10113
  1209 10113
  1210 10113
  1211 10113
  1212 10113
  1213 10113
  1214 10113
  1215 10113
  1216 10113
  1217 10113
  1218 10113
  1219 10113
  1220 10113
  1221 10113
  1222 10113
  1223 10113
  1224 10113
  1225 10113
  1226 10113
  1227 10113
  1228 10113
  1229 10113
  1230 10113
  1231 10113
  1232 10113
  1233 10113
  1234 10113
  1235 10113
  1236 10113
  1237 10113
  1238 10113
  1239 10113
  1240 10113
  1241 10113
  1242 10113
  1243 10113
  1244 10113
  1245 10113
  1246 10113
  1247 10113
  1248 10113
  1249 10113
  1250 10113
  1251 10113
  1252 10113
  1253 10113
  1254 10113
  1255 10113
  1256 10113
  1257 10113
  1258 10113
  1259 10113
  1266 10134
  1267 10065
  1270 10083
  1271 10149
  1272 10149
  1273 10149
  1274 10149
  1275 10149
  1276 10149
  1277 10149
  1278 10149
  1279 10149
  1280 10149
  1281 10149
  1282 10149
  1283 10149
  1284 10149
  1285 10149
  1286 10149
  1287 10149
  1288 10071
  1289 10149
  1290 10071
  1291 10071
  1292 10071
  1293 10149
  1294 10149
  1295 10071
  1296 10071
  1297 10071
  1298 10071
  1299 10149
  1300 10149
  1301 10149
  1302 10149
  1303 10149
  1304 10071
  1305 10071
  1306 10071
  1307 10071
  1308 10071
  1309 10071
  1310 10071
  1311 10071
  1312 10071
  1313 10149
  1314 10149
  1315 10149
  1316 10149
  1317 10071
  1318 10071
  1319 10071
  1320 10071
  1321 10080
  1324 10138
  1325 10128
  1327 10018
  1328 10018
  1329 10018
  1330 10018
  1331 10018
  1332 10140
  1333 10018
  1334 10140
  1335 10140
  1336 10140
  1337 10140
  1338 10140
  1339 10140
  1340 10140
  1341 10158
  1342 10140
  1343 10140
  1344 10140
  1345 10055
  1346 10140
  1347 10140
  1348 10140
  1349 10140
  1350 10140
  1351 10140
  1352 10140
  1353 10140
  1354 10140
  1355 10140
  1356 10140
  1357 10055
  1358 10055
  1359 10055
  1360 10018
  1361 10018
  1362 10018
  1363 10055
  1364 10040
  1365 10106
  1366 10106
  1367 10141
  1368 10141
  1369 10061
  1374 10101
  1375 10101
  1376 10101
  1387 10082
  1388 10082
  1389 10082
  1390 10082
  1391 10082
  1392 10082
  1393 10082
  1394 10082
  1395 10082
  1396 10082
  1397 10082
  1398 10082
  1399 10082
  1400 10082
  1401 10082
  1402 10082
  1403 10082
  1404 10082
  1405 10082
  1406 10082
  1407 10082
  1408 10082
  1409 10082
  1410 10082
  1411 10082
  1412 10082
  1413 10082
  1414 10082
  1415 10082
  1416 10082
  1417 10082
  1418 10082
  1419 10082
  1420 10082
  1421 10082
  1422 10082
  1423 10082
  1424 10082
  1425 10082
  1426 10082
  1427 10082
  1428 10082
  1429 10082
  1430 10082
  1431 10082
  1432 10082
  1433 10082
  1434 10082
  1435 10082
  1436 10082
  1437 10082
  1438 10082
  1439 10082
  1440 10082
  1441 10082
  1442 10082
  1443 10082
  1444 10082
  1445 10082
  1446 10082
  1447 10082
  1448 10082
  1449 10082
  1450 10082
  1451 10082
  1452 10082
  1453 10082
  1454 10082
  1455 10082
  1456 10082
  1457 10082
  1458 10082
  1459 10082
  1460 10082
  1461 10082
  1462 10082
  1463 10082
  1464 10082
  1465 10082
  1466 10082
  1467 10082
  1468 10082
  1469 10082
  1470 10082
  1471 10082
  1472 10082
  1473 10082
  1474 10082
  1475 10082
  1476 10082
  1477 10082
  1478 10082
  1479 10082
  1480 10082
  1481 10082
  1482 10082
  1483 10082
  1484 10082
  1485 10082
  1486 10082
  1487 10082
  1488 10082
  1489 10082
  1490 10082
  1491 10082
  1492 10082
  1493 10082
  1494 10082
  1495 10082
  1496 10082
  1497 10082
  1498 10082
  1499 10082
  1500 10082
  1501 10082
  1502 10082
  1503 10082
  1504 10082
  1505 10082
  1506 10082
  1507 10082
  1508 10082
  1509 10082
  1510 10082
  1511 10082
  1512 10082
  1513 10082
  1514 10082
  1515 10082
  1516 10082
  1517 10082
  1518 10082
  1519 10082
  1520 10082
  1521 10082
  1522 10082
  1523 10082
  1524 10082
  1525 10082
  1526 10082
  1527 10082
  1528 10082
  1529 10082
  1530 10082
  1531 10082
  1532 10082
  1533 10082
  1534 10082
  1535 10082
  1536 10082
  1537 10082
  1538 10082
  1539 10082
  1540 10082
  1541 10082
  1542 10082
  1543 10082
  1544 10082
  1545 10082
  1546 10082
  1547 10082
  1548 10082
  1549 10082
  1550 10082
  1551 10082
  1552 10082
  1553 10082
  1554 10082
  1555 10082
  1556 10082
  1557 10082
  1558 10082
  1559 10082
  1560 10082
  1561 10082
  1562 10082
  1563 10082
  1564 10082
  1565 10082
  1566 10082
  1567 10082
  1568 10082
  1569 10082
  1570 10082
  1571 10082
  1572 10082
  1573 10082
  1574 10082
  1575 10082
  1576 10082
  1577 10082
  1578 10082
  1579 10082
  1580 10082
  1581 10082
  1582 10082
  1583 10082
  1584 10082
  1585 10082
  1586 10082
  1587 10082
  1588 10082
  1589 10082
  1590 10082
  1591 10082
  1592 10082
  1593 10082
  1594 10082
  1595 10082
  1596 10082
  1597 10082
  1598 10082
  1599 10082
  1600 10082
  1601 10082
  1602 10082
  1603 10082
  1604 10082
  1605 10082
  1606 10082
  1607 10082
  1608 10082
  1609 10082
  1610 10082
  1611 10082
  1612 10082
  1613 10082
  1614 10082
  1615 10082
  1616 10082
  1617 10082
  1618 10066
  1619 10066
  1620 10066
  1621 10066
  1631 10132
  1632 10132
  1633 10132
  1634 10132
  1635 10132
  1636 10132
  1637 10132
  1638 10132
  1639 10132
  1640 10132
  1641 10132
  1642 10132
  1643 10132
  1644 10132
  1645 10132
  1646 10132
  1647 10132
  1648 10132
  1649 10132
  1650 10132
  1651 10132
  1652 10132
  1653 10132
  1654 10132
  1655 10132
  1656 10132
  1657 10132
  1658 10132
  1659 10132
  1660 10132
  1661 10132
  1662 10132
  1663 10132
  1664 10132
  1665 10132
  1666 10132
  1667 10132
  1668 10132
  1669 10132
  1670 10132
  1671 10132
  1672 10132
  1673 10132
  1674 10132
  1675 10132
  1676 10132
  1677 10132
  1678 10132
  1679 10132
  1680 10132
  1681 10132
  1682 10132
  1683 10132
  1684 10132
  1685 10132
  1686 10132
  1687 10132
  1688 10132
  1689 10132
  1690 10132
  1691 10132
  1692 10132
  1693 10132
  1694 10132
  1695 10132
  1696 10132
  1697 10132
  1698 10132
  1699 10132
  1700 10132
  1701 10132
  1702 10132
  1703 10132
  1704 10132
  1705 10132
  1706 10132
  1707 10132
  1708 10132
  1709 10132
  1710 10132
  1711 10132
  1712 10132
  1713 10132
  1714 10132
  1715 10132
  1716 10132
  1717 10132
  1718 10132
  1719 10132
  1720 10132
  1721 10132
  1722 10132
  1723 10132
  1724 10132
  1725 10132
  1726 10132
  1727 10132
  1728 10132
  1729 10132
  1730 10132
  1731 10132
  1732 10132
  1733 10132
  1734 10132
  1735 10132
  1736 10132
  1737 10132
  1738 10132
  1739 10132
  1740 10132
  1741 10132
  1742 10132
  1743 10132
  1744 10132
  1745 10132
  1746 10132
  1747 10132
  1748 10132
  1749 10132
  1750 10132
  1751 10132
  1752 10132
  1753 10132
  1754 10132
  1755 10132
  1756 10132
  1757 10132
  1758 10132
  1759 10132
  1760 10132
  1761 10132
  1762 10132
  1763 10132
  1764 10132
  1765 10132
  1766 10132
  1767 10132
  1768 10132
  1769 10132
  1770 10132
  1771 10132
  1772 10132
  1773 10132
  1774 10132
  1775 10132
  1776 10132
  1777 10132
  1778 10132
  1779 10132
  1780 10132
  1781 10132
  1782 10132
  1783 10132
  1784 10132
  1785 10132
  1786 10132
  1787 10132
  1788 10132
  1789 10132
  1790 10132
  1791 10132
  1792 10132
  1793 10132
  1794 10132
  1795 10132
  1796 10132
  1797 10132
  1798 10132
  1799 10132
  1800 10132
  1801 10132
  1802 10132
  1803 10132
  1804 10132
  1805 10132
  1806 10132
  1807 10132
  1808 10132
  1809 10132
  1810 10132
  1811 10132
  1812 10132
  1813 10132
  1814 10132
  1815 10132
  1816 10132
  1817 10132
  1818 10132
  1819 10132
  1820 10132
  1821 10132
  1822 10132
  1823 10132
  1824 10132
  1825 10132
  1826 10132
  1827 10132
  1828 10132
  1829 10132
  1830 10132
  1831 10132
  1832 10132
  1833 10132
  1834 10132
  1835 10132
  1836 10132
  1837 10132
  1838 10132
  1839 10132
  1840 10132
  1841 10132
  1842 10132
  1843 10132
  1844 10132
  1845 10132
  1846 10132
  1847 10132
  1848 10132
  1849 10132
  1850 10132
  1851 10132
  1852 10132
  1853 10132
  1854 10132
  1855 10132
  1856 10132
  1857 10132
  1858 10132
  1859 10132
  1860 10132
  1861 10132
  1871 10158
  1872 10158
  1873 10144
  1874 10144
  1875 10144
  1876 10144
  1877 10144
  1878 10144
  1879 10144
  1880 10144
  1881 10144
  1882 10144
  1883 10144
  1884 10076
  1885 10076
  1886 10076
  1906 10140
  1907 10144
  1908 10144
  1909 10144
  1910 10144
  1911 10144
  1912 10144
  1913 10144
  1914 10144
  1915 10144
  1916 10144
  1917 10144
  1918 10144
  1919 10144
  1920 10144
  1921 10144
  1922 10144
  1923 10144
  1924 10144
  1925 10144
  1926 10144
  1927 10144
  1928 10144
  1929 10144
  1930 10144
  1931 10144
  1932 10144
  1933 10144
  1934 10144
  1935 10144
  1936 10144
  1937 10144
  1938 10144
  1939 10144
  1940 10144
  1941 10144
  1942 10144
  1943 10144
  1944 10144
  1945 10144
  1946 10144
  1947 10144
  1948 10144
  1949 10144
  1950 10144
  1951 10144
  1952 10144
  1953 10144
  1954 10144
  1955 10144
  1956 10144
  1957 10144
  1958 10144
  1959 10144
  1960 10144
  1961 10144
  1962 10144
  1963 10144
  1964 10144
  1965 10144
  1966 10144
  1967 10144
  1968 10144
  1969 10144
  1970 10144
  1971 10144
  1972 10144
  1973 10144
  1974 10144
  1975 10144
  1976 10144
  1977 10144
  1978 10144
  1979 10144
  1980 10144
  1981 10144
  1982 10144
  1983 10144
  1984 10144
  1985 10144
  1986 10144
  1987 10144
  1988 10144
  1989 10144
  1990 10144
  1991 10144
  1992 10144
  1993 10144
  1994 10144
  1995 10144
  1996 10144
  1997 10144
  1998 10144
  1999 10144
  2000 10144
  2001 10144
  2002 10144
  2003 10144
  2004 10144
  2005 10144
  2006 10144
  2007 10144
  2008 10144
  2009 10144
  2010 10144
  2011 10144
  2012 10144
  2013 10144
  2014 10144
  2015 10010
  2016 10076
  2017 10076
  2018 10076
  2021 10061
  2022 10144
