   857 10077
   858 10077
   859 10077
   860 10077
   861 10077
   862 10077
   864 10158
   865 10106
   866 10040
   867 10040
   868 10040
   869 10040
   870 10031
   871 10031
   872 10077
   873 10077
   874 10077
   875 10077
   876 10170
   877 10170
   878 10170
   879 10170
   880 10170
   881 10170
   882 10170
   883 10170
   884 10170
   885 10170
   886 10077
   887 10077
   888 10077
   889 10077
   890 10077
   891 10077
   892 10077
   893 10170
   894 10170
   895 10170
   896 10170
   897 10170
   898 10170
   899 10170
   900 10170
   901 10077
   902 10077
   903 10077
   904 10077
   905 10077
   906 10077
   907 10077
   908 10077
   909 10077
   910 10077
   911 10077
   912 10077
   913 10077
   914 10077
   915 10077
   916 10077
   917 10077
   918 10077
   919 10077
   920 10077
   921 10077
   922 10077
   923 10077
   924 10077
   925 10077
   926 10077
   927 10077
   928 10077
   929 10077
   930 10077
   931 10077
   932 10077
   933 10077
   934 10077
   935 10170
   936 10170
   937 10170
   938 10170
   939 10170
   940 10170
   941 10170
   942 10170
   943 10170
   944 10170
   945 10170
   946 10170
   947 10170
   948 10170
   949 10077
   950 10077
   951 10077
   952 10077
   953 10077
   954 10077
   955 10077
   956 10077
   957 10077
   958 10077
   959 10077
   960 10077
   961 10077
   962 10077
   963 10077
   964 10077
   965 10077
   966 10077
   967 10077
   968 10077
   969 10077
   970 10077
   971 10077
   972 10077
   973 10077
   974 10077
   975 10077
   976 10170
   977 10170
   978 10170
   979 10170
   980 10170
   981 10170
   982 10170
   983 10170
   984 10170
   985 10170
   986 10170
   987 10170
   988 10170
   989 10158
   990 10140
   991 10140
   992 10140
   993 10140
   994 10140
   995 10140
  1019 10158
  1020 10158
  1021 10158
  1022 10170
  1023 10170
  1024 10170
  1025 10170
  1026 10170
  1027 10170
  1028 10170
  1029 10170
  1030 10077
  1031 10077
  1032 10077
  1033 10077
  1034 10077
  1035 10077
  1036 10077
  1037 10170
  1038 10170
  1039 10170
  1040 10077
  1041 10077
  1042 10077
  1043 10077
  1044 10077
  1045 10077
  1046 10077
  1047 10077
  1048 10077
  1049 10077
  1050 10077
  1051 10077
  1052 10170
  1053 10170
  1054 10170
  1055 10170
  1056 10170
  1057 10170
  1058 10170
  1059 10170
  1060 10170
  1061 10170
  1062 10170
  1063 10170
  1064 10170
  1065 10170
  1066 10170
  1067 10170
  1068 10170
  1069 10170
  1070 10170
  1071 10170
  1072 10170
  1073 10170
  1074 10170
  1075 10170
  1076 10170
  1077 10170
  1078 10170
  1079 10170
  1080 10170
  1081 10170
  1082 10170
  1083 10170
  1084 10170
  1085 10170
  1086 10170
  1087 10170
  1088 10170
  1089 10170
  1090 10170
  1091 10170
  1092 10170
  1093 10170
  1094 10170
  1095 10170
  1096 10170
  1097 10170
  1098 10170
  1099 10170
  1100 10170
  1101 10170
  1102 10170
  1103 10170
  1104 10170
  1105 10170
  1106 10170
  1107 10170
  1108 10170
  1109 10170
  1110 10170
  1111 10170
  1112 10170
  1113 10170
  1114 10170
  1115 10170
  1116 10170
  1117 10170
  1118 10170
  1119 10170
  1120 10170
  1121 10170
  1122 10170
  1123 10170
  1124 10170
  1125 10170
  1126 10170
  1127 10170
  1128 10170
  1129 10170
  1130 10170
  1131 10170
  1132 10170
  1133 10170
  1134 10170
  1135 10170
  1136 10170
  1137 10170
  1138 10170
  1139 10170
  1140 10170
  1141 10170
  1142 10170
  1143 10170
  1144 10170
  1145 10170
  1146 10170
  1147 10170
  1148 10170
  1149 10170
  1150 10170
  1151 10170
  1152 10170
  1153 10170
  1154 10170
  1155 10170
  1156 10170
  1157 10170
  1158 10170
  1159 10170
  1160 10170
  1161 10170
  1162 10170
  1163 10170
  1164 10170
  1165 10170
  1166 10170
  1167 10170
  1168 10170
  1169 10170
  1170 10170
  1171 10170
  1172 10170
  1173 10170
  1174 10170
  1175 10170
  1176 10170
  1177 10170
  1178 10170
  1179 10170
  1180 10170
  1181 10170
  1182 10170
  1183 10170
  1184 10170
  1185 10170
  1186 10170
  1187 10170
  1188 10170
  1189 10170
  1190 10170
  1191 10170
  1192 10170
  1193 10170
  1194 10170
  1195 10170
  1196 10170
  1197 10170
  1198 10170
  1199 10170
  1200 10170
  1201 10170
  1202 10170
  1203 10170
  1204 10170
  1205 10170
  1206 10170
  1207 10170
  1208 10170
  1209 10170
  1210 10170
  1211 10170
  1212 10170
  1213 10170
  1214 10170
  1215 10170
  1216 10170
  1217 10170
  1218 10170
  1219 10170
  1220 10170
  1221 10170
  1222 10170
  1223 10170
  1224 10170
  1225 10170
  1226 10170
  1227 10170
  1228 10170
  1229 10170
  1230 10170
  1231 10170
  1232 10170
  1233 10170
  1234 10170
  1235 10170
  1236 10170
  1237 10170
  1238 10170
  1239 10170
  1240 10170
  1241 10170
  1242 10170
  1243 10170
  1244 10170
  1245 10170
  1246 10170
  1247 10170
  1248 10170
  1249 10170
  1250 10170
  1251 10170
  1252 10170
  1253 10170
  1254 10170
  1255 10170
  1256 10170
  1257 10170
  1258 10170
  1259 10170
  1260 10170
  1261 10170
  1262 10077
  1263 10077
  1264 10077
  1265 10077
  1266 10077
  1267 10077
  1268 10077
  1269 10077
  1270 10077
  1271 10077
  1272 10077
  1273 10077
  1274 10106
  1275 10106
  1276 10106
  1277 10106
  1278 10106
  1279 10106
  1280 10106
  1281 10077
  1282 10077
  1283 10170
  1284 10170
  1285 10170
  1286 10170
  1287 10106
  1288 10106
  1289 10106
  1290 10170
  1291 10170
  1292 10170
  1293 10170
  1294 10170
  1295 10106
  1296 10106
  1297 10106
  1298 10106
  1299 10106
  1300 10106
  1301 10106
  1302 10106
  1303 10106
  1304 10170
  1305 10170
  1306 10170
  1307 10076
  1308 10076
  1309 10076
  1310 10095
  1311 10095
  1312 10095
  1313 10004
  1314 10004
  1315 10055
  1316 10158
  1317 10055
  1318 10040
  1319 10040
  1320 10040
  1321 10106
  1322 10106
  1323 10106
  1324 10106
  1325 10106
  1326 10106
  1327 10106
  1328 10106
  1329 10106
  1330 10106
  1331 10106
  1332 10106
  1333 10106
  1334 10106
  1335 10106
  1336 10106
  1337 10106
  1338 10106
  1339 10106
  1340 10106
  1341 10106
  1342 10106
  1343 10106
  1344 10106
  1345 10106
  1346 10106
  1347 10106
  1348 10106
  1349 10106
  1350 10106
  1351 10106
  1352 10106
  1353 10106
  1354 10106
  1355 10106
  1356 10106
  1357 10106
  1358 10106
  1359 10106
  1360 10106
  1361 10106
  1362 10106
  1363 10106
  1364 10106
  1365 10106
  1366 10106
  1367 10106
  1368 10106
  1369 10106
  1370 10106
  1371 10106
  1372 10106
  1373 10106
  1374 10106
  1375 10106
  1376 10106
  1377 10106
  1378 10106
  1379 10106
  1380 10106
  1381 10106
  1382 10106
  1383 10106
  1384 10106
  1385 10106
  1386 10106
  1387 10106
  1388 10106
  1389 10106
  1390 10106
  1391 10106
  1392 10106
  1393 10106
  1394 10106
  1395 10106
  1396 10106
  1397 10106
  1398 10106
  1399 10106
  1400 10106
  1401 10106
  1402 10106
  1403 10106
  1404 10106
  1405 10106
  1406 10106
  1407 10106
  1408 10106
  1409 10106
  1410 10106
  1411 10106
  1412 10106
  1413 10106
  1414 10106
  1415 10106
  1416 10106
  1417 10106
  1418 10106
  1419 10106
  1420 10106
  1421 10106
  1422 10106
  1423 10106
  1424 10106
  1425 10106
  1426 10106
  1427 10106
  1428 10106
  1429 10106
  1430 10106
  1431 10106
  1432 10106
  1433 10106
  1434 10018
  1435 10018
  1453 10170
  1454 10097
  1455 10170
  1456 10170
  1457 10170
  1458 10170
  1459 10170
  1460 10077
  1461 10077
  1462 10077
  1463 10162
  1464 10077
  1474 10077
  1475 10077
  1476 10077
  1477 10077
  1478 10077
  1479 10077
  1480 10077
  1481 10170
  1482 10170
  1483 10170
  1484 10170
  1485 10170
  1486 10170
  1487 10170
  1488 10170
  1489 10170
  1490 10170
  1491 10170
  1492 10170
  1493 10170
  1494 10170
  1495 10170
  1496 10170
  1497 10170
  1498 10170
  1499 10170
  1500 10170
  1501 10170
  1502 10170
  1503 10170
  1504 10170
  1505 10170
  1506 10170
  1507 10170
  1508 10170
  1509 10170
  1510 10077
  1511 10077
  1512 10077
  1513 10077
  1514 10077
  1515 10077
  1516 10077
  1517 10077
  1518 10077
  1519 10170
  1520 10170
  1521 10170
  1522 10170
  1523 10077
  1524 10077
  1525 10077
  1526 10077
  1527 10077
  1528 10077
  1529 10077
  1530 10077
  1531 10170
  1532 10170
  1533 10170
  1534 10170
  1535 10170
  1536 10170
  1537 10170
  1538 10170
  1539 10170
  1540 10170
  1541 10170
  1542 10170
  1543 10170
  1544 10170
  1545 10170
  1546 10170
  1547 10170
  1548 10170
  1549 10170
  1550 10170
  1551 10170
  1552 10170
  1553 10170
  1554 10170
  1555 10170
  1556 10170
  1557 10170
  1558 10170
  1559 10170
  1560 10170
  1561 10170
  1562 10170
  1563 10170
  1564 10170
  1565 10170
  1566 10170
  1567 10170
  1568 10170
  1569 10170
  1570 10170
  1571 10170
  1572 10170
  1573 10170
  1574 10077
  1575 10077
  1576 10077
  1577 10077
  1578 10077
  1579 10077
  1580 10170
  1581 10170
  1582 10170
  1583 10170
  1584 10170
  1585 10170
  1586 10170
  1587 10170
  1588 10170
  1589 10004
  1590 10004
  1591 10004
  1592 10004
  1593 10004
  1594 10004
  1595 10004
  1596 10004
  1597 10004
  1598 10010
  1599 10144
  1600 10010
  1601 10010
  1602 10170
  1603 10077
  1604 10077
  1605 10170
  1606 10170
  1607 10170
  1608 10170
  1609 10170
  1610 10170
  1611 10170
  1612 10170
  1613 10170
  1614 10170
  1615 10170
  1616 10077
  1617 10077
  1618 10077
  1619 10077
  1620 10097
  1621 10097
  1622 10097
  1623 10077
  1624 10077
  1625 10077
  1626 10097
  1627 10170
  1628 10170
  1629 10170
  1630 10170
  1631 10170
  1632 10170
  1633 10170
  1634 10170
  1635 10170
  1636 10170
  1637 10170
  1638 10170
  1639 10170
  1640 10170
  1641 10170
  1642 10170
  1643 10170
  1644 10170
  1645 10170
  1646 10170
  1647 10170
  1648 10170
  1649 10170
  1650 10170
  1651 10170
  1652 10170
  1653 10170
  1654 10170
  1655 10170
  1656 10170
  1657 10170
  1658 10170
  1659 10170
  1660 10170
  1661 10170
  1662 10170
  1663 10170
  1664 10170
  1665 10170
  1666 10170
  1667 10170
  1668 10170
  1669 10170
  1670 10170
  1671 10170
  1672 10170
  1673 10170
  1674 10170
  1675 10170
  1676 10170
  1677 10170
  1678 10170
  1679 10170
  1680 10170
  1681 10170
  1682 10170
  1683 10170
  1684 10170
  1685 10170
  1686 10170
  1687 10170
  1688 10170
  1689 10170
  1690 10170
  1691 10170
  1692 10170
  1693 10170
  1694 10170
  1695 10170
  1696 10170
  1697 10170
  1698 10170
  1699 10170
  1700 10170
  1701 10170
  1702 10170
  1703 10170
  1704 10170
  1705 10170
  1706 10170
  1707 10170
  1708 10170
  1709 10170
  1710 10170
  1711 10170
  1712 10170
  1713 10170
  1714 10170
  1715 10170
  1716 10170
  1717 10170
  1718 10170
  1719 10170
  1720 10170
  1721 10170
  1722 10170
  1723 10170
  1724 10170
  1725 10170
  1726 10170
  1727 10170
  1728 10170
  1729 10170
  1730 10170
  1731 10170
  1732 10170
  1733 10170
  1734 10170
  1735 10170
  1736 10170
  1737 10170
  1738 10170
  1739 10170
  1740 10170
  1741 10170
  1742 10170
  1743 10170
  1744 10170
  1745 10170
  1746 10170
  1747 10170
  1748 10170
  1749 10170
  1750 10170
  1751 10170
  1752 10170
  1753 10170
  1754 10170
  1755 10170
  1756 10170
  1757 10170
  1758 10170
  1759 10170
  1760 10170
  1761 10170
  1762 10170
  1763 10170
  1764 10170
  1765 10170
  1766 10170
  1767 10170
  1768 10170
  1769 10170
  1770 10170
  1771 10170
  1772 10170
  1773 10170
  1774 10170
  1775 10170
  1776 10170
  1777 10170
  1778 10170
  1779 10170
  1780 10170
  1781 10170
  1782 10170
  1783 10170
  1784 10170
  1785 10170
  1786 10170
  1787 10170
  1788 10170
  1789 10170
  1790 10170
  1791 10170
  1792 10170
  1793 10170
  1794 10170
  1795 10170
  1796 10170
  1797 10170
  1798 10170
  1799 10170
  1800 10170
  1801 10170
  1802 10170
  1803 10170
  1804 10170
  1805 10170
  1806 10170
  1807 10170
  1808 10170
  1809 10170
  1810 10170
  1811 10170
  1812 10170
  1813 10170
  1814 10170
  1815 10170
  1816 10170
  1817 10170
  1818 10170
  1819 10170
  1820 10170
  1821 10170
  1822 10170
  1823 10170
  1824 10170
  1825 10170
  1826 10170
  1827 10170
  1828 10170
  1829 10170
  1830 10170
  1831 10170
  1832 10170
  1833 10170
  1834 10170
  1835 10170
  1836 10170
  1837 10170
  1838 10170
  1839 10170
  1840 10170
  1841 10170
  1842 10170
  1843 10170
  1844 10170
  1845 10170
  1846 10170
  1847 10170
  1848 10170
  1849 10170
  1850 10170
  1851 10170
  1852 10170
  1853 10170
  1854 10170
  1855 10170
  1856 10097
  1857 10097
  1858 10097
  1859 10097
  1860 10170
  1861 10170
  1862 10170
  1863 10170
  1864 10077
  1865 10077
  1866 10170
  1867 10077
  1868 10077
  1869 10077
  1870 10170
  1871 10170
  1872 10170
  1873 10170
  1874 10170
  1875 10170
  1876 10170
  1877 10170
  1878 10170
  1879 10077
  1880 10077
  1881 10077
  1882 10170
  1883 10170
  1884 10170
  1885 10170
  1886 10170
  1887 10170
  1888 10170
  1889 10170
  1890 10170
  1891 10170
  1892 10170
  1893 10170
  1894 10170
  1895 10170
  1896 10170
  1897 10097
  1898 10077
  1899 10077
  1900 10170
  1901 10170
  1902 10077
  1903 10077
  1904 10170
  1905 10170
  1906 10170
  1907 10170
  1908 10170
  1909 10140
  1910 10140
  1911 10170
  1912 10170
  1913 10097
  1914 10097
  1915 10077
  1916 10077
  1917 10077
  1918 10077
  1919 10077
  1920 10077
  1921 10077
  1922 10077
  1923 10077
  1924 10170
  1925 10077
  1926 10077
  1927 10170
  1928 10077
  1929 10077
  1930 10077
  1932 10162
  1933 10162
  1934 10162
  1935 10162
  1936 10162
  1937 10170
  1938 10170
  1939 10170
  1940 10170
  1941 10170
  1942 10170
  1943 10170
  1944 10077
  1945 10077
  1946 10077
  1947 10077
  1948 10077
  1949 10077
  1950 10077
  1951 10077
  1952 10077
  1953 10077
  1954 10077
  1955 10077
  1956 10170
  1957 10170
  1958 10170
  1959 10077
  1960 10077
  1961 10077
  1962 10170
  1963 10170
  1964 10170
  1965 10170
  1966 10170
  1967 10170
  1968 10170
  1969 10170
  1970 10170
  1971 10170
  1972 10077
  1973 10077
  1974 10170
  1975 10170
  1976 10170
  1977 10170
  1978 10170
  1979 10170
  1980 10170
  1981 10170
  1982 10170
  1983 10170
  1984 10170
  1985 10170
  1986 10170
  1987 10170
  1988 10170
  1989 10170
  1990 10170
  1991 10170
  1992 10170
  1993 10170
  1994 10170
  1995 10170
  1996 10170
  1997 10158
  1998 10170
  1999 10170
  2000 10170
  2001 10170
  2002 10170
  2003 10097
  2004 10097
  2005 10097
  2006 10097
  2007 10097
  2008 10097
  2009 10097
  2010 10097
  2011 10097
  2012 10170
  2013 10170
  2014 10170
  2015 10170
  2016 10170
  2017 10170
  2018 10097
  2019 10170
  2020 10097
  2021 10097
  2022 10097
