   687 10167
   688 10167
   689 10167
   690 10167
   691 10167
   692 10167
   693 10167
   694 10167
   695 10167
   696 10167
   697 10081
   698 10081
   699 10081
   700 10081
   701 10081
   702 10081
   703 10081
   704 10081
   705 10167
   706 10167
   707 10081
   708 10167
   709 10167
   710 10081
   711 10167
   712 10081
   713 10081
   714 10081
   715 10081
   716 10167
   717 10167
   718 10167
   719 10167
   720 10081
   721 10081
   722 10081
   723 10167
   724 10081
   725 10081
   726 10081
   727 10081
   728 10081
   729 10081
   730 10081
   731 10081
   732 10081
   733 10081
   734 10081
   735 10167
   736 10167
   737 10081
   738 10167
   739 10167
   740 10081
   741 10081
   742 10081
   743 10167
   744 10167
   745 10167
   746 10167
   747 10167
   748 10167
   749 10081
   750 10081
   751 10081
   752 10081
   753 10081
   754 10081
   755 10081
   756 10081
   757 10081
   758 10081
   759 10081
   760 10081
   761 10081
   762 10081
   763 10081
   764 10081
   765 10167
   766 10081
   767 10081
   768 10081
   769 10081
   770 10081
   771 10081
   772 10081
   773 10081
   774 10167
   775 10167
   776 10167
   777 10081
   778 10167
   779 10167
   780 10167
   781 10167
   782 10167
   783 10167
   784 10081
   785 10081
   786 10104
   787 10104
   790 10104
   791 10104
   792 10104
   793 10104
   794 10104
   795 10104
   796 10104
   797 10104
   798 10104
   799 10104
   800 10104
   801 10104
   802 10104
   803 10104
   804 10104
   805 10104
   806 10104
   807 10104
   808 10104
   809 10104
   810 10104
   811 10104
   812 10104
   813 10104
   814 10104
   815 10104
   816 10104
   817 10104
   818 10104
   819 10104
   820 10104
   821 10104
   822 10104
   823 10104
   824 10104
   825 10104
   826 10104
   827 10104
   828 10104
   829 10104
   830 10104
   831 10104
   832 10104
   833 10104
   834 10104
   835 10104
   836 10104
   837 10104
   838 10104
   839 10104
   840 10104
   841 10104
   842 10104
   843 10104
   844 10104
   845 10104
   846 10104
   847 10104
   848 10104
   849 10104
   850 10104
   851 10104
   852 10104
   853 10104
   854 10104
   855 10104
   856 10104
   857 10104
   858 10104
   859 10104
   860 10104
   861 10104
   862 10104
   863 10104
   864 10104
   865 10104
   866 10104
   867 10104
   868 10104
   869 10104
   870 10104
   871 10104
   872 10104
   873 10104
   874 10104
   875 10104
   876 10104
   877 10104
   878 10104
   879 10104
   880 10104
   881 10104
   882 10104
   883 10104
   884 10104
   885 10104
   886 10104
   887 10104
   888 10104
   889 10104
   890 10104
   891 10104
   892 10104
   893 10104
   894 10104
   895 10104
   896 10104
   897 10104
   898 10104
   899 10104
   900 10104
   901 10104
   902 10104
   903 10104
   904 10104
   905 10104
   906 10104
   907 10104
   908 10104
   909 10104
   910 10104
   911 10104
   912 10104
   913 10104
   914 10104
   915 10104
   916 10104
   917 10104
   918 10104
   919 10104
   920 10104
   921 10104
   922 10104
   923 10104
   924 10104
   925 10104
   926 10104
   927 10104
   928 10104
   929 10104
   930 10104
   931 10104
   932 10104
   933 10104
   934 10104
   935 10104
   936 10104
   937 10104
   938 10104
   939 10104
   940 10104
   941 10104
   942 10104
   943 10104
   944 10104
   945 10104
   946 10104
   947 10104
   948 10104
   949 10104
   950 10104
   951 10104
   952 10104
   953 10104
   954 10104
   955 10104
   956 10104
   957 10104
   958 10104
   959 10104
   960 10104
   961 10104
   962 10104
   963 10104
   964 10104
   965 10104
   966 10104
   967 10104
   968 10104
   969 10104
   970 10104
   971 10104
   972 10104
   973 10104
   974 10104
   975 10104
   976 10104
   977 10104
   978 10104
   979 10104
   980 10104
   981 10104
   982 10104
   983 10104
   984 10104
   985 10104
   986 10104
   987 10104
   988 10104
   989 10104
   990 10104
   991 10104
   992 10104
   993 10104
   994 10104
   995 10104
   996 10104
   997 10104
   998 10104
   999 10104
  1000 10104
  1001 10104
  1002 10104
  1003 10104
  1004 10104
  1005 10104
  1006 10104
  1007 10104
  1008 10104
  1009 10104
  1010 10104
  1011 10104
  1012 10104
  1013 10104
  1014 10104
  1015 10104
  1016 10104
  1017 10104
  1018 10104
  1019 10104
  1026 10088
  1027 10067
  1028 10067
  1029 10067
  1030 10067
  1031 10067
  1032 10067
  1033 10067
  1034 10067
  1035 10067
  1036 10067
  1037 10067
  1038 10067
  1039 10067
  1040 10067
  1041 10067
  1042 10067
  1043 10067
  1044 10067
  1045 10067
  1046 10067
  1047 10067
  1048 10067
  1049 10067
  1050 10067
  1051 10067
  1052 10067
  1053 10067
  1054 10067
  1055 10067
  1056 10067
  1057 10067
  1058 10067
  1059 10067
  1060 10067
  1061 10067
  1062 10067
  1063 10067
  1064 10067
  1065 10067
  1066 10067
  1067 10067
  1068 10067
  1069 10067
  1070 10067
  1071 10067
  1073 10067
  1074 10067
  1075 10067
  1076 10067
  1080 10067
  1081 10067
  1082 10067
  1083 10067
  1085 10067
  1092 10067
  1094 10067
  1095 10067
  1096 10067
  1097 10067
  1098 10067
  1104 10067
  1109 10067
  1110 10067
  1111 10067
  1112 10067
  1113 10067
  1114 10067
  1115 10067
  1116 10067
  1117 10067
  1118 10067
  1119 10067
  1120 10067
  1121 10067
  1122 10067
  1123 10067
  1124 10067
  1125 10067
  1128 10067
  1129 10067
  1130 10067
  1131 10067
  1132 10067
  1133 10067
  1134 10067
  1135 10067
  1136 10067
  1137 10067
  1138 10067
  1139 10067
  1140 10067
  1141 10067
  1142 10067
  1143 10067
  1144 10067
  1145 10067
  1146 10067
  1147 10067
  1148 10067
  1149 10067
  1150 10067
  1151 10067
  1152 10067
  1153 10067
  1154 10067
  1155 10067
  1156 10067
  1157 10067
  1158 10067
  1159 10067
  1160 10067
  1161 10067
  1162 10067
  1163 10067
  1164 10067
  1165 10067
  1166 10067
  1167 10067
  1168 10067
  1169 10067
  1170 10067
  1171 10067
  1172 10067
  1173 10067
  1174 10067
  1175 10067
  1176 10067
  1177 10067
  1178 10067
  1179 10067
  1180 10067
  1181 10067
  1182 10067
  1183 10067
  1184 10067
  1185 10067
  1186 10067
  1187 10067
  1188 10067
  1189 10067
  1190 10067
  1191 10067
  1192 10067
  1193 10067
  1194 10067
  1195 10067
  1196 10067
  1197 10067
  1198 10067
  1199 10067
  1200 10067
  1201 10067
  1202 10067
  1203 10067
  1204 10067
  1205 10067
  1206 10067
  1207 10067
  1208 10067
  1209 10067
  1210 10067
  1211 10067
  1212 10067
  1213 10067
  1214 10067
  1215 10067
  1216 10067
  1217 10067
  1218 10067
  1219 10067
  1220 10067
  1221 10067
  1222 10067
  1223 10067
  1224 10067
  1225 10067
  1226 10067
  1227 10067
  1228 10067
  1229 10067
  1230 10067
  1231 10067
  1232 10067
  1233 10067
  1234 10067
  1235 10067
  1236 10067
  1237 10067
  1238 10067
  1239 10067
  1240 10067
  1241 10067
  1242 10067
  1244 10067
  1245 10067
  1246 10067
  1247 10067
  1248 10067
  1249 10067
  1250 10067
  1251 10067
  1252 10067
  1253 10141
  1254 10141
  1255 10141
  1256 10101
  1257 10088
  1258 10088
  1259 10088
  1260 10101
  1261 10101
  1262 10101
  1265 10134
  1267 10061
  1270 10141
  1271 10141
  1272 10076
  1274 10134
  1277 10033
  1278 10033
  1280 10033
  1281 10061
  1282 10061
  1283 10141
  1284 10033
  1285 10141
  1286 10141
  1287 10033
  1289 10088
  1292 10033
  1297 10141
  1298 10101
  1299 10141
  1300 10141
  1304 10033
  1306 10055
  1311 10128
  1313 10088
  1314 10088
  1315 10088
  1316 10088
  1317 10088
  1332 10055
  1335 10141
  1338 10101
  1339 10101
  1340 10169
  1348 10009
  1349 10068
  1350 10068
  1351 10068
  1352 10068
  1353 10055
  1354 10040
  1355 10040
  1356 10040
  1357 10040
  1358 10101
  1359 10065
  1360 10101
  1361 10088
  1364 10101
  1366 10141
  1367 10141
  1368 10141
  1369 10141
  1370 10141
  1371 10088
  1375 10141
  1376 10141
  1377 10141
  1378 10141
  1379 10141
  1380 10088
  1381 10088
  1383 10169
  1384 10169
  1385 10169
  1386 10141
  1387 10141
  1388 10101
  1389 10020
  1390 10020
  1391 10020
  1392 10101
  1393 10020
  1394 10020
  1395 10020
  1396 10020
  1397 10101
  1398 10020
  1399 10020
  1400 10101
  1401 10101
  1402 10101
  1403 10101
  1404 10020
  1405 10020
  1406 10020
  1407 10020
  1408 10020
  1409 10020
  1410 10101
  1411 10101
  1412 10020
  1413 10101
  1414 10020
  1415 10020
  1416 10020
  1417 10020
  1418 10020
  1419 10101
  1420 10101
  1421 10101
  1422 10101
  1423 10020
  1424 10020
  1425 10020
  1426 10020
  1427 10020
  1428 10020
  1429 10020
  1430 10020
  1431 10101
  1432 10101
  1433 10101
  1434 10020
  1435 10101
  1436 10101
  1437 10020
  1438 10020
  1439 10020
  1440 10020
  1441 10101
  1442 10101
  1443 10101
  1444 10020
  1445 10020
  1446 10101
  1447 10020
  1448 10020
  1449 10020
  1450 10020
  1451 10020
  1452 10101
  1453 10020
  1454 10020
  1455 10020
  1456 10020
  1457 10020
  1458 10101
  1459 10020
  1460 10020
  1461 10020
  1462 10020
  1463 10020
  1464 10101
  1465 10101
  1466 10101
  1467 10020
  1468 10101
  1469 10020
  1470 10020
  1471 10101
  1472 10020
  1473 10020
  1474 10101
  1475 10101
  1476 10101
  1477 10020
  1478 10020
  1479 10020
  1480 10020
  1481 10101
  1482 10020
  1483 10020
  1484 10020
  1485 10101
  1486 10020
  1487 10020
  1488 10101
  1489 10101
  1490 10101
  1491 10101
  1492 10101
  1493 10020
  1494 10101
  1495 10020
  1496 10101
  1497 10020
  1498 10020
  1499 10020
  1500 10020
  1501 10020
  1502 10101
  1503 10020
  1504 10020
  1505 10020
  1506 10020
  1507 10020
  1508 10020
  1509 10020
  1510 10020
  1511 10101
  1512 10020
  1513 10020
  1514 10020
  1515 10020
  1516 10101
  1517 10020
  1518 10101
  1519 10101
  1520 10020
  1521 10101
  1522 10101
  1523 10020
  1524 10020
  1525 10020
  1526 10020
  1527 10101
  1528 10020
  1529 10020
  1530 10101
  1531 10020
  1532 10020
  1533 10020
  1534 10101
  1535 10020
  1536 10020
  1537 10020
  1538 10020
  1539 10020
  1540 10020
  1541 10020
  1542 10020
  1543 10020
  1544 10020
  1545 10020
  1546 10020
  1547 10020
  1548 10020
  1549 10020
  1550 10020
  1551 10020
  1552 10020
  1553 10020
  1554 10020
  1555 10020
  1556 10101
  1557 10020
  1558 10020
  1559 10020
  1560 10020
  1561 10101
  1562 10101
  1563 10020
  1564 10101
  1565 10020
  1566 10020
  1567 10020
  1568 10020
  1569 10020
  1570 10020
  1571 10020
  1572 10020
  1573 10020
  1574 10020
  1575 10020
  1576 10020
  1577 10020
  1578 10020
  1579 10020
  1580 10020
  1581 10101
  1582 10020
  1583 10020
  1584 10020
  1585 10020
  1586 10020
  1587 10020
  1588 10020
  1589 10020
  1590 10020
  1591 10020
  1592 10020
  1593 10020
  1594 10020
  1595 10020
  1596 10020
  1597 10020
  1598 10020
  1599 10020
  1600 10020
  1601 10020
  1602 10020
  1603 10020
  1604 10020
  1605 10020
  1606 10020
  1607 10020
  1608 10020
  1609 10020
  1610 10020
  1611 10020
  1612 10020
  1613 10020
  1614 10101
  1615 10101
  1616 10101
  1617 10101
  1618 10061
  1620 10061
  1622 10154
  1623 10154
  1624 10154
  1625 10014
  1626 10014
  1627 10014
  1628 10014
  1629 10014
  1630 10014
  1631 10014
  1632 10156
  1633 10156
  1634 10074
  1635 10074
  1636 10074
  1637 10074
  1638 10074
  1639 10074
  1640 10074
  1641 10074
  1642 10074
  1643 10074
  1644 10074
  1645 10074
  1646 10074
  1647 10074
  1648 10074
  1649 10074
  1650 10074
  1651 10074
  1652 10074
  1653 10124
  1654 10074
  1655 10124
  1656 10124
  1659 10074
  1660 10074
  1661 10074
  1662 10074
  1663 10074
  1672 10124
  1673 10124
  1674 10074
  1675 10124
  1676 10124
  1680 10074
  1681 10074
  1682 10074
  1683 10074
  1684 10074
  1685 10074
  1686 10074
  1687 10074
  1688 10074
  1689 10074
  1690 10074
  1691 10074
  1692 10074
  1705 10074
  1706 10074
  1707 10074
  1708 10074
  1709 10074
  1710 10074
  1711 10074
  1712 10074
  1713 10074
  1714 10074
  1715 10074
  1716 10074
  1717 10074
  1718 10074
  1719 10156
  1720 10074
  1721 10074
  1722 10074
  1723 10074
  1724 10074
  1725 10074
  1726 10074
  1727 10156
  1728 10156
  1729 10074
  1730 10074
  1731 10074
  1732 10074
  1733 10074
  1734 10074
  1735 10074
  1736 10074
  1737 10074
  1738 10074
  1739 10074
  1740 10074
  1741 10081
  1742 10081
  1743 10081
  1744 10074
  1745 10156
  1746 10156
  1747 10074
  1748 10074
  1749 10074
  1750 10074
  1751 10074
  1752 10074
  1753 10074
  1754 10074
  1755 10074
  1756 10074
  1757 10074
  1758 10074
  1759 10156
  1760 10074
  1761 10156
  1762 10124
  1769 10074
  1770 10074
  1771 10074
  1772 10074
  1773 10074
  1774 10074
  1775 10074
  1776 10074
  1777 10074
  1778 10074
  1779 10074
  1780 10074
  1781 10074
  1782 10074
  1783 10074
  1784 10074
  1785 10074
  1786 10074
  1787 10074
  1788 10156
  1789 10156
  1790 10156
  1791 10156
  1792 10074
  1793 10074
  1794 10074
  1795 10074
  1796 10074
  1797 10074
  1798 10074
  1799 10074
  1800 10074
  1801 10074
  1802 10074
  1803 10074
  1804 10081
  1805 10081
  1806 10074
  1807 10074
  1808 10074
  1809 10156
  1810 10156
  1811 10156
  1812 10156
  1813 10156
  1814 10156
  1815 10156
  1816 10081
  1817 10081
  1818 10081
  1819 10081
  1820 10156
  1821 10124
  1822 10124
  1823 10156
  1824 10124
  1825 10156
  1826 10156
  1827 10156
  1828 10156
  1829 10156
  1830 10156
  1831 10156
  1832 10156
  1833 10156
  1834 10074
  1835 10074
  1836 10074
  1837 10074
  1838 10124
  1839 10074
  1840 10124
  1841 10124
  1842 10156
  1843 10156
  1844 10156
  1845 10156
  1846 10124
  1847 10124
  1848 10124
  1849 10074
  1850 10074
  1851 10074
  1852 10074
  1853 10074
  1854 10124
  1855 10156
  1856 10074
  1857 10143
  1858 10143
  1859 10143
  1860 10143
  1861 10167
  1862 10167
  1863 10167
