   649 10120
   650 10120
   651 10029
   652 10120
   653 10120
   678 10147
   679 10147
   680 10147
   681 10147
   682 10147
   695 10075
   696 10075
   697 10155
   698 10155
   699 10155
   700 10155
   701 10155
   702 10155
   703 10155
   704 10155
   705 10155
   706 10155
   707 10155
   708 10155
   709 10155
   710 10155
   711 10075
   712 10075
   713 10075
   714 10155
   715 10155
   716 10155
   717 10075
   718 10075
   719 10075
   720 10075
   721 10075
   722 10075
   723 10075
   724 10075
   725 10075
   726 10075
   727 10155
   728 10075
   729 10075
   730 10075
   731 10075
   732 10075
   733 10075
   734 10075
   735 10075
   736 10075
   737 10155
   738 10155
   739 10155
   740 10155
   741 10155
   742 10075
   743 10075
   744 10075
   745 10075
   746 10075
   747 10155
   748 10075
   749 10075
   750 10075
   751 10155
   752 10155
   753 10155
   754 10155
   755 10155
   756 10075
   757 10075
   758 10075
   759 10155
   760 10155
   761 10155
   762 10155
   763 10155
   764 10155
   765 10155
   766 10155
   767 10155
   768 10155
   769 10155
   770 10155
   771 10155
   772 10155
   773 10075
   774 10155
   775 10155
   776 10075
   777 10075
   778 10075
   779 10075
   780 10143
   781 10143
   782 10120
   784 10118
   785 10118
   786 10118
   787 10118
   788 10112
   789 10112
   790 10112
   791 10089
   792 10089
   793 10089
   794 10089
   795 10089
   796 10089
   797 10089
   798 10089
   799 10089
   800 10089
   801 10089
   802 10089
   803 10089
   804 10089
   805 10089
   806 10089
   807 10089
   808 10089
   809 10089
   810 10089
   811 10089
   815 10089
   816 10089
   817 10089
   818 10089
   819 10089
   820 10089
   821 10147
   822 10147
   823 10147
   824 10147
   825 10147
   826 10147
   827 10147
   828 10147
   829 10147
   830 10147
   831 10147
   832 10029
   833 10147
   834 10147
   835 10147
   836 10147
   837 10147
   838 10147
   839 10147
   840 10147
   841 10147
   842 10029
   843 10029
   844 10029
   845 10029
   846 10147
   847 10147
   848 10147
   849 10147
   850 10147
   851 10147
   852 10029
   853 10147
   854 10147
   855 10147
   856 10147
   857 10147
   858 10147
   859 10147
   860 10147
   861 10147
   862 10147
   863 10147
   864 10147
   865 10147
   866 10147
   867 10147
   868 10147
   869 10147
   870 10147
   871 10147
   872 10147
   873 10147
   874 10147
   875 10147
   876 10147
   877 10147
   878 10147
   879 10147
   880 10147
   881 10147
   882 10147
   883 10029
   884 10147
   885 10029
   886 10029
   887 10029
   888 10147
   889 10029
   890 10147
   891 10147
   892 10029
   893 10029
   894 10029
   895 10147
   896 10147
   897 10147
   898 10147
   899 10029
   900 10147
   901 10147
   902 10147
   903 10147
   904 10147
   905 10147
   906 10029
   907 10147
   908 10147
   909 10029
   910 10147
   911 10147
   912 10029
   913 10147
   914 10147
   915 10147
   916 10147
   917 10147
   918 10147
   919 10147
   920 10147
   921 10147
   922 10147
   923 10147
   924 10147
   925 10147
   926 10147
   927 10147
   928 10147
   929 10147
   930 10147
   931 10147
   932 10147
   933 10147
   934 10147
   935 10029
   936 10147
   937 10147
   938 10147
   939 10147
   940 10147
   941 10147
   942 10147
   943 10147
   944 10147
   945 10147
   946 10147
   947 10147
   948 10147
   949 10147
   950 10147
   951 10147
   952 10147
   953 10147
   954 10147
   955 10147
   956 10147
   957 10147
   958 10147
   959 10147
   960 10147
   961 10147
   962 10147
   963 10029
   964 10147
   965 10147
   966 10147
   967 10147
   968 10147
   969 10029
   970 10147
   971 10147
   972 10029
   973 10147
   974 10147
   975 10147
   976 10147
   977 10029
   978 10029
   979 10147
   980 10147
   981 10147
   982 10147
   983 10147
   984 10147
   985 10147
   986 10147
   987 10147
   988 10147
   989 10147
   990 10147
   991 10147
   992 10147
   993 10147
   994 10147
   995 10147
   996 10147
   997 10147
   998 10147
   999 10147
  1000 10147
  1001 10147
  1002 10147
  1003 10147
  1004 10147
  1005 10147
  1006 10147
  1007 10147
  1008 10147
  1009 10147
  1010 10029
  1011 10147
  1012 10147
  1013 10147
  1014 10147
  1015 10147
  1016 10147
  1017 10147
  1018 10147
  1019 10147
  1020 10113
  1023 10050
  1024 10050
  1025 10050
  1026 10050
  1027 10050
  1028 10050
  1029 10050
  1030 10050
  1031 10050
  1032 10050
  1033 10050
  1034 10050
  1035 10050
  1036 10050
  1037 10050
  1038 10050
  1039 10050
  1040 10050
  1041 10050
  1042 10050
  1043 10050
  1044 10050
  1045 10050
  1046 10050
  1047 10050
  1048 10050
  1049 10050
  1050 10050
  1051 10050
  1052 10050
  1053 10050
  1054 10050
  1055 10050
  1056 10050
  1057 10050
  1058 10050
  1059 10050
  1060 10050
  1061 10050
  1062 10050
  1063 10050
  1064 10050
  1065 10050
  1066 10050
  1067 10050
  1068 10050
  1069 10050
  1070 10050
  1071 10050
  1072 10050
  1073 10050
  1074 10050
  1075 10050
  1076 10050
  1077 10050
  1078 10050
  1079 10050
  1080 10050
  1081 10050
  1082 10050
  1083 10050
  1084 10050
  1085 10050
  1086 10050
  1087 10050
  1088 10050
  1089 10050
  1090 10050
  1091 10050
  1092 10050
  1093 10050
  1094 10050
  1095 10050
  1096 10050
  1097 10050
  1098 10050
  1099 10050
  1100 10050
  1101 10050
  1102 10050
  1103 10050
  1104 10050
  1105 10050
  1106 10050
  1107 10050
  1108 10050
  1109 10050
  1110 10050
  1111 10050
  1112 10050
  1113 10050
  1114 10050
  1115 10050
  1116 10050
  1117 10050
  1118 10050
  1119 10050
  1120 10050
  1121 10050
  1122 10050
  1123 10050
  1124 10050
  1125 10050
  1126 10050
  1127 10050
  1128 10050
  1129 10050
  1130 10050
  1131 10050
  1132 10050
  1133 10050
  1134 10050
  1135 10050
  1136 10050
  1137 10050
  1138 10050
  1139 10050
  1140 10050
  1141 10050
  1142 10050
  1143 10050
  1144 10050
  1145 10050
  1146 10050
  1147 10050
  1148 10050
  1149 10050
  1150 10050
  1151 10050
  1152 10050
  1153 10050
  1154 10050
  1155 10050
  1156 10050
  1157 10050
  1158 10050
  1159 10050
  1160 10050
  1161 10050
  1162 10050
  1163 10050
  1164 10050
  1165 10050
  1166 10050
  1167 10050
  1168 10050
  1169 10050
  1170 10050
  1171 10050
  1172 10050
  1173 10050
  1174 10050
  1175 10050
  1176 10050
  1177 10050
  1178 10050
  1179 10050
  1180 10050
  1181 10050
  1182 10050
  1183 10050
  1184 10050
  1185 10050
  1186 10050
  1187 10050
  1188 10050
  1189 10050
  1190 10050
  1191 10050
  1192 10050
  1193 10050
  1194 10050
  1195 10050
  1196 10050
  1197 10050
  1198 10050
  1199 10050
  1200 10050
  1201 10050
  1202 10050
  1213 10050
  1214 10050
  1215 10050
  1216 10050
  1217 10050
  1218 10050
  1219 10050
  1220 10050
  1221 10050
  1222 10050
  1223 10050
  1224 10050
  1225 10050
  1226 10050
  1227 10050
  1228 10050
  1229 10050
  1230 10050
  1231 10050
  1232 10050
  1233 10050
  1234 10050
  1235 10050
  1236 10050
  1237 10050
  1238 10050
  1239 10050
  1240 10050
  1241 10050
  1242 10050
  1243 10050
  1244 10050
  1245 10050
  1246 10050
  1247 10050
  1248 10050
  1249 10050
  1250 10050
  1251 10050
  1252 10050
  1253 10050
  1254 10050
  1255 10050
  1256 10050
  1257 10050
  1258 10050
  1259 10050
  1260 10050
  1261 10101
  1262 10050
  1270 10055
  1271 10055
  1272 10018
  1273 10018
  1274 10018
  1275 10018
  1276 10018
  1277 10055
  1278 10018
  1279 10055
  1280 10055
  1281 10018
  1282 10158
  1283 10018
  1284 10055
  1285 10055
  1286 10055
  1287 10055
  1288 10055
  1289 10055
  1290 10055
  1291 10055
  1292 10055
  1293 10055
  1294 10055
  1295 10055
  1296 10055
  1297 10055
  1298 10055
  1299 10055
  1300 10055
  1301 10055
  1302 10098
  1303 10018
  1304 10018
  1305 10018
  1306 10055
  1307 10055
  1308 10055
  1309 10055
  1310 10055
  1311 10055
  1312 10055
  1313 10055
  1314 10055
  1315 10055
  1316 10055
  1317 10055
  1318 10055
  1319 10055
  1320 10055
  1321 10055
  1322 10055
  1323 10055
  1324 10055
  1325 10055
  1326 10055
  1327 10055
  1328 10055
  1329 10055
  1330 10055
  1331 10055
  1332 10055
  1333 10055
  1334 10055
  1335 10055
  1336 10076
  1337 10076
  1339 10076
  1343 10101
  1344 10101
  1345 10101
  1346 10101
  1350 10091
  1351 10091
  1355 10019
  1356 10019
  1357 10019
  1360 10041
  1371 10151
  1372 10151
  1374 10151
  1375 10151
  1376 10151
  1377 10151
  1378 10151
  1379 10151
  1382 10151
  1383 10151
  1384 10006
  1385 10006
  1386 10034
  1387 10006
  1388 10006
  1389 10006
  1390 10006
  1391 10006
  1392 10006
  1393 10006
  1394 10006
  1395 10006
  1396 10006
  1397 10006
  1398 10006
  1399 10006
  1400 10006
  1401 10006
  1402 10006
  1403 10006
  1404 10006
  1405 10006
  1406 10006
  1407 10006
  1408 10006
  1409 10006
  1410 10006
  1411 10006
  1412 10006
  1413 10006
  1414 10006
  1415 10006
  1416 10006
  1417 10006
  1418 10006
  1419 10006
  1420 10006
  1421 10006
  1422 10006
  1423 10006
  1424 10006
  1425 10006
  1426 10006
  1427 10006
  1428 10006
  1429 10006
  1430 10006
  1431 10006
  1432 10006
  1433 10006
  1434 10006
  1435 10006
  1436 10006
  1437 10006
  1438 10006
  1439 10006
  1440 10006
  1441 10006
  1442 10006
  1443 10006
  1444 10006
  1445 10006
  1446 10006
  1447 10006
  1448 10006
  1449 10006
  1450 10006
  1451 10006
  1452 10006
  1453 10006
  1454 10006
  1455 10006
  1456 10006
  1457 10006
  1458 10006
  1459 10006
  1460 10006
  1461 10006
  1462 10006
  1463 10006
  1464 10006
  1465 10006
  1466 10006
  1467 10006
  1468 10006
  1469 10006
  1470 10006
  1471 10006
  1472 10006
  1473 10006
  1474 10006
  1475 10006
  1476 10006
  1477 10006
  1478 10006
  1479 10006
  1480 10006
  1481 10006
  1482 10006
  1483 10006
  1484 10006
  1485 10006
  1486 10006
  1487 10006
  1488 10006
  1489 10006
  1490 10006
  1491 10006
  1492 10006
  1493 10006
  1494 10006
  1495 10006
  1496 10006
  1497 10006
  1498 10006
  1499 10006
  1500 10006
  1501 10006
  1502 10006
  1503 10006
  1504 10006
  1505 10006
  1506 10006
  1507 10006
  1508 10006
  1509 10006
  1510 10006
  1511 10006
  1512 10006
  1513 10006
  1514 10006
  1515 10006
  1516 10006
  1517 10006
  1518 10006
  1519 10006
  1520 10006
  1521 10006
  1522 10006
  1523 10006
  1524 10006
  1525 10006
  1526 10006
  1527 10006
  1528 10006
  1529 10006
  1530 10006
  1531 10006
  1532 10006
  1533 10006
  1534 10006
  1535 10006
  1536 10006
  1537 10006
  1538 10006
  1539 10006
  1540 10006
  1541 10006
  1542 10006
  1543 10006
  1544 10006
  1545 10006
  1546 10006
  1547 10006
  1548 10006
  1549 10006
  1550 10006
  1551 10006
  1552 10006
  1553 10006
  1554 10006
  1555 10006
  1556 10006
  1557 10006
  1558 10006
  1559 10006
  1560 10006
  1561 10006
  1562 10006
  1563 10006
  1564 10006
  1565 10006
  1566 10006
  1567 10006
  1568 10006
  1569 10006
  1570 10006
  1571 10006
  1572 10006
  1573 10006
  1574 10006
  1575 10006
  1576 10006
  1577 10006
  1578 10006
  1579 10006
  1580 10006
  1581 10006
  1582 10006
  1583 10006
  1584 10006
  1585 10006
  1586 10006
  1587 10006
  1588 10006
  1589 10006
  1590 10006
  1591 10006
  1592 10006
  1593 10006
  1594 10006
  1595 10006
  1596 10006
  1597 10006
  1598 10006
  1599 10006
  1600 10006
  1601 10006
  1602 10006
  1603 10006
  1604 10006
  1605 10006
  1606 10006
  1607 10006
  1608 10006
  1609 10006
  1610 10006
  1611 10006
  1612 10006
  1613 10006
  1614 10006
  1615 10006
  1616 10152
  1617 10152
  1618 10019
  1627 10115
  1628 10145
  1629 10075
  1630 10145
  1631 10145
  1632 10145
  1633 10145
  1634 10145
  1635 10145
  1636 10145
  1637 10145
  1638 10145
  1639 10145
  1640 10145
  1641 10145
  1642 10145
  1643 10145
  1644 10145
  1645 10145
  1646 10145
  1647 10145
  1648 10145
  1649 10145
  1650 10145
  1651 10145
  1652 10145
  1653 10145
  1654 10145
  1655 10145
  1656 10145
  1657 10145
  1658 10145
  1659 10145
  1660 10145
  1661 10145
  1662 10145
  1663 10145
  1664 10145
  1665 10145
  1666 10145
  1667 10145
  1668 10145
  1669 10145
  1670 10145
  1671 10145
  1672 10145
  1673 10145
  1674 10145
  1675 10145
  1676 10145
  1677 10145
  1678 10145
  1679 10145
  1680 10145
  1681 10145
  1682 10145
  1683 10145
  1684 10145
  1685 10145
  1686 10145
  1687 10145
  1688 10145
  1689 10145
  1690 10145
  1691 10145
  1692 10145
  1693 10145
  1694 10145
  1695 10145
  1696 10145
  1697 10145
  1698 10145
  1699 10145
  1700 10145
  1701 10145
  1702 10145
  1703 10145
  1704 10145
  1705 10145
  1706 10145
  1707 10145
  1708 10145
  1709 10145
  1710 10145
  1711 10145
  1712 10145
  1713 10145
  1714 10145
  1715 10145
  1716 10145
  1717 10145
  1718 10145
  1719 10145
  1720 10145
  1721 10145
  1722 10145
  1723 10145
  1724 10145
  1725 10145
  1726 10145
  1727 10145
  1728 10145
  1729 10145
  1730 10145
  1731 10145
  1732 10145
  1733 10145
  1734 10145
  1735 10145
  1736 10145
  1737 10145
  1738 10145
  1739 10145
  1740 10145
  1741 10145
  1742 10145
  1743 10145
  1744 10145
  1745 10145
  1746 10145
  1747 10145
  1748 10145
  1749 10145
  1750 10145
  1751 10145
  1752 10145
  1753 10145
  1754 10145
  1755 10145
  1756 10145
  1757 10145
  1758 10145
  1759 10145
  1760 10145
  1761 10145
  1762 10145
  1763 10145
  1764 10145
  1765 10145
  1766 10145
  1767 10145
  1768 10145
  1769 10145
  1770 10145
  1771 10145
  1772 10145
  1773 10145
  1774 10145
  1775 10145
  1776 10145
  1777 10145
  1778 10145
  1779 10145
  1780 10145
  1781 10145
  1782 10145
  1783 10145
  1784 10145
  1785 10145
  1786 10145
  1787 10145
  1788 10145
  1789 10145
  1790 10145
  1791 10145
  1792 10145
  1793 10145
  1794 10145
  1795 10145
  1796 10145
  1797 10145
  1798 10145
  1799 10145
  1800 10145
  1801 10145
  1802 10145
  1803 10145
  1804 10145
  1805 10145
  1806 10145
  1807 10145
  1808 10145
  1809 10145
  1810 10145
  1811 10145
  1812 10145
  1813 10145
  1814 10145
  1815 10145
  1816 10145
  1817 10145
  1818 10145
  1819 10145
  1820 10145
  1821 10145
  1822 10145
  1823 10145
  1824 10145
  1825 10145
  1826 10145
  1827 10145
  1828 10145
  1829 10145
  1830 10145
  1831 10145
  1832 10145
  1833 10145
  1834 10145
  1835 10145
  1836 10145
  1837 10145
  1838 10145
  1839 10145
  1840 10145
  1841 10145
  1842 10145
  1843 10145
  1844 10145
  1845 10145
  1846 10145
  1847 10145
  1848 10145
  1849 10145
  1850 10145
  1851 10145
  1852 10145
  1853 10145
  1854 10145
  1855 10145
  1856 10145
  1857 10145
  1858 10016
  1859 10036
  1860 10036
  1863 10101
  1864 10134
  1865 10141
  1866 10067
  1867 10071
  1868 10071
  1869 10071
  1870 10071
  1871 10071
  1872 10071
  1873 10071
  1874 10071
  1875 10071
  1876 10071
  1877 10071
  1878 10071
  1879 10071
  1880 10071
  1882 10002
  1883 10002
  1884 10002
  1885 10002
  1886 10002
  1887 10002
  1888 10002
  1889 10002
  1890 10002
  1891 10002
  1892 10002
  1893 10002
  1894 10002
  1895 10002
  1896 10002
  1897 10002
  1898 10002
  1899 10002
  1900 10002
  1901 10002
  1902 10002
  1903 10002
  1904 10002
  1905 10002
  1906 10002
  1907 10002
  1908 10002
  1909 10002
  1910 10002
  1911 10002
  1912 10002
  1913 10002
  1914 10002
  1915 10002
  1916 10002
  1917 10002
  1918 10002
  1919 10002
  1920 10002
  1921 10002
  1922 10002
  1923 10002
  1924 10002
  1927 10002
  1928 10002
  1929 10002
  1940 10002
  1941 10002
  1942 10002
  1943 10002
  1944 10002
  1945 10002
  1946 10002
  1947 10002
  1948 10002
  1949 10002
  1950 10002
  1951 10002
  1952 10002
  1953 10002
  1954 10002
  1955 10002
  1956 10047
  1957 10047
  1958 10045
  1959 10045
  1960 10019
  1961 10019
  1966 10019
  1967 10019
  1969 10002
  1970 10047
  1971 10002
  1972 10002
  1973 10047
  1974 10047
  1975 10047
  1976 10047
  1977 10047
  1978 10047
  1979 10047
  1980 10047
  1981 10047
  1982 10047
  1983 10047
  1984 10047
  1985 10047
  1986 10047
  1987 10047
  1988 10047
  1989 10047
  1990 10047
  1991 10047
  1992 10047
  1993 10047
  1994 10047
  1995 10047
  1996 10047
  1997 10047
  1998 10047
  1999 10047
  2000 10047
  2001 10047
  2002 10047
  2003 10047
  2004 10047
  2005 10047
  2006 10047
  2007 10047
  2008 10047
  2009 10047
  2010 10047
  2011 10047
  2012 10047
  2013 10047
  2014 10047
  2015 10047
  2016 10047
  2017 10047
  2018 10047
  2019 10047
  2020 10047
  2021 10063
  2022 10063
  2023 10063
  2025 10101
  2026 10101
  2027 10101
  2028 10101
  2031 10093
  2032 10093
  2033 10093
  2034 10130
  2035 10130
  2036 10130
  2037 10154
  2038 10130
  2039 10130
  2040 10130
  2041 10129
  2042 10115
  2043 10115
  2044 10115
