   672 10156
   673 10156
   674 10156
   675 10156
   676 10156
   677 10156
   678 10156
   679 10156
   680 10156
   681 10156
   682 10156
   683 10156
   684 10156
   685 10156
   686 10156
   687 10156
   688 10156
   689 10156
   690 10095
   691 10095
   692 10095
   700 10156
   701 10156
   702 10062
   703 10156
   704 10156
   712 10014
   713 10014
   714 10062
   715 10014
   716 10014
   725 10095
   726 10095
   727 10062
   728 10062
   729 10062
   730 10095
   731 10031
   732 10095
   733 10014
   734 10014
   735 10031
   736 10014
   737 10014
   745 10095
   746 10095
   747 10062
   748 10156
   749 10062
   750 10062
   751 10062
   752 10062
   753 10062
   754 10062
   755 10095
   756 10062
   757 10062
   758 10062
   759 10062
   760 10095
   761 10062
   762 10062
   763 10062
   764 10062
   765 10156
   766 10062
   767 10062
   768 10062
   769 10062
   770 10062
   771 10062
   772 10062
   773 10048
   774 10062
   775 10048
   776 10048
   777 10035
   778 10035
   779 10048
   780 10035
   783 10095
   784 10095
   785 10101
   786 10095
   787 10009
   788 10009
   789 10009
   790 10009
   791 10009
   792 10009
   793 10009
   794 10009
   795 10009
   796 10009
   797 10009
   798 10009
   799 10009
   800 10009
   801 10009
   802 10009
   803 10009
   804 10009
   805 10009
   806 10009
   807 10009
   808 10009
   809 10009
   810 10009
   811 10009
   812 10009
   813 10009
   814 10009
   815 10009
   816 10009
   817 10009
   818 10009
   819 10009
   820 10009
   821 10009
   822 10009
   823 10009
   824 10009
   825 10009
   826 10009
   827 10009
   828 10009
   829 10009
   830 10009
   831 10009
   832 10009
   833 10009
   834 10009
   835 10009
   836 10009
   837 10009
   838 10009
   839 10009
   840 10009
   841 10009
   842 10009
   843 10009
   844 10009
   845 10009
   846 10009
   847 10009
   848 10009
   849 10009
   850 10009
   851 10009
   852 10009
   853 10009
   854 10009
   855 10009
   856 10009
   857 10009
   858 10009
   859 10009
   860 10009
   861 10009
   862 10009
   863 10009
   864 10009
   865 10009
   866 10009
   867 10009
   868 10009
   869 10009
   870 10009
   871 10009
   872 10009
   873 10009
   874 10009
   875 10009
   876 10009
   877 10009
   878 10009
   879 10009
   880 10009
   881 10009
   882 10009
   883 10009
   884 10009
   885 10009
   886 10009
   887 10009
   888 10009
   889 10009
   890 10009
   891 10009
   892 10009
   893 10009
   894 10009
   895 10009
   896 10009
   897 10009
   898 10009
   899 10009
   900 10009
   901 10009
   902 10009
   903 10009
   904 10009
   905 10009
   906 10009
   907 10009
   908 10009
   909 10009
   910 10009
   913 10009
   914 10009
   915 10009
   916 10009
   917 10009
   918 10009
   919 10009
   920 10009
   921 10009
   922 10009
   923 10009
   924 10009
   925 10009
   926 10009
   927 10009
   928 10009
   929 10009
   930 10009
   931 10009
   932 10009
   933 10009
   934 10009
   935 10009
   937 10009
   938 10009
   939 10009
   940 10009
   941 10009
   942 10009
   943 10009
   944 10009
   945 10009
   946 10009
   947 10009
   948 10009
   949 10009
   950 10009
   951 10009
   952 10009
   953 10009
   954 10009
   957 10009
   958 10009
   959 10009
   960 10009
   961 10009
   962 10009
   963 10009
   964 10009
   965 10009
   966 10009
   967 10009
   968 10009
   969 10009
   970 10009
   971 10009
   972 10009
   973 10009
   974 10009
   975 10009
   976 10009
   977 10009
   978 10009
   979 10009
   980 10009
   981 10009
   982 10009
   983 10009
   984 10009
   985 10009
   989 10009
   990 10009
   991 10009
   992 10009
   993 10009
   994 10009
   995 10009
   996 10009
   997 10009
   998 10009
   999 10009
  1000 10009
  1001 10149
  1002 10009
  1003 10009
  1004 10009
  1005 10009
  1006 10009
  1007 10009
  1008 10009
  1009 10009
  1010 10009
  1011 10009
  1012 10009
  1013 10009
  1014 10009
  1015 10009
  1016 10009
  1018 10154
  1019 10154
  1020 10154
  1021 10154
  1022 10156
  1023 10156
  1024 10156
  1025 10156
  1026 10156
  1027 10156
  1028 10156
  1029 10156
  1030 10156
  1031 10156
  1032 10156
  1033 10156
  1034 10156
  1035 10156
  1036 10156
  1037 10156
  1038 10156
  1039 10156
  1040 10156
  1041 10156
  1042 10156
  1043 10156
  1044 10156
  1045 10156
  1046 10156
  1047 10156
  1048 10156
  1049 10156
  1050 10156
  1051 10156
  1052 10156
  1053 10156
  1054 10156
  1055 10156
  1056 10156
  1057 10156
  1058 10156
  1059 10156
  1060 10156
  1061 10156
  1062 10156
  1063 10156
  1064 10156
  1065 10156
  1066 10156
  1067 10156
  1068 10156
  1069 10156
  1070 10156
  1071 10156
  1072 10156
  1073 10156
  1074 10156
  1075 10156
  1076 10156
  1077 10156
  1078 10156
  1079 10156
  1080 10156
  1081 10156
  1082 10156
  1083 10156
  1084 10156
  1085 10156
  1086 10156
  1087 10156
  1088 10156
  1089 10156
  1090 10156
  1091 10156
  1092 10156
  1093 10156
  1094 10156
  1095 10156
  1096 10156
  1097 10156
  1098 10156
  1099 10156
  1100 10156
  1101 10156
  1102 10156
  1103 10156
  1104 10156
  1105 10156
  1106 10156
  1107 10156
  1108 10156
  1109 10156
  1110 10156
  1111 10156
  1112 10156
  1113 10156
  1114 10156
  1115 10156
  1116 10156
  1117 10156
  1118 10156
  1119 10156
  1120 10156
  1121 10156
  1122 10156
  1123 10156
  1124 10156
  1125 10156
  1126 10156
  1127 10156
  1128 10156
  1129 10156
  1130 10156
  1131 10156
  1132 10156
  1133 10156
  1134 10156
  1135 10156
  1136 10156
  1137 10156
  1138 10156
  1139 10156
  1140 10156
  1141 10156
  1142 10156
  1143 10156
  1144 10156
  1145 10156
  1146 10156
  1147 10156
  1148 10156
  1149 10156
  1150 10156
  1151 10156
  1152 10156
  1153 10156
  1154 10156
  1155 10156
  1156 10156
  1157 10156
  1158 10156
  1159 10156
  1160 10156
  1161 10156
  1162 10156
  1163 10156
  1164 10156
  1165 10156
  1166 10156
  1167 10156
  1168 10156
  1169 10156
  1170 10156
  1171 10156
  1172 10156
  1173 10156
  1174 10156
  1175 10156
  1176 10156
  1177 10156
  1178 10156
  1179 10156
  1180 10156
  1181 10156
  1182 10156
  1183 10156
  1184 10156
  1185 10156
  1186 10156
  1187 10156
  1188 10156
  1189 10156
  1190 10156
  1191 10156
  1192 10156
  1193 10156
  1194 10156
  1195 10156
  1196 10156
  1197 10156
  1198 10156
  1199 10156
  1200 10156
  1201 10156
  1202 10156
  1203 10156
  1204 10156
  1205 10156
  1206 10156
  1207 10156
  1208 10156
  1209 10156
  1210 10156
  1211 10156
  1212 10156
  1213 10156
  1214 10156
  1215 10156
  1216 10156
  1217 10156
  1218 10156
  1219 10156
  1220 10156
  1221 10156
  1222 10156
  1223 10156
  1224 10156
  1225 10156
  1226 10156
  1227 10156
  1228 10156
  1229 10156
  1230 10156
  1231 10156
  1232 10156
  1233 10156
  1234 10156
  1235 10156
  1236 10156
  1237 10156
  1238 10156
  1239 10156
  1240 10156
  1241 10156
  1242 10156
  1243 10156
  1244 10156
  1245 10156
  1246 10156
  1247 10156
  1248 10156
  1249 10156
  1250 10156
  1251 10156
  1252 10156
  1253 10156
  1254 10156
  1255 10156
  1256 10156
  1257 10095
  1258 10095
  1259 10154
  1260 10095
  1264 10118
  1265 10118
  1266 10118
  1267 10118
  1269 10118
  1270 10118
  1271 10036
  1272 10036
  1273 10036
  1274 10036
  1275 10036
  1276 10036
  1277 10036
  1278 10118
  1279 10036
  1280 10036
  1281 10036
  1282 10036
  1283 10118
  1284 10036
  1285 10118
  1286 10118
  1287 10118
  1288 10118
  1289 10036
  1290 10036
  1291 10036
  1292 10036
  1293 10036
  1294 10036
  1295 10036
  1296 10036
  1297 10118
  1298 10036
  1299 10130
  1300 10126
  1301 10130
  1302 10036
  1303 10036
  1304 10036
  1305 10130
  1306 10130
  1307 10036
  1308 10036
  1309 10118
  1310 10118
  1311 10118
  1312 10118
  1313 10118
  1314 10118
  1315 10118
  1316 10118
  1317 10036
  1318 10118
  1319 10036
  1320 10036
  1321 10036
  1322 10036
  1323 10036
  1324 10036
  1325 10036
  1326 10036
  1327 10036
  1328 10036
  1329 10036
  1330 10036
  1331 10036
  1332 10036
  1333 10036
  1334 10036
  1335 10036
  1336 10036
  1337 10036
  1338 10036
  1339 10036
  1340 10036
  1341 10036
  1342 10036
  1343 10036
  1344 10036
  1345 10036
  1346 10036
  1347 10036
  1348 10036
  1349 10036
  1350 10036
  1351 10036
  1352 10036
  1353 10036
  1354 10036
  1355 10036
  1356 10036
  1357 10036
  1358 10036
  1359 10036
  1360 10036
  1361 10036
  1362 10036
  1363 10036
  1364 10036
  1365 10036
  1366 10036
  1367 10036
  1368 10036
  1369 10036
  1370 10036
  1371 10036
  1372 10036
  1373 10036
  1374 10036
  1375 10036
  1376 10036
  1377 10036
  1378 10036
  1379 10036
  1380 10036
  1381 10036
  1382 10036
  1383 10036
  1384 10036
  1385 10036
  1386 10036
  1387 10036
  1388 10036
  1389 10036
  1390 10036
  1391 10036
  1392 10036
  1393 10036
  1394 10036
  1395 10036
  1396 10036
  1397 10036
  1398 10036
  1399 10036
  1400 10036
  1401 10036
  1402 10036
  1403 10036
  1404 10036
  1405 10036
  1406 10036
  1407 10036
  1408 10036
  1409 10036
  1410 10036
  1411 10036
  1412 10036
  1413 10036
  1414 10036
  1415 10036
  1416 10036
  1417 10036
  1418 10036
  1419 10036
  1420 10036
  1421 10036
  1422 10036
  1423 10036
  1424 10036
  1425 10036
  1426 10036
  1427 10036
  1428 10036
  1429 10036
  1430 10036
  1431 10036
  1432 10036
  1433 10036
  1434 10036
  1435 10036
  1436 10036
  1437 10036
  1438 10036
  1439 10036
  1440 10036
  1441 10036
  1442 10036
  1443 10036
  1444 10036
  1445 10036
  1446 10036
  1447 10036
  1448 10036
  1449 10036
  1450 10036
  1451 10036
  1452 10036
  1453 10036
  1454 10036
  1455 10036
  1456 10036
  1457 10036
  1458 10036
  1459 10036
  1460 10036
  1461 10036
  1462 10036
  1463 10036
  1464 10036
  1465 10036
  1466 10036
  1467 10036
  1468 10036
  1469 10036
  1470 10036
  1471 10036
  1472 10036
  1473 10036
  1474 10036
  1475 10036
  1476 10036
  1477 10036
  1478 10036
  1479 10036
  1480 10036
  1481 10036
  1482 10036
  1483 10036
  1484 10036
  1485 10036
  1486 10036
  1487 10036
  1488 10036
  1489 10036
  1490 10036
  1491 10036
  1492 10036
  1493 10036
  1494 10036
  1495 10036
  1496 10036
  1497 10036
  1498 10036
  1503 10106
  1504 10106
  1505 10040
  1506 10040
  1507 10040
  1508 10018
  1509 10018
  1510 10040
  1511 10040
  1512 10076
  1513 10076
  1514 10076
  1539 10076
  1540 10076
  1541 10018
  1542 10040
  1543 10040
  1544 10040
  1545 10040
  1546 10040
  1547 10055
  1548 10055
  1554 10076
  1555 10076
  1556 10055
  1557 10018
  1558 10018
  1559 10055
  1560 10055
  1561 10040
  1562 10040
  1563 10055
  1564 10055
  1567 10055
  1568 10154
  1569 10154
  1599 10154
  1600 10154
  1601 10154
  1602 10154
  1625 10154
  1626 10154
  1627 10154
  1628 10154
  1629 10143
  1630 10143
  1631 10143
  1632 10143
  1633 10145
  1634 10036
  1635 10036
  1636 10154
  1674 10085
  1675 10085
  1676 10085
  1677 10085
  1678 10085
  1679 10085
  1680 10085
  1688 10115
  1689 10115
  1690 10115
  1735 10154
  1736 10154
  1737 10154
  1785 10134
  1786 10134
  1787 10101
  1788 10141
  1789 10050
  1790 10141
  1791 10141
  1792 10141
  1793 10141
  1794 10141
  1795 10141
  1796 10141
  1806 10045
  1807 10045
  1811 10082
  1812 10082
  1813 10082
  1814 10021
  1815 10021
  1816 10021
  1817 10021
  1818 10021
  1848 10154
  1849 10154
  1860 10130
  1861 10130
  1862 10130
  1863 10130
  1864 10130
  1865 10130
  1866 10130
  1867 10130
  1868 10130
  1869 10101
  1870 10101
  1871 10101
  1872 10101
  1873 10068
  1874 10068
  1875 10068
  1876 10068
  1877 10068
  1878 10068
  1879 10068
  1880 10068
  1881 10068
  1882 10068
  1883 10068
  1884 10068
  1885 10068
  1886 10068
  1889 10068
  1892 10068
  1893 10068
  1894 10068
  1895 10068
  1896 10068
  1897 10068
  1898 10068
  1899 10068
  1900 10068
  1901 10068
  1902 10068
  1903 10068
  1904 10068
  1905 10068
  1906 10068
  1907 10068
  1908 10068
  1909 10068
  1910 10068
  1911 10068
  1912 10068
  1913 10068
  1914 10068
  1915 10068
  1916 10068
  1917 10068
  1918 10068
  1919 10068
  1920 10068
  1921 10068
  1922 10068
  1923 10068
  1924 10068
  1925 10068
  1926 10068
  1927 10068
  1933 10068
  1934 10068
  1935 10068
  1936 10068
  1937 10068
  1938 10068
  1939 10068
  1940 10068
  1941 10068
  1942 10068
  1943 10068
  1944 10068
  1945 10068
  1946 10068
  1947 10068
  1948 10068
  1949 10068
  1950 10068
  1951 10068
  1952 10068
  1953 10068
  1954 10068
  1955 10068
  1956 10068
  1957 10068
  1958 10068
  1959 10068
  1960 10068
  1961 10068
  1962 10068
  1963 10068
  1964 10068
  1965 10068
  1966 10068
  1967 10068
  1968 10068
  1969 10068
  1970 10068
  1971 10068
  1972 10068
  1973 10068
  1974 10068
  1975 10068
  1976 10068
  1977 10068
  1978 10068
  1979 10068
  1980 10068
  1981 10068
  1982 10068
  1983 10068
  1984 10068
  1985 10068
  1986 10068
  1987 10068
  1988 10068
  1989 10068
  1990 10068
  1991 10068
  1992 10068
  1993 10068
  1994 10068
  1995 10068
  1996 10101
  1997 10101
  1999 10062
  2000 10062
  2001 10062
