   718 10112
   719 10112
   720 10112
   721 10112
   722 10112
   723 10112
   724 10112
   725 10112
   726 10112
   727 10112
   728 10112
   729 10112
   730 10112
   731 10112
   732 10112
   733 10112
   734 10112
   735 10112
   736 10112
   737 10112
   738 10112
   739 10112
   740 10112
   741 10112
   742 10112
   743 10112
   744 10112
   745 10112
   746 10112
   747 10112
   748 10112
   749 10112
   750 10112
   751 10112
   752 10112
   753 10112
   754 10112
   755 10112
   756 10112
   757 10112
   758 10112
   759 10112
   760 10112
   761 10112
   762 10112
   763 10112
   764 10112
   765 10112
   766 10112
   767 10112
   768 10112
   769 10112
   770 10112
   771 10112
   772 10112
   773 10112
   774 10112
   775 10112
   776 10112
   777 10112
   778 10112
   781 10154
   782 10154
   783 10154
   784 10074
   785 10074
   786 10074
   787 10074
   788 10074
   789 10074
   790 10074
   791 10074
   792 10074
   793 10074
   794 10074
   795 10074
   796 10074
   797 10074
   798 10074
   799 10074
   800 10074
   801 10074
   802 10074
   803 10074
   804 10074
   805 10074
   806 10074
   807 10074
   808 10074
   809 10074
   810 10074
   811 10074
   812 10074
   813 10074
   814 10074
   815 10074
   816 10074
   817 10074
   818 10074
   819 10074
   820 10074
   821 10074
   822 10074
   823 10074
   824 10074
   825 10074
   826 10074
   827 10074
   828 10074
   829 10074
   830 10074
   831 10074
   832 10074
   833 10074
   834 10074
   835 10074
   836 10074
   837 10074
   838 10074
   839 10074
   840 10074
   841 10074
   842 10074
   843 10074
   844 10074
   845 10074
   846 10074
   847 10074
   848 10074
   849 10074
   850 10074
   851 10074
   852 10074
   853 10074
   854 10074
   855 10074
   856 10074
   857 10074
   858 10074
   859 10074
   860 10074
   861 10074
   862 10074
   863 10074
   864 10074
   865 10074
   866 10074
   867 10074
   868 10074
   869 10074
   870 10074
   871 10074
   872 10074
   873 10074
   874 10074
   875 10074
   876 10074
   877 10074
   878 10074
   879 10074
   880 10074
   881 10074
   882 10074
   883 10074
   884 10074
   885 10074
   886 10074
   887 10074
   888 10074
   889 10074
   890 10074
   891 10074
   892 10074
   893 10074
   894 10074
   895 10074
   896 10074
   897 10074
   898 10074
   899 10074
   900 10074
   901 10074
   902 10074
   903 10074
   904 10074
   905 10074
   906 10074
   907 10074
   908 10074
   909 10074
   910 10074
   911 10074
   912 10074
   913 10074
   914 10074
   915 10074
   916 10074
   917 10074
   918 10074
   919 10074
   920 10074
   921 10074
   922 10074
   923 10074
   924 10074
   925 10074
   926 10074
   927 10074
   928 10074
   929 10074
   930 10074
   931 10074
   932 10074
   933 10074
   934 10074
   935 10074
   936 10074
   937 10074
   938 10074
   939 10074
   940 10074
   941 10074
   942 10074
   943 10074
   944 10074
   945 10074
   946 10074
   947 10074
   948 10074
   949 10074
   950 10074
   951 10074
   952 10074
   953 10074
   954 10074
   955 10074
   956 10074
   957 10074
   958 10074
   959 10074
   960 10074
   961 10074
   962 10074
   963 10074
   964 10074
   965 10074
   966 10074
   967 10074
   968 10074
   969 10074
   970 10074
   971 10074
   972 10074
   973 10074
   974 10074
   975 10074
   976 10074
   977 10074
   978 10074
   979 10074
   980 10074
   981 10074
   982 10074
   983 10074
   984 10074
   985 10074
   986 10074
   987 10074
   988 10074
   989 10074
   990 10074
   991 10074
   992 10074
   993 10074
   994 10074
   995 10074
   996 10074
   997 10074
   998 10074
   999 10074
  1000 10074
  1001 10074
  1002 10074
  1003 10074
  1004 10074
  1005 10074
  1006 10074
  1007 10074
  1008 10074
  1009 10074
  1010 10074
  1011 10074
  1012 10074
  1013 10074
  1014 10074
  1015 10074
  1016 10074
  1017 10074
  1018 10074
  1019 10074
  1020 10074
  1021 10074
  1025 10068
  1026 10068
  1027 10068
  1028 10068
  1029 10068
  1030 10068
  1031 10068
  1032 10068
  1033 10068
  1034 10068
  1035 10068
  1036 10068
  1037 10068
  1038 10068
  1039 10068
  1040 10068
  1041 10068
  1042 10068
  1043 10068
  1044 10068
  1045 10068
  1046 10068
  1047 10068
  1048 10068
  1049 10068
  1050 10068
  1051 10068
  1052 10068
  1053 10068
  1054 10068
  1055 10068
  1056 10068
  1057 10068
  1058 10068
  1059 10068
  1060 10068
  1061 10068
  1062 10068
  1063 10068
  1064 10068
  1065 10138
  1066 10138
  1067 10138
  1068 10138
  1069 10068
  1070 10068
  1071 10068
  1072 10068
  1073 10068
  1074 10068
  1075 10068
  1076 10068
  1077 10068
  1078 10068
  1079 10068
  1080 10068
  1081 10068
  1082 10068
  1083 10068
  1084 10068
  1085 10068
  1086 10068
  1087 10068
  1088 10068
  1089 10068
  1090 10068
  1091 10068
  1092 10068
  1093 10068
  1094 10068
  1095 10068
  1096 10068
  1097 10068
  1098 10068
  1099 10068
  1100 10068
  1101 10068
  1102 10068
  1103 10068
  1104 10068
  1105 10068
  1106 10068
  1107 10068
  1108 10068
  1109 10068
  1110 10068
  1111 10068
  1112 10068
  1113 10068
  1114 10068
  1115 10068
  1116 10068
  1117 10068
  1118 10068
  1119 10068
  1120 10068
  1121 10068
  1122 10068
  1123 10068
  1124 10068
  1125 10068
  1126 10138
  1127 10068
  1128 10138
  1129 10138
  1130 10068
  1131 10068
  1132 10138
  1133 10068
  1134 10068
  1135 10138
  1136 10068
  1137 10138
  1138 10138
  1139 10068
  1140 10068
  1141 10068
  1142 10068
  1143 10068
  1144 10068
  1145 10068
  1146 10068
  1147 10068
  1148 10068
  1149 10068
  1150 10068
  1151 10068
  1152 10068
  1153 10068
  1154 10068
  1155 10068
  1156 10068
  1157 10068
  1158 10068
  1159 10068
  1160 10068
  1161 10068
  1162 10068
  1163 10068
  1164 10068
  1165 10068
  1166 10068
  1167 10068
  1168 10068
  1169 10068
  1170 10068
  1171 10068
  1172 10068
  1173 10068
  1174 10068
  1175 10068
  1176 10068
  1177 10068
  1178 10068
  1179 10068
  1180 10068
  1181 10068
  1182 10068
  1183 10068
  1184 10068
  1185 10068
  1186 10068
  1187 10068
  1188 10068
  1189 10068
  1190 10068
  1191 10068
  1192 10068
  1193 10068
  1194 10068
  1195 10068
  1196 10068
  1197 10068
  1198 10068
  1199 10068
  1200 10068
  1201 10068
  1202 10068
  1203 10068
  1204 10068
  1205 10068
  1206 10068
  1207 10068
  1208 10068
  1209 10068
  1210 10068
  1211 10068
  1212 10068
  1213 10068
  1214 10068
  1215 10068
  1216 10068
  1217 10068
  1218 10068
  1219 10068
  1220 10068
  1221 10068
  1222 10068
  1223 10068
  1224 10068
  1225 10068
  1226 10068
  1227 10068
  1228 10068
  1229 10068
  1230 10068
  1231 10068
  1232 10068
  1233 10068
  1234 10068
  1235 10068
  1236 10068
  1237 10068
  1238 10068
  1239 10068
  1240 10068
  1241 10068
  1242 10068
  1243 10068
  1244 10068
  1245 10068
  1246 10068
  1247 10068
  1248 10068
  1249 10068
  1250 10068
  1251 10068
  1252 10068
  1253 10068
  1254 10068
  1255 10068
  1256 10068
  1257 10141
  1258 10141
  1260 10040
  1261 10018
  1262 10040
  1263 10018
  1264 10018
  1265 10018
  1266 10018
  1267 10018
  1268 10018
  1269 10158
  1270 10158
  1271 10158
  1272 10158
  1273 10018
  1274 10158
  1275 10158
  1276 10158
  1277 10158
  1278 10158
  1279 10158
  1280 10158
  1281 10158
  1282 10158
  1283 10158
  1284 10158
  1285 10018
  1286 10140
  1287 10158
  1288 10158
  1289 10055
  1290 10018
  1291 10055
  1292 10055
  1293 10158
  1294 10018
  1295 10018
  1296 10018
  1297 10018
  1298 10158
  1299 10018
  1300 10018
  1301 10018
  1302 10055
  1303 10018
  1304 10018
  1305 10018
  1306 10018
  1307 10018
  1308 10018
  1309 10018
  1310 10158
  1311 10158
  1312 10018
  1313 10018
  1314 10055
  1315 10055
  1316 10076
  1317 10055
  1318 10076
  1319 10076
  1323 10154
  1324 10076
  1325 10154
  1326 10154
  1327 10036
  1328 10036
  1329 10036
  1330 10036
  1331 10036
  1332 10154
  1333 10154
  1334 10154
  1335 10154
  1336 10154
  1337 10154
  1338 10154
  1339 10154
  1340 10154
  1341 10074
  1342 10074
  1343 10074
  1344 10074
  1345 10074
  1346 10074
  1347 10074
  1348 10074
  1349 10074
  1350 10074
  1351 10074
  1352 10074
  1353 10074
  1354 10154
  1355 10016
  1356 10154
  1357 10055
  1358 10055
  1359 10055
  1360 10055
  1361 10018
  1362 10055
  1367 10016
  1368 10130
  1369 10143
  1370 10130
  1378 10082
  1379 10151
  1380 10151
  1381 10151
  1382 10034
  1383 10151
  1384 10151
  1385 10151
  1386 10034
  1387 10034
  1388 10034
  1389 10034
  1390 10034
  1391 10034
  1392 10034
  1393 10034
  1394 10034
  1395 10034
  1396 10034
  1397 10034
  1398 10034
  1399 10034
  1400 10034
  1401 10034
  1402 10034
  1403 10034
  1404 10034
  1405 10034
  1406 10034
  1407 10034
  1408 10006
  1409 10034
  1410 10034
  1411 10034
  1412 10034
  1413 10034
  1414 10034
  1415 10034
  1416 10034
  1417 10034
  1418 10151
  1419 10034
  1420 10034
  1421 10034
  1422 10034
  1423 10034
  1424 10034
  1425 10034
  1426 10034
  1427 10034
  1428 10034
  1429 10034
  1430 10034
  1452 10034
  1453 10034
  1454 10034
  1455 10034
  1456 10034
  1457 10034
  1458 10034
  1459 10034
  1461 10151
  1462 10151
  1463 10151
  1464 10151
  1465 10151
  1466 10151
  1467 10034
  1468 10034
  1469 10034
  1470 10034
  1471 10034
  1472 10034
  1479 10001
  1480 10001
  1481 10001
  1490 10151
  1491 10034
  1492 10034
  1493 10151
  1494 10034
  1495 10034
  1496 10034
  1497 10034
  1498 10034
  1499 10034
  1500 10034
  1501 10151
  1502 10034
  1503 10034
  1504 10034
  1505 10151
  1506 10151
  1507 10151
  1508 10034
  1509 10151
  1510 10034
  1511 10034
  1512 10034
  1513 10151
  1514 10151
  1515 10034
  1516 10034
  1517 10034
  1518 10034
  1519 10034
  1520 10034
  1521 10034
  1522 10034
  1523 10151
  1524 10151
  1525 10151
  1526 10151
  1527 10034
  1528 10034
  1529 10034
  1530 10034
  1531 10034
  1532 10034
  1533 10034
  1534 10034
  1535 10034
  1536 10034
  1537 10151
  1538 10034
  1539 10034
  1540 10034
  1541 10034
  1542 10034
  1543 10034
  1544 10034
  1545 10034
  1546 10034
  1547 10034
  1548 10034
  1549 10034
  1550 10034
  1551 10034
  1552 10151
  1553 10034
  1554 10151
  1555 10151
  1556 10151
  1557 10034
  1558 10034
  1559 10151
  1560 10034
  1561 10034
  1562 10151
  1563 10151
  1564 10034
  1565 10151
  1566 10034
  1567 10034
  1568 10034
  1569 10034
  1570 10151
  1571 10151
  1572 10151
  1573 10034
  1574 10151
  1575 10151
  1576 10151
  1577 10034
  1578 10034
  1579 10034
  1580 10034
  1581 10151
  1582 10151
  1583 10034
  1584 10034
  1585 10151
  1586 10151
  1587 10151
  1588 10151
  1589 10151
  1590 10034
  1591 10151
  1592 10034
  1593 10151
  1594 10151
  1595 10151
  1596 10151
  1597 10034
  1598 10151
  1599 10151
  1600 10034
  1601 10151
  1604 10034
  1605 10151
  1606 10151
  1607 10034
  1608 10034
  1609 10034
  1610 10034
  1611 10151
  1612 10034
  1613 10151
  1614 10034
  1615 10019
  1616 10019
  1617 10019
  1620 10043
  1621 10091
  1622 10083
  1623 10083
  1624 10083
  1625 10083
  1626 10083
  1627 10083
  1628 10083
  1629 10083
  1630 10083
  1631 10083
  1632 10083
  1633 10083
  1634 10083
  1635 10083
  1636 10083
  1637 10083
  1638 10083
  1639 10083
  1640 10083
  1641 10083
  1642 10083
  1643 10083
  1644 10083
  1645 10083
  1646 10083
  1647 10083
  1648 10083
  1649 10083
  1650 10083
  1651 10083
  1652 10083
  1653 10083
  1654 10083
  1655 10083
  1656 10083
  1657 10083
  1658 10083
  1659 10083
  1660 10083
  1661 10083
  1662 10083
  1663 10083
  1664 10083
  1665 10083
  1666 10083
  1667 10083
  1668 10083
  1669 10083
  1670 10083
  1671 10083
  1672 10083
  1673 10083
  1674 10083
  1675 10083
  1676 10083
  1677 10083
  1678 10083
  1679 10083
  1680 10083
  1681 10083
  1682 10083
  1683 10083
  1684 10083
  1685 10083
  1686 10083
  1687 10083
  1688 10083
  1689 10083
  1690 10083
  1691 10083
  1692 10083
  1693 10083
  1694 10083
  1695 10083
  1696 10083
  1697 10083
  1698 10083
  1699 10083
  1700 10083
  1701 10083
  1702 10083
  1703 10083
  1704 10083
  1705 10083
  1706 10083
  1707 10083
  1708 10083
  1709 10083
  1710 10083
  1711 10083
  1712 10083
  1713 10083
  1714 10083
  1715 10083
  1716 10083
  1717 10083
  1718 10083
  1719 10083
  1720 10083
  1721 10083
  1722 10083
  1723 10083
  1724 10083
  1725 10083
  1726 10083
  1727 10083
  1728 10083
  1729 10083
  1730 10083
  1731 10083
  1732 10083
  1733 10083
  1734 10083
  1735 10083
  1736 10083
  1737 10083
  1738 10083
  1739 10083
  1740 10083
  1741 10083
  1742 10083
  1743 10083
  1744 10083
  1745 10083
  1746 10083
  1747 10083
  1748 10083
  1749 10083
  1750 10083
  1751 10083
  1752 10083
  1753 10083
  1754 10083
  1755 10083
  1756 10083
  1757 10083
  1758 10083
  1759 10083
  1760 10083
  1761 10083
  1762 10083
  1763 10083
  1764 10083
  1765 10083
  1766 10083
  1767 10083
  1768 10083
  1769 10083
  1770 10083
  1771 10083
  1772 10083
  1773 10083
  1774 10083
  1775 10083
  1776 10083
  1777 10083
  1778 10083
  1779 10083
  1780 10083
  1781 10083
  1782 10083
  1783 10083
  1784 10083
  1785 10083
  1786 10083
  1787 10083
  1788 10083
  1789 10083
  1790 10083
  1791 10083
  1792 10083
  1793 10083
  1794 10083
  1795 10083
  1796 10083
  1797 10083
  1798 10083
  1799 10083
  1800 10083
  1801 10083
  1802 10083
  1803 10083
  1804 10083
  1805 10083
  1806 10083
  1807 10083
  1808 10083
  1809 10083
  1810 10083
  1811 10083
  1812 10083
  1813 10083
  1814 10083
  1815 10083
  1816 10083
  1817 10083
  1818 10083
  1819 10083
  1820 10083
  1821 10083
  1822 10083
  1823 10083
  1824 10083
  1825 10083
  1826 10083
  1827 10083
  1828 10083
  1829 10083
  1830 10083
  1831 10083
  1832 10083
  1833 10083
  1834 10083
  1835 10083
  1836 10083
  1837 10083
  1838 10083
  1839 10083
  1840 10083
  1841 10083
  1842 10083
  1843 10083
  1844 10083
  1845 10083
  1846 10083
  1847 10083
  1848 10083
  1849 10083
  1850 10083
  1851 10083
  1852 10083
  1853 10083
  1854 10083
  1855 10083
  1856 10083
  1857 10083
  1858 10091
  1859 10091
  1860 10091
  1861 10091
  1865 10091
  1876 10143
  1877 10143
  1878 10143
  1879 10143
  1880 10143
  1881 10143
  1882 10143
  1883 10016
  1884 10016
  1885 10016
  1886 10016
  1887 10143
  1888 10143
  1889 10143
  1890 10143
  1891 10016
  1892 10016
  1893 10016
  1894 10055
  1897 10154
  1901 10089
  1902 10089
  1903 10089
  1904 10089
  1905 10089
  1906 10089
  1907 10089
  1908 10089
  1909 10089
  1910 10089
  1911 10089
  1912 10089
  1913 10089
  1914 10089
  1915 10089
  1916 10089
  1917 10089
  1918 10089
  1919 10089
  1920 10089
  1921 10089
  1922 10089
  1923 10089
  1924 10089
  1925 10089
  1926 10089
  1927 10089
  1928 10089
  1929 10089
  1930 10089
  1931 10089
  1932 10089
  1933 10089
  1934 10089
  1935 10089
  1936 10089
  1937 10089
  1938 10089
  1939 10089
  1940 10089
  1941 10089
  1942 10089
  1943 10110
  1944 10110
  1945 10110
  1946 10110
  1947 10110
  1948 10110
  1949 10110
  1950 10089
  1951 10089
  1952 10089
  1953 10089
  1954 10089
  1955 10089
  1956 10089
  1957 10089
  1958 10089
  1959 10089
  1960 10089
  1961 10089
  1962 10089
  1963 10089
  1964 10089
  1965 10089
  1966 10089
  1967 10089
  1968 10089
  1969 10089
  1970 10089
  1971 10089
  1972 10089
  1973 10089
  1974 10089
  1975 10089
  1976 10089
  1977 10089
  1978 10089
  1979 10089
  1980 10089
  1981 10114
  1982 10114
  1983 10114
  1984 10089
  1985 10089
  1986 10089
  1987 10089
  1988 10089
  1989 10089
  1990 10089
  1991 10089
  1992 10089
  1993 10089
  1994 10089
  1995 10089
  1996 10089
  1997 10089
  1998 10089
  1999 10089
  2000 10089
  2001 10089
  2002 10089
  2003 10089
  2004 10089
  2005 10089
  2006 10089
  2007 10089
  2008 10089
  2009 10146
  2010 10146
  2011 10146
  2012 10146
  2013 10146
  2014 10112
  2015 10146
  2016 10089
  2017 10089
  2018 10089
  2019 10089
  2020 10112
  2021 10112
  2022 10112
  2023 10112
  2024 10112
