   687 10090
   688 10090
   689 10090
   690 10090
   691 10090
   692 10090
   693 10090
   694 10090
   695 10090
   696 10090
   697 10090
   698 10090
   699 10090
   700 10090
   701 10090
   702 10090
   703 10090
   704 10090
   705 10090
   706 10090
   707 10090
   708 10090
   709 10090
   710 10090
   711 10090
   712 10090
   713 10090
   714 10090
   715 10090
   716 10090
   717 10090
   718 10090
   719 10090
   720 10090
   721 10090
   722 10090
   723 10090
   724 10090
   725 10090
   726 10090
   727 10090
   728 10090
   729 10090
   730 10090
   731 10090
   732 10090
   733 10090
   734 10090
   735 10090
   736 10090
   737 10090
   738 10090
   739 10090
   740 10090
   741 10090
   742 10090
   743 10090
   744 10090
   745 10090
   746 10090
   747 10090
   748 10090
   749 10090
   750 10090
   751 10090
   752 10090
   753 10090
   754 10090
   755 10090
   756 10090
   757 10090
   758 10090
   759 10090
   760 10090
   761 10090
   762 10090
   763 10090
   764 10090
   765 10090
   766 10090
   767 10090
   768 10090
   769 10090
   770 10090
   771 10090
   772 10090
   773 10090
   774 10090
   775 10090
   776 10090
   777 10090
   778 10090
   779 10090
   780 10091
   783 10019
   784 10019
   785 10019
   786 10034
   787 10034
   788 10034
   789 10034
   790 10034
   791 10034
   792 10034
   793 10034
   794 10034
   795 10034
   796 10034
   797 10034
   798 10034
   799 10034
   800 10034
   801 10034
   802 10034
   803 10034
   804 10034
   805 10034
   806 10034
   807 10034
   808 10034
   809 10034
   810 10034
   811 10034
   812 10034
   813 10034
   814 10034
   815 10034
   816 10034
   817 10034
   818 10034
   819 10034
   820 10034
   821 10020
   822 10020
   823 10020
   824 10020
   825 10020
   826 10020
   827 10020
   828 10020
   829 10020
   830 10020
   831 10020
   832 10020
   833 10020
   834 10020
   835 10020
   836 10020
   837 10020
   838 10020
   839 10020
   840 10020
   841 10020
   842 10020
   843 10020
   844 10020
   845 10020
   846 10020
   847 10020
   848 10020
   849 10020
   850 10020
   851 10020
   852 10020
   853 10020
   854 10020
   855 10020
   856 10020
   857 10020
   858 10020
   859 10020
   860 10020
   861 10020
   862 10020
   863 10020
   864 10020
   865 10020
   866 10020
   867 10020
   868 10020
   869 10020
   870 10020
   871 10020
   872 10020
   873 10020
   874 10020
   875 10020
   876 10020
   877 10020
   878 10020
   879 10020
   880 10020
   881 10020
   882 10020
   883 10020
   884 10020
   885 10020
   886 10020
   887 10020
   888 10020
   889 10020
   890 10020
   891 10020
   892 10020
   893 10020
   894 10020
   895 10020
   896 10020
   897 10020
   898 10020
   899 10020
   900 10020
   901 10020
   902 10020
   903 10020
   904 10020
   905 10020
   906 10020
   907 10020
   908 10020
   909 10020
   910 10020
   911 10020
   912 10020
   913 10020
   914 10020
   915 10020
   916 10020
   917 10020
   918 10020
   919 10020
   920 10020
   921 10020
   922 10020
   923 10020
   924 10020
   925 10020
   926 10020
   927 10020
   928 10020
   929 10020
   930 10020
   931 10020
   932 10020
   933 10020
   934 10020
   935 10020
   936 10020
   937 10020
   938 10020
   939 10020
   940 10020
   941 10020
   942 10020
   943 10020
   944 10020
   945 10020
   946 10020
   947 10020
   948 10020
   949 10020
   950 10020
   951 10020
   952 10020
   953 10020
   954 10020
   955 10020
   956 10020
   957 10020
   958 10020
   959 10020
   960 10020
   961 10020
   962 10020
   963 10020
   964 10020
   965 10020
   966 10020
   967 10020
   968 10020
   969 10020
   970 10020
   971 10020
   972 10020
   973 10020
   974 10020
   975 10020
   976 10020
   977 10020
   978 10020
   979 10020
   980 10020
   981 10020
   982 10020
   983 10020
   984 10020
   985 10020
   986 10020
   987 10020
   988 10020
   989 10020
   990 10020
   991 10020
   992 10020
   993 10020
   994 10020
   995 10020
   996 10020
   997 10020
   998 10020
   999 10020
  1000 10020
  1001 10020
  1002 10020
  1003 10020
  1004 10020
  1005 10020
  1008 10020
  1009 10020
  1010 10020
  1011 10020
  1012 10020
  1013 10020
  1014 10020
  1015 10020
  1016 10020
  1017 10020
  1018 10020
  1019 10034
  1020 10019
  1021 10019
  1022 10019
  1023 10019
  1027 10067
  1028 10101
  1029 10101
  1030 10101
  1031 10101
  1032 10101
  1050 10154
  1051 10154
  1055 10089
  1056 10089
  1057 10089
  1058 10089
  1059 10089
  1060 10089
  1061 10089
  1062 10089
  1063 10089
  1064 10089
  1065 10089
  1066 10089
  1067 10089
  1068 10089
  1069 10089
  1070 10089
  1071 10089
  1072 10089
  1073 10089
  1074 10089
  1075 10089
  1076 10089
  1077 10089
  1078 10089
  1079 10089
  1080 10089
  1081 10089
  1082 10089
  1083 10089
  1084 10089
  1085 10089
  1086 10089
  1087 10089
  1088 10089
  1089 10089
  1090 10089
  1091 10089
  1092 10089
  1093 10089
  1094 10089
  1095 10089
  1096 10089
  1097 10089
  1098 10089
  1099 10089
  1100 10089
  1101 10089
  1102 10089
  1103 10089
  1104 10089
  1105 10089
  1106 10089
  1107 10089
  1108 10089
  1109 10089
  1110 10089
  1111 10089
  1112 10089
  1113 10089
  1114 10089
  1115 10089
  1116 10089
  1117 10089
  1118 10089
  1119 10089
  1120 10089
  1121 10089
  1122 10089
  1123 10089
  1124 10089
  1125 10089
  1126 10089
  1127 10089
  1128 10089
  1129 10089
  1130 10089
  1131 10089
  1132 10089
  1133 10089
  1134 10089
  1135 10089
  1136 10089
  1137 10089
  1138 10089
  1139 10089
  1140 10089
  1141 10089
  1142 10089
  1143 10089
  1144 10089
  1145 10089
  1146 10089
  1147 10089
  1148 10089
  1149 10089
  1150 10089
  1151 10089
  1152 10089
  1153 10089
  1154 10089
  1155 10089
  1156 10089
  1157 10089
  1158 10089
  1159 10089
  1160 10089
  1161 10089
  1162 10089
  1163 10089
  1164 10089
  1165 10089
  1166 10089
  1167 10089
  1168 10089
  1169 10089
  1170 10089
  1171 10089
  1172 10089
  1173 10089
  1174 10089
  1175 10089
  1176 10089
  1177 10089
  1178 10089
  1179 10089
  1180 10089
  1181 10089
  1182 10089
  1183 10089
  1184 10089
  1185 10089
  1186 10089
  1187 10089
  1188 10089
  1189 10089
  1190 10089
  1191 10089
  1192 10089
  1193 10089
  1194 10089
  1195 10089
  1196 10089
  1197 10089
  1198 10089
  1199 10089
  1200 10089
  1201 10089
  1202 10089
  1203 10089
  1204 10089
  1205 10089
  1206 10089
  1207 10089
  1208 10089
  1209 10089
  1210 10089
  1211 10089
  1212 10089
  1213 10089
  1214 10089
  1215 10089
  1216 10089
  1217 10089
  1218 10089
  1219 10089
  1220 10089
  1221 10089
  1222 10089
  1223 10089
  1224 10089
  1225 10089
  1226 10089
  1227 10089
  1228 10089
  1229 10089
  1230 10089
  1231 10089
  1232 10089
  1233 10089
  1234 10089
  1235 10089
  1236 10089
  1237 10089
  1238 10089
  1239 10089
  1240 10089
  1241 10089
  1242 10089
  1243 10089
  1244 10089
  1245 10089
  1246 10089
  1247 10089
  1248 10089
  1249 10089
  1250 10089
  1251 10089
  1252 10089
  1253 10089
  1254 10089
  1255 10089
  1256 10089
  1257 10089
  1258 10089
  1259 10089
  1260 10089
  1261 10089
  1262 10089
  1263 10089
  1264 10089
  1265 10089
  1266 10089
  1267 10089
  1268 10089
  1269 10089
  1272 10154
  1273 10009
  1274 10009
  1275 10009
  1276 10009
  1277 10009
  1278 10009
  1279 10009
  1280 10009
  1281 10009
  1282 10009
  1283 10009
  1284 10009
  1285 10009
  1286 10009
  1287 10009
  1288 10009
  1289 10009
  1290 10009
  1291 10009
  1292 10009
  1297 10009
  1298 10009
  1299 10009
  1300 10009
  1301 10009
  1302 10009
  1303 10009
  1304 10009
  1305 10009
  1306 10009
  1307 10009
  1308 10009
  1309 10009
  1310 10009
  1311 10009
  1312 10009
  1313 10009
  1314 10009
  1315 10009
  1316 10009
  1317 10009
  1318 10009
  1319 10009
  1320 10009
  1321 10009
  1322 10009
  1323 10009
  1324 10009
  1325 10009
  1326 10009
  1327 10009
  1328 10009
  1329 10009
  1330 10009
  1331 10009
  1332 10009
  1333 10009
  1334 10009
  1335 10009
  1336 10009
  1337 10009
  1338 10009
  1339 10009
  1340 10009
  1341 10009
  1342 10009
  1343 10009
  1344 10009
  1345 10009
  1351 10009
  1352 10009
  1353 10009
  1354 10009
  1355 10009
  1356 10009
  1357 10009
  1358 10009
  1359 10009
  1360 10009
  1361 10009
  1362 10009
  1363 10009
  1364 10009
  1365 10009
  1366 10009
  1367 10009
  1368 10009
  1369 10009
  1370 10009
  1371 10009
  1372 10009
  1373 10009
  1374 10009
  1375 10009
  1376 10009
  1377 10009
  1378 10009
  1379 10009
  1381 10009
  1385 10009
  1391 10009
  1392 10009
  1393 10009
  1394 10009
  1395 10009
  1396 10009
  1397 10009
  1398 10009
  1399 10009
  1400 10009
  1401 10009
  1402 10009
  1403 10009
  1404 10009
  1405 10009
  1406 10009
  1407 10009
  1409 10009
  1410 10009
  1411 10009
  1412 10009
  1413 10009
  1414 10009
  1415 10009
  1416 10009
  1417 10009
  1418 10009
  1419 10009
  1420 10009
  1421 10009
  1422 10009
  1423 10009
  1424 10009
  1425 10009
  1426 10009
  1427 10009
  1428 10009
  1429 10009
  1430 10009
  1431 10009
  1432 10009
  1433 10009
  1434 10009
  1435 10009
  1436 10009
  1437 10009
  1438 10009
  1439 10009
  1440 10009
  1441 10009
  1442 10009
  1443 10009
  1445 10009
  1447 10009
  1448 10009
  1449 10009
  1450 10009
  1451 10009
  1452 10009
  1453 10009
  1454 10009
  1455 10009
  1456 10009
  1457 10009
  1458 10009
  1459 10009
  1460 10009
  1461 10009
  1462 10009
  1463 10009
  1464 10009
  1465 10009
  1466 10009
  1467 10009
  1468 10009
  1469 10009
  1470 10009
  1471 10009
  1472 10009
  1473 10009
  1474 10009
  1475 10009
  1476 10009
  1477 10009
  1478 10009
  1479 10009
  1480 10009
  1481 10009
  1482 10009
  1483 10009
  1484 10009
  1485 10009
  1486 10009
  1487 10009
  1488 10009
  1489 10009
  1490 10009
  1491 10009
  1492 10009
  1493 10009
  1494 10009
  1495 10009
  1496 10009
  1497 10009
  1498 10009
  1499 10009
  1500 10009
  1502 10076
  1503 10106
  1504 10076
  1505 10076
  1506 10018
  1507 10040
  1508 10040
  1509 10040
  1510 10040
  1516 10023
  1517 10023
  1518 10023
  1519 10023
  1520 10023
  1521 10018
  1522 10040
  1523 10018
  1524 10018
  1525 10018
  1526 10098
  1527 10055
  1528 10098
  1529 10040
  1530 10040
  1531 10040
  1533 10040
  1555 10040
  1556 10040
  1557 10040
  1558 10040
  1559 10040
  1560 10040
  1561 10040
  1574 10098
  1575 10098
  1576 10018
  1577 10018
  1578 10055
  1579 10055
  1580 10055
  1581 10055
  1582 10055
  1583 10101
  1614 10101
  1615 10101
  1624 10113
  1625 10113
  1626 10113
  1627 10113
  1628 10113
  1629 10113
  1630 10113
  1631 10113
  1632 10113
  1633 10113
  1634 10113
  1635 10113
  1636 10113
  1637 10113
  1638 10113
  1639 10113
  1640 10113
  1641 10113
  1642 10113
  1643 10113
  1644 10113
  1645 10113
  1646 10113
  1647 10113
  1648 10113
  1649 10113
  1650 10113
  1651 10113
  1652 10113
  1653 10113
  1654 10113
  1655 10113
  1656 10113
  1657 10113
  1658 10113
  1659 10113
  1660 10113
  1661 10113
  1662 10113
  1663 10113
  1664 10113
  1665 10113
  1666 10113
  1667 10113
  1668 10113
  1669 10113
  1670 10113
  1671 10113
  1672 10113
  1673 10113
  1674 10113
  1675 10113
  1676 10113
  1677 10113
  1678 10113
  1679 10113
  1680 10113
  1681 10113
  1682 10113
  1683 10113
  1684 10113
  1685 10113
  1686 10113
  1687 10113
  1688 10113
  1689 10113
  1690 10113
  1691 10113
  1692 10113
  1693 10113
  1694 10113
  1695 10113
  1696 10113
  1697 10113
  1698 10113
  1699 10113
  1700 10113
  1701 10113
  1702 10113
  1703 10113
  1704 10113
  1705 10113
  1706 10113
  1707 10113
  1708 10113
  1709 10113
  1710 10113
  1711 10113
  1712 10113
  1713 10113
  1714 10113
  1715 10113
  1716 10113
  1717 10113
  1718 10113
  1719 10113
  1720 10113
  1721 10113
  1722 10113
  1723 10113
  1724 10113
  1725 10113
  1726 10113
  1727 10113
  1728 10113
  1729 10113
  1730 10113
  1731 10113
  1732 10113
  1733 10113
  1734 10113
  1735 10113
  1736 10113
  1737 10113
  1738 10113
  1739 10113
  1740 10113
  1741 10113
  1742 10113
  1743 10113
  1744 10113
  1745 10113
  1746 10113
  1747 10113
  1748 10113
  1749 10113
  1750 10113
  1751 10113
  1752 10113
  1753 10113
  1754 10113
  1755 10113
  1756 10113
  1757 10113
  1758 10113
  1759 10113
  1760 10113
  1761 10113
  1762 10113
  1763 10113
  1764 10113
  1765 10113
  1766 10113
  1767 10113
  1768 10113
  1769 10113
  1770 10113
  1771 10113
  1772 10113
  1773 10113
  1774 10113
  1775 10113
  1776 10113
  1777 10113
  1778 10113
  1779 10113
  1780 10113
  1781 10113
  1782 10113
  1783 10113
  1784 10113
  1785 10113
  1786 10113
  1787 10113
  1788 10113
  1789 10113
  1790 10113
  1791 10113
  1792 10113
  1793 10113
  1794 10113
  1795 10113
  1796 10113
  1797 10113
  1798 10113
  1799 10113
  1800 10113
  1801 10113
  1802 10113
  1803 10113
  1804 10113
  1805 10113
  1806 10113
  1807 10113
  1808 10113
  1809 10113
  1810 10113
  1811 10113
  1812 10113
  1813 10113
  1814 10113
  1815 10113
  1816 10113
  1817 10113
  1818 10113
  1819 10113
  1820 10113
  1821 10113
  1822 10113
  1823 10113
  1824 10113
  1825 10113
  1826 10113
  1827 10113
  1828 10113
  1829 10113
  1830 10113
  1831 10113
  1832 10113
  1833 10113
  1834 10113
  1835 10113
  1836 10113
  1837 10113
  1838 10113
  1839 10113
  1840 10113
  1841 10113
  1842 10113
  1843 10113
  1844 10113
  1845 10113
  1846 10113
  1847 10113
  1848 10113
  1849 10113
  1850 10113
  1851 10113
  1852 10113
  1853 10113
  1854 10113
  1855 10113
  1856 10113
  1857 10113
  1858 10113
  1859 10113
  1860 10113
  1861 10113
  1868 10050
  1869 10050
  1870 10050
  1871 10050
  1872 10050
  1873 10050
  1874 10050
  1875 10050
  1876 10050
  1877 10050
  1878 10050
  1879 10050
  1880 10050
  1881 10050
  1882 10050
  1883 10050
  1884 10050
  1885 10050
  1886 10050
  1887 10050
  1888 10050
  1889 10050
  1890 10050
  1891 10050
  1892 10050
  1893 10050
  1894 10050
  1895 10050
  1896 10050
  1897 10050
  1898 10050
  1899 10050
  1900 10050
  1901 10050
  1902 10050
  1903 10050
  1904 10050
  1905 10050
  1906 10050
  1907 10050
  1908 10050
  1909 10050
  1910 10050
  1911 10050
  1912 10050
  1913 10050
  1914 10050
  1915 10050
  1916 10050
  1917 10050
  1918 10050
  1919 10050
  1920 10050
  1921 10050
  1922 10050
  1923 10050
  1924 10050
  1925 10050
  1926 10050
  1927 10050
  1928 10050
  1929 10050
  1930 10050
  1931 10050
  1932 10050
  1933 10050
  1934 10050
  1935 10050
  1936 10050
  1937 10050
  1938 10050
  1939 10050
  1940 10050
  1941 10050
  1942 10050
  1943 10050
  1944 10050
  1945 10050
  1946 10050
  1947 10050
  1948 10050
  1949 10050
  1950 10050
  1951 10050
  1952 10050
  1953 10050
  1954 10050
  1955 10050
  1956 10050
  1957 10050
  1958 10050
  1959 10050
  1960 10050
  1961 10050
  1962 10050
  1963 10050
  1964 10050
  1965 10050
  1966 10050
  1967 10050
  1968 10050
  1969 10050
  1970 10050
  1971 10050
  1972 10050
  1973 10050
  1974 10050
  1975 10050
  1976 10050
  1977 10050
  1978 10050
  1979 10050
  1980 10050
  1981 10050
  1982 10050
  1983 10050
  1984 10050
  1985 10050
  1986 10050
  1987 10050
  1988 10050
  1989 10050
  1990 10050
  1991 10050
  1992 10050
  1993 10050
  1994 10050
  1995 10050
  1996 10050
  1997 10050
  1998 10050
  1999 10050
  2000 10050
  2001 10050
  2002 10050
  2003 10050
  2004 10050
  2005 10050
  2006 10050
  2007 10050
  2008 10050
  2009 10050
  2010 10050
  2011 10050
  2012 10050
  2013 10050
  2014 10050
  2015 10050
  2016 10050
  2017 10050
  2018 10050
  2019 10050
  2020 10050
  2021 10050
  2022 10101
  2023 10090
  2024 10090
  2025 10090
  2026 10090
  2027 10090
  2028 10039
  2029 10090
  2030 10090
