   600 10007
   601 10007
   602 10007
   603 10007
   604 10007
   605 10007
   606 10007
   607 10007
   608 10007
   609 10007
   610 10007
   611 10007
   612 10007
   613 10007
   614 10007
   615 10007
   616 10007
   617 10007
   618 10007
   619 10007
   620 10007
   621 10007
   622 10007
   623 10007
   624 10007
   625 10007
   626 10007
   627 10007
   628 10007
   629 10007
   630 10007
   631 10007
   632 10007
   633 10007
   634 10007
   635 10007
   636 10007
   637 10007
   638 10007
   639 10007
   640 10007
   641 10007
   642 10007
   643 10007
   644 10007
   645 10007
   646 10007
   647 10007
   648 10007
   649 10007
   650 10007
   651 10007
   652 10007
   653 10007
   654 10007
   655 10007
   656 10007
   657 10007
   658 10007
   659 10007
   660 10007
   661 10007
   662 10007
   663 10007
   664 10007
   665 10007
   666 10007
   667 10007
   698 10034
   699 10034
   700 10034
   701 10034
   702 10034
   703 10034
   704 10034
   705 10034
   706 10034
   707 10034
   708 10034
   709 10034
   710 10034
   711 10034
   712 10034
   713 10034
   714 10034
   715 10034
   716 10034
   717 10034
   718 10034
   719 10034
   720 10034
   721 10034
   722 10034
   723 10034
   724 10034
   725 10034
   726 10034
   727 10034
   728 10034
   729 10034
   730 10034
   731 10034
   732 10034
   733 10034
   734 10034
   735 10034
   736 10034
   737 10034
   738 10034
   739 10034
   740 10034
   741 10034
   742 10034
   743 10034
   744 10034
   745 10034
   746 10034
   747 10034
   748 10034
   749 10034
   750 10034
   751 10034
   752 10034
   753 10034
   754 10034
   755 10034
   756 10034
   757 10034
   758 10034
   759 10034
   760 10034
   761 10034
   762 10034
   763 10034
   764 10034
   765 10034
   766 10034
   767 10034
   768 10034
   769 10034
   770 10034
   771 10034
   772 10011
   773 10034
   774 10034
   775 10151
   776 10151
   777 10152
   778 10151
   779 10151
   780 10151
   781 10151
   782 10151
   783 10151
   784 10151
   785 10151
   786 10034
   787 10034
   788 10034
   789 10151
   790 10034
   791 10034
   792 10034
   793 10034
   794 10034
   795 10151
   796 10151
   797 10034
   798 10151
   799 10151
   800 10151
   801 10151
   802 10151
   803 10151
   804 10151
   805 10151
   806 10151
   807 10151
   808 10151
   809 10034
   810 10034
   811 10034
   812 10034
   813 10034
   814 10034
   815 10151
   816 10151
   817 10151
   818 10151
   819 10151
   820 10034
   821 10034
   822 10151
   823 10151
   824 10151
   825 10151
   826 10151
   827 10151
   828 10151
   829 10151
   830 10151
   831 10151
   832 10151
   833 10151
   834 10151
   835 10151
   836 10151
   837 10151
   838 10151
   839 10151
   840 10151
   841 10151
   842 10151
   843 10151
   844 10151
   845 10151
   846 10151
   847 10151
   848 10151
   849 10151
   850 10151
   851 10151
   852 10151
   853 10151
   854 10151
   855 10151
   856 10151
   857 10151
   858 10151
   859 10151
   860 10151
   861 10151
   862 10151
   863 10151
   864 10151
   865 10151
   866 10151
   867 10151
   868 10151
   869 10151
   870 10151
   871 10151
   872 10151
   873 10151
   874 10151
   875 10151
   876 10151
   877 10151
   878 10151
   879 10151
   880 10151
   881 10151
   882 10151
   883 10151
   884 10151
   885 10151
   886 10151
   887 10151
   888 10151
   889 10151
   890 10151
   891 10151
   892 10151
   893 10151
   894 10151
   895 10151
   896 10151
   897 10151
   898 10151
   899 10151
   900 10151
   901 10151
   902 10151
   903 10151
   904 10151
   905 10151
   906 10151
   907 10151
   908 10151
   909 10151
   910 10151
   911 10151
   912 10151
   913 10151
   914 10151
   915 10151
   916 10151
   917 10151
   918 10151
   919 10151
   920 10151
   921 10151
   922 10151
   923 10151
   924 10151
   925 10151
   926 10151
   927 10151
   928 10151
   929 10151
   930 10151
   931 10151
   932 10151
   933 10151
   934 10151
   935 10151
   936 10151
   937 10151
   938 10151
   939 10151
   940 10151
   941 10151
   942 10151
   943 10151
   944 10151
   945 10151
   946 10151
   947 10151
   948 10151
   949 10151
   950 10151
   951 10151
   952 10151
   953 10151
   954 10151
   955 10151
   956 10151
   957 10151
   958 10151
   959 10151
   960 10151
   961 10151
   962 10151
   963 10151
   964 10151
   965 10151
   966 10151
   967 10151
   968 10151
   969 10151
   970 10151
   971 10151
   972 10151
   973 10151
   974 10151
   975 10151
   976 10151
   977 10151
   978 10151
   979 10151
   980 10151
   981 10151
   982 10151
   983 10151
   984 10151
   985 10151
   986 10151
   987 10151
   988 10151
   989 10151
   990 10151
   991 10151
   992 10151
   993 10151
   994 10151
   995 10151
   996 10151
   997 10151
   998 10151
   999 10151
  1000 10151
  1001 10151
  1002 10151
  1003 10151
  1004 10151
  1005 10151
  1006 10151
  1007 10151
  1008 10151
  1009 10151
  1010 10151
  1011 10151
  1012 10151
  1013 10034
  1014 10034
  1015 10072
  1016 10072
  1017 10072
  1018 10072
  1026 10007
  1028 10007
  1029 10007
  1030 10007
  1031 10007
  1032 10007
  1033 10007
  1034 10007
  1035 10007
  1036 10007
  1037 10007
  1038 10007
  1039 10007
  1040 10007
  1041 10148
  1042 10148
  1043 10148
  1044 10007
  1045 10007
  1046 10007
  1047 10007
  1048 10007
  1049 10007
  1050 10007
  1051 10007
  1052 10007
  1053 10007
  1054 10007
  1055 10007
  1056 10007
  1057 10007
  1058 10007
  1059 10007
  1060 10007
  1061 10007
  1062 10007
  1063 10007
  1064 10007
  1065 10007
  1066 10007
  1067 10007
  1068 10007
  1069 10007
  1070 10007
  1071 10007
  1072 10007
  1073 10007
  1074 10007
  1075 10007
  1076 10007
  1077 10007
  1078 10007
  1079 10007
  1080 10007
  1081 10007
  1082 10007
  1083 10007
  1084 10007
  1085 10007
  1086 10007
  1087 10007
  1088 10007
  1089 10007
  1090 10007
  1091 10007
  1092 10007
  1093 10007
  1094 10007
  1095 10007
  1096 10007
  1097 10007
  1098 10007
  1099 10007
  1100 10007
  1101 10007
  1102 10007
  1103 10007
  1104 10007
  1105 10007
  1106 10007
  1107 10007
  1108 10007
  1109 10007
  1110 10007
  1111 10007
  1112 10007
  1113 10007
  1114 10007
  1115 10007
  1116 10007
  1117 10007
  1118 10007
  1119 10007
  1120 10007
  1121 10007
  1122 10007
  1123 10007
  1124 10007
  1125 10007
  1126 10007
  1127 10007
  1128 10007
  1129 10007
  1130 10007
  1131 10007
  1132 10007
  1133 10007
  1134 10007
  1135 10007
  1136 10007
  1137 10007
  1138 10007
  1139 10007
  1140 10007
  1141 10007
  1142 10007
  1143 10007
  1144 10007
  1145 10007
  1146 10007
  1147 10007
  1148 10007
  1149 10007
  1150 10007
  1151 10007
  1152 10007
  1153 10007
  1154 10007
  1155 10007
  1156 10007
  1157 10007
  1158 10007
  1159 10007
  1160 10007
  1161 10007
  1162 10007
  1163 10007
  1164 10007
  1165 10007
  1166 10007
  1167 10007
  1168 10007
  1169 10007
  1170 10007
  1171 10007
  1172 10007
  1173 10007
  1174 10007
  1175 10007
  1176 10007
  1177 10007
  1178 10007
  1179 10007
  1180 10007
  1181 10007
  1182 10007
  1183 10007
  1184 10007
  1185 10007
  1186 10007
  1187 10007
  1188 10007
  1189 10007
  1190 10007
  1191 10007
  1192 10007
  1193 10007
  1194 10007
  1195 10007
  1196 10007
  1197 10007
  1198 10007
  1199 10007
  1200 10007
  1201 10007
  1202 10007
  1203 10007
  1204 10007
  1205 10007
  1206 10007
  1207 10007
  1208 10007
  1209 10007
  1210 10007
  1211 10007
  1212 10007
  1213 10007
  1214 10007
  1215 10007
  1216 10007
  1217 10007
  1218 10007
  1219 10007
  1220 10007
  1221 10007
  1222 10007
  1223 10007
  1224 10007
  1225 10007
  1226 10007
  1227 10007
  1228 10007
  1229 10007
  1230 10007
  1231 10007
  1232 10007
  1233 10007
  1234 10007
  1235 10007
  1236 10007
  1237 10007
  1238 10007
  1239 10007
  1240 10007
  1241 10007
  1242 10007
  1243 10007
  1244 10007
  1245 10007
  1246 10007
  1247 10007
  1248 10007
  1249 10007
  1250 10007
  1251 10007
  1252 10007
  1253 10007
  1254 10007
  1255 10007
  1256 10007
  1257 10007
  1258 10007
  1259 10007
  1260 10007
  1270 10061
  1271 10101
  1272 10101
  1273 10101
  1274 10101
  1275 10061
  1276 10061
  1277 10061
  1278 10061
  1279 10061
  1280 10061
  1281 10061
  1282 10031
  1283 10018
  1284 10031
  1285 10055
  1286 10055
  1287 10106
  1288 10040
  1289 10040
  1290 10040
  1291 10040
  1292 10040
  1294 10040
  1295 10106
  1296 10040
  1297 10018
  1298 10018
  1299 10018
  1300 10018
  1301 10018
  1302 10018
  1303 10018
  1304 10158
  1305 10140
  1306 10158
  1307 10158
  1308 10158
  1309 10158
  1310 10158
  1311 10158
  1312 10158
  1313 10158
  1314 10158
  1315 10158
  1316 10158
  1317 10158
  1318 10158
  1319 10158
  1320 10140
  1321 10140
  1322 10140
  1323 10140
  1324 10140
  1325 10140
  1326 10140
  1327 10140
  1328 10140
  1329 10140
  1330 10158
  1331 10158
  1332 10158
  1333 10158
  1334 10158
  1335 10158
  1336 10158
  1337 10158
  1338 10158
  1339 10158
  1340 10158
  1341 10055
  1342 10098
  1343 10173
  1344 10173
  1345 10173
  1347 10016
  1348 10016
  1349 10143
  1350 10143
  1351 10143
  1352 10016
  1353 10016
  1354 10016
  1355 10016
  1356 10016
  1357 10016
  1358 10016
  1359 10143
  1360 10143
  1361 10143
  1362 10016
  1363 10016
  1364 10016
  1365 10016
  1366 10016
  1367 10143
  1368 10153
  1369 10153
  1370 10153
  1371 10153
  1372 10153
  1373 10153
  1374 10153
  1375 10153
  1376 10153
  1377 10153
  1378 10153
  1379 10036
  1380 10074
  1381 10097
  1382 10097
  1383 10097
  1384 10097
  1385 10097
  1386 10097
  1387 10097
  1388 10097
  1389 10097
  1390 10097
  1391 10097
  1392 10097
  1393 10097
  1394 10097
  1395 10154
  1396 10097
  1397 10097
  1398 10097
  1399 10097
  1400 10097
  1401 10097
  1402 10097
  1403 10097
  1404 10154
  1405 10154
  1406 10154
  1407 10154
  1408 10154
  1409 10154
  1410 10154
  1411 10154
  1412 10154
  1413 10154
  1414 10154
  1415 10154
  1416 10154
  1417 10154
  1418 10154
  1419 10154
  1420 10154
  1421 10154
  1422 10154
  1423 10154
  1424 10154
  1425 10154
  1426 10154
  1427 10154
  1428 10154
  1429 10097
  1430 10154
  1431 10154
  1432 10154
  1433 10097
  1434 10154
  1435 10097
  1436 10154
  1437 10097
  1438 10154
  1439 10097
  1440 10097
  1441 10097
  1442 10154
  1443 10154
  1444 10154
  1445 10154
  1446 10154
  1447 10154
  1448 10154
  1449 10154
  1450 10154
  1451 10154
  1452 10154
  1453 10097
  1454 10097
  1455 10097
  1456 10097
  1457 10097
  1458 10097
  1459 10154
  1460 10154
  1461 10154
  1462 10154
  1463 10154
  1464 10154
  1465 10154
  1466 10154
  1467 10154
  1468 10154
  1469 10154
  1471 10154
  1472 10154
  1473 10154
  1474 10154
  1475 10154
  1476 10154
  1477 10154
  1478 10154
  1479 10154
  1480 10154
  1481 10154
  1482 10154
  1483 10154
  1484 10154
  1485 10154
  1486 10154
  1487 10154
  1488 10154
  1489 10154
  1490 10154
  1491 10097
  1492 10097
  1493 10097
  1494 10154
  1495 10154
  1496 10162
  1497 10162
  1498 10162
  1499 10162
  1500 10162
  1501 10162
  1502 10162
  1503 10162
  1504 10162
  1505 10162
  1506 10162
  1507 10162
  1508 10162
  1509 10162
  1510 10162
  1511 10162
  1512 10162
  1513 10097
  1515 10097
  1516 10097
  1517 10097
  1518 10097
  1519 10097
  1520 10097
  1521 10097
  1522 10097
  1523 10097
  1524 10097
  1525 10097
  1526 10162
  1527 10097
  1528 10097
  1529 10097
  1530 10097
  1532 10097
  1533 10097
  1534 10162
  1535 10162
  1536 10162
  1537 10162
  1538 10162
  1539 10162
  1540 10097
  1541 10097
  1542 10097
  1543 10097
  1544 10097
  1545 10097
  1546 10097
  1547 10097
  1548 10097
  1549 10097
  1550 10097
  1551 10097
  1552 10097
  1553 10097
  1554 10097
  1555 10097
  1556 10097
  1557 10097
  1558 10097
  1559 10097
  1560 10097
  1561 10097
  1562 10097
  1563 10097
  1564 10097
  1565 10097
  1566 10097
  1567 10097
  1568 10097
  1569 10097
  1570 10097
  1571 10097
  1572 10097
  1573 10097
  1574 10097
  1575 10097
  1576 10162
  1577 10162
  1578 10162
  1579 10162
  1580 10162
  1581 10097
  1582 10097
  1583 10162
  1584 10162
  1585 10162
  1586 10162
  1587 10162
  1588 10162
  1589 10162
  1590 10162
  1591 10097
  1592 10162
  1593 10162
  1594 10162
  1595 10162
  1596 10162
  1597 10162
  1598 10162
  1599 10162
  1600 10162
  1603 10097
  1607 10162
  1608 10162
  1609 10162
  1610 10162
  1611 10162
  1612 10162
  1613 10162
  1614 10097
  1615 10097
  1616 10097
  1617 10162
  1618 10162
  1619 10162
  1620 10097
  1621 10097
  1622 10097
  1623 10097
  1624 10097
  1625 10097
  1626 10097
  1627 10097
  1628 10145
  1629 10145
  1630 10145
  1631 10145
  1632 10145
  1633 10145
  1634 10145
  1635 10145
  1636 10145
  1637 10145
  1638 10145
  1639 10145
  1640 10145
  1641 10145
  1642 10145
  1643 10145
  1644 10145
  1645 10145
  1646 10145
  1647 10145
  1648 10145
  1649 10145
  1650 10145
  1651 10145
  1652 10145
  1653 10145
  1654 10145
  1655 10145
  1656 10145
  1657 10145
  1658 10145
  1659 10145
  1660 10145
  1661 10145
  1662 10145
  1663 10145
  1664 10145
  1665 10145
  1666 10145
  1667 10145
  1668 10145
  1669 10145
  1670 10145
  1671 10145
  1672 10145
  1673 10145
  1674 10145
  1675 10145
  1676 10145
  1677 10145
  1678 10145
  1679 10145
  1680 10145
  1681 10145
  1682 10145
  1683 10145
  1684 10145
  1685 10145
  1686 10145
  1687 10145
  1688 10145
  1689 10145
  1690 10145
  1691 10145
  1692 10145
  1693 10145
  1694 10145
  1695 10145
  1696 10145
  1697 10145
  1698 10145
  1699 10145
  1700 10145
  1701 10145
  1702 10145
  1703 10145
  1704 10145
  1705 10145
  1706 10145
  1707 10145
  1708 10145
  1709 10145
  1710 10145
  1711 10145
  1712 10145
  1713 10145
  1714 10145
  1715 10145
  1716 10145
  1717 10145
  1718 10145
  1719 10145
  1720 10145
  1721 10145
  1722 10145
  1723 10145
  1724 10145
  1725 10145
  1726 10145
  1727 10145
  1728 10145
  1729 10145
  1730 10145
  1731 10145
  1732 10145
  1733 10145
  1734 10145
  1735 10145
  1736 10145
  1737 10145
  1738 10145
  1739 10145
  1740 10145
  1741 10145
  1742 10145
  1743 10145
  1744 10145
  1745 10145
  1746 10145
  1747 10145
  1748 10145
  1749 10145
  1750 10145
  1751 10145
  1752 10145
  1753 10145
  1754 10145
  1755 10145
  1756 10145
  1757 10145
  1758 10145
  1759 10145
  1760 10145
  1761 10145
  1762 10145
  1763 10145
  1764 10145
  1765 10145
  1766 10145
  1767 10145
  1768 10145
  1769 10145
  1770 10145
  1771 10145
  1772 10145
  1773 10145
  1774 10145
  1775 10145
  1776 10145
  1777 10145
  1778 10145
  1779 10145
  1780 10145
  1781 10145
  1782 10145
  1783 10145
  1784 10145
  1785 10145
  1786 10145
  1787 10145
  1788 10145
  1789 10145
  1790 10145
  1791 10145
  1792 10145
  1793 10145
  1794 10145
  1795 10145
  1796 10145
  1797 10145
  1798 10145
  1799 10145
  1800 10145
  1801 10145
  1802 10145
  1803 10145
  1804 10145
  1805 10145
  1806 10145
  1807 10145
  1808 10145
  1809 10145
  1810 10145
  1811 10145
  1812 10145
  1813 10145
  1814 10145
  1815 10145
  1816 10145
  1817 10145
  1818 10145
  1819 10145
  1820 10145
  1821 10145
  1822 10145
  1823 10145
  1824 10145
  1825 10145
  1826 10145
  1827 10145
  1828 10145
  1829 10145
  1830 10145
  1831 10145
  1832 10145
  1833 10145
  1834 10145
  1835 10145
  1836 10145
  1837 10145
  1838 10145
  1839 10145
  1840 10145
  1841 10145
  1842 10145
  1843 10145
  1844 10145
  1845 10145
  1846 10145
  1847 10145
  1848 10145
  1849 10145
  1850 10145
  1851 10145
  1852 10145
  1853 10145
  1854 10145
  1855 10145
  1856 10145
  1857 10145
  1858 10145
  1859 10143
  1860 10145
  1861 10095
  1862 10095
  1863 10095
  1864 10095
  1865 10095
  1866 10095
  1867 10095
  1868 10095
  1869 10095
  1870 10095
  1871 10095
  1872 10095
  1873 10095
  1874 10095
  1875 10095
  1876 10095
  1877 10095
  1878 10095
  1879 10095
  1880 10095
  1881 10095
  1882 10095
  1883 10095
  1884 10095
  1885 10095
  1886 10095
  1887 10095
  1888 10095
  1889 10095
  1890 10095
  1891 10095
  1892 10095
  1893 10095
  1894 10095
  1895 10095
  1896 10095
  1897 10095
  1898 10095
  1899 10095
  1900 10095
  1901 10095
  1902 10095
  1903 10095
  1904 10095
  1905 10095
  1906 10095
  1907 10095
  1908 10095
  1909 10095
  1910 10095
  1911 10095
  1912 10095
  1913 10095
  1914 10095
  1915 10095
  1916 10095
  1917 10095
  1918 10095
  1919 10095
  1920 10095
  1921 10095
  1922 10095
  1923 10095
  1924 10095
  1925 10095
  1926 10095
  1927 10095
  1928 10095
  1929 10095
  1930 10095
  1931 10095
  1932 10095
  1933 10095
  1934 10095
  1935 10095
  1936 10095
  1937 10095
  1938 10095
  1939 10095
  1940 10095
  1941 10095
  1942 10095
  1943 10095
  1944 10095
  1945 10095
  1946 10095
  1947 10095
  1948 10095
  1949 10095
  1950 10095
  1951 10095
  1952 10095
  1953 10095
  1954 10095
  1955 10095
  1956 10095
  1957 10095
  1958 10095
  1959 10095
  1960 10095
  1961 10095
  1962 10095
  1963 10095
  1964 10095
  1965 10095
  1966 10095
  1967 10095
  1968 10095
  1969 10095
  1970 10095
  1971 10095
  1972 10095
  1973 10095
  1974 10095
  1975 10095
  1976 10095
  1977 10095
  1978 10095
  1979 10095
  1980 10095
  1981 10095
  1982 10095
  1983 10095
  1984 10095
  1985 10095
  1986 10095
  1987 10095
  1988 10095
  1989 10095
  1990 10095
  1991 10095
  1992 10095
  1993 10095
  1994 10095
  1995 10095
  1996 10095
  1997 10095
  1998 10095
  1999 10095
  2000 10095
  2001 10095
  2002 10095
  2003 10095
  2004 10095
  2005 10095
  2006 10095
  2007 10095
  2008 10095
  2009 10095
  2010 10095
  2011 10095
  2012 10095
  2013 10095
  2014 10095
  2015 10095
  2016 10095
  2017 10095
  2018 10095
  2019 10095
  2020 10095
  2021 10095
  2022 10095
  2023 10095
  2024 10095
  2027 10134
  2028 10101
  2029 10134
  2034 10019
  2035 10028
  2036 10011
  2037 10151
  2038 10152
  2039 10034
  2040 10034
  2041 10034
