   690 10011
   691 10011
   692 10011
   693 10011
   694 10011
   695 10011
   696 10011
  1864 10067
  1865 10061
  1866 10061
  1867 10061
  1868 10068
  1869 10068
  1870 10068
  1871 10068
  1872 10068
  1873 10068
  1874 10068
  1875 10068
  1876 10068
  1877 10068
  1878 10068
  1879 10068
  1880 10068
  1881 10068
  1882 10068
  1883 10068
  1884 10068
  1885 10068
  1886 10068
  1887 10068
  1888 10068
  1889 10068
  1890 10068
  1891 10068
  1892 10068
  1893 10068
  1894 10068
  1895 10068
  1896 10068
  1897 10068
  1898 10068
  1899 10068
  1900 10068
  1901 10068
  1902 10068
  1903 10068
  1904 10068
  1905 10068
  1906 10068
  1907 10068
  1908 10068
  1909 10068
  1910 10068
  1911 10068
  1912 10068
  1913 10068
  1914 10068
  1915 10068
  1916 10068
  1917 10068
  1918 10068
  1919 10068
  1920 10068
  1921 10068
  1922 10068
  1923 10068
  1924 10068
  1925 10068
  1926 10068
  1927 10068
  1928 10068
  1929 10068
  1930 10068
  1931 10068
  1932 10068
  1933 10068
  1934 10068
  1935 10068
  1936 10068
  1937 10068
  1938 10068
  1939 10068
  1940 10068
  1941 10068
  1942 10068
  1943 10068
  1944 10068
  1945 10068
  1946 10068
  1947 10068
  1948 10068
  1949 10068
  1950 10068
  1951 10068
  1952 10068
  1953 10068
  1954 10068
  1955 10068
  1956 10068
  1957 10068
  1958 10068
  1959 10068
  1960 10068
  1961 10068
  1962 10068
  1963 10068
  1964 10068
  1965 10068
  1966 10068
  1967 10068
  1968 10068
  1969 10068
  1970 10068
  1971 10068
  1972 10068
  1973 10068
  1974 10068
  1975 10068
  1976 10068
  1977 10068
  1978 10068
  1979 10068
  1980 10068
  1981 10068
  1982 10068
  1983 10068
  1984 10068
  1985 10068
  1986 10068
  1987 10068
  1988 10068
  1989 10068
  1990 10068
  1991 10068
  1992 10068
  1993 10068
  1994 10068
  1995 10068
  1996 10068
  1998 10060
  1999 10060
  2000 10060
  2001 10042
  2002 10011
  2003 10042
  2004 10042
  2005 10042
  2006 10049
  2007 10042
  2008 10042
  2009 10152
  2010 10152
  2011 10152
  2012 10011
  2013 10011
  2014 10011
  2015 10011
  2016 10011
  2017 10011
  2018 10011
  2019 10011
  2020 10011
  2021 10011
  2022 10011
  2023 10011
  2024 10011
  2025 10011
  2026 10011
  2027 10152
