   685 10075
   686 10075
   687 10031
   689 10075
   690 10075
   695 10075
   696 10075
   697 10169
   698 10169
   699 10075
   700 10075
   751 10097
   752 10162
   753 10162
   754 10162
   755 10162
   756 10162
   757 10162
   758 10162
   759 10162
   760 10162
   761 10162
   762 10162
   769 10162
   770 10162
   771 10162
   772 10162
   773 10162
   774 10162
   775 10162
   776 10162
   777 10097
   778 10158
   779 10158
   780 10158
   781 10158
   782 10134
   783 10101
   784 10101
   785 10065
   786 10065
   787 10065
   788 10065
   789 10065
   790 10065
   791 10065
   792 10065
   793 10065
   794 10065
   795 10065
   796 10065
   797 10065
   798 10065
   799 10065
   800 10065
   801 10065
   802 10065
   803 10065
   804 10065
   805 10065
   806 10065
   807 10065
   808 10065
   809 10065
   810 10065
   811 10065
   812 10065
   813 10065
   814 10065
   815 10065
   816 10065
   817 10065
   818 10065
   819 10065
   820 10065
   821 10065
   822 10065
   823 10065
   824 10065
   825 10065
   826 10065
   827 10065
   828 10065
   829 10065
   830 10065
   831 10065
   832 10065
   833 10065
   834 10065
   835 10065
   836 10065
   837 10065
   838 10065
   839 10065
   840 10065
   841 10065
   842 10065
   843 10065
   844 10065
   845 10065
   846 10065
   847 10065
   848 10065
   849 10065
   850 10065
   851 10065
   852 10065
   853 10065
   854 10065
   855 10065
   856 10065
   857 10065
   858 10065
   859 10065
   860 10065
   861 10065
   862 10065
   863 10065
   864 10065
   865 10065
   866 10065
   867 10065
   868 10065
   869 10065
   870 10065
   871 10065
   872 10065
   873 10065
   874 10065
   875 10065
   876 10065
   877 10065
   878 10065
   879 10065
   880 10065
   881 10065
   882 10065
   883 10065
   884 10065
   885 10065
   886 10065
   887 10065
   888 10065
   889 10065
   890 10065
   891 10065
   892 10065
   893 10065
   894 10065
   895 10065
   896 10065
   897 10065
   898 10065
   899 10065
   900 10065
   901 10065
   902 10065
   903 10065
   904 10065
   905 10065
   906 10065
   907 10065
   908 10065
   909 10065
   910 10065
   911 10065
   912 10065
   913 10065
   914 10065
   915 10065
   916 10065
   917 10065
   918 10065
   919 10065
   920 10065
   921 10065
   922 10065
   923 10065
   924 10065
   925 10065
   926 10065
   927 10065
   928 10065
   929 10065
   930 10065
   931 10065
   932 10065
   933 10065
   934 10065
   935 10065
   936 10065
   937 10065
   938 10065
   939 10065
   940 10065
   941 10065
   942 10065
   943 10065
   944 10065
   945 10065
   946 10065
   947 10065
   948 10065
   949 10065
   950 10065
   951 10065
   952 10065
   953 10065
   954 10065
   955 10065
   956 10065
   957 10065
   958 10065
   959 10065
   960 10065
   961 10065
   962 10065
   963 10065
   964 10065
   965 10065
   966 10065
   967 10065
   968 10065
   969 10065
   970 10065
   971 10065
   972 10065
   973 10065
   974 10065
   975 10065
   976 10065
   977 10065
   978 10065
   979 10065
   980 10065
   981 10065
   982 10065
   983 10065
   984 10065
   985 10065
   986 10065
   987 10065
   988 10065
   989 10065
   990 10065
   991 10065
   992 10065
   993 10065
   994 10065
   995 10065
   996 10065
   997 10065
   998 10065
   999 10065
  1000 10065
  1001 10065
  1002 10065
  1003 10065
  1004 10065
  1005 10065
  1006 10065
  1007 10065
  1008 10065
  1009 10065
  1010 10065
  1011 10065
  1012 10065
  1013 10065
  1014 10065
  1015 10065
  1016 10065
  1017 10065
  1018 10065
  1019 10065
  1020 10065
  1026 10145
  1027 10145
  1028 10145
  1029 10145
  1030 10145
  1031 10145
  1032 10145
  1033 10145
  1034 10145
  1035 10145
  1036 10145
  1037 10145
  1038 10145
  1039 10145
  1040 10145
  1041 10145
  1042 10145
  1043 10145
  1044 10145
  1045 10145
  1046 10145
  1047 10145
  1048 10145
  1049 10145
  1050 10145
  1051 10145
  1052 10145
  1053 10145
  1054 10145
  1055 10145
  1056 10145
  1057 10145
  1058 10145
  1059 10145
  1060 10145
  1061 10145
  1062 10145
  1063 10145
  1064 10145
  1065 10145
  1066 10145
  1067 10145
  1068 10145
  1069 10145
  1070 10145
  1071 10145
  1072 10145
  1073 10145
  1074 10145
  1075 10145
  1076 10145
  1077 10145
  1078 10145
  1079 10145
  1080 10145
  1081 10145
  1082 10145
  1083 10145
  1084 10145
  1085 10145
  1086 10145
  1087 10145
  1088 10145
  1089 10145
  1090 10145
  1091 10145
  1092 10145
  1093 10145
  1094 10145
  1095 10145
  1096 10145
  1097 10145
  1098 10145
  1099 10145
  1100 10145
  1101 10145
  1102 10145
  1103 10145
  1104 10145
  1105 10145
  1106 10145
  1107 10145
  1108 10145
  1109 10145
  1110 10145
  1111 10145
  1112 10145
  1113 10145
  1114 10145
  1115 10145
  1116 10145
  1117 10145
  1118 10145
  1119 10145
  1120 10145
  1121 10145
  1122 10145
  1123 10145
  1124 10145
  1125 10145
  1126 10145
  1127 10145
  1128 10145
  1129 10145
  1130 10145
  1131 10145
  1132 10145
  1133 10145
  1134 10145
  1135 10145
  1136 10145
  1137 10145
  1138 10145
  1139 10145
  1140 10145
  1141 10145
  1142 10145
  1143 10145
  1144 10145
  1145 10145
  1146 10145
  1147 10145
  1148 10145
  1149 10145
  1150 10145
  1151 10145
  1152 10145
  1153 10145
  1154 10145
  1155 10145
  1156 10145
  1157 10145
  1158 10145
  1159 10145
  1160 10145
  1161 10145
  1162 10145
  1163 10145
  1164 10145
  1165 10145
  1166 10145
  1167 10145
  1168 10145
  1169 10145
  1170 10145
  1171 10145
  1172 10145
  1173 10145
  1174 10145
  1175 10145
  1176 10145
  1177 10145
  1178 10145
  1179 10145
  1180 10145
  1181 10145
  1182 10145
  1183 10145
  1184 10145
  1185 10145
  1186 10145
  1187 10145
  1188 10145
  1189 10145
  1190 10145
  1191 10145
  1192 10145
  1193 10145
  1194 10145
  1195 10145
  1196 10145
  1197 10145
  1198 10145
  1199 10145
  1200 10145
  1201 10145
  1202 10145
  1203 10145
  1204 10145
  1205 10145
  1206 10145
  1207 10145
  1208 10145
  1209 10145
  1210 10145
  1211 10145
  1212 10145
  1213 10145
  1214 10145
  1215 10145
  1216 10145
  1217 10145
  1218 10145
  1219 10145
  1220 10145
  1221 10145
  1222 10145
  1223 10145
  1224 10145
  1225 10145
  1226 10145
  1227 10145
  1228 10145
  1229 10145
  1230 10145
  1231 10145
  1232 10145
  1233 10145
  1234 10145
  1235 10145
  1236 10145
  1237 10145
  1238 10145
  1239 10145
  1240 10145
  1241 10145
  1242 10145
  1243 10145
  1244 10145
  1245 10145
  1246 10145
  1247 10145
  1248 10145
  1249 10145
  1250 10145
  1251 10145
  1252 10145
  1253 10145
  1254 10145
  1255 10145
  1256 10145
  1257 10145
  1258 10143
  1259 10143
  1260 10143
  1261 10143
  1262 10143
  1263 10075
  1264 10075
  1265 10075
  1266 10075
  1267 10075
  1268 10075
  1269 10075
  1270 10075
  1271 10075
  1272 10075
  1273 10075
  1274 10075
  1275 10075
  1276 10075
  1277 10075
  1278 10075
  1279 10075
  1280 10075
  1281 10075
  1282 10075
  1283 10075
  1284 10075
  1285 10075
  1286 10075
  1287 10075
  1288 10075
  1289 10075
  1290 10075
  1291 10075
  1292 10075
  1293 10075
  1294 10075
  1295 10075
  1296 10075
  1297 10075
  1298 10075
  1299 10075
  1300 10075
  1301 10075
  1302 10075
  1303 10075
  1304 10075
  1305 10075
  1306 10075
  1307 10075
  1308 10075
  1309 10075
  1310 10075
  1311 10075
  1312 10075
  1313 10075
  1314 10075
  1315 10075
  1316 10075
  1317 10075
  1318 10075
  1319 10075
  1320 10075
  1321 10075
  1322 10075
  1323 10075
  1324 10075
  1325 10075
  1326 10075
  1327 10075
  1328 10075
  1329 10075
  1330 10075
  1331 10075
  1332 10075
  1333 10075
  1334 10075
  1335 10075
  1336 10075
  1337 10075
  1338 10075
  1339 10075
  1340 10075
  1341 10075
  1342 10075
  1343 10075
  1344 10075
  1345 10075
  1346 10075
  1347 10075
  1348 10075
  1349 10075
  1350 10075
  1351 10075
  1352 10075
  1353 10075
  1354 10075
  1355 10075
  1356 10075
  1357 10075
  1358 10075
  1359 10075
  1360 10075
  1361 10075
  1362 10075
  1363 10075
  1364 10075
  1365 10075
  1366 10075
  1367 10075
  1368 10075
  1369 10075
  1370 10075
  1371 10075
  1372 10075
  1373 10075
  1374 10075
  1375 10075
  1376 10075
  1377 10075
  1378 10075
  1379 10075
  1380 10075
  1381 10075
  1382 10075
  1383 10075
  1384 10075
  1385 10075
  1386 10075
  1387 10075
  1388 10075
  1389 10075
  1390 10075
  1391 10075
  1392 10075
  1393 10075
  1394 10075
  1395 10075
  1396 10075
  1397 10075
  1398 10075
  1399 10075
  1400 10075
  1401 10075
  1402 10075
  1403 10075
  1404 10075
  1405 10075
  1406 10075
  1407 10075
  1408 10075
  1409 10062
  1410 10086
  1411 10086
  1412 10071
  1413 10149
  1414 10149
  1415 10075
  1416 10075
  1417 10075
  1418 10075
  1419 10075
  1420 10075
  1421 10075
  1422 10075
  1423 10075
  1424 10075
  1425 10075
  1426 10075
  1427 10075
  1428 10075
  1429 10075
  1430 10075
  1431 10075
  1432 10075
  1433 10075
  1434 10075
  1435 10075
  1436 10075
  1438 10075
  1439 10075
  1440 10075
  1441 10075
  1443 10075
  1444 10075
  1445 10075
  1446 10075
  1447 10075
  1448 10075
  1449 10075
  1450 10075
  1451 10075
  1452 10075
  1453 10075
  1454 10075
  1455 10075
  1456 10075
  1457 10075
  1458 10075
  1459 10075
  1460 10075
  1461 10075
  1462 10075
  1463 10075
  1464 10075
  1465 10075
  1466 10075
  1467 10075
  1468 10075
  1469 10075
  1470 10075
  1471 10075
  1472 10075
  1473 10075
  1474 10075
  1475 10075
  1476 10075
  1477 10075
  1478 10075
  1479 10075
  1480 10075
  1481 10075
  1482 10075
  1483 10075
  1484 10075
  1485 10075
  1486 10075
  1487 10075
  1488 10075
  1489 10075
  1490 10075
  1491 10075
  1492 10075
  1493 10075
  1494 10075
  1495 10075
  1496 10075
  1497 10075
  1498 10075
  1499 10075
  1500 10075
  1501 10075
  1502 10075
  1503 10075
  1504 10075
  1505 10075
  1506 10075
  1507 10075
  1508 10143
  1509 10075
  1510 10075
  1511 10075
  1512 10016
  1513 10075
  1514 10076
  1515 10055
  1516 10055
  1517 10055
  1518 10018
  1519 10023
  1520 10023
  1521 10018
  1522 10018
  1523 10158
  1524 10018
  1525 10158
  1526 10098
  1527 10098
  1528 10055
  1529 10055
  1530 10055
  1531 10055
  1532 10055
  1533 10055
  1534 10018
  1535 10055
  1536 10140
  1537 10140
  1538 10140
  1539 10140
  1540 10018
  1541 10018
  1542 10018
  1543 10018
  1544 10140
  1545 10140
  1546 10055
  1547 10055
  1548 10140
  1549 10018
  1550 10018
  1551 10040
  1552 10018
  1553 10040
  1554 10055
  1555 10055
  1556 10055
  1557 10055
  1560 10143
  1561 10016
  1562 10143
  1563 10016
  1564 10016
  1565 10055
  1566 10055
  1567 10055
  1568 10055
  1569 10018
  1570 10055
  1571 10018
  1572 10018
  1573 10018
  1574 10170
  1575 10055
  1576 10018
  1577 10106
  1578 10040
  1579 10040
  1580 10040
  1581 10018
  1582 10018
  1583 10018
  1584 10055
  1585 10055
  1586 10055
  1587 10055
  1590 10036
  1591 10016
  1592 10143
  1593 10143
  1594 10143
  1595 10016
  1596 10143
  1610 10163
  1611 10163
  1612 10163
  1613 10141
  1616 10067
  1617 10067
  1618 10067
  1619 10101
  1620 10101
  1621 10101
  1622 10101
  1623 10101
  1625 10158
  1626 10097
  1627 10170
  1628 10170
  1629 10170
  1630 10170
  1631 10170
  1632 10170
  1633 10170
  1634 10170
  1635 10170
  1636 10170
  1637 10170
  1638 10170
  1639 10170
  1640 10170
  1641 10170
  1642 10170
  1643 10170
  1644 10170
  1645 10170
  1646 10170
  1647 10170
  1648 10170
  1649 10170
  1650 10170
  1651 10170
  1652 10170
  1653 10170
  1654 10170
  1655 10170
  1656 10170
  1657 10170
  1658 10170
  1659 10170
  1660 10170
  1661 10170
  1662 10170
  1663 10170
  1664 10170
  1665 10170
  1666 10170
  1667 10170
  1668 10170
  1669 10170
  1670 10170
  1671 10170
  1672 10170
  1673 10170
  1674 10170
  1675 10170
  1676 10170
  1677 10170
  1678 10170
  1679 10170
  1680 10170
  1681 10170
  1682 10170
  1683 10170
  1684 10170
  1685 10170
  1686 10170
  1687 10170
  1688 10170
  1689 10170
  1690 10170
  1691 10170
  1692 10170
  1693 10170
  1694 10170
  1695 10170
  1696 10170
  1697 10170
  1698 10170
  1699 10170
  1700 10170
  1701 10170
  1702 10170
  1703 10170
  1704 10170
  1705 10170
  1706 10170
  1707 10170
  1708 10170
  1709 10170
  1710 10170
  1711 10170
  1712 10170
  1713 10170
  1714 10170
  1715 10170
  1716 10170
  1717 10170
  1718 10170
  1719 10170
  1720 10170
  1721 10170
  1722 10170
  1723 10170
  1724 10170
  1725 10170
  1726 10170
  1727 10170
  1728 10170
  1729 10170
  1730 10170
  1731 10170
  1732 10170
  1733 10170
  1734 10170
  1735 10170
  1736 10170
  1737 10170
  1738 10170
  1739 10170
  1740 10170
  1741 10170
  1742 10170
  1743 10170
  1744 10170
  1745 10170
  1746 10170
  1747 10170
  1748 10170
  1749 10170
  1750 10170
  1751 10170
  1752 10170
  1753 10170
  1754 10170
  1755 10170
  1756 10170
  1757 10170
  1758 10170
  1759 10170
  1760 10170
  1761 10170
  1762 10170
  1763 10170
  1764 10170
  1765 10170
  1766 10170
  1767 10170
  1768 10170
  1769 10170
  1770 10170
  1771 10170
  1772 10170
  1773 10170
  1774 10170
  1775 10170
  1776 10170
  1777 10170
  1778 10170
  1779 10170
  1780 10170
  1781 10170
  1782 10170
  1783 10170
  1784 10170
  1785 10170
  1786 10170
  1787 10170
  1788 10170
  1789 10170
  1790 10170
  1791 10170
  1792 10170
  1793 10170
  1794 10170
  1795 10170
  1796 10170
  1797 10170
  1798 10170
  1799 10170
  1800 10170
  1801 10170
  1802 10170
  1803 10170
  1804 10170
  1805 10170
  1806 10170
  1807 10170
  1808 10170
  1809 10170
  1810 10170
  1811 10170
  1812 10170
  1813 10170
  1814 10170
  1815 10170
  1816 10170
  1817 10170
  1818 10170
  1819 10170
  1820 10170
  1821 10170
  1822 10170
  1823 10170
  1824 10170
  1825 10170
  1826 10170
  1827 10170
  1828 10170
  1829 10170
  1830 10170
  1831 10170
  1832 10170
  1833 10170
  1834 10170
  1835 10170
  1836 10170
  1837 10170
  1838 10170
  1839 10170
  1840 10170
  1841 10170
  1842 10170
  1843 10170
  1844 10170
  1845 10170
  1846 10170
  1847 10170
  1848 10170
  1849 10170
  1850 10170
  1851 10170
  1852 10170
  1853 10170
  1854 10170
  1855 10170
  1856 10097
  1857 10097
  1858 10097
  1859 10055
  1861 10169
  1862 10050
  1863 10101
  1864 10169
  1865 10049
  1869 10049
  1870 10049
  1871 10049
  1872 10049
  1873 10049
  1874 10049
  1875 10049
  1876 10049
  1877 10049
  1878 10049
  1879 10049
  1880 10049
  1881 10049
  1882 10049
  1883 10049
  1884 10049
  1885 10049
  1886 10049
  1887 10049
  1888 10049
  1889 10049
  1890 10049
  1891 10049
  1892 10049
  1893 10049
  1894 10049
  1895 10049
  1896 10049
  1897 10049
  1898 10049
  1899 10049
  1900 10049
  1901 10049
  1902 10049
  1903 10049
  1904 10049
  1905 10049
  1906 10049
  1907 10049
  1908 10049
  1909 10049
  1910 10049
  1911 10049
  1912 10049
  1913 10049
  1914 10049
  1915 10049
  1916 10049
  1917 10049
  1918 10049
  1919 10049
  1920 10049
  1921 10049
  1922 10049
  1923 10049
  1924 10049
  1925 10049
  1926 10049
  1927 10049
  1928 10049
  1929 10049
  1930 10049
  1931 10049
  1932 10049
  1933 10049
  1934 10049
  1935 10049
  1936 10049
  1937 10049
  1938 10049
  1939 10049
  1940 10049
  1941 10049
  1942 10049
  1943 10049
  1944 10049
  1945 10049
  1946 10049
  1947 10049
  1948 10049
  1949 10049
  1950 10049
  1951 10049
  1952 10049
  1953 10049
  1954 10049
  1955 10049
  1956 10049
  1957 10049
  1958 10049
  1959 10049
  1960 10049
  1961 10049
  1962 10049
  1963 10049
  1964 10049
  1965 10049
  1966 10049
  1967 10049
  1968 10049
  1969 10049
  1970 10049
  1971 10049
  1972 10049
  1973 10049
  1974 10049
  1975 10049
  1976 10049
  1977 10049
  1978 10049
  1979 10049
  1980 10049
  1981 10049
  1982 10049
  1983 10049
  1984 10049
  1985 10049
  1986 10049
  1987 10049
  1988 10049
  1989 10049
  1990 10049
  1991 10049
  1992 10049
  1993 10049
  1994 10049
  1995 10049
  1996 10049
  1997 10049
  1998 10049
  1999 10049
  2000 10049
  2001 10049
  2002 10049
  2003 10049
  2004 10049
  2005 10049
  2006 10049
  2007 10049
  2008 10049
  2009 10049
  2010 10049
  2011 10049
  2012 10049
  2013 10049
  2014 10049
  2015 10049
  2016 10049
  2017 10049
  2018 10049
  2019 10049
  2020 10049
  2021 10049
  2022 10049
  2023 10045
  2031 10101
  2034 10018
  2035 10018
  2036 10018
  2037 10018
  2038 10018
