   753 10156
   754 10156
   755 10156
   756 10156
   757 10156
   758 10156
   759 10156
   760 10156
   761 10156
   762 10156
   763 10156
   764 10156
   765 10156
   766 10156
   767 10156
   768 10156
   769 10156
   770 10156
   771 10156
   772 10156
   773 10156
   774 10156
   775 10156
   776 10156
   777 10095
   778 10153
   779 10153
   780 10153
   781 10154
   782 10143
   783 10154
   784 10153
   785 10153
   786 10153
   787 10153
   788 10153
   789 10153
   790 10153
   791 10153
   792 10153
   793 10153
   794 10153
   795 10153
   796 10153
   797 10153
   798 10153
   799 10153
   800 10153
   801 10153
   802 10153
   803 10153
   804 10153
   805 10153
   806 10153
   807 10153
   808 10153
   809 10153
   810 10153
   811 10153
   812 10153
   813 10153
   814 10153
   815 10153
   816 10153
   817 10153
   818 10153
   819 10153
   820 10153
   821 10153
   822 10153
   823 10153
   824 10153
   825 10153
   826 10153
   827 10153
   828 10153
   829 10153
   830 10153
   831 10153
   832 10153
   833 10153
   834 10153
   835 10153
   836 10153
   837 10153
   838 10153
   839 10153
   840 10153
   841 10153
   842 10153
   843 10153
   844 10153
   845 10153
   846 10153
   847 10153
   848 10153
   849 10153
   850 10153
   851 10153
   852 10153
   853 10153
   854 10153
   855 10153
   856 10153
   857 10153
   858 10153
   859 10153
   860 10153
   861 10153
   862 10153
   863 10153
   864 10153
   865 10153
   866 10153
   867 10153
   868 10153
   869 10153
   870 10153
   871 10153
   872 10153
   873 10153
   874 10153
   875 10153
   876 10153
   877 10153
   878 10153
   879 10153
   880 10153
   881 10153
   882 10153
   883 10153
   884 10153
   885 10153
   886 10153
   887 10153
   888 10153
   889 10153
   890 10153
   891 10153
   892 10153
   893 10153
   894 10153
   895 10153
   896 10153
   897 10153
   898 10153
   899 10153
   900 10153
   901 10153
   902 10153
   903 10153
   904 10153
   905 10153
   906 10153
   907 10153
   908 10153
   909 10153
   910 10153
   911 10153
   912 10153
   913 10153
   914 10153
   915 10153
   916 10153
   917 10153
   918 10153
   919 10153
   920 10153
   921 10153
   922 10153
   923 10153
   924 10153
   925 10153
   926 10153
   927 10153
   928 10153
   929 10153
   930 10153
   931 10153
   932 10153
   933 10153
   934 10153
   935 10153
   936 10153
   937 10153
   938 10153
   939 10153
   940 10153
   941 10153
   942 10153
   943 10153
   944 10153
   945 10153
   946 10153
   947 10153
   948 10153
   949 10153
   950 10153
   951 10153
   952 10153
   953 10153
   954 10153
   955 10153
   956 10153
   957 10153
   958 10153
   959 10153
   960 10153
   961 10153
   962 10153
   963 10153
   964 10153
   965 10153
   966 10153
   967 10153
   968 10153
   969 10153
   970 10153
   971 10153
   972 10153
   973 10153
   974 10153
   975 10153
   976 10153
   977 10153
   978 10153
   979 10153
   980 10153
   981 10153
   982 10153
   983 10153
   984 10153
   985 10153
   986 10153
   987 10153
   988 10153
   989 10153
   990 10153
   991 10153
   992 10153
   993 10153
   994 10153
   995 10153
   996 10153
   997 10153
   998 10153
   999 10153
  1000 10153
  1001 10153
  1002 10153
  1003 10153
  1004 10153
  1005 10153
  1006 10153
  1007 10153
  1008 10153
  1009 10153
  1010 10153
  1011 10153
  1012 10153
  1013 10153
  1014 10153
  1015 10153
  1016 10153
  1017 10153
  1018 10153
  1019 10016
  1020 10036
  1021 10130
  1030 10019
  1031 10019
  1032 10020
  1033 10020
  1034 10020
  1035 10020
  1036 10020
  1037 10020
  1038 10020
  1039 10020
  1040 10020
  1041 10020
  1042 10020
  1043 10020
  1044 10020
  1045 10020
  1046 10020
  1047 10020
  1048 10020
  1049 10020
  1050 10020
  1051 10020
  1052 10020
  1053 10020
  1054 10020
  1055 10020
  1056 10020
  1057 10020
  1058 10020
  1059 10020
  1060 10020
  1061 10020
  1062 10020
  1063 10020
  1064 10020
  1065 10020
  1066 10020
  1067 10020
  1068 10020
  1069 10020
  1070 10020
  1071 10020
  1072 10020
  1073 10020
  1074 10020
  1075 10020
  1076 10020
  1077 10019
  1078 10020
  1079 10020
  1080 10020
  1081 10020
  1082 10020
  1083 10020
  1084 10020
  1085 10020
  1086 10020
  1087 10020
  1088 10020
  1089 10020
  1090 10020
  1091 10020
  1092 10020
  1093 10020
  1094 10020
  1095 10020
  1096 10020
  1097 10020
  1098 10020
  1099 10020
  1100 10020
  1101 10020
  1102 10020
  1103 10020
  1104 10020
  1105 10020
  1106 10020
  1107 10020
  1108 10020
  1109 10020
  1110 10020
  1111 10020
  1112 10020
  1113 10020
  1114 10020
  1115 10020
  1116 10020
  1117 10020
  1118 10020
  1119 10020
  1120 10020
  1121 10020
  1122 10020
  1123 10020
  1124 10020
  1125 10020
  1126 10020
  1127 10020
  1128 10020
  1129 10020
  1130 10020
  1131 10020
  1132 10020
  1133 10020
  1134 10020
  1135 10020
  1136 10020
  1137 10020
  1138 10020
  1139 10020
  1140 10020
  1141 10020
  1142 10020
  1143 10020
  1144 10020
  1145 10020
  1146 10020
  1147 10020
  1148 10020
  1149 10020
  1150 10020
  1151 10020
  1152 10020
  1153 10020
  1154 10020
  1155 10020
  1156 10020
  1157 10020
  1158 10020
  1159 10020
  1160 10020
  1161 10020
  1162 10020
  1163 10020
  1164 10020
  1165 10020
  1166 10020
  1167 10020
  1168 10020
  1169 10020
  1170 10020
  1171 10020
  1172 10020
  1173 10156
  1174 10156
  1175 10010
  1176 10156
  1177 10156
  1178 10156
  1179 10156
  1180 10156
  1181 10156
  1182 10156
  1183 10156
  1184 10066
  1185 10066
  1186 10066
  1187 10066
  1188 10066
  1189 10066
  1190 10066
  1191 10066
  1192 10066
  1193 10066
  1194 10020
  1195 10020
  1196 10066
  1197 10066
  1198 10066
  1199 10066
  1200 10066
  1201 10066
  1202 10066
  1203 10066
  1204 10066
  1205 10066
  1206 10066
  1207 10020
  1208 10020
  1209 10020
  1210 10066
  1211 10066
  1212 10066
  1213 10066
  1214 10066
  1215 10066
  1216 10066
  1217 10066
  1218 10066
  1219 10066
  1220 10066
  1221 10020
  1222 10066
  1223 10066
  1224 10066
  1225 10066
  1226 10066
  1227 10066
  1228 10066
  1229 10066
  1230 10066
  1231 10156
  1232 10156
  1233 10156
  1234 10156
  1235 10066
  1236 10066
  1237 10066
  1238 10066
  1239 10066
  1240 10156
  1241 10066
  1242 10156
  1243 10066
  1244 10066
  1245 10066
  1246 10066
  1247 10066
  1248 10066
  1249 10066
  1250 10066
  1251 10066
  1252 10066
  1253 10066
  1254 10019
  1255 10066
  1256 10019
  1257 10019
  1258 10041
  1259 10041
  1260 10019
  1261 10028
  1262 10028
  1271 10074
  1272 10154
  1273 10074
  1274 10074
  1275 10074
  1276 10074
  1277 10074
  1278 10074
  1279 10074
  1280 10074
  1281 10074
  1282 10074
  1283 10074
  1284 10074
  1285 10074
  1286 10074
  1287 10074
  1288 10074
  1289 10074
  1290 10074
  1291 10074
  1292 10074
  1293 10074
  1294 10074
  1295 10074
  1296 10074
  1297 10074
  1298 10074
  1299 10074
  1300 10074
  1301 10074
  1302 10074
  1303 10074
  1304 10074
  1305 10074
  1306 10074
  1307 10074
  1308 10074
  1309 10074
  1310 10074
  1311 10074
  1312 10074
  1313 10074
  1314 10074
  1315 10074
  1316 10074
  1317 10074
  1318 10074
  1319 10074
  1320 10074
  1321 10074
  1322 10074
  1323 10074
  1324 10074
  1325 10074
  1326 10074
  1327 10074
  1328 10074
  1329 10074
  1330 10074
  1331 10074
  1332 10074
  1333 10074
  1334 10074
  1335 10074
  1336 10074
  1337 10074
  1338 10074
  1339 10074
  1340 10074
  1341 10074
  1342 10074
  1343 10074
  1344 10074
  1345 10074
  1346 10074
  1347 10074
  1348 10074
  1349 10074
  1350 10074
  1351 10074
  1352 10074
  1353 10074
  1354 10074
  1355 10074
  1356 10074
  1357 10074
  1358 10074
  1359 10074
  1360 10074
  1361 10074
  1362 10074
  1363 10074
  1364 10074
  1365 10074
  1366 10074
  1367 10074
  1368 10074
  1369 10074
  1370 10074
  1371 10074
  1372 10074
  1373 10074
  1374 10074
  1375 10074
  1376 10074
  1377 10074
  1378 10074
  1379 10074
  1380 10074
  1381 10074
  1382 10074
  1383 10074
  1384 10074
  1385 10074
  1386 10074
  1387 10074
  1388 10074
  1389 10074
  1390 10074
  1391 10074
  1392 10074
  1393 10074
  1394 10074
  1395 10074
  1396 10074
  1397 10074
  1398 10074
  1399 10074
  1400 10074
  1401 10074
  1402 10074
  1403 10074
  1404 10074
  1405 10074
  1406 10074
  1407 10074
  1408 10074
  1409 10074
  1410 10074
  1411 10074
  1412 10074
  1413 10074
  1414 10074
  1415 10074
  1416 10074
  1417 10074
  1418 10074
  1419 10074
  1420 10074
  1421 10074
  1422 10074
  1423 10074
  1424 10074
  1425 10074
  1426 10074
  1427 10074
  1428 10074
  1429 10074
  1430 10074
  1431 10074
  1432 10074
  1433 10074
  1434 10074
  1435 10074
  1436 10074
  1437 10074
  1438 10074
  1439 10074
  1440 10074
  1441 10074
  1442 10074
  1443 10074
  1444 10074
  1445 10074
  1446 10074
  1447 10074
  1448 10074
  1449 10074
  1450 10074
  1451 10074
  1452 10074
  1453 10074
  1454 10074
  1455 10074
  1456 10074
  1457 10074
  1458 10074
  1459 10074
  1460 10074
  1461 10074
  1462 10074
  1463 10074
  1464 10074
  1465 10074
  1466 10074
  1467 10074
  1468 10074
  1469 10074
  1470 10074
  1471 10074
  1472 10074
  1473 10074
  1474 10074
  1475 10074
  1476 10074
  1477 10074
  1478 10074
  1479 10074
  1480 10074
  1481 10074
  1482 10074
  1483 10074
  1484 10074
  1485 10074
  1486 10074
  1487 10074
  1488 10074
  1489 10074
  1490 10074
  1491 10074
  1492 10074
  1493 10074
  1494 10074
  1495 10074
  1496 10074
  1497 10074
  1498 10076
  1500 10076
  1501 10040
  1502 10040
  1503 10018
  1504 10018
  1505 10018
  1506 10018
  1507 10018
  1508 10018
  1509 10018
  1510 10018
  1511 10018
  1512 10018
  1513 10018
  1514 10144
  1515 10144
  1516 10144
  1517 10158
  1518 10158
  1519 10023
  1520 10023
  1521 10023
  1522 10144
  1523 10144
  1524 10144
  1525 10144
  1526 10144
  1527 10144
  1528 10144
  1529 10010
  1530 10010
  1531 10010
  1532 10010
  1533 10010
  1534 10010
  1535 10010
  1536 10010
  1537 10144
  1538 10144
  1539 10010
  1540 10010
  1541 10010
  1542 10010
  1543 10010
  1544 10010
  1545 10010
  1546 10010
  1547 10010
  1548 10010
  1549 10010
  1550 10010
  1551 10010
  1552 10010
  1553 10144
  1554 10144
  1555 10144
  1556 10144
  1557 10144
  1558 10144
  1559 10144
  1560 10010
  1561 10010
  1562 10010
  1563 10010
  1564 10010
  1565 10055
  1566 10055
  1567 10055
  1568 10055
  1569 10076
  1570 10076
  1572 10134
  1573 10101
  1574 10101
  1575 10101
  1576 10101
  1588 10132
  1589 10132
  1590 10132
  1597 10091
  1598 10091
  1603 10091
  1604 10091
  1605 10091
  1607 10019
  1608 10019
  1609 10019
  1610 10019
  1611 10019
  1612 10042
  1613 10042
  1614 10008
  1615 10008
  1616 10008
  1617 10152
  1618 10152
  1619 10152
  1620 10152
  1621 10152
  1622 10152
  1623 10152
  1624 10008
  1625 10008
  1626 10008
  1627 10152
  1628 10152
  1629 10152
  1630 10034
  1631 10152
  1632 10152
  1633 10152
  1634 10152
  1635 10152
  1636 10152
  1637 10152
  1638 10152
  1639 10152
  1640 10152
  1641 10152
  1642 10152
  1643 10152
  1644 10152
  1645 10152
  1646 10152
  1647 10152
  1648 10152
  1649 10152
  1650 10152
  1651 10152
  1652 10152
  1653 10152
  1654 10152
  1655 10152
  1656 10152
  1657 10152
  1658 10152
  1659 10152
  1660 10152
  1661 10152
  1662 10152
  1663 10152
  1664 10152
  1665 10152
  1666 10152
  1667 10152
  1668 10152
  1669 10152
  1670 10152
  1671 10152
  1672 10152
  1673 10152
  1674 10152
  1675 10152
  1676 10152
  1677 10152
  1678 10152
  1679 10152
  1680 10152
  1681 10152
  1682 10152
  1683 10152
  1684 10152
  1685 10152
  1686 10152
  1687 10152
  1688 10152
  1689 10152
  1690 10152
  1691 10152
  1692 10152
  1693 10152
  1694 10152
  1695 10152
  1696 10152
  1697 10152
  1698 10152
  1699 10152
  1700 10152
  1701 10152
  1702 10152
  1703 10152
  1704 10152
  1705 10152
  1706 10152
  1707 10152
  1708 10152
  1709 10152
  1710 10152
  1711 10152
  1712 10152
  1713 10152
  1714 10152
  1715 10152
  1716 10152
  1717 10152
  1718 10152
  1719 10152
  1720 10152
  1721 10152
  1722 10152
  1723 10152
  1724 10152
  1725 10152
  1726 10152
  1727 10152
  1728 10152
  1729 10034
  1730 10034
  1731 10034
  1732 10034
  1733 10034
  1734 10152
  1735 10034
  1736 10034
  1737 10152
  1738 10152
  1739 10152
  1740 10152
  1741 10152
  1742 10152
  1743 10034
  1744 10152
  1745 10034
  1746 10034
  1747 10152
  1748 10034
  1749 10034
  1750 10152
  1751 10152
  1752 10152
  1753 10152
  1754 10152
  1755 10152
  1756 10152
  1757 10152
  1758 10152
  1759 10152
  1760 10034
  1761 10152
  1762 10034
  1763 10034
  1764 10034
  1765 10034
  1766 10034
  1767 10034
  1768 10034
  1769 10034
  1770 10034
  1771 10034
  1772 10034
  1773 10034
  1774 10034
  1775 10034
  1776 10034
  1777 10152
  1778 10034
  1779 10034
  1780 10034
  1781 10034
  1782 10034
  1783 10034
  1784 10034
  1785 10034
  1786 10034
  1787 10152
  1788 10034
  1789 10152
  1790 10152
  1791 10152
  1792 10152
  1793 10152
  1794 10152
  1795 10152
  1796 10152
  1797 10152
  1798 10034
  1799 10034
  1800 10152
  1801 10034
  1802 10152
  1803 10152
  1804 10152
  1805 10152
  1806 10152
  1807 10152
  1808 10152
  1809 10152
  1810 10034
  1811 10034
  1812 10034
  1813 10152
  1814 10034
  1815 10034
  1816 10034
  1817 10034
  1818 10034
  1819 10034
  1820 10034
  1821 10034
  1822 10034
  1823 10034
  1824 10034
  1825 10152
  1826 10152
  1827 10152
  1828 10152
  1829 10152
  1830 10152
  1831 10152
  1832 10152
  1833 10152
  1834 10152
  1835 10152
  1836 10152
  1837 10152
  1838 10034
  1839 10034
  1840 10034
  1841 10034
  1842 10152
  1843 10152
  1844 10152
  1845 10152
  1846 10152
  1847 10152
  1848 10152
  1849 10152
  1850 10152
  1851 10152
  1852 10152
  1853 10152
  1854 10152
  1855 10019
  1856 10152
  1857 10082
  1861 10067
  1862 10067
  1863 10067
  1864 10067
  1865 10068
  1868 10052
  1870 10171
  1871 10171
  1872 10101
  1873 10052
  1877 10052
  1878 10171
  1879 10171
  1880 10171
  1881 10171
  1882 10171
  1883 10171
  1884 10168
  1914 10055
  1915 10055
  1916 10055
  1917 10144
  1918 10144
  1919 10144
  1920 10144
  1921 10144
  1922 10144
  1923 10144
  1924 10144
  1925 10144
  1926 10144
  1927 10144
  1928 10144
  1929 10144
  1930 10144
  1931 10144
  1932 10144
  1933 10144
  1934 10144
  1935 10144
  1936 10144
  1937 10144
  1938 10144
  1939 10144
  1940 10144
  1941 10144
  1942 10144
  1943 10144
  1944 10144
  1945 10144
  1946 10144
  1947 10144
  1948 10144
  1949 10144
  1950 10144
  1951 10144
  1952 10144
  1953 10144
  1954 10144
  1955 10144
  1956 10144
  1957 10144
  1958 10144
  1959 10144
  1960 10144
  1961 10144
  1962 10144
  1963 10144
  1964 10144
  1965 10144
  1966 10144
  1967 10144
  1968 10144
  1969 10144
  1970 10144
  1971 10144
  1972 10144
  1973 10144
  1974 10144
  1975 10144
  1976 10144
  1977 10144
  1978 10144
  1979 10144
  1980 10144
  1981 10144
  1982 10144
  1983 10144
  1984 10144
  1985 10144
  1986 10144
  1987 10144
  1988 10144
  1989 10144
  1990 10144
  1991 10144
  1992 10144
  1993 10144
  1994 10144
  1995 10144
  1996 10144
  1997 10144
  1998 10144
  1999 10144
  2000 10144
  2001 10144
  2002 10010
  2003 10010
  2004 10144
  2005 10144
  2006 10144
  2007 10144
  2008 10144
  2009 10144
  2010 10144
  2011 10144
  2012 10144
  2013 10144
  2014 10144
  2015 10144
  2016 10144
  2017 10144
  2018 10144
  2019 10144
  2020 10144
  2021 10158
  2022 10173
  2023 10076
  2024 10055
  2025 10154
  2029 10154
  2030 10154
  2031 10154
  2032 10014
  2033 10014
  2040 10131
  2041 10131
  2042 10131
  2043 10131
  2044 10131
