   686 10164
   687 10164
   688 10164
   689 10164
   690 10169
   691 10169
   692 10169
   693 10164
   694 10164
   695 10169
   696 10169
   697 10169
   698 10169
   699 10169
   700 10169
   701 10169
   702 10169
   703 10169
   704 10164
   705 10169
   706 10169
   707 10169
   708 10164
   709 10169
   710 10169
   711 10169
   712 10164
   713 10169
   714 10169
   715 10169
   716 10169
   717 10169
   718 10169
   719 10169
   720 10169
   721 10169
   722 10169
   723 10169
   724 10164
   725 10169
   726 10169
   727 10123
   728 10123
   729 10123
   730 10123
   731 10123
   732 10123
   733 10169
   734 10169
   735 10169
   736 10169
   737 10169
   738 10169
   739 10169
   740 10169
   741 10164
   742 10123
   743 10164
   744 10164
   745 10169
   746 10169
   747 10164
   748 10169
   749 10164
   750 10169
   751 10164
   752 10169
   753 10164
   754 10164
   755 10164
   756 10123
   757 10123
   758 10123
   759 10123
   760 10123
   761 10123
   762 10123
   763 10123
   764 10164
   765 10164
   766 10164
   767 10164
   768 10164
   769 10164
   770 10164
   771 10164
   772 10164
   773 10164
   774 10164
   775 10164
   776 10164
   777 10164
   778 10123
   785 10019
   786 10082
   787 10082
   788 10082
   789 10151
   790 10049
   791 10082
   792 10082
   793 10082
   794 10082
   795 10082
   796 10082
   797 10082
   798 10082
   799 10082
   800 10082
   801 10082
   802 10082
   803 10082
   804 10082
   805 10082
   806 10082
   807 10082
   808 10082
   809 10082
   810 10082
   811 10082
   812 10082
   813 10082
   814 10082
   815 10082
   816 10082
   817 10082
   818 10082
   819 10082
   820 10082
   821 10082
   822 10082
   823 10082
   824 10082
   825 10082
   826 10082
   827 10082
   828 10082
   829 10082
   830 10082
   831 10082
   832 10082
   833 10082
   834 10082
   835 10082
   836 10082
   837 10082
   838 10082
   839 10082
   840 10082
   841 10082
   842 10082
   843 10082
   844 10082
   845 10082
   846 10082
   847 10082
   848 10082
   849 10082
   850 10082
   851 10082
   852 10082
   853 10082
   854 10082
   855 10082
   856 10082
   857 10082
   858 10082
   859 10082
   860 10082
   865 10082
   866 10082
   867 10082
   868 10082
   869 10082
   870 10082
   872 10082
   873 10082
   874 10082
   875 10082
   876 10082
   877 10082
   878 10082
   881 10082
   882 10082
   883 10082
   884 10082
   885 10082
   886 10082
   887 10082
   888 10082
   889 10082
   890 10082
   891 10082
   892 10082
   893 10082
   894 10082
   895 10082
   896 10082
   897 10082
   898 10082
   899 10082
   900 10082
   901 10082
   902 10082
   903 10082
   904 10082
   905 10082
   906 10082
   907 10082
   908 10082
   909 10082
   910 10082
   911 10082
   912 10082
   913 10082
   914 10082
   915 10082
   916 10082
   917 10082
   918 10082
   919 10082
   920 10082
   921 10082
   922 10082
   923 10082
   924 10082
   925 10082
   926 10082
   927 10082
   928 10082
   929 10082
   930 10082
   931 10082
   932 10082
   933 10082
   934 10082
   935 10082
   936 10082
   937 10082
   938 10082
   939 10082
   940 10082
   941 10082
   942 10082
   943 10082
   944 10082
   945 10082
   946 10082
   947 10082
   948 10082
   949 10082
   950 10082
   951 10082
   952 10082
   953 10082
   954 10082
   955 10082
   956 10082
   957 10082
   958 10082
   959 10082
   960 10082
   961 10082
   964 10082
   965 10082
   966 10082
   967 10082
   968 10082
   969 10082
   970 10082
   971 10082
   972 10082
   973 10082
   974 10082
   975 10082
   976 10082
   977 10082
   978 10082
   979 10082
   980 10082
   981 10082
   982 10082
   983 10082
   984 10082
   985 10082
   986 10082
   987 10082
   988 10082
   989 10082
   990 10082
   991 10082
   992 10082
   993 10082
   994 10082
   995 10082
   996 10082
   997 10082
   998 10082
   999 10082
  1000 10082
  1001 10082
  1002 10082
  1003 10082
  1004 10082
  1005 10082
  1006 10082
  1007 10082
  1008 10082
  1009 10082
  1010 10082
  1011 10082
  1012 10082
  1013 10082
  1014 10082
  1015 10082
  1016 10082
  1017 10082
  1018 10082
  1019 10082
  1024 10128
  1025 10128
  1026 10101
  1027 10128
  1028 10101
  1029 10101
  1030 10138
  1031 10101
  1032 10061
  1033 10169
  1034 10169
  1035 10169
  1036 10138
  1037 10138
  1038 10169
  1039 10169
  1040 10169
  1041 10169
  1042 10125
  1043 10169
  1044 10169
  1045 10062
  1046 10169
  1047 10169
  1048 10169
  1049 10169
  1050 10138
  1051 10169
  1052 10169
  1053 10169
  1054 10169
  1055 10169
  1056 10169
  1057 10169
  1058 10169
  1059 10169
  1061 10169
  1062 10169
  1063 10169
  1064 10169
  1065 10169
  1066 10101
  1067 10101
  1068 10101
  1069 10169
  1070 10169
  1071 10169
  1072 10101
  1073 10169
  1074 10169
  1075 10169
  1076 10169
  1077 10169
  1078 10169
  1079 10169
  1080 10169
  1081 10169
  1082 10169
  1083 10169
  1084 10169
  1085 10169
  1086 10169
  1087 10169
  1088 10169
  1089 10169
  1090 10169
  1091 10169
  1092 10169
  1093 10141
  1094 10031
  1095 10031
  1096 10031
  1097 10031
  1098 10031
  1099 10031
  1100 10031
  1101 10031
  1102 10031
  1103 10031
  1104 10031
  1105 10031
  1106 10031
  1107 10031
  1108 10031
  1109 10031
  1110 10031
  1111 10031
  1112 10031
  1113 10031
  1114 10031
  1115 10031
  1116 10031
  1117 10031
  1118 10031
  1119 10031
  1120 10031
  1121 10031
  1122 10031
  1123 10031
  1124 10031
  1125 10031
  1126 10031
  1127 10031
  1128 10031
  1129 10031
  1130 10031
  1131 10031
  1132 10031
  1133 10031
  1134 10031
  1135 10031
  1136 10031
  1137 10031
  1138 10031
  1139 10031
  1140 10031
  1141 10101
  1142 10138
  1143 10101
  1144 10101
  1145 10169
  1146 10101
  1147 10101
  1148 10101
  1149 10101
  1150 10101
  1151 10101
  1152 10101
  1153 10101
  1154 10101
  1155 10101
  1156 10101
  1157 10101
  1158 10101
  1159 10101
  1160 10101
  1161 10101
  1162 10101
  1163 10101
  1164 10101
  1165 10101
  1166 10101
  1167 10101
  1168 10101
  1169 10101
  1170 10101
  1171 10101
  1172 10101
  1173 10101
  1174 10101
  1175 10101
  1176 10101
  1177 10101
  1178 10101
  1179 10101
  1180 10101
  1181 10101
  1182 10101
  1183 10101
  1184 10101
  1185 10101
  1186 10101
  1187 10101
  1188 10101
  1189 10101
  1190 10101
  1191 10101
  1192 10101
  1193 10101
  1194 10101
  1195 10101
  1196 10101
  1197 10101
  1198 10101
  1199 10101
  1200 10101
  1201 10101
  1202 10101
  1203 10101
  1204 10101
  1205 10101
  1206 10101
  1207 10101
  1208 10101
  1209 10101
  1210 10101
  1211 10169
  1212 10101
  1213 10169
  1214 10101
  1215 10101
  1216 10101
  1218 10055
  1219 10033
  1220 10055
  1221 10101
  1222 10101
  1223 10101
  1224 10101
  1225 10101
  1227 10101
  1228 10101
  1229 10101
  1230 10101
  1231 10138
  1232 10101
  1233 10101
  1234 10169
  1235 10033
  1236 10033
  1237 10062
  1238 10101
  1239 10101
  1240 10101
  1241 10101
  1242 10101
  1243 10101
  1244 10101
  1245 10141
  1246 10141
  1247 10169
  1248 10101
  1249 10101
  1250 10101
  1251 10101
  1252 10101
  1253 10067
  1254 10101
  1255 10101
  1256 10101
  1257 10101
  1258 10101
  1259 10101
  1260 10138
  1266 10154
  1267 10154
  1268 10095
  1269 10095
  1270 10156
  1271 10156
  1272 10156
  1273 10156
  1274 10156
  1275 10156
  1276 10156
  1277 10156
  1278 10156
  1279 10156
  1280 10156
  1281 10156
  1282 10156
  1283 10156
  1284 10156
  1285 10156
  1286 10156
  1287 10156
  1288 10156
  1289 10156
  1290 10156
  1291 10156
  1292 10156
  1293 10095
  1294 10095
  1295 10156
  1296 10156
  1297 10156
  1298 10156
  1299 10156
  1300 10156
  1301 10156
  1302 10156
  1303 10156
  1304 10156
  1305 10156
  1306 10156
  1316 10156
  1317 10156
  1318 10156
  1319 10156
  1320 10156
  1321 10156
  1322 10156
  1323 10156
  1324 10156
  1325 10156
  1326 10156
  1327 10156
  1328 10156
  1329 10156
  1330 10156
  1331 10156
  1332 10156
  1333 10156
  1334 10156
  1335 10156
  1336 10156
  1337 10156
  1345 10156
  1346 10156
  1347 10156
  1348 10156
  1354 10156
  1355 10156
  1356 10156
  1357 10156
  1358 10156
  1359 10156
  1360 10156
  1361 10156
  1362 10156
  1363 10156
  1368 10156
  1369 10156
  1370 10156
  1371 10156
  1372 10156
  1373 10156
  1374 10156
  1375 10095
  1376 10156
  1377 10156
  1378 10156
  1379 10156
  1380 10156
  1381 10156
  1382 10156
  1383 10156
  1384 10156
  1385 10156
  1386 10156
  1387 10156
  1388 10156
  1389 10156
  1390 10156
  1391 10156
  1392 10156
  1393 10156
  1394 10156
  1395 10156
  1396 10156
  1397 10156
  1398 10156
  1399 10156
  1400 10156
  1401 10156
  1402 10156
  1403 10156
  1404 10156
  1405 10156
  1406 10156
  1407 10156
  1408 10156
  1409 10156
  1410 10156
  1411 10156
  1412 10156
  1413 10156
  1414 10156
  1415 10156
  1416 10156
  1417 10156
  1418 10156
  1419 10156
  1420 10156
  1421 10156
  1422 10156
  1423 10156
  1424 10156
  1425 10156
  1426 10156
  1427 10156
  1428 10156
  1429 10156
  1430 10156
  1431 10156
  1432 10156
  1433 10156
  1434 10156
  1435 10156
  1436 10156
  1437 10156
  1438 10156
  1439 10156
  1440 10156
  1441 10156
  1442 10156
  1443 10156
  1444 10156
  1445 10156
  1446 10156
  1447 10156
  1448 10156
  1449 10156
  1450 10156
  1451 10156
  1452 10156
  1453 10156
  1454 10156
  1455 10156
  1456 10156
  1457 10156
  1458 10156
  1459 10156
  1460 10156
  1461 10156
  1462 10156
  1463 10156
  1464 10156
  1465 10156
  1466 10156
  1467 10156
  1468 10156
  1469 10156
  1470 10156
  1471 10156
  1472 10156
  1473 10156
  1474 10156
  1475 10156
  1476 10156
  1477 10156
  1478 10156
  1479 10156
  1480 10156
  1481 10156
  1482 10156
  1483 10156
  1484 10156
  1485 10156
  1486 10156
  1487 10156
  1488 10156
  1489 10156
  1490 10156
  1491 10156
  1492 10156
  1493 10156
  1494 10095
  1495 10156
  1496 10156
  1497 10154
  1498 10154
  1499 10154
  1500 10076
  1501 10076
  1502 10018
  1503 10018
  1504 10018
  1505 10018
  1506 10018
  1507 10055
  1508 10055
  1509 10055
  1510 10055
  1511 10055
  1512 10055
  1513 10055
  1514 10055
  1515 10055
  1516 10055
  1517 10055
  1518 10055
  1519 10055
  1520 10055
  1521 10055
  1522 10055
  1523 10055
  1524 10055
  1525 10055
  1526 10055
  1527 10055
  1528 10055
  1529 10055
  1530 10055
  1531 10055
  1532 10055
  1533 10055
  1534 10055
  1535 10055
  1536 10055
  1537 10055
  1538 10055
  1539 10055
  1540 10055
  1541 10055
  1542 10055
  1543 10055
  1544 10055
  1545 10055
  1546 10055
  1547 10055
  1548 10055
  1549 10055
  1550 10055
  1551 10055
  1552 10055
  1553 10055
  1554 10018
  1555 10055
  1556 10055
  1557 10055
  1558 10055
  1559 10055
  1560 10055
  1561 10106
  1562 10106
  1563 10055
  1566 10076
  1567 10055
  1618 10128
  1619 10101
  1620 10138
  1621 10101
  1622 10101
  1623 10101
  1624 10101
  1625 10101
  1627 10050
  1628 10050
  1629 10050
  1630 10050
  1631 10050
  1632 10050
  1633 10050
  1634 10050
  1635 10050
  1636 10050
  1637 10050
  1638 10050
  1639 10050
  1646 10050
  1647 10050
  1648 10050
  1649 10050
  1650 10050
  1651 10050
  1652 10050
  1653 10050
  1654 10050
  1655 10050
  1656 10050
  1657 10050
  1658 10050
  1659 10050
  1660 10050
  1661 10050
  1662 10050
  1663 10050
  1664 10050
  1665 10050
  1666 10050
  1667 10050
  1668 10050
  1669 10050
  1670 10050
  1671 10050
  1672 10050
  1673 10050
  1674 10050
  1675 10050
  1676 10050
  1677 10050
  1678 10050
  1679 10050
  1680 10050
  1681 10050
  1682 10050
  1683 10050
  1684 10050
  1685 10050
  1686 10050
  1687 10050
  1688 10050
  1689 10050
  1690 10050
  1691 10050
  1692 10050
  1693 10050
  1694 10050
  1695 10050
  1696 10050
  1697 10050
  1698 10050
  1699 10050
  1700 10050
  1701 10050
  1702 10050
  1703 10050
  1704 10050
  1705 10050
  1706 10050
  1707 10050
  1708 10050
  1709 10050
  1710 10050
  1711 10050
  1712 10050
  1713 10050
  1714 10050
  1715 10050
  1716 10050
  1717 10050
  1718 10050
  1719 10050
  1720 10050
  1721 10050
  1722 10050
  1723 10050
  1724 10050
  1725 10050
  1728 10050
  1729 10050
  1730 10050
  1731 10050
  1732 10050
  1733 10050
  1734 10050
  1735 10050
  1736 10050
  1737 10050
  1738 10050
  1739 10050
  1740 10050
  1741 10050
  1742 10050
  1743 10050
  1744 10050
  1745 10050
  1746 10050
  1747 10050
  1748 10050
  1749 10050
  1750 10050
  1751 10050
  1752 10050
  1753 10050
  1754 10050
  1755 10050
  1756 10050
  1757 10050
  1758 10050
  1759 10050
  1760 10050
  1761 10050
  1762 10050
  1763 10050
  1764 10050
  1765 10050
  1766 10050
  1767 10050
  1768 10050
  1769 10050
  1770 10050
  1771 10050
  1772 10050
  1773 10050
  1774 10050
  1775 10050
  1776 10050
  1777 10050
  1778 10050
  1786 10050
  1788 10050
  1789 10050
  1790 10050
  1791 10050
  1792 10050
  1794 10050
  1795 10050
  1796 10050
  1797 10050
  1798 10050
  1799 10050
  1802 10050
  1804 10050
  1805 10050
  1806 10050
  1807 10050
  1808 10050
  1809 10050
  1810 10050
  1811 10050
  1812 10050
  1813 10050
  1814 10050
  1815 10050
  1816 10050
  1817 10050
  1818 10050
  1819 10050
  1823 10050
  1825 10050
  1826 10050
  1827 10050
  1828 10050
  1829 10050
  1830 10050
  1831 10050
  1832 10050
  1833 10050
  1834 10050
  1835 10050
  1836 10050
  1837 10050
  1845 10050
  1846 10050
  1847 10050
  1848 10050
  1852 10050
  1853 10050
  1854 10050
  1855 10050
  1856 10050
  1857 10050
  1858 10050
  1859 10050
  1860 10050
  1861 10101
  1862 10091
  1864 10091
  1865 10091
  1866 10091
  1873 10017
  1874 10017
  1875 10017
  1876 10017
  1877 10017
  1878 10017
  1879 10017
  1880 10017
  1881 10017
  1882 10017
  1883 10017
  1884 10017
  1885 10017
  1886 10017
  1887 10017
  1888 10017
  1889 10017
  1890 10017
  1891 10017
  1892 10017
  1893 10017
  1894 10017
  1895 10017
  1896 10017
  1897 10017
  1898 10017
  1899 10017
  1900 10017
  1901 10017
  1902 10017
  1903 10017
  1904 10017
  1905 10017
  1906 10017
  1907 10017
  1908 10017
  1909 10017
  1910 10017
  1911 10017
  1912 10017
  1913 10017
  1914 10017
  1915 10017
  1916 10017
  1917 10017
  1918 10017
  1919 10017
  1920 10017
  1921 10017
  1922 10017
  1923 10017
  1924 10017
  1925 10017
  1926 10017
  1927 10017
  1928 10017
  1929 10017
  1930 10017
  1931 10017
  1932 10017
  1933 10017
  1934 10017
  1935 10017
  1936 10017
  1937 10017
  1938 10017
  1939 10017
  1940 10017
  1941 10017
  1942 10017
  1943 10017
  1947 10017
  1948 10017
  1949 10017
  1950 10017
  1951 10017
  1952 10017
  1953 10017
  1954 10017
  1955 10017
  1956 10017
  1957 10017
  1958 10017
  1959 10017
  1960 10017
  1961 10017
  1962 10017
  1963 10017
  1964 10017
  1965 10017
  1966 10017
  1967 10017
  1968 10017
  1969 10017
  1970 10017
  1971 10017
  1972 10017
  1973 10017
  1974 10017
  1975 10017
  1976 10017
  1977 10017
  1978 10017
  1979 10017
  1980 10017
  1981 10017
  1982 10017
  1983 10017
  1984 10017
  1985 10017
  1986 10017
  1987 10017
  1988 10017
  1989 10017
  1990 10017
  1991 10017
  1992 10017
  1996 10017
  1997 10017
  1998 10017
  1999 10017
  2000 10017
  2001 10017
  2002 10017
  2003 10017
  2004 10017
  2005 10017
  2006 10017
  2007 10017
  2008 10017
  2013 10017
  2014 10017
  2015 10017
  2016 10017
  2017 10017
  2018 10017
  2019 10017
  2020 10017
  2021 10017
  2022 10017
  2023 10028
  2025 10091
  2028 10091
  2029 10091
  2030 10091
  2031 10091
  2032 10164
