   705 10115
   706 10115
   707 10115
   708 10115
   709 10115
   710 10115
   711 10115
  1139 10137
  1140 10131
  1141 10137
  1142 10137
  1143 10131
  1144 10137
  1145 10137
  1146 10137
  1147 10137
  1148 10137
  1149 10137
  1150 10137
  1151 10137
  1152 10137
  1153 10137
  1154 10137
  1155 10137
  1156 10137
  1157 10137
  1158 10137
  1159 10137
  1160 10137
  1161 10137
  1162 10137
  1163 10137
  1164 10137
  1165 10137
  1166 10137
  1167 10137
  1168 10137
  1169 10137
  1170 10137
  1171 10137
  1172 10137
  1173 10137
  1174 10137
  1175 10137
  1176 10137
  1177 10137
  1178 10137
  1179 10137
  1180 10137
  1181 10137
  1182 10137
  1183 10137
  1184 10137
  1185 10137
  1186 10137
  1187 10137
  1188 10137
  1189 10137
  1190 10137
  1191 10137
  1192 10137
  1193 10137
  1194 10127
  1195 10137
  1196 10137
  1197 10137
  1198 10137
  1199 10137
  1200 10127
  1201 10137
  1202 10137
  1203 10137
  1204 10137
  1205 10137
  1206 10137
  1207 10137
  1208 10137
  1209 10137
  1210 10137
  1211 10137
  1212 10137
  1213 10137
  1214 10137
  1215 10137
  1216 10137
  1217 10137
  1218 10137
  1219 10131
  1220 10131
  1221 10137
  1222 10137
  1223 10137
  1224 10137
  1225 10137
  1226 10137
  1227 10137
  1228 10137
  1229 10137
  1230 10137
  1231 10137
  1232 10137
  1233 10137
  1234 10137
  1235 10137
  1236 10137
  1237 10137
  1238 10137
  1239 10137
  1240 10137
  1241 10137
  1242 10137
  1243 10137
  1244 10137
  1245 10137
  1246 10131
  1247 10131
  1248 10131
  1249 10137
  1250 10137
  1251 10137
  1259 10106
  1260 10018
  1261 10018
  1262 10018
  1263 10018
  1264 10158
  1265 10144
  1266 10144
  1267 10144
  1268 10144
  1269 10144
  1270 10144
  1271 10144
  1272 10158
  1273 10144
  1274 10144
  1275 10158
  1276 10010
  1277 10010
  1278 10144
  1279 10018
  1280 10018
  1281 10018
  1282 10144
  1283 10144
  1284 10144
  1285 10144
  1286 10144
  1287 10144
  1288 10144
  1289 10144
  1290 10144
  1291 10010
  1292 10144
  1293 10144
  1294 10144
  1295 10144
  1296 10144
  1297 10144
  1298 10144
  1299 10144
  1300 10144
  1301 10144
  1302 10144
  1303 10144
  1304 10010
  1305 10010
  1306 10144
  1307 10010
  1308 10010
  1309 10010
  1310 10010
  1311 10010
  1312 10010
  1313 10010
  1314 10010
  1315 10010
  1316 10010
  1317 10055
  1318 10055
  1319 10055
  1320 10018
  1321 10040
  1322 10040
  1323 10140
  1324 10140
  1325 10010
  1326 10010
  1327 10010
  1328 10010
  1329 10010
  1330 10010
  1331 10010
  1332 10010
  1333 10010
  1334 10010
  1335 10010
  1336 10010
  1337 10010
  1338 10010
  1339 10144
  1340 10144
  1341 10010
  1342 10010
  1343 10010
  1344 10010
  1345 10010
  1346 10010
  1347 10010
  1348 10055
  1349 10055
  1350 10055
  1351 10055
  1352 10055
  1353 10140
  1354 10140
  1355 10158
  1356 10144
  1357 10055
  1358 10055
  1359 10055
  1360 10055
  1361 10055
  1362 10101
  1363 10101
  1364 10101
  1365 10101
  1366 10101
  1367 10101
  1368 10061
  1369 10061
  1370 10169
  1371 10169
  1372 10169
  1373 10169
  1374 10101
  1375 10128
  1376 10128
  1377 10101
  1378 10101
  1379 10101
  1380 10128
  1381 10101
  1382 10141
  1383 10128
  1384 10128
  1385 10128
  1386 10128
  1387 10128
  1388 10128
  1389 10128
  1390 10128
  1391 10128
  1392 10128
  1393 10128
  1394 10128
  1395 10128
  1396 10128
  1397 10128
  1398 10128
  1399 10128
  1400 10128
  1401 10128
  1402 10128
  1403 10128
  1404 10128
  1405 10128
  1406 10128
  1407 10128
  1408 10128
  1409 10128
  1410 10128
  1411 10128
  1412 10128
  1413 10128
  1414 10128
  1415 10128
  1416 10128
  1417 10128
  1418 10128
  1419 10128
  1420 10128
  1421 10128
  1422 10128
  1423 10128
  1424 10128
  1425 10128
  1426 10128
  1427 10128
  1428 10128
  1429 10128
  1430 10128
  1431 10128
  1432 10128
  1433 10128
  1434 10128
  1435 10128
  1436 10128
  1437 10128
  1438 10128
  1439 10128
  1440 10128
  1441 10128
  1442 10128
  1443 10128
  1444 10128
  1445 10128
  1446 10128
  1447 10128
  1448 10128
  1449 10128
  1450 10128
  1451 10128
  1452 10128
  1453 10128
  1454 10128
  1455 10128
  1456 10128
  1457 10128
  1458 10128
  1459 10128
  1460 10128
  1461 10128
  1462 10128
  1463 10128
  1464 10128
  1465 10128
  1466 10128
  1467 10128
  1468 10128
  1469 10128
  1470 10128
  1471 10128
  1472 10128
  1473 10128
  1474 10128
  1475 10128
  1476 10128
  1477 10128
  1478 10128
  1479 10128
  1480 10128
  1481 10128
  1482 10128
  1483 10128
  1484 10128
  1485 10128
  1486 10128
  1487 10128
  1488 10128
  1489 10128
  1490 10128
  1491 10128
  1492 10128
  1493 10128
  1494 10128
  1495 10128
  1496 10128
  1497 10128
  1498 10128
  1499 10128
  1500 10128
  1501 10128
  1502 10128
  1503 10128
  1504 10128
  1505 10128
  1506 10128
  1507 10128
  1508 10128
  1509 10128
  1510 10128
  1511 10128
  1512 10128
  1513 10128
  1514 10128
  1515 10128
  1539 10128
  1540 10128
  1541 10128
  1542 10128
  1543 10128
  1544 10128
  1545 10128
  1546 10128
  1547 10128
  1548 10128
  1549 10128
  1550 10128
  1551 10128
  1552 10128
  1553 10128
  1554 10128
  1555 10128
  1556 10128
  1557 10128
  1558 10128
  1559 10128
  1560 10128
  1561 10128
  1562 10128
  1563 10128
  1564 10128
  1565 10128
  1566 10128
  1567 10128
  1568 10128
  1569 10128
  1570 10128
  1571 10128
  1572 10128
  1573 10128
  1574 10128
  1575 10128
  1576 10128
  1577 10128
  1578 10128
  1579 10128
  1580 10128
  1581 10128
  1582 10128
  1583 10128
  1584 10128
  1585 10128
  1586 10128
  1587 10128
  1588 10128
  1589 10128
  1590 10128
  1591 10128
  1592 10128
  1593 10128
  1594 10128
  1595 10128
  1596 10128
  1597 10128
  1598 10128
  1599 10128
  1600 10128
  1601 10128
  1602 10128
  1603 10128
  1604 10128
  1605 10128
  1606 10128
  1607 10128
  1608 10128
  1609 10128
  1610 10128
  1611 10128
  1612 10128
  1613 10128
  1614 10128
  1615 10128
  1616 10128
  1617 10128
  1618 10067
  1622 10072
  1623 10003
  1624 10019
  1625 10082
  1626 10041
  1627 10041
  1628 10041
  1629 10041
  1630 10041
  1631 10041
  1632 10041
  1633 10041
  1634 10041
  1635 10041
  1636 10041
  1637 10041
  1638 10041
  1639 10041
  1640 10041
  1641 10041
  1642 10151
  1643 10151
  1644 10041
  1645 10151
  1646 10041
  1647 10041
  1648 10041
  1649 10041
  1650 10041
  1651 10041
  1652 10041
  1653 10041
  1654 10041
  1655 10041
  1656 10041
  1657 10041
  1658 10041
  1659 10041
  1660 10041
  1661 10041
  1662 10041
  1663 10041
  1664 10041
  1665 10041
  1666 10041
  1667 10041
  1691 10041
  1692 10041
  1693 10041
  1694 10041
  1695 10041
  1696 10041
  1697 10041
  1698 10041
  1699 10041
  1700 10041
  1701 10041
  1702 10041
  1703 10041
  1704 10041
  1705 10041
  1706 10041
  1707 10041
  1708 10041
  1709 10041
  1710 10041
  1711 10041
  1712 10041
  1713 10041
  1714 10041
  1715 10041
  1716 10041
  1717 10041
  1718 10041
  1719 10041
  1720 10041
  1721 10041
  1722 10041
  1723 10041
  1724 10041
  1725 10041
  1726 10041
  1727 10041
  1728 10041
  1729 10041
  1730 10041
  1731 10041
  1732 10041
  1733 10041
  1734 10041
  1735 10041
  1736 10041
  1737 10041
  1738 10041
  1739 10041
  1740 10041
  1741 10041
  1742 10041
  1743 10041
  1744 10041
  1745 10041
  1746 10041
  1747 10041
  1748 10041
  1749 10041
  1750 10041
  1751 10041
  1752 10041
  1753 10041
  1754 10041
  1755 10041
  1756 10041
  1757 10041
  1758 10041
  1759 10041
  1760 10041
  1761 10041
  1762 10041
  1763 10041
  1764 10041
  1765 10041
  1766 10041
  1767 10041
  1768 10041
  1769 10041
  1770 10041
  1771 10041
  1772 10041
  1773 10041
  1774 10041
  1775 10041
  1776 10041
  1777 10041
  1778 10041
  1779 10041
  1780 10041
  1781 10041
  1782 10041
  1783 10041
  1784 10041
  1785 10041
  1786 10041
  1787 10041
  1788 10041
  1789 10041
  1790 10041
  1791 10041
  1792 10041
  1793 10041
  1794 10041
  1795 10041
  1796 10041
  1797 10041
  1798 10041
  1799 10041
  1800 10041
  1801 10041
  1802 10041
  1803 10041
  1804 10041
  1805 10041
  1806 10041
  1807 10041
  1808 10041
  1809 10041
  1810 10041
  1811 10041
  1812 10041
  1813 10041
  1814 10041
  1815 10041
  1816 10041
  1817 10041
  1818 10041
  1819 10041
  1820 10041
  1821 10041
  1822 10041
  1823 10041
  1824 10041
  1825 10041
  1826 10041
  1827 10041
  1828 10041
  1829 10041
  1830 10041
  1831 10041
  1832 10041
  1833 10041
  1834 10041
  1835 10041
  1836 10041
  1837 10041
  1838 10041
  1839 10041
  1840 10041
  1841 10041
  1842 10041
  1843 10041
  1844 10041
  1845 10041
  1846 10041
  1847 10041
  1848 10041
  1849 10041
  1850 10041
  1851 10041
  1852 10041
  1853 10041
  1854 10041
  1855 10041
  1856 10041
  1857 10041
  1858 10041
  1859 10041
  1860 10041
  1861 10041
  1864 10067
  1868 10068
  1869 10068
  1870 10068
  1871 10068
  1872 10068
  1873 10068
  1874 10068
  1875 10068
  1876 10068
  1877 10068
  1878 10068
  1879 10068
  1880 10068
  1881 10068
  1882 10068
  1883 10068
  1884 10068
  1885 10068
  1886 10068
  1887 10068
  1888 10068
  1889 10068
  1890 10068
  1891 10068
  1902 10068
  1903 10068
  1904 10068
  1905 10068
  1906 10068
  1907 10068
  1908 10068
  1909 10068
  1910 10068
  1911 10068
  1912 10068
  1913 10068
  1914 10068
  1915 10068
  1916 10068
  1917 10068
  1918 10068
  1919 10068
  1920 10068
  1921 10068
  1922 10068
  1923 10068
  1924 10068
  1925 10068
  1926 10068
  1927 10068
  1928 10068
  1929 10068
  1930 10068
  1931 10068
  1932 10068
  1933 10068
  1934 10068
  1935 10068
  1936 10068
  1937 10068
  1938 10068
  1939 10068
  1940 10068
  1941 10068
  1942 10068
  1943 10068
  1944 10068
  1945 10068
  1946 10068
  1947 10068
  1948 10068
  1949 10068
  1950 10068
  1951 10068
  1952 10068
  1953 10068
  1954 10144
  1955 10144
  1956 10144
  1957 10144
  1958 10144
  1959 10144
  1960 10144
  1961 10144
  1972 10144
  1973 10144
  1974 10144
  1975 10144
  1976 10144
  1977 10144
  1978 10144
  1979 10144
  1980 10144
  1981 10144
  1982 10144
  1983 10144
  1984 10144
  1985 10144
  1986 10144
  1987 10144
  1988 10144
  1989 10144
  1990 10144
  1991 10144
  1992 10144
  1993 10144
  1994 10144
  1995 10144
  1996 10144
  1997 10144
  1998 10144
  1999 10144
  2000 10144
  2001 10144
  2002 10144
  2003 10144
  2004 10144
  2005 10144
  2006 10144
  2007 10144
  2008 10144
  2009 10144
  2010 10144
  2011 10144
  2012 10144
  2013 10144
  2014 10144
  2015 10144
  2016 10144
  2017 10144
  2018 10144
  2019 10144
  2020 10144
  2021 10158
  2022 10144
  2023 10076
  2024 10076
  2025 10130
  2026 10130
  2027 10130
  2028 10130
  2029 10130
