   692 10136
   693 10136
   694 10136
   695 10136
   696 10136
   697 10136
   698 10136
   699 10136
   700 10136
   701 10096
   702 10096
   703 10136
   704 10136
   705 10136
   706 10136
   707 10136
   708 10136
   709 10136
   710 10136
   711 10136
   712 10136
   713 10136
   714 10136
   715 10136
   716 10136
   717 10136
   718 10136
   719 10136
   720 10136
   721 10136
   722 10136
   723 10136
   724 10136
   725 10136
   726 10136
   727 10136
   728 10136
   729 10136
   730 10136
   731 10136
   732 10136
   733 10136
   734 10136
   735 10136
   736 10136
   737 10136
   738 10136
   739 10136
   740 10136
   741 10136
   742 10136
   743 10136
   744 10136
   745 10136
   746 10136
   747 10136
   748 10136
   749 10136
   750 10136
   751 10136
   752 10136
   753 10136
   754 10136
   755 10136
   756 10136
   757 10136
   758 10136
   759 10136
   760 10136
   761 10136
   762 10136
   763 10136
   764 10136
   765 10136
   766 10136
   767 10136
   768 10136
   769 10136
   770 10136
   771 10136
   772 10136
   775 10153
   776 10154
   780 10154
   782 10031
   783 10031
   784 10031
   785 10031
   786 10031
   787 10031
   788 10031
   789 10031
   790 10031
   791 10031
   792 10031
   793 10031
   794 10031
   795 10031
   796 10031
   797 10031
   798 10031
   799 10031
   800 10031
   801 10031
   802 10031
   803 10031
   804 10031
   805 10031
   806 10031
   807 10031
   808 10031
   809 10031
   810 10031
   811 10031
   812 10031
   813 10031
   814 10031
   815 10031
   816 10031
   817 10031
   818 10031
   819 10031
   820 10031
   821 10031
   822 10031
   823 10031
   824 10031
   825 10031
   826 10031
   827 10031
   828 10031
   829 10031
   830 10031
   831 10031
   832 10031
   833 10031
   834 10031
   835 10031
   836 10031
   837 10031
   838 10031
   839 10031
   840 10031
   841 10031
   842 10031
   843 10031
   844 10031
   845 10031
   846 10031
   847 10031
   848 10031
   849 10031
   850 10031
   851 10031
   852 10031
   853 10031
   854 10031
   855 10031
   856 10031
   857 10031
   858 10031
   859 10031
   860 10031
   861 10031
   862 10031
   863 10031
   864 10031
   865 10031
   866 10031
   867 10031
   868 10031
   869 10085
   870 10085
   871 10085
   872 10085
   873 10085
   874 10031
   875 10031
   876 10031
   877 10031
   878 10031
   879 10031
   880 10031
   881 10031
   882 10031
   883 10031
   884 10031
   885 10031
   886 10031
   887 10031
   888 10031
   889 10031
   890 10031
   891 10031
   892 10031
   893 10031
   894 10031
   895 10031
   896 10031
   897 10031
   898 10031
   899 10031
   900 10031
   901 10031
   902 10031
   903 10031
   904 10031
   905 10031
   906 10031
   907 10031
   908 10031
   909 10031
   910 10031
   911 10031
   912 10031
   913 10031
   914 10031
   915 10031
   916 10031
   917 10031
   918 10031
   919 10031
   920 10031
   921 10031
   922 10031
   923 10031
   924 10031
   925 10031
   926 10031
   927 10031
   928 10031
   929 10031
   930 10031
   931 10031
   932 10031
   933 10031
   934 10031
   935 10031
   936 10031
   937 10031
   938 10031
   939 10031
   940 10031
   941 10031
   942 10031
   943 10031
   944 10031
   945 10031
   946 10031
   947 10031
   948 10031
   949 10031
   950 10031
   951 10031
   952 10031
   953 10031
   954 10031
   955 10031
   956 10031
   957 10031
   958 10031
   959 10031
   960 10031
   961 10031
   962 10031
   963 10031
   964 10031
   965 10031
   966 10031
   967 10031
   968 10031
   969 10031
   970 10031
   971 10031
   972 10031
   973 10031
   974 10031
   975 10031
   976 10031
   977 10031
   978 10031
   979 10031
   980 10031
   981 10031
   982 10031
   983 10031
   984 10031
   985 10031
   986 10031
   987 10031
   988 10031
   989 10031
   990 10031
   991 10031
   992 10031
   993 10031
   994 10031
   995 10031
   996 10031
   997 10031
   998 10031
   999 10031
  1000 10031
  1001 10031
  1002 10031
  1003 10031
  1004 10031
  1005 10031
  1006 10031
  1007 10031
  1008 10031
  1009 10031
  1010 10031
  1011 10031
  1012 10031
  1013 10031
  1014 10031
  1015 10031
  1016 10031
  1017 10031
  1018 10031
  1019 10031
  1020 10031
  1021 10031
  1028 10007
  1029 10131
  1030 10131
  1031 10131
  1032 10131
  1033 10131
  1034 10131
  1035 10131
  1036 10125
  1037 10125
  1038 10125
  1039 10125
  1040 10125
  1041 10125
  1042 10125
  1043 10125
  1044 10125
  1045 10125
  1046 10125
  1047 10125
  1048 10125
  1049 10125
  1050 10125
  1051 10125
  1052 10125
  1053 10125
  1054 10125
  1055 10125
  1056 10125
  1057 10125
  1058 10125
  1059 10125
  1060 10125
  1061 10125
  1062 10125
  1063 10125
  1064 10125
  1065 10125
  1066 10125
  1067 10125
  1068 10125
  1069 10125
  1070 10125
  1071 10125
  1072 10125
  1073 10125
  1074 10125
  1075 10125
  1076 10125
  1077 10125
  1078 10125
  1079 10125
  1080 10125
  1081 10125
  1082 10125
  1083 10125
  1084 10125
  1085 10125
  1086 10125
  1087 10125
  1088 10125
  1089 10125
  1090 10125
  1091 10125
  1092 10125
  1093 10125
  1094 10125
  1095 10125
  1096 10125
  1097 10125
  1098 10125
  1099 10125
  1100 10125
  1101 10125
  1102 10125
  1103 10125
  1104 10125
  1105 10125
  1106 10125
  1107 10125
  1108 10125
  1109 10125
  1110 10125
  1111 10125
  1112 10125
  1113 10125
  1114 10125
  1115 10125
  1116 10125
  1117 10125
  1118 10125
  1119 10125
  1120 10125
  1121 10125
  1122 10125
  1123 10125
  1124 10125
  1125 10125
  1126 10125
  1127 10125
  1128 10125
  1129 10125
  1130 10125
  1131 10125
  1132 10125
  1133 10131
  1134 10131
  1135 10131
  1136 10131
  1137 10131
  1138 10131
  1139 10131
  1140 10131
  1141 10131
  1142 10131
  1143 10131
  1144 10131
  1145 10131
  1146 10131
  1147 10131
  1148 10131
  1149 10131
  1150 10131
  1151 10131
  1152 10131
  1153 10131
  1154 10131
  1155 10131
  1156 10131
  1157 10131
  1158 10131
  1159 10131
  1160 10131
  1161 10131
  1162 10131
  1163 10131
  1164 10131
  1165 10131
  1166 10131
  1167 10131
  1168 10131
  1169 10131
  1170 10131
  1171 10131
  1172 10131
  1173 10131
  1174 10131
  1175 10131
  1176 10131
  1177 10131
  1178 10131
  1179 10131
  1180 10131
  1181 10131
  1182 10131
  1183 10131
  1184 10131
  1185 10131
  1186 10131
  1187 10131
  1188 10131
  1189 10131
  1190 10131
  1191 10131
  1192 10131
  1193 10131
  1194 10131
  1195 10131
  1196 10131
  1197 10131
  1198 10131
  1199 10131
  1200 10131
  1201 10131
  1202 10131
  1203 10131
  1204 10131
  1205 10131
  1206 10131
  1207 10131
  1208 10131
  1209 10131
  1210 10131
  1211 10131
  1212 10131
  1213 10131
  1214 10131
  1215 10131
  1216 10131
  1217 10131
  1218 10131
  1219 10131
  1220 10131
  1221 10131
  1222 10131
  1223 10131
  1224 10131
  1225 10131
  1226 10131
  1227 10131
  1228 10131
  1229 10131
  1230 10131
  1231 10131
  1232 10131
  1233 10131
  1234 10131
  1235 10131
  1236 10131
  1237 10131
  1238 10131
  1239 10131
  1240 10131
  1241 10131
  1242 10131
  1243 10131
  1247 10076
  1248 10055
  1249 10031
  1250 10031
  1251 10031
  1252 10031
  1253 10031
  1254 10031
  1255 10031
  1256 10031
  1257 10040
  1258 10040
  1259 10040
  1260 10055
  1261 10055
  1262 10055
  1263 10055
  1269 10096
  1270 10096
  1271 10096
  1272 10096
  1273 10096
  1274 10096
  1275 10096
  1276 10136
  1277 10096
  1278 10096
  1279 10096
  1280 10096
  1281 10096
  1282 10096
  1283 10096
  1284 10096
  1285 10096
  1286 10096
  1287 10096
  1288 10096
  1289 10096
  1290 10096
  1291 10096
  1292 10096
  1293 10096
  1294 10096
  1295 10096
  1296 10096
  1297 10096
  1298 10096
  1299 10096
  1300 10096
  1301 10096
  1302 10096
  1303 10096
  1304 10096
  1305 10096
  1306 10096
  1307 10096
  1308 10096
  1309 10096
  1310 10096
  1311 10096
  1312 10096
  1313 10096
  1314 10096
  1315 10096
  1316 10096
  1317 10096
  1318 10096
  1319 10096
  1320 10096
  1321 10136
  1322 10096
  1323 10096
  1324 10096
  1325 10096
  1326 10096
  1327 10096
  1328 10096
  1329 10096
  1330 10096
  1331 10096
  1332 10096
  1333 10096
  1334 10096
  1335 10096
  1336 10096
  1337 10096
  1338 10096
  1339 10096
  1340 10096
  1341 10096
  1342 10096
  1343 10096
  1344 10096
  1345 10135
  1346 10135
  1347 10135
  1348 10096
  1349 10096
  1350 10096
  1351 10096
  1352 10096
  1353 10096
  1354 10096
  1355 10096
  1356 10096
  1357 10096
  1358 10096
  1359 10096
  1360 10096
  1361 10096
  1362 10096
  1363 10096
  1364 10096
  1365 10096
  1366 10096
  1367 10096
  1368 10096
  1369 10096
  1370 10096
  1371 10096
  1372 10096
  1373 10096
  1374 10096
  1375 10096
  1376 10096
  1377 10096
  1378 10096
  1379 10096
  1380 10096
  1381 10096
  1382 10096
  1383 10096
  1384 10096
  1385 10096
  1386 10096
  1387 10096
  1388 10096
  1389 10096
  1390 10096
  1391 10096
  1392 10096
  1393 10096
  1394 10096
  1395 10096
  1396 10096
  1397 10096
  1398 10096
  1399 10096
  1400 10096
  1401 10096
  1402 10096
  1403 10096
  1404 10096
  1405 10096
  1406 10096
  1407 10096
  1408 10096
  1409 10096
  1410 10096
  1411 10096
  1412 10096
  1413 10096
  1414 10096
  1415 10096
  1416 10096
  1417 10096
  1418 10096
  1419 10096
  1420 10096
  1421 10096
  1422 10096
  1423 10096
  1424 10096
  1425 10096
  1426 10096
  1427 10096
  1428 10096
  1429 10096
  1430 10096
  1431 10136
  1432 10136
  1433 10096
  1434 10096
  1435 10096
  1436 10096
  1437 10096
  1438 10096
  1439 10096
  1440 10096
  1441 10096
  1442 10096
  1443 10096
  1444 10096
  1445 10135
  1446 10096
  1447 10096
  1448 10096
  1449 10096
  1450 10096
  1451 10096
  1452 10096
  1453 10096
  1454 10096
  1455 10135
  1456 10135
  1457 10135
  1458 10135
  1465 10096
  1466 10096
  1467 10096
  1468 10096
  1469 10096
  1470 10096
  1471 10096
  1472 10096
  1473 10165
  1475 10096
  1476 10096
  1477 10096
  1478 10096
  1489 10106
  1490 10040
  1491 10098
  1492 10098
  1493 10098
  1494 10018
  1495 10018
  1496 10018
  1497 10018
  1498 10106
  1499 10076
  1500 10031
  1501 10031
  1502 10031
  1503 10031
  1510 10023
  1511 10023
  1512 10023
  1513 10023
  1514 10023
  1533 10055
  1534 10055
  1535 10055
  1536 10055
  1537 10055
  1538 10031
  1539 10031
  1540 10031
  1541 10031
  1542 10031
  1543 10031
  1544 10055
  1545 10055
  1546 10055
  1547 10055
  1548 10040
  1549 10106
  1550 10106
  1551 10106
  1552 10106
  1554 10031
  1555 10031
  1556 10031
  1557 10031
  1558 10031
  1559 10055
  1560 10014
  1561 10130
  1562 10143
  1563 10130
  1564 10031
  1565 10055
  1566 10055
  1567 10055
  1568 10055
  1569 10055
  1570 10055
  1571 10055
  1572 10055
  1573 10055
  1574 10055
  1575 10055
  1576 10055
  1577 10055
  1578 10055
  1579 10055
  1580 10055
  1581 10055
  1582 10055
  1583 10055
  1584 10055
  1585 10055
  1586 10055
  1587 10055
  1588 10055
  1589 10055
  1590 10055
  1591 10055
  1592 10055
  1593 10055
  1594 10055
  1595 10055
  1596 10055
  1597 10076
  1598 10076
  1609 10173
  1610 10076
  1611 10173
  1612 10173
  1617 10138
  1618 10138
  1619 10138
  1620 10138
  1621 10101
  1622 10101
  1623 10101
  1624 10141
  1625 10141
  1626 10141
  1627 10050
  1628 10050
  1629 10050
  1630 10050
  1631 10050
  1632 10050
  1633 10050
  1634 10050
  1635 10050
  1636 10050
  1637 10050
  1638 10050
  1639 10050
  1640 10050
  1641 10050
  1642 10050
  1643 10050
  1644 10050
  1645 10050
  1646 10050
  1647 10050
  1648 10050
  1649 10050
  1650 10050
  1651 10050
  1652 10050
  1653 10050
  1654 10050
  1655 10050
  1656 10050
  1657 10050
  1658 10050
  1659 10050
  1660 10050
  1661 10050
  1662 10050
  1663 10050
  1664 10050
  1665 10050
  1666 10050
  1667 10050
  1668 10050
  1669 10050
  1670 10050
  1671 10050
  1672 10050
  1673 10050
  1674 10050
  1675 10050
  1676 10050
  1677 10050
  1678 10050
  1679 10050
  1680 10050
  1681 10050
  1682 10050
  1683 10050
  1684 10050
  1685 10050
  1686 10050
  1687 10050
  1688 10050
  1689 10050
  1690 10050
  1691 10050
  1692 10050
  1693 10050
  1694 10050
  1695 10050
  1696 10050
  1697 10050
  1698 10050
  1699 10050
  1700 10050
  1701 10050
  1702 10050
  1703 10050
  1704 10050
  1705 10050
  1706 10050
  1707 10050
  1708 10050
  1709 10050
  1710 10050
  1711 10050
  1712 10050
  1713 10050
  1714 10050
  1715 10050
  1716 10050
  1717 10050
  1718 10050
  1719 10050
  1720 10050
  1721 10050
  1722 10050
  1723 10050
  1724 10050
  1725 10050
  1726 10050
  1727 10050
  1728 10050
  1729 10050
  1730 10050
  1731 10050
  1732 10050
  1733 10050
  1734 10050
  1735 10050
  1736 10050
  1737 10050
  1738 10050
  1739 10050
  1740 10050
  1741 10050
  1742 10050
  1743 10050
  1744 10050
  1745 10050
  1746 10050
  1747 10050
  1748 10050
  1749 10050
  1750 10050
  1751 10050
  1752 10050
  1753 10050
  1754 10050
  1755 10050
  1756 10050
  1757 10050
  1758 10050
  1759 10050
  1760 10050
  1761 10050
  1762 10050
  1763 10050
  1764 10050
  1765 10050
  1766 10050
  1767 10050
  1768 10050
  1769 10050
  1770 10050
  1771 10050
  1772 10050
  1773 10050
  1774 10050
  1775 10050
  1776 10050
  1777 10050
  1778 10050
  1779 10050
  1780 10050
  1781 10050
  1782 10050
  1783 10050
  1784 10050
  1785 10050
  1786 10050
  1787 10050
  1788 10050
  1789 10050
  1790 10050
  1791 10050
  1792 10050
  1793 10050
  1794 10050
  1795 10050
  1796 10050
  1797 10050
  1798 10050
  1799 10050
  1800 10050
  1801 10050
  1802 10050
  1803 10050
  1804 10050
  1805 10050
  1806 10050
  1807 10050
  1808 10050
  1809 10050
  1810 10050
  1811 10050
  1812 10050
  1813 10050
  1814 10050
  1815 10050
  1816 10050
  1817 10050
  1818 10050
  1819 10050
  1820 10050
  1821 10050
  1822 10050
  1823 10050
  1824 10050
  1825 10050
  1826 10050
  1827 10050
  1828 10050
  1829 10050
  1830 10050
  1831 10050
  1832 10050
  1833 10050
  1834 10050
  1835 10050
  1836 10050
  1837 10050
  1841 10050
  1845 10050
  1846 10050
  1849 10050
  1850 10050
  1851 10050
  1852 10050
  1853 10050
  1854 10050
  1855 10050
  1856 10050
  1857 10050
  1858 10050
  1859 10050
  1860 10050
  1861 10101
  1867 10019
  1869 10019
  1872 10072
  1874 10017
  1875 10017
  1881 10028
  1882 10019
  1883 10019
  1884 10019
  1885 10019
  1886 10019
