   695 10041
   696 10041
   697 10021
   698 10041
   699 10041
   737 10082
   738 10082
   739 10082
   740 10082
   741 10082
   742 10082
   743 10041
   744 10041
   745 10041
   746 10049
   747 10049
   748 10049
   749 10049
   750 10021
   751 10041
   752 10041
   753 10041
   754 10041
   755 10041
   756 10041
   757 10041
   758 10041
   759 10041
   760 10041
   761 10049
   762 10049
   763 10049
   764 10041
   765 10041
   766 10049
   767 10049
   768 10041
   769 10041
   770 10041
   771 10049
   772 10049
   773 10049
   774 10049
   775 10041
   776 10049
   777 10049
   778 10049
   779 10049
   780 10049
   781 10049
   782 10049
   783 10041
   784 10049
   785 10049
   786 10082
   787 10082
   788 10082
   789 10151
   790 10019
   791 10019
   792 10019
   793 10019
   794 10019
   795 10019
   796 10019
   797 10019
   798 10019
   799 10019
   800 10019
   801 10019
   802 10019
   803 10019
   804 10019
   805 10019
   806 10019
   807 10019
   808 10019
   809 10019
   810 10019
   811 10019
   812 10019
   813 10019
   814 10019
   815 10019
   816 10019
   817 10019
   818 10019
   819 10019
   820 10019
   821 10019
   822 10019
   823 10019
   824 10019
   825 10019
   826 10019
   827 10019
   828 10019
   829 10019
   830 10019
   831 10019
   832 10019
   833 10019
   834 10019
   835 10019
   836 10019
   837 10019
   838 10019
   839 10019
   840 10019
   841 10019
   842 10019
   843 10019
   844 10019
   845 10019
   846 10019
   847 10019
   848 10019
   849 10019
   850 10019
   851 10019
   852 10019
   853 10019
   854 10019
   855 10019
   856 10019
   857 10019
   858 10019
   859 10019
   860 10019
   861 10019
   862 10019
   863 10019
   864 10019
   865 10019
   866 10019
   867 10019
   868 10019
   869 10019
   870 10019
   871 10019
   872 10019
   873 10019
   874 10019
   875 10019
   876 10019
   877 10019
   878 10019
   879 10019
   880 10019
   881 10019
   882 10019
   883 10019
   884 10019
   885 10019
   886 10019
   887 10019
   888 10019
   889 10019
   890 10019
   891 10019
   892 10019
   893 10019
   894 10019
   895 10019
   896 10019
   897 10019
   898 10019
   899 10019
   900 10019
   901 10019
   902 10019
   903 10019
   904 10019
   905 10019
   906 10019
   907 10019
   908 10019
   909 10019
   910 10019
   911 10019
   912 10019
   913 10019
   914 10019
   915 10019
   916 10019
   917 10019
   918 10019
   919 10019
   920 10019
   921 10019
   922 10019
   923 10019
   924 10019
   925 10019
   926 10019
   927 10019
   928 10019
   929 10019
   930 10019
   931 10019
   932 10019
   933 10019
   934 10019
   935 10019
   936 10019
   937 10019
   938 10019
   939 10019
   940 10019
   941 10019
   942 10019
   943 10019
   944 10019
   945 10019
   946 10019
   947 10019
   948 10019
   949 10019
   950 10019
   951 10019
   952 10019
   953 10019
   954 10019
   955 10019
   956 10019
   957 10019
   958 10019
   959 10019
   960 10019
   961 10019
   962 10019
   963 10019
   964 10019
   965 10019
   966 10019
   967 10019
   968 10019
   969 10019
   970 10019
   971 10019
   972 10019
   973 10019
   974 10019
   975 10019
   976 10019
   977 10019
   978 10019
   979 10019
   980 10019
   981 10019
   982 10019
   983 10019
   984 10019
   985 10019
   986 10019
   987 10019
   988 10019
   989 10019
   990 10019
   991 10019
   992 10019
   993 10019
   994 10019
   995 10019
   996 10019
   997 10019
   998 10066
   999 10066
  1000 10066
  1001 10019
  1002 10019
  1003 10019
  1004 10019
  1005 10019
  1006 10019
  1007 10019
  1008 10019
  1009 10019
  1010 10019
  1011 10019
  1012 10019
  1013 10151
  1014 10151
  1015 10151
  1016 10019
  1017 10019
  1019 10091
  1020 10091
  1021 10091
  1022 10128
  1023 10128
  1024 10128
  1025 10128
  1026 10128
  1027 10007
  1028 10007
  1029 10007
  1030 10007
  1031 10007
  1032 10007
  1033 10007
  1034 10007
  1035 10007
  1036 10007
  1037 10007
  1038 10007
  1039 10007
  1040 10007
  1041 10007
  1042 10007
  1043 10007
  1044 10007
  1045 10007
  1046 10007
  1047 10007
  1048 10007
  1049 10007
  1050 10007
  1051 10007
  1052 10007
  1053 10007
  1054 10007
  1055 10007
  1056 10007
  1057 10007
  1058 10007
  1059 10007
  1060 10007
  1061 10007
  1062 10007
  1063 10007
  1064 10007
  1065 10007
  1066 10007
  1067 10007
  1068 10007
  1069 10007
  1070 10007
  1071 10007
  1072 10007
  1073 10007
  1074 10007
  1075 10007
  1076 10007
  1077 10007
  1078 10007
  1079 10007
  1080 10007
  1081 10007
  1082 10007
  1083 10007
  1084 10007
  1085 10007
  1086 10007
  1087 10007
  1088 10007
  1089 10007
  1090 10007
  1091 10007
  1092 10007
  1093 10007
  1094 10007
  1095 10007
  1096 10007
  1097 10007
  1098 10007
  1099 10007
  1100 10007
  1101 10007
  1102 10007
  1103 10007
  1104 10007
  1105 10007
  1106 10007
  1107 10007
  1108 10007
  1109 10007
  1110 10007
  1111 10007
  1112 10007
  1113 10007
  1114 10007
  1115 10007
  1116 10007
  1117 10007
  1118 10007
  1119 10007
  1120 10007
  1121 10007
  1122 10007
  1123 10007
  1124 10007
  1125 10007
  1126 10007
  1127 10007
  1128 10007
  1129 10007
  1130 10007
  1131 10007
  1132 10007
  1133 10007
  1134 10007
  1135 10007
  1136 10007
  1137 10007
  1138 10007
  1139 10007
  1140 10007
  1141 10007
  1142 10007
  1143 10007
  1144 10007
  1145 10007
  1146 10007
  1147 10007
  1148 10007
  1149 10007
  1150 10007
  1151 10007
  1152 10007
  1153 10007
  1154 10007
  1155 10007
  1156 10007
  1157 10007
  1158 10007
  1159 10007
  1160 10007
  1161 10007
  1162 10007
  1163 10007
  1164 10007
  1165 10007
  1166 10007
  1167 10007
  1168 10007
  1169 10007
  1170 10007
  1171 10007
  1172 10007
  1173 10007
  1174 10007
  1175 10007
  1176 10007
  1177 10007
  1178 10007
  1179 10007
  1180 10007
  1181 10007
  1182 10007
  1183 10007
  1184 10007
  1185 10007
  1186 10007
  1187 10007
  1188 10007
  1189 10007
  1190 10007
  1191 10007
  1192 10007
  1193 10007
  1194 10007
  1195 10007
  1196 10007
  1197 10007
  1198 10007
  1199 10007
  1200 10007
  1201 10007
  1202 10007
  1203 10007
  1204 10007
  1205 10007
  1206 10007
  1207 10007
  1208 10007
  1209 10007
  1210 10007
  1211 10007
  1212 10007
  1213 10007
  1214 10007
  1215 10007
  1216 10007
  1217 10007
  1218 10007
  1219 10007
  1220 10007
  1221 10007
  1222 10007
  1223 10007
  1224 10007
  1225 10007
  1226 10007
  1227 10007
  1228 10007
  1229 10007
  1230 10007
  1231 10007
  1232 10007
  1233 10007
  1234 10007
  1235 10007
  1236 10007
  1237 10007
  1238 10007
  1239 10007
  1240 10007
  1241 10007
  1242 10007
  1243 10007
  1244 10007
  1245 10007
  1246 10007
  1247 10007
  1248 10007
  1249 10007
  1250 10007
  1251 10007
  1252 10007
  1253 10007
  1254 10007
  1255 10007
  1256 10007
  1257 10007
  1258 10007
  1259 10007
  1260 10007
  1261 10007
  1262 10007
  1263 10007
  1264 10007
  1265 10007
  1266 10128
  1267 10128
  1268 10128
  1270 10123
  1271 10047
  1272 10047
  1273 10047
  1274 10047
  1275 10047
  1276 10047
  1277 10047
  1278 10047
  1279 10047
  1280 10047
  1281 10047
  1282 10047
  1283 10047
  1284 10047
  1285 10047
  1286 10047
  1287 10047
  1288 10047
  1289 10047
  1290 10047
  1291 10047
  1292 10047
  1293 10047
  1294 10047
  1295 10047
  1296 10047
  1297 10047
  1298 10047
  1299 10047
  1300 10047
  1301 10047
  1302 10047
  1303 10047
  1304 10047
  1305 10047
  1306 10047
  1307 10047
  1308 10047
  1309 10047
  1310 10047
  1311 10047
  1312 10047
  1313 10047
  1314 10047
  1315 10047
  1316 10047
  1317 10047
  1318 10047
  1319 10047
  1320 10047
  1321 10047
  1322 10047
  1323 10047
  1324 10047
  1325 10047
  1326 10047
  1327 10047
  1328 10047
  1329 10047
  1330 10047
  1331 10047
  1332 10047
  1333 10047
  1334 10047
  1335 10047
  1336 10047
  1337 10047
  1338 10047
  1339 10047
  1340 10047
  1341 10047
  1342 10047
  1343 10047
  1344 10047
  1345 10047
  1346 10047
  1347 10047
  1348 10047
  1349 10047
  1350 10047
  1351 10047
  1352 10047
  1353 10047
  1354 10047
  1355 10047
  1356 10047
  1357 10047
  1358 10047
  1359 10047
  1360 10047
  1361 10047
  1362 10047
  1363 10047
  1364 10047
  1365 10047
  1366 10047
  1367 10047
  1368 10047
  1369 10047
  1370 10047
  1371 10047
  1372 10047
  1373 10047
  1374 10047
  1375 10047
  1376 10047
  1377 10047
  1378 10047
  1379 10047
  1380 10047
  1381 10047
  1382 10047
  1383 10047
  1384 10047
  1385 10047
  1386 10047
  1387 10047
  1388 10047
  1389 10047
  1390 10047
  1391 10047
  1392 10047
  1393 10047
  1394 10047
  1395 10047
  1396 10047
  1397 10047
  1398 10047
  1399 10047
  1400 10047
  1401 10047
  1402 10047
  1403 10047
  1404 10047
  1405 10047
  1406 10047
  1407 10047
  1408 10047
  1409 10047
  1410 10047
  1411 10047
  1412 10047
  1413 10047
  1414 10047
  1415 10047
  1416 10047
  1417 10047
  1418 10047
  1419 10047
  1420 10047
  1421 10047
  1422 10047
  1423 10047
  1424 10047
  1425 10047
  1426 10047
  1427 10047
  1428 10047
  1429 10047
  1430 10047
  1431 10047
  1432 10047
  1433 10047
  1434 10047
  1435 10047
  1436 10047
  1437 10047
  1438 10047
  1439 10047
  1440 10047
  1441 10047
  1442 10047
  1443 10047
  1444 10047
  1445 10047
  1446 10047
  1447 10047
  1448 10047
  1449 10047
  1450 10047
  1451 10047
  1452 10047
  1453 10047
  1454 10047
  1455 10047
  1456 10047
  1457 10047
  1458 10047
  1459 10047
  1460 10047
  1461 10047
  1462 10047
  1463 10047
  1464 10047
  1465 10047
  1466 10047
  1467 10047
  1468 10047
  1469 10047
  1470 10047
  1471 10047
  1472 10047
  1473 10047
  1474 10047
  1475 10047
  1476 10047
  1477 10047
  1478 10047
  1479 10047
  1480 10047
  1481 10047
  1482 10047
  1483 10047
  1484 10047
  1485 10047
  1486 10047
  1487 10047
  1488 10047
  1489 10047
  1490 10047
  1491 10047
  1492 10047
  1493 10047
  1494 10047
  1495 10047
  1496 10047
  1497 10047
  1498 10047
  1499 10047
  1500 10047
  1501 10047
  1502 10047
  1503 10047
  1504 10047
  1505 10047
  1506 10047
  1507 10047
  1508 10047
  1509 10047
  1510 10047
  1511 10047
  1512 10090
  1513 10090
  1516 10101
  1517 10061
  1518 10061
  1519 10061
  1520 10169
  1521 10169
  1522 10076
  1523 10018
  1524 10018
  1525 10018
  1526 10018
  1527 10018
  1528 10018
  1529 10055
  1530 10055
  1531 10140
  1532 10140
  1533 10140
  1534 10140
  1535 10140
  1536 10140
  1537 10158
  1538 10158
  1539 10158
  1540 10158
  1541 10158
  1542 10140
  1543 10158
  1544 10158
  1545 10158
  1546 10158
  1547 10140
  1548 10140
  1549 10140
  1550 10140
  1551 10140
  1552 10140
  1553 10140
  1554 10158
  1555 10158
  1556 10158
  1557 10158
  1558 10140
  1559 10140
  1560 10140
  1561 10140
  1562 10140
  1563 10140
  1564 10140
  1565 10140
  1566 10140
  1567 10140
  1568 10140
  1569 10140
  1570 10140
  1571 10140
  1572 10140
  1573 10140
  1574 10140
  1575 10055
  1576 10018
  1577 10055
  1578 10055
  1579 10055
  1580 10055
  1581 10055
  1584 10016
  1585 10016
  1586 10016
  1587 10016
  1588 10016
  1589 10016
  1590 10016
  1591 10016
  1592 10143
  1593 10143
  1594 10143
  1595 10143
  1596 10016
  1597 10016
  1598 10016
  1599 10016
  1600 10016
  1601 10016
  1602 10016
  1603 10016
  1604 10016
  1605 10016
  1606 10016
  1607 10016
  1608 10016
  1609 10016
  1610 10016
  1611 10016
  1612 10016
  1613 10016
  1614 10016
  1615 10016
  1616 10016
  1617 10016
  1618 10016
  1619 10016
  1620 10143
  1621 10143
  1636 10146
  1637 10146
  1638 10146
  1639 10146
  1640 10146
  1641 10146
  1642 10146
  1643 10146
  1644 10146
  1645 10146
  1646 10146
  1647 10146
  1648 10146
  1649 10146
  1650 10146
  1651 10146
  1652 10146
  1653 10146
  1654 10146
  1655 10146
  1656 10146
  1657 10146
  1658 10146
  1659 10146
  1660 10146
  1661 10146
  1662 10146
  1663 10146
  1664 10146
  1665 10146
  1666 10146
  1667 10146
  1668 10146
  1669 10146
  1670 10146
  1671 10146
  1672 10146
  1673 10146
  1674 10146
  1675 10146
  1676 10146
  1677 10146
  1678 10146
  1679 10146
  1680 10146
  1681 10146
  1682 10146
  1683 10146
  1684 10146
  1685 10146
  1686 10146
  1687 10146
  1688 10146
  1689 10146
  1690 10146
  1691 10146
  1692 10146
  1693 10146
  1694 10146
  1695 10146
  1696 10146
  1697 10146
  1698 10146
  1699 10146
  1700 10146
  1701 10146
  1702 10146
  1703 10146
  1704 10146
  1705 10146
  1706 10146
  1707 10146
  1708 10146
  1709 10146
  1710 10146
  1711 10146
  1712 10146
  1713 10146
  1714 10146
  1715 10146
  1716 10146
  1717 10146
  1718 10146
  1719 10146
  1720 10146
  1721 10146
