   701 10163
   702 10163
   703 10163
   704 10163
   705 10163
   706 10163
   707 10163
   708 10163
   709 10163
   710 10163
   711 10163
   712 10163
   713 10163
   714 10163
   715 10163
   716 10163
   717 10163
   718 10163
   719 10163
   720 10163
   721 10163
   722 10163
   723 10163
   724 10163
   725 10163
   726 10163
   727 10163
   728 10163
   729 10163
   730 10163
   731 10163
   732 10163
   733 10163
   734 10163
   735 10163
   736 10163
   737 10163
   738 10163
   739 10163
   740 10163
   741 10163
   742 10163
   743 10163
   744 10163
   745 10163
   746 10163
   747 10163
   748 10163
   749 10163
   750 10163
   751 10163
   752 10163
   753 10163
   754 10163
   755 10163
   756 10163
   757 10163
   758 10163
   759 10163
   760 10163
   761 10163
   762 10163
   763 10163
   764 10163
   765 10163
   766 10163
   767 10163
   768 10163
   769 10163
   770 10163
   771 10163
   772 10163
   773 10163
   774 10163
   775 10163
   776 10163
   777 10163
   778 10163
   779 10163
   780 10163
   787 10019
   788 10022
   789 10034
   790 10022
   791 10022
   792 10022
   793 10022
   794 10022
   795 10022
   796 10022
   797 10022
   798 10022
   799 10022
   800 10022
   801 10022
   802 10022
   803 10022
   804 10022
   805 10022
   806 10022
   807 10022
   808 10022
   809 10022
   810 10022
   811 10022
   812 10022
   813 10022
   814 10022
   815 10022
   816 10022
   817 10022
   818 10022
   819 10022
   820 10022
   821 10022
   822 10022
   823 10022
   824 10022
   825 10022
   826 10022
   827 10022
   828 10022
   829 10022
   830 10022
   831 10022
   832 10022
   833 10022
   834 10022
   835 10022
   836 10022
   837 10022
   838 10022
   839 10022
   840 10022
   841 10022
   842 10022
   843 10022
   844 10022
   845 10022
   846 10022
   847 10022
   848 10022
   849 10022
   850 10022
   851 10022
   852 10022
   853 10022
   854 10022
   855 10022
   856 10022
   857 10022
   858 10022
   859 10022
   860 10022
   861 10022
   862 10022
   863 10022
   864 10022
   865 10022
   866 10022
   867 10022
   868 10022
   869 10022
   870 10022
   871 10022
   872 10022
   873 10022
   874 10022
   875 10022
   876 10022
   877 10022
   878 10022
   879 10022
   880 10022
   881 10022
   882 10022
   883 10022
   884 10022
   885 10022
   886 10022
   887 10022
   888 10022
   889 10022
   890 10022
   891 10022
   892 10022
   893 10022
   894 10022
   895 10022
   896 10022
   897 10022
   898 10022
   899 10022
   900 10022
   901 10022
   902 10022
   903 10022
   904 10022
   905 10022
   906 10022
   907 10022
   908 10022
   909 10022
   910 10022
   911 10022
   912 10022
   913 10022
   914 10022
   915 10022
   916 10022
   917 10022
   918 10022
   919 10022
   920 10022
   921 10022
   922 10022
   923 10022
   924 10022
   925 10022
   926 10022
   927 10022
   928 10022
   929 10022
   930 10022
   931 10022
   932 10022
   933 10022
   934 10022
   935 10022
   936 10022
   937 10022
   938 10022
   939 10022
   940 10022
   941 10022
   942 10022
   943 10022
   944 10022
   945 10022
   946 10022
   947 10022
   948 10022
   949 10022
   950 10022
   951 10022
   952 10022
   953 10022
   954 10022
   955 10022
   956 10022
   957 10022
   958 10022
   959 10022
   960 10022
   961 10022
   962 10022
   963 10022
   964 10022
   965 10022
   966 10022
   967 10022
   968 10022
   969 10022
   970 10022
   971 10022
   972 10022
   973 10022
   974 10022
   975 10022
   976 10022
   977 10022
   978 10022
   979 10022
   980 10022
   981 10022
   982 10022
   983 10022
   984 10022
   985 10022
   986 10022
   987 10022
   988 10022
   989 10022
   990 10022
   991 10022
   992 10022
   993 10022
   994 10022
   995 10022
   996 10022
   997 10022
   998 10022
   999 10022
  1000 10022
  1001 10022
  1002 10022
  1003 10022
  1004 10022
  1005 10022
  1006 10022
  1007 10022
  1008 10022
  1009 10022
  1010 10022
  1011 10022
  1012 10022
  1013 10022
  1014 10022
  1015 10019
  1016 10019
  1017 10072
  1018 10072
  1021 10002
  1022 10002
  1023 10002
  1024 10002
  1025 10047
  1026 10047
  1027 10002
  1028 10002
  1029 10002
  1030 10002
  1031 10002
  1032 10002
  1033 10002
  1034 10002
  1035 10002
  1036 10002
  1037 10002
  1038 10002
  1039 10002
  1040 10047
  1041 10047
  1042 10047
  1043 10047
  1044 10047
  1045 10047
  1046 10047
  1047 10047
  1048 10047
  1049 10047
  1050 10047
  1051 10047
  1052 10047
  1053 10047
  1054 10047
  1055 10047
  1056 10047
  1057 10047
  1058 10047
  1059 10047
  1060 10047
  1061 10047
  1062 10047
  1063 10047
  1064 10047
  1065 10047
  1066 10047
  1067 10047
  1068 10047
  1069 10047
  1070 10047
  1071 10047
  1072 10047
  1073 10047
  1074 10047
  1075 10047
  1076 10047
  1077 10047
  1078 10047
  1079 10047
  1080 10047
  1081 10047
  1082 10047
  1083 10047
  1084 10047
  1085 10047
  1086 10047
  1087 10047
  1088 10047
  1089 10047
  1090 10047
  1091 10047
  1092 10047
  1093 10047
  1094 10047
  1095 10047
  1096 10047
  1097 10047
  1098 10047
  1099 10047
  1100 10047
  1101 10047
  1102 10047
  1103 10047
  1104 10047
  1105 10047
  1106 10047
  1107 10047
  1108 10047
  1109 10047
  1110 10047
  1111 10047
  1112 10047
  1113 10047
  1114 10047
  1115 10047
  1116 10047
  1117 10047
  1118 10047
  1119 10047
  1120 10047
  1121 10047
  1122 10047
  1123 10047
  1124 10047
  1125 10047
  1126 10047
  1127 10047
  1128 10047
  1129 10047
  1130 10047
  1131 10047
  1132 10047
  1133 10047
  1134 10047
  1135 10047
  1136 10047
  1137 10047
  1138 10047
  1139 10047
  1140 10047
  1141 10047
  1142 10047
  1143 10047
  1144 10047
  1145 10047
  1146 10047
  1147 10047
  1148 10047
  1149 10047
  1150 10047
  1151 10047
  1152 10047
  1153 10047
  1154 10047
  1155 10047
  1156 10047
  1157 10047
  1158 10047
  1159 10047
  1160 10047
  1161 10047
  1162 10047
  1163 10047
  1164 10047
  1165 10047
  1166 10047
  1167 10047
  1168 10047
  1169 10047
  1170 10047
  1171 10047
  1172 10047
  1173 10047
  1174 10047
  1175 10047
  1176 10047
  1177 10047
  1178 10047
  1179 10047
  1180 10047
  1181 10047
  1182 10047
  1183 10047
  1184 10047
  1185 10047
  1186 10047
  1187 10047
  1188 10047
  1189 10047
  1190 10047
  1191 10047
  1192 10047
  1193 10047
  1194 10047
  1195 10047
  1196 10047
  1197 10047
  1198 10047
  1199 10047
  1200 10047
  1201 10047
  1202 10047
  1203 10047
  1204 10047
  1205 10047
  1206 10047
  1207 10047
  1208 10047
  1209 10047
  1210 10002
  1211 10047
  1212 10047
  1213 10047
  1214 10047
  1215 10047
  1216 10047
  1217 10047
  1218 10047
  1219 10047
  1220 10047
  1221 10047
  1222 10047
  1223 10047
  1224 10047
  1225 10047
  1226 10047
  1227 10047
  1228 10047
  1229 10047
  1230 10047
  1231 10047
  1232 10047
  1233 10047
  1234 10047
  1235 10047
  1236 10047
  1237 10047
  1238 10047
  1239 10047
  1240 10047
  1241 10047
  1242 10047
  1243 10047
  1244 10047
  1245 10047
  1246 10002
  1247 10002
  1248 10047
  1249 10047
  1250 10047
  1251 10047
  1252 10047
  1253 10047
  1254 10047
  1255 10047
  1256 10047
  1257 10047
  1258 10047
  1259 10047
  1260 10047
  1261 10047
  1262 10047
  1263 10047
  1264 10047
  1265 10047
  1266 10047
  1267 10047
  1268 10047
  1269 10047
  1270 10047
  1272 10081
  1273 10081
  1274 10081
  1275 10081
  1276 10081
  1277 10081
  1278 10081
  1279 10081
  1280 10081
  1281 10081
  1282 10081
  1283 10081
  1284 10081
  1285 10081
  1286 10081
  1304 10081
  1305 10081
  1306 10081
  1307 10081
  1308 10081
  1309 10081
  1310 10081
  1311 10081
  1312 10081
  1313 10081
  1314 10081
  1315 10081
  1316 10081
  1317 10081
  1318 10081
  1319 10081
  1320 10081
  1321 10081
  1322 10081
  1323 10081
  1324 10081
  1325 10081
  1326 10081
  1327 10081
  1328 10081
  1329 10081
  1330 10081
  1331 10081
  1332 10081
  1333 10081
  1334 10081
  1335 10081
  1336 10081
  1337 10081
  1338 10081
  1339 10081
  1340 10081
  1341 10081
  1342 10081
  1343 10081
  1344 10081
  1345 10081
  1346 10081
  1347 10081
  1348 10081
  1349 10081
  1350 10081
  1351 10081
  1352 10081
  1353 10081
  1354 10081
  1355 10081
  1356 10081
  1357 10081
  1358 10081
  1359 10081
  1360 10081
  1361 10081
  1362 10081
  1363 10081
  1364 10081
  1365 10081
  1366 10081
  1367 10081
  1368 10081
  1369 10081
  1370 10081
  1371 10081
  1372 10081
  1373 10081
  1374 10081
  1375 10081
  1376 10081
  1377 10081
  1378 10081
  1379 10081
  1380 10081
  1381 10081
  1382 10081
  1383 10081
  1384 10081
  1385 10081
  1386 10081
  1387 10081
  1388 10081
  1389 10081
  1390 10081
  1391 10081
  1392 10081
  1393 10081
  1394 10081
  1395 10081
  1396 10081
  1397 10081
  1398 10081
  1399 10081
  1400 10081
  1401 10081
  1402 10081
  1403 10081
  1404 10081
  1405 10081
  1406 10081
  1407 10081
  1408 10081
  1409 10081
  1410 10081
  1411 10081
  1412 10081
  1413 10081
  1414 10081
  1415 10081
  1416 10081
  1417 10081
  1418 10081
  1419 10081
  1420 10081
  1421 10081
  1422 10081
  1423 10081
  1424 10081
  1425 10081
  1426 10081
  1427 10081
  1428 10081
  1429 10081
  1430 10081
  1431 10081
  1432 10081
  1433 10081
  1434 10081
  1435 10081
  1436 10081
  1437 10081
  1438 10081
  1439 10081
  1440 10081
  1441 10081
  1442 10081
  1443 10081
  1444 10081
  1445 10081
  1446 10081
  1447 10081
  1448 10081
  1449 10081
  1450 10081
  1451 10081
  1452 10081
  1453 10081
  1454 10081
  1455 10081
  1456 10081
  1457 10081
  1458 10081
  1459 10081
  1460 10081
  1461 10081
  1462 10081
  1463 10081
  1464 10081
  1465 10081
  1466 10081
  1467 10081
  1468 10081
  1469 10081
  1470 10081
  1471 10081
  1472 10081
  1473 10081
  1474 10081
  1475 10081
  1476 10081
  1477 10081
  1478 10081
  1479 10081
  1480 10081
  1481 10081
  1482 10081
  1483 10081
  1484 10081
  1485 10081
  1486 10081
  1487 10081
  1488 10081
  1489 10081
  1490 10081
  1491 10081
  1492 10081
  1493 10055
  1494 10098
  1495 10018
  1496 10018
  1497 10018
  1498 10018
  1499 10055
  1500 10055
  1501 10055
  1502 10055
  1503 10055
  1504 10055
  1505 10055
  1506 10055
  1507 10055
  1508 10055
  1509 10018
  1510 10055
  1511 10076
  1512 10055
  1513 10055
  1514 10055
  1515 10055
  1516 10055
  1517 10055
  1518 10055
  1519 10055
  1520 10055
  1521 10055
  1522 10055
  1523 10018
  1524 10018
  1525 10018
  1526 10040
  1527 10055
  1528 10055
  1529 10055
  1530 10055
  1531 10055
  1532 10055
  1533 10055
  1534 10055
  1535 10055
  1536 10055
  1537 10055
  1538 10055
  1539 10055
  1540 10055
  1541 10055
  1542 10055
  1543 10055
  1544 10055
  1545 10055
  1546 10055
  1547 10055
  1548 10055
  1549 10055
  1550 10055
  1551 10055
  1552 10055
  1553 10055
  1554 10055
  1555 10055
  1556 10055
  1557 10055
  1558 10055
  1559 10055
  1560 10055
  1561 10055
  1562 10055
  1563 10055
  1564 10055
  1565 10055
  1566 10055
  1567 10055
  1568 10055
  1569 10055
  1570 10055
  1571 10055
  1573 10055
  1588 10019
  1589 10019
  1590 10019
  1591 10019
  1592 10019
  1593 10019
  1596 10152
  1597 10152
  1598 10011
  1599 10011
  1609 10042
  1610 10042
  1611 10042
  1612 10042
  1613 10019
  1614 10042
  1615 10019
  1616 10019
  1617 10019
  1618 10063
  1620 10163
  1621 10163
  1622 10163
  1623 10163
  1624 10163
  1625 10138
  1626 10138
  1627 10138
  1628 10138
  1629 10138
  1630 10138
  1631 10138
  1632 10138
  1633 10138
  1634 10138
  1635 10138
  1636 10138
  1637 10138
  1638 10138
  1639 10138
  1640 10138
  1641 10138
  1642 10138
  1643 10138
  1644 10138
  1645 10138
  1646 10138
  1647 10138
  1648 10138
  1649 10138
  1650 10138
  1651 10138
  1652 10138
  1653 10138
  1654 10138
  1655 10138
  1656 10138
  1657 10138
  1658 10138
  1659 10138
  1660 10138
  1661 10138
  1662 10138
  1663 10138
  1664 10138
  1665 10138
  1666 10138
  1667 10138
  1668 10138
  1669 10138
  1670 10138
  1671 10138
  1672 10138
  1673 10138
  1674 10138
  1675 10138
  1676 10138
  1677 10138
  1678 10138
  1679 10138
  1680 10138
  1681 10138
  1682 10138
  1683 10138
  1684 10138
  1685 10138
  1686 10138
  1687 10138
  1688 10138
  1689 10138
  1690 10138
  1691 10138
  1692 10138
  1693 10138
  1694 10138
  1695 10138
  1696 10138
  1697 10138
  1698 10138
  1699 10138
  1700 10138
  1701 10138
  1702 10138
  1703 10138
  1704 10138
  1705 10138
  1706 10138
  1707 10138
  1708 10138
  1709 10138
  1710 10138
  1711 10138
  1712 10138
  1713 10138
  1714 10138
  1715 10138
  1716 10138
  1717 10138
  1718 10138
  1719 10138
  1720 10138
  1721 10138
  1722 10138
  1723 10138
  1724 10138
  1725 10138
  1726 10138
  1727 10138
  1728 10138
  1729 10138
  1730 10138
  1731 10138
  1732 10138
  1733 10138
  1734 10138
  1735 10138
  1736 10138
  1737 10138
  1738 10138
  1739 10138
  1740 10138
  1741 10138
  1742 10138
  1743 10138
  1744 10138
  1745 10138
  1746 10138
  1747 10138
  1748 10138
  1749 10138
  1750 10138
  1751 10138
  1752 10138
  1753 10138
  1754 10138
  1755 10138
  1756 10138
  1757 10138
  1758 10138
  1759 10138
  1760 10138
  1761 10138
  1762 10138
  1763 10138
  1764 10138
  1765 10138
  1766 10138
  1767 10138
  1768 10138
  1769 10138
  1770 10138
  1771 10138
  1772 10138
  1773 10138
  1774 10138
  1775 10138
  1776 10138
  1777 10138
  1778 10138
  1779 10138
  1780 10138
  1781 10138
  1782 10138
  1783 10138
  1784 10138
  1785 10138
  1786 10138
  1787 10138
  1788 10138
  1789 10138
  1790 10138
  1791 10138
  1792 10138
  1793 10138
  1794 10138
  1795 10138
  1796 10138
  1797 10138
  1798 10138
  1799 10138
  1800 10138
  1801 10138
  1802 10138
  1803 10138
  1804 10138
  1805 10138
  1806 10138
  1807 10138
  1808 10138
  1809 10138
  1810 10138
  1811 10138
  1812 10138
  1813 10138
  1814 10138
  1815 10138
  1816 10138
  1817 10138
  1818 10138
  1819 10138
  1820 10138
  1821 10138
  1822 10138
  1823 10138
  1824 10138
  1825 10138
  1826 10138
  1827 10138
  1828 10138
  1829 10138
  1830 10138
  1831 10138
  1832 10138
  1833 10138
  1834 10138
  1835 10138
  1836 10138
  1837 10138
  1838 10138
  1839 10138
  1840 10138
  1841 10138
  1842 10138
  1843 10138
  1844 10138
  1845 10138
  1846 10138
  1847 10138
  1848 10138
  1849 10138
  1850 10138
  1851 10138
  1852 10138
  1853 10138
  1854 10138
  1855 10138
  1856 10138
  1857 10138
  1858 10138
  1859 10138
  1860 10065
  1861 10050
  1862 10065
  1863 10065
  1864 10065
  1865 10050
  1866 10050
  1867 10050
  1868 10050
  1869 10050
  1870 10050
  1871 10050
  1872 10050
  1873 10050
  1874 10050
  1875 10050
  1876 10050
  1877 10050
  1878 10050
  1879 10050
  1880 10050
  1881 10050
  1882 10050
  1883 10050
  1884 10050
  1885 10050
  1886 10050
  1887 10050
  1888 10050
  1889 10050
  1890 10050
  1891 10050
  1892 10050
  1893 10050
  1894 10050
  1895 10050
  1896 10050
  1897 10050
  1898 10050
  1899 10050
  1900 10050
  1901 10050
  1902 10050
  1903 10050
  1904 10050
  1905 10050
  1906 10050
  1907 10050
  1908 10050
  1909 10050
  1910 10050
  1911 10050
  1912 10050
  1913 10050
  1914 10050
  1915 10050
  1916 10050
  1917 10050
  1918 10050
  1919 10050
  1920 10050
  1921 10050
  1922 10050
  1923 10050
  1924 10050
  1925 10050
  1926 10050
  1927 10050
  1928 10050
  1929 10050
  1930 10050
  1931 10050
  1932 10050
  1933 10050
  1934 10050
  1935 10050
  1936 10050
  1937 10050
  1938 10050
  1939 10050
  1940 10050
  1941 10050
  1942 10050
  1943 10050
  1944 10050
  1945 10050
  1946 10050
  1947 10050
  1948 10050
  1949 10050
  1950 10050
  1951 10050
  1952 10050
  1953 10050
  1954 10050
  1955 10050
  1956 10050
  1957 10050
  1958 10050
  1959 10050
  1960 10050
  1961 10050
  1962 10050
  1963 10050
  1964 10050
  1965 10050
  1966 10050
  1967 10050
  1968 10050
  1969 10050
  1970 10050
  1971 10050
  1972 10050
  1973 10050
  1974 10050
  1975 10050
  1976 10050
  1977 10050
  1978 10050
  1979 10050
  1980 10050
  1981 10050
  1982 10050
  1983 10050
  1984 10050
  1985 10050
  1986 10050
  1987 10050
  1988 10050
  1989 10050
  1990 10050
  1991 10050
  1992 10050
  1993 10050
  1994 10050
  1995 10050
  1996 10050
  1997 10050
  1998 10050
  1999 10050
  2000 10050
  2001 10050
  2002 10050
  2003 10050
  2004 10050
  2005 10050
  2006 10050
  2007 10050
  2008 10050
  2009 10050
  2010 10050
  2011 10050
  2012 10050
  2013 10050
  2014 10050
  2015 10050
  2016 10050
  2017 10050
  2018 10050
  2019 10050
  2020 10050
  2021 10050
  2022 10061
  2023 10061
  2024 10061
  2026 10101
  2027 10101
  2028 10141
  2029 10141
  2030 10141
  2031 10101
  2035 10130
  2036 10130
  2037 10130
  2038 10130
  2039 10130
  2040 10130
  2041 10130
