   697 10031
   698 10031
   699 10031
   700 10031
   701 10031
   702 10031
   703 10031
   704 10031
   705 10031
   706 10031
   707 10031
   708 10031
   709 10031
   710 10031
   711 10031
   712 10031
   713 10031
   714 10031
   715 10031
   716 10031
   717 10031
   718 10031
   719 10031
   720 10031
   721 10031
   722 10031
   723 10031
   724 10031
   725 10031
   726 10031
   727 10031
   728 10031
   729 10031
   730 10031
   731 10031
   732 10031
   733 10031
   734 10031
   735 10031
   736 10031
   737 10031
   738 10031
   739 10031
   740 10031
   741 10031
   742 10031
   743 10031
   744 10031
   745 10031
   746 10031
   747 10031
   748 10031
   749 10031
   750 10031
   751 10031
   752 10031
   753 10031
   754 10031
   755 10031
   756 10031
   757 10031
   758 10031
   759 10031
   760 10031
   761 10031
   762 10031
   763 10031
   764 10031
   765 10031
   766 10031
   767 10031
   768 10031
   769 10031
   770 10031
   771 10031
   772 10031
   773 10031
   774 10031
   775 10031
   776 10095
   781 10164
   786 10019
   787 10019
   788 10151
   789 10151
   790 10151
   791 10034
   792 10034
   793 10034
   794 10034
   795 10151
   796 10151
   797 10034
   798 10151
   799 10151
   800 10151
   801 10151
   802 10151
   803 10151
   804 10151
   805 10151
   806 10151
   807 10151
   808 10151
   809 10034
   810 10034
   811 10034
   812 10151
   813 10151
   814 10151
   815 10151
   816 10151
   817 10151
   818 10151
   819 10151
   820 10034
   821 10034
   822 10151
   823 10151
   824 10151
   825 10151
   826 10151
   827 10151
   828 10151
   829 10151
   830 10151
   831 10151
   832 10151
   833 10151
   834 10151
   835 10151
   836 10151
   837 10151
   838 10151
   839 10151
   840 10151
   841 10151
   842 10151
   843 10151
   844 10151
   845 10151
   846 10151
   847 10151
   848 10151
   849 10151
   850 10151
   851 10151
   852 10151
   853 10151
   854 10151
   855 10151
   856 10151
   857 10151
   858 10151
   859 10151
   860 10151
   861 10151
   862 10151
   863 10151
   864 10151
   865 10151
   866 10151
   867 10151
   868 10151
   869 10151
   870 10151
   871 10151
   872 10151
   873 10151
   874 10151
   875 10151
   876 10151
   877 10151
   878 10151
   879 10151
   880 10151
   881 10151
   882 10151
   883 10151
   884 10151
   885 10151
   886 10151
   887 10151
   888 10151
   889 10151
   890 10151
   891 10151
   892 10151
   893 10151
   894 10151
   895 10151
   896 10151
   897 10151
   898 10151
   899 10151
   900 10151
   901 10151
   902 10151
   903 10151
   904 10151
   905 10151
   906 10151
   907 10151
   908 10151
   909 10151
   910 10151
   911 10151
   912 10151
   913 10151
   914 10151
   915 10151
   916 10151
   917 10151
   918 10151
   919 10151
   920 10151
   921 10151
   922 10151
   923 10151
   924 10151
   925 10151
   926 10151
   927 10151
   928 10151
   929 10151
   930 10151
   931 10151
   932 10151
   933 10151
   934 10151
   935 10151
   936 10151
   937 10151
   938 10151
   939 10151
   940 10151
   941 10151
   942 10151
   943 10151
   944 10151
   945 10151
   946 10151
   947 10151
   948 10151
   949 10151
   950 10151
   951 10151
   952 10151
   953 10151
   954 10151
   955 10151
   956 10151
   957 10151
   958 10151
   959 10151
   960 10151
   961 10151
   962 10151
   963 10151
   964 10151
   965 10151
   966 10151
   967 10151
   968 10151
   969 10151
   970 10151
   971 10151
   972 10151
   973 10151
   974 10151
   975 10151
   976 10151
   977 10151
   978 10151
   979 10151
   980 10151
   981 10151
   982 10151
   983 10151
   984 10151
   985 10151
   986 10151
   987 10151
   988 10151
   989 10151
   990 10151
   991 10151
   992 10151
   993 10151
   994 10151
   995 10151
   996 10151
   997 10151
   998 10151
   999 10151
  1000 10151
  1001 10151
  1002 10151
  1003 10151
  1004 10151
  1005 10151
  1006 10151
  1007 10151
  1008 10151
  1009 10151
  1010 10151
  1011 10151
  1012 10151
  1013 10034
  1014 10034
  1015 10034
  1016 10082
  1017 10082
  1018 10019
  1019 10019
  1020 10019
  1030 10146
  1031 10146
  1032 10146
  1033 10146
  1034 10146
  1035 10146
  1036 10146
  1037 10146
  1038 10146
  1039 10146
  1040 10146
  1041 10146
  1042 10146
  1043 10146
  1044 10146
  1045 10146
  1046 10146
  1047 10146
  1048 10146
  1049 10146
  1050 10146
  1051 10146
  1052 10146
  1053 10146
  1054 10146
  1055 10146
  1056 10146
  1057 10146
  1058 10146
  1059 10146
  1060 10146
  1061 10146
  1062 10146
  1063 10146
  1064 10146
  1065 10146
  1066 10146
  1067 10146
  1068 10146
  1069 10146
  1070 10146
  1071 10146
  1072 10146
  1073 10146
  1074 10146
  1075 10146
  1076 10146
  1077 10146
  1078 10146
  1079 10146
  1080 10146
  1081 10146
  1082 10146
  1083 10146
  1084 10146
  1085 10146
  1086 10146
  1087 10146
  1088 10146
  1089 10146
  1090 10146
  1091 10146
  1092 10146
  1093 10146
  1094 10146
  1095 10146
  1096 10146
  1097 10146
  1098 10146
  1099 10146
  1100 10146
  1101 10146
  1102 10146
  1103 10146
  1104 10146
  1105 10146
  1106 10146
  1107 10146
  1108 10146
  1109 10146
  1110 10146
  1111 10146
  1112 10146
  1113 10146
  1114 10146
  1115 10146
  1116 10146
  1117 10146
  1118 10146
  1119 10146
  1120 10146
  1121 10146
  1122 10146
  1123 10146
  1124 10146
  1125 10146
  1126 10146
  1127 10146
  1128 10146
  1129 10146
  1130 10146
  1131 10146
  1132 10146
  1133 10146
  1134 10146
  1135 10146
  1136 10146
  1137 10146
  1138 10146
  1139 10146
  1140 10146
  1141 10146
  1142 10146
  1143 10146
  1144 10146
  1145 10146
  1146 10146
  1147 10146
  1148 10146
  1149 10146
  1150 10146
  1151 10146
  1152 10146
  1153 10146
  1154 10146
  1155 10146
  1156 10146
  1157 10146
  1158 10146
  1159 10146
  1160 10146
  1161 10146
  1162 10146
  1163 10146
  1164 10146
  1165 10146
  1166 10146
  1167 10146
  1168 10146
  1169 10146
  1170 10146
  1171 10146
  1172 10146
  1173 10146
  1174 10146
  1175 10146
  1176 10146
  1177 10146
  1178 10146
  1179 10146
  1180 10146
  1181 10146
  1182 10146
  1183 10146
  1184 10146
  1185 10146
  1186 10146
  1187 10146
  1188 10146
  1189 10146
  1190 10146
  1191 10146
  1192 10146
  1193 10146
  1194 10146
  1195 10146
  1196 10146
  1197 10146
  1198 10146
  1199 10146
  1200 10146
  1201 10146
  1202 10146
  1203 10146
  1204 10146
  1205 10146
  1206 10146
  1207 10146
  1208 10146
  1209 10146
  1210 10146
  1211 10146
  1212 10146
  1213 10146
  1214 10146
  1215 10146
  1216 10146
  1217 10146
  1218 10146
  1219 10146
  1220 10146
  1221 10146
  1222 10146
  1223 10146
  1224 10146
  1225 10146
  1226 10146
  1227 10146
  1228 10146
  1229 10146
  1230 10146
  1231 10146
  1232 10146
  1234 10076
  1235 10076
  1236 10076
  1237 10076
  1238 10076
  1239 10076
  1240 10076
  1241 10076
  1242 10076
  1243 10076
  1244 10018
  1245 10098
  1246 10098
  1247 10018
  1248 10018
  1249 10018
  1250 10018
  1251 10018
  1252 10158
  1253 10158
  1254 10158
  1255 10158
  1256 10158
  1257 10158
  1258 10158
  1259 10018
  1260 10055
  1261 10055
  1262 10018
  1263 10158
  1264 10158
  1265 10158
  1266 10158
  1267 10055
  1268 10055
  1269 10055
  1270 10055
  1271 10055
  1272 10055
  1273 10055
  1274 10055
  1275 10158
  1276 10055
  1277 10055
  1278 10055
  1279 10055
  1280 10055
  1281 10055
  1282 10055
  1283 10055
  1284 10055
  1285 10055
  1286 10055
  1287 10018
  1288 10158
  1289 10158
  1290 10055
  1291 10055
  1292 10055
  1293 10055
  1294 10055
  1295 10055
  1296 10055
  1297 10055
  1298 10055
  1299 10055
  1300 10076
  1301 10076
  1305 10071
  1306 10071
  1307 10071
  1308 10071
  1309 10071
  1310 10071
  1311 10071
  1312 10071
  1313 10071
  1314 10075
  1315 10130
  1316 10075
  1317 10014
  1318 10014
  1319 10143
  1320 10014
  1321 10154
  1322 10075
  1323 10094
  1324 10075
  1325 10075
  1326 10094
  1327 10071
  1328 10071
  1329 10071
  1330 10071
  1331 10075
  1332 10071
  1333 10071
  1334 10071
  1335 10071
  1336 10071
  1337 10075
  1338 10075
  1339 10154
  1340 10016
  1341 10016
  1342 10016
  1343 10016
  1344 10016
  1345 10016
  1346 10016
  1347 10016
  1348 10016
  1349 10097
  1351 10101
  1352 10101
  1353 10101
  1354 10101
  1359 10019
  1360 10019
  1361 10019
  1362 10019
  1363 10019
  1364 10090
  1365 10075
  1370 10169
  1371 10169
  1372 10169
  1373 10128
  1374 10128
  1381 10163
  1382 10163
  1383 10163
  1384 10090
  1385 10090
  1386 10090
  1387 10090
  1388 10019
  1389 10019
  1390 10019
  1391 10019
  1392 10019
  1393 10019
  1394 10019
  1395 10019
  1396 10019
  1397 10019
  1398 10019
  1399 10019
  1400 10019
  1401 10019
  1402 10019
  1403 10019
  1404 10019
  1405 10019
  1406 10019
  1407 10019
  1408 10019
  1409 10019
  1410 10019
  1411 10019
  1412 10019
  1413 10019
  1414 10019
  1415 10019
  1416 10019
  1417 10019
  1418 10019
  1419 10019
  1420 10019
  1421 10019
  1422 10019
  1423 10019
  1424 10019
  1425 10019
  1426 10019
  1427 10019
  1428 10019
  1429 10019
  1430 10019
  1431 10019
  1432 10019
  1433 10019
  1434 10019
  1435 10019
  1436 10019
  1437 10019
  1438 10019
  1439 10019
  1440 10019
  1441 10019
  1442 10019
  1443 10019
  1444 10019
  1445 10019
  1446 10019
  1447 10019
  1448 10019
  1449 10019
  1450 10019
  1451 10019
  1452 10019
  1453 10019
  1454 10019
  1455 10019
  1456 10019
  1457 10019
  1458 10019
  1459 10019
  1460 10019
  1461 10019
  1462 10019
  1463 10019
  1464 10019
  1465 10019
  1466 10019
  1467 10019
  1468 10019
  1469 10019
  1470 10019
  1471 10019
  1472 10019
  1473 10019
  1474 10019
  1475 10019
  1476 10019
  1477 10019
  1478 10019
  1479 10019
  1480 10019
  1481 10019
  1482 10019
  1483 10019
  1484 10019
  1485 10019
  1486 10019
  1487 10019
  1488 10019
  1489 10019
  1490 10019
  1491 10019
  1492 10019
  1493 10019
  1494 10019
  1495 10019
  1496 10019
  1497 10019
  1498 10019
  1499 10019
  1500 10019
  1501 10090
  1502 10090
  1503 10090
  1504 10090
  1505 10090
  1506 10090
  1507 10090
  1508 10090
  1509 10090
  1510 10090
  1511 10090
  1512 10090
  1513 10090
  1514 10090
  1515 10090
  1516 10090
  1517 10090
  1518 10090
  1519 10090
  1520 10090
  1521 10090
  1522 10090
  1523 10090
  1524 10090
  1525 10090
  1526 10090
  1527 10090
  1528 10090
  1529 10090
  1530 10090
  1531 10090
  1532 10090
  1533 10090
  1534 10090
  1535 10090
  1536 10090
  1537 10090
  1538 10090
  1539 10090
  1540 10090
  1541 10090
  1542 10090
  1543 10090
  1544 10090
  1545 10090
  1546 10090
  1547 10090
  1548 10090
  1549 10090
  1550 10090
  1551 10090
  1552 10090
  1553 10090
  1554 10090
  1555 10090
  1556 10090
  1557 10090
  1558 10090
  1559 10090
  1560 10090
  1561 10090
  1562 10090
  1563 10090
  1564 10090
  1565 10090
  1566 10090
  1567 10090
  1568 10090
  1569 10090
  1570 10090
  1571 10090
  1572 10090
  1573 10090
  1574 10090
  1575 10090
  1576 10090
  1577 10090
  1578 10090
  1579 10090
  1580 10090
  1581 10090
  1582 10090
  1583 10090
  1584 10090
  1585 10090
  1586 10090
  1587 10090
  1588 10090
  1589 10090
  1590 10090
  1591 10090
  1592 10090
  1593 10090
  1594 10090
  1595 10090
  1596 10090
  1597 10090
  1598 10090
  1599 10090
  1600 10090
  1601 10090
  1604 10090
  1605 10090
  1606 10090
  1607 10090
  1608 10090
  1609 10090
  1610 10090
  1611 10090
  1612 10090
  1613 10090
  1614 10090
  1615 10067
  1616 10090
  1617 10163
  1618 10163
  1619 10163
  1620 10163
  1621 10163
  1622 10163
  1623 10163
  1624 10101
  1625 10101
  1626 10101
  1628 10143
  1629 10167
  1630 10167
  1631 10167
  1632 10167
  1633 10167
  1634 10167
  1635 10167
  1636 10167
  1637 10167
  1638 10167
  1639 10167
  1640 10167
  1641 10167
  1642 10167
  1643 10167
  1644 10167
  1645 10167
  1646 10167
  1647 10167
  1648 10167
  1649 10167
  1650 10167
  1651 10167
  1652 10167
  1653 10167
  1654 10167
  1655 10167
  1656 10167
  1657 10167
  1658 10167
  1659 10167
  1660 10167
  1661 10167
  1662 10167
  1663 10167
  1664 10167
  1665 10167
  1666 10167
  1667 10167
  1668 10167
  1669 10167
  1670 10167
  1671 10167
  1672 10167
  1673 10167
  1674 10167
  1675 10167
  1676 10167
  1677 10167
  1678 10167
  1679 10167
  1680 10167
  1681 10167
  1682 10167
  1683 10167
  1684 10167
  1685 10167
  1686 10167
  1687 10167
  1688 10167
  1689 10167
  1690 10167
  1691 10167
  1692 10167
  1693 10167
  1694 10167
  1695 10167
  1696 10167
  1697 10167
  1698 10167
  1699 10167
  1700 10167
  1701 10167
  1702 10167
  1703 10167
  1704 10167
  1705 10167
  1706 10167
  1707 10167
  1708 10167
  1709 10167
  1710 10167
  1711 10167
  1712 10167
  1713 10167
  1714 10167
  1715 10167
  1716 10167
  1717 10167
  1718 10167
  1719 10167
  1720 10167
  1721 10167
  1722 10167
  1723 10167
  1724 10167
  1725 10167
  1726 10167
  1727 10167
  1728 10167
  1729 10167
  1730 10167
  1731 10167
  1732 10167
  1733 10167
  1734 10167
  1735 10167
  1736 10167
  1737 10167
  1738 10167
  1739 10167
  1740 10167
  1741 10167
  1742 10167
  1743 10167
  1744 10167
  1745 10167
  1746 10167
  1747 10167
  1748 10167
  1749 10167
  1750 10167
  1751 10167
  1752 10167
  1753 10167
  1754 10167
  1755 10167
  1756 10167
  1757 10167
  1758 10167
  1759 10167
  1760 10167
  1761 10167
  1762 10167
  1763 10167
  1764 10167
  1765 10167
  1766 10167
  1767 10167
  1768 10167
  1769 10167
  1770 10167
  1771 10167
  1772 10167
  1773 10167
  1774 10167
  1775 10167
  1776 10167
  1777 10167
  1778 10167
  1779 10167
  1780 10167
  1781 10167
  1782 10167
  1783 10167
  1784 10167
  1785 10167
  1786 10167
  1787 10167
  1788 10167
  1789 10167
  1790 10167
  1791 10167
  1792 10167
  1793 10167
  1794 10167
  1795 10167
  1796 10167
  1797 10167
  1798 10167
  1799 10167
  1800 10167
  1801 10167
  1802 10167
  1803 10167
  1804 10167
  1805 10167
  1806 10167
  1807 10167
  1808 10167
  1809 10167
  1810 10167
  1811 10167
  1812 10167
  1813 10167
  1814 10167
  1815 10167
  1816 10167
  1817 10167
  1818 10167
  1819 10167
  1820 10167
  1821 10167
  1822 10167
  1823 10167
  1824 10167
  1825 10167
  1826 10167
  1827 10167
  1828 10167
  1829 10167
  1830 10167
  1831 10167
  1832 10167
  1833 10167
  1834 10167
  1835 10167
  1836 10167
  1837 10167
  1838 10167
  1839 10167
  1840 10167
  1841 10167
  1842 10167
  1843 10167
  1844 10167
  1845 10167
  1846 10167
  1847 10167
  1848 10167
  1849 10167
  1850 10167
  1851 10167
  1852 10167
  1853 10167
  1854 10167
  1855 10167
  1856 10167
  1857 10167
  1858 10154
  1859 10154
  1860 10154
  1865 10090
  1866 10090
  1867 10090
  1868 10090
  1869 10090
  1870 10090
  1871 10090
  1872 10090
  1873 10090
  1874 10090
  1875 10090
  1876 10090
  1877 10090
  1878 10090
  1879 10090
  1880 10090
  1881 10090
  1882 10090
  1883 10090
  1884 10090
  1885 10090
  1886 10090
  1887 10090
  1888 10090
  1889 10090
  1890 10090
  1891 10090
  1892 10090
  1893 10090
  1894 10090
  1895 10090
  1896 10090
  1897 10090
  1898 10090
  1899 10090
  1900 10090
  1901 10090
  1902 10090
  1903 10090
  1904 10090
  1905 10090
  1906 10090
  1907 10090
  1908 10090
  1909 10090
  1910 10090
  1911 10090
  1912 10090
  1913 10090
  1914 10090
  1915 10090
  1916 10090
  1917 10090
  1918 10090
  1919 10090
  1920 10090
  1921 10090
  1922 10090
  1923 10090
  1924 10090
  1925 10090
  1926 10090
  1927 10090
  1928 10090
  1929 10090
  1930 10090
  1931 10090
  1932 10090
  1933 10090
  1934 10090
  1935 10090
  1936 10090
  1937 10090
  1938 10090
  1939 10090
  1940 10090
  1941 10090
  1942 10090
  1943 10090
  1944 10090
  1945 10090
  1946 10090
  1947 10090
  1948 10090
  1949 10090
  1950 10090
  1951 10090
  1952 10090
  1953 10090
  1954 10090
  1955 10090
  1956 10090
  1957 10090
  1958 10090
  1959 10090
  1960 10090
  1961 10090
  1962 10090
  1963 10090
  1964 10090
  1965 10090
  1966 10090
  1967 10090
  1968 10090
  1969 10090
  1970 10090
  1971 10090
  1972 10090
  1973 10090
  1974 10090
  1975 10090
  1976 10090
  1977 10090
  1978 10090
  1979 10090
  1980 10090
  1981 10090
  1982 10090
  1983 10090
  1984 10090
  1985 10090
  1986 10090
  1987 10090
  1988 10090
  1989 10090
  1990 10090
  1991 10090
  1992 10090
  1993 10090
  1994 10090
  1995 10090
  1996 10090
  1997 10090
  1998 10090
  1999 10090
  2000 10090
  2001 10090
  2002 10090
  2003 10090
  2004 10090
  2005 10090
  2006 10090
  2007 10090
  2008 10090
  2009 10090
  2010 10090
  2011 10090
  2012 10090
  2013 10090
  2014 10090
  2015 10090
  2016 10090
  2017 10090
  2018 10090
  2019 10090
  2020 10090
  2021 10090
  2022 10090
  2023 10090
  2024 10090
  2025 10090
  2027 10101
