   719 10067
   720 10067
   721 10067
   722 10067
   723 10067
   724 10067
   725 10067
   726 10067
   727 10067
   728 10067
   729 10067
   730 10067
   731 10067
   732 10067
   733 10067
   734 10067
   735 10067
   736 10067
   737 10067
   738 10067
   739 10067
   740 10067
   741 10067
   742 10067
   743 10067
   744 10067
   745 10067
   746 10067
   747 10067
   748 10067
   749 10067
   750 10067
   751 10067
   752 10067
   753 10067
   754 10067
   755 10067
   756 10067
   757 10067
   758 10067
   759 10067
   760 10067
   761 10067
   762 10067
   763 10067
   764 10067
   765 10067
   766 10067
   767 10067
   768 10067
   769 10067
   770 10067
   771 10067
   772 10067
   773 10067
   774 10067
   776 10067
   777 10067
   778 10067
   779 10101
   780 10138
   781 10138
   782 10138
   783 10138
   784 10138
   785 10138
   786 10138
   787 10138
   788 10138
   789 10138
   790 10138
   791 10138
   792 10138
   793 10138
   794 10138
   795 10138
   796 10138
   797 10138
   798 10138
   799 10138
   800 10138
   801 10138
   802 10138
   803 10138
   804 10138
   805 10138
   806 10138
   807 10138
   808 10138
   809 10138
   810 10138
   811 10138
   812 10138
   813 10138
   814 10138
   815 10138
   816 10138
   817 10138
   818 10138
   819 10138
   820 10138
   821 10138
   822 10138
   823 10138
   824 10138
   825 10138
   826 10138
   827 10138
   828 10138
   829 10138
   830 10138
   831 10138
   832 10138
   833 10138
   834 10138
   835 10138
   836 10138
   837 10138
   838 10138
   839 10138
   840 10138
   841 10138
   842 10138
   843 10138
   844 10138
   845 10138
   846 10138
   847 10138
   848 10138
   849 10138
   850 10138
   851 10138
   852 10138
   853 10138
   854 10138
   855 10138
   856 10138
   857 10138
   858 10138
   859 10138
   860 10138
   861 10138
   862 10138
   863 10138
   864 10138
   865 10138
   866 10138
   867 10138
   868 10138
   869 10138
   870 10138
   871 10138
   872 10138
   873 10138
   874 10138
   875 10138
   876 10138
   877 10138
   878 10138
   879 10138
   880 10138
   881 10138
   882 10138
   883 10138
   884 10138
   885 10138
   886 10138
   887 10138
   888 10138
   889 10138
   890 10138
   891 10138
   892 10138
   893 10138
   894 10138
   895 10138
   896 10138
   897 10138
   898 10138
   899 10138
   900 10138
   901 10138
   902 10138
   903 10138
   904 10138
   905 10138
   906 10138
   907 10138
   908 10138
   909 10138
   910 10138
   911 10138
   912 10138
   913 10138
   914 10138
   915 10138
   916 10138
   917 10138
   918 10138
   919 10138
   920 10138
   921 10138
   922 10138
   923 10138
   924 10138
   925 10138
   926 10138
   927 10138
   928 10138
   929 10138
   930 10138
   931 10138
   932 10138
   933 10138
   934 10138
   935 10138
   936 10138
   937 10138
   938 10138
   939 10138
   940 10138
   941 10138
   942 10138
   943 10138
   944 10138
   945 10138
   946 10138
   947 10138
   948 10138
   949 10138
   950 10138
   951 10138
   952 10138
   953 10138
   954 10138
   955 10138
   956 10138
   957 10138
   958 10138
   959 10138
   960 10138
   961 10138
   962 10138
   963 10138
   964 10138
   965 10138
   966 10138
   967 10138
   968 10138
   969 10138
   970 10138
   971 10138
   972 10138
   973 10138
   974 10138
   975 10138
   976 10138
   977 10138
   978 10138
   979 10138
   980 10138
   981 10138
   982 10138
   983 10138
   984 10138
   985 10138
   986 10138
   987 10138
   988 10138
   989 10138
   990 10138
   991 10138
   992 10138
   993 10138
   994 10138
   995 10138
   996 10138
   997 10138
   998 10138
   999 10138
  1000 10138
  1001 10138
  1002 10138
  1003 10138
  1004 10138
  1005 10138
  1006 10138
  1007 10138
  1008 10138
  1009 10138
  1010 10138
  1011 10138
  1012 10138
  1013 10138
  1014 10138
  1015 10138
  1016 10138
  1017 10138
  1018 10138
  1019 10138
  1020 10062
  1021 10091
  1023 10091
  1024 10019
  1025 10019
  1026 10019
  1027 10019
  1028 10019
  1029 10020
  1030 10020
  1031 10020
  1032 10020
  1033 10020
  1034 10020
  1035 10020
  1036 10020
  1037 10020
  1038 10020
  1039 10020
  1040 10020
  1041 10020
  1042 10020
  1043 10020
  1044 10020
  1045 10020
  1046 10020
  1047 10020
  1048 10020
  1049 10020
  1050 10020
  1051 10020
  1052 10020
  1053 10020
  1054 10020
  1055 10020
  1056 10020
  1057 10020
  1058 10020
  1059 10020
  1060 10020
  1061 10020
  1062 10020
  1063 10020
  1064 10020
  1065 10020
  1066 10020
  1067 10020
  1068 10020
  1069 10020
  1070 10020
  1071 10020
  1072 10020
  1073 10020
  1074 10020
  1075 10020
  1076 10020
  1077 10020
  1078 10020
  1079 10020
  1080 10020
  1081 10020
  1082 10020
  1083 10020
  1084 10020
  1085 10020
  1086 10020
  1087 10020
  1088 10020
  1089 10020
  1090 10020
  1091 10020
  1092 10020
  1093 10020
  1094 10020
  1095 10020
  1096 10020
  1097 10020
  1098 10020
  1099 10020
  1100 10020
  1101 10020
  1102 10020
  1103 10020
  1104 10020
  1105 10020
  1106 10020
  1107 10020
  1108 10020
  1109 10020
  1110 10020
  1111 10020
  1112 10020
  1113 10020
  1114 10020
  1115 10020
  1116 10020
  1117 10020
  1118 10020
  1119 10020
  1120 10020
  1121 10020
  1122 10020
  1123 10020
  1124 10020
  1125 10020
  1126 10020
  1127 10020
  1128 10020
  1129 10020
  1130 10020
  1131 10020
  1132 10020
  1133 10020
  1134 10020
  1135 10020
  1136 10020
  1137 10020
  1138 10020
  1139 10020
  1140 10020
  1141 10020
  1142 10020
  1143 10020
  1144 10020
  1145 10020
  1146 10020
  1147 10020
  1148 10020
  1149 10020
  1150 10020
  1151 10020
  1152 10020
  1153 10020
  1154 10020
  1155 10020
  1156 10020
  1157 10020
  1158 10020
  1159 10020
  1160 10020
  1161 10020
  1162 10020
  1163 10020
  1164 10020
  1165 10020
  1166 10020
  1167 10020
  1168 10020
  1169 10020
  1170 10020
  1171 10020
  1172 10020
  1173 10020
  1174 10020
  1175 10020
  1176 10020
  1177 10020
  1178 10020
  1179 10020
  1180 10020
  1181 10020
  1182 10020
  1183 10020
  1184 10020
  1185 10020
  1186 10020
  1187 10020
  1188 10066
  1189 10066
  1190 10020
  1191 10066
  1192 10020
  1193 10020
  1194 10066
  1195 10020
  1196 10020
  1197 10020
  1198 10020
  1199 10020
  1200 10020
  1201 10020
  1202 10020
  1203 10020
  1204 10020
  1205 10020
  1206 10020
  1207 10020
  1208 10066
  1209 10066
  1210 10066
  1211 10066
  1212 10020
  1213 10066
  1214 10066
  1215 10066
  1216 10020
  1217 10066
  1218 10066
  1219 10020
  1220 10020
  1221 10020
  1222 10066
  1223 10020
  1224 10066
  1225 10066
  1226 10066
  1227 10066
  1228 10066
  1229 10066
  1230 10020
  1231 10020
  1232 10020
  1233 10020
  1234 10020
  1235 10020
  1236 10066
  1237 10066
  1238 10066
  1239 10066
  1240 10066
  1241 10066
  1242 10066
  1243 10066
  1244 10066
  1245 10066
  1246 10066
  1247 10066
  1248 10066
  1249 10066
  1250 10066
  1251 10066
  1252 10066
  1253 10066
  1254 10019
  1255 10066
  1256 10019
  1257 10019
  1258 10020
  1259 10072
  1260 10019
  1263 10043
  1264 10080
  1265 10080
  1266 10094
  1267 10080
  1294 10076
  1295 10055
  1296 10018
  1297 10018
  1298 10018
  1299 10106
  1300 10018
  1301 10018
  1302 10018
  1303 10018
  1304 10018
  1305 10018
  1306 10018
  1307 10018
  1308 10055
  1309 10055
  1310 10055
  1311 10055
  1312 10055
  1313 10055
  1314 10055
  1315 10055
  1316 10055
  1317 10055
  1318 10055
  1319 10055
  1320 10055
  1321 10055
  1322 10055
  1323 10055
  1324 10055
  1325 10055
  1327 10076
  1331 10171
  1332 10171
  1333 10171
  1334 10171
  1335 10171
  1336 10171
  1337 10128
  1338 10169
  1339 10169
  1340 10169
  1341 10169
  1342 10169
  1343 10169
  1344 10101
  1345 10101
  1346 10101
  1347 10101
  1348 10101
  1349 10101
  1350 10050
  1351 10134
  1352 10134
  1353 10134
  1354 10134
  1355 10134
  1356 10134
  1357 10134
  1367 10134
  1368 10134
  1369 10134
  1370 10134
  1371 10134
  1372 10101
  1373 10101
  1374 10134
  1375 10134
  1379 10134
  1380 10134
  1381 10134
  1382 10134
  1383 10169
  1384 10169
  1385 10169
  1386 10101
  1387 10101
  1388 10138
  1389 10138
  1390 10138
  1391 10138
  1392 10138
  1393 10138
  1394 10138
  1395 10138
  1396 10138
  1397 10138
  1398 10138
  1399 10138
  1400 10138
  1401 10138
  1402 10138
  1403 10138
  1404 10138
  1405 10138
  1407 10138
  1408 10138
  1409 10138
  1410 10138
  1411 10138
  1412 10138
  1413 10138
  1414 10138
  1415 10138
  1416 10138
  1417 10138
  1418 10138
  1419 10138
  1420 10138
  1421 10138
  1422 10138
  1423 10138
  1424 10138
  1425 10138
  1426 10138
  1427 10138
  1428 10138
  1429 10138
  1430 10138
  1431 10138
  1432 10138
  1433 10138
  1434 10138
  1435 10138
  1436 10138
  1437 10138
  1438 10138
  1439 10138
  1440 10138
  1441 10138
  1442 10138
  1443 10138
  1444 10138
  1445 10138
  1446 10138
  1447 10138
  1448 10138
  1449 10138
  1450 10138
  1451 10138
  1452 10138
  1453 10138
  1454 10138
  1455 10138
  1456 10138
  1457 10138
  1458 10138
  1459 10138
  1460 10138
  1461 10138
  1462 10138
  1463 10138
  1464 10138
  1465 10138
  1466 10138
  1467 10138
  1468 10138
  1469 10138
  1470 10138
  1471 10138
  1472 10138
  1473 10138
  1474 10138
  1475 10138
  1476 10138
  1477 10138
  1478 10138
  1479 10138
  1480 10138
  1481 10138
  1482 10138
  1483 10138
  1484 10138
  1485 10138
  1486 10138
  1487 10138
  1488 10138
  1489 10138
  1490 10138
  1491 10138
  1492 10138
  1493 10138
  1494 10138
  1495 10138
  1496 10138
  1497 10138
  1498 10138
  1499 10138
  1500 10138
  1501 10138
  1502 10138
  1503 10138
  1504 10138
  1505 10138
  1506 10138
  1507 10138
  1508 10138
  1509 10138
  1510 10138
  1511 10138
  1512 10138
  1513 10138
  1514 10138
  1515 10138
  1516 10138
  1517 10138
  1518 10138
  1519 10138
  1520 10138
  1521 10138
  1522 10144
  1523 10144
  1524 10138
  1525 10138
  1526 10138
  1527 10138
  1528 10138
  1529 10138
  1530 10138
  1531 10138
  1532 10138
  1533 10138
  1534 10138
  1535 10138
  1536 10138
  1537 10138
  1538 10138
  1539 10138
  1540 10138
  1541 10138
  1542 10138
  1543 10138
  1544 10138
  1545 10138
  1546 10138
  1547 10138
  1548 10138
  1549 10138
  1550 10138
  1551 10138
  1552 10138
  1553 10138
  1554 10138
  1555 10138
  1556 10138
  1557 10138
  1558 10138
  1559 10138
  1560 10138
  1561 10138
  1562 10138
  1563 10138
  1564 10138
  1565 10138
  1566 10138
  1567 10138
  1568 10138
  1569 10138
  1570 10138
  1571 10138
  1572 10138
  1573 10138
  1574 10138
  1575 10138
  1576 10138
  1577 10138
  1578 10138
  1579 10138
  1580 10138
  1581 10138
  1582 10138
  1583 10138
  1584 10138
  1585 10138
  1586 10138
  1587 10138
  1588 10138
  1589 10138
  1590 10138
  1591 10138
  1592 10138
  1593 10138
  1594 10138
  1595 10138
  1596 10138
  1597 10138
  1598 10138
  1599 10138
  1600 10138
  1601 10138
  1602 10138
  1603 10138
  1604 10138
  1605 10138
  1606 10138
  1607 10138
  1608 10138
  1609 10138
  1610 10138
  1611 10138
  1612 10138
  1613 10138
  1614 10138
  1615 10138
  1616 10138
  1617 10138
  1618 10138
  1619 10101
  1620 10128
  1621 10128
  1623 10098
  1624 10098
  1625 10098
  1626 10098
  1627 10098
  1630 10154
  1631 10154
  1632 10154
  1634 10154
  1635 10154
  1642 10132
  1643 10132
  1646 10132
  1647 10033
  1648 10132
  1649 10132
  1650 10132
  1651 10132
  1652 10018
  1659 10132
  1660 10132
  1680 10154
  1687 10036
  1726 10154
  1730 10154
  1735 10154
  1744 10154
  1764 10154
  1774 10154
  1775 10154
  1776 10154
  1777 10154
  1778 10154
  1779 10154
  1783 10154
  1786 10141
  1788 10141
  1789 10141
  1844 10031
  1848 10154
  1849 10154
  1860 10031
  1864 10005
  1866 10132
  1867 10132
  1868 10132
  1869 10132
  1870 10132
  1871 10132
  1872 10132
  1873 10132
  1874 10132
  1875 10132
  1876 10132
  1877 10132
  1878 10132
  1879 10132
  1880 10132
  1881 10132
  1882 10132
  1883 10132
  1884 10132
  1885 10132
  1886 10132
  1887 10132
  1888 10132
  1889 10132
  1890 10132
  1891 10132
  1892 10132
  1893 10132
  1894 10132
  1895 10132
  1896 10132
  1897 10132
  1898 10132
  1899 10132
  1900 10132
  1901 10132
  1902 10132
  1903 10132
  1904 10132
  1905 10132
  1906 10132
  1907 10132
  1908 10132
  1909 10132
  1910 10132
  1911 10132
  1912 10132
  1913 10132
  1914 10132
  1915 10132
  1916 10132
  1917 10132
  1918 10132
  1919 10132
  1920 10132
  1921 10132
  1922 10132
  1923 10132
  1924 10132
  1925 10132
  1926 10132
  1927 10132
  1928 10132
  1929 10132
  1930 10132
  1931 10132
  1932 10132
  1933 10132
  1934 10132
  1935 10132
  1936 10132
  1937 10132
  1938 10132
  1939 10132
  1940 10132
  1941 10132
  1942 10132
  1943 10132
  1944 10132
  1945 10132
  1946 10132
  1947 10132
  1948 10132
  1949 10132
  1950 10132
  1951 10132
  1952 10132
  1953 10132
  1954 10132
  1955 10132
  1956 10132
  1957 10132
  1958 10132
  1959 10132
  1960 10132
  1961 10132
  1962 10132
  1963 10132
  1964 10132
  1965 10132
  1966 10132
  1967 10132
  1968 10132
  1969 10132
  1970 10132
  1971 10132
  1972 10132
  1973 10132
  1974 10132
  1975 10132
  1976 10132
  1977 10132
  1978 10132
  1979 10132
  1980 10132
  1981 10132
  1982 10132
  1983 10132
  1984 10132
  1985 10132
  1986 10132
  1987 10132
  1988 10132
  1989 10132
  1990 10132
  1991 10132
  1992 10132
  1993 10132
  1994 10132
  1995 10132
  1996 10132
  1997 10132
  1998 10132
  1999 10132
  2000 10132
  2001 10132
  2002 10132
  2003 10132
  2004 10132
  2005 10132
  2006 10132
  2007 10132
  2008 10132
  2009 10132
  2010 10132
  2011 10132
  2012 10132
  2013 10132
  2014 10132
  2015 10132
  2016 10132
  2017 10132
  2018 10132
  2019 10132
  2020 10132
  2021 10132
  2022 10132
  2023 10132
