   686 10029
   687 10029
   688 10029
   689 10029
   690 10029
   691 10029
   692 10029
   693 10029
   694 10029
   695 10029
   696 10029
   697 10029
   698 10029
   699 10029
   700 10029
   701 10029
   702 10029
   703 10029
   704 10029
   705 10029
   706 10029
   707 10029
   708 10029
   709 10029
   710 10029
   711 10029
   712 10029
   713 10029
   714 10029
   715 10029
   716 10029
   717 10029
   718 10029
   719 10029
   720 10029
   721 10029
   722 10029
   723 10029
   724 10029
   725 10029
   726 10029
   727 10029
   728 10029
   729 10029
   730 10029
   731 10029
   732 10029
   733 10029
   734 10029
   735 10029
   736 10029
   737 10029
   738 10029
   739 10029
   740 10029
   741 10029
   742 10029
   743 10029
   744 10029
   745 10029
   746 10029
   747 10029
   748 10029
   749 10029
   750 10029
   751 10029
   752 10029
   753 10029
   754 10029
   755 10029
   756 10029
   757 10029
   758 10029
   759 10029
   760 10029
   761 10029
   762 10029
   763 10029
   764 10029
   765 10029
   766 10029
   767 10029
   768 10029
   769 10029
   770 10029
   771 10029
   772 10029
   773 10029
   774 10029
   775 10154
   781 10162
   782 10162
   783 10162
   784 10162
   785 10162
   786 10162
   787 10162
   788 10162
   789 10162
   790 10162
   791 10162
   792 10162
   793 10162
   794 10162
   795 10162
   796 10162
   797 10162
   798 10162
   799 10162
   800 10162
   801 10162
   802 10162
   803 10162
   804 10162
   805 10162
   806 10162
   807 10162
   808 10162
   809 10162
   810 10162
   811 10162
   812 10162
   813 10162
   814 10162
   815 10162
   816 10162
   817 10162
   818 10162
   819 10162
   820 10162
   821 10162
   822 10162
   823 10162
   824 10162
   825 10162
   826 10162
   827 10162
   828 10162
   829 10162
   830 10162
   831 10162
   832 10162
   833 10162
   834 10162
   835 10162
   836 10162
   837 10162
   838 10162
   839 10162
   840 10162
   841 10162
   842 10162
   843 10162
   844 10162
   845 10162
   846 10162
   847 10162
   848 10162
   849 10162
   850 10162
   851 10162
   852 10162
   853 10162
   854 10162
   855 10162
   856 10162
   857 10162
   858 10162
   859 10162
   860 10162
   861 10162
   862 10162
   863 10162
   864 10162
   865 10162
   866 10162
   867 10162
   868 10162
   869 10162
   870 10162
   871 10162
   872 10162
   873 10162
   874 10162
   875 10162
   876 10162
   877 10162
   878 10162
   879 10162
   880 10162
   881 10162
   884 10162
   885 10162
   886 10162
   887 10162
   888 10162
   889 10162
   890 10162
   891 10162
   892 10162
   893 10162
   894 10162
   895 10162
   896 10162
   897 10162
   898 10162
   899 10162
   900 10162
   901 10162
   902 10162
   903 10162
   904 10162
   905 10162
   906 10162
   907 10162
   908 10162
   909 10162
   910 10162
   911 10162
   912 10162
   913 10162
   914 10162
   915 10162
   916 10162
   917 10162
   918 10162
   919 10162
   920 10162
   921 10162
   922 10162
   923 10162
   924 10162
   925 10162
   926 10162
   927 10162
   928 10162
   929 10162
   930 10162
   931 10162
   932 10162
   933 10162
   934 10162
   935 10162
   936 10162
   937 10162
   938 10162
   939 10162
   940 10162
   941 10162
   942 10162
   943 10162
   944 10162
   945 10162
   946 10162
   947 10162
   948 10162
   949 10162
   950 10162
   951 10162
   952 10162
   953 10162
   954 10162
   955 10162
   956 10162
   957 10162
   958 10162
   959 10162
   960 10162
   961 10162
   962 10162
   963 10162
   964 10162
   965 10162
   966 10162
   967 10162
   968 10162
   969 10162
   970 10162
   971 10162
   972 10162
   973 10162
   974 10162
   975 10162
   976 10162
   977 10162
   978 10162
   979 10162
   980 10162
   981 10162
   982 10162
   983 10162
   984 10162
   985 10162
   986 10162
   987 10162
   988 10162
   989 10162
   990 10162
   991 10162
   992 10162
   993 10162
   994 10162
   995 10162
   996 10162
   997 10162
   998 10162
   999 10162
  1000 10162
  1001 10162
  1002 10162
  1003 10162
  1004 10162
  1005 10162
  1006 10162
  1007 10162
  1008 10162
  1009 10162
  1010 10162
  1011 10162
  1012 10162
  1013 10162
  1014 10162
  1015 10162
  1016 10162
  1017 10016
  1018 10036
  1019 10016
  1020 10036
  1021 10143
  1022 10155
  1023 10155
  1024 10155
  1025 10155
  1026 10155
  1027 10155
  1028 10155
  1029 10155
  1030 10155
  1031 10155
  1032 10155
  1033 10155
  1034 10155
  1035 10155
  1036 10155
  1037 10155
  1038 10155
  1039 10155
  1040 10155
  1041 10155
  1042 10155
  1043 10155
  1044 10155
  1045 10155
  1046 10155
  1047 10155
  1048 10155
  1049 10155
  1050 10155
  1051 10155
  1052 10155
  1053 10155
  1054 10155
  1055 10155
  1056 10155
  1057 10155
  1058 10155
  1059 10155
  1060 10155
  1061 10155
  1062 10155
  1063 10155
  1064 10155
  1065 10155
  1066 10155
  1067 10155
  1068 10155
  1069 10155
  1070 10155
  1071 10155
  1072 10155
  1073 10155
  1074 10155
  1075 10155
  1076 10155
  1077 10155
  1078 10155
  1079 10155
  1080 10155
  1081 10155
  1082 10155
  1083 10155
  1084 10155
  1085 10155
  1086 10155
  1087 10155
  1088 10155
  1089 10155
  1090 10155
  1091 10155
  1092 10155
  1093 10155
  1094 10155
  1095 10155
  1096 10155
  1097 10155
  1098 10155
  1099 10155
  1100 10155
  1101 10155
  1102 10155
  1103 10155
  1104 10155
  1105 10155
  1106 10155
  1107 10155
  1108 10155
  1109 10155
  1110 10155
  1111 10155
  1112 10155
  1113 10155
  1114 10155
  1115 10155
  1116 10155
  1117 10155
  1118 10155
  1119 10155
  1120 10155
  1121 10155
  1122 10155
  1123 10155
  1124 10155
  1125 10155
  1126 10155
  1127 10155
  1128 10155
  1129 10155
  1130 10155
  1131 10155
  1132 10155
  1133 10155
  1134 10155
  1135 10155
  1136 10155
  1137 10155
  1138 10155
  1139 10155
  1140 10155
  1141 10155
  1142 10155
  1143 10155
  1144 10155
  1145 10155
  1146 10155
  1147 10155
  1148 10155
  1149 10155
  1150 10155
  1151 10155
  1152 10155
  1153 10155
  1154 10155
  1155 10155
  1156 10155
  1157 10155
  1158 10155
  1159 10155
  1160 10155
  1161 10155
  1162 10155
  1163 10155
  1164 10155
  1165 10155
  1166 10155
  1167 10155
  1168 10155
  1169 10155
  1170 10155
  1171 10155
  1172 10155
  1173 10155
  1174 10155
  1175 10155
  1176 10155
  1177 10155
  1178 10155
  1179 10155
  1180 10155
  1181 10155
  1182 10155
  1183 10155
  1184 10155
  1185 10155
  1186 10155
  1187 10155
  1188 10155
  1189 10155
  1190 10155
  1191 10155
  1192 10155
  1193 10155
  1194 10155
  1195 10155
  1196 10155
  1197 10155
  1198 10155
  1199 10155
  1200 10155
  1201 10155
  1202 10155
  1203 10155
  1204 10155
  1205 10155
  1206 10155
  1207 10155
  1208 10155
  1209 10155
  1210 10155
  1211 10155
  1212 10155
  1213 10155
  1214 10155
  1215 10155
  1216 10155
  1217 10155
  1218 10155
  1219 10155
  1220 10155
  1221 10155
  1222 10155
  1223 10155
  1224 10155
  1225 10155
  1226 10155
  1227 10155
  1228 10155
  1229 10155
  1230 10155
  1231 10055
  1232 10155
  1233 10155
  1234 10155
  1235 10155
  1236 10155
  1237 10155
  1238 10155
  1239 10155
  1240 10155
  1241 10155
  1242 10155
  1243 10155
  1244 10155
  1245 10155
  1246 10155
  1247 10155
  1248 10155
  1249 10155
  1250 10155
  1251 10155
  1252 10155
  1253 10155
  1254 10155
  1255 10155
  1256 10155
  1257 10155
  1258 10155
  1259 10143
  1260 10143
  1261 10075
  1262 10143
  1263 10075
  1264 10081
  1265 10081
  1266 10154
  1267 10154
  1268 10154
  1269 10154
  1270 10154
  1271 10154
  1272 10154
  1273 10154
  1274 10158
  1275 10018
  1276 10076
  1281 10061
  1282 10061
  1283 10061
  1284 10141
  1285 10141
  1286 10141
  1287 10055
  1288 10055
  1289 10018
  1290 10018
  1291 10018
  1292 10018
  1293 10018
  1294 10018
  1295 10106
  1296 10106
  1297 10106
  1298 10106
  1299 10106
  1300 10040
  1301 10106
  1302 10106
  1303 10106
  1304 10040
  1305 10040
  1306 10040
  1307 10040
  1308 10106
  1309 10106
  1310 10106
  1311 10106
  1312 10106
  1313 10106
  1314 10106
  1315 10040
  1316 10040
  1317 10106
  1318 10106
  1319 10106
  1320 10106
  1321 10106
  1322 10040
  1323 10106
  1324 10106
  1325 10106
  1326 10106
  1327 10040
  1328 10106
  1329 10106
  1330 10106
  1331 10106
  1332 10106
  1333 10106
  1334 10106
  1335 10106
  1336 10106
  1337 10106
  1338 10106
  1339 10106
  1340 10040
  1341 10040
  1342 10106
  1343 10106
  1344 10106
  1345 10106
  1346 10106
  1347 10040
  1348 10106
  1349 10106
  1350 10106
  1351 10055
  1352 10106
  1353 10106
  1354 10106
  1355 10106
  1356 10040
  1357 10040
  1358 10040
  1359 10040
  1360 10040
  1361 10040
  1362 10040
  1363 10106
  1364 10106
  1367 10040
  1368 10106
  1369 10040
  1370 10055
  1371 10055
  1372 10055
  1373 10055
  1374 10076
  1375 10138
  1376 10138
  1381 10095
  1383 10095
  1384 10095
  1385 10095
  1386 10095
  1387 10095
  1388 10095
  1389 10095
  1390 10095
  1391 10095
  1392 10095
  1393 10095
  1394 10095
  1395 10095
  1396 10095
  1397 10095
  1398 10095
  1399 10095
  1400 10095
  1401 10095
  1402 10095
  1403 10095
  1404 10095
  1405 10095
  1406 10095
  1407 10095
  1408 10095
  1409 10095
  1410 10095
  1411 10095
  1412 10095
  1413 10095
  1414 10095
  1415 10095
  1416 10095
  1417 10095
  1418 10095
  1419 10095
  1420 10095
  1421 10095
  1422 10095
  1423 10095
  1424 10095
  1425 10095
  1426 10095
  1427 10095
  1428 10095
  1429 10095
  1430 10095
  1431 10095
  1432 10095
  1433 10095
  1434 10095
  1435 10095
  1436 10095
  1437 10095
  1438 10095
  1439 10095
  1440 10095
  1441 10095
  1442 10095
  1443 10095
  1444 10095
  1445 10095
  1446 10095
  1447 10095
  1448 10095
  1449 10095
  1450 10095
  1451 10095
  1452 10095
  1453 10095
  1454 10095
  1455 10095
  1456 10095
  1457 10095
  1458 10095
  1459 10095
  1460 10095
  1461 10095
  1462 10095
  1463 10095
  1464 10095
  1465 10095
  1466 10095
  1467 10095
  1468 10095
  1469 10095
  1470 10095
  1471 10095
  1472 10095
  1473 10095
  1474 10095
  1475 10095
  1476 10095
  1477 10095
  1478 10095
  1479 10095
  1480 10095
  1481 10095
  1482 10095
  1483 10095
  1484 10095
  1485 10095
  1486 10095
  1487 10095
  1488 10095
  1489 10095
  1490 10095
  1491 10095
  1492 10095
  1493 10095
  1494 10095
  1495 10095
  1496 10095
  1497 10095
  1498 10095
  1499 10095
  1500 10095
  1501 10095
  1502 10095
  1503 10095
  1504 10095
  1505 10095
  1506 10095
  1507 10095
  1508 10095
  1509 10095
  1510 10095
  1511 10095
  1512 10095
  1513 10095
  1514 10095
  1515 10095
  1516 10095
  1517 10095
  1518 10095
  1519 10095
  1520 10095
  1521 10095
  1522 10095
  1523 10095
  1524 10095
  1525 10095
  1526 10095
  1527 10095
  1528 10095
  1529 10095
  1530 10095
  1531 10095
  1532 10095
  1533 10095
  1534 10095
  1535 10095
  1536 10095
  1537 10095
  1538 10095
  1539 10095
  1540 10095
  1541 10095
  1542 10095
  1543 10095
  1544 10095
  1545 10095
  1546 10095
  1547 10095
  1548 10095
  1549 10095
  1550 10095
  1551 10095
  1552 10095
  1553 10095
  1554 10095
  1555 10095
  1556 10095
  1557 10095
  1558 10095
  1559 10095
  1560 10095
  1561 10095
  1562 10095
  1563 10095
  1564 10095
  1565 10095
  1566 10095
  1567 10095
  1568 10095
  1569 10095
  1570 10095
  1571 10095
  1572 10095
  1573 10095
  1574 10095
  1575 10095
  1576 10095
  1577 10095
  1578 10095
  1579 10095
  1580 10095
  1581 10095
  1582 10095
  1583 10095
  1584 10095
  1585 10095
  1586 10095
  1587 10095
  1588 10095
  1589 10095
  1590 10095
  1591 10095
  1592 10095
  1593 10095
  1594 10095
  1595 10095
  1596 10095
  1597 10095
  1598 10095
  1599 10095
  1600 10095
  1601 10095
  1602 10095
  1603 10095
  1604 10095
  1605 10095
  1606 10095
  1607 10095
  1608 10095
  1609 10095
  1610 10095
  1611 10095
  1612 10095
  1613 10095
  1614 10095
  1615 10095
  1616 10067
  1617 10067
  1618 10067
  1619 10067
  1620 10067
  1622 10091
  1623 10091
  1624 10049
  1625 10020
  1626 10049
  1627 10021
  1628 10021
  1629 10021
  1630 10021
  1631 10021
  1632 10021
  1633 10021
  1634 10021
  1635 10021
  1636 10021
  1637 10021
  1638 10021
  1639 10021
  1640 10021
  1641 10021
  1642 10021
  1643 10021
  1644 10021
  1645 10021
  1646 10021
  1647 10021
  1648 10021
  1649 10021
  1650 10021
  1651 10021
  1652 10021
  1653 10021
  1654 10021
  1655 10021
  1656 10021
  1657 10021
  1658 10021
  1659 10021
  1660 10021
  1661 10021
  1662 10021
  1663 10021
  1664 10021
  1665 10021
  1666 10021
  1667 10021
  1668 10021
  1669 10021
  1670 10021
  1671 10021
  1672 10021
  1673 10021
  1674 10021
  1675 10021
  1676 10021
  1677 10021
  1678 10021
  1679 10021
  1680 10021
  1681 10021
  1682 10021
  1683 10021
  1684 10021
  1685 10021
  1686 10021
  1687 10021
  1688 10021
  1689 10021
  1690 10021
  1691 10021
  1692 10021
  1693 10021
  1694 10021
  1695 10021
  1696 10021
  1697 10021
  1698 10021
  1699 10021
  1700 10021
  1701 10021
  1702 10021
  1703 10021
  1704 10021
  1705 10021
  1706 10021
  1707 10021
  1708 10021
  1709 10021
  1710 10021
  1711 10021
  1712 10021
  1713 10021
  1714 10021
  1715 10021
  1716 10021
  1717 10021
  1718 10021
  1719 10021
  1720 10021
  1721 10021
  1722 10021
  1723 10021
  1724 10021
  1725 10021
  1726 10021
  1727 10021
  1728 10021
  1729 10021
  1730 10021
  1731 10021
  1732 10021
  1733 10021
  1734 10021
  1735 10021
  1736 10021
  1737 10021
  1738 10021
  1739 10021
  1740 10021
  1741 10021
  1742 10021
  1743 10021
  1744 10021
  1745 10021
  1746 10021
  1747 10021
  1748 10021
  1749 10021
  1750 10021
  1751 10021
  1752 10021
  1753 10021
  1754 10021
  1755 10021
  1756 10021
  1757 10021
  1758 10021
  1759 10021
  1760 10021
  1761 10021
  1762 10021
  1763 10021
  1764 10021
  1765 10021
  1766 10021
  1767 10021
  1768 10021
  1769 10021
  1770 10021
  1771 10021
  1772 10021
  1773 10021
  1774 10021
  1775 10021
  1776 10021
  1777 10021
  1778 10021
  1779 10021
  1780 10021
  1781 10021
  1782 10021
  1783 10021
  1784 10021
  1785 10021
  1786 10021
  1787 10021
  1788 10021
  1789 10021
  1790 10021
  1791 10021
  1792 10021
  1793 10021
  1794 10021
  1795 10021
  1796 10021
  1797 10021
  1798 10021
  1799 10021
  1800 10021
  1801 10021
  1802 10021
  1803 10021
  1804 10021
  1805 10021
  1806 10021
  1807 10021
  1808 10021
  1809 10021
  1810 10021
  1811 10021
  1812 10021
  1813 10021
  1814 10021
  1815 10021
  1816 10021
  1817 10021
  1818 10021
  1819 10021
  1820 10021
  1821 10021
  1822 10021
  1823 10021
  1824 10021
  1825 10021
  1826 10021
  1827 10021
  1828 10021
  1829 10021
  1830 10021
  1831 10021
  1832 10021
  1833 10021
  1834 10021
  1835 10021
  1836 10021
  1837 10021
  1838 10021
  1839 10021
  1840 10021
  1841 10021
  1842 10021
  1843 10021
  1844 10021
  1845 10021
  1846 10021
  1847 10021
  1848 10021
  1849 10021
  1850 10021
  1851 10021
  1852 10021
  1853 10021
  1854 10021
  1855 10021
  1856 10021
  1857 10049
  1858 10049
  1859 10049
  1860 10049
  1861 10049
  1862 10049
  1863 10049
  1864 10049
  1865 10049
  1866 10049
  1867 10049
  1868 10049
  1869 10049
  1870 10049
  1871 10049
  1872 10049
  1873 10049
  1874 10049
  1875 10049
  1876 10049
  1877 10049
  1878 10049
  1882 10123
  1883 10123
  1884 10123
  1885 10123
  1886 10169
  1895 10164
  1898 10128
  1899 10138
  1900 10128
  1903 10123
  1904 10128
  1905 10062
  1906 10062
  1907 10062
  1908 10062
  1909 10063
  1910 10063
  1915 10123
  1916 10123
  1917 10123
  1918 10123
  1921 10128
  1924 10163
  1925 10123
  1926 10163
  1942 10128
  1960 10141
  1961 10141
  1962 10141
  1963 10141
  1974 10091
  1976 10043
  1982 10141
  1983 10141
  1984 10141
  1985 10141
  1986 10141
  1987 10141
  1988 10141
  1989 10141
  1990 10141
  1991 10141
  1992 10138
  1993 10138
  1994 10123
  1995 10062
  1996 10068
  1999 10123
  2000 10123
  2001 10123
  2020 10043
  2021 10061
  2022 10061
  2023 10141
  2024 10101
  2025 10101
  2028 10029
  2030 10029
  2031 10029
  2032 10029
  2033 10029
