   686 10031
   687 10031
   688 10031
   689 10031
   690 10031
   691 10031
   692 10031
   693 10031
   694 10031
   695 10031
   696 10031
   697 10031
   698 10031
   699 10031
   700 10031
   701 10031
   702 10031
   703 10031
   704 10031
   705 10031
   706 10031
   707 10031
   708 10031
   709 10031
   710 10031
   711 10031
   712 10031
   713 10031
   714 10031
   715 10031
   716 10031
   717 10031
   718 10031
   719 10031
   720 10031
   721 10031
   722 10031
   723 10031
   724 10031
   725 10031
   726 10031
   727 10031
   728 10031
   729 10031
   730 10031
   731 10031
   732 10031
   733 10031
   734 10031
   735 10031
   736 10031
   737 10031
   738 10031
   739 10031
   740 10031
   741 10031
   742 10031
   743 10031
   744 10031
   745 10031
   746 10031
   747 10031
   748 10031
   749 10031
   750 10031
   751 10031
   752 10031
   753 10031
   754 10031
   755 10031
   756 10031
   757 10031
   758 10031
   759 10031
   760 10031
   761 10031
   762 10031
   763 10031
   764 10031
   765 10031
   766 10031
   767 10031
   768 10031
   769 10031
   770 10031
   771 10031
   772 10031
   773 10031
   774 10031
   775 10031
   776 10031
   777 10031
   778 10031
   779 10031
   780 10031
   785 10135
   786 10165
   787 10165
   788 10165
   789 10165
   790 10165
   791 10165
   792 10165
   793 10165
   794 10165
   795 10165
   796 10165
   797 10165
   798 10165
   799 10165
   800 10165
   801 10165
   802 10165
   803 10165
   804 10165
   805 10165
   806 10165
   807 10165
   808 10165
   809 10165
   810 10165
   811 10165
   812 10165
   813 10165
   814 10165
   815 10165
   816 10165
   817 10165
   818 10165
   819 10165
   820 10165
   821 10165
   822 10165
   823 10165
   824 10165
   825 10165
   826 10165
   827 10165
   828 10165
   829 10165
   830 10135
   831 10165
   832 10165
   833 10165
   834 10165
   835 10165
   836 10165
   837 10165
   838 10165
   839 10165
   840 10165
   841 10165
   842 10165
   843 10135
   844 10165
   845 10165
   846 10165
   847 10165
   848 10165
   849 10165
   850 10165
   851 10165
   852 10165
   853 10135
   854 10135
   855 10135
   856 10135
   857 10165
   858 10165
   859 10165
   860 10165
   861 10165
   862 10165
   863 10165
   864 10165
   865 10165
   866 10165
   867 10165
   868 10135
   869 10165
   870 10165
   871 10165
   872 10165
   873 10165
   874 10135
   875 10165
   876 10165
   877 10165
   878 10165
   879 10165
   880 10165
   881 10165
   882 10165
   883 10165
   884 10165
   885 10165
   886 10165
   887 10165
   888 10165
   889 10165
   890 10165
   891 10165
   892 10165
   893 10165
   894 10165
   895 10165
   896 10165
   897 10165
   898 10165
   899 10165
   900 10135
   901 10135
   902 10165
   903 10165
   904 10165
   905 10165
   906 10165
   907 10165
   908 10165
   909 10165
   910 10165
   911 10165
   912 10165
   913 10165
   914 10165
   915 10165
   916 10165
   917 10165
   918 10165
   919 10165
   920 10165
   921 10165
   922 10165
   923 10165
   924 10165
   925 10165
   926 10165
   927 10165
   928 10165
   929 10165
   930 10165
   931 10165
   932 10165
   933 10165
   934 10165
   935 10165
   936 10165
   937 10165
   938 10165
   939 10165
   940 10165
   941 10165
   942 10165
   943 10165
   944 10165
   945 10165
   946 10165
   947 10165
   948 10165
   949 10165
   950 10165
   951 10165
   952 10165
   953 10165
   954 10165
   955 10165
   956 10165
   957 10165
   958 10165
   959 10165
   960 10135
   961 10165
   962 10135
   963 10135
   964 10165
   965 10165
   966 10165
   967 10165
   968 10165
   969 10165
   970 10165
   971 10165
   972 10165
   973 10165
   974 10165
   975 10165
   976 10165
   977 10165
   978 10165
   979 10165
   980 10165
   981 10165
   982 10165
   983 10165
   984 10165
   985 10165
   986 10165
   987 10165
   988 10165
   989 10165
   990 10165
   991 10165
   992 10165
   993 10165
   994 10165
   995 10165
   996 10165
   997 10165
   998 10165
   999 10165
  1000 10165
  1001 10165
  1002 10165
  1003 10165
  1004 10165
  1005 10165
  1006 10165
  1007 10165
  1008 10165
  1009 10165
  1010 10165
  1011 10165
  1012 10165
  1013 10165
  1015 10116
  1016 10116
  1017 10154
  1018 10016
  1019 10016
  1020 10016
  1021 10154
  1022 10014
  1024 10014
  1026 10146
  1028 10146
  1029 10146
  1030 10146
  1031 10146
  1032 10146
  1033 10146
  1034 10146
  1035 10146
  1036 10146
  1037 10146
  1038 10146
  1039 10146
  1040 10146
  1041 10146
  1042 10146
  1043 10146
  1044 10146
  1045 10146
  1046 10146
  1047 10146
  1048 10146
  1049 10146
  1050 10146
  1051 10146
  1052 10146
  1053 10146
  1054 10146
  1055 10146
  1056 10146
  1057 10146
  1058 10146
  1059 10146
  1060 10146
  1061 10146
  1062 10146
  1063 10146
  1064 10146
  1065 10146
  1066 10146
  1067 10146
  1068 10146
  1069 10146
  1070 10146
  1071 10146
  1072 10146
  1073 10146
  1074 10146
  1075 10146
  1076 10146
  1077 10146
  1078 10146
  1079 10146
  1080 10146
  1081 10146
  1082 10146
  1083 10146
  1084 10146
  1085 10146
  1086 10146
  1087 10146
  1088 10146
  1089 10146
  1090 10146
  1091 10146
  1092 10146
  1093 10146
  1094 10146
  1095 10146
  1096 10146
  1097 10146
  1098 10146
  1099 10146
  1100 10146
  1101 10146
  1102 10146
  1103 10146
  1104 10146
  1105 10146
  1106 10146
  1107 10146
  1108 10146
  1109 10146
  1110 10146
  1111 10146
  1112 10146
  1113 10146
  1114 10146
  1115 10146
  1116 10146
  1117 10146
  1118 10146
  1119 10146
  1120 10146
  1121 10146
  1122 10146
  1123 10146
  1124 10146
  1125 10146
  1126 10146
  1127 10146
  1128 10146
  1129 10146
  1130 10146
  1131 10146
  1132 10146
  1133 10146
  1134 10146
  1135 10146
  1136 10146
  1137 10146
  1138 10146
  1139 10146
  1140 10146
  1141 10146
  1142 10146
  1143 10146
  1144 10146
  1145 10146
  1146 10146
  1147 10146
  1148 10146
  1149 10146
  1150 10146
  1151 10146
  1152 10146
  1153 10146
  1154 10146
  1155 10146
  1156 10146
  1157 10146
  1158 10146
  1159 10146
  1160 10146
  1161 10146
  1162 10146
  1163 10146
  1164 10146
  1165 10146
  1166 10146
  1167 10146
  1168 10146
  1169 10146
  1170 10146
  1171 10146
  1172 10146
  1173 10146
  1174 10146
  1175 10146
  1176 10146
  1177 10146
  1178 10146
  1179 10146
  1180 10146
  1181 10146
  1182 10146
  1183 10146
  1184 10146
  1185 10146
  1186 10146
  1187 10146
  1188 10146
  1189 10146
  1190 10146
  1191 10146
  1192 10146
  1193 10146
  1194 10146
  1195 10146
  1196 10146
  1197 10146
  1198 10146
  1199 10146
  1200 10146
  1201 10146
  1202 10146
  1203 10146
  1204 10146
  1205 10146
  1206 10146
  1207 10146
  1208 10146
  1209 10146
  1210 10146
  1211 10146
  1212 10146
  1213 10146
  1214 10146
  1215 10146
  1216 10146
  1217 10146
  1218 10146
  1219 10146
  1220 10146
  1221 10146
  1222 10146
  1223 10146
  1224 10146
  1225 10146
  1226 10146
  1227 10146
  1228 10146
  1229 10146
  1230 10146
  1231 10146
  1232 10146
  1234 10055
  1235 10055
  1236 10055
  1237 10076
  1238 10076
  1239 10076
  1240 10076
  1241 10076
  1242 10076
  1243 10076
  1244 10076
  1245 10076
  1246 10076
  1247 10076
  1248 10055
  1249 10076
  1250 10055
  1251 10173
  1252 10158
  1253 10018
  1254 10098
  1255 10098
  1256 10098
  1257 10076
  1258 10076
  1259 10076
  1260 10076
  1261 10076
  1262 10076
  1263 10076
  1264 10076
  1265 10076
  1266 10076
  1267 10016
  1268 10016
  1269 10095
  1270 10095
  1271 10095
  1272 10095
  1273 10095
  1274 10095
  1275 10095
  1276 10095
  1277 10095
  1278 10095
  1279 10095
  1280 10095
  1281 10095
  1282 10095
  1283 10095
  1284 10095
  1285 10095
  1286 10095
  1287 10095
  1288 10095
  1289 10095
  1290 10095
  1291 10095
  1292 10095
  1293 10095
  1294 10095
  1295 10095
  1296 10095
  1297 10095
  1298 10095
  1299 10095
  1300 10095
  1301 10095
  1302 10095
  1303 10095
  1304 10095
  1305 10095
  1306 10095
  1307 10095
  1308 10095
  1309 10095
  1310 10095
  1311 10095
  1312 10095
  1313 10095
  1314 10095
  1315 10095
  1316 10095
  1317 10095
  1318 10095
  1319 10095
  1320 10095
  1321 10095
  1322 10095
  1323 10095
  1324 10095
  1325 10095
  1326 10095
  1327 10095
  1328 10095
  1329 10095
  1330 10095
  1331 10095
  1332 10095
  1333 10095
  1334 10095
  1335 10095
  1336 10095
  1337 10095
  1338 10095
  1339 10095
  1340 10095
  1341 10095
  1342 10095
  1343 10095
  1344 10095
  1345 10095
  1346 10095
  1347 10095
  1348 10095
  1349 10095
  1350 10095
  1351 10095
  1352 10095
  1353 10095
  1354 10091
  1355 10091
  1356 10091
  1357 10091
  1358 10091
  1359 10091
  1360 10091
  1361 10091
  1362 10091
  1365 10091
  1366 10055
  1367 10055
  1368 10055
  1369 10055
  1370 10055
  1371 10091
  1372 10076
  1373 10091
  1374 10091
  1375 10091
  1376 10091
  1377 10091
  1378 10091
  1379 10091
  1380 10091
  1381 10091
  1382 10091
  1383 10091
  1384 10091
  1385 10091
  1386 10091
  1387 10091
  1388 10091
  1389 10091
  1390 10091
  1391 10091
  1392 10091
  1393 10091
  1394 10091
  1395 10091
  1396 10091
  1397 10091
  1398 10091
  1399 10091
  1400 10091
  1401 10091
  1402 10091
  1403 10091
  1404 10091
  1405 10091
  1406 10091
  1407 10091
  1408 10091
  1409 10091
  1410 10091
  1411 10091
  1412 10091
  1413 10091
  1414 10091
  1415 10091
  1416 10091
  1417 10091
  1418 10091
  1419 10091
  1420 10091
  1421 10091
  1422 10091
  1423 10091
  1424 10091
  1425 10091
  1426 10091
  1427 10091
  1428 10091
  1429 10091
  1430 10091
  1431 10091
  1432 10091
  1433 10091
  1434 10091
  1435 10091
  1436 10055
  1437 10018
  1438 10018
  1439 10018
  1440 10018
  1442 10091
  1443 10091
  1444 10091
  1445 10091
  1446 10091
  1448 10091
  1449 10091
  1452 10091
  1453 10091
  1454 10091
  1455 10091
  1456 10091
  1457 10091
  1458 10091
  1459 10091
  1460 10091
  1461 10091
  1462 10091
  1463 10091
  1464 10091
  1465 10091
  1466 10091
  1467 10091
  1468 10091
  1469 10091
  1470 10091
  1471 10091
  1472 10091
  1473 10091
  1474 10091
  1475 10091
  1476 10091
  1477 10091
  1478 10091
  1479 10091
  1480 10091
  1481 10091
  1482 10091
  1483 10091
  1484 10091
  1485 10091
  1486 10091
  1487 10091
  1488 10091
  1489 10091
  1490 10091
  1491 10091
  1492 10091
  1493 10091
  1494 10091
  1495 10091
  1496 10091
  1497 10091
  1498 10076
  1499 10076
  1500 10076
  1501 10076
  1502 10076
  1503 10076
  1504 10076
  1505 10076
  1506 10076
  1507 10076
  1508 10076
  1509 10076
  1510 10076
  1511 10076
  1512 10076
  1513 10076
  1514 10076
  1515 10076
  1516 10076
  1517 10076
  1518 10076
  1519 10076
  1520 10076
  1521 10076
  1522 10076
  1523 10076
  1524 10076
  1525 10076
  1526 10076
  1527 10076
  1528 10076
  1529 10076
  1530 10076
  1531 10076
  1532 10076
  1533 10076
  1534 10076
  1535 10076
  1536 10076
  1537 10076
  1538 10076
  1539 10076
  1540 10076
  1541 10076
  1542 10076
  1543 10076
  1544 10055
  1545 10076
  1546 10076
  1547 10076
  1548 10076
  1549 10076
  1550 10076
  1551 10076
  1552 10076
  1553 10076
  1554 10076
  1555 10076
  1556 10076
  1557 10076
  1558 10076
  1559 10076
  1560 10076
  1561 10076
  1562 10076
  1563 10076
  1564 10076
  1565 10076
  1566 10076
  1567 10076
  1568 10076
  1569 10076
  1570 10076
  1571 10076
  1572 10076
  1573 10076
  1574 10076
  1575 10076
  1576 10076
  1577 10076
  1578 10076
  1579 10076
  1580 10076
  1581 10076
  1582 10076
  1583 10076
  1584 10076
  1585 10076
  1586 10076
  1587 10076
  1588 10076
  1589 10076
  1590 10076
  1591 10076
  1592 10076
  1593 10076
  1594 10076
  1595 10076
  1596 10076
  1597 10076
  1598 10076
  1599 10076
  1600 10173
  1601 10173
  1602 10076
  1603 10076
  1604 10076
  1605 10076
  1606 10076
  1607 10076
  1608 10076
  1609 10076
  1610 10076
  1611 10031
  1612 10031
  1613 10031
  1614 10036
  1615 10016
  1616 10016
  1617 10016
  1618 10016
  1619 10016
  1620 10014
  1621 10016
  1622 10016
  1623 10156
  1624 10154
  1625 10156
  1627 10163
  1628 10163
  1629 10163
  1630 10163
  1631 10163
  1632 10163
  1633 10163
  1634 10163
  1635 10163
  1636 10163
  1637 10163
  1638 10163
  1639 10163
  1640 10163
  1641 10163
  1642 10163
  1643 10163
  1644 10163
  1645 10067
  1646 10067
  1647 10163
  1648 10163
  1649 10163
  1650 10163
  1651 10163
  1652 10163
  1653 10163
  1654 10163
  1655 10163
  1656 10163
  1657 10163
  1658 10163
  1659 10163
  1660 10163
  1661 10163
  1662 10163
  1663 10163
  1664 10163
  1665 10163
  1666 10163
  1667 10163
  1668 10163
  1669 10163
  1670 10163
  1671 10163
  1672 10163
  1673 10163
  1674 10163
  1675 10163
  1676 10163
  1677 10163
  1678 10163
  1679 10163
  1680 10163
  1681 10163
  1682 10163
  1683 10163
  1684 10163
  1685 10163
  1686 10163
  1687 10163
  1690 10163
  1691 10163
  1692 10163
  1693 10163
  1694 10163
  1695 10163
  1696 10163
  1697 10163
  1698 10163
  1699 10163
  1700 10163
  1701 10163
  1702 10163
  1703 10163
  1704 10163
  1705 10163
  1706 10163
  1707 10163
  1708 10163
  1709 10163
  1710 10163
  1711 10163
  1712 10163
  1713 10163
  1714 10163
  1715 10163
  1716 10163
  1717 10163
  1718 10163
  1719 10163
  1720 10163
  1721 10163
  1722 10163
  1723 10163
  1724 10163
  1725 10163
  1726 10163
  1727 10163
  1728 10163
  1729 10163
  1730 10163
  1731 10163
  1732 10163
  1733 10163
  1734 10163
  1735 10163
  1736 10163
  1737 10163
  1738 10163
  1739 10163
  1740 10163
  1741 10163
  1742 10163
  1743 10163
  1744 10163
  1745 10163
  1746 10163
  1747 10163
  1748 10163
  1749 10163
  1750 10163
  1751 10163
  1752 10163
  1753 10163
  1754 10163
  1755 10163
  1756 10163
  1757 10163
  1758 10163
  1759 10163
  1760 10163
  1761 10163
  1762 10163
  1763 10163
  1764 10163
  1765 10163
  1766 10163
  1767 10163
  1768 10163
  1769 10163
  1770 10163
  1771 10163
  1772 10163
  1773 10163
  1774 10163
  1775 10163
  1776 10163
  1777 10163
  1778 10163
  1779 10163
  1780 10163
  1781 10163
  1782 10163
  1783 10163
  1784 10163
  1785 10163
  1786 10163
  1787 10163
  1788 10163
  1789 10163
  1790 10163
  1791 10163
  1792 10163
  1793 10163
  1794 10163
  1795 10163
  1796 10163
  1797 10163
  1798 10163
  1799 10163
  1800 10163
  1801 10163
  1802 10163
  1803 10163
  1804 10163
  1805 10163
  1806 10163
  1807 10163
  1808 10163
  1809 10163
  1810 10163
  1811 10163
  1812 10163
  1813 10163
  1814 10163
  1815 10163
  1816 10163
  1817 10163
  1818 10163
  1819 10163
  1820 10163
  1821 10163
  1822 10163
  1823 10163
  1824 10163
  1825 10163
  1826 10163
  1827 10163
  1828 10163
  1829 10163
  1830 10163
  1831 10163
  1832 10163
  1833 10163
  1834 10163
  1835 10163
  1836 10163
  1837 10163
  1838 10163
  1839 10163
  1840 10163
  1841 10163
  1842 10163
  1843 10163
  1844 10163
  1845 10163
  1846 10163
  1847 10163
  1848 10163
  1849 10163
  1850 10163
  1851 10163
  1852 10163
  1853 10163
  1854 10163
  1855 10163
  1856 10163
  1857 10163
  1858 10163
  1859 10163
  1860 10163
  1861 10101
  1862 10101
  1863 10101
  1864 10101
  1865 10076
  1866 10144
  1867 10097
  1868 10097
  1869 10170
  1870 10170
  1871 10170
  1872 10170
  1873 10170
  1874 10170
  1875 10170
  1876 10170
  1877 10170
  1878 10170
  1879 10077
  1880 10077
  1881 10077
  1882 10170
  1883 10170
  1884 10170
  1885 10170
  1886 10170
  1887 10170
  1888 10170
  1889 10170
  1890 10170
  1891 10170
  1892 10170
  1893 10170
  1894 10170
  1895 10170
  1896 10170
  1897 10097
  1898 10170
  1899 10097
  1900 10130
  1901 10130
  1902 10130
  1905 10163
  1906 10163
  1907 10062
  1909 10163
  1910 10097
  1911 10097
  1912 10097
  1914 10076
  1915 10077
  1916 10077
  1917 10077
  1918 10077
  1919 10170
  1920 10170
  1921 10170
  1922 10170
  1923 10170
  1924 10170
  1925 10170
  1926 10170
  1927 10170
  1928 10170
  1929 10170
  1930 10170
  1931 10170
  1932 10170
  1933 10170
  1934 10170
  1935 10170
  1936 10170
  1937 10170
  1938 10170
  1939 10170
  1940 10170
  1941 10170
  1942 10170
  1943 10170
  1944 10077
  1945 10170
  1946 10170
  1947 10170
  1948 10170
  1949 10077
  1950 10077
  1951 10077
  1952 10077
  1953 10077
  1954 10077
  1955 10170
  1956 10170
  1957 10170
  1958 10170
  1959 10077
  1960 10077
  1961 10170
  1962 10170
  1963 10170
  1964 10170
  1965 10170
  1966 10170
  1967 10170
  1968 10170
  1969 10170
  1970 10144
  1971 10170
  1972 10170
  1973 10077
  1974 10077
  1975 10077
  1976 10170
  1977 10170
  1978 10170
  1979 10170
  1980 10170
  1981 10170
  1982 10170
  1983 10170
  1984 10170
  1985 10170
  1986 10170
  1987 10170
  1988 10170
  1989 10170
  1990 10170
  1991 10170
  1992 10031
  1993 10076
  1994 10076
  1995 10077
  1996 10158
  1997 10158
  1998 10170
  1999 10170
  2000 10170
  2001 10170
  2002 10170
  2003 10097
  2004 10097
  2005 10097
  2006 10097
  2007 10097
  2008 10097
  2009 10097
  2010 10097
  2011 10097
  2012 10097
  2013 10097
  2014 10097
  2015 10097
  2016 10097
  2017 10097
  2018 10097
  2019 10097
  2020 10097
  2021 10097
  2022 10097
  2023 10097
  2024 10031
  2025 10031
  2026 10031
  2027 10076
  2028 10031
  2029 10031
  2030 10031
  2031 10031
