  1770 10031
  1772 10031
  1773 10031
  1774 10031
  1775 10031
  1776 10031
  1777 10031
  1778 10031
  1779 10031
  1780 10031
  1781 10031
  1782 10031
  1783 10031
  1784 10031
  1785 10031
  1786 10031
  1787 10031
  1788 10031
  1789 10031
  1790 10031
  1791 10031
  1792 10031
  1793 10031
  1794 10031
  1795 10031
  1796 10031
  1797 10031
  1798 10031
  1799 10031
  1800 10031
  1801 10031
  1802 10031
  1803 10031
  1804 10031
  1805 10031
  1806 10031
  1807 10031
  1808 10031
  1809 10031
  1810 10031
  1811 10031
  1812 10031
  1813 10031
  1814 10031
  1815 10031
  1816 10031
  1817 10031
  1818 10031
  1819 10031
  1820 10031
  1821 10031
  1822 10031
  1823 10031
  1824 10031
  1825 10031
  1826 10031
  1827 10031
  1828 10031
  1829 10031
  1830 10031
  1831 10031
  1832 10031
  1833 10031
  1834 10031
  1835 10031
  1836 10031
  1837 10031
  1838 10031
  1839 10031
  1840 10031
  1841 10031
  1842 10031
  1843 10031
  1844 10031
  1845 10031
  1846 10031
  1847 10031
  1848 10031
  1849 10031
  1850 10031
  1851 10031
  1852 10031
  1853 10031
  1854 10031
  1855 10031
  1856 10031
  1857 10031
  1859 10101
  1860 10101
  1861 10101
  1862 10101
  1863 10062
  1864 10128
  1865 10128
  1866 10128
  1867 10128
  1868 10128
  1869 10128
  1870 10128
  1871 10128
  1872 10128
  1873 10128
  1874 10128
  1875 10128
  1876 10128
  1877 10128
  1878 10128
  1879 10128
  1880 10128
  1881 10128
  1882 10128
  1883 10128
  1884 10128
  1885 10128
  1886 10128
  1887 10128
  1888 10128
  1889 10128
  1890 10128
  1891 10128
  1892 10128
  1893 10128
  1894 10128
  1895 10128
  1896 10128
  1897 10128
  1898 10128
  1899 10128
  1900 10128
  1901 10128
  1902 10128
  1903 10128
  1904 10128
  1905 10128
  1906 10128
  1907 10128
  1908 10128
  1909 10128
  1910 10128
  1911 10128
  1912 10128
  1913 10128
  1914 10128
  1915 10128
  1916 10128
  1917 10128
  1918 10128
  1919 10128
  1920 10128
  1921 10128
  1922 10128
  1923 10128
  1924 10128
  1925 10128
  1926 10128
  1927 10128
  1928 10128
  1929 10128
  1930 10128
  1931 10128
  1932 10128
  1933 10128
  1934 10128
  1935 10128
  1936 10128
  1937 10128
  1938 10128
  1939 10128
  1940 10128
  1941 10128
  1942 10128
  1943 10128
  1944 10128
  1945 10128
  1946 10128
  1947 10128
  1948 10128
  1949 10128
  1950 10128
  1951 10128
  1952 10128
  1953 10128
  1954 10128
  1955 10128
  1956 10128
  1957 10128
  1958 10128
  1959 10128
  1960 10128
  1961 10128
  1962 10128
  1963 10128
  1964 10128
  1965 10128
  1966 10128
  1967 10128
  1968 10128
  1969 10128
  1970 10128
  1971 10128
  1972 10128
  1973 10128
  1974 10128
  1975 10128
  1976 10128
  1977 10128
  1978 10128
  1979 10128
  1980 10128
  1981 10128
  1982 10128
  1983 10128
  1984 10128
  1985 10128
  1986 10128
  1987 10128
  1988 10128
  1989 10128
  1990 10128
  1991 10128
  1992 10128
  1993 10128
  1994 10128
  1995 10128
  1996 10128
  1997 10128
  1998 10128
  1999 10128
  2000 10128
  2001 10128
  2002 10128
  2003 10128
  2004 10128
  2005 10128
  2006 10128
  2007 10128
  2008 10128
  2009 10128
  2010 10128
  2011 10128
  2012 10128
  2013 10128
  2014 10128
  2015 10128
  2016 10128
  2017 10128
  2018 10128
  2019 10128
  2020 10128
  2021 10061
  2022 10128
  2023 10091
