   761 10009
   762 10009
   763 10009
   764 10009
   765 10009
   766 10009
   767 10009
   768 10009
   769 10009
   770 10009
   771 10009
   772 10009
   773 10009
   774 10009
   775 10009
   776 10101
   777 10062
   778 10138
   779 10138
   784 10156
   785 10156
   786 10156
   787 10156
   788 10156
   789 10156
   790 10156
   791 10156
   792 10156
   793 10156
   794 10156
   795 10156
   796 10156
   797 10156
   798 10156
   799 10156
   800 10156
   801 10156
   802 10156
   803 10156
   804 10156
   805 10156
   806 10156
   807 10156
   808 10156
   809 10156
   810 10156
   811 10156
   812 10156
   813 10156
   814 10156
   815 10156
   816 10156
   817 10156
   818 10156
   819 10156
   820 10156
   821 10156
   822 10156
   823 10156
   824 10156
   825 10156
   826 10156
   827 10156
   828 10156
   829 10156
   830 10156
   831 10156
   832 10156
   833 10156
   834 10156
   835 10156
   836 10156
   837 10156
   838 10156
   839 10156
   840 10156
   841 10156
   842 10156
   843 10156
   844 10156
   845 10156
   846 10156
   847 10156
   848 10156
   849 10156
   850 10156
   851 10156
   852 10156
   853 10156
   854 10156
   855 10156
   856 10156
   857 10156
   858 10156
   859 10156
   860 10156
   861 10156
   862 10156
   863 10156
   864 10156
   865 10156
   866 10156
   867 10156
   868 10156
   869 10156
   870 10156
   871 10156
   872 10156
   873 10156
   874 10156
   875 10156
   876 10156
   877 10156
   878 10156
   879 10156
   880 10156
   881 10156
   882 10156
   883 10156
   884 10156
   885 10156
   886 10156
   887 10156
   888 10156
   889 10156
   890 10156
   891 10156
   892 10156
   893 10156
   894 10156
   895 10156
   896 10156
   897 10156
   898 10156
   899 10156
   900 10156
   901 10156
   902 10156
   903 10156
   904 10156
   905 10156
   906 10156
   907 10156
   908 10156
   909 10156
   910 10156
   911 10156
   912 10156
   913 10156
   914 10156
   915 10156
   916 10156
   917 10156
   918 10156
   919 10156
   920 10156
   921 10156
   922 10156
   923 10156
   924 10156
   925 10156
   926 10156
   927 10156
   928 10156
   929 10156
   930 10156
   931 10156
   932 10156
   933 10156
   934 10156
   935 10156
   936 10156
   937 10156
   938 10156
   939 10156
   940 10156
   941 10156
   942 10156
   943 10156
   944 10156
   945 10156
   946 10156
   947 10156
   948 10156
   949 10156
   950 10156
   951 10156
   952 10156
   953 10156
   954 10156
   955 10156
   956 10156
   957 10156
   958 10156
   959 10156
   960 10156
   961 10156
   962 10156
   963 10156
   964 10156
   965 10156
   966 10156
   967 10156
   968 10156
   969 10156
   970 10156
   971 10156
   972 10156
   973 10156
   974 10156
   975 10156
   976 10156
   977 10156
   978 10156
   979 10156
   980 10156
   981 10156
   982 10156
   983 10156
   984 10156
   985 10156
   986 10156
   987 10156
   988 10156
   989 10156
   990 10156
   991 10156
   992 10156
   993 10156
   994 10156
   995 10156
   996 10156
   997 10156
   998 10156
   999 10156
  1000 10156
  1001 10156
  1002 10156
  1003 10156
  1004 10156
  1005 10156
  1006 10156
  1007 10156
  1008 10156
  1009 10156
  1010 10156
  1011 10156
  1012 10156
  1013 10156
  1014 10156
  1015 10156
  1016 10156
  1017 10154
  1018 10154
  1019 10154
  1020 10130
  1025 10101
  1026 10101
  1027 10101
  1028 10062
  1035 10055
  1036 10010
  1037 10010
  1038 10144
  1039 10144
  1040 10144
  1041 10144
  1042 10144
  1043 10144
  1044 10144
  1045 10010
  1046 10158
  1047 10076
  1048 10076
  1049 10076
  1050 10138
  1051 10138
  1052 10138
  1053 10138
  1061 10169
  1062 10169
  1063 10169
  1064 10169
  1065 10169
  1075 10062
  1089 10068
  1090 10068
  1100 10068
  1101 10068
  1102 10068
  1103 10068
  1104 10050
  1124 10101
  1125 10101
  1131 10138
  1132 10101
  1133 10138
  1134 10101
  1135 10138
  1136 10138
  1140 10101
  1141 10101
  1142 10101
  1143 10128
  1144 10101
  1146 10138
  1149 10068
  1150 10068
  1186 10128
  1197 10138
  1212 10156
  1228 10068
  1233 10033
  1235 10068
  1236 10062
  1237 10062
  1238 10062
  1239 10062
  1240 10062
  1248 10138
  1249 10101
  1250 10138
  1251 10138
  1252 10138
  1253 10138
  1254 10091
  1255 10091
  1256 10091
  1257 10019
  1259 10019
  1260 10035
  1261 10035
  1262 10035
  1263 10035
  1264 10035
  1265 10035
  1266 10035
  1267 10035
  1268 10035
  1269 10035
  1270 10035
  1271 10035
  1272 10035
  1273 10035
  1274 10035
  1275 10035
  1276 10035
  1277 10035
  1278 10035
  1279 10035
  1280 10035
  1281 10035
  1282 10035
  1283 10035
  1284 10035
  1285 10035
  1286 10035
  1287 10035
  1288 10035
  1289 10035
  1290 10035
  1291 10035
  1292 10035
  1293 10035
  1294 10035
  1295 10035
  1296 10035
  1297 10035
  1298 10035
  1299 10035
  1300 10035
  1301 10035
  1302 10035
  1303 10035
  1304 10035
  1305 10035
  1306 10035
  1307 10035
  1308 10035
  1309 10035
  1310 10035
  1311 10035
  1312 10035
  1313 10035
  1314 10035
  1315 10035
  1316 10035
  1317 10035
  1318 10035
  1319 10035
  1320 10035
  1321 10035
  1322 10035
  1323 10035
  1324 10035
  1325 10035
  1326 10035
  1327 10035
  1328 10035
  1329 10035
  1330 10172
  1331 10172
  1332 10172
  1333 10035
  1334 10035
  1335 10035
  1336 10035
  1337 10035
  1338 10035
  1339 10035
  1340 10035
  1341 10035
  1342 10035
  1343 10035
  1344 10035
  1345 10035
  1346 10035
  1347 10035
  1348 10035
  1349 10035
  1350 10035
  1351 10035
  1352 10035
  1353 10035
  1354 10035
  1355 10035
  1356 10035
  1357 10035
  1358 10035
  1359 10035
  1360 10035
  1361 10035
  1362 10035
  1363 10035
  1364 10035
  1365 10035
  1366 10035
  1367 10035
  1368 10035
  1369 10035
  1370 10035
  1371 10035
  1372 10035
  1373 10035
  1374 10035
  1375 10035
  1376 10035
  1377 10035
  1378 10035
  1379 10035
  1380 10035
  1381 10035
  1382 10035
  1383 10035
  1384 10035
  1385 10035
  1386 10035
  1387 10035
  1388 10035
  1389 10035
  1390 10035
  1391 10035
  1392 10035
  1393 10035
  1394 10035
  1395 10035
  1396 10035
  1397 10035
  1398 10035
  1399 10035
  1400 10035
  1401 10035
  1402 10035
  1403 10035
  1404 10035
  1405 10035
  1406 10035
  1407 10035
  1408 10035
  1409 10035
  1410 10035
  1411 10035
  1412 10035
  1413 10035
  1414 10035
  1415 10035
  1416 10035
  1417 10035
  1418 10035
  1419 10035
  1420 10035
  1421 10035
  1422 10035
  1423 10035
  1424 10035
  1425 10035
  1426 10035
  1427 10035
  1428 10035
  1429 10035
  1430 10035
  1431 10035
  1432 10035
  1433 10035
  1434 10035
  1435 10035
  1436 10035
  1437 10035
  1438 10035
  1439 10035
  1440 10035
  1441 10035
  1442 10035
  1443 10035
  1444 10035
  1445 10035
  1446 10035
  1447 10035
  1448 10035
  1449 10035
  1450 10035
  1451 10035
  1452 10035
  1453 10035
  1454 10035
  1455 10035
  1456 10035
  1457 10035
  1458 10035
  1459 10035
  1460 10035
  1461 10035
  1462 10035
  1463 10035
  1464 10035
  1465 10035
  1466 10035
  1467 10035
  1468 10035
  1469 10035
  1470 10035
  1471 10035
  1472 10035
  1473 10035
  1474 10035
  1475 10035
  1476 10035
  1477 10035
  1478 10035
  1479 10035
  1480 10035
  1481 10035
  1482 10035
  1483 10035
  1484 10035
  1485 10035
  1486 10035
  1487 10048
  1491 10101
  1492 10169
  1510 10023
  1511 10023
  1512 10023
  1513 10023
  1514 10023
  1517 10055
  1554 10134
  1555 10134
  1556 10134
  1557 10141
  1558 10101
  1561 10144
  1562 10080
  1563 10080
  1564 10064
  1565 10094
  1566 10094
  1567 10094
