   683 10071
   684 10071
   685 10071
   686 10071
   687 10071
   688 10071
   689 10071
   690 10071
   691 10071
   692 10071
   693 10071
   694 10071
   695 10071
   696 10071
   697 10071
   698 10071
   699 10071
   700 10071
   701 10071
   702 10071
   703 10071
   704 10071
   705 10071
   706 10071
   707 10071
   708 10071
   709 10071
   710 10071
   711 10071
   712 10071
   713 10071
   714 10071
   715 10071
   716 10071
   717 10071
   718 10071
   719 10071
   720 10071
   721 10071
   722 10071
   723 10071
   724 10071
   725 10071
   726 10071
   727 10071
   728 10071
   729 10071
   730 10071
   731 10071
   732 10071
   733 10071
   734 10071
   735 10071
   736 10071
   737 10071
   738 10071
   739 10071
   740 10071
   741 10071
   742 10071
   743 10071
   744 10071
   745 10071
   746 10071
   747 10071
   748 10071
   749 10071
   750 10071
   751 10071
   752 10071
   753 10071
   754 10071
   755 10071
   756 10071
   757 10071
   758 10071
   759 10071
   760 10071
   761 10071
   762 10071
   763 10071
   764 10071
   765 10071
   766 10071
   767 10071
   768 10071
   769 10071
   770 10071
   771 10071
   772 10071
   773 10071
   774 10071
   775 10071
   776 10071
   777 10071
   778 10071
   779 10071
   780 10050
   782 10050
   783 10124
   784 10156
   785 10156
   786 10074
   787 10154
   788 10156
   789 10074
   790 10074
   791 10074
   792 10074
   793 10156
   794 10156
   795 10074
   796 10074
   797 10074
   798 10074
   799 10156
   800 10156
   801 10156
   802 10156
   803 10156
   804 10156
   805 10074
   806 10156
   807 10156
   808 10156
   809 10074
   810 10074
   811 10074
   812 10074
   813 10074
   814 10074
   815 10156
   816 10074
   817 10074
   818 10156
   819 10156
   820 10156
   821 10156
   822 10156
   823 10156
   824 10156
   825 10156
   826 10156
   827 10074
   828 10074
   829 10074
   830 10156
   831 10074
   832 10074
   833 10161
   834 10074
   835 10074
   836 10074
   837 10161
   838 10074
   839 10124
   840 10124
   841 10074
   842 10074
   843 10074
   844 10074
   845 10161
   846 10161
   847 10161
   848 10161
   849 10161
   850 10074
   851 10161
   852 10074
   853 10161
   854 10161
   855 10161
   856 10156
   857 10156
   858 10156
   859 10156
   860 10156
   861 10156
   862 10156
   863 10161
   864 10161
   865 10161
   866 10161
   867 10161
   868 10161
   869 10161
   870 10161
   871 10161
   872 10161
   873 10161
   874 10161
   875 10161
   876 10161
   877 10074
   878 10161
   879 10161
   880 10161
   881 10161
   882 10161
   883 10074
   884 10161
   885 10156
   886 10074
   887 10161
   888 10161
   889 10161
   890 10156
   891 10161
   892 10161
   893 10161
   894 10074
   895 10161
   896 10161
   897 10161
   898 10161
   899 10074
   900 10161
   901 10161
   902 10161
   903 10156
   904 10156
   905 10156
   906 10156
   907 10156
   908 10156
   909 10124
   910 10124
   911 10124
   912 10124
   913 10161
   914 10124
   915 10074
   916 10161
   917 10074
   918 10074
   919 10074
   920 10156
   921 10074
   922 10124
   923 10124
   924 10124
   925 10124
   926 10074
   927 10095
   928 10156
   929 10156
   930 10095
   931 10124
   932 10124
   933 10124
   934 10124
   935 10095
   936 10156
   937 10161
   938 10156
   939 10156
   940 10124
   941 10124
   942 10124
   943 10074
   944 10074
   945 10156
   946 10156
   947 10156
   948 10156
   949 10074
   950 10074
   951 10074
   952 10074
   953 10074
   954 10156
   955 10156
   956 10156
   957 10156
   958 10156
   959 10161
   960 10161
   961 10156
   962 10156
   963 10156
   964 10156
   965 10095
   966 10156
   967 10156
   968 10156
   969 10156
   970 10156
   971 10156
   972 10156
   973 10156
   974 10124
   975 10124
   976 10156
   977 10156
   978 10156
   979 10156
   980 10156
   981 10156
   982 10156
   983 10156
   984 10156
   985 10156
   986 10156
   987 10156
   988 10124
   989 10124
   990 10156
   991 10156
   992 10156
   993 10156
   994 10156
   995 10156
   996 10156
   997 10156
   998 10156
   999 10156
  1000 10124
  1001 10124
  1002 10156
  1003 10156
  1004 10156
  1005 10156
  1006 10156
  1007 10156
  1008 10074
  1009 10074
  1010 10074
  1011 10074
  1012 10074
  1013 10074
  1014 10074
  1015 10161
  1016 10161
  1017 10161
  1018 10074
  1019 10074
  1020 10014
  1021 10014
  1025 10104
  1026 10068
  1027 10067
  1028 10067
  1029 10067
  1030 10067
  1031 10067
  1032 10067
  1033 10067
  1034 10067
  1035 10067
  1036 10067
  1037 10067
  1038 10067
  1039 10067
  1040 10067
  1041 10067
  1042 10067
  1043 10067
  1044 10067
  1045 10067
  1046 10067
  1047 10067
  1048 10067
  1049 10067
  1050 10067
  1051 10067
  1052 10067
  1053 10067
  1054 10067
  1055 10067
  1056 10067
  1057 10067
  1058 10067
  1059 10067
  1060 10067
  1061 10067
  1062 10067
  1063 10067
  1064 10067
  1065 10067
  1066 10067
  1067 10067
  1068 10067
  1069 10067
  1070 10067
  1071 10067
  1072 10067
  1073 10067
  1074 10067
  1075 10067
  1076 10067
  1077 10067
  1078 10067
  1079 10067
  1080 10067
  1081 10067
  1082 10067
  1083 10067
  1084 10067
  1085 10067
  1086 10067
  1087 10067
  1088 10067
  1089 10067
  1090 10067
  1091 10067
  1092 10067
  1093 10067
  1094 10067
  1095 10067
  1096 10067
  1097 10067
  1098 10067
  1099 10067
  1100 10067
  1101 10067
  1102 10067
  1103 10067
  1104 10067
  1105 10067
  1106 10067
  1107 10067
  1108 10067
  1109 10067
  1110 10067
  1111 10067
  1112 10067
  1113 10067
  1114 10067
  1115 10067
  1116 10067
  1117 10067
  1118 10067
  1119 10067
  1120 10067
  1121 10067
  1122 10067
  1123 10067
  1124 10067
  1125 10067
  1126 10067
  1127 10067
  1128 10067
  1129 10067
  1130 10067
  1131 10067
  1132 10067
  1133 10067
  1134 10067
  1135 10067
  1136 10067
  1137 10067
  1138 10067
  1139 10067
  1140 10067
  1141 10067
  1142 10067
  1143 10067
  1144 10067
  1145 10067
  1146 10067
  1147 10067
  1148 10067
  1149 10067
  1150 10067
  1151 10067
  1152 10067
  1153 10067
  1154 10067
  1155 10067
  1156 10067
  1157 10067
  1158 10067
  1159 10067
  1160 10067
  1161 10067
  1162 10067
  1163 10067
  1164 10067
  1165 10067
  1166 10067
  1167 10067
  1168 10067
  1169 10067
  1170 10067
  1171 10067
  1172 10067
  1173 10067
  1174 10067
  1175 10067
  1176 10067
  1177 10067
  1178 10067
  1179 10067
  1180 10067
  1181 10067
  1182 10067
  1183 10067
  1184 10067
  1185 10067
  1186 10067
  1187 10067
  1188 10067
  1189 10067
  1190 10067
  1191 10067
  1192 10067
  1193 10067
  1194 10067
  1195 10067
  1196 10067
  1197 10067
  1198 10067
  1199 10067
  1200 10067
  1201 10067
  1202 10067
  1203 10067
  1204 10067
  1205 10067
  1206 10067
  1207 10067
  1208 10067
  1209 10067
  1210 10067
  1211 10067
  1212 10067
  1213 10067
  1214 10067
  1215 10067
  1216 10067
  1217 10067
  1218 10067
  1219 10067
  1220 10067
  1221 10067
  1222 10067
  1223 10067
  1224 10067
  1225 10067
  1226 10067
  1227 10067
  1228 10067
  1229 10067
  1230 10067
  1231 10067
  1232 10067
  1233 10067
  1234 10067
  1235 10067
  1236 10067
  1237 10067
  1238 10067
  1239 10067
  1240 10067
  1241 10067
  1242 10067
  1243 10067
  1244 10067
  1245 10067
  1246 10067
  1247 10067
  1248 10067
  1249 10067
  1250 10067
  1255 10141
  1257 10074
  1262 10104
  1263 10114
  1264 10114
  1265 10104
  1266 10104
  1267 10104
  1268 10104
  1269 10104
  1270 10104
  1271 10104
  1272 10104
  1273 10104
  1274 10104
  1275 10104
  1276 10104
  1277 10104
  1278 10104
  1279 10104
  1280 10104
  1281 10104
  1282 10104
  1283 10104
  1284 10104
  1285 10104
  1286 10104
  1287 10104
  1288 10104
  1289 10104
  1290 10104
  1291 10104
  1292 10104
  1293 10104
  1294 10104
  1295 10104
  1296 10104
  1297 10104
  1298 10104
  1299 10104
  1300 10104
  1301 10104
  1302 10104
  1303 10104
  1304 10104
  1305 10104
  1306 10104
  1307 10104
  1308 10104
  1309 10104
  1310 10104
  1311 10104
  1312 10104
  1313 10104
  1314 10104
  1315 10104
  1316 10104
  1317 10104
  1318 10104
  1319 10104
  1320 10104
  1321 10104
  1322 10104
  1323 10104
  1324 10104
  1325 10104
  1326 10104
  1327 10104
  1328 10104
  1329 10104
  1330 10104
  1331 10104
  1332 10104
  1333 10104
  1334 10104
  1335 10104
  1336 10104
  1337 10104
  1338 10104
  1339 10104
  1340 10104
  1341 10104
  1342 10104
  1343 10104
  1344 10104
  1345 10104
  1346 10104
  1347 10104
  1348 10104
  1349 10104
  1350 10104
  1351 10104
  1352 10104
  1353 10104
  1354 10104
  1355 10104
  1356 10104
  1357 10104
  1358 10104
  1359 10104
  1360 10104
  1361 10104
  1362 10104
  1363 10104
  1364 10104
  1365 10104
  1366 10104
  1367 10104
  1368 10104
  1369 10104
  1370 10104
  1371 10104
  1372 10104
  1373 10104
  1374 10104
  1375 10104
  1376 10104
  1377 10104
  1378 10104
  1379 10104
  1380 10104
  1381 10104
  1382 10104
  1383 10104
  1384 10104
  1385 10104
  1386 10104
  1387 10104
  1388 10104
  1389 10104
  1390 10104
  1391 10104
  1392 10104
  1393 10104
  1394 10104
  1395 10104
  1396 10104
  1397 10104
  1398 10104
  1399 10104
  1400 10104
  1401 10104
  1402 10104
  1403 10104
  1404 10104
  1405 10104
  1406 10104
  1407 10104
  1408 10104
  1409 10104
  1410 10104
  1411 10104
  1412 10104
  1413 10104
  1414 10104
  1415 10104
  1416 10104
  1417 10104
  1418 10104
  1419 10104
  1420 10104
  1421 10104
  1422 10104
  1423 10104
  1424 10104
  1425 10104
  1426 10104
  1427 10104
  1428 10104
  1429 10104
  1430 10104
  1431 10104
  1432 10104
  1433 10104
  1434 10104
  1435 10104
  1436 10104
  1437 10104
  1438 10104
  1439 10104
  1440 10104
  1441 10104
  1442 10104
  1443 10104
  1444 10104
  1445 10104
  1446 10104
  1447 10104
  1448 10104
  1449 10104
  1450 10104
  1451 10104
  1452 10104
  1453 10104
  1454 10104
  1455 10104
  1456 10104
  1457 10104
  1458 10104
  1459 10104
  1460 10104
  1461 10104
  1462 10104
  1463 10104
  1464 10104
  1465 10104
  1466 10104
  1467 10104
  1468 10104
  1469 10104
  1470 10104
  1471 10104
  1472 10104
  1473 10104
  1474 10104
  1475 10104
  1476 10104
  1477 10104
  1478 10104
  1479 10104
  1480 10104
  1481 10104
  1482 10104
  1483 10104
  1484 10104
  1485 10104
  1486 10104
  1487 10104
  1488 10104
  1489 10104
  1490 10104
  1495 10098
  1496 10018
  1497 10098
  1498 10018
  1499 10018
  1500 10158
  1501 10144
  1502 10144
  1503 10144
  1504 10144
  1505 10144
  1506 10144
  1507 10144
  1508 10144
  1509 10144
  1510 10144
  1511 10144
  1512 10144
  1513 10144
  1514 10144
  1515 10144
  1516 10144
  1517 10144
  1518 10144
  1519 10144
  1520 10144
  1521 10144
  1522 10144
  1523 10144
  1524 10144
  1525 10144
  1526 10144
  1527 10144
  1528 10144
  1529 10010
  1530 10144
  1531 10010
  1532 10010
  1533 10010
  1534 10144
  1535 10144
  1536 10144
  1537 10144
  1538 10144
  1539 10144
  1540 10010
  1541 10144
  1542 10010
  1543 10144
  1544 10010
  1545 10010
  1546 10144
  1547 10010
  1548 10144
  1549 10144
  1550 10010
  1551 10010
  1552 10010
  1553 10144
  1554 10144
  1555 10144
  1556 10158
  1557 10158
  1558 10055
  1559 10055
  1560 10055
  1561 10055
  1563 10055
  1565 10101
  1567 10132
  1572 10101
  1573 10101
  1619 10113
  1620 10113
  1621 10113
  1622 10113
  1623 10113
  1624 10113
  1625 10113
  1626 10113
  1627 10113
  1628 10113
  1629 10113
  1630 10113
  1631 10113
  1632 10113
  1633 10113
  1634 10113
  1635 10113
  1636 10113
  1637 10113
  1638 10113
  1639 10113
  1640 10113
  1641 10113
  1642 10113
  1643 10113
  1644 10113
  1645 10113
  1646 10113
  1647 10113
  1648 10113
  1649 10113
  1650 10113
  1651 10113
  1652 10113
  1653 10113
  1654 10113
  1655 10113
  1656 10113
  1657 10113
  1658 10113
  1659 10113
  1660 10113
  1661 10113
  1662 10113
  1663 10113
  1664 10113
  1665 10113
  1666 10113
  1667 10113
  1668 10113
  1669 10113
  1670 10113
  1671 10113
  1672 10113
  1673 10113
  1674 10113
  1675 10113
  1676 10113
  1677 10113
  1678 10113
  1679 10113
  1680 10113
  1681 10113
  1682 10113
  1683 10113
  1684 10113
  1685 10113
  1686 10113
  1687 10113
  1688 10113
  1689 10113
  1690 10113
  1691 10113
  1692 10113
  1693 10113
  1694 10113
  1695 10113
  1696 10113
  1697 10113
  1698 10113
  1699 10113
  1700 10113
  1701 10113
  1702 10113
  1703 10113
  1704 10113
  1705 10113
  1706 10113
  1707 10113
  1708 10113
  1709 10113
  1710 10113
  1711 10113
  1712 10113
  1713 10113
  1714 10113
  1715 10113
  1716 10113
  1717 10113
  1718 10113
  1719 10113
  1720 10113
  1721 10113
  1722 10113
  1723 10113
  1724 10113
  1725 10113
  1726 10113
  1727 10113
  1728 10113
  1729 10113
  1730 10113
  1731 10113
  1732 10113
  1733 10113
  1734 10113
  1735 10113
  1736 10113
  1737 10113
  1738 10113
  1739 10113
  1740 10113
  1741 10113
  1742 10113
  1743 10113
  1744 10113
  1745 10113
  1746 10113
  1747 10113
  1748 10113
  1749 10113
  1750 10113
  1751 10113
  1752 10113
  1753 10113
  1754 10113
  1755 10113
  1756 10113
  1757 10113
  1758 10113
  1759 10113
  1760 10113
  1761 10113
  1762 10113
  1763 10113
  1764 10113
  1765 10113
  1766 10113
  1767 10113
  1768 10113
  1769 10113
  1770 10113
  1771 10113
  1772 10113
  1773 10113
  1774 10113
  1775 10113
  1776 10113
  1777 10113
  1778 10113
  1779 10113
  1780 10113
  1781 10113
  1782 10113
  1783 10113
  1784 10113
  1785 10113
  1786 10113
  1787 10113
  1788 10113
  1789 10113
  1790 10113
  1791 10113
  1792 10113
  1793 10113
  1794 10113
  1795 10113
  1796 10113
  1797 10113
  1798 10113
  1799 10113
  1800 10113
  1801 10113
  1802 10113
  1803 10113
  1804 10113
  1805 10113
  1806 10113
  1807 10113
  1808 10113
  1809 10113
  1810 10113
  1811 10113
  1812 10113
  1813 10113
  1814 10113
  1815 10113
  1816 10113
  1817 10113
  1818 10113
  1819 10113
  1820 10113
  1821 10113
  1822 10113
  1823 10113
  1824 10113
  1825 10113
  1826 10113
  1827 10113
  1828 10113
  1829 10113
  1830 10113
  1831 10113
  1832 10113
  1833 10113
  1834 10113
  1835 10113
  1836 10113
  1837 10113
  1838 10113
  1839 10113
  1840 10113
  1841 10113
  1842 10113
  1843 10113
  1844 10113
  1845 10113
  1846 10113
  1847 10113
  1848 10113
  1849 10113
  1850 10113
  1851 10113
  1852 10113
  1853 10113
  1854 10113
  1855 10113
  1856 10113
  1857 10113
  1858 10113
  1859 10113
  1860 10113
  1861 10113
  1865 10144
  1866 10144
  1867 10144
  1868 10144
  1869 10144
  1870 10144
  1871 10144
  1872 10144
  1873 10144
  1874 10144
  1875 10144
  1876 10144
  1877 10144
  1878 10144
  1879 10144
  1880 10144
  1881 10144
  1882 10144
  1883 10144
  1884 10144
  1885 10144
  1886 10144
  1887 10144
  1888 10144
  1889 10144
  1890 10144
  1891 10144
  1892 10144
  1893 10144
  1894 10144
  1895 10144
  1896 10144
  1897 10010
  1898 10010
  1899 10010
  1900 10010
  1901 10010
  1902 10010
  1903 10010
  1904 10010
  1905 10010
  1906 10010
  1907 10144
  1908 10144
  1909 10144
  1910 10144
  1911 10144
  1912 10144
  1913 10144
  1914 10144
  1915 10144
  1916 10144
  1917 10144
  1918 10144
  1919 10144
  1920 10144
  1921 10144
  1922 10144
  1923 10144
  1924 10144
  1925 10144
  1926 10144
  1927 10144
  1928 10144
  1929 10144
  1930 10144
  1931 10144
  1932 10144
  1933 10144
  1934 10144
  1935 10144
  1936 10144
  1937 10144
  1938 10144
  1939 10144
  1940 10144
  1941 10144
  1942 10144
  1943 10144
  1944 10144
  1945 10144
  1946 10144
  1947 10144
  1948 10144
  1949 10144
  1950 10144
  1951 10144
  1952 10144
  1953 10144
  1954 10144
  1955 10144
  1956 10144
  1957 10144
  1958 10144
  1959 10144
  1960 10144
  1961 10144
  1962 10144
  1963 10144
  1964 10144
  1965 10144
  1966 10144
  1967 10144
  1968 10144
  1969 10144
  1970 10144
  1971 10144
  1972 10144
  1973 10144
  1974 10144
  1975 10144
  1976 10144
  1977 10144
  1978 10144
  1979 10144
  1980 10144
  1981 10144
  1982 10144
  1983 10144
  1984 10144
  1985 10144
  1986 10144
  1987 10144
  1988 10144
  1989 10144
  1990 10144
  1991 10144
  1992 10144
  1993 10144
  1994 10144
  1995 10144
  1996 10144
  1997 10144
  1998 10144
  1999 10144
  2000 10144
  2001 10144
  2002 10144
  2003 10144
  2004 10144
  2005 10144
  2006 10144
  2007 10144
  2008 10144
  2009 10144
  2010 10144
  2011 10144
  2012 10144
  2013 10144
  2014 10144
  2015 10144
  2016 10144
  2017 10144
  2018 10144
  2019 10144
  2020 10144
  2021 10050
