   690 10169
   691 10169
   692 10169
   693 10169
   694 10169
   695 10169
   696 10169
   697 10169
   698 10169
   699 10169
   700 10169
   701 10169
   702 10169
   703 10169
   704 10169
   705 10169
   706 10169
   707 10169
   708 10169
   709 10169
   710 10169
   711 10169
   712 10169
   713 10169
   714 10169
   715 10169
   716 10169
   717 10169
   718 10169
   719 10169
   720 10169
   721 10169
   722 10169
   723 10169
   724 10169
   725 10169
   726 10169
   727 10169
   728 10169
   729 10169
   730 10169
   731 10169
   732 10169
   733 10169
   734 10169
   735 10169
   736 10169
   737 10169
   738 10169
   739 10169
   740 10169
   741 10169
   742 10169
   743 10169
   744 10169
   745 10169
   746 10169
   747 10169
   748 10169
   749 10169
   750 10169
   751 10169
   752 10169
   753 10169
   754 10169
   755 10169
   756 10169
   757 10169
   758 10169
   759 10169
   760 10169
   761 10169
   762 10169
   763 10169
   764 10169
   765 10169
   766 10169
   767 10169
   768 10169
   769 10169
   770 10169
   771 10169
   772 10169
   773 10169
   774 10169
   775 10169
   776 10169
   777 10169
   778 10169
   779 10101
   784 10146
   785 10146
   786 10146
   787 10146
   788 10146
   789 10146
   790 10146
   791 10146
   792 10146
   793 10146
   794 10146
   795 10146
   796 10146
   797 10146
   798 10146
   799 10146
   800 10146
   801 10146
   802 10146
   803 10146
   804 10146
   805 10146
   806 10146
   807 10146
   808 10146
   809 10146
   810 10146
   811 10146
   812 10146
   813 10146
   814 10146
   815 10146
   816 10146
   817 10146
   818 10146
   819 10146
   820 10146
   821 10146
   822 10146
   823 10146
   824 10146
   825 10146
   826 10146
   827 10146
   828 10146
   829 10146
   830 10146
   831 10146
   832 10146
   833 10146
   834 10146
   835 10146
   836 10146
   837 10146
   838 10146
   839 10146
   840 10146
   841 10146
   842 10146
   843 10146
   844 10146
   845 10146
   846 10146
   847 10146
   848 10146
   849 10146
   850 10146
   851 10146
   852 10146
   853 10146
   854 10146
   855 10146
   856 10146
   857 10146
   858 10146
   859 10146
   860 10146
   861 10146
   862 10146
   863 10146
   864 10146
   865 10146
   866 10146
   867 10146
   868 10146
   869 10146
   870 10146
   871 10146
   872 10146
   873 10146
   874 10146
   875 10146
   876 10146
   877 10146
   878 10146
   879 10146
   880 10146
   881 10146
   882 10146
   883 10146
   884 10146
   885 10146
   886 10146
   887 10146
   888 10146
   889 10146
   890 10146
   891 10146
   892 10146
   893 10146
   894 10146
   895 10146
   896 10146
   897 10146
   898 10146
   899 10146
   900 10146
   901 10146
   902 10146
   903 10146
   904 10146
   905 10146
   906 10146
   907 10146
   908 10146
   909 10146
   910 10146
   911 10146
   912 10146
   913 10146
   914 10146
   915 10146
   916 10146
   917 10146
   918 10146
   919 10146
   920 10146
   921 10146
   922 10146
   923 10146
   924 10146
   925 10146
   926 10146
   927 10146
   928 10146
   929 10146
   930 10146
   931 10146
   932 10146
   933 10146
   934 10146
   935 10146
   936 10146
   937 10146
   938 10146
   939 10146
   940 10146
   941 10146
   942 10146
   943 10146
   944 10146
   945 10146
   946 10146
   947 10146
   948 10146
   949 10146
   950 10146
   951 10146
   952 10146
   953 10146
   954 10146
   955 10146
   956 10146
   957 10146
   958 10146
   959 10146
   960 10146
   961 10146
   962 10146
   963 10146
   964 10146
   965 10146
   966 10146
   967 10146
   968 10146
   969 10146
   970 10146
   971 10146
   972 10146
   973 10146
   974 10146
   975 10146
   976 10146
   977 10146
   978 10146
   979 10146
   980 10146
   981 10146
   982 10146
   983 10146
   984 10146
   985 10146
   986 10146
   987 10146
   988 10146
   989 10146
   990 10146
   991 10146
   992 10146
   993 10146
   994 10146
   995 10115
   996 10115
   997 10115
   998 10016
   999 10016
  1000 10143
  1001 10143
  1002 10074
  1003 10143
  1004 10143
  1005 10143
  1006 10143
  1007 10146
  1008 10146
  1009 10143
  1010 10143
  1011 10143
  1012 10143
  1013 10143
  1014 10143
  1015 10143
  1016 10143
  1017 10143
  1018 10143
  1019 10016
  1020 10016
  1021 10016
  1030 10019
  1031 10021
  1032 10019
  1033 10019
  1034 10019
  1041 10143
  1042 10143
  1043 10143
  1044 10143
  1045 10143
  1046 10143
  1047 10143
  1048 10143
  1049 10143
  1050 10143
  1051 10143
  1052 10143
  1053 10143
  1054 10143
  1055 10143
  1056 10143
  1057 10143
  1058 10143
  1059 10143
  1060 10143
  1061 10153
  1062 10153
  1063 10153
  1064 10153
  1065 10153
  1066 10153
  1067 10153
  1068 10143
  1069 10143
  1070 10143
  1071 10143
  1072 10143
  1073 10143
  1074 10153
  1075 10153
  1076 10153
  1077 10153
  1078 10153
  1079 10153
  1080 10153
  1081 10153
  1082 10153
  1083 10153
  1084 10153
  1085 10153
  1086 10143
  1087 10143
  1088 10143
  1089 10143
  1090 10143
  1091 10143
  1092 10143
  1093 10143
  1094 10153
  1095 10049
  1096 10049
  1097 10153
  1098 10153
  1099 10153
  1100 10153
  1101 10153
  1102 10153
  1103 10153
  1104 10016
  1105 10016
  1106 10016
  1107 10153
  1108 10153
  1109 10049
  1110 10153
  1111 10153
  1112 10016
  1113 10016
  1114 10016
  1115 10016
  1116 10016
  1117 10016
  1118 10153
  1119 10153
  1120 10153
  1121 10153
  1122 10153
  1123 10153
  1124 10153
  1125 10153
  1126 10153
  1127 10153
  1128 10153
  1129 10153
  1130 10153
  1131 10153
  1132 10153
  1133 10153
  1134 10153
  1135 10153
  1136 10153
  1137 10016
  1138 10016
  1139 10016
  1140 10153
  1141 10153
  1142 10153
  1143 10016
  1144 10016
  1145 10016
  1146 10016
  1147 10016
  1148 10016
  1149 10016
  1150 10016
  1151 10016
  1152 10016
  1153 10016
  1154 10016
  1155 10016
  1156 10016
  1157 10016
  1158 10016
  1159 10016
  1160 10016
  1161 10016
  1162 10016
  1163 10016
  1164 10016
  1165 10016
  1166 10016
  1167 10016
  1168 10016
  1169 10016
  1170 10016
  1171 10016
  1172 10016
  1173 10016
  1174 10016
  1175 10016
  1176 10016
  1177 10016
  1178 10153
  1179 10153
  1180 10153
  1181 10153
  1182 10153
  1183 10016
  1184 10016
  1185 10143
  1186 10143
  1187 10153
  1188 10153
  1189 10153
  1190 10153
  1191 10143
  1192 10143
  1193 10143
  1194 10143
  1195 10143
  1196 10143
  1197 10143
  1198 10143
  1199 10143
  1200 10143
  1201 10143
  1202 10143
  1203 10143
  1204 10143
  1205 10143
  1206 10143
  1207 10143
  1208 10143
  1209 10143
  1210 10143
  1211 10143
  1212 10016
  1213 10155
  1214 10016
  1215 10153
  1216 10143
  1217 10143
  1218 10143
  1219 10143
  1220 10143
  1221 10143
  1222 10143
  1223 10143
  1224 10143
  1225 10143
  1226 10036
  1227 10036
  1228 10036
  1229 10036
  1230 10036
  1231 10036
  1232 10036
  1233 10036
  1234 10036
  1235 10016
  1236 10016
  1237 10143
  1238 10143
  1239 10014
  1240 10155
  1241 10143
  1242 10143
  1243 10143
  1244 10143
  1245 10143
  1246 10143
  1247 10143
  1248 10143
  1249 10016
  1250 10036
  1251 10016
  1252 10143
  1253 10143
  1254 10016
  1255 10153
  1256 10143
  1257 10143
  1258 10143
  1259 10143
  1260 10143
  1261 10154
  1262 10154
  1263 10154
  1264 10130
  1272 10076
  1273 10076
  1274 10018
  1275 10018
  1276 10018
  1277 10018
  1278 10018
  1279 10018
  1280 10018
  1281 10076
  1304 10031
  1305 10076
  1306 10076
  1307 10076
  1308 10055
  1309 10055
  1310 10055
  1311 10106
  1339 10036
  1340 10143
  1341 10016
  1342 10016
  1343 10036
  1346 10055
  1347 10055
  1348 10055
  1349 10097
  1350 10097
  1351 10097
  1352 10097
  1353 10097
  1354 10097
  1355 10097
  1356 10097
  1357 10097
  1358 10097
  1371 10019
  1372 10019
  1373 10019
  1374 10082
  1375 10151
  1376 10151
  1377 10151
  1378 10151
  1379 10151
  1380 10151
  1381 10151
  1382 10151
  1383 10016
  1384 10016
  1385 10016
  1386 10016
  1387 10016
  1388 10016
  1389 10016
  1390 10016
  1391 10016
  1392 10016
  1393 10016
  1394 10016
  1395 10016
  1396 10016
  1397 10016
  1398 10016
  1399 10016
  1400 10016
  1401 10016
  1402 10016
  1403 10016
  1404 10016
  1405 10016
  1406 10016
  1407 10016
  1408 10016
  1409 10016
  1410 10016
  1411 10016
  1412 10016
  1413 10016
  1414 10016
  1415 10016
  1416 10016
  1417 10016
  1418 10016
  1419 10016
  1420 10016
  1421 10016
  1422 10016
  1423 10016
  1424 10016
  1425 10016
  1426 10016
  1427 10016
  1428 10016
  1429 10016
  1430 10016
  1431 10016
  1432 10016
  1433 10016
  1434 10016
  1435 10016
  1436 10016
  1437 10016
  1438 10016
  1439 10016
  1440 10016
  1441 10016
  1442 10016
  1443 10016
  1444 10016
  1445 10016
  1446 10016
  1447 10016
  1448 10016
  1449 10016
  1450 10016
  1451 10016
  1452 10016
  1453 10016
  1454 10016
  1455 10016
  1456 10016
  1457 10016
  1458 10016
  1459 10016
  1460 10016
  1461 10016
  1462 10016
  1463 10016
  1464 10016
  1465 10016
  1466 10016
  1467 10016
  1468 10016
  1469 10016
  1470 10016
  1471 10016
  1472 10016
  1473 10016
  1474 10016
  1475 10016
  1476 10016
  1477 10016
  1478 10016
  1479 10016
  1480 10016
  1481 10016
  1482 10016
  1483 10016
  1484 10016
  1485 10016
  1486 10016
  1487 10016
  1488 10016
  1489 10016
  1490 10016
  1491 10016
  1492 10016
  1493 10016
  1494 10016
  1495 10016
  1496 10151
  1497 10138
  1498 10138
  1499 10138
  1500 10138
  1501 10138
  1502 10138
  1503 10138
  1504 10138
  1505 10138
  1506 10138
  1507 10138
  1508 10138
  1509 10138
  1510 10138
  1511 10138
  1512 10138
  1513 10138
  1514 10138
  1515 10138
  1516 10138
  1517 10138
  1518 10138
  1519 10138
  1520 10138
  1521 10138
  1522 10138
  1523 10138
  1524 10138
  1525 10138
  1526 10138
  1527 10138
  1528 10138
  1529 10138
  1530 10138
  1531 10138
  1532 10138
  1533 10138
  1534 10138
  1535 10138
  1536 10138
  1537 10138
  1538 10138
  1539 10138
  1540 10138
  1541 10138
  1542 10138
  1543 10138
  1544 10138
  1545 10138
  1546 10138
  1547 10138
  1548 10138
  1549 10138
  1550 10138
  1551 10138
  1552 10138
  1553 10138
  1554 10138
  1555 10138
  1556 10138
  1557 10138
  1558 10138
  1559 10138
  1560 10138
  1561 10138
  1562 10138
  1563 10138
  1564 10138
  1565 10138
  1566 10138
  1567 10138
  1568 10138
  1569 10138
  1570 10138
  1571 10138
  1572 10138
  1573 10138
  1574 10138
  1575 10138
  1576 10138
  1577 10138
  1578 10138
  1579 10138
  1580 10138
  1581 10138
  1582 10138
  1583 10138
  1584 10138
  1585 10138
  1586 10138
  1587 10138
  1588 10138
  1589 10138
  1590 10138
  1591 10138
  1592 10138
  1593 10138
  1594 10138
  1595 10138
  1596 10138
  1597 10138
  1598 10138
  1599 10138
  1600 10138
  1601 10138
  1602 10138
  1603 10138
  1604 10138
  1605 10138
  1606 10138
  1607 10138
  1608 10138
  1609 10138
  1610 10138
  1611 10138
  1612 10138
  1613 10138
  1614 10138
  1615 10151
  1616 10019
  1617 10019
  1618 10019
  1619 10152
  1620 10019
  1621 10152
  1622 10152
  1623 10152
  1624 10152
  1625 10152
  1626 10034
  1627 10152
  1628 10034
  1629 10152
  1630 10034
  1631 10152
  1632 10152
  1633 10152
  1634 10152
  1635 10152
  1636 10152
  1637 10152
  1638 10152
  1639 10152
  1640 10152
  1641 10152
  1642 10152
  1643 10152
  1644 10152
  1645 10152
  1646 10152
  1647 10152
  1648 10152
  1649 10152
  1650 10152
  1651 10152
  1652 10152
  1653 10152
  1654 10152
  1655 10152
  1656 10152
  1657 10152
  1658 10152
  1659 10152
  1660 10152
  1661 10152
  1662 10152
  1663 10152
  1664 10152
  1665 10152
  1666 10152
  1667 10152
  1668 10152
  1669 10152
  1670 10152
  1671 10152
  1672 10152
  1673 10152
  1674 10152
  1675 10152
  1676 10152
  1677 10152
  1678 10152
  1679 10152
  1680 10152
  1681 10152
  1682 10152
  1683 10152
  1684 10152
  1685 10152
  1686 10152
  1687 10152
  1688 10152
  1689 10152
  1690 10152
  1691 10152
  1692 10152
  1693 10152
  1694 10152
  1695 10152
  1696 10034
  1697 10152
  1698 10152
  1699 10152
  1700 10152
  1701 10152
  1702 10152
  1703 10152
  1704 10152
  1705 10152
  1706 10152
  1707 10152
  1708 10152
  1709 10152
  1710 10152
  1711 10152
  1712 10152
  1713 10152
  1714 10152
  1715 10152
  1716 10152
  1717 10152
  1718 10152
  1719 10152
  1720 10152
  1721 10152
  1722 10152
  1723 10152
  1724 10152
  1725 10152
  1726 10152
  1727 10152
  1728 10034
  1729 10152
  1730 10152
  1731 10152
  1732 10152
  1733 10152
  1734 10152
  1735 10034
  1736 10034
  1737 10152
  1738 10034
  1739 10152
  1740 10152
  1741 10152
  1742 10152
  1743 10152
  1744 10152
  1745 10152
  1746 10152
  1747 10152
  1748 10152
  1749 10152
  1750 10152
  1751 10152
  1752 10152
  1753 10152
  1754 10152
  1755 10152
  1756 10152
  1757 10152
  1758 10152
  1759 10152
  1760 10034
  1761 10034
  1762 10152
  1763 10152
  1764 10152
  1765 10152
  1766 10034
  1767 10152
  1768 10152
  1769 10152
  1770 10152
  1771 10152
  1772 10152
  1773 10152
  1774 10008
  1775 10152
  1776 10152
  1777 10152
  1778 10152
  1779 10152
  1780 10152
  1781 10152
  1782 10152
  1783 10034
  1784 10152
  1785 10152
  1786 10034
  1787 10152
  1788 10034
  1789 10152
  1790 10152
  1791 10152
  1792 10152
  1793 10152
  1794 10152
  1795 10152
  1796 10152
  1797 10152
  1798 10152
  1799 10034
  1800 10152
  1801 10152
  1802 10152
  1803 10152
  1804 10152
  1805 10152
  1806 10152
  1807 10152
  1808 10152
  1809 10152
  1810 10034
  1811 10152
  1812 10152
  1813 10152
  1814 10152
  1815 10034
  1816 10152
  1817 10152
  1818 10152
  1819 10152
  1820 10152
  1821 10152
  1822 10152
  1823 10152
  1824 10152
  1825 10152
  1826 10152
  1827 10152
  1828 10152
  1829 10152
  1830 10152
  1831 10152
  1832 10152
  1833 10152
  1834 10152
  1835 10152
  1836 10152
  1837 10152
  1838 10152
  1839 10152
  1840 10152
  1841 10152
  1842 10152
  1843 10152
  1844 10152
  1845 10152
  1846 10152
  1847 10152
  1848 10152
  1849 10152
  1850 10152
  1851 10152
  1852 10152
  1853 10152
  1854 10152
  1855 10152
  1857 10047
  1858 10047
  1859 10091
  1860 10091
  1862 10101
  1863 10101
  1864 10134
  1865 10134
  1866 10134
  1867 10134
  1868 10134
  1869 10134
  1870 10134
  1871 10134
  1872 10134
  1873 10134
  1874 10134
  1875 10134
  1876 10134
  1877 10134
  1878 10134
  1879 10134
  1880 10134
  1881 10134
  1882 10134
  1883 10134
  1884 10134
  1885 10134
  1886 10134
  1887 10134
  1888 10134
  1889 10134
  1890 10134
  1891 10134
  1892 10134
  1893 10134
  1894 10134
  1895 10134
  1896 10134
  1897 10134
  1898 10134
  1899 10134
  1900 10134
  1901 10134
  1902 10134
  1903 10134
  1904 10134
  1905 10134
  1906 10134
  1907 10134
  1908 10134
  1909 10134
  1910 10134
  1911 10134
  1912 10134
  1913 10134
  1914 10134
  1915 10134
  1916 10134
  1917 10134
  1918 10134
  1919 10134
  1920 10134
  1921 10134
  1922 10134
  1923 10134
  1924 10134
  1925 10134
  1926 10134
  1927 10134
  1928 10134
  1929 10134
  1930 10134
  1931 10134
  1932 10134
  1933 10134
  1934 10134
  1935 10134
  1936 10134
  1937 10134
  1938 10134
  1939 10134
  1940 10134
  1941 10134
  1942 10134
  1943 10134
  1944 10134
  1945 10134
  1946 10134
  1947 10134
  1948 10134
  1949 10134
  1950 10134
  1951 10134
  1952 10134
  1953 10134
  1954 10134
  1955 10134
  1956 10134
  1957 10134
  1958 10134
  1959 10134
  1960 10134
  1961 10134
  1962 10134
  1963 10134
  1964 10134
  1965 10134
  1966 10134
  1967 10134
  1968 10134
  1969 10134
  1970 10134
  1971 10134
  1972 10134
  1973 10134
  1974 10134
  1975 10134
  1976 10134
  1977 10134
  1978 10134
  1979 10134
  1980 10134
  1981 10134
  1982 10134
  1983 10134
  1984 10134
  1985 10134
  1986 10134
  1987 10134
  1988 10134
  1989 10134
  1990 10134
  1991 10134
  1992 10134
  1993 10134
  1994 10134
  1995 10134
  1996 10134
  1997 10134
  1998 10134
  1999 10134
  2000 10134
  2001 10134
  2002 10134
  2003 10134
  2004 10134
  2005 10134
  2006 10134
  2007 10134
  2008 10134
  2009 10134
  2010 10134
  2011 10134
  2012 10134
  2013 10134
  2014 10134
  2015 10134
  2016 10134
  2017 10134
  2018 10134
  2019 10134
  2020 10134
  2021 10134
  2022 10134
  2023 10134
  2024 10061
  2025 10101
  2026 10101
  2027 10101
  2028 10101
  2029 10101
  2030 10101
  2031 10169
  2032 10169
