   686 10029
   687 10029
   688 10029
   689 10029
   690 10029
   691 10029
   692 10029
   693 10029
   694 10029
   695 10029
   696 10029
   697 10029
   698 10029
   699 10029
   700 10029
   701 10029
   702 10029
   703 10029
   704 10029
   705 10029
   706 10029
   707 10029
   708 10029
   709 10029
   710 10029
   711 10029
   712 10029
   713 10029
   714 10029
   715 10029
   716 10029
   717 10029
   718 10029
   719 10029
   720 10029
   721 10029
   722 10029
   723 10029
   724 10029
   725 10029
   726 10029
   727 10029
   728 10029
   729 10029
   730 10029
   731 10029
   732 10029
   733 10029
   734 10029
   735 10029
   736 10029
   737 10029
   738 10029
   739 10029
   740 10029
   741 10029
   742 10029
   743 10029
   744 10029
   745 10029
   746 10029
   747 10029
   748 10029
   749 10029
   750 10029
   751 10029
   752 10029
   753 10029
   754 10029
   755 10029
   756 10029
   757 10029
   758 10029
   759 10029
   760 10029
   761 10029
   762 10029
   763 10029
   764 10029
   765 10029
   766 10029
   767 10029
   768 10029
   769 10029
   770 10029
   771 10029
   772 10029
   773 10029
   774 10029
   775 10154
   776 10154
   777 10154
   778 10162
   779 10162
   780 10162
   781 10162
   782 10154
   783 10162
   784 10134
   785 10134
   786 10061
   787 10061
   788 10061
   789 10141
   790 10141
   791 10141
   796 10141
   797 10141
   798 10169
   799 10101
   800 10141
   801 10144
   816 10043
   818 10071
   819 10067
   820 10071
   821 10071
   822 10071
   823 10071
   824 10071
   825 10071
   826 10071
   827 10071
   828 10071
   829 10071
   830 10071
   831 10071
   832 10071
   833 10071
   834 10071
   835 10071
   836 10071
   837 10071
   838 10071
   839 10071
   840 10071
   841 10071
   842 10071
   843 10071
   844 10071
   845 10071
   846 10071
   847 10071
   848 10071
   849 10071
   850 10071
   851 10071
   852 10071
   853 10071
   854 10071
   855 10071
   856 10071
   857 10071
   858 10095
   859 10071
   860 10071
   861 10071
   862 10071
   863 10071
   864 10071
   865 10071
   866 10071
   867 10071
   868 10071
   869 10071
   870 10071
   871 10071
   872 10071
   873 10071
   874 10071
   875 10071
   876 10071
   877 10071
   878 10071
   879 10071
   880 10071
   881 10071
   882 10071
   883 10149
   884 10071
   885 10149
   886 10149
   887 10149
   888 10149
   889 10149
   890 10071
   891 10071
   892 10071
   893 10071
   894 10071
   895 10071
   896 10071
   897 10071
   898 10071
   899 10071
   900 10071
   901 10071
   902 10071
   903 10071
   904 10071
   905 10071
   906 10071
   907 10071
   908 10071
   909 10071
   910 10071
   911 10071
   912 10149
   913 10149
   914 10149
   915 10149
   916 10149
   917 10071
   918 10071
   919 10149
   920 10149
   921 10149
   922 10149
   923 10071
   924 10071
   925 10071
   926 10071
   927 10071
   928 10071
   929 10071
   930 10071
   931 10071
   932 10071
   933 10071
   934 10071
   935 10071
   936 10071
   937 10149
   938 10149
   939 10149
   940 10149
   941 10071
   942 10149
   943 10149
   944 10149
   945 10149
   946 10149
   947 10149
   948 10149
   949 10149
   950 10149
   951 10149
   952 10071
   953 10149
   954 10071
   955 10071
   956 10071
   957 10071
   958 10071
   959 10149
   960 10071
   961 10149
   962 10071
   963 10149
   964 10149
   965 10149
   966 10149
   967 10149
   968 10149
   969 10149
   970 10071
   971 10071
   972 10071
   973 10071
   974 10071
   975 10071
   976 10071
   977 10071
   978 10071
   979 10071
   980 10149
   981 10149
   982 10149
   983 10149
   984 10149
   985 10149
   986 10149
   987 10149
   988 10149
   989 10149
   990 10149
   991 10149
   992 10149
   993 10149
   994 10149
   995 10149
   996 10149
   997 10149
   998 10149
   999 10149
  1000 10149
  1001 10149
  1002 10149
  1003 10149
  1004 10149
  1005 10149
  1006 10149
  1007 10149
  1008 10149
  1009 10071
  1010 10149
  1011 10149
  1012 10149
  1013 10149
  1014 10149
  1015 10149
  1016 10100
  1018 10138
  1019 10141
  1020 10101
  1021 10141
  1022 10141
  1023 10141
  1024 10141
  1025 10141
  1026 10141
  1027 10141
  1028 10141
  1029 10141
  1030 10141
  1031 10141
  1032 10141
  1033 10141
  1034 10101
  1035 10071
  1036 10071
  1037 10071
  1038 10149
  1039 10149
  1040 10149
  1041 10149
  1042 10149
  1043 10149
  1044 10149
  1045 10149
  1046 10149
  1047 10149
  1048 10149
  1049 10149
  1050 10149
  1051 10149
  1052 10149
  1053 10071
  1054 10071
  1055 10149
  1056 10149
  1057 10149
  1058 10149
  1059 10149
  1060 10149
  1061 10149
  1062 10149
  1063 10071
  1064 10071
  1065 10149
  1066 10149
  1067 10071
  1068 10149
  1069 10071
  1070 10071
  1071 10071
  1072 10149
  1073 10149
  1074 10149
  1075 10149
  1076 10071
  1077 10071
  1078 10071
  1079 10071
  1080 10149
  1081 10149
  1082 10071
  1083 10149
  1084 10149
  1085 10149
  1086 10149
  1087 10149
  1088 10149
  1089 10071
  1090 10149
  1091 10149
  1092 10149
  1093 10071
  1094 10071
  1095 10149
  1096 10071
  1097 10071
  1098 10071
  1099 10149
  1100 10149
  1101 10149
  1102 10071
  1103 10149
  1104 10149
  1105 10071
  1106 10149
  1107 10149
  1108 10149
  1109 10071
  1110 10071
  1111 10071
  1112 10071
  1113 10071
  1114 10071
  1115 10080
  1116 10080
  1117 10080
  1118 10071
  1119 10071
  1120 10071
  1121 10071
  1122 10071
  1123 10071
  1124 10071
  1125 10149
  1126 10149
  1127 10149
  1128 10071
  1129 10149
  1130 10149
  1131 10071
  1132 10071
  1133 10071
  1134 10149
  1135 10149
  1136 10071
  1137 10071
  1138 10071
  1139 10071
  1140 10071
  1141 10071
  1142 10071
  1143 10071
  1144 10071
  1145 10149
  1146 10149
  1147 10149
  1148 10149
  1149 10149
  1150 10149
  1151 10149
  1152 10149
  1153 10071
  1154 10149
  1155 10071
  1156 10149
  1157 10071
  1158 10071
  1159 10149
  1160 10149
  1161 10149
  1162 10071
  1163 10149
  1164 10149
  1165 10149
  1166 10071
  1167 10071
  1168 10149
  1169 10071
  1170 10071
  1171 10071
  1172 10071
  1173 10071
  1174 10071
  1175 10071
  1176 10071
  1177 10071
  1178 10071
  1179 10071
  1180 10071
  1181 10071
  1182 10149
  1183 10149
  1184 10149
  1185 10149
  1186 10149
  1187 10149
  1188 10149
  1189 10149
  1190 10149
  1191 10149
  1192 10149
  1193 10071
  1194 10071
  1195 10071
  1196 10071
  1197 10071
  1198 10071
  1199 10071
  1200 10071
  1201 10071
  1202 10149
  1203 10149
  1204 10149
  1205 10149
  1206 10149
  1207 10149
  1208 10149
  1209 10149
  1210 10149
  1211 10149
  1212 10149
  1213 10149
  1214 10071
  1215 10149
  1216 10149
  1217 10149
  1218 10149
  1219 10149
  1220 10149
  1221 10149
  1222 10149
  1223 10149
  1224 10149
  1225 10149
  1226 10149
  1227 10149
  1228 10149
  1229 10149
  1230 10071
  1231 10149
  1232 10149
  1233 10149
  1234 10149
  1235 10149
  1236 10149
  1237 10149
  1238 10071
  1239 10071
  1240 10149
  1241 10149
  1242 10149
  1243 10149
  1244 10149
  1245 10149
  1246 10149
  1247 10071
  1248 10071
  1249 10071
  1250 10071
  1251 10071
  1252 10071
  1253 10149
  1254 10149
  1255 10071
  1256 10149
  1257 10149
  1258 10046
  1259 10123
  1260 10123
  1262 10062
  1263 10101
  1270 10123
  1271 10123
  1272 10123
  1274 10070
  1281 10061
  1290 10101
  1319 10086
  1328 10159
  1338 10163
  1340 10128
  1342 10169
  1347 10164
  1349 10164
  1351 10062
  1352 10062
  1353 10164
  1354 10062
  1364 10101
  1370 10138
  1371 10138
  1375 10067
  1376 10091
  1377 10141
  1378 10141
  1379 10141
  1380 10141
  1381 10141
  1382 10141
  1383 10169
  1384 10169
  1385 10141
  1386 10141
  1387 10141
  1389 10062
  1390 10062
  1391 10049
  1392 10062
  1393 10062
  1394 10062
  1395 10101
  1396 10141
  1397 10088
  1400 10055
  1401 10031
  1402 10031
  1403 10031
  1404 10031
  1405 10141
  1409 10062
  1410 10062
  1411 10086
  1412 10062
  1413 10163
  1415 10091
  1416 10066
  1417 10083
  1418 10066
  1419 10066
  1420 10101
  1421 10066
  1422 10083
  1423 10083
  1425 10163
  1426 10163
  1427 10163
  1428 10163
  1429 10163
  1430 10163
  1431 10101
  1438 10101
  1439 10075
  1443 10164
  1445 10164
  1446 10062
  1449 10061
  1451 10164
  1452 10164
  1455 10164
  1457 10164
  1458 10164
  1459 10164
  1460 10164
  1461 10164
  1462 10043
  1463 10164
  1464 10164
  1465 10164
  1466 10164
  1467 10164
  1468 10164
  1469 10164
  1470 10164
  1471 10164
  1472 10164
  1473 10164
  1474 10164
  1475 10164
  1476 10164
  1477 10164
  1478 10062
  1480 10164
  1481 10164
  1482 10164
  1483 10164
  1484 10164
  1485 10080
  1487 10062
  1488 10164
  1489 10075
  1491 10169
  1492 10164
  1493 10164
  1494 10164
  1495 10123
  1496 10066
  1499 10050
  1500 10050
  1501 10050
  1502 10055
  1503 10055
  1504 10055
  1505 10018
  1506 10018
  1507 10018
  1508 10018
  1509 10018
  1510 10018
  1511 10018
  1512 10018
  1513 10055
  1514 10055
  1515 10055
  1516 10055
  1517 10055
  1518 10055
  1519 10055
  1520 10055
  1521 10055
  1522 10055
  1523 10055
  1524 10055
  1525 10055
  1526 10055
  1527 10055
  1528 10055
  1529 10055
  1530 10055
  1531 10055
  1532 10055
  1533 10055
  1534 10055
  1535 10055
  1536 10055
  1537 10055
  1538 10055
  1539 10055
  1540 10055
  1541 10055
  1542 10055
  1543 10055
  1544 10055
  1545 10055
  1546 10055
  1547 10055
  1548 10018
  1549 10055
  1550 10055
  1551 10055
  1552 10055
  1553 10055
  1554 10055
  1555 10055
  1556 10055
  1557 10055
  1558 10055
  1559 10055
  1560 10055
  1561 10055
  1562 10055
  1563 10055
  1564 10076
  1565 10076
  1619 10138
  1620 10062
  1621 10138
  1622 10062
  1623 10091
  1624 10091
  1625 10091
  1626 10049
  1627 10049
  1628 10021
  1629 10021
  1630 10021
  1631 10021
  1632 10021
  1633 10021
  1634 10021
  1635 10021
  1636 10021
  1637 10021
  1638 10021
  1639 10021
  1640 10021
  1641 10021
  1642 10021
  1643 10049
  1644 10021
  1645 10021
  1646 10049
  1647 10021
  1648 10021
  1649 10021
  1650 10021
  1651 10021
  1652 10049
  1653 10049
  1654 10021
  1655 10021
  1656 10049
  1657 10049
  1658 10021
  1659 10021
  1660 10021
  1661 10021
  1662 10021
  1663 10021
  1664 10021
  1665 10021
  1666 10021
  1667 10021
  1668 10021
  1669 10049
  1670 10049
  1671 10021
  1672 10049
  1673 10021
  1674 10049
  1675 10021
  1676 10049
  1677 10049
  1678 10021
  1679 10021
  1680 10021
  1681 10049
  1682 10049
  1683 10049
  1684 10049
  1685 10049
  1686 10021
  1687 10049
  1688 10021
  1689 10021
  1690 10021
  1691 10049
  1692 10049
  1693 10049
  1694 10049
  1695 10049
  1696 10049
  1697 10049
  1698 10021
  1699 10049
  1700 10021
  1701 10021
  1702 10021
  1703 10021
  1704 10021
  1705 10021
  1706 10049
  1707 10049
  1708 10021
  1709 10049
  1710 10049
  1711 10021
  1712 10021
  1713 10021
  1714 10049
  1715 10049
  1716 10021
  1717 10021
  1718 10021
  1719 10021
  1720 10021
  1721 10021
  1722 10021
  1723 10021
  1724 10021
  1725 10049
  1726 10021
  1727 10021
  1728 10021
  1729 10049
  1730 10021
  1731 10021
  1732 10021
  1733 10049
  1734 10021
  1735 10021
  1736 10021
  1737 10021
  1738 10021
  1739 10021
  1740 10021
  1741 10021
  1742 10021
  1743 10021
  1744 10021
  1745 10021
  1746 10021
  1747 10021
  1748 10021
  1749 10021
  1750 10021
  1751 10049
  1752 10021
  1753 10021
  1754 10049
  1755 10021
  1756 10021
  1757 10021
  1758 10021
  1759 10021
  1760 10021
  1761 10021
  1762 10021
  1763 10021
  1764 10021
  1765 10021
  1766 10021
  1767 10021
  1768 10049
  1769 10049
  1770 10049
  1771 10049
  1772 10021
  1773 10021
  1774 10021
  1775 10021
  1776 10021
  1777 10021
  1778 10021
  1779 10021
  1780 10049
  1781 10049
  1782 10049
  1783 10049
  1784 10049
  1785 10021
  1786 10021
  1787 10049
  1788 10082
  1789 10082
  1790 10082
  1793 10049
  1794 10049
  1795 10021
  1796 10021
  1797 10021
  1798 10049
  1799 10049
  1800 10021
  1801 10021
  1802 10021
  1803 10049
  1804 10049
  1805 10049
  1806 10049
  1807 10049
  1808 10049
  1809 10021
  1810 10021
  1811 10021
  1812 10021
  1813 10021
  1814 10021
  1815 10021
  1816 10021
  1817 10021
  1818 10049
  1819 10021
  1820 10049
  1821 10049
  1822 10021
  1823 10021
  1824 10049
  1825 10021
  1826 10021
  1827 10021
  1828 10021
  1829 10021
  1830 10021
  1831 10021
  1832 10021
  1833 10021
  1834 10021
  1835 10021
  1836 10021
  1837 10021
  1838 10049
  1839 10049
  1840 10021
  1841 10049
  1842 10049
  1843 10049
  1844 10049
  1845 10049
  1846 10021
  1847 10049
  1848 10021
  1849 10049
  1850 10049
  1851 10049
  1852 10021
  1853 10021
  1854 10049
  1855 10021
  1856 10021
  1857 10049
  1858 10049
  1859 10049
  1860 10049
  1861 10049
  1863 10043
  1864 10067
  1865 10067
  1866 10067
  1867 10067
  1868 10067
  1869 10067
  1870 10067
  1871 10067
  1872 10067
  1873 10067
  1874 10067
  1875 10067
  1876 10067
  1877 10067
  1878 10067
  1879 10067
  1880 10067
  1881 10067
  1882 10067
  1883 10067
  1884 10067
  1885 10067
  1886 10067
  1887 10067
  1888 10067
  1889 10067
  1890 10067
  1891 10067
  1892 10067
  1893 10067
  1894 10067
  1895 10067
  1896 10067
  1897 10067
  1898 10067
  1899 10067
  1900 10067
  1901 10067
  1902 10067
  1903 10067
  1904 10067
  1905 10067
  1906 10067
  1907 10067
  1908 10067
  1909 10067
  1910 10067
  1911 10067
  1912 10067
  1913 10067
  1914 10067
  1915 10067
  1916 10067
  1917 10067
  1918 10067
  1919 10067
  1920 10067
  1921 10067
  1922 10067
  1923 10067
  1924 10067
  1925 10067
  1926 10067
  1927 10067
  1928 10067
  1929 10067
  1930 10067
  1931 10067
  1932 10067
  1933 10067
  1934 10067
  1935 10067
  1936 10067
  1937 10067
  1938 10067
  1939 10067
  1940 10067
  1941 10067
  1942 10067
  1943 10067
  1944 10067
  1945 10067
  1946 10067
  1947 10067
  1948 10067
  1949 10067
  1950 10067
  1951 10067
  1952 10067
  1953 10067
  1954 10067
  1955 10067
  1956 10067
  1957 10067
  1958 10067
  1959 10067
  1960 10067
  1961 10067
  1962 10067
  1963 10067
  1964 10067
  1965 10067
  1966 10067
  1967 10067
  1968 10067
  1969 10067
  1970 10067
  1971 10067
  1972 10067
  1973 10067
  1974 10067
  1975 10067
  1976 10067
  1977 10067
  1978 10067
  1979 10067
  1980 10067
  1981 10067
  1982 10067
  1983 10067
  1984 10067
  1985 10067
  1986 10067
  1987 10067
  1988 10067
  1989 10067
  1990 10067
  1991 10067
  1992 10067
  1993 10067
  1994 10067
  1995 10067
  1996 10067
  1997 10067
  1998 10067
  1999 10067
  2000 10067
  2001 10067
  2002 10067
  2003 10067
  2004 10067
  2005 10067
  2006 10067
  2007 10067
  2008 10067
  2009 10067
  2010 10067
  2011 10067
  2012 10067
  2013 10067
  2014 10067
  2015 10067
  2016 10067
  2017 10067
  2018 10067
  2019 10067
  2020 10067
  2021 10067
  2022 10067
  2023 10141
  2024 10141
  2025 10141
  2027 10134
  2028 10106
  2029 10029
  2030 10029
  2031 10029
  2032 10029
  2033 10029
