   699 10096
   700 10096
   701 10096
   702 10096
   703 10136
   704 10136
   705 10136
   706 10136
   707 10136
   708 10136
   709 10136
   710 10136
   711 10136
   712 10136
   713 10136
   714 10136
   715 10136
   716 10136
   717 10136
   718 10136
   719 10136
   720 10136
   721 10136
   722 10136
   723 10136
   724 10136
   725 10136
   726 10136
   727 10136
   728 10136
   729 10136
   730 10136
   731 10136
   732 10136
   733 10136
   734 10136
   735 10136
   736 10136
   737 10136
   738 10136
   739 10136
   740 10136
   741 10136
   742 10136
   743 10136
   744 10136
   745 10136
   746 10136
   747 10136
   748 10136
   749 10136
   750 10136
   751 10136
   752 10136
   753 10136
   754 10136
   755 10136
   756 10136
   757 10136
   758 10136
   759 10136
   760 10136
   761 10136
   762 10136
   763 10136
   764 10136
   765 10136
   766 10136
   767 10136
   768 10136
   769 10136
   770 10136
   771 10136
   772 10136
   773 10136
   774 10136
   775 10016
   776 10016
   777 10016
   778 10143
   779 10143
   780 10143
   781 10143
   782 10006
   783 10006
   784 10006
   785 10006
   786 10006
   787 10006
   788 10006
   789 10006
   790 10006
   791 10006
   792 10006
   793 10006
   794 10006
   795 10006
   796 10006
   797 10006
   798 10006
   799 10006
   800 10006
   801 10006
   802 10006
   803 10006
   804 10006
   805 10006
   806 10006
   807 10006
   808 10006
   809 10144
   810 10144
   811 10144
   812 10144
   813 10144
   814 10144
   815 10144
   816 10144
   817 10073
   818 10073
   819 10006
   820 10144
   821 10144
   822 10006
   823 10006
   824 10006
   825 10144
   826 10073
   827 10144
   828 10144
   829 10144
   830 10144
   831 10144
   832 10144
   833 10144
   834 10144
   835 10144
   836 10144
   837 10144
   838 10144
   839 10144
   840 10144
   841 10144
   842 10144
   843 10144
   844 10144
   845 10144
   846 10144
   847 10144
   848 10144
   849 10144
   850 10144
   851 10144
   852 10144
   853 10144
   854 10144
   855 10144
   856 10144
   857 10144
   858 10144
   859 10144
   860 10144
   861 10144
   862 10144
   863 10144
   864 10144
   865 10144
   866 10144
   867 10144
   868 10144
   869 10144
   870 10144
   871 10144
   872 10144
   873 10144
   874 10144
   875 10144
   876 10144
   877 10144
   878 10144
   879 10144
   880 10144
   881 10144
   882 10144
   883 10144
   884 10144
   885 10144
   886 10144
   887 10144
   888 10144
   889 10144
   890 10144
   891 10144
   892 10144
   893 10144
   894 10144
   895 10144
   896 10144
   897 10144
   898 10144
   899 10144
   900 10144
   901 10144
   902 10144
   903 10144
   904 10144
   905 10144
   906 10144
   907 10144
   908 10144
   909 10144
   910 10144
   911 10144
   912 10144
   913 10144
   914 10144
   915 10144
   916 10144
   917 10144
   918 10144
   919 10144
   920 10144
   921 10144
   922 10144
   923 10144
   924 10144
   925 10144
   926 10144
   927 10144
   928 10144
   929 10144
   930 10144
   931 10144
   932 10144
   933 10144
   934 10144
   935 10144
   936 10015
   937 10015
   938 10015
   939 10015
   940 10015
   941 10015
   942 10015
   943 10015
   944 10015
   945 10015
   946 10015
   947 10006
   948 10006
   949 10006
   950 10006
   951 10006
   952 10006
   953 10006
   954 10006
   955 10006
   956 10006
   957 10006
   958 10006
   959 10073
   960 10006
   961 10006
   962 10006
   963 10006
   964 10006
   965 10006
   966 10006
   967 10006
   968 10006
   969 10006
   970 10006
   971 10006
   972 10006
   973 10006
   974 10006
   975 10006
   976 10006
   977 10006
   978 10006
   979 10006
   980 10006
   981 10006
   982 10006
   983 10006
   984 10006
   985 10006
   986 10006
   987 10006
   988 10006
   989 10006
   990 10006
   991 10006
   992 10006
   993 10006
   994 10006
   995 10006
   996 10006
   997 10006
   998 10006
   999 10006
  1000 10006
  1001 10006
  1002 10006
  1003 10006
  1004 10006
  1005 10015
  1006 10015
  1007 10006
  1008 10006
  1009 10006
  1010 10006
  1011 10006
  1012 10073
  1013 10073
  1014 10006
  1015 10006
  1016 10006
  1017 10006
  1018 10006
  1019 10006
  1020 10143
  1021 10143
  1022 10143
  1023 10130
  1024 10074
  1030 10082
  1031 10082
  1032 10082
  1033 10082
  1034 10082
  1035 10082
  1036 10082
  1037 10082
  1038 10082
  1039 10082
  1040 10082
  1041 10082
  1042 10082
  1043 10082
  1044 10082
  1045 10082
  1046 10082
  1047 10082
  1048 10082
  1049 10082
  1050 10082
  1051 10082
  1052 10082
  1053 10082
  1054 10082
  1055 10082
  1056 10082
  1057 10082
  1058 10082
  1059 10082
  1060 10082
  1061 10082
  1062 10082
  1063 10082
  1064 10082
  1065 10082
  1066 10082
  1067 10082
  1068 10082
  1069 10082
  1070 10082
  1071 10082
  1072 10082
  1073 10082
  1074 10082
  1075 10082
  1076 10082
  1077 10082
  1078 10082
  1079 10082
  1080 10082
  1081 10082
  1082 10082
  1083 10082
  1084 10082
  1085 10082
  1086 10082
  1087 10082
  1088 10082
  1089 10082
  1090 10082
  1091 10082
  1092 10082
  1093 10082
  1094 10082
  1095 10082
  1096 10082
  1097 10082
  1098 10082
  1099 10082
  1100 10082
  1101 10082
  1102 10082
  1103 10082
  1104 10082
  1105 10082
  1106 10082
  1107 10082
  1108 10082
  1109 10082
  1110 10082
  1111 10082
  1112 10082
  1113 10082
  1114 10082
  1115 10082
  1116 10082
  1117 10082
  1118 10082
  1119 10082
  1120 10082
  1121 10082
  1122 10082
  1123 10082
  1124 10082
  1125 10082
  1126 10082
  1127 10082
  1128 10082
  1129 10082
  1130 10082
  1131 10082
  1132 10082
  1133 10082
  1134 10082
  1135 10082
  1136 10082
  1137 10082
  1138 10082
  1139 10082
  1140 10082
  1141 10082
  1142 10082
  1143 10082
  1144 10082
  1145 10082
  1146 10082
  1147 10082
  1148 10082
  1149 10082
  1150 10082
  1151 10082
  1152 10082
  1153 10082
  1154 10082
  1155 10082
  1156 10082
  1157 10082
  1158 10082
  1159 10082
  1160 10082
  1161 10082
  1162 10082
  1163 10082
  1164 10082
  1165 10082
  1166 10082
  1167 10082
  1168 10082
  1169 10082
  1170 10082
  1171 10082
  1172 10082
  1173 10082
  1174 10082
  1175 10082
  1176 10082
  1177 10082
  1178 10082
  1179 10082
  1180 10082
  1181 10082
  1182 10082
  1183 10082
  1184 10082
  1185 10082
  1186 10082
  1187 10082
  1188 10082
  1189 10082
  1190 10082
  1191 10082
  1192 10082
  1193 10082
  1194 10082
  1195 10082
  1196 10082
  1197 10082
  1198 10082
  1199 10082
  1200 10082
  1201 10082
  1202 10082
  1203 10082
  1204 10082
  1205 10082
  1206 10082
  1207 10082
  1208 10082
  1209 10082
  1210 10082
  1211 10082
  1212 10082
  1213 10082
  1214 10082
  1215 10082
  1216 10082
  1217 10082
  1218 10082
  1219 10082
  1220 10082
  1221 10082
  1222 10082
  1223 10082
  1224 10082
  1225 10082
  1226 10082
  1227 10082
  1228 10082
  1229 10082
  1230 10082
  1231 10082
  1232 10082
  1233 10082
  1234 10082
  1235 10082
  1236 10082
  1237 10082
  1238 10082
  1239 10082
  1240 10082
  1241 10082
  1242 10082
  1243 10082
  1244 10082
  1245 10082
  1246 10082
  1247 10082
  1248 10082
  1249 10082
  1250 10082
  1251 10082
  1252 10082
  1253 10082
  1254 10082
  1255 10082
  1256 10082
  1257 10082
  1258 10082
  1259 10072
  1260 10072
  1261 10028
  1262 10028
  1263 10043
  1265 10101
  1266 10065
  1267 10065
  1268 10065
  1269 10065
  1270 10065
  1271 10065
  1272 10065
  1273 10065
  1274 10065
  1275 10065
  1276 10065
  1277 10065
  1278 10065
  1279 10065
  1280 10065
  1281 10065
  1282 10065
  1283 10065
  1284 10065
  1285 10065
  1286 10065
  1287 10065
  1288 10065
  1289 10065
  1290 10065
  1291 10065
  1292 10065
  1293 10065
  1294 10065
  1295 10065
  1296 10065
  1297 10065
  1298 10065
  1299 10065
  1300 10065
  1301 10065
  1302 10050
  1303 10050
  1304 10050
  1305 10050
  1306 10050
  1307 10050
  1308 10050
  1309 10050
  1310 10050
  1311 10050
  1312 10065
  1313 10050
  1314 10050
  1315 10050
  1316 10050
  1317 10050
  1318 10050
  1319 10050
  1320 10050
  1321 10050
  1322 10050
  1323 10065
  1324 10065
  1325 10065
  1326 10065
  1327 10065
  1328 10050
  1329 10050
  1330 10050
  1331 10050
  1332 10050
  1333 10065
  1334 10050
  1335 10050
  1336 10065
  1337 10065
  1338 10050
  1339 10065
  1340 10050
  1341 10050
  1342 10050
  1343 10050
  1344 10050
  1345 10065
  1346 10065
  1347 10050
  1348 10050
  1349 10050
  1350 10065
  1351 10065
  1352 10065
  1353 10065
  1354 10065
  1355 10065
  1356 10065
  1357 10065
  1358 10065
  1359 10065
  1360 10065
  1361 10065
  1362 10065
  1363 10065
  1364 10065
  1365 10065
  1366 10065
  1367 10065
  1368 10065
  1369 10065
  1370 10065
  1371 10065
  1372 10065
  1373 10065
  1374 10065
  1375 10065
  1376 10065
  1377 10065
  1378 10065
  1379 10065
  1380 10065
  1381 10065
  1382 10065
  1383 10065
  1384 10065
  1385 10065
  1386 10065
  1387 10065
  1388 10065
  1389 10065
  1390 10065
  1391 10065
  1392 10065
  1393 10065
  1394 10065
  1395 10065
  1396 10065
  1397 10065
  1398 10065
  1399 10065
  1400 10065
  1401 10065
  1402 10065
  1403 10050
  1404 10050
  1405 10050
  1406 10050
  1407 10065
  1408 10065
  1409 10065
  1410 10065
  1411 10065
  1412 10065
  1413 10065
  1414 10065
  1415 10065
  1416 10050
  1417 10050
  1418 10050
  1419 10050
  1420 10065
  1421 10065
  1422 10065
  1423 10065
  1424 10065
  1425 10065
  1426 10065
  1427 10065
  1428 10065
  1429 10065
  1430 10065
  1431 10065
  1432 10065
  1433 10065
  1434 10065
  1435 10065
  1436 10065
  1437 10065
  1438 10065
  1439 10065
  1440 10065
  1441 10065
  1442 10065
  1443 10065
  1444 10065
  1445 10065
  1446 10050
  1447 10050
  1448 10050
  1449 10050
  1450 10050
  1451 10050
  1452 10065
  1453 10065
  1454 10065
  1455 10065
  1456 10065
  1457 10065
  1458 10065
  1459 10065
  1460 10050
  1461 10050
  1462 10050
  1463 10065
  1464 10065
  1465 10065
  1466 10065
  1467 10065
  1468 10065
  1469 10065
  1470 10065
  1471 10065
  1472 10065
  1473 10065
  1474 10065
  1475 10050
  1476 10065
  1477 10065
  1478 10065
  1479 10065
  1480 10065
  1481 10050
  1482 10065
  1483 10065
  1484 10065
  1485 10065
  1486 10065
  1487 10065
  1488 10065
  1489 10065
  1490 10065
  1491 10065
  1492 10065
  1493 10065
  1494 10065
  1495 10065
  1496 10065
  1497 10065
  1503 10018
  1504 10018
  1505 10018
  1506 10018
  1507 10018
  1508 10018
  1509 10158
  1510 10140
  1511 10158
  1512 10140
  1513 10140
  1514 10158
  1515 10140
  1516 10158
  1517 10158
  1518 10140
  1519 10140
  1520 10140
  1521 10140
  1522 10140
  1523 10140
  1524 10140
  1525 10140
  1526 10140
  1527 10140
  1528 10140
  1529 10140
  1530 10140
  1531 10140
  1532 10140
  1533 10140
  1534 10140
  1535 10140
  1536 10140
  1537 10140
  1538 10140
  1539 10140
  1540 10140
  1541 10055
  1542 10018
  1543 10018
  1544 10018
  1545 10076
  1546 10055
  1547 10055
  1548 10076
  1549 10076
  1551 10094
  1552 10094
  1553 10094
  1554 10094
  1555 10071
  1556 10071
  1557 10071
  1558 10071
  1559 10071
  1560 10054
  1561 10054
  1562 10054
  1563 10064
  1564 10071
  1565 10071
  1566 10071
  1567 10071
  1568 10071
  1569 10071
  1570 10071
  1571 10071
  1572 10071
  1573 10071
  1574 10071
  1575 10071
  1576 10071
  1577 10071
  1578 10071
  1579 10071
  1580 10071
  1581 10071
  1582 10071
  1583 10071
  1584 10071
  1585 10071
  1586 10071
  1587 10071
  1588 10071
  1589 10071
  1590 10071
  1591 10071
  1592 10071
  1593 10071
  1594 10071
  1595 10071
  1596 10071
  1597 10071
  1598 10071
  1599 10071
  1600 10071
  1601 10071
  1602 10071
  1603 10071
  1604 10071
  1605 10071
  1606 10071
  1607 10071
  1608 10071
  1609 10071
  1610 10071
  1611 10071
  1612 10071
  1613 10071
  1614 10071
  1615 10071
  1616 10071
  1617 10071
  1618 10071
  1619 10071
  1620 10064
  1621 10071
  1622 10064
  1626 10113
  1627 10108
  1628 10108
  1629 10108
  1630 10108
  1631 10108
  1632 10108
  1633 10108
  1634 10108
  1635 10108
  1636 10108
  1637 10108
  1638 10108
  1639 10108
  1640 10108
  1641 10108
  1642 10108
  1643 10108
  1644 10108
  1645 10108
  1646 10108
  1647 10108
  1648 10108
  1649 10108
  1650 10108
  1651 10108
  1652 10108
  1653 10108
  1654 10108
  1655 10108
  1656 10108
  1657 10108
  1658 10108
  1659 10108
  1660 10108
  1661 10108
  1662 10108
  1663 10108
  1664 10108
  1665 10108
  1666 10108
  1667 10108
  1668 10108
  1669 10108
  1670 10108
  1671 10108
  1672 10108
  1673 10108
  1674 10108
  1675 10108
  1676 10108
  1677 10108
  1678 10108
  1679 10108
  1680 10108
  1681 10108
  1682 10108
  1683 10108
  1684 10108
  1685 10108
  1686 10108
  1687 10108
  1688 10108
  1689 10108
  1690 10108
  1691 10108
  1692 10108
  1693 10108
  1694 10108
  1695 10108
  1696 10108
  1697 10108
  1698 10108
  1699 10108
  1700 10108
  1701 10108
  1702 10108
  1703 10108
  1704 10108
  1705 10108
  1706 10108
  1707 10108
  1708 10108
  1709 10108
  1710 10108
  1711 10108
  1712 10108
  1713 10108
  1714 10108
  1715 10108
  1716 10108
  1717 10108
  1718 10108
  1719 10108
  1720 10108
  1721 10108
  1722 10108
  1723 10108
  1724 10108
  1725 10108
  1726 10108
  1727 10108
  1728 10108
  1729 10108
  1730 10108
  1731 10108
  1732 10108
  1733 10108
  1734 10108
  1735 10108
  1736 10108
  1737 10108
  1738 10108
  1739 10108
  1740 10108
  1741 10108
  1742 10108
  1743 10108
  1744 10108
  1745 10108
  1746 10108
  1747 10108
  1748 10108
  1749 10108
  1750 10108
  1751 10108
  1752 10108
  1753 10108
  1754 10108
  1755 10108
  1756 10108
  1757 10108
  1758 10108
  1759 10108
  1760 10108
  1761 10108
  1762 10108
  1763 10108
  1764 10108
  1765 10108
  1766 10108
  1767 10108
  1768 10108
  1769 10108
  1770 10108
  1771 10108
  1772 10108
  1773 10108
  1774 10108
  1775 10108
  1776 10108
  1777 10108
  1778 10108
  1779 10108
  1780 10108
  1781 10108
  1782 10108
  1783 10108
  1784 10108
  1785 10108
  1786 10108
  1787 10108
  1788 10108
  1789 10108
  1790 10108
  1791 10108
  1792 10108
  1793 10108
  1794 10108
  1795 10108
  1796 10108
  1797 10108
  1798 10108
  1799 10108
  1800 10108
  1801 10108
  1802 10108
  1803 10108
  1804 10108
  1805 10108
  1806 10108
  1807 10108
  1808 10108
  1809 10108
  1810 10108
  1811 10108
  1812 10108
  1813 10108
  1814 10108
  1815 10108
  1816 10108
  1817 10108
  1818 10108
  1819 10108
  1820 10108
  1821 10108
  1822 10108
  1823 10108
  1824 10108
  1825 10108
  1826 10108
  1827 10108
  1828 10108
  1829 10108
  1830 10108
  1831 10108
  1832 10108
  1833 10108
  1834 10108
  1835 10108
  1836 10108
  1837 10108
  1838 10108
  1839 10108
  1840 10108
  1841 10108
  1842 10108
  1843 10108
  1844 10108
  1845 10108
  1846 10108
  1847 10108
  1848 10108
  1849 10108
  1850 10108
  1851 10108
  1852 10108
  1853 10105
  1854 10105
  1855 10105
  1856 10125
  1857 10125
  1858 10125
  1859 10125
  1860 10125
  1861 10108
  1862 10108
  1866 10154
  1867 10074
  1868 10074
  1869 10074
  1870 10074
  1871 10074
  1872 10074
  1873 10074
  1874 10074
  1875 10074
  1876 10074
  1877 10074
  1878 10074
  1879 10074
  1880 10074
  1881 10074
  1882 10074
  1883 10074
  1884 10074
  1885 10074
  1886 10074
  1887 10074
  1888 10074
  1889 10074
  1890 10074
  1891 10074
  1892 10074
  1893 10074
  1894 10074
  1895 10074
  1896 10074
  1897 10074
  1898 10074
  1899 10074
  1900 10074
  1901 10074
  1902 10074
  1903 10074
  1904 10074
  1905 10074
  1906 10074
  1907 10074
  1908 10074
  1909 10074
  1910 10074
  1911 10074
  1912 10074
  1913 10074
  1914 10074
  1915 10074
  1916 10074
  1917 10074
  1918 10074
  1919 10074
  1920 10074
  1921 10074
  1922 10074
  1923 10074
  1924 10167
  1925 10074
  1926 10167
