   675 10130
   897 10095
   898 10095
   899 10131
   900 10095
   901 10095
   991 10074
   992 10074
   993 10074
   994 10074
   995 10074
   996 10074
   997 10074
   998 10074
   999 10074
  1000 10074
  1001 10074
  1002 10074
  1003 10074
  1004 10074
  1005 10074
  1006 10074
  1007 10074
  1008 10074
  1009 10074
  1010 10074
  1011 10074
  1012 10074
  1013 10074
  1014 10074
  1015 10074
  1016 10074
  1017 10074
  1018 10074
  1019 10074
  1020 10074
  1021 10074
  1022 10074
  1023 10074
  1024 10074
  1025 10074
  1026 10074
  1027 10074
  1028 10074
  1029 10074
  1030 10074
  1031 10074
  1032 10074
  1033 10074
  1034 10074
  1035 10074
  1036 10074
  1037 10074
  1038 10074
  1039 10074
  1040 10074
  1041 10074
  1042 10074
  1043 10074
  1044 10074
  1045 10074
  1046 10074
  1047 10074
  1048 10124
  1049 10074
  1050 10074
  1051 10074
  1052 10156
  1053 10074
  1054 10074
  1055 10074
  1056 10074
  1057 10074
  1058 10074
  1059 10074
  1060 10074
  1061 10074
  1062 10074
  1063 10074
  1064 10074
  1065 10074
  1066 10074
  1067 10074
  1068 10074
  1069 10074
  1070 10074
  1071 10074
  1072 10074
  1073 10074
  1074 10074
  1075 10074
  1076 10074
  1077 10074
  1078 10074
  1079 10074
  1080 10074
  1081 10074
  1082 10074
  1083 10074
  1084 10074
  1085 10074
  1086 10074
  1087 10074
  1088 10074
  1089 10074
  1090 10074
  1091 10156
  1092 10074
  1093 10074
  1094 10074
  1095 10074
  1096 10074
  1097 10074
  1098 10074
  1099 10074
  1100 10074
  1101 10074
  1102 10074
  1103 10074
  1104 10074
  1105 10074
  1106 10074
  1107 10074
  1108 10130
  1109 10074
  1110 10074
  1111 10074
  1112 10074
  1113 10074
  1114 10074
  1115 10095
  1116 10074
  1117 10074
  1118 10074
  1119 10074
  1120 10074
  1121 10074
  1122 10074
  1123 10074
  1124 10074
  1125 10074
  1126 10074
  1127 10074
  1128 10074
  1129 10074
  1130 10074
  1131 10074
  1132 10074
  1133 10074
  1134 10074
  1135 10074
  1136 10074
  1137 10074
  1138 10074
  1139 10074
  1140 10074
  1141 10074
  1142 10074
  1143 10074
  1144 10074
  1145 10074
  1146 10074
  1147 10074
  1148 10074
  1149 10074
  1150 10074
  1151 10074
  1152 10074
  1153 10074
  1154 10074
  1155 10074
  1156 10074
  1157 10124
  1158 10074
  1159 10074
  1160 10074
  1161 10074
  1162 10074
  1163 10074
  1164 10074
  1165 10074
  1166 10074
  1167 10074
  1168 10074
  1169 10074
  1170 10074
  1171 10074
  1172 10074
  1173 10074
  1174 10074
  1175 10074
  1176 10074
  1177 10074
  1178 10074
  1179 10074
  1180 10074
  1181 10074
  1182 10074
  1183 10074
  1184 10124
  1185 10074
  1186 10074
  1187 10074
  1188 10074
  1189 10074
  1190 10074
  1191 10074
  1192 10074
  1193 10074
  1194 10074
  1195 10074
  1196 10074
  1197 10074
  1198 10074
  1199 10074
  1200 10074
  1201 10074
  1202 10074
  1203 10074
  1204 10074
  1205 10074
  1206 10074
  1207 10074
  1208 10074
  1209 10074
  1210 10074
  1211 10074
  1212 10074
  1213 10074
  1214 10074
  1215 10074
  1216 10074
  1217 10074
  1218 10074
  1219 10074
  1220 10074
  1221 10074
  1222 10074
  1223 10074
  1224 10074
  1225 10074
  1226 10074
  1227 10074
  1228 10074
  1229 10074
  1230 10074
  1231 10074
  1232 10074
  1233 10074
  1234 10074
  1235 10095
  1236 10074
  1237 10074
  1238 10074
  1239 10074
  1240 10074
  1241 10074
  1242 10156
  1243 10156
  1244 10074
  1245 10074
  1246 10074
  1247 10074
  1248 10074
  1249 10074
  1250 10074
  1251 10074
  1252 10074
  1253 10074
  1254 10074
  1255 10074
  1256 10074
  1257 10074
  1258 10016
  1259 10130
  1260 10036
  1261 10036
  1271 10108
  1272 10108
  1273 10108
  1274 10108
  1275 10108
  1276 10108
  1277 10108
  1278 10108
  1279 10108
  1280 10108
  1281 10108
  1282 10108
  1283 10108
  1284 10108
  1285 10108
  1286 10108
  1287 10108
  1288 10108
  1289 10108
  1290 10108
  1291 10108
  1292 10108
  1293 10108
  1294 10108
  1295 10108
  1296 10108
  1297 10108
  1298 10108
  1299 10108
  1300 10108
  1301 10108
  1302 10108
  1303 10108
  1304 10108
  1305 10108
  1306 10108
  1307 10108
  1308 10108
  1309 10108
  1310 10108
  1311 10108
  1312 10108
  1313 10108
  1314 10108
  1315 10108
  1316 10108
  1317 10108
  1318 10108
  1319 10108
  1320 10108
  1321 10108
  1322 10108
  1323 10108
  1324 10108
  1325 10108
  1326 10108
  1327 10108
  1328 10108
  1329 10108
  1330 10108
  1331 10108
  1332 10108
  1333 10108
  1334 10108
  1335 10108
  1336 10108
  1337 10108
  1338 10108
  1339 10108
  1340 10108
  1341 10108
  1342 10108
  1343 10108
  1344 10108
  1345 10108
  1346 10108
  1347 10108
  1348 10108
  1349 10108
  1350 10108
  1351 10108
  1352 10108
  1353 10108
  1354 10108
  1355 10108
  1356 10108
  1357 10108
  1358 10108
  1359 10108
  1360 10108
  1361 10108
  1362 10108
  1363 10108
  1364 10108
  1365 10108
  1366 10108
  1367 10108
  1368 10108
  1369 10108
  1370 10108
  1371 10108
  1372 10108
  1373 10108
  1374 10108
  1375 10108
  1376 10108
  1377 10108
  1378 10108
  1379 10108
  1380 10108
  1381 10108
  1382 10108
  1383 10108
  1384 10108
  1385 10108
  1386 10108
  1387 10108
  1388 10108
  1389 10108
  1390 10108
  1391 10108
  1392 10108
  1393 10108
  1394 10108
  1395 10108
  1396 10108
  1397 10108
  1398 10108
  1399 10108
  1400 10108
  1401 10108
  1402 10108
  1403 10108
  1404 10108
  1405 10108
  1406 10108
  1407 10108
  1408 10108
  1409 10108
  1410 10108
  1411 10108
  1412 10108
  1413 10108
  1414 10108
  1415 10108
  1416 10108
  1417 10108
  1418 10108
  1419 10108
  1420 10108
  1421 10108
  1422 10108
  1423 10108
  1424 10108
  1425 10108
  1426 10108
  1427 10108
  1428 10108
  1429 10108
  1430 10108
  1431 10108
  1432 10108
  1433 10108
  1434 10108
  1435 10108
  1436 10108
  1437 10108
  1438 10108
  1439 10108
  1440 10108
  1441 10108
  1442 10108
  1443 10108
  1444 10108
  1445 10108
  1446 10108
  1447 10108
  1448 10108
  1449 10108
  1450 10108
  1451 10108
  1452 10108
  1453 10108
  1454 10108
  1455 10108
  1456 10108
  1457 10108
  1458 10108
  1459 10108
  1460 10108
  1461 10108
  1462 10108
  1463 10108
  1464 10108
  1465 10108
  1466 10108
  1467 10108
  1468 10108
  1469 10108
  1470 10108
  1471 10108
  1472 10108
  1473 10108
  1474 10108
  1475 10108
  1476 10108
  1477 10108
  1478 10108
  1479 10108
  1480 10108
  1481 10108
  1482 10108
  1483 10108
  1484 10108
  1485 10108
  1486 10108
  1487 10108
  1488 10108
  1489 10108
  1490 10108
  1498 10031
  1499 10031
  1500 10031
  1501 10031
  1502 10031
  1503 10031
  1504 10031
  1505 10031
  1506 10031
  1507 10031
  1508 10031
  1509 10031
  1510 10031
  1511 10149
  1512 10149
  1513 10031
  1514 10031
  1515 10031
  1516 10031
  1517 10031
  1518 10031
  1519 10031
  1520 10031
  1521 10055
  1522 10018
  1523 10018
  1524 10018
  1525 10055
  1526 10031
  1527 10055
  1528 10031
  1529 10031
  1530 10031
  1531 10031
  1532 10031
  1533 10031
  1534 10031
  1535 10031
  1536 10123
  1537 10071
  1538 10071
  1539 10031
  1540 10031
  1541 10031
  1544 10031
  1549 10031
  1550 10123
  1551 10031
  1552 10031
  1553 10031
  1554 10031
  1555 10031
  1556 10123
  1557 10031
  1558 10031
  1559 10031
  1560 10031
  1561 10031
  1562 10031
  1563 10031
  1564 10031
  1565 10055
  1566 10055
  1567 10055
  1568 10055
  1579 10071
  1580 10071
  1581 10071
  1582 10071
  1583 10071
  1584 10071
  1585 10149
  1586 10071
  1587 10071
  1588 10071
  1589 10071
  1590 10071
  1591 10071
  1592 10071
  1593 10071
  1594 10071
  1595 10071
  1596 10071
  1597 10071
  1598 10071
  1599 10071
  1600 10149
  1601 10149
  1602 10149
  1603 10071
  1604 10071
  1605 10071
  1606 10071
  1607 10071
  1610 10163
  1611 10163
  1612 10163
  1616 10067
  1618 10067
  1619 10067
  1620 10067
  1631 10123
  1632 10123
  1633 10123
  1634 10123
  1635 10123
  1636 10123
  1637 10123
  1638 10123
  1639 10123
  1640 10123
  1641 10123
  1642 10123
  1643 10123
  1644 10123
  1645 10123
  1646 10123
  1647 10123
  1648 10123
  1649 10123
  1650 10123
  1651 10123
  1652 10123
  1653 10123
  1654 10123
  1655 10123
  1656 10123
  1657 10123
  1658 10123
  1659 10123
  1660 10123
  1661 10123
  1662 10123
  1663 10123
  1664 10123
  1665 10123
  1666 10123
  1667 10123
  1668 10123
  1669 10123
  1670 10123
  1671 10123
  1672 10156
  1673 10156
  1674 10123
  1675 10156
  1676 10156
  1677 10123
  1678 10123
  1679 10123
  1680 10123
  1681 10123
  1682 10156
  1683 10156
  1684 10123
  1685 10156
  1686 10156
  1687 10156
  1688 10156
  1689 10123
  1690 10156
  1691 10123
  1692 10123
  1693 10123
  1694 10156
  1695 10123
  1696 10123
  1697 10156
  1698 10156
  1699 10156
  1700 10156
  1701 10156
  1702 10156
  1703 10156
  1704 10156
  1705 10123
  1706 10156
  1707 10156
  1708 10123
  1709 10156
  1710 10123
  1711 10156
  1712 10123
  1713 10123
  1714 10156
  1715 10123
  1716 10123
  1717 10156
  1718 10123
  1719 10156
  1720 10123
  1721 10156
  1722 10156
  1723 10156
  1724 10156
  1725 10156
  1726 10156
  1727 10156
  1728 10156
  1729 10156
  1730 10156
  1731 10156
  1732 10156
  1733 10156
  1734 10156
  1735 10156
  1736 10156
  1737 10156
  1738 10156
  1739 10156
  1740 10156
  1741 10156
  1742 10156
  1743 10156
  1744 10123
  1745 10156
  1746 10156
  1747 10156
  1748 10156
  1749 10156
  1750 10156
  1751 10156
  1752 10156
  1753 10156
  1754 10156
  1755 10123
  1756 10123
  1757 10156
  1758 10156
  1759 10156
  1760 10156
  1761 10156
  1762 10156
  1763 10156
  1764 10156
  1765 10156
  1766 10156
  1767 10156
  1768 10156
  1769 10156
  1770 10156
  1771 10123
  1772 10123
  1773 10123
  1774 10156
  1775 10156
  1776 10156
  1777 10156
  1778 10156
  1779 10156
  1780 10156
  1781 10123
  1782 10123
  1783 10123
  1784 10123
  1785 10156
  1786 10123
  1787 10123
  1788 10123
  1789 10123
  1790 10123
  1791 10123
  1792 10123
  1793 10123
  1794 10123
  1795 10123
  1796 10123
  1797 10123
  1798 10123
  1799 10123
  1800 10123
  1801 10123
  1802 10123
  1803 10123
  1804 10123
  1805 10123
  1806 10123
  1807 10123
  1808 10123
  1809 10123
  1810 10123
  1811 10123
  1812 10123
  1813 10123
  1814 10123
  1815 10123
  1816 10123
  1817 10123
  1818 10123
  1819 10123
  1820 10123
  1821 10123
  1822 10123
  1823 10123
  1824 10123
  1825 10123
  1826 10123
  1827 10123
  1828 10123
  1829 10123
  1830 10123
  1831 10123
  1832 10123
  1833 10123
  1834 10123
  1835 10123
  1836 10123
  1837 10123
  1838 10123
  1839 10123
  1840 10123
  1841 10123
  1842 10123
  1843 10123
  1844 10123
  1845 10123
  1846 10123
  1847 10123
  1848 10123
  1849 10123
  1850 10123
  1851 10123
  1852 10123
  1853 10123
  1854 10123
  1855 10123
  1856 10123
  1857 10123
  1858 10123
  1859 10123
  1860 10123
  1861 10164
  1862 10091
  1864 10164
  1865 10049
  1866 10028
  1867 10019
  1868 10151
  1869 10017
  1870 10151
  1871 10049
  1872 10082
  1873 10082
  1874 10082
  1875 10082
  1876 10082
  1877 10082
  1878 10072
  1879 10049
  1880 10028
  1881 10017
  1882 10019
  1884 10043
  1885 10062
  1886 10061
  1888 10076
  1889 10076
  1890 10074
  1891 10074
  1892 10074
  1893 10074
  1894 10074
  1895 10074
  1896 10074
  1897 10074
  1898 10074
  1899 10074
  1900 10074
  1901 10074
  1902 10074
  1903 10074
  1904 10074
  1905 10074
  1906 10074
  1907 10074
  1908 10074
  1909 10074
  1910 10074
  1911 10074
  1912 10074
  1913 10074
  1914 10074
  1915 10074
  1916 10074
  1917 10074
  1918 10074
  1919 10074
  1920 10074
  1921 10074
  1922 10074
  1923 10074
  1924 10074
  1925 10074
  1926 10074
  1927 10074
