   692 10165
   693 10165
   694 10165
   695 10165
   696 10165
   697 10165
   698 10165
   699 10165
   700 10165
   701 10165
   702 10165
   703 10165
   704 10165
   705 10165
   706 10165
   707 10165
   708 10165
   709 10165
   710 10165
   711 10165
   712 10165
   713 10165
   714 10165
   715 10165
   716 10165
   717 10165
   718 10165
   719 10165
   720 10165
   721 10165
   722 10165
   723 10165
   724 10165
   725 10165
   726 10165
   727 10165
   728 10165
   729 10165
   730 10165
   731 10165
   732 10165
   733 10165
   734 10165
   735 10165
   736 10165
   737 10165
   738 10165
   739 10165
   740 10165
   741 10165
   742 10165
   743 10165
   744 10165
   745 10165
   746 10165
   747 10165
   748 10165
   749 10165
   750 10165
   751 10165
   752 10165
   753 10165
   754 10165
   755 10165
   756 10165
   757 10165
   758 10165
   759 10165
   760 10165
   761 10165
   762 10165
   763 10165
   764 10165
   765 10165
   766 10165
   767 10165
   768 10165
   769 10165
   770 10165
   771 10165
   772 10165
   773 10165
   774 10165
   775 10165
   776 10165
   777 10165
   782 10134
   783 10101
   784 10101
   785 10101
   786 10138
   787 10138
   788 10138
   789 10138
   790 10138
   791 10138
   792 10101
   793 10074
   794 10101
   795 10128
   796 10061
   797 10061
   798 10101
   799 10101
   800 10101
   801 10101
   804 10144
   805 10141
   808 10101
   809 10101
   810 10101
   811 10101
   812 10101
   813 10101
   814 10101
   815 10101
   816 10101
   817 10101
   818 10101
   819 10101
   820 10101
   821 10101
   822 10101
   823 10101
   824 10101
   825 10101
   826 10101
   827 10101
   828 10101
   829 10101
   830 10101
   831 10101
   832 10101
   833 10101
   834 10101
   835 10101
   836 10101
   837 10101
   838 10101
   839 10101
   840 10101
   841 10101
   842 10101
   843 10101
   844 10101
   845 10101
   846 10101
   847 10101
   848 10101
   849 10101
   850 10101
   851 10101
   852 10101
   853 10101
   854 10101
   855 10101
   856 10101
   857 10101
   858 10101
   859 10101
   860 10101
   861 10101
   862 10101
   863 10101
   864 10101
   865 10101
   866 10101
   867 10101
   868 10101
   869 10101
   870 10101
   871 10101
   872 10101
   873 10101
   874 10101
   875 10101
   876 10101
   877 10101
   878 10101
   879 10101
   880 10101
   881 10101
   882 10101
   883 10101
   884 10101
   885 10101
   886 10101
   887 10101
   888 10101
   889 10101
   890 10101
   891 10101
   892 10101
   893 10101
   894 10101
   895 10101
   896 10101
   897 10101
   898 10101
   899 10101
   900 10101
   901 10101
   902 10101
   903 10101
   904 10101
   905 10101
   906 10101
   907 10101
   908 10101
   909 10101
   910 10101
   911 10101
   912 10101
   913 10101
   914 10101
   915 10101
   916 10101
   917 10101
   918 10101
   919 10101
   920 10101
   921 10101
   922 10101
   923 10101
   924 10101
   925 10101
   926 10101
   927 10101
   928 10101
   929 10104
   930 10101
   931 10101
   932 10101
   933 10101
   934 10101
   935 10101
   936 10101
   937 10101
   938 10101
   939 10101
   940 10101
   941 10104
   942 10104
   943 10101
   944 10101
   945 10101
   946 10101
   947 10101
   948 10101
   949 10101
   950 10101
   951 10101
   952 10101
   953 10101
   954 10101
   955 10101
   956 10101
   957 10101
   958 10101
   959 10101
   960 10101
   961 10101
   962 10101
   963 10101
   964 10101
   965 10101
   966 10101
   967 10101
   968 10101
   969 10101
   970 10101
   971 10101
   972 10101
   973 10101
   974 10101
   975 10101
   976 10101
   977 10101
   978 10101
   979 10104
   980 10104
   981 10101
   982 10101
   983 10101
   984 10101
   985 10101
   986 10101
   987 10101
   988 10101
   989 10101
   990 10101
   991 10101
   992 10101
   993 10101
   994 10101
   995 10101
   996 10101
   997 10071
   998 10071
   999 10071
  1000 10071
  1001 10071
  1002 10149
  1003 10071
  1004 10071
  1005 10149
  1006 10149
  1007 10104
  1008 10149
  1009 10071
  1010 10104
  1011 10149
  1012 10138
  1013 10071
  1014 10071
  1015 10086
  1016 10086
  1017 10086
  1018 10138
  1019 10169
  1020 10169
  1021 10169
  1022 10169
  1023 10169
  1024 10169
  1025 10169
  1026 10169
  1027 10169
  1028 10169
  1029 10169
  1030 10169
  1031 10169
  1032 10169
  1033 10169
  1034 10169
  1035 10169
  1036 10169
  1037 10169
  1038 10169
  1039 10169
  1040 10169
  1041 10169
  1042 10169
  1043 10169
  1044 10169
  1045 10169
  1046 10169
  1047 10169
  1048 10169
  1049 10169
  1050 10169
  1051 10169
  1052 10169
  1053 10169
  1054 10169
  1055 10169
  1056 10169
  1057 10169
  1058 10169
  1059 10169
  1060 10169
  1061 10169
  1062 10169
  1063 10169
  1064 10169
  1065 10169
  1066 10169
  1067 10169
  1068 10169
  1069 10169
  1070 10169
  1071 10169
  1072 10169
  1073 10169
  1074 10169
  1075 10169
  1076 10169
  1077 10169
  1078 10169
  1079 10169
  1080 10169
  1081 10169
  1082 10169
  1083 10169
  1084 10169
  1085 10169
  1086 10169
  1087 10169
  1088 10169
  1089 10169
  1090 10169
  1091 10169
  1092 10169
  1093 10169
  1094 10169
  1095 10169
  1096 10169
  1097 10169
  1098 10169
  1099 10169
  1100 10169
  1101 10169
  1102 10169
  1103 10169
  1104 10169
  1105 10169
  1106 10169
  1107 10169
  1108 10169
  1109 10169
  1110 10169
  1111 10169
  1112 10169
  1113 10169
  1114 10169
  1115 10169
  1116 10169
  1117 10169
  1118 10169
  1119 10169
  1120 10169
  1121 10169
  1122 10169
  1123 10169
  1124 10169
  1125 10169
  1126 10169
  1127 10169
  1128 10169
  1129 10169
  1130 10169
  1131 10169
  1132 10169
  1133 10169
  1134 10169
  1135 10169
  1136 10169
  1137 10169
  1138 10169
  1139 10169
  1140 10169
  1141 10169
  1142 10169
  1143 10169
  1144 10169
  1145 10169
  1146 10169
  1147 10169
  1148 10169
  1149 10169
  1150 10169
  1151 10169
  1152 10169
  1153 10169
  1154 10169
  1155 10169
  1156 10169
  1157 10169
  1158 10169
  1159 10169
  1160 10169
  1161 10169
  1162 10169
  1163 10169
  1164 10169
  1165 10169
  1166 10169
  1167 10169
  1168 10169
  1169 10169
  1170 10169
  1171 10169
  1172 10169
  1173 10169
  1174 10169
  1175 10169
  1176 10169
  1177 10169
  1178 10169
  1179 10169
  1180 10169
  1181 10169
  1182 10169
  1183 10169
  1184 10169
  1185 10169
  1186 10169
  1187 10169
  1188 10169
  1189 10169
  1190 10169
  1191 10169
  1192 10169
  1193 10169
  1194 10169
  1195 10169
  1196 10169
  1197 10169
  1198 10169
  1199 10169
  1200 10169
  1201 10169
  1202 10169
  1203 10169
  1204 10169
  1205 10169
  1206 10169
  1207 10169
  1208 10169
  1209 10169
  1217 10169
  1218 10169
  1219 10169
  1220 10169
  1221 10169
  1222 10169
  1223 10169
  1224 10169
  1225 10169
  1226 10169
  1227 10169
  1228 10169
  1229 10169
  1230 10169
  1231 10169
  1232 10169
  1233 10169
  1234 10169
  1235 10169
  1236 10169
  1237 10169
  1238 10169
  1239 10169
  1240 10169
  1241 10169
  1242 10169
  1249 10169
  1250 10169
  1251 10169
  1252 10169
  1253 10169
  1254 10169
  1255 10169
  1256 10169
  1257 10169
  1258 10134
  1266 10104
  1267 10104
  1268 10104
  1269 10104
  1270 10104
  1271 10104
  1272 10104
  1273 10104
  1274 10104
  1275 10104
  1276 10104
  1277 10104
  1278 10104
  1279 10104
  1280 10104
  1281 10104
  1282 10104
  1283 10104
  1284 10104
  1285 10104
  1286 10104
  1287 10104
  1288 10104
  1289 10104
  1290 10104
  1291 10104
  1292 10104
  1293 10104
  1294 10104
  1295 10104
  1296 10104
  1297 10104
  1298 10104
  1299 10104
  1300 10104
  1301 10104
  1302 10104
  1303 10104
  1304 10104
  1305 10104
  1306 10104
  1307 10104
  1308 10104
  1309 10104
  1310 10104
  1311 10104
  1312 10104
  1313 10104
  1314 10104
  1315 10104
  1316 10104
  1317 10104
  1318 10104
  1319 10104
  1320 10104
  1321 10104
  1322 10104
  1323 10104
  1324 10104
  1325 10104
  1326 10104
  1327 10104
  1328 10104
  1329 10104
  1330 10104
  1331 10104
  1332 10104
  1333 10104
  1334 10104
  1335 10104
  1336 10104
  1337 10104
  1338 10104
  1339 10104
  1340 10104
  1341 10104
  1342 10104
  1343 10104
  1344 10104
  1345 10104
  1346 10104
  1347 10104
  1348 10104
  1349 10104
  1350 10104
  1351 10104
  1352 10104
  1353 10104
  1354 10104
  1355 10104
  1356 10104
  1357 10104
  1358 10104
  1359 10104
  1360 10104
  1361 10104
  1362 10104
  1363 10104
  1364 10104
  1365 10104
  1366 10104
  1367 10104
  1368 10104
  1369 10104
  1370 10104
  1371 10104
  1372 10104
  1373 10104
  1374 10104
  1375 10104
  1376 10104
  1377 10104
  1378 10104
  1379 10104
  1380 10104
  1381 10104
  1382 10104
  1383 10104
  1384 10104
  1385 10104
  1386 10104
  1387 10104
  1388 10104
  1389 10104
  1390 10104
  1391 10104
  1392 10104
  1393 10104
  1394 10104
  1395 10104
  1396 10104
  1397 10104
  1398 10104
  1399 10104
  1400 10104
  1401 10104
  1402 10104
  1403 10104
  1404 10104
  1405 10104
  1406 10104
  1407 10104
  1408 10104
  1409 10104
  1410 10104
  1411 10104
  1412 10104
  1413 10104
  1414 10104
  1415 10104
  1416 10104
  1417 10104
  1418 10104
  1419 10104
  1420 10104
  1421 10104
  1422 10104
  1423 10104
  1424 10104
  1425 10104
  1426 10104
  1427 10104
  1428 10104
  1429 10104
  1430 10104
  1431 10104
  1432 10104
  1433 10104
  1434 10104
  1435 10104
  1436 10104
  1437 10104
  1438 10104
  1439 10104
  1440 10104
  1441 10104
  1442 10104
  1443 10104
  1444 10104
  1445 10104
  1446 10104
  1447 10104
  1448 10104
  1449 10104
  1450 10104
  1451 10104
  1452 10104
  1453 10104
  1454 10104
  1455 10104
  1456 10104
  1457 10104
  1458 10104
  1459 10104
  1460 10104
  1461 10104
  1462 10104
  1463 10104
  1464 10104
  1465 10104
  1466 10104
  1467 10104
  1468 10104
  1469 10104
  1470 10104
  1471 10104
  1472 10104
  1473 10104
  1474 10104
  1475 10104
  1476 10104
  1477 10104
  1478 10104
  1479 10104
  1480 10104
  1481 10104
  1482 10104
  1483 10104
  1484 10104
  1485 10104
  1486 10104
  1487 10104
  1488 10104
  1492 10106
  1493 10106
  1494 10106
  1495 10106
  1496 10106
  1497 10018
  1498 10018
  1499 10040
  1500 10040
  1501 10040
  1502 10018
  1503 10040
  1504 10040
  1505 10040
  1506 10040
  1507 10040
  1508 10018
  1509 10018
  1510 10040
  1511 10040
  1512 10018
  1513 10018
  1514 10018
  1515 10098
  1516 10040
  1517 10023
  1518 10040
  1519 10023
  1520 10040
  1521 10040
  1522 10040
  1523 10040
  1524 10018
  1525 10040
  1526 10040
  1527 10040
  1528 10040
  1529 10040
  1530 10040
  1531 10040
  1532 10106
  1533 10040
  1534 10040
  1535 10040
  1536 10040
  1537 10040
  1538 10040
  1539 10040
  1540 10040
  1541 10018
  1542 10018
  1543 10018
  1544 10018
  1545 10040
  1546 10040
  1547 10040
  1548 10040
  1549 10040
  1550 10040
  1551 10040
  1552 10040
  1553 10040
  1554 10040
  1555 10040
  1556 10040
  1557 10040
  1558 10040
  1559 10106
  1560 10040
  1561 10040
  1562 10040
  1563 10040
  1564 10040
  1565 10040
  1566 10040
  1567 10040
  1568 10040
  1569 10040
  1570 10040
  1571 10106
  1572 10106
  1573 10040
  1574 10040
  1575 10018
  1576 10018
  1577 10098
  1578 10055
  1579 10055
  1580 10055
  1581 10098
  1582 10098
  1583 10040
  1584 10098
  1585 10040
  1586 10106
  1587 10106
  1588 10106
  1589 10106
  1590 10018
  1591 10018
  1592 10158
  1593 10158
  1594 10010
  1595 10144
  1596 10010
  1597 10010
  1598 10010
  1599 10040
  1600 10040
  1601 10040
  1602 10040
  1603 10040
  1604 10018
  1605 10140
  1606 10055
  1607 10055
  1617 10014
  1618 10154
  1619 10014
  1620 10014
  1621 10016
  1622 10016
  1623 10154
  1624 10154
  1625 10014
  1626 10014
  1627 10014
  1628 10014
  1629 10014
  1630 10014
  1631 10014
  1632 10156
  1633 10074
  1634 10081
  1635 10074
  1636 10074
  1637 10074
  1638 10074
  1639 10074
  1640 10074
  1641 10074
  1642 10074
  1643 10074
  1644 10074
  1645 10074
  1646 10074
  1647 10074
  1648 10074
  1649 10074
  1650 10074
  1651 10074
  1652 10074
  1653 10074
  1654 10074
  1655 10074
  1656 10074
  1657 10074
  1658 10074
  1659 10074
  1660 10074
  1661 10074
  1662 10074
  1663 10074
  1664 10074
  1665 10074
  1666 10074
  1667 10074
  1668 10074
  1669 10074
  1670 10074
  1671 10074
  1672 10074
  1673 10074
  1674 10074
  1675 10074
  1676 10074
  1677 10074
  1678 10074
  1679 10074
  1680 10074
  1681 10074
  1682 10074
  1683 10074
  1684 10074
  1685 10074
  1686 10074
  1687 10074
  1688 10074
  1689 10074
  1690 10074
  1691 10074
  1692 10074
  1693 10074
  1694 10074
  1695 10074
  1696 10074
  1697 10074
  1698 10074
  1699 10074
  1700 10074
  1701 10074
  1702 10074
  1703 10074
  1704 10074
  1705 10074
  1706 10074
  1707 10074
  1708 10074
  1709 10074
  1710 10074
  1711 10074
  1712 10074
  1713 10074
  1714 10074
  1715 10074
  1716 10074
  1717 10074
  1718 10074
  1719 10074
  1720 10074
  1721 10074
  1722 10074
  1723 10074
  1724 10074
  1725 10074
  1726 10074
  1727 10074
  1728 10074
  1729 10074
  1730 10074
  1731 10074
  1732 10074
  1733 10074
  1734 10074
  1735 10074
  1736 10074
  1737 10074
  1738 10074
  1739 10074
  1740 10074
  1741 10074
  1742 10074
  1743 10074
  1744 10074
  1745 10074
  1746 10074
  1747 10074
  1748 10074
  1749 10074
  1750 10074
  1751 10074
  1752 10074
  1753 10074
  1754 10074
  1755 10074
  1756 10074
  1757 10074
  1758 10074
  1759 10074
  1760 10074
  1761 10074
  1762 10074
  1763 10074
  1764 10074
  1765 10074
  1766 10074
  1767 10074
  1768 10074
  1769 10074
  1770 10074
  1771 10074
  1772 10074
  1773 10074
  1774 10074
  1775 10074
  1776 10074
  1777 10074
  1778 10074
  1779 10074
  1780 10074
  1781 10074
  1782 10074
  1783 10074
  1784 10074
  1785 10074
  1786 10074
  1787 10074
  1788 10074
  1789 10074
  1790 10074
  1791 10074
  1792 10074
  1793 10074
  1794 10074
  1795 10074
  1796 10074
  1797 10074
  1798 10074
  1799 10074
  1800 10074
  1801 10074
  1802 10074
  1803 10074
  1804 10081
  1805 10081
  1806 10074
  1807 10074
  1808 10074
  1809 10081
  1810 10074
  1811 10074
  1812 10074
  1813 10074
  1814 10081
  1815 10074
  1816 10081
  1817 10081
  1818 10081
  1819 10081
  1820 10081
  1821 10074
  1822 10081
  1823 10156
  1824 10156
  1825 10156
  1826 10156
  1827 10156
  1828 10156
  1829 10156
  1830 10156
  1831 10156
  1832 10156
  1833 10156
  1834 10074
  1835 10074
  1836 10074
  1837 10074
  1838 10124
  1839 10074
  1840 10124
  1841 10124
  1842 10124
  1843 10124
  1844 10124
  1845 10124
  1846 10124
  1847 10124
  1848 10124
  1849 10074
  1850 10074
  1851 10074
  1852 10074
  1853 10074
  1854 10124
  1855 10074
  1856 10124
  1857 10074
  1858 10074
  1859 10074
  1860 10036
  1861 10154
  1867 10134
  1868 10134
  1869 10134
  1870 10062
  1874 10033
  1875 10071
  1876 10071
  1877 10071
  1878 10071
  1879 10071
  1880 10080
  1882 10128
  1883 10138
  1884 10134
  1885 10134
  1886 10134
  1887 10134
  1888 10140
  1889 10140
  1890 10140
  1891 10076
  1892 10076
  1893 10076
  1894 10076
  1895 10076
  1896 10076
  1897 10158
  1898 10158
  1899 10010
  1900 10158
  1901 10158
  1902 10158
  1903 10158
  1904 10158
  1909 10063
  1918 10026
  1919 10026
  1920 10026
  1921 10026
  1922 10026
  1923 10026
  1924 10026
  1925 10026
  1926 10026
  1927 10026
  1928 10026
  1929 10026
  1930 10026
  1931 10026
  1932 10026
  1933 10026
  1934 10026
  1935 10026
  1936 10026
  1937 10026
  1938 10026
  1939 10026
  1940 10026
  1941 10026
  1942 10026
  1943 10026
  1944 10026
  1945 10026
  1946 10026
  1947 10026
  1948 10026
  1949 10026
  1950 10026
  1951 10026
  1952 10026
  1953 10026
  1954 10026
  1955 10026
  1956 10026
  1957 10026
  1958 10026
  1959 10026
  1960 10026
  1961 10026
  1962 10026
  1963 10026
  1964 10026
  1965 10026
  1966 10026
  1967 10026
  1968 10026
  1969 10026
  1970 10026
  1971 10026
  1972 10026
  1973 10026
  1974 10026
  1981 10147
  1982 10029
  1983 10029
  1984 10029
  1985 10029
  1986 10029
