   697 10006
   698 10006
   699 10006
   700 10145
   701 10145
   702 10145
   703 10145
   704 10145
   705 10145
   706 10145
   707 10145
   708 10145
   709 10145
   710 10145
   711 10145
   712 10145
   713 10145
   714 10145
   715 10145
   716 10145
   717 10145
   718 10145
   719 10145
   720 10145
   721 10145
   722 10145
   723 10145
   724 10145
   725 10145
   726 10145
   727 10145
   728 10145
   729 10145
   730 10145
   731 10145
   732 10145
   733 10145
   734 10145
   735 10145
   736 10145
   737 10145
   738 10145
   739 10145
   740 10145
   741 10145
   742 10145
   743 10145
   744 10145
   745 10145
   746 10145
   747 10145
   748 10145
   749 10145
   750 10145
   751 10145
   752 10145
   753 10145
   754 10145
   755 10145
   756 10145
   757 10145
   758 10145
   759 10145
   760 10145
   761 10145
   762 10145
   763 10145
   764 10145
   765 10145
   766 10145
   767 10145
   768 10145
   769 10145
   770 10145
   771 10145
   772 10145
   773 10145
   774 10145
   775 10145
   776 10145
   777 10145
   778 10016
   781 10101
   782 10101
   783 10101
   784 10101
   785 10100
   786 10100
   787 10100
   788 10100
   789 10100
   790 10100
   791 10100
   792 10100
   793 10100
   794 10100
   795 10100
   796 10100
   797 10100
   798 10100
   799 10100
   800 10100
   801 10100
   802 10100
   803 10100
   804 10100
   805 10100
   806 10100
   807 10100
   808 10100
   809 10100
   810 10100
   811 10100
   812 10100
   813 10100
   814 10100
   815 10100
   816 10100
   817 10100
   818 10100
   819 10100
   820 10100
   821 10100
   822 10100
   823 10100
   824 10100
   825 10100
   826 10100
   827 10100
   828 10100
   829 10100
   830 10100
   831 10100
   832 10100
   833 10100
   834 10100
   835 10100
   836 10100
   837 10100
   838 10100
   839 10100
   840 10100
   841 10100
   842 10100
   843 10100
   844 10100
   845 10100
   846 10100
   847 10100
   848 10100
   849 10100
   850 10100
   851 10100
   852 10100
   853 10100
   854 10100
   855 10100
   856 10100
   857 10100
   858 10100
   859 10100
   860 10100
   861 10100
   862 10100
   863 10100
   864 10100
   865 10100
   866 10100
   867 10100
   868 10100
   869 10100
   870 10100
   871 10100
   872 10100
   873 10100
   874 10100
   875 10100
   876 10100
   877 10100
   878 10100
   879 10100
   880 10100
   881 10100
   882 10100
   883 10100
   884 10100
   885 10100
   886 10100
   887 10100
   888 10100
   889 10100
   890 10100
   891 10100
   892 10100
   893 10100
   894 10100
   895 10100
   896 10100
   897 10100
   898 10100
   899 10100
   900 10100
   901 10100
   902 10100
   903 10100
   904 10100
   905 10100
   906 10100
   907 10100
   908 10100
   909 10100
   910 10100
   911 10100
   912 10100
   913 10100
   914 10100
   915 10100
   916 10100
   917 10100
   918 10100
   919 10100
   920 10100
   921 10100
   922 10100
   923 10100
   924 10100
   925 10100
   926 10100
   927 10100
   928 10100
   929 10100
   930 10100
   931 10100
   932 10100
   933 10100
   934 10100
   935 10100
   936 10100
   937 10100
   938 10100
   939 10100
   940 10100
   941 10100
   942 10100
   943 10100
   944 10100
   945 10100
   946 10100
   947 10100
   948 10100
   949 10100
   950 10100
   951 10100
   952 10100
   953 10100
   954 10100
   955 10100
   956 10100
   957 10100
   958 10100
   959 10100
   960 10100
   961 10100
   962 10100
   963 10100
   964 10100
   965 10100
   966 10100
   967 10100
   968 10100
   969 10100
   970 10100
   971 10100
   972 10100
   973 10100
   974 10100
   975 10100
   976 10100
   977 10100
   978 10100
   979 10100
   982 10100
   983 10100
   984 10100
   985 10100
   986 10100
   994 10016
   996 10100
   997 10100
   998 10016
   999 10100
  1000 10100
  1001 10100
  1002 10016
  1012 10100
  1013 10100
  1014 10100
  1015 10100
  1016 10100
  1017 10100
  1019 10050
  1020 10101
  1021 10050
  1022 10050
  1025 10029
  1026 10029
  1027 10029
  1028 10029
  1029 10029
  1030 10029
  1031 10029
  1032 10029
  1033 10029
  1034 10029
  1035 10029
  1036 10029
  1037 10029
  1038 10029
  1039 10029
  1040 10029
  1041 10029
  1042 10029
  1043 10029
  1044 10029
  1045 10029
  1046 10029
  1047 10029
  1048 10029
  1049 10029
  1050 10029
  1051 10029
  1052 10029
  1053 10029
  1054 10029
  1055 10029
  1056 10029
  1057 10029
  1058 10029
  1059 10029
  1060 10029
  1061 10029
  1062 10029
  1063 10029
  1064 10029
  1065 10029
  1066 10029
  1067 10029
  1068 10029
  1069 10029
  1070 10029
  1071 10029
  1072 10029
  1073 10029
  1074 10029
  1075 10029
  1076 10029
  1077 10029
  1078 10029
  1079 10029
  1080 10029
  1081 10029
  1082 10029
  1083 10029
  1084 10029
  1085 10029
  1086 10029
  1087 10029
  1088 10029
  1089 10029
  1090 10029
  1091 10029
  1092 10029
  1093 10029
  1094 10029
  1095 10029
  1096 10029
  1097 10029
  1098 10029
  1099 10029
  1100 10029
  1101 10029
  1102 10029
  1103 10029
  1104 10029
  1105 10029
  1106 10029
  1107 10029
  1108 10029
  1109 10029
  1110 10029
  1111 10029
  1112 10029
  1113 10029
  1114 10029
  1115 10029
  1116 10029
  1117 10029
  1118 10029
  1119 10029
  1120 10029
  1121 10029
  1122 10029
  1123 10029
  1124 10029
  1125 10029
  1126 10029
  1127 10029
  1128 10029
  1129 10029
  1130 10029
  1131 10029
  1132 10029
  1133 10029
  1134 10029
  1135 10029
  1136 10029
  1137 10029
  1138 10029
  1139 10029
  1140 10029
  1141 10029
  1142 10029
  1143 10029
  1144 10029
  1145 10029
  1146 10029
  1147 10029
  1148 10029
  1149 10029
  1150 10029
  1151 10029
  1152 10029
  1153 10029
  1154 10029
  1155 10029
  1156 10029
  1157 10029
  1158 10029
  1159 10029
  1160 10029
  1161 10029
  1162 10029
  1163 10029
  1164 10029
  1165 10029
  1166 10029
  1167 10029
  1168 10029
  1169 10029
  1170 10029
  1171 10029
  1172 10029
  1173 10029
  1174 10029
  1175 10029
  1176 10029
  1177 10029
  1178 10029
  1179 10029
  1180 10029
  1181 10029
  1182 10029
  1183 10029
  1184 10029
  1185 10029
  1186 10029
  1187 10029
  1188 10029
  1189 10029
  1190 10029
  1191 10029
  1192 10029
  1193 10029
  1194 10029
  1195 10029
  1196 10029
  1197 10029
  1198 10029
  1199 10029
  1200 10029
  1201 10029
  1202 10029
  1203 10029
  1204 10029
  1205 10029
  1206 10029
  1207 10029
  1208 10029
  1209 10029
  1210 10029
  1211 10029
  1212 10029
  1213 10029
  1214 10029
  1215 10029
  1216 10029
  1217 10029
  1218 10029
  1219 10029
  1220 10029
  1221 10029
  1222 10029
  1223 10029
  1224 10029
  1225 10029
  1226 10029
  1227 10029
  1228 10029
  1229 10029
  1230 10029
  1231 10029
  1232 10029
  1233 10029
  1234 10029
  1235 10029
  1236 10029
  1237 10029
  1238 10029
  1239 10029
  1240 10029
  1241 10029
  1242 10029
  1243 10029
  1244 10029
  1245 10029
  1246 10029
  1247 10029
  1248 10029
  1249 10029
  1250 10029
  1251 10029
  1252 10029
  1253 10029
  1254 10029
  1255 10029
  1256 10029
  1257 10029
  1258 10029
  1259 10029
  1260 10029
  1261 10029
  1262 10029
  1264 10036
  1265 10153
  1266 10045
  1267 10040
  1268 10040
  1269 10018
  1270 10018
  1271 10018
  1272 10018
  1273 10018
  1274 10018
  1275 10055
  1276 10055
  1277 10055
  1278 10055
  1279 10055
  1280 10055
  1281 10055
  1282 10055
  1283 10055
  1284 10055
  1285 10055
  1286 10055
  1287 10055
  1288 10055
  1289 10055
  1290 10055
  1291 10055
  1292 10055
  1293 10055
  1294 10055
  1295 10055
  1296 10018
  1297 10055
  1298 10055
  1299 10055
  1300 10055
  1301 10055
  1302 10055
  1303 10055
  1304 10055
  1305 10055
  1306 10055
  1307 10055
  1308 10055
  1309 10055
  1310 10055
  1311 10055
  1312 10055
  1313 10055
  1314 10055
  1315 10055
  1316 10055
  1317 10055
  1318 10055
  1319 10055
  1320 10055
  1321 10055
  1322 10055
  1323 10055
  1324 10055
  1325 10018
  1326 10018
  1327 10018
  1328 10018
  1329 10018
  1330 10130
  1331 10016
  1332 10016
  1333 10036
  1334 10036
  1335 10036
  1336 10036
  1337 10036
  1338 10036
  1339 10036
  1340 10036
  1341 10036
  1342 10036
  1343 10016
  1344 10016
  1345 10016
  1346 10016
  1347 10016
  1348 10016
  1349 10016
  1350 10016
  1351 10016
  1352 10016
  1353 10016
  1354 10016
  1355 10016
  1356 10016
  1357 10016
  1358 10016
  1359 10016
  1360 10016
  1361 10016
  1362 10036
  1363 10016
  1364 10016
  1365 10016
  1366 10016
  1367 10016
  1368 10016
  1369 10016
  1370 10016
  1371 10016
  1372 10016
  1373 10016
  1374 10016
  1375 10016
  1376 10016
  1377 10016
  1378 10016
  1379 10036
  1380 10036
  1381 10036
  1382 10036
  1383 10016
  1384 10016
  1385 10016
  1386 10016
  1387 10016
  1388 10016
  1389 10016
  1390 10016
  1391 10016
  1392 10016
  1399 10043
  1400 10043
  1401 10043
  1402 10043
  1403 10091
  1404 10091
  1408 10036
  1409 10036
  1410 10016
  1411 10016
  1412 10016
  1413 10016
  1414 10016
  1415 10016
  1416 10016
  1417 10016
  1418 10016
  1419 10016
  1420 10016
  1421 10016
  1422 10016
  1423 10016
  1424 10016
  1425 10016
  1426 10016
  1427 10016
  1428 10016
  1429 10016
  1430 10016
  1431 10016
  1432 10016
  1433 10016
  1434 10016
  1435 10016
  1436 10016
  1437 10016
  1438 10016
  1439 10016
  1440 10016
  1441 10016
  1442 10075
  1443 10016
  1444 10016
  1445 10016
  1446 10016
  1447 10016
  1448 10016
  1449 10016
  1450 10016
  1451 10016
  1452 10016
  1453 10016
  1454 10016
  1455 10016
  1456 10016
  1457 10016
  1458 10016
  1459 10016
  1460 10016
  1461 10016
  1462 10016
  1463 10016
  1464 10016
  1465 10016
  1466 10016
  1467 10016
  1468 10016
  1469 10016
  1470 10016
  1471 10016
  1472 10016
  1473 10016
  1474 10016
  1475 10016
  1476 10016
  1477 10016
  1478 10016
  1479 10016
  1480 10016
  1481 10016
  1482 10016
  1483 10016
  1484 10016
  1485 10016
  1486 10081
  1487 10016
  1488 10016
  1489 10016
  1490 10016
  1491 10016
  1492 10016
  1493 10016
  1494 10016
  1495 10016
  1496 10016
  1497 10016
  1498 10016
  1499 10016
  1500 10016
  1501 10016
  1502 10016
  1503 10016
  1504 10016
  1505 10016
  1506 10016
  1507 10016
  1508 10016
  1509 10016
  1510 10016
  1511 10016
  1512 10016
  1513 10016
  1514 10016
  1515 10016
  1516 10016
  1517 10016
  1518 10016
  1519 10016
  1520 10016
  1521 10016
  1522 10016
  1523 10016
  1524 10016
  1525 10016
  1526 10016
  1527 10016
  1528 10016
  1529 10016
  1530 10016
  1531 10016
  1532 10016
  1533 10016
  1534 10016
  1535 10016
  1536 10016
  1537 10016
  1538 10016
  1539 10016
  1540 10016
  1541 10016
  1542 10016
  1543 10016
  1544 10016
  1545 10016
  1546 10016
  1547 10016
  1548 10016
  1549 10016
  1550 10016
  1551 10016
  1552 10016
  1553 10016
  1554 10016
  1555 10016
  1556 10016
  1557 10016
  1558 10016
  1559 10016
  1560 10016
  1561 10016
  1562 10016
  1563 10016
  1564 10016
  1565 10016
  1566 10016
  1567 10016
  1568 10016
  1569 10016
  1570 10076
  1571 10055
  1572 10055
  1573 10055
  1574 10055
  1575 10055
  1576 10055
  1577 10055
  1578 10154
  1579 10016
  1580 10016
  1581 10016
  1582 10016
  1583 10016
  1584 10016
  1585 10016
  1586 10016
  1587 10016
  1588 10016
  1589 10016
  1590 10016
  1591 10016
  1592 10143
  1593 10016
  1594 10016
  1595 10016
  1596 10016
  1597 10016
  1598 10016
  1599 10016
  1600 10016
  1601 10016
  1602 10016
  1603 10016
  1604 10016
  1605 10016
  1606 10016
  1607 10016
  1608 10016
  1609 10016
  1610 10016
  1611 10016
  1612 10016
  1615 10101
  1616 10101
  1617 10016
  1618 10016
  1620 10063
  1621 10082
  1622 10082
  1623 10041
  1624 10019
  1625 10066
  1626 10021
  1627 10021
  1628 10021
  1629 10021
  1630 10021
  1631 10021
  1632 10021
  1633 10021
  1634 10021
  1635 10021
  1636 10021
  1637 10021
  1638 10021
  1639 10021
  1640 10021
  1641 10082
  1642 10082
  1643 10021
  1644 10082
  1645 10021
  1646 10082
  1647 10021
  1648 10021
  1649 10021
  1650 10021
  1651 10021
  1652 10021
  1653 10021
  1654 10021
  1655 10021
  1656 10021
  1657 10021
  1658 10021
  1659 10021
  1660 10021
  1661 10021
  1662 10021
  1663 10021
  1664 10021
  1665 10021
  1666 10082
  1667 10021
  1668 10021
  1669 10021
  1670 10021
  1671 10021
  1672 10021
  1673 10021
  1674 10082
  1675 10082
  1676 10021
  1677 10021
  1678 10021
  1679 10021
  1680 10021
  1681 10021
  1682 10082
  1683 10021
  1684 10021
  1685 10021
  1686 10082
  1687 10082
  1688 10021
  1689 10021
  1690 10021
  1691 10021
  1692 10021
  1693 10021
  1694 10021
  1695 10021
  1696 10021
  1697 10021
  1698 10021
  1699 10021
  1700 10021
  1701 10021
  1702 10021
  1703 10021
  1704 10021
  1705 10021
  1706 10021
  1707 10021
  1708 10021
  1709 10021
  1710 10021
  1711 10021
  1712 10021
  1713 10021
  1714 10021
  1715 10021
  1716 10021
  1717 10021
  1718 10021
  1719 10021
  1720 10021
  1721 10021
  1722 10021
  1723 10021
  1724 10021
  1725 10021
  1726 10021
  1727 10021
  1728 10021
  1729 10021
  1730 10021
  1731 10045
  1732 10045
  1735 10082
  1736 10082
  1737 10021
  1738 10082
  1739 10082
  1740 10045
  1741 10045
  1742 10021
  1743 10021
  1744 10021
  1745 10021
  1746 10082
  1747 10082
  1749 10045
  1750 10045
  1751 10021
  1752 10045
  1753 10021
  1754 10021
  1755 10021
  1756 10021
  1757 10021
  1758 10021
  1759 10045
  1760 10021
  1761 10045
  1762 10082
  1763 10021
  1764 10021
  1765 10021
  1766 10021
  1767 10021
  1768 10021
  1769 10021
  1770 10021
  1771 10021
  1772 10021
  1773 10021
  1774 10021
  1775 10082
  1776 10082
  1777 10021
  1778 10082
  1779 10082
  1780 10021
  1781 10021
  1782 10021
  1783 10021
  1784 10021
  1785 10021
  1786 10021
  1787 10021
  1788 10021
  1789 10021
  1790 10021
  1791 10021
  1792 10021
  1793 10021
  1794 10021
  1795 10021
  1796 10021
  1797 10021
  1798 10021
  1799 10021
  1800 10021
  1801 10021
  1802 10021
  1803 10021
  1804 10045
  1805 10045
  1809 10021
  1810 10021
  1811 10021
  1812 10021
  1813 10021
  1814 10021
  1815 10021
  1816 10021
  1817 10021
  1818 10021
  1819 10021
  1820 10021
  1821 10021
  1822 10021
  1823 10021
  1824 10021
  1825 10021
  1826 10021
  1827 10021
  1828 10021
  1829 10082
  1830 10021
  1831 10021
  1832 10082
  1833 10021
  1834 10021
  1835 10021
  1836 10021
  1837 10021
  1838 10021
  1839 10021
  1840 10021
  1841 10021
  1842 10021
  1843 10021
  1844 10021
  1845 10021
  1846 10021
  1847 10021
  1848 10021
  1849 10021
  1850 10021
  1851 10021
  1852 10021
  1853 10021
  1854 10021
  1855 10021
  1856 10082
  1857 10082
  1858 10082
  1859 10072
  1860 10151
  1869 10146
  1870 10146
  1871 10146
  1872 10146
  1873 10146
  1874 10146
  1875 10146
  1876 10146
  1877 10146
  1878 10146
  1879 10146
  1880 10146
  1881 10146
  1882 10146
  1883 10146
  1884 10146
  1885 10146
  1886 10146
  1887 10146
  1888 10146
  1889 10146
  1890 10146
  1891 10146
  1892 10146
  1893 10146
  1894 10146
  1895 10146
  1896 10146
  1897 10146
  1898 10146
  1899 10146
  1900 10146
  1901 10146
  1902 10146
  1903 10146
  1904 10146
  1905 10146
  1906 10146
  1907 10146
  1908 10146
  1909 10146
  1910 10146
  1911 10146
  1912 10146
  1913 10146
  1914 10146
  1915 10146
  1916 10146
  1917 10146
  1918 10146
  1919 10146
  1920 10146
  1921 10146
  1922 10146
  1923 10146
  1924 10146
  1925 10146
  1926 10146
  1927 10146
  1928 10146
  1929 10146
  1930 10146
  1931 10146
  1932 10146
  1933 10146
  1934 10146
  1935 10146
  1936 10146
  1937 10146
  1938 10146
  1939 10146
  1940 10146
  1941 10146
  1942 10146
  1943 10146
  1944 10146
  1945 10146
  1946 10146
  1947 10146
  1948 10146
  1949 10146
  1950 10146
  1951 10146
  1952 10146
  1953 10146
  1954 10146
  1955 10146
  1956 10146
  1957 10146
  1958 10146
  1959 10146
  1960 10146
  1961 10146
  1962 10146
  1963 10146
  1964 10146
  1965 10146
  1966 10146
  1967 10146
  1968 10146
  1969 10146
  1970 10146
  1971 10146
  1972 10146
  1973 10146
  1974 10146
  1975 10146
  1976 10146
  1977 10146
  1978 10146
  1979 10146
  1980 10146
  1981 10146
  1982 10146
  1983 10146
  1984 10146
  1985 10146
  1986 10146
  1987 10146
  1988 10146
  1989 10146
  1992 10095
  1993 10130
  1994 10130
  1995 10146
  1996 10016
  1997 10016
  1998 10016
  1999 10016
  2000 10016
  2001 10016
  2002 10016
  2003 10016
  2004 10016
  2005 10016
  2006 10016
  2007 10016
  2008 10016
  2009 10016
  2010 10016
  2011 10016
  2012 10016
  2013 10016
  2014 10016
  2015 10016
