   687 10167
   688 10167
   689 10167
   690 10167
   691 10167
   692 10167
   693 10167
   694 10167
   695 10167
   696 10167
   697 10167
   698 10167
   699 10167
   700 10081
   701 10081
   702 10167
   703 10167
   704 10167
   705 10167
   706 10167
   707 10167
   708 10167
   709 10167
   710 10167
   711 10167
   712 10167
   713 10167
   714 10167
   715 10167
   716 10167
   717 10167
   718 10167
   719 10167
   720 10167
   721 10167
   722 10167
   723 10167
   724 10167
   725 10167
   726 10167
   731 10167
   732 10167
   733 10167
   734 10167
   735 10167
   736 10167
   739 10167
   740 10081
   741 10167
   742 10167
   743 10167
   747 10167
   748 10167
   749 10167
   750 10167
   751 10167
   752 10167
   753 10167
   754 10167
   755 10167
   756 10167
   757 10167
   758 10081
   759 10081
   760 10074
   761 10081
   762 10081
   763 10167
   764 10167
   765 10167
   766 10167
   767 10167
   768 10081
   769 10081
   770 10081
   771 10081
   772 10081
   773 10167
   774 10167
   775 10167
   776 10167
   777 10081
   778 10167
   779 10167
   780 10167
   781 10167
   782 10167
   783 10167
   784 10081
   785 10138
   786 10138
   787 10138
   788 10138
   789 10081
   790 10081
   791 10081
   792 10138
   793 10081
   794 10138
   795 10138
   796 10138
   798 10138
   799 10138
   800 10138
   801 10138
   802 10138
   803 10138
   804 10138
   805 10138
   806 10138
   807 10138
   808 10138
   809 10138
   810 10138
   811 10138
   812 10138
   813 10138
   814 10138
   815 10138
   816 10138
   817 10138
   818 10138
   819 10138
   820 10138
   821 10138
   822 10138
   823 10138
   824 10138
   825 10138
   826 10138
   827 10138
   828 10138
   829 10138
   830 10138
   831 10138
   832 10138
   833 10138
   834 10138
   835 10138
   836 10138
   837 10138
   838 10138
   839 10138
   840 10138
   841 10138
   842 10138
   843 10138
   844 10138
   845 10138
   846 10138
   847 10138
   848 10138
   849 10138
   850 10138
   851 10138
   852 10138
   853 10138
   854 10138
   855 10138
   856 10138
   857 10138
   858 10138
   859 10138
   860 10138
   861 10138
   862 10138
   863 10138
   864 10138
   865 10138
   866 10138
   867 10138
   868 10138
   869 10138
   870 10138
   871 10138
   872 10138
   873 10138
   874 10138
   875 10138
   876 10138
   877 10138
   878 10138
   879 10138
   880 10138
   881 10138
   882 10138
   883 10138
   884 10138
   885 10138
   886 10138
   887 10138
   888 10138
   889 10138
   890 10138
   891 10138
   892 10138
   893 10138
   894 10138
   895 10138
   896 10138
   897 10138
   898 10138
   899 10138
   900 10138
   901 10138
   902 10138
   903 10138
   904 10138
   905 10138
   906 10138
   907 10138
   908 10138
   909 10138
   910 10138
   911 10138
   912 10138
   913 10138
   914 10138
   915 10138
   916 10138
   917 10138
   918 10138
   919 10138
   920 10138
   921 10138
   922 10138
   923 10138
   924 10138
   925 10138
   926 10138
   927 10138
   928 10138
   929 10138
   930 10138
   931 10138
   932 10138
   933 10138
   934 10138
   935 10138
   936 10138
   937 10138
   938 10138
   939 10138
   940 10138
   941 10138
   942 10138
   943 10138
   944 10138
   945 10138
   946 10138
   947 10138
   948 10138
   949 10138
   950 10138
   951 10138
   952 10138
   953 10138
   954 10138
   955 10138
   956 10138
   957 10138
   958 10138
   959 10138
   960 10138
   961 10138
   962 10138
   963 10138
   964 10138
   965 10138
   966 10138
   967 10138
   968 10138
   969 10138
   970 10138
   971 10138
   972 10138
   973 10138
   974 10138
   975 10138
   976 10138
   977 10138
   978 10138
   979 10138
   980 10138
   981 10138
   982 10138
   983 10138
   984 10138
   985 10138
   986 10138
   987 10138
   988 10138
   989 10138
   990 10138
   991 10138
   992 10138
   993 10138
   994 10138
   995 10138
   996 10138
   997 10138
   998 10138
   999 10138
  1000 10138
  1001 10138
  1002 10138
  1003 10138
  1004 10138
  1005 10138
  1006 10138
  1007 10138
  1008 10138
  1009 10138
  1010 10138
  1011 10138
  1012 10138
  1013 10138
  1014 10138
  1015 10138
  1016 10138
  1017 10138
  1018 10138
  1019 10080
  1020 10080
  1021 10080
  1022 10149
  1023 10149
  1024 10149
  1025 10149
  1026 10149
  1027 10149
  1028 10149
  1029 10149
  1030 10149
  1031 10149
  1032 10149
  1033 10149
  1034 10149
  1035 10149
  1036 10149
  1037 10071
  1038 10149
  1039 10149
  1040 10149
  1041 10149
  1042 10149
  1043 10149
  1044 10149
  1045 10149
  1046 10149
  1047 10149
  1048 10149
  1049 10149
  1050 10149
  1051 10071
  1052 10071
  1053 10101
  1054 10128
  1055 10128
  1056 10128
  1057 10128
  1059 10128
  1063 10147
  1064 10122
  1065 10122
  1066 10122
  1067 10122
  1068 10122
  1069 10147
  1070 10122
  1071 10147
  1072 10147
  1073 10147
  1074 10147
  1075 10147
  1076 10147
  1077 10055
  1078 10144
  1079 10144
  1080 10144
  1081 10144
  1082 10173
  1083 10144
  1084 10173
  1091 10149
  1092 10149
  1093 10149
  1094 10149
  1095 10149
  1096 10149
  1097 10149
  1098 10149
  1099 10149
  1100 10149
  1101 10149
  1102 10149
  1103 10149
  1104 10149
  1105 10149
  1106 10149
  1107 10149
  1108 10149
  1109 10149
  1110 10149
  1111 10149
  1112 10149
  1113 10149
  1114 10080
  1115 10080
  1116 10149
  1117 10080
  1118 10149
  1119 10149
  1120 10149
  1121 10149
  1122 10149
  1123 10149
  1124 10149
  1125 10149
  1126 10149
  1127 10149
  1128 10149
  1129 10149
  1130 10149
  1131 10149
  1132 10149
  1133 10149
  1134 10149
  1135 10149
  1136 10149
  1137 10149
  1138 10149
  1139 10071
  1140 10149
  1141 10149
  1142 10149
  1143 10149
  1144 10149
  1145 10149
  1146 10149
  1147 10149
  1148 10149
  1149 10149
  1150 10149
  1151 10149
  1152 10149
  1153 10149
  1154 10149
  1155 10149
  1156 10149
  1157 10149
  1158 10149
  1159 10149
  1160 10149
  1161 10149
  1162 10149
  1163 10149
  1164 10149
  1165 10149
  1166 10149
  1167 10149
  1168 10149
  1169 10149
  1170 10149
  1171 10149
  1172 10149
  1173 10149
  1174 10149
  1175 10149
  1176 10149
  1177 10149
  1178 10149
  1179 10149
  1180 10149
  1181 10149
  1182 10149
  1183 10149
  1184 10149
  1185 10149
  1186 10149
  1187 10149
  1188 10149
  1189 10149
  1190 10149
  1191 10149
  1192 10149
  1193 10149
  1194 10149
  1195 10149
  1196 10149
  1197 10071
  1198 10149
  1199 10149
  1200 10149
  1201 10149
  1202 10149
  1203 10149
  1204 10149
  1205 10149
  1206 10149
  1207 10149
  1208 10149
  1209 10149
  1210 10149
  1211 10149
  1212 10149
  1213 10149
  1214 10149
  1215 10149
  1216 10149
  1217 10149
  1218 10149
  1219 10149
  1220 10149
  1221 10149
  1222 10149
  1223 10149
  1224 10149
  1225 10149
  1226 10149
  1227 10149
  1228 10149
  1229 10149
  1230 10149
  1231 10149
  1232 10149
  1233 10149
  1234 10149
  1235 10064
  1236 10064
  1237 10064
  1238 10069
  1239 10064
  1244 10076
  1245 10076
  1246 10055
  1247 10018
  1248 10018
  1249 10018
  1250 10018
  1251 10098
  1252 10158
  1253 10158
  1254 10158
  1255 10140
  1256 10140
  1260 10154
  1261 10154
  1262 10154
  1263 10124
  1264 10081
  1265 10081
  1266 10074
  1267 10074
  1268 10074
  1269 10074
  1270 10074
  1271 10074
  1272 10074
  1273 10074
  1274 10074
  1275 10074
  1276 10074
  1277 10074
  1278 10074
  1279 10074
  1280 10074
  1281 10074
  1282 10074
  1283 10074
  1284 10074
  1285 10074
  1286 10074
  1287 10074
  1288 10074
  1289 10074
  1290 10074
  1291 10074
  1292 10074
  1293 10074
  1294 10074
  1295 10074
  1296 10074
  1297 10074
  1298 10074
  1299 10074
  1300 10074
  1301 10074
  1302 10074
  1303 10074
  1304 10074
  1305 10074
  1306 10074
  1307 10074
  1308 10074
  1309 10074
  1310 10074
  1311 10074
  1312 10074
  1313 10074
  1314 10074
  1315 10074
  1316 10074
  1317 10074
  1318 10074
  1319 10074
  1320 10074
  1321 10074
  1322 10074
  1323 10074
  1324 10074
  1325 10074
  1326 10074
  1327 10074
  1328 10074
  1329 10074
  1330 10074
  1331 10074
  1332 10074
  1333 10074
  1334 10074
  1335 10074
  1336 10074
  1337 10074
  1338 10074
  1339 10074
  1340 10074
  1341 10074
  1342 10074
  1343 10074
  1344 10074
  1345 10074
  1346 10074
  1347 10074
  1348 10074
  1349 10074
  1350 10074
  1351 10074
  1352 10074
  1353 10074
  1354 10074
  1355 10074
  1356 10074
  1357 10074
  1358 10074
  1359 10074
  1360 10074
  1361 10074
  1362 10074
  1363 10074
  1364 10074
  1365 10074
  1366 10074
  1367 10074
  1368 10074
  1369 10074
  1370 10074
  1371 10074
  1372 10074
  1373 10074
  1374 10074
  1375 10074
  1376 10074
  1377 10074
  1378 10074
  1379 10074
  1380 10074
  1381 10074
  1382 10074
  1383 10074
  1384 10074
  1385 10074
  1386 10074
  1387 10074
  1388 10074
  1389 10074
  1390 10074
  1391 10074
  1392 10074
  1393 10074
  1394 10074
  1395 10074
  1396 10074
  1397 10074
  1398 10074
  1399 10074
  1400 10074
  1401 10074
  1402 10074
  1403 10074
  1404 10074
  1405 10074
  1406 10074
  1407 10074
  1408 10074
  1409 10074
  1410 10074
  1411 10074
  1412 10074
  1413 10074
  1414 10074
  1415 10074
  1416 10074
  1417 10074
  1418 10074
  1419 10074
  1420 10074
  1421 10074
  1422 10074
  1423 10074
  1424 10074
  1425 10074
  1426 10074
  1427 10074
  1428 10074
  1429 10074
  1430 10074
  1431 10074
  1432 10074
  1433 10074
  1434 10074
  1435 10074
  1436 10074
  1437 10074
  1438 10074
  1439 10074
  1440 10074
  1441 10074
  1442 10074
  1443 10074
  1444 10074
  1445 10074
  1446 10074
  1447 10074
  1448 10074
  1449 10074
  1450 10074
  1451 10074
  1452 10074
  1453 10074
  1454 10074
  1455 10074
  1456 10074
  1457 10074
  1458 10074
  1459 10074
  1460 10074
  1461 10074
  1462 10074
  1463 10074
  1464 10074
  1465 10074
  1466 10074
  1467 10074
  1468 10074
  1469 10074
  1470 10074
  1471 10074
  1472 10074
  1473 10074
  1474 10074
  1475 10074
  1476 10074
  1477 10074
  1478 10074
  1479 10074
  1480 10074
  1481 10074
  1482 10074
  1483 10074
  1484 10074
  1485 10074
  1486 10074
  1487 10074
  1488 10074
  1489 10074
  1490 10074
  1491 10074
  1492 10074
  1493 10074
  1494 10074
  1495 10074
  1496 10074
  1497 10154
  1498 10154
  1499 10154
  1500 10055
  1501 10055
  1502 10158
  1503 10018
  1504 10018
  1505 10018
  1506 10018
  1507 10018
  1508 10018
  1509 10158
  1510 10158
  1511 10018
  1512 10018
  1513 10018
  1514 10018
  1515 10158
  1516 10158
  1517 10158
  1518 10158
  1519 10158
  1520 10158
  1521 10158
  1522 10158
  1523 10158
  1524 10158
  1525 10158
  1526 10158
  1527 10158
  1528 10158
  1529 10158
  1530 10158
  1531 10158
  1532 10158
  1533 10158
  1534 10158
  1535 10158
  1536 10158
  1537 10158
  1538 10158
  1539 10158
  1540 10158
  1541 10158
  1542 10158
  1543 10158
  1544 10158
  1545 10158
  1546 10158
  1547 10158
  1548 10158
  1549 10158
  1550 10158
  1551 10158
  1552 10158
  1553 10158
  1554 10158
  1555 10158
  1556 10158
  1557 10158
  1558 10158
  1559 10158
  1560 10158
  1561 10055
  1562 10018
  1563 10055
  1564 10055
  1565 10055
  1567 10055
  1573 10106
  1578 10171
  1579 10171
  1580 10171
  1581 10171
  1582 10171
  1583 10171
  1584 10171
  1589 10171
  1590 10171
  1591 10171
  1592 10171
  1593 10171
  1596 10171
  1597 10171
  1598 10171
  1599 10171
  1600 10171
  1604 10171
  1605 10171
  1606 10171
  1607 10171
  1608 10171
  1609 10171
  1611 10052
  1612 10052
  1613 10171
  1620 10042
  1621 10042
  1622 10042
  1623 10041
  1624 10066
  1625 10066
  1626 10066
  1627 10020
  1628 10020
  1629 10020
  1630 10020
  1631 10020
  1632 10020
  1633 10020
  1634 10020
  1635 10020
  1636 10020
  1637 10020
  1638 10020
  1639 10020
  1640 10020
  1641 10020
  1642 10020
  1643 10020
  1644 10020
  1645 10020
  1646 10020
  1647 10020
  1648 10020
  1649 10020
  1650 10020
  1651 10020
  1652 10020
  1653 10020
  1654 10020
  1655 10020
  1656 10020
  1657 10020
  1658 10020
  1659 10020
  1660 10020
  1661 10020
  1662 10020
  1663 10020
  1664 10020
  1665 10020
  1666 10020
  1667 10020
  1668 10020
  1669 10020
  1670 10020
  1671 10020
  1672 10020
  1673 10020
  1674 10020
  1675 10020
  1676 10020
  1677 10020
  1678 10020
  1679 10020
  1680 10020
  1681 10020
  1682 10020
  1683 10020
  1684 10020
  1685 10020
  1686 10020
  1687 10020
  1688 10020
  1689 10020
  1690 10020
  1691 10020
  1692 10020
  1693 10020
  1694 10020
  1695 10020
  1696 10020
  1697 10020
  1698 10020
  1699 10020
  1700 10020
  1701 10020
  1702 10020
  1703 10020
  1704 10020
  1705 10020
  1706 10020
  1707 10020
  1708 10020
  1709 10020
  1710 10020
  1711 10020
  1712 10020
  1713 10020
  1714 10020
  1715 10020
  1716 10020
  1717 10020
  1718 10020
  1719 10020
  1720 10020
  1721 10020
  1722 10020
  1723 10020
  1724 10020
  1725 10020
  1726 10020
  1727 10020
  1728 10020
  1729 10020
  1730 10020
  1731 10020
  1732 10020
  1733 10020
  1734 10020
  1735 10020
  1736 10020
  1737 10020
  1738 10020
  1739 10020
  1740 10020
  1741 10020
  1742 10020
  1743 10020
  1744 10020
  1745 10020
  1746 10020
  1747 10020
  1748 10020
  1749 10020
  1750 10020
  1751 10020
  1752 10020
  1753 10020
  1754 10020
  1755 10020
  1756 10020
  1757 10020
  1758 10020
  1759 10020
  1760 10020
  1761 10020
  1762 10020
  1763 10020
  1764 10020
  1765 10020
  1766 10020
  1767 10020
  1768 10020
  1769 10020
  1770 10020
  1771 10020
  1772 10020
  1773 10020
  1774 10020
  1775 10020
  1776 10020
  1777 10020
  1778 10020
  1779 10020
  1780 10020
  1781 10020
  1782 10020
  1783 10020
  1784 10020
  1785 10020
  1786 10020
  1787 10020
  1788 10020
  1789 10020
  1790 10020
  1791 10020
  1792 10020
  1793 10020
  1803 10020
  1804 10020
  1805 10020
  1806 10020
  1807 10020
  1808 10020
  1809 10020
  1810 10020
  1811 10020
  1812 10020
  1813 10020
  1814 10020
  1815 10020
  1816 10020
  1817 10020
  1818 10020
  1819 10020
  1820 10020
  1821 10020
  1822 10020
  1823 10020
  1824 10020
  1825 10020
  1826 10020
  1827 10020
  1828 10020
  1829 10020
  1830 10020
  1831 10020
  1832 10020
  1833 10020
  1834 10020
  1835 10020
  1836 10020
  1837 10020
  1838 10020
  1839 10020
  1840 10020
  1841 10020
  1842 10020
  1843 10020
  1844 10020
  1845 10020
  1846 10020
  1847 10020
  1848 10020
  1849 10020
  1850 10020
  1851 10020
  1852 10020
  1853 10020
  1854 10020
  1855 10020
  1856 10020
  1857 10072
  1858 10072
  1859 10072
  1860 10011
  1861 10011
  1862 10011
  1863 10011
  1864 10011
  1865 10011
  1866 10011
  1867 10011
  1868 10011
  1869 10011
  1870 10011
  1871 10011
  1872 10011
  1873 10011
  1874 10011
  1875 10011
  1876 10011
  1877 10011
  1878 10011
  1879 10011
  1880 10011
  1881 10011
  1882 10011
  1883 10011
  1884 10011
  1885 10011
  1886 10011
  1887 10011
  1888 10011
  1889 10011
  1890 10011
  1891 10011
  1892 10011
  1893 10011
  1894 10011
  1895 10011
  1896 10011
  1897 10011
  1898 10011
  1899 10011
  1900 10011
  1901 10011
  1902 10011
  1903 10011
  1904 10011
  1905 10011
  1906 10011
  1907 10011
  1908 10011
  1909 10011
  1910 10011
  1911 10011
  1912 10011
  1913 10011
  1914 10011
  1915 10011
  1916 10011
  1917 10011
  1918 10011
  1919 10011
  1920 10011
  1921 10011
  1922 10011
  1923 10011
  1924 10011
  1925 10011
  1926 10011
  1927 10011
  1928 10011
  1929 10011
  1930 10011
  1931 10011
  1932 10011
  1933 10011
  1934 10011
  1935 10011
  1936 10011
  1937 10011
  1938 10011
  1939 10011
  1940 10011
  1941 10011
  1942 10011
  1943 10011
  1944 10011
  1945 10011
  1946 10011
  1947 10011
  1948 10011
  1949 10011
  1950 10011
  1951 10011
  1952 10011
  1953 10011
  1954 10011
  1955 10011
  1956 10011
  1957 10011
  1958 10011
  1959 10011
  1960 10011
  1961 10011
  1962 10011
  1963 10011
  1964 10011
  1965 10011
  1966 10011
  1967 10011
  1968 10011
  1969 10011
  1970 10011
  1971 10011
  1972 10011
  1973 10011
  1974 10011
  1975 10011
  1976 10011
  1977 10011
  1978 10011
  1979 10011
  1980 10011
  1981 10011
  1982 10011
  1983 10011
  1984 10011
  1985 10011
  1986 10011
  1987 10011
  1988 10011
  1989 10011
  1990 10011
  1991 10011
  1992 10011
  1993 10011
  1994 10011
  1995 10011
  1996 10011
  1997 10011
  1998 10011
  1999 10011
  2000 10011
  2001 10011
  2002 10011
  2003 10011
  2004 10011
  2005 10011
  2006 10011
  2007 10011
  2008 10011
  2009 10011
  2010 10011
  2011 10011
  2012 10011
  2013 10011
  2014 10011
  2015 10011
  2016 10011
  2017 10011
  2018 10011
  2019 10011
  2020 10011
  2021 10011
  2022 10011
  2023 10011
  2024 10011
  2025 10028
  2026 10028
  2027 10028
