   695 10055
   696 10055
   697 10018
   698 10018
   699 10018
   700 10018
   701 10018
   702 10018
   703 10018
   704 10055
   705 10055
   706 10055
   707 10055
   708 10055
   709 10055
   710 10055
   711 10055
   712 10055
   713 10055
   714 10055
   715 10018
   716 10055
   717 10055
   718 10055
   719 10055
   720 10055
   721 10055
   722 10055
   723 10055
   724 10055
   725 10055
   726 10055
   727 10055
   728 10055
   729 10055
   730 10018
   731 10018
   732 10055
   733 10055
   734 10055
   735 10055
   736 10055
   737 10055
   738 10055
   739 10055
   740 10055
   741 10018
   742 10018
   743 10018
   744 10018
   745 10018
   746 10018
   747 10018
   748 10055
   749 10055
   750 10055
   751 10055
   752 10055
   753 10055
   754 10055
   755 10055
   756 10055
   757 10055
   758 10055
   759 10055
   760 10055
   761 10055
   762 10055
   763 10055
   764 10055
   765 10055
   766 10055
   767 10055
   768 10055
   769 10055
   770 10055
   771 10055
   772 10055
   773 10055
   774 10055
   775 10154
   776 10076
   777 10076
   778 10106
   779 10134
   780 10076
   781 10101
   782 10101
   783 10101
   784 10101
   786 10028
   787 10019
   788 10151
   789 10019
   790 10019
   791 10019
   792 10019
   793 10019
   794 10019
   795 10019
   796 10019
   797 10019
   798 10019
   799 10019
   800 10019
   801 10019
   802 10019
   803 10019
   804 10019
   805 10019
   806 10019
   807 10019
   808 10019
   809 10019
   810 10019
   811 10019
   812 10019
   813 10019
   814 10019
   815 10019
   816 10019
   817 10019
   818 10019
   819 10019
   820 10019
   821 10019
   822 10019
   823 10019
   824 10019
   825 10019
   826 10019
   827 10019
   828 10019
   829 10019
   830 10019
   831 10019
   832 10019
   833 10019
   834 10019
   835 10019
   836 10019
   837 10019
   838 10019
   839 10019
   840 10019
   841 10019
   842 10019
   843 10019
   844 10019
   845 10019
   846 10019
   847 10019
   848 10019
   849 10019
   850 10019
   851 10019
   852 10019
   853 10019
   854 10019
   855 10019
   856 10019
   857 10019
   858 10019
   859 10019
   860 10019
   861 10019
   862 10019
   863 10019
   864 10019
   865 10019
   866 10019
   867 10019
   868 10019
   869 10019
   870 10019
   871 10019
   872 10019
   873 10019
   874 10019
   875 10019
   876 10019
   877 10019
   878 10019
   879 10019
   880 10019
   881 10019
   882 10019
   883 10019
   884 10019
   885 10019
   886 10019
   887 10019
   888 10019
   889 10019
   890 10019
   891 10019
   892 10019
   893 10019
   894 10019
   895 10019
   896 10019
   897 10019
   898 10019
   899 10019
   900 10019
   901 10019
   902 10019
   903 10019
   904 10019
   905 10019
   906 10019
   907 10019
   908 10019
   909 10019
   910 10019
   911 10019
   912 10019
   913 10019
   914 10019
   915 10019
   916 10019
   917 10019
   918 10019
   919 10019
   920 10019
   921 10019
   922 10019
   923 10019
   924 10019
   925 10019
   926 10019
   927 10019
   928 10019
   929 10019
   930 10019
   931 10019
   932 10019
   933 10019
   934 10019
   935 10019
   936 10019
   937 10019
   938 10019
   939 10019
   940 10019
   941 10019
   942 10019
   943 10019
   944 10019
   945 10019
   946 10019
   947 10019
   948 10019
   949 10019
   950 10019
   951 10019
   952 10019
   953 10019
   954 10019
   955 10019
   956 10019
   957 10019
   958 10019
   959 10019
   960 10019
   961 10019
   962 10019
   963 10019
   964 10019
   965 10019
   966 10019
   967 10019
   968 10019
   969 10019
   970 10019
   971 10019
   972 10019
   973 10019
   974 10019
   975 10019
   976 10019
   977 10019
   978 10019
   979 10019
   980 10019
   981 10019
   982 10019
   983 10019
   984 10019
   985 10019
   986 10019
   987 10019
   988 10019
   989 10019
   990 10019
   991 10019
   992 10019
   993 10019
   994 10019
   995 10019
   996 10019
   997 10019
   998 10019
   999 10019
  1000 10019
  1001 10019
  1002 10019
  1003 10019
  1004 10019
  1005 10019
  1006 10019
  1007 10019
  1008 10019
  1009 10019
  1010 10019
  1011 10019
  1012 10019
  1013 10151
  1014 10151
  1015 10151
  1016 10151
  1017 10151
  1018 10041
  1019 10151
  1020 10151
  1021 10033
  1022 10033
  1023 10033
  1024 10072
  1025 10072
  1026 10019
  1027 10019
  1028 10033
  1029 10033
  1030 10033
  1031 10033
  1032 10033
  1033 10033
  1034 10033
  1035 10033
  1036 10033
  1037 10033
  1038 10033
  1039 10033
  1040 10033
  1041 10033
  1042 10033
  1043 10033
  1044 10033
  1045 10033
  1046 10033
  1047 10033
  1048 10033
  1049 10033
  1050 10033
  1051 10033
  1052 10033
  1053 10033
  1054 10033
  1055 10033
  1056 10033
  1057 10033
  1058 10033
  1059 10033
  1060 10033
  1061 10033
  1062 10033
  1063 10033
  1064 10033
  1065 10033
  1066 10033
  1067 10033
  1068 10033
  1069 10033
  1070 10033
  1071 10033
  1072 10033
  1073 10033
  1074 10033
  1075 10033
  1076 10033
  1077 10033
  1078 10033
  1079 10033
  1080 10033
  1081 10033
  1082 10033
  1083 10033
  1084 10033
  1085 10033
  1086 10033
  1087 10033
  1088 10033
  1089 10033
  1090 10033
  1091 10033
  1092 10033
  1093 10033
  1094 10033
  1095 10033
  1096 10033
  1097 10033
  1098 10033
  1099 10033
  1100 10033
  1101 10033
  1102 10033
  1103 10033
  1104 10033
  1105 10033
  1106 10033
  1107 10033
  1108 10033
  1109 10033
  1110 10033
  1111 10033
  1112 10033
  1113 10033
  1114 10033
  1115 10033
  1116 10033
  1117 10033
  1118 10033
  1119 10033
  1120 10033
  1121 10033
  1122 10033
  1123 10033
  1124 10033
  1125 10033
  1126 10033
  1127 10033
  1128 10033
  1129 10033
  1130 10033
  1131 10033
  1132 10033
  1133 10033
  1134 10033
  1135 10033
  1136 10033
  1137 10033
  1138 10033
  1139 10033
  1140 10033
  1141 10033
  1142 10033
  1143 10033
  1144 10033
  1145 10033
  1146 10033
  1147 10033
  1148 10033
  1149 10033
  1150 10033
  1151 10033
  1152 10033
  1153 10033
  1154 10033
  1155 10033
  1156 10033
  1157 10033
  1158 10033
  1159 10033
  1160 10033
  1161 10033
  1162 10033
  1163 10033
  1164 10033
  1165 10033
  1166 10033
  1167 10033
  1168 10033
  1169 10033
  1170 10033
  1171 10033
  1172 10033
  1173 10033
  1174 10033
  1175 10033
  1176 10033
  1177 10033
  1178 10033
  1179 10033
  1180 10033
  1181 10033
  1182 10033
  1183 10033
  1184 10033
  1185 10033
  1186 10033
  1187 10033
  1188 10033
  1189 10033
  1190 10033
  1191 10033
  1192 10033
  1193 10033
  1194 10033
  1195 10033
  1196 10033
  1197 10033
  1198 10033
  1199 10033
  1200 10033
  1201 10033
  1202 10033
  1203 10033
  1204 10033
  1205 10033
  1206 10033
  1207 10033
  1208 10033
  1209 10033
  1210 10033
  1211 10033
  1212 10033
  1213 10033
  1214 10033
  1215 10033
  1216 10033
  1217 10033
  1218 10033
  1219 10033
  1220 10033
  1221 10033
  1222 10033
  1223 10033
  1224 10033
  1225 10033
  1226 10033
  1227 10033
  1228 10033
  1229 10033
  1230 10033
  1231 10033
  1232 10033
  1233 10033
  1234 10033
  1235 10033
  1239 10122
  1240 10122
  1241 10122
  1242 10122
  1243 10122
  1244 10122
  1245 10122
  1246 10122
  1247 10122
  1248 10122
  1249 10122
  1250 10122
  1251 10122
  1252 10122
  1253 10122
  1254 10122
  1255 10033
  1256 10122
  1257 10005
  1258 10005
  1259 10005
  1260 10005
  1261 10005
  1262 10005
  1263 10122
  1264 10122
  1265 10122
  1266 10005
  1267 10005
  1268 10005
  1269 10005
  1270 10005
  1271 10005
  1272 10005
  1273 10005
  1274 10005
  1275 10005
  1276 10005
  1277 10005
  1278 10005
  1279 10005
  1280 10005
  1281 10005
  1282 10005
  1283 10005
  1284 10005
  1285 10005
  1286 10005
  1287 10005
  1288 10005
  1289 10005
  1290 10005
  1291 10005
  1292 10005
  1293 10005
  1294 10005
  1295 10005
  1296 10005
  1297 10005
  1298 10005
  1299 10005
  1300 10005
  1301 10005
  1302 10005
  1303 10005
  1304 10005
  1305 10005
  1306 10005
  1307 10005
  1308 10005
  1309 10005
  1310 10005
  1311 10005
  1312 10005
  1313 10005
  1314 10005
  1315 10005
  1316 10005
  1317 10005
  1318 10005
  1319 10005
  1320 10005
  1321 10005
  1322 10005
  1323 10005
  1324 10005
  1325 10005
  1326 10005
  1327 10005
  1328 10005
  1329 10005
  1330 10005
  1331 10005
  1332 10005
  1333 10005
  1334 10005
  1335 10005
  1336 10005
  1337 10005
  1338 10005
  1339 10005
  1340 10005
  1341 10005
  1342 10005
  1343 10005
  1344 10005
  1345 10005
  1346 10005
  1347 10005
  1348 10005
  1349 10005
  1350 10005
  1351 10005
  1352 10005
  1353 10005
  1354 10005
  1355 10005
  1356 10005
  1357 10005
  1358 10005
  1359 10005
  1360 10005
  1361 10005
  1362 10005
  1363 10005
  1364 10005
  1365 10005
  1366 10005
  1367 10005
  1368 10005
  1369 10005
  1370 10005
  1371 10005
  1372 10005
  1373 10005
  1374 10005
  1375 10005
  1376 10005
  1377 10005
  1378 10005
  1379 10005
  1380 10005
  1381 10005
  1382 10005
  1383 10005
  1384 10005
  1385 10005
  1386 10005
  1387 10005
  1388 10005
  1389 10005
  1390 10005
  1391 10005
  1392 10005
  1393 10005
  1394 10005
  1395 10005
  1396 10005
  1397 10005
  1398 10005
  1399 10005
  1400 10005
  1401 10005
  1402 10005
  1403 10005
  1404 10005
  1405 10005
  1406 10005
  1407 10005
  1408 10005
  1409 10005
  1410 10005
  1411 10005
  1412 10005
  1413 10005
  1414 10005
  1415 10005
  1416 10005
  1417 10005
  1418 10005
  1419 10005
  1420 10005
  1421 10005
  1422 10005
  1423 10005
  1424 10005
  1425 10005
  1426 10005
  1427 10005
  1428 10005
  1429 10005
  1430 10005
  1431 10005
  1432 10005
  1433 10005
  1434 10005
  1435 10005
  1436 10005
  1437 10005
  1438 10005
  1439 10005
  1440 10005
  1441 10005
  1442 10005
  1443 10005
  1444 10005
  1445 10005
  1446 10005
  1447 10005
  1448 10005
  1449 10005
  1450 10005
  1451 10005
  1452 10005
  1453 10005
  1454 10005
  1455 10005
  1456 10005
  1457 10005
  1458 10005
  1459 10005
  1460 10005
  1461 10005
  1462 10005
  1463 10005
  1464 10005
  1465 10005
  1466 10005
  1467 10005
  1468 10005
  1469 10005
  1470 10005
  1471 10005
  1472 10005
  1473 10005
  1474 10005
  1475 10005
  1476 10005
  1477 10005
  1478 10005
  1479 10005
  1480 10005
  1481 10005
  1482 10005
  1483 10005
  1484 10005
  1485 10005
  1486 10005
  1487 10005
  1488 10005
  1489 10005
  1490 10005
  1491 10005
  1492 10005
  1493 10005
  1494 10005
  1495 10005
  1496 10005
  1497 10005
  1498 10005
  1500 10016
  1502 10076
  1503 10106
  1504 10018
  1505 10018
  1506 10018
  1507 10018
  1508 10018
  1509 10018
  1510 10018
  1511 10018
  1512 10018
  1513 10018
  1514 10018
  1515 10023
  1516 10055
  1517 10055
  1518 10055
  1519 10055
  1520 10055
  1521 10055
  1522 10055
  1523 10018
  1524 10018
  1525 10018
  1526 10055
  1527 10055
  1528 10055
  1529 10055
  1530 10055
  1531 10055
  1532 10055
  1533 10055
  1534 10055
  1535 10055
  1536 10018
  1537 10055
  1538 10055
  1539 10018
  1540 10055
  1541 10055
  1542 10055
  1543 10018
  1544 10018
  1545 10055
  1546 10055
  1547 10018
  1548 10018
  1549 10018
  1550 10078
  1551 10106
  1552 10018
  1553 10055
  1554 10055
  1555 10055
  1556 10055
  1557 10055
  1562 10144
  1563 10091
  1565 10091
  1566 10091
  1567 10091
  1569 10101
  1571 10043
  1572 10043
  1573 10043
  1574 10164
  1575 10164
  1579 10070
  1581 10070
  1582 10070
  1583 10070
  1616 10063
  1617 10063
  1618 10063
  1619 10159
  1620 10043
  1621 10071
  1623 10091
  1624 10091
  1625 10091
  1626 10091
  1633 10036
  1640 10070
  1641 10070
  1642 10070
  1643 10070
  1644 10070
  1645 10063
  1684 10063
  1685 10063
  1686 10043
  1688 10043
  1689 10101
  1701 10043
  1702 10043
  1703 10043
  1708 10164
  1709 10164
  1710 10164
  1711 10164
  1712 10164
  1713 10164
  1714 10164
  1715 10164
  1716 10164
  1717 10164
  1718 10164
  1719 10164
  1720 10164
  1721 10164
  1722 10164
  1723 10164
  1724 10164
  1725 10164
  1726 10091
  1727 10164
  1728 10091
  1729 10164
  1730 10164
  1731 10164
  1732 10164
  1733 10164
  1734 10164
  1735 10164
  1736 10164
  1737 10164
  1738 10164
  1739 10164
  1740 10164
  1741 10164
  1742 10164
  1743 10164
  1744 10164
  1745 10164
  1746 10164
  1747 10164
  1748 10164
  1749 10164
  1750 10164
  1751 10164
  1752 10164
  1753 10164
  1754 10164
  1756 10164
  1758 10164
  1759 10164
  1760 10164
  1761 10164
  1762 10164
  1763 10164
  1764 10164
  1765 10164
  1766 10164
  1775 10061
  1786 10086
  1798 10033
  1804 10062
  1805 10033
  1806 10062
  1817 10083
  1818 10083
  1819 10083
  1822 10071
  1842 10164
  1849 10062
  1850 10062
  1852 10062
  1853 10062
  1854 10062
  1855 10062
  1856 10062
  1857 10062
  1858 10062
  1859 10062
  1860 10062
  1861 10062
  1862 10062
  1863 10062
  1864 10062
  1865 10062
  1866 10062
  1867 10062
  1868 10062
  1869 10062
  1870 10062
  1871 10062
  1872 10062
  1873 10062
  1874 10062
  1875 10062
  1876 10062
  1877 10062
  1878 10062
  1879 10062
  1880 10062
  1881 10062
  1882 10062
  1883 10062
  1884 10062
  1885 10062
  1886 10062
  1887 10062
  1888 10062
  1889 10062
  1890 10062
  1891 10062
  1892 10062
  1893 10062
  1894 10062
  1895 10062
  1896 10062
  1897 10062
  1898 10062
  1899 10062
  1900 10062
  1901 10062
  1902 10062
  1903 10062
  1904 10062
  1905 10062
  1906 10062
  1907 10062
  1908 10062
  1909 10062
  1910 10062
  1911 10062
  1912 10062
  1913 10062
  1914 10062
  1915 10062
  1916 10062
  1917 10062
  1918 10062
  1919 10062
  1920 10062
  1921 10062
  1922 10062
  1923 10062
  1924 10062
  1925 10062
  1926 10062
  1927 10062
  1928 10062
  1929 10062
  1930 10062
  1931 10062
  1932 10062
  1933 10062
  1934 10062
  1935 10062
  1936 10062
  1937 10062
  1938 10062
  1939 10062
  1940 10062
  1941 10062
  1942 10062
  1943 10062
  1944 10062
  1945 10062
  1946 10062
  1947 10062
  1948 10062
  1949 10062
  1950 10062
  1951 10062
  1952 10062
  1953 10062
  1954 10062
  1955 10062
  1956 10062
  1957 10062
  1958 10062
  1959 10062
  1960 10062
  1961 10062
  1962 10062
  1963 10062
  1964 10062
  1965 10062
  1966 10062
  1967 10062
  1968 10062
  1969 10062
  1970 10062
  1971 10062
  1972 10062
  1973 10062
  1974 10062
  1975 10062
  1976 10062
  1977 10062
  1978 10062
  1979 10062
  1980 10062
  1981 10062
  1982 10062
  1983 10062
  1984 10062
  1985 10062
  1986 10062
  1987 10062
  1988 10062
  1989 10062
  1990 10062
  1991 10062
  1992 10062
  1993 10062
  1994 10062
  1995 10062
  1996 10062
  1997 10062
  1998 10062
  1999 10062
  2000 10062
  2001 10062
  2002 10062
  2003 10062
  2004 10062
  2005 10062
  2006 10062
  2007 10062
  2008 10062
  2009 10062
  2010 10062
  2011 10062
  2012 10062
  2013 10062
  2014 10062
  2015 10062
  2016 10062
  2017 10062
  2018 10062
  2019 10062
  2020 10062
  2021 10062
  2022 10062
  2023 10062
  2024 10062
  2025 10062
  2026 10062
  2027 10062
  2028 10062
  2029 10134
  2030 10062
  2032 10101
  2033 10101
  2034 10076
  2035 10076
  2036 10076
  2037 10076
  2038 10076
  2039 10076
  2040 10076
  2041 10076
