   691 10120
   692 10120
   693 10120
   694 10120
   695 10120
   696 10120
   697 10120
   698 10120
   699 10120
   700 10120
   701 10120
   702 10120
   703 10120
   704 10120
   705 10120
   706 10120
   707 10120
   708 10120
   709 10120
   710 10120
   711 10120
   714 10120
   715 10120
   716 10120
   717 10120
   718 10120
   719 10120
   720 10120
   721 10120
   722 10120
   723 10120
   724 10120
   725 10120
   726 10120
   727 10120
   728 10120
   729 10120
   730 10120
   731 10120
   732 10120
   733 10120
   734 10120
   735 10120
   736 10120
   737 10120
   738 10120
   739 10120
   740 10120
   741 10120
   742 10120
   743 10120
   744 10120
   745 10120
   746 10120
   747 10120
   748 10120
   749 10120
   750 10120
   751 10120
   752 10120
   753 10120
   754 10120
   755 10120
   756 10120
   757 10120
   758 10120
   759 10120
   760 10120
   761 10120
   762 10120
   763 10120
   764 10120
   768 10120
   774 10120
   775 10143
   776 10120
   777 10120
   778 10120
   779 10120
   780 10120
   781 10120
   782 10120
   783 10120
   784 10120
   785 10108
   786 10108
   787 10108
   788 10108
   789 10108
   790 10108
   791 10108
   792 10108
   793 10108
   794 10108
   795 10108
   796 10108
   797 10108
   798 10108
   799 10108
   800 10108
   801 10108
   802 10108
   803 10108
   804 10108
   805 10108
   806 10108
   807 10108
   808 10108
   809 10108
   810 10108
   811 10108
   812 10108
   813 10108
   814 10108
   815 10108
   816 10108
   817 10108
   818 10108
   819 10108
   820 10108
   821 10108
   822 10108
   823 10108
   824 10108
   825 10108
   826 10108
   827 10108
   828 10108
   829 10108
   830 10108
   831 10108
   832 10108
   833 10108
   834 10108
   835 10108
   836 10108
   837 10108
   838 10108
   839 10108
   840 10108
   841 10108
   842 10108
   843 10108
   844 10108
   845 10108
   846 10108
   847 10108
   848 10108
   849 10108
   850 10108
   851 10108
   852 10108
   853 10108
   854 10108
   855 10108
   856 10108
   857 10108
   858 10108
   859 10108
   860 10108
   861 10108
   862 10108
   863 10108
   864 10108
   865 10108
   866 10108
   867 10108
   868 10108
   869 10108
   870 10108
   871 10108
   872 10108
   873 10108
   874 10108
   875 10108
   876 10108
   877 10108
   878 10108
   879 10108
   880 10108
   881 10108
   882 10108
   883 10108
   884 10108
   885 10108
   886 10108
   887 10108
   888 10108
   889 10108
   890 10108
   891 10108
   892 10108
   893 10108
   894 10108
   895 10108
   896 10108
   897 10108
   898 10108
   899 10108
   900 10108
   901 10108
   902 10108
   903 10108
   904 10108
   905 10108
   906 10108
   907 10108
   908 10108
   909 10108
   910 10108
   911 10108
   912 10108
   913 10108
   914 10108
   915 10108
   916 10108
   917 10108
   918 10108
   919 10108
   920 10108
   921 10108
   922 10108
   923 10108
   924 10108
   925 10108
   926 10108
   927 10108
   928 10108
   929 10108
   930 10108
   931 10108
   932 10108
   933 10108
   934 10108
   935 10108
   936 10108
   937 10108
   938 10108
   939 10108
   940 10108
   941 10108
   942 10108
   943 10108
   944 10108
   945 10108
   946 10108
   947 10108
   948 10108
   949 10108
   950 10108
   951 10108
   952 10108
   953 10108
   954 10108
   955 10108
   956 10108
   957 10108
   958 10108
   959 10108
   960 10108
   961 10108
   962 10108
   963 10108
   964 10108
   965 10108
   966 10108
   967 10108
   968 10108
   969 10108
   970 10108
   971 10108
   972 10108
   973 10108
   974 10108
   975 10108
   976 10108
   977 10108
   978 10108
   979 10108
   980 10108
   981 10108
   982 10108
   983 10108
   984 10108
   985 10108
   986 10108
   987 10108
   988 10108
   989 10108
   990 10108
   991 10108
   992 10108
   993 10108
   994 10108
   995 10108
   996 10108
   997 10108
   998 10108
   999 10108
  1000 10108
  1001 10108
  1002 10108
  1003 10108
  1004 10108
  1005 10108
  1006 10108
  1007 10108
  1008 10108
  1009 10108
  1010 10108
  1011 10108
  1012 10108
  1013 10108
  1014 10108
  1015 10108
  1016 10108
  1017 10108
  1018 10108
  1019 10137
  1029 10068
  1030 10068
  1031 10068
  1032 10068
  1033 10068
  1034 10068
  1035 10068
  1036 10068
  1037 10068
  1038 10068
  1039 10068
  1040 10068
  1041 10068
  1042 10068
  1043 10068
  1044 10068
  1045 10068
  1046 10068
  1047 10068
  1048 10068
  1049 10068
  1050 10068
  1051 10068
  1052 10068
  1053 10068
  1054 10068
  1055 10068
  1056 10068
  1057 10068
  1058 10068
  1059 10068
  1060 10068
  1061 10068
  1062 10068
  1063 10068
  1064 10068
  1065 10068
  1066 10068
  1067 10068
  1068 10068
  1069 10068
  1070 10068
  1071 10068
  1072 10068
  1073 10068
  1074 10068
  1075 10068
  1076 10068
  1077 10068
  1078 10068
  1079 10068
  1080 10068
  1081 10068
  1082 10068
  1083 10068
  1084 10068
  1085 10068
  1086 10068
  1087 10068
  1088 10068
  1089 10068
  1090 10068
  1091 10068
  1092 10068
  1093 10068
  1094 10068
  1095 10068
  1096 10068
  1097 10068
  1098 10068
  1099 10068
  1100 10068
  1101 10068
  1102 10068
  1103 10068
  1104 10068
  1105 10068
  1106 10068
  1107 10068
  1108 10068
  1109 10068
  1110 10068
  1111 10068
  1112 10068
  1113 10068
  1114 10068
  1115 10068
  1116 10068
  1117 10068
  1118 10068
  1119 10068
  1120 10068
  1121 10068
  1122 10068
  1123 10068
  1124 10068
  1125 10068
  1126 10068
  1127 10068
  1128 10068
  1129 10068
  1130 10068
  1131 10068
  1132 10068
  1133 10068
  1134 10138
  1135 10138
  1136 10068
  1137 10138
  1138 10068
  1139 10068
  1140 10068
  1141 10068
  1142 10068
  1143 10068
  1144 10068
  1145 10068
  1146 10068
  1147 10068
  1148 10101
  1149 10101
  1150 10101
  1151 10156
  1152 10031
  1153 10129
  1154 10156
  1155 10156
  1156 10156
  1157 10156
  1158 10156
  1159 10115
  1161 10068
  1162 10068
  1163 10068
  1164 10068
  1165 10068
  1166 10068
  1167 10068
  1168 10068
  1169 10068
  1170 10068
  1171 10068
  1172 10068
  1173 10068
  1174 10068
  1175 10068
  1176 10068
  1177 10068
  1178 10068
  1179 10068
  1180 10068
  1181 10068
  1182 10068
  1183 10068
  1184 10068
  1185 10068
  1186 10068
  1187 10068
  1188 10068
  1189 10068
  1190 10068
  1191 10068
  1192 10068
  1193 10068
  1194 10068
  1195 10068
  1196 10068
  1197 10068
  1198 10068
  1199 10068
  1200 10068
  1201 10068
  1202 10068
  1203 10068
  1204 10068
  1205 10068
  1206 10068
  1207 10068
  1208 10068
  1209 10068
  1210 10068
  1211 10068
  1212 10068
  1213 10068
  1214 10068
  1215 10068
  1216 10068
  1217 10068
  1218 10068
  1219 10068
  1220 10068
  1221 10068
  1222 10068
  1223 10068
  1224 10068
  1225 10068
  1226 10068
  1227 10068
  1228 10068
  1229 10068
  1230 10068
  1231 10068
  1232 10068
  1233 10068
  1234 10068
  1235 10068
  1236 10068
  1237 10068
  1238 10068
  1239 10068
  1240 10068
  1241 10068
  1242 10068
  1243 10068
  1244 10068
  1245 10068
  1246 10068
  1247 10068
  1248 10068
  1249 10068
  1250 10068
  1251 10068
  1252 10068
  1253 10068
  1254 10068
  1255 10068
  1256 10068
  1257 10068
  1258 10068
  1259 10068
  1260 10091
  1261 10091
  1262 10091
  1263 10091
  1264 10090
  1265 10090
  1266 10090
  1267 10090
  1268 10090
  1269 10090
  1270 10090
  1271 10090
  1272 10090
  1273 10090
  1274 10090
  1275 10090
  1276 10090
  1277 10090
  1278 10090
  1279 10090
  1280 10090
  1281 10090
  1282 10090
  1283 10090
  1284 10090
  1285 10090
  1286 10090
  1287 10090
  1288 10090
  1289 10090
  1290 10090
  1291 10090
  1292 10090
  1293 10090
  1294 10090
  1295 10090
  1296 10090
  1297 10090
  1298 10090
  1299 10090
  1300 10090
  1301 10090
  1302 10090
  1303 10090
  1304 10090
  1305 10090
  1306 10090
  1307 10090
  1308 10090
  1309 10090
  1310 10090
  1311 10090
  1312 10090
  1313 10090
  1314 10090
  1315 10090
  1316 10090
  1317 10090
  1318 10090
  1319 10090
  1320 10090
  1321 10090
  1322 10090
  1323 10090
  1324 10090
  1325 10090
  1326 10090
  1327 10090
  1328 10090
  1329 10090
  1330 10090
  1331 10090
  1332 10090
  1333 10090
  1334 10090
  1335 10090
  1336 10090
  1337 10090
  1338 10090
  1339 10090
  1340 10090
  1341 10090
  1342 10090
  1343 10090
  1344 10090
  1345 10090
  1346 10090
  1347 10090
  1348 10090
  1349 10090
  1350 10090
  1351 10090
  1352 10090
  1353 10090
  1354 10090
  1355 10090
  1356 10090
  1357 10090
  1358 10090
  1359 10090
  1360 10090
  1361 10090
  1362 10090
  1363 10090
  1364 10090
  1365 10090
  1366 10090
  1367 10090
  1368 10090
  1369 10090
  1370 10090
  1371 10090
  1372 10090
  1373 10090
  1374 10090
  1375 10090
  1376 10090
  1377 10090
  1378 10090
  1379 10090
  1380 10090
  1381 10090
  1382 10090
  1383 10090
  1384 10090
  1385 10090
  1386 10090
  1387 10090
  1388 10090
  1389 10090
  1390 10090
  1391 10090
  1392 10090
  1393 10090
  1394 10090
  1395 10090
  1396 10090
  1397 10090
  1398 10090
  1399 10090
  1400 10090
  1401 10090
  1402 10090
  1403 10090
  1404 10090
  1405 10090
  1406 10090
  1407 10090
  1408 10090
  1409 10090
  1410 10090
  1411 10090
  1412 10090
  1413 10090
  1414 10090
  1415 10090
  1416 10090
  1417 10090
  1418 10090
  1419 10090
  1420 10090
  1421 10090
  1422 10090
  1423 10090
  1424 10090
  1425 10090
  1426 10090
  1427 10090
  1428 10090
  1429 10090
  1430 10090
  1431 10090
  1432 10090
  1433 10090
  1434 10090
  1435 10090
  1436 10090
  1437 10090
  1438 10090
  1439 10090
  1440 10090
  1441 10090
  1442 10090
  1443 10090
  1444 10090
  1445 10090
  1446 10090
  1447 10090
  1448 10090
  1449 10090
  1450 10090
  1451 10090
  1452 10090
  1453 10090
  1454 10090
  1455 10090
  1456 10090
  1457 10090
  1458 10090
  1459 10090
  1460 10090
  1461 10090
  1462 10090
  1463 10090
  1464 10090
  1465 10090
  1466 10090
  1467 10090
  1468 10090
  1469 10090
  1470 10090
  1471 10090
  1472 10090
  1473 10090
  1474 10090
  1475 10090
  1476 10090
  1477 10090
  1478 10090
  1479 10090
  1480 10090
  1481 10090
  1482 10090
  1483 10090
  1484 10070
  1485 10070
  1486 10070
  1487 10070
  1488 10063
  1489 10063
  1490 10090
  1491 10090
  1492 10090
  1493 10090
  1494 10090
  1495 10090
  1496 10090
  1497 10090
  1498 10090
  1499 10090
  1500 10091
  1501 10043
  1502 10138
  1503 10138
  1504 10061
  1505 10061
  1506 10101
  1507 10101
  1508 10101
  1509 10101
  1510 10141
  1513 10076
  1514 10076
  1515 10055
  1516 10018
  1517 10018
  1518 10158
  1519 10158
  1520 10018
  1521 10018
  1522 10018
  1523 10018
  1524 10018
  1525 10018
  1526 10055
  1527 10055
  1528 10055
  1529 10055
  1530 10055
  1531 10055
  1532 10055
  1533 10055
  1534 10055
  1535 10055
  1536 10055
  1537 10055
  1538 10040
  1539 10040
  1540 10040
  1541 10040
  1542 10040
  1543 10040
  1544 10040
  1545 10076
  1546 10055
  1547 10055
  1548 10018
  1549 10055
  1550 10055
  1551 10055
  1552 10018
  1553 10055
  1554 10055
  1555 10055
  1556 10055
  1557 10055
  1558 10055
  1559 10055
  1560 10055
  1561 10055
  1562 10055
  1563 10055
  1564 10055
  1565 10055
  1566 10055
  1567 10055
  1568 10055
  1569 10055
  1570 10055
  1571 10055
  1572 10055
  1573 10055
  1574 10055
  1575 10055
  1576 10055
  1577 10055
  1578 10055
  1579 10055
  1580 10055
  1581 10055
  1582 10055
  1583 10076
  1599 10154
  1600 10016
  1601 10154
  1602 10016
  1603 10016
  1604 10016
  1605 10016
  1606 10016
  1607 10016
  1608 10016
  1609 10014
  1610 10014
  1611 10014
  1612 10154
  1613 10101
  1615 10101
  1616 10101
  1617 10101
  1618 10101
  1621 10063
  1622 10043
  1623 10091
  1624 10091
  1625 10019
  1626 10019
  1627 10082
  1628 10082
  1629 10082
  1630 10028
  1631 10028
  1632 10028
  1633 10063
  1634 10063
  1635 10065
  1636 10068
  1637 10088
  1638 10088
  1639 10130
  1640 10143
  1641 10074
  1642 10107
  1643 10107
  1644 10107
  1645 10107
  1646 10014
  1647 10014
  1648 10014
  1649 10014
  1650 10016
  1651 10016
  1652 10016
  1653 10016
  1654 10014
  1655 10014
  1656 10014
  1657 10014
  1658 10014
  1659 10014
  1660 10014
  1661 10014
  1662 10014
  1663 10016
  1664 10016
  1665 10014
  1666 10014
  1667 10014
  1668 10014
  1669 10014
  1670 10014
  1671 10143
  1672 10154
  1673 10014
  1674 10154
  1675 10036
  1676 10036
  1677 10016
  1678 10016
  1679 10036
  1680 10036
  1681 10016
  1682 10143
  1683 10014
  1684 10143
  1685 10143
  1686 10154
  1687 10154
  1688 10154
  1689 10154
  1690 10036
  1691 10036
  1692 10036
  1693 10154
  1694 10014
  1695 10014
  1696 10014
  1697 10014
  1698 10014
  1699 10014
  1700 10014
  1701 10014
  1702 10036
  1703 10036
  1704 10036
  1705 10036
  1706 10036
  1707 10014
  1708 10036
  1709 10154
  1710 10154
  1711 10154
  1712 10154
  1713 10154
  1714 10154
  1715 10014
  1716 10014
  1717 10014
  1718 10014
  1719 10014
  1720 10154
  1721 10154
  1722 10014
  1723 10154
  1724 10154
  1725 10154
  1726 10154
  1727 10154
  1728 10014
  1729 10014
  1730 10154
  1731 10014
  1732 10154
  1733 10154
  1734 10014
  1735 10014
  1736 10014
  1737 10014
  1738 10014
  1739 10154
  1740 10014
  1741 10014
  1742 10036
  1743 10036
  1744 10036
  1745 10036
  1746 10036
  1748 10014
  1749 10014
  1750 10154
  1751 10014
  1752 10014
  1753 10014
  1754 10014
  1755 10014
  1756 10014
  1757 10014
  1758 10014
  1759 10014
  1760 10014
  1761 10014
  1762 10014
  1763 10154
  1764 10014
  1765 10014
  1766 10014
  1767 10014
  1768 10014
  1769 10014
  1770 10154
  1771 10154
  1772 10154
  1773 10154
  1774 10154
  1775 10154
  1776 10016
  1777 10016
  1778 10016
  1779 10016
  1780 10014
  1781 10014
  1782 10014
  1783 10014
  1784 10014
  1785 10014
  1786 10014
  1787 10014
  1788 10014
  1789 10014
  1790 10014
  1791 10014
  1792 10014
  1793 10014
  1794 10014
  1795 10014
  1796 10014
  1797 10014
  1798 10014
  1799 10014
  1800 10014
  1801 10014
  1802 10014
  1803 10014
  1804 10014
  1805 10014
  1806 10014
  1807 10014
  1808 10014
  1809 10143
  1810 10014
  1811 10014
  1812 10016
  1813 10014
  1814 10155
  1815 10014
  1816 10016
  1817 10016
  1818 10016
  1819 10016
  1820 10016
  1821 10016
  1822 10014
  1823 10116
  1824 10116
  1826 10116
  1834 10070
  1835 10070
  1836 10070
  1837 10063
  1838 10063
  1839 10070
  1840 10070
  1841 10070
  1842 10091
  1843 10070
  1844 10043
  1846 10028
  1847 10019
  1848 10047
  1849 10019
  1850 10011
  1851 10152
  1852 10011
  1853 10152
  1854 10152
  1855 10152
  1856 10019
  1857 10019
  1858 10049
  1859 10049
  1860 10049
  1862 10063
  1863 10063
  1864 10063
  1865 10063
  1866 10063
  1868 10090
  1869 10063
  1870 10070
  1876 10090
  1877 10090
  1878 10090
  1879 10090
  1880 10063
  1881 10063
  1882 10063
  1883 10063
  1884 10070
  1885 10070
  1886 10070
  1887 10070
  1888 10070
  1889 10070
  1890 10070
  1891 10070
  1892 10070
  1893 10070
  1894 10070
  1895 10070
  1896 10070
  1897 10063
  1898 10090
  1899 10090
  1900 10063
  1901 10063
  1902 10063
  1903 10070
  1904 10070
  1905 10070
  1906 10070
  1907 10070
  1908 10070
  1909 10070
  1910 10070
  1911 10070
  1912 10070
  1913 10070
  1914 10070
  1915 10070
  1916 10070
  1917 10070
  1918 10070
  1919 10070
  1920 10070
  1921 10070
  1922 10070
  1923 10063
  1924 10063
  1925 10063
  1936 10070
  1938 10070
  1939 10070
  1940 10070
  1941 10070
  1942 10070
  1950 10063
  1951 10063
  1952 10063
  1953 10091
  1954 10091
  1955 10063
  1956 10063
  1957 10063
  1958 10070
  1959 10063
  1960 10063
  1961 10063
  1962 10091
  1963 10091
  1964 10091
  1965 10091
  1966 10091
  1967 10091
  1968 10091
  1969 10091
  1970 10091
  1971 10091
  1972 10091
  1973 10091
  1974 10070
  1975 10070
  1976 10070
  1977 10070
  1978 10070
  1979 10070
  1980 10070
  1981 10070
  1982 10060
  1983 10060
  1985 10070
  1986 10070
  1989 10070
  1990 10070
  1991 10070
  1992 10070
  1993 10070
  1994 10070
  1998 10060
  1999 10060
  2000 10060
  2005 10070
  2013 10063
  2014 10063
  2015 10063
  2016 10070
  2017 10070
  2018 10070
  2019 10070
  2020 10063
  2021 10063
  2022 10070
  2024 10070
  2025 10070
  2026 10070
  2029 10101
  2030 10054
  2031 10054
  2032 10069
  2033 10094
  2034 10069
  2035 10171
  2037 10171
  2038 10171
