   694 10062
   695 10062
   696 10062
   697 10062
   698 10062
   699 10062
   700 10062
   701 10062
   702 10062
   703 10062
   704 10062
   705 10062
   706 10062
   707 10062
   708 10062
   709 10062
   710 10062
   711 10062
   712 10062
   713 10062
   714 10062
   715 10062
   716 10062
   717 10062
   718 10062
   719 10062
   720 10062
   721 10062
   722 10062
   723 10062
   724 10062
   725 10062
   726 10062
   727 10062
   728 10062
   729 10062
   730 10062
   731 10062
   732 10062
   733 10062
   734 10062
   735 10062
   736 10062
   737 10062
   738 10062
   739 10062
   740 10062
   741 10062
   742 10062
   743 10062
   744 10062
   745 10062
   746 10062
   747 10062
   748 10062
   749 10062
   750 10062
   751 10062
   752 10062
   753 10062
   754 10062
   755 10062
   756 10062
   757 10062
   758 10062
   759 10062
   760 10062
   761 10062
   762 10062
   763 10062
   764 10062
   765 10062
   766 10062
   767 10062
   768 10062
   769 10062
   770 10062
   771 10062
   772 10062
   773 10062
   774 10062
   775 10062
   776 10062
   777 10062
   778 10138
   779 10138
   780 10138
   781 10138
   782 10138
   783 10138
   784 10138
   785 10138
   786 10138
   787 10138
   788 10138
   789 10138
   790 10138
   791 10138
   792 10138
   793 10138
   794 10138
   795 10138
   796 10138
   797 10138
   798 10138
   799 10138
   800 10138
   801 10138
   802 10138
   803 10138
   804 10138
   805 10138
   806 10138
   807 10138
   808 10138
   809 10138
   810 10138
   811 10138
   812 10138
   813 10138
   814 10138
   815 10138
   816 10138
   817 10138
   818 10138
   819 10138
   820 10138
   821 10138
   822 10138
   823 10138
   824 10138
   825 10138
   826 10138
   827 10138
   828 10138
   829 10138
   830 10138
   831 10138
   832 10138
   833 10138
   834 10138
   835 10138
   836 10138
   837 10138
   838 10138
   839 10138
   840 10138
   841 10138
   842 10138
   843 10138
   844 10138
   845 10138
   846 10138
   847 10138
   848 10138
   849 10138
   850 10138
   851 10138
   852 10138
   853 10138
   854 10138
   855 10138
   856 10138
   857 10138
   858 10138
   859 10138
   860 10138
   861 10138
   862 10138
   863 10138
   864 10138
   865 10138
   866 10138
   867 10138
   868 10138
   869 10138
   870 10138
   871 10138
   872 10138
   873 10138
   874 10138
   875 10138
   876 10138
   877 10138
   878 10138
   879 10138
   880 10138
   881 10138
   882 10138
   883 10138
   884 10138
   885 10138
   886 10138
   887 10138
   888 10138
   889 10138
   890 10138
   891 10138
   892 10138
   893 10138
   894 10138
   895 10138
   896 10138
   897 10138
   898 10138
   899 10138
   900 10138
   901 10138
   902 10138
   903 10138
   904 10138
   905 10138
   906 10138
   907 10138
   908 10138
   909 10138
   910 10138
   911 10138
   912 10138
   913 10138
   914 10138
   915 10138
   916 10138
   917 10138
   918 10138
   919 10138
   920 10138
   921 10138
   922 10138
   923 10138
   924 10138
   925 10138
   926 10138
   927 10138
   928 10138
   929 10138
   930 10138
   931 10138
   932 10138
   933 10138
   934 10138
   935 10138
   936 10138
   937 10138
   938 10138
   939 10138
   940 10138
   941 10138
   942 10138
   943 10138
   944 10138
   945 10138
   946 10138
   947 10138
   948 10138
   949 10138
   950 10138
   951 10138
   952 10138
   953 10138
   954 10138
   955 10138
   956 10138
   957 10138
   958 10138
   959 10138
   960 10138
   961 10138
   962 10138
   963 10138
   964 10138
   965 10138
   966 10138
   967 10138
   968 10138
   969 10138
   970 10138
   971 10138
   972 10138
   973 10138
   974 10138
   975 10138
   976 10138
   977 10138
   978 10138
   979 10138
   980 10138
   981 10138
   982 10138
   983 10138
   984 10138
   985 10138
   986 10138
   987 10138
   988 10138
   989 10138
   990 10138
   991 10138
   992 10138
   993 10138
   994 10138
   995 10138
   996 10138
   997 10138
   998 10138
   999 10138
  1000 10138
  1001 10138
  1002 10138
  1003 10138
  1004 10138
  1005 10138
  1006 10138
  1007 10138
  1008 10138
  1009 10138
  1010 10138
  1011 10138
  1012 10138
  1013 10138
  1014 10138
  1015 10138
  1016 10138
  1017 10138
  1018 10101
  1019 10101
  1020 10101
  1021 10101
  1022 10101
  1023 10101
  1024 10101
  1025 10067
  1026 10067
  1027 10062
  1028 10062
  1029 10062
  1030 10062
  1031 10062
  1032 10141
  1036 10062
  1038 10062
  1039 10062
  1042 10062
  1043 10062
  1044 10062
  1045 10062
  1046 10062
  1047 10062
  1048 10062
  1049 10062
  1050 10062
  1051 10062
  1052 10062
  1053 10062
  1054 10062
  1055 10062
  1056 10062
  1057 10062
  1058 10062
  1059 10062
  1060 10062
  1061 10062
  1062 10062
  1063 10062
  1064 10062
  1065 10062
  1066 10062
  1067 10062
  1068 10062
  1069 10062
  1070 10062
  1071 10062
  1072 10062
  1073 10062
  1074 10062
  1075 10062
  1076 10062
  1077 10062
  1078 10062
  1079 10062
  1080 10062
  1081 10062
  1082 10062
  1083 10062
  1084 10062
  1085 10062
  1086 10062
  1087 10062
  1088 10062
  1089 10062
  1090 10062
  1091 10062
  1092 10062
  1093 10062
  1094 10062
  1095 10062
  1096 10062
  1097 10062
  1098 10062
  1099 10062
  1100 10062
  1101 10062
  1102 10062
  1103 10062
  1104 10062
  1105 10062
  1106 10062
  1107 10062
  1108 10062
  1109 10062
  1110 10062
  1111 10062
  1112 10062
  1113 10062
  1114 10062
  1115 10062
  1116 10062
  1117 10062
  1118 10062
  1119 10062
  1120 10062
  1121 10062
  1122 10062
  1123 10062
  1124 10062
  1125 10062
  1126 10062
  1127 10062
  1128 10062
  1129 10062
  1130 10062
  1131 10062
  1132 10062
  1133 10062
  1134 10062
  1135 10062
  1136 10062
  1137 10062
  1138 10062
  1139 10062
  1140 10062
  1141 10062
  1142 10062
  1143 10062
  1144 10062
  1145 10062
  1146 10062
  1147 10062
  1148 10062
  1149 10062
  1150 10062
  1151 10062
  1152 10062
  1153 10062
  1154 10062
  1155 10062
  1156 10062
  1157 10062
  1158 10062
  1159 10062
  1160 10062
  1161 10062
  1162 10062
  1163 10062
  1164 10062
  1165 10062
  1166 10062
  1167 10062
  1168 10062
  1169 10062
  1170 10062
  1171 10062
  1172 10062
  1173 10062
  1174 10062
  1175 10062
  1176 10062
  1177 10062
  1178 10062
  1179 10062
  1180 10062
  1181 10062
  1182 10062
  1183 10062
  1184 10062
  1185 10062
  1186 10062
  1187 10062
  1188 10062
  1189 10062
  1190 10062
  1191 10062
  1192 10062
  1193 10062
  1194 10062
  1195 10062
  1196 10062
  1197 10062
  1198 10062
  1199 10062
  1200 10062
  1201 10062
  1202 10062
  1203 10062
  1204 10062
  1205 10062
  1206 10062
  1207 10062
  1209 10062
  1210 10062
  1211 10062
  1212 10062
  1213 10062
  1214 10080
  1215 10080
  1216 10080
  1219 10062
  1220 10062
  1221 10062
  1222 10062
  1223 10062
  1224 10062
  1228 10062
  1229 10062
  1230 10062
  1231 10062
  1232 10062
  1233 10061
  1234 10061
  1235 10076
  1236 10076
  1237 10076
  1238 10076
  1239 10076
  1240 10055
  1241 10173
  1242 10173
  1243 10173
  1244 10156
  1245 10154
  1246 10154
  1247 10154
  1248 10016
  1249 10016
  1250 10016
  1251 10016
  1252 10014
  1253 10016
  1254 10016
  1255 10014
  1256 10014
  1257 10014
  1258 10014
  1259 10014
  1260 10016
  1261 10154
  1262 10074
  1263 10124
  1264 10081
  1265 10081
  1266 10074
  1267 10074
  1268 10074
  1269 10074
  1270 10074
  1271 10074
  1272 10074
  1273 10074
  1274 10074
  1275 10074
  1276 10074
  1277 10074
  1278 10074
  1279 10074
  1280 10074
  1281 10074
  1282 10074
  1283 10074
  1284 10074
  1285 10074
  1286 10074
  1287 10074
  1288 10074
  1289 10074
  1290 10074
  1291 10074
  1292 10074
  1293 10074
  1294 10074
  1295 10074
  1296 10074
  1297 10074
  1298 10074
  1299 10074
  1300 10074
  1301 10074
  1302 10074
  1303 10074
  1304 10074
  1305 10074
  1306 10074
  1307 10074
  1308 10074
  1309 10074
  1310 10074
  1311 10074
  1312 10074
  1313 10074
  1314 10074
  1315 10074
  1316 10074
  1317 10074
  1318 10074
  1319 10074
  1320 10074
  1321 10074
  1322 10074
  1323 10074
  1324 10074
  1325 10074
  1326 10074
  1327 10074
  1328 10074
  1329 10074
  1330 10074
  1331 10074
  1332 10074
  1333 10074
  1334 10074
  1335 10074
  1336 10074
  1337 10074
  1338 10074
  1339 10074
  1340 10074
  1341 10074
  1342 10074
  1343 10074
  1344 10074
  1345 10074
  1346 10074
  1347 10074
  1348 10074
  1349 10074
  1350 10074
  1351 10074
  1352 10074
  1353 10074
  1354 10074
  1355 10074
  1356 10074
  1357 10074
  1358 10074
  1359 10074
  1360 10074
  1361 10074
  1362 10074
  1363 10074
  1364 10074
  1365 10074
  1366 10074
  1367 10074
  1368 10074
  1369 10074
  1370 10074
  1371 10074
  1372 10074
  1373 10074
  1374 10074
  1375 10074
  1376 10074
  1377 10074
  1378 10074
  1379 10074
  1380 10074
  1381 10074
  1382 10074
  1383 10074
  1384 10074
  1385 10074
  1386 10074
  1387 10074
  1388 10074
  1389 10074
  1390 10074
  1391 10074
  1392 10074
  1393 10074
  1394 10074
  1395 10074
  1396 10074
  1397 10074
  1398 10074
  1399 10074
  1400 10074
  1401 10074
  1402 10074
  1403 10074
  1404 10074
  1405 10074
  1406 10074
  1407 10074
  1408 10074
  1409 10074
  1410 10074
  1411 10074
  1412 10074
  1413 10074
  1414 10074
  1415 10074
  1416 10074
  1417 10074
  1418 10074
  1419 10074
  1420 10074
  1421 10074
  1422 10074
  1423 10074
  1424 10074
  1425 10074
  1426 10074
  1427 10074
  1428 10074
  1429 10074
  1430 10074
  1431 10074
  1432 10074
  1433 10074
  1434 10074
  1435 10074
  1436 10074
  1437 10074
  1438 10074
  1439 10074
  1440 10074
  1441 10074
  1442 10074
  1443 10074
  1444 10074
  1445 10074
  1446 10074
  1447 10074
  1448 10074
  1449 10074
  1450 10074
  1451 10074
  1452 10074
  1453 10074
  1454 10074
  1455 10074
  1456 10074
  1457 10074
  1458 10074
  1459 10074
  1460 10074
  1461 10074
  1462 10074
  1463 10074
  1464 10074
  1465 10074
  1466 10074
  1467 10074
  1468 10074
  1469 10074
  1470 10074
  1471 10074
  1472 10074
  1473 10074
  1474 10074
  1475 10074
  1476 10074
  1477 10074
  1478 10074
  1479 10074
  1480 10074
  1481 10074
  1482 10074
  1483 10074
  1484 10074
  1485 10074
  1486 10074
  1487 10074
  1488 10074
  1489 10074
  1490 10074
  1491 10074
  1492 10074
  1493 10074
  1494 10074
  1495 10074
  1496 10074
  1497 10130
  1498 10085
  1501 10141
  1502 10101
  1503 10065
  1504 10065
  1505 10055
  1506 10141
  1508 10076
  1515 10132
  1516 10132
  1517 10158
  1518 10132
  1519 10144
  1520 10144
  1522 10101
  1523 10101
  1524 10101
  1525 10101
  1526 10101
  1528 10144
  1529 10010
  1530 10010
  1531 10010
  1532 10132
  1533 10132
  1534 10144
  1535 10132
  1536 10144
  1537 10141
  1538 10141
  1539 10141
  1540 10141
  1542 10169
  1543 10169
  1544 10169
  1545 10101
  1546 10101
  1547 10101
  1552 10101
  1553 10141
  1556 10132
  1557 10141
  1558 10141
  1559 10101
  1560 10101
  1561 10141
  1562 10132
  1563 10138
  1564 10132
  1565 10132
  1566 10132
  1567 10132
  1568 10132
  1569 10132
  1570 10141
  1572 10141
  1573 10020
  1576 10088
  1577 10141
  1578 10141
  1579 10101
  1580 10101
  1586 10138
  1587 10159
  1588 10159
  1589 10159
  1590 10159
  1591 10159
  1597 10132
  1598 10132
  1603 10091
  1604 10091
  1605 10091
  1607 10019
  1608 10019
  1609 10019
  1610 10019
  1611 10019
  1612 10019
  1613 10019
  1614 10034
  1615 10152
  1616 10152
  1617 10152
  1618 10152
  1619 10152
  1620 10152
  1621 10152
  1622 10152
  1623 10152
  1624 10033
  1625 10033
  1626 10034
  1627 10152
  1628 10152
  1629 10152
  1630 10152
  1631 10152
  1632 10034
  1633 10152
  1634 10152
  1635 10152
  1636 10152
  1637 10152
  1638 10152
  1639 10152
  1640 10152
  1641 10152
  1642 10152
  1643 10152
  1644 10152
  1645 10152
  1646 10152
  1647 10152
  1648 10152
  1649 10152
  1650 10152
  1651 10152
  1652 10152
  1653 10152
  1654 10152
  1655 10152
  1656 10152
  1657 10152
  1658 10152
  1659 10152
  1660 10152
  1661 10152
  1662 10152
  1663 10152
  1664 10152
  1665 10034
  1666 10152
  1667 10152
  1668 10152
  1669 10152
  1670 10152
  1671 10152
  1672 10033
  1673 10152
  1674 10152
  1675 10152
  1676 10152
  1677 10034
  1678 10152
  1679 10152
  1680 10152
  1681 10034
  1682 10034
  1683 10152
  1684 10152
  1685 10152
  1686 10152
  1687 10152
  1688 10152
  1689 10152
  1690 10152
  1691 10152
  1692 10152
  1693 10152
  1694 10152
  1695 10152
  1696 10034
  1697 10152
  1698 10152
  1699 10152
  1700 10152
  1701 10152
  1702 10152
  1703 10152
  1704 10152
  1705 10152
  1706 10152
  1707 10152
  1708 10152
  1709 10152
  1710 10152
  1711 10152
  1712 10152
  1713 10034
  1714 10152
  1715 10152
  1716 10152
  1717 10152
  1718 10152
  1719 10152
  1720 10152
  1721 10152
  1722 10152
  1723 10152
  1724 10152
  1725 10152
  1726 10152
  1727 10152
  1728 10152
  1729 10034
  1730 10034
  1731 10034
  1732 10034
  1733 10034
  1734 10034
  1735 10034
  1736 10034
  1737 10034
  1738 10152
  1739 10152
  1740 10152
  1741 10152
  1742 10152
  1743 10152
  1744 10152
  1745 10034
  1746 10152
  1747 10152
  1748 10152
  1749 10034
  1750 10152
  1751 10152
  1752 10152
  1753 10152
  1754 10152
  1755 10152
  1756 10152
  1757 10152
  1758 10152
  1759 10152
  1760 10152
  1761 10152
  1762 10152
  1763 10152
  1768 10141
  1770 10040
  1771 10106
  1772 10076
  1773 10040
  1774 10055
  1775 10076
  1776 10061
  1777 10061
  1778 10061
  1779 10061
  1780 10091
  1781 10091
  1782 10091
  1783 10045
  1784 10151
  1785 10152
  1786 10152
  1787 10152
  1788 10152
  1789 10152
  1790 10152
  1791 10152
  1792 10034
  1793 10152
  1794 10034
  1799 10152
  1800 10152
  1801 10034
  1802 10152
  1803 10152
  1804 10152
  1805 10152
  1806 10034
  1807 10034
  1808 10034
  1809 10034
  1810 10152
  1811 10034
  1812 10152
  1813 10034
  1814 10152
  1815 10034
  1816 10034
  1817 10034
  1818 10034
  1819 10034
  1820 10034
  1821 10034
  1822 10152
  1823 10152
  1824 10152
  1825 10152
  1826 10152
  1827 10152
  1828 10034
  1829 10152
  1830 10034
  1831 10034
  1832 10034
  1833 10034
  1834 10034
  1835 10034
  1836 10152
  1837 10152
  1838 10034
  1839 10034
  1840 10034
  1841 10152
  1842 10034
  1843 10152
  1844 10152
  1845 10152
  1846 10152
  1847 10152
  1848 10152
  1849 10152
  1850 10152
  1851 10152
  1852 10152
  1853 10152
  1866 10132
  1867 10132
  1868 10132
  1869 10132
  1870 10132
  1871 10132
  1872 10132
  1873 10132
  1874 10132
  1875 10132
  1876 10132
  1877 10132
  1878 10132
  1879 10132
  1880 10132
  1881 10132
  1882 10132
  1883 10132
  1884 10132
  1885 10132
  1886 10132
  1887 10132
  1888 10132
  1889 10132
  1890 10132
  1891 10132
  1892 10132
  1893 10132
  1894 10132
  1895 10132
  1896 10132
  1897 10132
  1898 10132
  1899 10132
  1900 10132
  1901 10132
  1902 10132
  1903 10132
  1904 10132
  1905 10132
  1906 10132
  1907 10132
  1908 10132
  1909 10132
  1910 10132
  1911 10132
  1912 10132
  1913 10132
  1914 10132
  1915 10132
  1916 10132
  1917 10132
  1918 10132
  1919 10132
  1920 10132
  1921 10132
  1922 10132
  1923 10132
  1924 10132
  1925 10132
  1926 10132
  1927 10132
  1928 10132
  1929 10132
  1930 10132
  1931 10132
  1932 10132
  1933 10132
  1934 10132
  1935 10132
  1936 10132
  1937 10132
  1938 10132
  1939 10132
  1940 10132
  1941 10132
  1944 10132
  1945 10132
  1946 10132
  1947 10132
  1948 10132
  1949 10132
  1950 10132
  1951 10132
  1952 10132
  1953 10132
  1954 10132
  1955 10132
  1956 10132
  1957 10132
  1958 10132
  1959 10132
  1960 10132
  1961 10132
  1962 10132
  1963 10132
  1964 10132
  1965 10132
  1966 10132
  1967 10132
  1968 10132
  1969 10132
  1970 10132
  1971 10132
  1972 10132
  1973 10132
  1974 10132
  1975 10132
  1976 10132
  1977 10132
  1978 10132
  1979 10132
  1980 10132
  1981 10132
  1982 10132
  1983 10132
  1984 10132
  1985 10132
  1986 10132
  1987 10132
  1988 10132
  1989 10132
  1990 10132
  1991 10132
  1992 10132
  1993 10132
  1994 10132
  1995 10132
  1996 10132
  1997 10132
  1998 10132
  1999 10132
  2000 10132
  2001 10132
  2002 10132
  2003 10132
  2004 10132
  2005 10132
  2006 10132
  2007 10132
  2008 10132
  2009 10132
  2010 10132
  2011 10132
  2012 10132
  2013 10132
  2014 10132
  2015 10132
  2016 10132
  2017 10132
  2018 10132
  2019 10132
  2020 10132
  2021 10132
  2022 10132
  2023 10132
  2027 10074
  2028 10074
  2030 10138
  2031 10101
  2032 10138
  2033 10138
