   702 10131
   703 10131
   704 10131
   705 10131
   706 10131
   707 10131
   708 10131
   709 10131
   710 10131
   711 10131
   712 10131
   713 10131
   714 10131
   715 10131
   716 10131
   717 10131
   718 10131
   719 10131
   720 10131
   721 10131
   722 10131
   723 10131
   724 10131
   725 10131
   726 10131
   727 10131
   728 10131
   729 10131
   730 10131
   731 10131
   732 10131
   733 10131
   734 10131
   735 10131
   736 10131
   737 10131
   738 10131
   739 10131
   740 10131
   741 10131
   742 10131
   743 10131
   744 10131
   745 10131
   746 10131
   747 10131
   748 10131
   749 10131
   750 10131
   751 10131
   752 10131
   753 10131
   754 10131
   755 10131
   756 10131
   757 10131
   758 10131
   759 10131
   760 10131
   761 10131
   762 10131
   763 10131
   764 10131
   765 10131
   766 10131
   767 10131
   768 10131
   769 10131
   770 10131
   771 10131
   772 10131
   773 10131
   774 10131
   775 10131
   776 10131
   777 10131
   778 10131
   779 10131
   780 10131
   781 10131
   782 10025
   783 10025
   784 10044
   785 10044
   786 10044
   787 10044
   788 10044
   789 10044
   790 10044
   791 10044
   792 10044
   793 10044
   794 10044
   795 10044
   796 10044
   797 10044
   798 10044
   799 10044
   800 10044
   801 10044
   802 10044
   803 10044
   804 10044
   805 10044
   806 10044
   807 10044
   808 10044
   809 10044
   810 10044
   811 10044
   812 10044
   813 10044
   814 10044
   815 10044
   816 10044
   817 10044
   818 10044
   819 10044
   820 10044
   821 10044
   822 10044
   823 10044
   824 10044
   825 10044
   826 10044
   827 10044
   828 10044
   829 10044
   830 10044
   831 10044
   832 10044
   833 10044
   834 10044
   835 10044
   836 10044
   837 10044
   838 10044
   839 10044
   840 10044
   844 10044
   864 10044
   865 10044
   869 10044
   870 10044
   871 10044
   889 10044
   890 10044
   891 10044
   892 10044
   893 10044
   894 10044
   895 10044
   896 10044
   897 10044
   898 10044
   899 10044
   900 10044
   901 10044
   902 10044
   903 10044
   904 10044
   905 10044
   906 10044
   907 10044
   908 10044
   909 10044
   910 10044
   911 10044
   912 10044
   913 10044
   914 10044
   915 10044
   916 10044
   917 10044
   918 10044
   919 10044
   920 10044
   921 10044
   922 10044
   923 10044
   924 10044
   925 10044
   926 10044
   927 10044
   928 10044
   929 10044
   930 10044
   931 10044
   932 10044
   933 10044
   934 10044
   935 10044
   936 10044
   937 10044
   938 10044
   939 10044
   940 10044
   941 10044
   942 10044
   943 10044
   944 10044
   945 10044
   946 10044
   947 10044
   948 10044
   949 10044
   950 10044
   951 10044
   952 10044
   953 10044
   954 10044
   956 10044
   957 10044
   958 10044
   959 10044
   960 10044
   961 10044
   962 10044
   963 10044
   964 10044
   965 10044
   966 10044
   967 10044
   968 10044
   969 10044
   970 10044
   971 10044
   972 10044
   973 10044
   974 10044
   975 10044
   976 10044
   977 10044
   978 10044
   979 10044
   980 10044
   981 10044
   982 10044
   983 10044
   984 10044
   985 10044
   986 10044
   987 10044
   988 10044
   989 10044
   990 10044
   991 10044
   992 10044
   993 10044
   994 10044
   995 10044
   996 10044
   997 10044
   998 10044
   999 10044
  1000 10044
  1001 10044
  1002 10044
  1003 10025
  1004 10044
  1005 10044
  1006 10044
  1007 10044
  1008 10044
  1009 10044
  1010 10044
  1011 10044
  1012 10044
  1013 10044
  1014 10044
  1015 10044
  1016 10044
  1017 10044
  1018 10044
  1019 10044
  1020 10025
  1026 10029
  1027 10029
  1028 10029
  1029 10029
  1030 10029
  1031 10029
  1032 10029
  1033 10029
  1034 10029
  1035 10029
  1036 10029
  1037 10029
  1038 10029
  1039 10029
  1040 10029
  1041 10029
  1042 10029
  1043 10029
  1044 10029
  1045 10029
  1046 10029
  1047 10029
  1048 10029
  1049 10029
  1050 10029
  1051 10029
  1053 10029
  1054 10029
  1055 10029
  1056 10029
  1057 10029
  1058 10029
  1059 10029
  1060 10029
  1064 10029
  1065 10029
  1066 10029
  1067 10029
  1068 10029
  1069 10029
  1070 10029
  1071 10029
  1072 10029
  1073 10029
  1074 10029
  1075 10029
  1076 10029
  1077 10029
  1078 10029
  1079 10029
  1080 10029
  1081 10029
  1082 10029
  1083 10029
  1084 10029
  1085 10029
  1086 10029
  1087 10029
  1088 10029
  1089 10029
  1090 10029
  1091 10029
  1092 10029
  1093 10029
  1094 10029
  1095 10029
  1096 10029
  1097 10029
  1098 10029
  1099 10029
  1100 10029
  1101 10029
  1102 10029
  1103 10029
  1104 10029
  1105 10029
  1106 10029
  1107 10029
  1108 10029
  1109 10029
  1110 10029
  1111 10029
  1112 10029
  1113 10029
  1114 10029
  1115 10029
  1116 10029
  1117 10029
  1118 10029
  1119 10029
  1120 10029
  1121 10029
  1122 10029
  1123 10029
  1124 10029
  1125 10029
  1126 10029
  1127 10029
  1128 10029
  1129 10029
  1130 10029
  1131 10029
  1132 10029
  1133 10029
  1134 10029
  1135 10029
  1136 10029
  1137 10029
  1138 10029
  1139 10029
  1140 10029
  1141 10029
  1142 10029
  1143 10029
  1144 10029
  1145 10029
  1146 10029
  1147 10029
  1148 10029
  1149 10029
  1150 10029
  1151 10029
  1152 10029
  1153 10029
  1154 10029
  1155 10010
  1156 10029
  1157 10029
  1158 10029
  1159 10029
  1160 10029
  1161 10029
  1162 10029
  1163 10029
  1164 10029
  1165 10029
  1166 10029
  1167 10029
  1168 10029
  1169 10029
  1170 10029
  1171 10029
  1172 10029
  1173 10029
  1174 10029
  1175 10029
  1176 10029
  1177 10029
  1178 10029
  1179 10029
  1180 10029
  1181 10029
  1182 10029
  1183 10029
  1184 10029
  1185 10029
  1186 10029
  1187 10029
  1188 10029
  1189 10029
  1190 10029
  1191 10029
  1192 10029
  1193 10029
  1194 10029
  1195 10029
  1196 10029
  1197 10029
  1198 10029
  1199 10029
  1200 10029
  1201 10029
  1202 10029
  1203 10029
  1204 10029
  1205 10029
  1206 10029
  1207 10029
  1208 10029
  1209 10029
  1210 10029
  1211 10029
  1212 10029
  1213 10029
  1214 10029
  1215 10029
  1216 10029
  1217 10029
  1218 10029
  1219 10029
  1220 10029
  1225 10029
  1226 10029
  1227 10029
  1228 10029
  1229 10029
  1230 10029
  1231 10029
  1232 10029
  1233 10029
  1234 10029
  1235 10029
  1236 10029
  1237 10029
  1238 10029
  1239 10029
  1240 10029
  1241 10029
  1242 10029
  1243 10029
  1244 10029
  1245 10029
  1246 10029
  1247 10029
  1248 10029
  1249 10029
  1250 10029
  1251 10029
  1252 10029
  1253 10029
  1254 10029
  1255 10029
  1256 10029
  1257 10029
  1258 10029
  1260 10029
  1263 10009
  1264 10134
  1265 10134
  1266 10134
  1267 10134
  1268 10134
  1269 10134
  1270 10134
  1271 10134
  1272 10134
  1273 10134
  1274 10134
  1275 10134
  1276 10134
  1277 10134
  1278 10134
  1279 10134
  1280 10134
  1281 10134
  1282 10134
  1283 10134
  1284 10134
  1285 10134
  1286 10134
  1287 10134
  1288 10134
  1289 10134
  1290 10134
  1291 10134
  1292 10134
  1293 10134
  1294 10134
  1295 10134
  1296 10134
  1297 10134
  1298 10134
  1299 10134
  1300 10134
  1301 10134
  1302 10134
  1303 10134
  1304 10134
  1305 10134
  1306 10134
  1307 10134
  1308 10134
  1309 10134
  1310 10134
  1311 10134
  1312 10134
  1313 10134
  1314 10134
  1315 10134
  1316 10134
  1317 10134
  1318 10134
  1319 10134
  1320 10134
  1321 10134
  1322 10134
  1323 10134
  1324 10134
  1325 10134
  1326 10134
  1327 10134
  1328 10134
  1329 10134
  1330 10134
  1331 10134
  1332 10134
  1333 10134
  1334 10134
  1352 10134
  1353 10134
  1354 10134
  1355 10134
  1356 10134
  1357 10134
  1358 10134
  1359 10134
  1360 10134
  1361 10134
  1362 10134
  1363 10134
  1364 10134
  1365 10134
  1366 10134
  1367 10134
  1368 10134
  1369 10134
  1370 10134
  1371 10134
  1374 10134
  1375 10134
  1376 10134
  1377 10134
  1378 10134
  1379 10134
  1380 10134
  1381 10134
  1382 10134
  1383 10134
  1384 10134
  1385 10134
  1386 10134
  1387 10134
  1388 10134
  1389 10134
  1390 10134
  1391 10134
  1392 10134
  1393 10134
  1394 10134
  1395 10134
  1396 10134
  1397 10134
  1398 10134
  1399 10134
  1400 10134
  1401 10134
  1402 10134
  1403 10134
  1404 10134
  1405 10134
  1406 10134
  1407 10134
  1408 10134
  1409 10134
  1410 10134
  1411 10134
  1412 10134
  1413 10134
  1414 10134
  1415 10134
  1416 10134
  1417 10134
  1418 10134
  1419 10134
  1420 10134
  1421 10134
  1422 10134
  1423 10134
  1424 10134
  1425 10134
  1426 10134
  1427 10134
  1428 10134
  1429 10134
  1430 10134
  1431 10134
  1432 10134
  1433 10134
  1434 10134
  1435 10134
  1436 10134
  1437 10134
  1438 10134
  1439 10134
  1440 10134
  1441 10134
  1442 10134
  1443 10134
  1444 10134
  1445 10134
  1446 10134
  1447 10134
  1448 10134
  1449 10134
  1450 10134
  1451 10134
  1452 10134
  1453 10134
  1454 10134
  1455 10134
  1456 10134
  1457 10134
  1458 10134
  1459 10134
  1460 10134
  1461 10134
  1462 10134
  1463 10134
  1464 10134
  1465 10134
  1466 10134
  1467 10134
  1468 10134
  1469 10134
  1481 10134
  1482 10134
  1483 10134
  1484 10134
  1485 10134
  1486 10134
  1487 10134
  1488 10134
  1489 10134
  1490 10134
  1491 10134
  1492 10134
  1493 10134
  1494 10134
  1495 10134
  1496 10076
  1497 10076
  1498 10076
  1499 10018
  1500 10018
  1501 10018
  1502 10018
  1503 10158
  1504 10144
  1505 10144
  1506 10144
  1507 10144
  1508 10144
  1509 10144
  1510 10144
  1511 10144
  1512 10144
  1513 10144
  1514 10144
  1515 10144
  1516 10144
  1517 10144
  1518 10144
  1519 10144
  1520 10144
  1521 10144
  1522 10144
  1523 10144
  1524 10144
  1525 10144
  1526 10144
  1527 10144
  1528 10144
  1529 10010
  1530 10010
  1531 10010
  1532 10010
  1533 10010
  1534 10144
  1535 10144
  1536 10144
  1537 10020
  1538 10020
  1539 10144
  1540 10010
  1541 10144
  1542 10010
  1543 10144
  1544 10010
  1545 10010
  1546 10144
  1547 10144
  1548 10144
  1549 10144
  1550 10144
  1551 10010
  1552 10144
  1553 10144
  1554 10144
  1555 10144
  1556 10144
  1557 10144
  1558 10144
  1559 10144
  1560 10144
  1561 10144
  1562 10144
  1563 10010
  1565 10144
  1566 10144
  1567 10144
  1568 10010
  1569 10010
  1570 10010
  1571 10010
  1572 10010
  1573 10010
  1574 10144
  1575 10144
  1576 10144
  1577 10144
  1578 10010
  1579 10010
  1580 10144
  1581 10144
  1582 10144
  1586 10144
  1587 10144
  1588 10010
  1589 10144
  1590 10010
  1591 10144
  1592 10144
  1593 10144
  1594 10144
  1595 10144
  1596 10010
  1597 10144
  1598 10144
  1599 10144
  1600 10144
  1601 10010
  1602 10010
  1603 10010
  1604 10010
  1605 10010
  1606 10010
  1607 10010
  1608 10010
  1609 10010
  1610 10010
  1611 10076
  1612 10076
  1613 10076
  1614 10076
  1615 10076
  1618 10036
  1619 10036
  1620 10036
  1621 10016
  1622 10016
  1623 10016
  1624 10016
  1625 10081
  1626 10167
  1627 10167
  1628 10167
  1629 10167
  1630 10167
  1631 10167
  1632 10167
  1633 10167
  1634 10167
  1635 10167
  1636 10167
  1637 10167
  1638 10167
  1639 10167
  1640 10081
  1641 10167
  1642 10167
  1643 10167
  1644 10167
  1645 10167
  1646 10167
  1647 10167
  1648 10167
  1649 10167
  1650 10167
  1651 10167
  1652 10167
  1653 10167
  1654 10167
  1655 10167
  1656 10033
  1657 10167
  1658 10167
  1659 10167
  1660 10167
  1661 10167
  1662 10167
  1663 10167
  1664 10167
  1665 10033
  1666 10167
  1667 10167
  1668 10167
  1669 10167
  1670 10167
  1671 10167
  1672 10167
  1673 10167
  1674 10167
  1675 10167
  1676 10167
  1677 10167
  1678 10167
  1679 10167
  1680 10167
  1681 10167
  1682 10167
  1683 10167
  1684 10167
  1685 10167
  1686 10167
  1687 10167
  1688 10167
  1689 10167
  1690 10167
  1691 10167
  1692 10167
  1693 10167
  1694 10167
  1695 10167
  1696 10167
  1697 10167
  1698 10167
  1699 10167
  1700 10167
  1701 10167
  1702 10167
  1703 10167
  1704 10167
  1705 10167
  1706 10167
  1707 10167
  1708 10167
  1709 10167
  1710 10167
  1711 10167
  1712 10167
  1713 10167
  1714 10167
  1715 10167
  1716 10167
  1717 10167
  1718 10167
  1719 10167
  1720 10167
  1721 10167
  1722 10167
  1723 10153
  1729 10167
  1730 10167
  1731 10167
  1732 10167
  1733 10167
  1734 10167
  1735 10167
  1736 10167
  1737 10167
  1738 10167
  1739 10167
  1740 10167
  1741 10167
  1742 10167
  1743 10167
  1744 10167
  1745 10167
  1746 10167
  1747 10167
  1748 10167
  1749 10167
  1750 10167
  1751 10167
  1752 10167
  1753 10167
  1754 10167
  1755 10167
  1756 10167
  1757 10167
  1758 10167
  1759 10167
  1760 10167
  1761 10167
  1762 10167
  1763 10167
  1764 10167
  1765 10167
  1766 10167
  1767 10167
  1768 10167
  1769 10167
  1770 10167
  1771 10167
  1772 10167
  1773 10167
  1774 10167
  1775 10167
  1776 10081
  1777 10167
  1778 10167
  1779 10167
  1780 10167
  1781 10167
  1782 10167
  1783 10167
  1784 10167
  1785 10167
  1786 10167
  1787 10167
  1788 10167
  1789 10167
  1790 10167
  1791 10167
  1792 10167
  1793 10167
  1794 10167
  1795 10167
  1796 10167
  1797 10167
  1798 10167
  1799 10167
  1800 10167
  1801 10167
  1802 10167
  1803 10167
  1804 10167
  1805 10167
  1806 10167
  1807 10167
  1808 10167
  1809 10167
  1810 10167
  1811 10167
  1812 10167
  1813 10167
  1814 10167
  1815 10167
  1816 10167
  1817 10167
  1818 10167
  1819 10167
  1820 10167
  1821 10167
  1822 10167
  1823 10167
  1824 10167
  1825 10167
  1826 10167
  1827 10167
  1828 10167
  1829 10167
  1830 10167
  1831 10167
  1832 10167
  1833 10167
  1834 10167
  1835 10167
  1836 10167
  1837 10167
  1838 10167
  1839 10167
  1840 10167
  1841 10167
  1842 10167
  1843 10167
  1844 10167
  1845 10167
  1846 10167
  1847 10167
  1848 10167
  1849 10167
  1850 10167
  1851 10167
  1852 10167
  1853 10167
  1854 10167
  1855 10167
  1856 10167
  1857 10167
  1858 10167
  1859 10143
  1860 10143
  1861 10143
  1866 10110
  1867 10132
  1868 10132
  1869 10132
  1870 10132
  1871 10132
  1872 10132
  1873 10132
  1874 10132
  1875 10132
  1876 10132
  1877 10132
  1878 10132
  1879 10132
  1880 10132
  1881 10132
  1882 10132
  1883 10132
  1884 10132
  1885 10132
  1886 10132
  1887 10132
  1888 10132
  1889 10132
  1890 10132
  1891 10132
  1892 10132
  1893 10132
  1894 10132
  1895 10132
  1896 10132
  1897 10132
  1898 10132
  1899 10132
  1900 10132
  1901 10132
  1902 10132
  1903 10132
  1904 10132
  1905 10132
  1906 10132
  1907 10132
  1908 10132
  1909 10132
  1910 10132
  1911 10132
  1912 10132
  1927 10132
  1928 10132
  1929 10132
  1930 10132
  1931 10132
  1932 10132
  1933 10132
  1934 10132
  1935 10132
  1936 10132
  1937 10132
  1938 10132
  1939 10132
  1940 10132
  1941 10132
  1942 10132
  1943 10132
  1944 10132
  1945 10132
  1946 10132
  1947 10132
  1948 10132
  1949 10132
  1950 10132
  1951 10132
  1952 10132
  1953 10132
  1954 10132
  1955 10132
  1956 10132
  1957 10132
  1958 10132
  1959 10132
  1960 10132
  1961 10132
  1962 10132
  1963 10132
  1964 10132
  1965 10132
  1966 10132
  1967 10132
  1968 10132
  1969 10132
  1970 10132
  1971 10132
  1972 10132
  1973 10132
  1974 10132
  1975 10132
  1976 10132
  1977 10132
  1978 10132
  1979 10132
  1980 10132
  1981 10132
  1982 10132
  1983 10132
  1984 10132
  1985 10132
  1986 10132
  1987 10132
  1988 10132
  1989 10132
  2003 10132
  2004 10132
  2005 10132
  2006 10132
  2007 10132
  2008 10132
  2009 10132
  2010 10132
  2011 10132
  2012 10132
  2013 10132
  2014 10132
  2015 10132
  2016 10132
  2017 10132
  2018 10132
  2019 10132
  2020 10132
  2021 10132
  2022 10132
  2023 10131
  2024 10131
  2025 10131
