   707 10035
   708 10035
   709 10035
   710 10035
   711 10035
   712 10035
   713 10035
   714 10035
   715 10035
   716 10035
   717 10035
   718 10035
   719 10035
   720 10035
   721 10035
   722 10035
   723 10045
   724 10035
   725 10035
   726 10035
   727 10035
   728 10035
   729 10035
   730 10035
   731 10035
   732 10035
   733 10035
   734 10035
   735 10035
   736 10035
   737 10035
   738 10035
   739 10035
   740 10035
   741 10035
   742 10035
   743 10035
   744 10035
   745 10035
   746 10035
   747 10035
   748 10035
   749 10035
   750 10035
   751 10035
   752 10035
   753 10035
   754 10035
   755 10035
   756 10035
   757 10035
   758 10035
   759 10035
   760 10035
   761 10035
   762 10035
   763 10035
   764 10035
   765 10035
   766 10035
   767 10035
   768 10035
   769 10035
   770 10035
   771 10035
   772 10035
   773 10035
   774 10035
   775 10035
   776 10035
   777 10035
   778 10002
   779 10002
   780 10002
   781 10002
   782 10002
   783 10057
   784 10057
   785 10057
   786 10057
   787 10002
   788 10002
   789 10002
   790 10002
   791 10002
   792 10002
   793 10002
   794 10002
   795 10002
   796 10002
   797 10002
   798 10002
   799 10002
   800 10002
   801 10002
   802 10002
   803 10002
   804 10002
   805 10002
   806 10002
   807 10002
   808 10002
   809 10002
   810 10002
   811 10002
   812 10002
   813 10002
   814 10002
   815 10002
   816 10002
   817 10002
   818 10002
   819 10002
   820 10002
   821 10002
   822 10002
   823 10002
   824 10002
   825 10002
   826 10002
   827 10002
   828 10002
   829 10002
   830 10002
   831 10002
   832 10002
   833 10002
   834 10002
   835 10002
   836 10002
   837 10002
   838 10002
   839 10002
   840 10002
   841 10002
   842 10002
   843 10002
   844 10002
   845 10002
   846 10002
   847 10002
   848 10002
   849 10002
   850 10002
   851 10002
   852 10002
   853 10002
   854 10002
   855 10002
   856 10002
   857 10002
   858 10002
   859 10002
   860 10002
   861 10002
   862 10002
   863 10002
   864 10002
   865 10002
   866 10002
   867 10002
   868 10002
   869 10002
   870 10002
   871 10002
   872 10002
   873 10002
   874 10002
   875 10002
   876 10002
   877 10002
   878 10002
   879 10002
   880 10002
   881 10002
   882 10002
   883 10002
   884 10002
   885 10002
   886 10002
   887 10002
   888 10002
   889 10002
   890 10002
   891 10002
   892 10002
   893 10002
   894 10002
   895 10002
   896 10002
   897 10002
   898 10002
   899 10002
   900 10002
   901 10002
   902 10002
   903 10002
   904 10002
   905 10002
   906 10002
   907 10002
   908 10002
   909 10002
   910 10002
   911 10002
   912 10002
   913 10002
   914 10002
   915 10002
   916 10002
   917 10002
   918 10002
   919 10002
   920 10002
   921 10002
   922 10002
   923 10002
   924 10002
   925 10002
   926 10002
   927 10002
   928 10002
   929 10002
   930 10002
   931 10002
   932 10002
   933 10002
   934 10002
   935 10002
   936 10002
   937 10002
   938 10002
   939 10002
   940 10002
   941 10002
   942 10002
   943 10002
   944 10002
   945 10002
   946 10002
   947 10002
   948 10002
   949 10002
   950 10002
   951 10002
   952 10002
   953 10002
   954 10002
   955 10002
   956 10002
   957 10002
   958 10002
   959 10002
   960 10002
   961 10002
   962 10002
   963 10002
   964 10002
   965 10002
   966 10002
   967 10002
   968 10002
   969 10002
   970 10002
   971 10002
   972 10002
   973 10002
   974 10002
   975 10002
   976 10002
   977 10002
   978 10002
   979 10002
   980 10002
   981 10002
   982 10002
   983 10002
   984 10002
   985 10002
   986 10002
   987 10002
   988 10002
   989 10002
   990 10002
   991 10002
   992 10002
   993 10002
   994 10002
   995 10002
   996 10002
   997 10002
   998 10002
   999 10002
  1000 10002
  1001 10002
  1002 10002
  1003 10002
  1004 10002
  1005 10002
  1006 10002
  1007 10002
  1008 10002
  1009 10002
  1010 10002
  1011 10002
  1012 10002
  1013 10002
  1014 10002
  1024 10122
  1025 10029
  1026 10122
  1027 10122
  1028 10122
  1029 10122
  1030 10122
  1031 10122
  1032 10122
  1033 10122
  1034 10122
  1035 10122
  1036 10122
  1037 10122
  1038 10122
  1039 10122
  1040 10122
  1041 10122
  1042 10122
  1043 10122
  1044 10122
  1045 10122
  1046 10122
  1047 10122
  1048 10122
  1049 10122
  1050 10122
  1051 10122
  1052 10122
  1053 10122
  1054 10122
  1055 10122
  1056 10122
  1057 10122
  1058 10122
  1059 10122
  1060 10122
  1061 10122
  1062 10122
  1063 10122
  1064 10122
  1065 10122
  1066 10122
  1067 10122
  1068 10122
  1069 10122
  1070 10122
  1071 10122
  1072 10122
  1073 10122
  1074 10122
  1075 10122
  1076 10122
  1077 10122
  1078 10122
  1079 10122
  1080 10122
  1081 10122
  1082 10122
  1083 10122
  1084 10122
  1085 10122
  1086 10122
  1087 10122
  1088 10122
  1089 10122
  1090 10122
  1091 10122
  1092 10122
  1093 10122
  1094 10122
  1095 10122
  1096 10122
  1097 10122
  1098 10122
  1099 10122
  1100 10122
  1101 10122
  1102 10122
  1103 10122
  1104 10122
  1105 10122
  1106 10122
  1107 10122
  1108 10122
  1109 10122
  1110 10122
  1111 10122
  1112 10122
  1113 10122
  1114 10122
  1115 10122
  1116 10122
  1117 10122
  1118 10122
  1119 10122
  1120 10122
  1121 10122
  1122 10122
  1123 10122
  1124 10122
  1125 10122
  1126 10122
  1127 10122
  1128 10122
  1129 10122
  1130 10122
  1131 10122
  1132 10122
  1133 10122
  1134 10122
  1135 10122
  1136 10122
  1137 10122
  1138 10122
  1139 10122
  1140 10122
  1141 10122
  1142 10122
  1143 10122
  1144 10122
  1145 10122
  1146 10122
  1147 10122
  1148 10122
  1149 10122
  1150 10122
  1151 10122
  1152 10122
  1153 10122
  1154 10122
  1155 10122
  1156 10122
  1157 10122
  1158 10122
  1159 10122
  1160 10122
  1161 10122
  1162 10122
  1163 10122
  1164 10122
  1165 10122
  1166 10122
  1167 10122
  1168 10122
  1169 10122
  1170 10122
  1171 10122
  1172 10122
  1173 10122
  1174 10122
  1175 10122
  1176 10122
  1177 10122
  1178 10122
  1179 10122
  1180 10122
  1181 10122
  1182 10122
  1183 10122
  1184 10122
  1185 10122
  1186 10122
  1187 10122
  1188 10122
  1189 10122
  1190 10122
  1191 10122
  1192 10122
  1193 10122
  1194 10122
  1195 10122
  1196 10122
  1197 10122
  1198 10122
  1199 10122
  1200 10122
  1201 10122
  1202 10122
  1203 10122
  1204 10122
  1205 10122
  1206 10122
  1207 10122
  1208 10122
  1209 10122
  1210 10122
  1211 10122
  1212 10122
  1213 10122
  1214 10122
  1215 10122
  1216 10122
  1217 10122
  1218 10122
  1219 10122
  1220 10122
  1221 10122
  1222 10122
  1223 10122
  1224 10122
  1225 10122
  1226 10122
  1227 10122
  1228 10122
  1229 10122
  1230 10122
  1231 10122
  1232 10122
  1233 10122
  1234 10122
  1235 10122
  1236 10122
  1237 10122
  1238 10122
  1239 10122
  1240 10122
  1241 10122
  1242 10122
  1243 10122
  1244 10122
  1245 10122
  1246 10122
  1247 10122
  1248 10122
  1249 10122
  1250 10122
  1251 10122
  1252 10122
  1253 10122
  1254 10122
  1255 10122
  1256 10122
  1257 10122
  1258 10122
  1261 10154
  1262 10154
  1263 10154
  1264 10014
  1265 10014
  1266 10154
  1267 10095
  1268 10154
  1269 10154
  1270 10154
  1271 10154
  1272 10154
  1273 10154
  1275 10018
  1276 10076
  1281 10061
  1282 10141
  1283 10141
  1284 10141
  1285 10141
  1286 10141
  1287 10055
  1288 10055
  1289 10018
  1290 10055
  1291 10040
  1292 10018
  1293 10040
  1294 10040
  1295 10106
  1296 10040
  1297 10040
  1298 10040
  1299 10040
  1300 10040
  1301 10040
  1302 10040
  1303 10040
  1304 10040
  1305 10040
  1306 10040
  1307 10040
  1308 10040
  1309 10040
  1310 10018
  1311 10018
  1312 10018
  1313 10040
  1314 10040
  1315 10040
  1316 10040
  1317 10040
  1318 10040
  1319 10040
  1320 10040
  1321 10040
  1322 10040
  1323 10040
  1324 10040
  1325 10040
  1326 10040
  1327 10040
  1328 10040
  1329 10040
  1330 10040
  1331 10040
  1332 10040
  1333 10040
  1334 10040
  1335 10040
  1336 10040
  1337 10040
  1338 10040
  1339 10040
  1340 10040
  1341 10040
  1342 10040
  1343 10040
  1344 10040
  1345 10040
  1346 10055
  1347 10040
  1348 10154
  1349 10016
  1350 10016
  1351 10016
  1352 10016
  1353 10016
  1354 10016
  1355 10016
  1356 10016
  1357 10016
  1358 10016
  1359 10016
  1360 10143
  1361 10143
  1362 10143
  1363 10016
  1364 10016
  1365 10016
  1366 10016
  1367 10016
  1368 10016
  1369 10016
  1370 10016
  1371 10016
  1372 10014
  1373 10014
  1374 10130
  1375 10016
  1376 10154
  1381 10095
  1383 10095
  1384 10095
  1385 10095
  1386 10095
  1387 10095
  1388 10095
  1389 10095
  1390 10095
  1391 10095
  1392 10095
  1393 10095
  1394 10095
  1395 10095
  1396 10095
  1397 10095
  1398 10095
  1399 10095
  1400 10095
  1401 10095
  1402 10095
  1403 10095
  1404 10095
  1405 10095
  1406 10095
  1407 10095
  1408 10095
  1409 10095
  1410 10095
  1411 10095
  1412 10095
  1413 10095
  1414 10095
  1415 10095
  1416 10095
  1417 10095
  1418 10095
  1419 10095
  1420 10095
  1421 10095
  1422 10095
  1423 10095
  1424 10095
  1425 10095
  1426 10095
  1427 10095
  1428 10095
  1429 10095
  1430 10095
  1431 10095
  1432 10095
  1433 10095
  1434 10095
  1435 10095
  1436 10095
  1437 10095
  1438 10095
  1439 10095
  1440 10095
  1441 10095
  1442 10095
  1443 10095
  1444 10095
  1445 10095
  1446 10095
  1447 10095
  1448 10095
  1449 10095
  1450 10095
  1451 10095
  1452 10095
  1453 10095
  1454 10095
  1455 10095
  1456 10095
  1457 10095
  1458 10095
  1459 10095
  1460 10095
  1461 10095
  1462 10095
  1463 10095
  1464 10095
  1465 10095
  1466 10095
  1467 10095
  1468 10095
  1469 10095
  1470 10095
  1471 10095
  1472 10095
  1473 10095
  1474 10095
  1475 10095
  1476 10095
  1477 10095
  1478 10095
  1479 10095
  1480 10095
  1481 10095
  1482 10095
  1483 10095
  1484 10095
  1485 10095
  1486 10095
  1487 10095
  1488 10095
  1489 10095
  1490 10095
  1491 10095
  1492 10095
  1493 10095
  1494 10095
  1495 10095
  1496 10095
  1497 10095
  1498 10095
  1499 10095
  1500 10095
  1501 10095
  1502 10095
  1503 10095
  1504 10095
  1505 10095
  1506 10095
  1507 10095
  1508 10095
  1509 10095
  1510 10095
  1511 10095
  1512 10095
  1513 10095
  1514 10095
  1515 10095
  1516 10095
  1517 10095
  1518 10095
  1519 10095
  1520 10095
  1521 10095
  1522 10095
  1523 10095
  1524 10095
  1525 10095
  1526 10095
  1527 10095
  1528 10095
  1529 10095
  1530 10095
  1531 10095
  1532 10095
  1533 10095
  1534 10095
  1535 10095
  1536 10095
  1537 10095
  1538 10095
  1539 10095
  1540 10095
  1541 10095
  1542 10095
  1543 10095
  1544 10095
  1545 10095
  1546 10095
  1547 10095
  1548 10095
  1549 10095
  1550 10095
  1551 10095
  1552 10095
  1553 10095
  1554 10095
  1555 10095
  1556 10095
  1557 10095
  1558 10095
  1559 10095
  1560 10095
  1561 10095
  1562 10095
  1563 10095
  1564 10095
  1565 10095
  1566 10095
  1567 10095
  1568 10095
  1569 10095
  1570 10095
  1571 10095
  1572 10095
  1573 10095
  1574 10095
  1575 10095
  1576 10095
  1577 10095
  1578 10095
  1579 10095
  1580 10095
  1581 10095
  1582 10095
  1583 10095
  1584 10095
  1585 10095
  1586 10095
  1587 10095
  1588 10095
  1589 10095
  1590 10095
  1591 10095
  1592 10095
  1593 10095
  1594 10095
  1595 10095
  1596 10095
  1597 10095
  1598 10095
  1599 10095
  1600 10095
  1601 10095
  1602 10095
  1603 10095
  1604 10095
  1605 10095
  1606 10095
  1607 10095
  1608 10095
  1609 10095
  1610 10095
  1611 10095
  1612 10095
  1613 10095
  1614 10095
  1615 10095
  1616 10067
  1617 10067
  1618 10067
  1619 10067
  1620 10067
  1622 10101
  1623 10101
  1627 10154
  1628 10154
  1629 10154
  1630 10014
  1631 10014
  1632 10014
  1633 10014
  1634 10014
  1635 10014
  1636 10014
  1637 10074
  1638 10014
  1639 10016
  1640 10014
  1641 10014
  1642 10154
  1643 10107
  1644 10074
  1645 10014
  1646 10014
  1647 10014
  1648 10014
  1649 10014
  1650 10016
  1651 10016
  1652 10016
  1653 10016
  1654 10014
  1655 10014
  1656 10014
  1657 10014
  1658 10014
  1659 10014
  1660 10014
  1661 10014
  1662 10014
  1663 10016
  1664 10016
  1665 10016
  1666 10016
  1667 10016
  1668 10016
  1669 10016
  1670 10016
  1671 10016
  1672 10016
  1673 10016
  1674 10016
  1675 10016
  1676 10016
  1677 10016
  1678 10016
  1679 10016
  1680 10016
  1681 10016
  1682 10016
  1683 10016
  1684 10016
  1685 10016
  1686 10016
  1687 10016
  1688 10016
  1689 10016
  1690 10016
  1691 10016
  1692 10016
  1693 10016
  1694 10016
  1695 10016
  1696 10016
  1697 10016
  1698 10016
  1699 10016
  1700 10059
  1701 10016
  1702 10016
  1703 10014
  1704 10014
  1705 10014
  1706 10014
  1707 10014
  1708 10016
  1709 10016
  1710 10016
  1711 10016
  1712 10016
  1713 10014
  1714 10014
  1715 10014
  1716 10016
  1717 10016
  1718 10014
  1719 10014
  1720 10014
  1721 10014
  1722 10014
  1723 10016
  1724 10016
  1725 10016
  1726 10154
  1727 10016
  1728 10016
  1729 10016
  1730 10016
  1731 10016
  1732 10016
  1733 10016
  1734 10074
  1735 10014
  1736 10014
  1737 10016
  1738 10016
  1739 10016
  1740 10016
  1741 10016
  1742 10014
  1743 10014
  1744 10014
  1745 10014
  1746 10014
  1747 10154
  1748 10014
  1749 10014
  1750 10014
  1751 10014
  1752 10014
  1753 10014
  1754 10014
  1755 10014
  1756 10036
  1757 10014
  1758 10014
  1759 10014
  1760 10014
  1761 10014
  1762 10016
  1763 10154
  1764 10016
  1765 10016
  1766 10016
  1767 10016
  1768 10014
  1769 10014
  1770 10154
  1771 10014
  1772 10014
  1773 10014
  1774 10016
  1775 10016
  1776 10016
  1777 10016
  1778 10016
  1779 10016
  1780 10014
  1781 10014
  1782 10014
  1783 10014
  1784 10014
  1785 10014
  1786 10014
  1787 10014
  1788 10014
  1789 10014
  1790 10016
  1791 10016
  1792 10016
  1793 10016
  1794 10016
  1795 10016
  1796 10016
  1797 10016
  1798 10016
  1799 10016
  1800 10016
  1801 10014
  1802 10014
  1803 10074
  1804 10074
  1805 10074
  1806 10074
  1807 10014
  1809 10014
  1810 10014
  1811 10143
  1812 10016
  1813 10014
  1816 10016
  1817 10016
  1818 10016
  1819 10016
  1820 10016
  1821 10016
  1822 10016
  1823 10016
  1824 10016
  1825 10016
  1826 10016
  1827 10014
  1828 10014
  1829 10014
  1830 10016
  1831 10016
  1832 10036
  1833 10016
  1834 10016
  1835 10016
  1836 10016
  1837 10016
  1838 10016
  1839 10014
  1840 10014
  1841 10014
  1842 10014
  1843 10014
  1844 10014
  1845 10016
  1846 10016
  1847 10016
  1848 10016
  1849 10016
  1850 10016
  1851 10014
  1852 10014
  1853 10006
  1854 10006
  1855 10006
  1856 10155
  1857 10155
  1858 10155
  1859 10155
  1860 10155
  1861 10155
  1862 10155
  1863 10143
  1864 10143
  1865 10143
  1866 10155
  1867 10155
  1868 10155
  1869 10155
  1870 10155
  1871 10155
  1872 10155
  1873 10155
  1874 10155
  1875 10155
  1876 10155
  1877 10155
  1878 10155
  1879 10155
  1880 10155
  1881 10155
  1882 10155
  1883 10155
  1884 10155
  1885 10155
  1886 10155
  1887 10155
  1888 10155
  1889 10155
  1890 10155
  1891 10155
  1892 10155
  1893 10155
  1894 10155
  1895 10155
  1896 10155
  1897 10155
  1898 10155
  1899 10155
  1900 10155
  1901 10155
  1902 10155
  1903 10155
  1904 10155
  1905 10155
  1906 10155
  1907 10155
  1908 10155
  1909 10155
  1910 10155
  1911 10155
  1912 10155
  1913 10155
  1914 10155
  1915 10155
  1916 10155
  1917 10155
  1918 10155
  1919 10155
  1920 10155
  1921 10155
  1922 10155
  1923 10155
  1924 10155
  1925 10155
  1926 10155
  1927 10155
  1928 10155
  1929 10155
  1930 10155
  1931 10155
  1932 10155
  1933 10155
  1934 10155
  1935 10155
  1936 10155
  1937 10155
  1938 10155
  1939 10155
  1940 10155
  1941 10155
  1942 10155
  1943 10155
  1944 10155
  1945 10155
  1946 10155
  1947 10155
  1948 10155
  1949 10155
  1950 10155
  1951 10155
  1952 10155
  1953 10155
  1954 10155
  1955 10155
  1956 10155
  1957 10155
  1958 10155
  1959 10155
  1960 10155
  1961 10155
  1962 10155
  1963 10155
  1964 10155
  1965 10155
  1966 10155
  1967 10155
  1968 10155
  1969 10155
  1970 10155
  1971 10155
  1972 10155
  1973 10155
  1974 10155
  1975 10155
  1976 10155
  1977 10155
  1978 10155
  1979 10155
  1980 10155
  1981 10155
  1982 10155
  1983 10155
  1984 10155
  1985 10155
  1986 10155
  1987 10155
  1988 10155
  1989 10155
  1990 10155
  1991 10155
  1992 10155
  1993 10155
  1994 10155
  1995 10155
  1996 10155
  1997 10155
  1998 10155
  1999 10155
  2000 10155
  2001 10155
  2002 10155
  2003 10155
  2004 10155
  2005 10155
  2006 10155
  2007 10155
  2008 10155
  2009 10155
  2010 10155
  2011 10155
  2012 10155
  2013 10155
  2014 10155
  2015 10155
  2016 10155
  2017 10155
  2018 10155
  2019 10155
  2020 10155
  2021 10155
  2022 10155
  2023 10155
  2024 10016
  2025 10016
  2026 10154
  2027 10154
  2028 10014
  2029 10154
  2030 10101
  2031 10101
  2032 10101
  2033 10101
  2034 10100
  2036 10100
  2037 10035
  2038 10035
  2039 10035
  2040 10035
  2041 10035
  2042 10035
