   686 10090
   687 10090
   688 10090
   689 10090
   690 10090
   691 10090
   692 10090
   693 10090
   694 10090
   695 10090
   696 10090
   697 10090
   698 10090
   699 10090
   700 10090
   701 10090
   702 10090
   703 10090
   704 10090
   705 10090
   706 10090
   707 10090
   708 10090
   709 10090
   710 10090
   711 10090
   712 10090
   713 10090
   714 10090
   715 10090
   716 10090
   717 10090
   718 10090
   719 10090
   720 10090
   721 10090
   722 10090
   723 10090
   724 10090
   725 10090
   726 10090
   727 10090
   728 10090
   729 10090
   730 10090
   731 10090
   732 10090
   733 10090
   734 10090
   735 10090
   736 10090
   737 10090
   738 10090
   739 10090
   740 10090
   741 10090
   742 10090
   743 10090
   744 10090
   745 10090
   746 10090
   747 10090
   748 10090
   749 10090
   750 10090
   751 10090
   752 10090
   753 10090
   754 10090
   755 10090
   756 10090
   757 10090
   758 10090
   759 10090
   760 10090
   761 10090
   762 10090
   763 10090
   764 10090
   765 10090
   766 10090
   767 10090
   768 10090
   769 10090
   770 10090
   771 10090
   772 10090
   773 10090
   774 10090
   775 10090
   776 10090
   777 10090
   778 10039
   779 10090
   780 10047
   781 10002
   782 10002
   783 10002
   784 10151
   785 10072
   786 10022
   787 10072
   788 10072
   789 10072
   790 10042
   791 10042
   792 10042
   793 10017
   794 10073
   795 10073
   796 10073
   797 10073
   798 10073
   799 10073
   800 10073
   801 10073
   802 10073
   803 10073
   804 10073
   805 10073
   806 10151
   807 10073
   808 10073
   809 10073
   810 10073
   811 10073
   812 10073
   813 10151
   814 10151
   815 10151
   816 10073
   817 10073
   818 10073
   819 10073
   820 10073
   821 10073
   822 10073
   823 10073
   824 10073
   825 10073
   826 10073
   827 10073
   828 10073
   829 10073
   830 10073
   831 10073
   832 10073
   833 10073
   834 10073
   835 10073
   836 10073
   837 10073
   838 10073
   839 10073
   840 10073
   841 10073
   842 10073
   843 10073
   844 10073
   845 10073
   846 10073
   847 10073
   848 10073
   849 10073
   850 10073
   851 10073
   852 10073
   853 10073
   854 10073
   855 10073
   856 10073
   857 10073
   858 10073
   859 10073
   860 10073
   861 10073
   862 10073
   863 10073
   864 10073
   865 10073
   866 10073
   867 10073
   868 10034
   869 10034
   870 10034
   871 10073
   872 10073
   873 10073
   874 10073
   875 10073
   876 10034
   877 10073
   878 10073
   879 10073
   880 10073
   881 10073
   882 10073
   883 10073
   884 10073
   885 10073
   886 10073
   887 10073
   888 10073
   889 10073
   890 10073
   891 10073
   892 10073
   893 10073
   894 10073
   895 10073
   896 10073
   897 10073
   898 10073
   899 10073
   900 10073
   901 10073
   902 10073
   903 10073
   904 10073
   905 10073
   906 10073
   907 10073
   908 10073
   909 10073
   910 10073
   911 10073
   912 10073
   913 10073
   914 10073
   915 10073
   916 10034
   917 10073
   918 10073
   919 10073
   920 10073
   921 10073
   922 10073
   923 10073
   924 10073
   925 10073
   926 10073
   927 10073
   928 10073
   929 10073
   930 10073
   931 10073
   932 10073
   933 10073
   934 10151
   935 10073
   936 10073
   937 10073
   938 10073
   939 10073
   940 10073
   941 10151
   942 10073
   943 10073
   944 10073
   945 10073
   946 10151
   947 10073
   948 10073
   949 10073
   950 10073
   951 10034
   952 10073
   953 10073
   954 10073
   955 10073
   956 10073
   957 10073
   958 10073
   959 10151
   960 10034
   961 10073
   962 10151
   963 10073
   964 10073
   965 10073
   966 10073
   967 10019
   968 10073
   969 10151
   970 10151
   971 10073
   972 10151
   973 10073
   974 10151
   975 10073
   976 10073
   977 10017
   978 10151
   979 10151
   980 10017
   981 10151
   982 10151
   983 10017
   984 10151
   985 10017
   986 10151
   987 10151
   988 10151
   989 10017
   990 10017
   991 10017
   992 10073
   993 10073
   994 10073
   995 10151
   996 10151
   997 10017
   998 10151
   999 10151
  1000 10151
  1001 10151
  1002 10151
  1003 10017
  1004 10017
  1005 10073
  1006 10073
  1007 10073
  1008 10151
  1009 10151
  1010 10151
  1011 10073
  1012 10151
  1013 10151
  1014 10019
  1015 10019
  1016 10082
  1017 10082
  1018 10019
  1019 10042
  1020 10019
  1021 10042
  1022 10042
  1023 10034
  1024 10034
  1025 10019
  1026 10019
  1027 10019
  1028 10022
  1029 10022
  1030 10022
  1031 10022
  1032 10022
  1033 10022
  1034 10022
  1035 10022
  1036 10022
  1037 10022
  1038 10022
  1039 10022
  1040 10022
  1041 10022
  1042 10022
  1043 10022
  1044 10022
  1045 10022
  1046 10022
  1047 10022
  1048 10022
  1049 10022
  1050 10022
  1051 10022
  1052 10022
  1053 10022
  1054 10022
  1055 10022
  1056 10022
  1057 10022
  1058 10022
  1059 10022
  1060 10022
  1061 10022
  1062 10022
  1063 10022
  1064 10022
  1065 10022
  1066 10022
  1067 10022
  1068 10022
  1069 10022
  1070 10022
  1071 10022
  1072 10022
  1073 10022
  1074 10022
  1075 10022
  1076 10022
  1077 10022
  1078 10022
  1079 10022
  1080 10022
  1081 10022
  1082 10022
  1083 10022
  1084 10022
  1085 10022
  1086 10022
  1087 10022
  1088 10022
  1089 10022
  1090 10022
  1091 10022
  1092 10022
  1093 10022
  1094 10022
  1095 10022
  1096 10022
  1097 10022
  1098 10022
  1099 10022
  1100 10022
  1101 10022
  1102 10022
  1103 10022
  1104 10022
  1105 10022
  1106 10022
  1107 10022
  1108 10022
  1109 10022
  1110 10022
  1111 10022
  1112 10022
  1113 10022
  1114 10022
  1115 10022
  1116 10022
  1117 10022
  1118 10022
  1119 10022
  1120 10022
  1121 10022
  1122 10022
  1123 10022
  1124 10022
  1125 10022
  1126 10022
  1127 10022
  1128 10022
  1129 10022
  1130 10022
  1131 10022
  1132 10022
  1133 10022
  1134 10022
  1135 10022
  1136 10022
  1137 10022
  1138 10022
  1139 10022
  1140 10022
  1141 10022
  1142 10022
  1143 10022
  1146 10022
  1147 10022
  1148 10022
  1149 10022
  1150 10022
  1155 10022
  1156 10022
  1157 10022
  1158 10022
  1159 10022
  1160 10022
  1161 10022
  1162 10022
  1163 10022
  1164 10022
  1165 10022
  1166 10022
  1167 10022
  1168 10022
  1169 10022
  1170 10022
  1171 10022
  1172 10022
  1173 10022
  1174 10022
  1175 10022
  1176 10022
  1177 10022
  1178 10022
  1179 10022
  1180 10022
  1181 10022
  1182 10022
  1183 10022
  1184 10022
  1185 10022
  1186 10022
  1187 10022
  1188 10022
  1189 10022
  1190 10022
  1191 10022
  1192 10022
  1193 10022
  1194 10022
  1195 10022
  1196 10022
  1197 10022
  1199 10159
  1200 10159
  1201 10159
  1202 10159
  1203 10071
  1204 10149
  1205 10149
  1206 10149
  1207 10071
  1208 10071
  1209 10071
  1210 10071
  1211 10071
  1212 10071
  1213 10071
  1214 10071
  1215 10071
  1216 10071
  1217 10071
  1218 10149
  1219 10071
  1220 10071
  1221 10071
  1222 10071
  1223 10149
  1224 10149
  1225 10149
  1226 10149
  1227 10149
  1228 10149
  1229 10149
  1230 10149
  1231 10149
  1232 10149
  1233 10149
  1234 10149
  1235 10149
  1236 10149
  1237 10149
  1238 10149
  1239 10149
  1240 10149
  1241 10149
  1242 10071
  1243 10071
  1244 10071
  1245 10071
  1248 10022
  1249 10022
  1250 10022
  1251 10019
  1252 10022
  1253 10019
  1256 10091
  1257 10091
  1269 10137
  1270 10137
  1271 10137
  1272 10137
  1273 10137
  1274 10137
  1275 10131
  1276 10131
  1277 10137
  1278 10131
  1279 10131
  1280 10131
  1281 10131
  1282 10131
  1283 10131
  1284 10131
  1285 10131
  1286 10131
  1287 10137
  1288 10131
  1289 10131
  1290 10131
  1291 10131
  1292 10131
  1293 10131
  1294 10131
  1295 10131
  1296 10131
  1297 10131
  1298 10131
  1299 10131
  1300 10131
  1301 10131
  1302 10131
  1303 10131
  1304 10131
  1305 10131
  1306 10137
  1307 10137
  1308 10137
  1309 10137
  1310 10137
  1311 10137
  1312 10137
  1313 10137
  1314 10137
  1315 10137
  1316 10137
  1317 10131
  1318 10131
  1319 10131
  1320 10131
  1321 10131
  1322 10137
  1323 10137
  1324 10137
  1325 10137
  1326 10137
  1327 10137
  1328 10137
  1329 10137
  1330 10137
  1331 10137
  1332 10131
  1333 10131
  1334 10131
  1335 10131
  1336 10131
  1337 10131
  1338 10131
  1339 10131
  1340 10131
  1341 10131
  1342 10131
  1343 10131
  1344 10131
  1345 10137
  1346 10137
  1347 10137
  1348 10137
  1349 10137
  1350 10137
  1351 10131
  1352 10131
  1353 10137
  1354 10137
  1355 10137
  1356 10137
  1357 10137
  1358 10137
  1359 10137
  1360 10137
  1361 10137
  1362 10137
  1363 10137
  1364 10137
  1365 10137
  1366 10137
  1367 10137
  1368 10137
  1369 10137
  1370 10137
  1371 10137
  1372 10137
  1373 10131
  1374 10131
  1375 10137
  1376 10131
  1377 10137
  1378 10137
  1379 10137
  1380 10137
  1381 10137
  1382 10137
  1383 10137
  1384 10137
  1385 10137
  1386 10137
  1387 10137
  1388 10137
  1389 10137
  1390 10137
  1391 10137
  1392 10137
  1393 10137
  1394 10137
  1395 10137
  1396 10137
  1397 10137
  1398 10137
  1399 10137
  1400 10137
  1401 10137
  1402 10137
  1403 10137
  1404 10137
  1405 10137
  1406 10137
  1407 10137
  1408 10137
  1409 10137
  1410 10137
  1411 10137
  1412 10137
  1413 10137
  1414 10137
  1415 10137
  1416 10137
  1417 10137
  1418 10137
  1419 10137
  1420 10137
  1421 10137
  1422 10137
  1423 10137
  1424 10137
  1425 10137
  1426 10137
  1427 10137
  1428 10131
  1429 10131
  1430 10131
  1431 10137
  1432 10137
  1433 10137
  1434 10137
  1435 10137
  1436 10137
  1437 10137
  1438 10137
  1439 10137
  1440 10137
  1441 10137
  1442 10137
  1443 10137
  1444 10137
  1445 10137
  1446 10137
  1447 10137
  1448 10137
  1449 10137
  1450 10137
  1451 10137
  1452 10137
  1453 10137
  1454 10137
  1455 10137
  1456 10137
  1457 10137
  1458 10137
  1459 10137
  1460 10137
  1461 10137
  1462 10137
  1463 10137
  1464 10137
  1465 10137
  1466 10137
  1467 10137
  1468 10137
  1469 10131
  1470 10137
  1471 10137
  1472 10137
  1473 10137
  1474 10137
  1475 10137
  1476 10137
  1477 10137
  1478 10137
  1479 10137
  1480 10137
  1481 10137
  1482 10137
  1483 10137
  1484 10137
  1485 10137
  1486 10137
  1487 10137
  1488 10137
  1489 10137
  1490 10137
  1491 10131
  1492 10131
  1493 10131
  1494 10137
  1495 10137
  1496 10137
  1497 10112
  1498 10112
  1499 10112
  1500 10112
  1524 10055
  1525 10018
  1526 10018
  1527 10018
  1528 10018
  1529 10055
  1530 10055
  1531 10055
  1532 10106
  1533 10106
  1534 10106
  1535 10040
  1536 10040
  1537 10040
  1538 10040
  1539 10040
  1540 10040
  1541 10040
  1542 10040
  1543 10040
  1544 10040
  1545 10040
  1546 10040
  1547 10040
  1548 10040
  1549 10040
  1550 10040
  1551 10040
  1552 10040
  1553 10040
  1554 10040
  1555 10040
  1556 10040
  1557 10040
  1558 10040
  1559 10040
  1560 10040
  1561 10040
  1562 10040
  1563 10040
  1564 10055
  1565 10018
  1566 10018
  1567 10055
  1568 10018
  1569 10040
  1570 10040
  1571 10040
  1572 10040
  1573 10040
  1574 10040
  1576 10040
  1577 10040
  1578 10040
  1579 10040
  1580 10040
  1581 10040
  1582 10040
  1583 10040
  1584 10040
  1585 10040
  1586 10040
  1587 10040
  1588 10106
  1589 10106
  1590 10106
  1591 10106
  1592 10106
  1593 10004
  1594 10106
  1595 10101
  1596 10101
  1597 10101
  1598 10169
  1602 10071
  1603 10071
  1604 10071
  1605 10071
  1606 10149
  1607 10149
  1608 10149
  1609 10149
  1610 10149
  1611 10149
  1612 10149
  1613 10149
  1614 10071
  1615 10149
  1616 10071
  1617 10071
  1618 10071
  1619 10071
  1620 10149
  1621 10149
  1622 10149
  1623 10071
  1624 10071
  1625 10071
  1626 10071
  1627 10071
  1628 10071
  1629 10071
  1630 10071
  1631 10071
  1632 10071
  1633 10071
  1634 10071
  1635 10071
  1636 10071
  1637 10071
  1638 10071
  1639 10071
  1640 10071
  1641 10071
  1642 10071
  1643 10071
  1644 10149
  1645 10149
  1646 10071
  1647 10149
  1648 10149
  1649 10071
  1650 10071
  1651 10071
  1652 10071
  1653 10071
  1654 10149
  1655 10149
  1656 10149
  1657 10149
  1658 10149
  1659 10043
  1660 10043
  1661 10043
  1662 10072
  1663 10072
  1664 10072
  1668 10152
  1772 10152
  1773 10152
  1774 10019
  1775 10023
  1817 10019
  1818 10019
  1819 10019
  1820 10019
  1821 10019
  1822 10019
  1823 10019
  1824 10152
  1825 10019
  1826 10019
  1845 10019
  1849 10019
  1850 10028
  1851 10152
  1852 10152
  1853 10152
  1854 10152
  1855 10152
  1856 10019
  1857 10019
  1858 10019
  1859 10049
  1860 10042
  1861 10042
  1862 10042
  1863 10042
  1864 10011
  1865 10011
  1866 10011
  1867 10011
  1868 10011
  1869 10011
  1870 10011
  1871 10011
  1872 10011
  1873 10011
  1874 10011
  1875 10011
  1876 10011
  1877 10011
  1878 10011
  1879 10011
  1880 10011
  1881 10011
  1882 10011
  1883 10011
  1884 10011
  1885 10011
  1886 10011
  1887 10011
  1888 10011
  1889 10011
  1890 10011
  1891 10011
  1892 10011
  1893 10011
  1894 10011
  1895 10011
  1896 10011
  1897 10011
  1898 10011
  1899 10011
  1900 10011
  1901 10011
  1902 10011
  1903 10011
  1904 10011
  1905 10011
  1906 10011
  1907 10011
  1908 10011
  1909 10011
  1910 10011
  1911 10011
  1912 10011
  1913 10011
  1914 10011
  1915 10011
  1916 10011
  1917 10011
  1918 10011
  1919 10011
  1920 10011
  1921 10011
  1922 10011
  1923 10011
  1924 10011
  1925 10011
  1926 10011
  1927 10011
  1928 10011
  1929 10011
  1930 10011
  1931 10011
  1932 10011
  1933 10011
  1934 10011
  1935 10011
  1936 10011
  1937 10011
  1938 10011
  1939 10011
  1940 10011
  1941 10011
  1942 10011
  1943 10011
  1944 10011
  1945 10011
  1946 10011
  1947 10011
  1948 10011
  1949 10011
  1950 10011
  1951 10011
  1952 10011
  1953 10011
  1954 10011
  1955 10011
  1956 10011
  1957 10011
  1958 10011
  1959 10011
  1960 10011
  1961 10011
  1962 10011
  1963 10011
  1964 10011
  1965 10011
  1966 10011
  1967 10011
  1968 10011
  1969 10011
  1970 10011
  1971 10011
  1972 10011
  1973 10011
  1974 10011
  1975 10011
  1976 10011
  1977 10011
  1978 10011
  1979 10011
  1980 10011
  1981 10011
  1982 10011
  1983 10011
  1984 10011
  1985 10011
  1986 10011
  1987 10011
  1988 10011
  1989 10011
  1990 10011
  1991 10011
  1992 10011
  1993 10011
  1994 10011
  1995 10011
  1996 10011
  1997 10011
  1998 10011
  1999 10011
  2000 10011
  2001 10011
  2002 10011
  2003 10011
  2004 10011
  2005 10011
  2006 10011
  2007 10011
  2008 10011
  2009 10011
  2010 10011
  2011 10011
  2012 10011
  2013 10011
  2014 10011
  2015 10011
  2016 10011
  2017 10011
  2018 10011
  2019 10011
  2020 10011
  2021 10011
  2022 10011
  2023 10019
  2024 10019
  2025 10019
  2026 10072
  2029 10091
