   688 10034
   689 10034
   690 10151
   691 10151
   692 10151
   693 10151
   694 10151
   695 10151
   696 10151
   697 10151
   698 10151
   699 10151
   700 10151
   701 10151
   702 10151
   703 10151
   704 10151
   705 10151
   706 10151
   707 10151
   708 10151
   709 10151
   710 10151
   711 10151
   712 10151
   713 10151
   714 10151
   715 10151
   716 10151
   717 10151
   718 10151
   719 10151
   720 10034
   721 10034
   722 10034
   723 10034
   724 10151
   725 10151
   726 10151
   727 10151
   728 10151
   729 10151
   730 10151
   731 10151
   732 10151
   733 10151
   734 10151
   735 10151
   736 10151
   737 10151
   738 10151
   739 10151
   740 10151
   741 10151
   742 10151
   743 10151
   744 10151
   745 10151
   746 10034
   747 10151
   748 10151
   749 10151
   750 10151
   751 10151
   752 10151
   753 10151
   754 10151
   755 10151
   756 10151
   757 10151
   758 10151
   759 10151
   760 10151
   761 10151
   762 10151
   763 10151
   764 10151
   765 10151
   766 10151
   767 10034
   768 10034
   769 10034
   770 10034
   771 10034
   772 10034
   773 10034
   774 10034
   775 10151
   776 10151
   777 10151
   778 10151
   779 10151
   780 10151
   781 10151
   782 10151
   783 10041
   784 10151
   785 10151
   786 10041
   787 10041
   788 10041
   789 10041
   790 10041
   791 10041
   792 10041
   793 10041
   794 10041
   795 10041
   796 10041
   797 10041
   798 10041
   799 10041
   800 10041
   801 10041
   802 10041
   803 10041
   804 10041
   805 10041
   806 10041
   807 10041
   808 10041
   809 10041
   810 10041
   811 10041
   812 10041
   813 10041
   814 10041
   815 10041
   816 10041
   817 10041
   818 10041
   819 10041
   820 10041
   821 10041
   822 10041
   823 10041
   824 10041
   825 10041
   826 10041
   827 10041
   828 10041
   829 10041
   830 10041
   831 10041
   832 10041
   833 10041
   834 10041
   835 10041
   836 10041
   837 10041
   838 10041
   839 10041
   840 10041
   841 10041
   842 10041
   843 10041
   844 10041
   845 10041
   846 10041
   847 10041
   848 10041
   849 10041
   850 10041
   851 10041
   852 10041
   853 10041
   854 10041
   855 10041
   856 10041
   857 10041
   858 10041
   859 10041
   860 10041
   861 10041
   862 10041
   863 10041
   864 10041
   865 10041
   866 10041
   867 10041
   868 10041
   869 10041
   870 10041
   871 10041
   872 10041
   873 10041
   874 10041
   875 10041
   876 10041
   877 10041
   878 10041
   879 10041
   880 10041
   881 10041
   882 10041
   883 10041
   884 10041
   885 10041
   886 10041
   887 10041
   888 10041
   889 10041
   890 10041
   891 10041
   892 10041
   893 10041
   894 10041
   895 10041
   896 10041
   897 10041
   898 10041
   899 10041
   900 10041
   901 10041
   902 10041
   903 10041
   904 10041
   905 10041
   906 10041
   907 10041
   908 10041
   909 10041
   910 10041
   911 10041
   912 10041
   913 10041
   914 10041
   915 10041
   916 10041
   917 10041
   918 10041
   919 10041
   920 10041
   921 10041
   922 10041
   923 10041
   924 10041
   925 10041
   926 10041
   927 10041
   928 10041
   929 10041
   930 10041
   931 10041
   932 10041
   933 10041
   934 10041
   935 10041
   936 10041
   937 10041
   938 10041
   939 10041
   940 10041
   941 10041
   942 10041
   943 10041
   944 10041
   945 10041
   946 10041
   947 10041
   948 10041
   949 10041
   950 10041
   951 10041
   952 10041
   953 10041
   954 10041
   955 10041
   956 10041
   957 10041
   958 10041
   959 10041
   960 10041
   961 10041
   962 10041
   963 10041
   964 10041
   965 10041
   966 10041
   967 10041
   968 10041
   969 10041
   970 10041
   971 10041
   972 10041
   973 10041
   974 10041
   975 10041
   976 10041
   977 10041
   978 10041
   979 10041
   980 10041
   981 10041
   982 10041
   983 10041
   984 10041
   985 10041
   986 10041
   987 10041
   988 10041
   989 10041
   990 10041
   991 10041
   992 10041
   993 10041
   994 10041
   995 10041
   996 10041
   997 10041
   998 10041
   999 10041
  1000 10041
  1001 10041
  1002 10041
  1003 10041
  1004 10041
  1005 10041
  1006 10041
  1007 10041
  1008 10041
  1009 10041
  1010 10041
  1011 10041
  1012 10041
  1013 10041
  1014 10041
  1015 10041
  1016 10041
  1017 10041
  1018 10041
  1019 10041
  1020 10041
  1021 10041
  1022 10041
  1023 10041
  1024 10041
  1025 10019
  1026 10019
  1027 10019
  1040 10149
  1041 10071
  1042 10071
  1043 10071
  1044 10071
  1045 10071
  1046 10071
  1047 10149
  1048 10149
  1049 10149
  1050 10064
  1055 10144
  1056 10144
  1057 10144
  1058 10144
  1059 10144
  1060 10144
  1061 10144
  1062 10144
  1063 10144
  1064 10144
  1065 10144
  1066 10144
  1067 10144
  1068 10144
  1069 10144
  1070 10144
  1071 10144
  1072 10144
  1073 10144
  1074 10144
  1075 10144
  1076 10144
  1077 10144
  1078 10144
  1079 10144
  1080 10144
  1081 10144
  1082 10144
  1083 10144
  1084 10144
  1085 10144
  1086 10144
  1087 10144
  1088 10144
  1089 10144
  1090 10144
  1091 10144
  1092 10144
  1093 10144
  1094 10144
  1095 10144
  1096 10144
  1097 10144
  1098 10144
  1099 10144
  1100 10144
  1101 10144
  1102 10144
  1103 10144
  1104 10144
  1105 10144
  1106 10144
  1107 10144
  1108 10144
  1109 10144
  1110 10144
  1111 10144
  1112 10144
  1113 10144
  1114 10144
  1115 10144
  1116 10144
  1117 10144
  1118 10144
  1119 10144
  1120 10144
  1121 10144
  1122 10144
  1123 10144
  1124 10144
  1125 10144
  1126 10144
  1127 10144
  1128 10144
  1129 10144
  1130 10010
  1131 10144
  1132 10144
  1133 10144
  1134 10144
  1135 10144
  1136 10144
  1137 10144
  1138 10144
  1139 10144
  1140 10144
  1141 10144
  1142 10144
  1143 10144
  1144 10144
  1145 10144
  1146 10144
  1147 10144
  1148 10144
  1149 10144
  1150 10144
  1151 10144
  1152 10144
  1153 10144
  1154 10144
  1155 10144
  1156 10144
  1157 10144
  1158 10144
  1159 10144
  1160 10144
  1161 10144
  1162 10144
  1163 10144
  1164 10144
  1165 10144
  1166 10144
  1167 10144
  1168 10144
  1169 10144
  1170 10144
  1171 10144
  1172 10144
  1173 10144
  1174 10144
  1175 10144
  1176 10144
  1177 10144
  1178 10144
  1179 10144
  1180 10144
  1181 10144
  1182 10144
  1183 10144
  1184 10144
  1185 10144
  1186 10144
  1187 10144
  1188 10144
  1189 10144
  1190 10144
  1191 10144
  1192 10144
  1193 10144
  1194 10144
  1195 10144
  1196 10144
  1197 10144
  1198 10144
  1199 10144
  1200 10144
  1201 10144
  1202 10144
  1203 10144
  1204 10144
  1205 10144
  1206 10144
  1207 10144
  1208 10144
  1209 10144
  1210 10144
  1211 10144
  1212 10144
  1213 10144
  1214 10144
  1215 10144
  1216 10144
  1217 10144
  1218 10144
  1219 10144
  1220 10144
  1221 10144
  1222 10144
  1223 10144
  1224 10144
  1225 10144
  1226 10144
  1227 10144
  1228 10144
  1229 10144
  1230 10144
  1231 10144
  1232 10144
  1233 10144
  1234 10144
  1235 10144
  1236 10144
  1237 10144
  1238 10144
  1239 10144
  1240 10144
  1241 10144
  1242 10144
  1243 10144
  1244 10144
  1245 10144
  1246 10144
  1247 10144
  1248 10144
  1249 10144
  1250 10144
  1251 10144
  1252 10144
  1253 10144
  1254 10144
  1255 10144
  1256 10144
  1257 10018
  1258 10158
  1259 10018
  1260 10018
  1261 10055
  1268 10112
  1272 10131
  1273 10108
  1274 10108
  1275 10131
  1276 10131
  1277 10131
  1278 10131
  1279 10131
  1280 10131
  1281 10131
  1282 10131
  1283 10131
  1284 10131
  1285 10131
  1286 10131
  1287 10131
  1288 10131
  1289 10131
  1290 10131
  1291 10131
  1292 10131
  1293 10131
  1294 10131
  1295 10131
  1296 10131
  1297 10131
  1298 10131
  1299 10131
  1300 10131
  1301 10131
  1302 10131
  1303 10131
  1304 10131
  1305 10131
  1306 10131
  1307 10131
  1308 10131
  1309 10131
  1310 10131
  1311 10131
  1312 10131
  1313 10131
  1314 10131
  1315 10131
  1316 10131
  1317 10131
  1318 10131
  1319 10131
  1320 10131
  1321 10131
  1322 10131
  1323 10131
  1324 10131
  1325 10131
  1326 10131
  1327 10131
  1328 10131
  1329 10131
  1330 10131
  1331 10131
  1332 10131
  1333 10131
  1334 10131
  1335 10131
  1336 10131
  1337 10108
  1338 10131
  1339 10108
  1340 10108
  1341 10131
  1342 10131
  1343 10131
  1344 10131
  1345 10131
  1346 10131
  1347 10131
  1348 10131
  1349 10131
  1350 10131
  1351 10131
  1352 10131
  1353 10131
  1354 10131
  1355 10131
  1356 10131
  1357 10131
  1358 10131
  1359 10131
  1360 10131
  1361 10131
  1362 10131
  1363 10131
  1364 10131
  1365 10131
  1366 10131
  1367 10131
  1368 10131
  1369 10131
  1370 10131
  1371 10131
  1372 10131
  1373 10131
  1374 10131
  1375 10131
  1376 10131
  1377 10131
  1378 10131
  1379 10131
  1380 10131
  1381 10131
  1382 10131
  1383 10131
  1384 10131
  1385 10131
  1386 10131
  1387 10131
  1388 10131
  1389 10131
  1390 10131
  1391 10131
  1392 10131
  1393 10131
  1394 10131
  1395 10131
  1396 10131
  1397 10131
  1398 10131
  1399 10131
  1400 10131
  1401 10131
  1402 10131
  1403 10131
  1404 10131
  1405 10131
  1406 10131
  1407 10131
  1408 10131
  1409 10131
  1410 10131
  1411 10131
  1412 10131
  1413 10131
  1414 10131
  1415 10131
  1416 10131
  1417 10131
  1418 10131
  1419 10131
  1420 10131
  1421 10131
  1422 10131
  1423 10131
  1424 10131
  1425 10131
  1426 10131
  1427 10131
  1428 10131
  1429 10131
  1430 10131
  1431 10131
  1432 10131
  1433 10131
  1434 10131
  1435 10131
  1436 10131
  1437 10131
  1438 10131
  1439 10131
  1440 10131
  1441 10131
  1442 10131
  1443 10131
  1444 10131
  1445 10131
  1446 10131
  1447 10131
  1448 10131
  1449 10131
  1450 10131
  1451 10131
  1452 10131
  1453 10131
  1454 10131
  1455 10131
  1456 10131
  1457 10131
  1458 10131
  1459 10131
  1460 10131
  1461 10131
  1462 10131
  1463 10131
  1464 10131
  1465 10131
  1466 10131
  1467 10131
  1468 10131
  1469 10131
  1470 10131
  1471 10131
  1472 10131
  1473 10131
  1474 10131
  1475 10131
  1476 10131
  1477 10131
  1478 10131
  1479 10131
  1480 10131
  1481 10131
  1482 10131
  1483 10131
  1484 10131
  1485 10131
  1486 10131
  1488 10110
  1489 10110
  1490 10110
  1491 10110
  1492 10110
  1493 10110
  1494 10110
  1495 10110
  1496 10110
  1497 10110
  1498 10110
  1499 10110
  1500 10110
  1501 10110
  1502 10110
  1503 10110
  1504 10110
  1505 10110
  1506 10110
  1507 10110
  1508 10110
  1509 10110
  1510 10110
  1511 10110
  1512 10110
  1513 10110
  1514 10113
  1515 10113
  1516 10113
  1517 10113
  1518 10055
  1520 10055
  1521 10055
  1522 10055
  1523 10076
  1524 10055
  1525 10076
  1526 10068
  1528 10064
  1529 10149
  1530 10149
  1531 10149
  1532 10071
  1533 10149
  1534 10149
  1535 10149
  1536 10149
  1537 10149
  1538 10149
  1539 10149
  1540 10149
  1541 10149
  1542 10149
  1543 10149
  1544 10149
  1545 10149
  1546 10149
  1547 10149
  1548 10071
  1549 10149
  1550 10149
  1551 10149
  1552 10149
  1553 10149
  1554 10149
  1555 10071
  1556 10149
  1557 10149
  1558 10071
  1559 10149
  1560 10071
  1561 10071
  1562 10071
  1563 10071
  1564 10071
  1565 10071
  1566 10071
  1567 10149
  1568 10149
  1569 10149
  1570 10149
  1571 10149
  1572 10149
  1573 10149
  1574 10071
  1575 10071
  1576 10071
  1577 10149
  1578 10071
  1579 10071
  1580 10149
  1581 10149
  1582 10149
  1583 10149
  1584 10149
  1585 10149
  1586 10149
  1587 10149
  1588 10149
  1589 10149
  1590 10149
  1591 10149
  1592 10149
  1593 10149
  1594 10149
  1595 10149
  1596 10149
  1597 10149
  1598 10149
  1599 10149
  1600 10149
  1601 10149
  1602 10149
  1603 10149
  1604 10071
  1605 10071
  1606 10071
  1607 10071
  1608 10071
  1609 10071
  1614 10120
  1615 10120
  1616 10120
  1617 10120
  1618 10120
  1619 10120
  1620 10122
  1621 10120
  1623 10122
  1624 10122
  1625 10120
  1626 10120
  1627 10120
  1628 10120
  1629 10120
  1630 10120
  1631 10120
  1632 10120
  1633 10120
  1634 10120
  1635 10120
  1636 10120
  1637 10120
  1638 10120
  1639 10120
  1640 10120
  1641 10120
  1642 10120
  1643 10120
  1644 10120
  1645 10120
  1646 10120
  1647 10120
  1648 10120
  1649 10120
  1650 10120
  1651 10120
  1652 10120
  1653 10120
  1654 10120
  1655 10120
  1656 10120
  1657 10120
  1658 10120
  1659 10120
  1660 10120
  1661 10120
  1662 10120
  1663 10120
  1664 10120
  1665 10120
  1666 10120
  1667 10120
  1668 10120
  1669 10120
  1670 10120
  1671 10120
  1672 10120
  1673 10120
  1674 10120
  1675 10120
  1676 10120
  1677 10120
  1678 10120
  1679 10120
  1680 10120
  1681 10120
  1682 10120
  1683 10120
  1684 10120
  1685 10120
  1686 10120
  1687 10120
  1688 10120
  1689 10120
  1690 10120
  1691 10120
  1692 10120
  1693 10120
  1694 10120
  1695 10120
  1696 10120
  1697 10120
  1698 10120
  1699 10120
  1700 10120
  1701 10120
  1702 10120
  1703 10120
  1704 10120
  1705 10120
  1706 10120
  1707 10120
  1708 10120
  1709 10120
  1710 10120
  1711 10120
  1712 10120
  1713 10120
  1714 10120
  1715 10120
  1716 10120
  1717 10120
  1718 10120
  1719 10120
  1720 10120
  1721 10120
  1722 10120
  1723 10120
  1724 10120
  1725 10120
  1726 10120
  1727 10120
  1728 10120
  1729 10120
  1730 10120
  1731 10120
  1732 10120
  1733 10120
  1734 10120
  1735 10120
  1736 10120
  1737 10120
  1738 10120
  1739 10120
  1740 10120
  1741 10120
  1742 10120
  1743 10120
  1744 10120
  1745 10120
  1746 10120
  1747 10120
  1748 10120
  1749 10120
  1750 10120
  1751 10120
  1752 10120
  1753 10120
  1754 10120
  1755 10120
  1756 10120
  1757 10120
  1758 10120
  1759 10120
  1760 10120
  1761 10120
  1762 10120
  1763 10120
  1764 10120
  1765 10120
  1766 10120
  1767 10120
  1768 10120
  1769 10120
  1770 10120
  1771 10120
  1772 10120
  1773 10120
  1774 10120
  1775 10120
  1776 10120
  1777 10120
  1778 10120
  1779 10120
  1780 10120
  1781 10120
  1782 10120
  1783 10120
  1784 10120
  1785 10120
  1786 10120
  1787 10120
  1788 10120
  1789 10120
  1790 10120
  1791 10120
  1792 10120
  1793 10120
  1794 10120
  1795 10120
  1796 10120
  1797 10120
  1798 10120
  1799 10120
  1800 10120
  1801 10120
  1802 10120
  1803 10120
  1804 10120
  1805 10120
  1806 10120
  1807 10120
  1808 10120
  1809 10120
  1810 10120
  1811 10120
  1812 10120
  1813 10120
  1814 10120
  1815 10120
  1816 10120
  1817 10120
  1818 10120
  1819 10120
  1820 10120
  1821 10120
  1822 10120
  1823 10120
  1824 10120
  1825 10120
  1826 10120
  1827 10120
  1828 10120
  1829 10120
  1830 10120
  1831 10120
  1832 10120
  1833 10120
  1834 10120
  1835 10120
  1836 10120
  1837 10120
  1838 10120
  1839 10120
  1840 10120
  1841 10120
  1842 10120
  1843 10120
  1844 10120
  1845 10120
  1846 10120
  1847 10120
  1848 10120
  1849 10120
  1850 10120
  1851 10120
  1852 10120
  1853 10120
  1854 10120
  1855 10120
  1856 10120
  1857 10120
  1858 10120
  1859 10120
  1860 10120
  1864 10076
  1865 10144
  1866 10144
  1867 10144
  1868 10144
  1869 10144
  1870 10144
  1871 10144
  1872 10144
  1873 10144
  1874 10144
  1875 10144
  1876 10144
  1877 10144
  1878 10144
  1879 10144
  1880 10144
  1881 10144
  1882 10144
  1883 10144
  1884 10076
  1885 10076
  1886 10076
  1906 10140
  1907 10144
  1908 10144
  1909 10144
  1910 10144
  1911 10144
  1912 10144
  1913 10144
  1914 10144
  1915 10144
  1916 10144
  1917 10144
  1918 10144
  1919 10144
  1920 10144
  1921 10144
  1922 10144
  1923 10144
  1924 10144
  1925 10144
  1926 10144
  1927 10144
  1928 10144
  1929 10144
  1930 10144
  1931 10144
  1932 10144
  1933 10144
  1934 10144
  1935 10144
  1936 10144
  1937 10144
  1938 10144
  1939 10144
  1940 10144
  1941 10144
  1942 10144
  1943 10144
  1944 10144
  1945 10144
  1946 10144
  1947 10144
  1948 10144
  1949 10144
  1950 10144
  1951 10144
  1952 10144
  1953 10144
  1954 10144
  1955 10144
  1956 10144
  1957 10144
  1958 10144
  1959 10144
  1960 10144
  1961 10144
  1962 10144
  1963 10144
  1964 10144
  1965 10144
  1966 10144
  1967 10144
  1968 10144
  1969 10144
  1970 10144
  1971 10144
  1972 10144
  1973 10144
  1974 10144
  1975 10144
  1976 10144
  1977 10144
  1978 10144
  1979 10144
  1980 10144
  1981 10144
  1982 10144
  1983 10144
  1984 10144
  1985 10144
  1986 10144
  1987 10144
  1988 10144
  1989 10144
  1990 10144
  1991 10144
  1992 10144
  1993 10144
  1994 10144
  1995 10144
  1996 10144
  1997 10144
  1998 10144
  1999 10144
  2000 10144
  2001 10144
  2002 10144
  2003 10144
  2004 10144
  2005 10144
  2006 10144
  2007 10144
  2008 10144
  2009 10144
  2010 10144
  2011 10144
  2012 10144
  2013 10144
  2014 10144
  2015 10144
  2016 10144
  2017 10144
  2018 10144
  2019 10144
  2020 10144
  2021 10158
  2022 10144
  2023 10076
  2024 10076
  2025 10076
  2026 10076
  2027 10101
  2029 10101
  2035 10019
  2036 10019
  2037 10019
  2038 10151
  2039 10151
  2040 10151
  2041 10151
  2042 10028
  2043 10028
  2044 10028
  2045 10028
