   701 10045
   702 10045
   703 10049
   704 10049
   705 10049
   706 10049
   707 10049
   708 10049
   709 10049
   710 10049
   711 10049
   712 10049
   713 10049
   714 10049
   715 10049
   716 10049
   717 10049
   718 10049
   719 10049
   720 10049
   721 10049
   722 10049
   723 10049
   724 10049
   725 10049
   726 10049
   727 10049
   728 10049
   729 10049
   730 10049
   731 10049
   732 10049
   733 10049
   734 10049
   735 10049
   736 10049
   737 10049
   738 10049
   739 10049
   740 10049
   741 10021
   742 10021
   743 10021
   744 10049
   745 10049
   746 10049
   747 10021
   748 10049
   749 10049
   750 10049
   751 10049
   752 10049
   753 10049
   754 10049
   755 10049
   756 10049
   757 10049
   758 10049
   759 10049
   760 10049
   761 10049
   762 10049
   763 10049
   764 10049
   765 10049
   766 10049
   767 10049
   768 10049
   769 10049
   770 10049
   771 10049
   772 10049
   773 10049
   774 10049
   775 10049
   776 10049
   777 10049
   778 10049
   779 10049
   780 10049
   781 10049
   782 10049
   783 10049
   784 10049
   785 10049
   786 10045
   787 10045
   791 10005
   792 10005
   795 10005
   796 10005
   797 10005
   798 10005
   799 10005
   800 10005
   801 10005
   802 10005
   803 10005
   804 10005
   805 10005
   806 10005
   807 10005
   808 10005
   809 10005
   810 10005
   811 10005
   812 10005
   813 10005
   814 10005
   815 10005
   816 10005
   817 10005
   818 10005
   819 10005
   820 10005
   821 10005
   822 10005
   823 10005
   824 10005
   825 10005
   826 10005
   827 10005
   828 10005
   829 10005
   830 10005
   831 10005
   832 10005
   833 10005
   834 10005
   835 10005
   836 10005
   837 10005
   838 10005
   839 10005
   840 10005
   841 10005
   842 10005
   843 10005
   844 10005
   845 10005
   846 10005
   847 10005
   848 10005
   849 10005
   850 10005
   851 10005
   852 10005
   853 10005
   854 10005
   855 10005
   856 10005
   857 10005
   858 10005
   859 10005
   860 10005
   861 10005
   862 10005
   863 10005
   864 10005
   865 10005
   866 10005
   867 10005
   868 10005
   869 10005
   870 10005
   871 10005
   872 10005
   873 10005
   874 10005
   875 10005
   876 10005
   877 10005
   878 10005
   879 10005
   880 10005
   881 10005
   882 10005
   883 10005
   884 10005
   885 10005
   886 10005
   887 10005
   888 10005
   889 10005
   890 10005
   891 10005
   892 10005
   893 10005
   894 10005
   895 10005
   896 10005
   897 10005
   898 10005
   899 10005
   900 10005
   901 10005
   902 10005
   903 10005
   904 10005
   905 10005
   906 10005
   907 10005
   908 10005
   909 10005
   910 10005
   911 10005
   912 10005
   913 10005
   914 10005
   915 10005
   916 10005
   917 10005
   918 10005
   919 10005
   920 10005
   921 10005
   922 10005
   923 10005
   924 10005
   925 10005
   926 10005
   927 10005
   928 10005
   929 10005
   930 10005
   931 10005
   932 10005
   933 10005
   934 10005
   935 10005
   936 10005
   937 10005
   938 10005
   939 10005
   940 10005
   941 10005
   942 10005
   943 10005
   944 10005
   945 10005
   946 10005
   947 10005
   948 10005
   949 10005
   950 10005
   951 10005
   952 10005
   953 10005
   954 10005
   955 10005
   956 10005
   957 10005
   958 10005
   959 10005
   960 10005
   961 10005
   962 10005
   963 10005
   964 10005
   965 10005
   966 10005
   967 10005
   968 10005
   969 10005
   970 10005
   971 10005
   972 10005
   973 10005
   974 10005
   975 10005
   976 10005
   977 10005
   978 10005
   979 10005
   980 10005
   981 10005
   982 10005
   983 10005
   984 10005
   985 10005
   986 10005
   987 10005
   988 10005
   989 10005
   990 10005
   991 10005
   992 10005
   993 10005
   994 10005
   995 10005
   996 10005
   997 10005
   998 10005
   999 10005
  1000 10005
  1001 10005
  1002 10005
  1003 10005
  1004 10005
  1005 10005
  1006 10005
  1007 10005
  1008 10005
  1009 10005
  1010 10005
  1011 10005
  1012 10005
  1013 10005
  1014 10005
  1015 10005
  1016 10005
  1017 10005
  1018 10005
  1019 10005
  1020 10005
  1025 10143
  1026 10143
  1028 10033
  1029 10033
  1030 10033
  1031 10033
  1032 10033
  1033 10033
  1034 10033
  1035 10033
  1036 10033
  1037 10033
  1038 10033
  1039 10033
  1040 10033
  1041 10033
  1042 10033
  1043 10033
  1044 10033
  1045 10033
  1046 10033
  1047 10033
  1048 10033
  1049 10033
  1050 10033
  1051 10033
  1052 10033
  1053 10033
  1054 10033
  1055 10033
  1056 10033
  1057 10033
  1058 10033
  1059 10033
  1060 10033
  1061 10033
  1062 10033
  1063 10033
  1064 10033
  1065 10033
  1066 10033
  1067 10033
  1068 10033
  1069 10033
  1070 10033
  1071 10033
  1072 10033
  1073 10033
  1074 10033
  1075 10033
  1076 10033
  1077 10033
  1078 10033
  1079 10033
  1080 10033
  1081 10033
  1082 10033
  1083 10033
  1084 10033
  1085 10033
  1086 10033
  1087 10033
  1088 10033
  1089 10033
  1090 10033
  1091 10033
  1092 10033
  1093 10033
  1094 10033
  1095 10033
  1096 10033
  1097 10033
  1098 10033
  1099 10033
  1100 10033
  1101 10033
  1102 10033
  1103 10033
  1104 10033
  1105 10033
  1106 10033
  1107 10033
  1108 10033
  1109 10033
  1110 10033
  1111 10033
  1112 10033
  1113 10033
  1114 10033
  1115 10033
  1116 10033
  1117 10033
  1118 10033
  1119 10033
  1120 10033
  1121 10033
  1122 10033
  1123 10033
  1124 10033
  1125 10033
  1126 10033
  1127 10033
  1128 10033
  1129 10033
  1130 10033
  1131 10033
  1132 10033
  1133 10033
  1134 10033
  1135 10033
  1136 10033
  1137 10033
  1138 10033
  1139 10033
  1140 10033
  1141 10033
  1142 10033
  1143 10033
  1144 10033
  1145 10033
  1146 10033
  1147 10033
  1148 10033
  1149 10033
  1150 10033
  1151 10033
  1152 10033
  1153 10033
  1154 10033
  1155 10033
  1156 10033
  1157 10033
  1158 10033
  1159 10033
  1160 10033
  1161 10033
  1162 10033
  1163 10033
  1164 10033
  1165 10033
  1166 10033
  1167 10033
  1168 10033
  1169 10033
  1170 10033
  1171 10033
  1172 10033
  1173 10033
  1174 10033
  1175 10033
  1176 10033
  1177 10033
  1178 10033
  1179 10033
  1180 10033
  1181 10033
  1182 10033
  1183 10033
  1184 10033
  1185 10033
  1186 10033
  1187 10033
  1188 10033
  1189 10033
  1190 10033
  1191 10033
  1192 10033
  1193 10033
  1194 10033
  1195 10033
  1196 10033
  1197 10033
  1198 10033
  1199 10033
  1200 10033
  1201 10033
  1202 10033
  1203 10033
  1204 10033
  1205 10033
  1206 10033
  1207 10033
  1208 10033
  1209 10033
  1210 10033
  1211 10033
  1212 10033
  1213 10033
  1214 10033
  1215 10033
  1216 10033
  1217 10033
  1218 10033
  1219 10033
  1220 10033
  1221 10033
  1222 10033
  1223 10033
  1224 10033
  1225 10033
  1226 10033
  1227 10033
  1228 10033
  1229 10033
  1230 10033
  1231 10033
  1232 10033
  1233 10033
  1234 10033
  1235 10033
  1236 10061
  1237 10061
  1238 10033
  1239 10130
  1240 10130
  1241 10130
  1242 10016
  1243 10016
  1244 10016
  1245 10016
  1246 10016
  1247 10016
  1248 10016
  1249 10016
  1250 10016
  1251 10016
  1252 10016
  1253 10016
  1254 10016
  1255 10016
  1256 10016
  1257 10016
  1258 10016
  1259 10016
  1260 10143
  1261 10016
  1262 10143
  1263 10143
  1264 10143
  1265 10095
  1266 10095
  1267 10095
  1268 10095
  1269 10095
  1270 10095
  1271 10095
  1272 10095
  1273 10095
  1274 10095
  1275 10095
  1276 10095
  1277 10095
  1278 10095
  1279 10095
  1280 10095
  1281 10095
  1282 10095
  1283 10095
  1284 10095
  1285 10095
  1286 10095
  1287 10095
  1288 10095
  1289 10095
  1290 10095
  1291 10095
  1292 10095
  1293 10095
  1294 10095
  1295 10095
  1296 10095
  1297 10095
  1298 10095
  1299 10095
  1300 10095
  1301 10095
  1302 10095
  1303 10095
  1304 10095
  1305 10095
  1306 10095
  1307 10095
  1308 10095
  1309 10095
  1310 10095
  1311 10095
  1312 10095
  1313 10095
  1314 10095
  1315 10095
  1316 10095
  1317 10095
  1318 10095
  1319 10095
  1320 10095
  1321 10095
  1322 10095
  1323 10095
  1324 10095
  1325 10095
  1326 10095
  1327 10095
  1328 10095
  1329 10095
  1330 10095
  1331 10095
  1332 10095
  1333 10095
  1334 10095
  1335 10095
  1336 10095
  1337 10095
  1338 10095
  1339 10095
  1340 10095
  1341 10095
  1342 10095
  1343 10095
  1344 10095
  1345 10095
  1346 10095
  1347 10095
  1348 10095
  1349 10095
  1350 10095
  1351 10095
  1352 10095
  1353 10095
  1354 10091
  1355 10091
  1356 10091
  1357 10091
  1358 10091
  1359 10091
  1360 10091
  1361 10091
  1362 10091
  1363 10091
  1364 10091
  1365 10091
  1366 10091
  1367 10091
  1368 10091
  1369 10091
  1370 10091
  1371 10091
  1372 10091
  1373 10091
  1374 10091
  1375 10091
  1376 10091
  1377 10091
  1378 10091
  1379 10091
  1380 10091
  1381 10091
  1382 10091
  1383 10091
  1384 10091
  1385 10091
  1386 10091
  1387 10091
  1388 10091
  1389 10091
  1390 10091
  1391 10091
  1392 10091
  1393 10091
  1394 10091
  1395 10091
  1396 10091
  1397 10091
  1398 10091
  1399 10091
  1400 10091
  1401 10091
  1402 10091
  1403 10091
  1404 10091
  1405 10091
  1406 10091
  1407 10091
  1408 10091
  1409 10091
  1410 10091
  1411 10091
  1412 10091
  1413 10091
  1414 10091
  1415 10091
  1416 10091
  1417 10091
  1418 10091
  1419 10091
  1420 10091
  1421 10091
  1422 10091
  1423 10091
  1424 10091
  1425 10091
  1426 10091
  1427 10091
  1428 10091
  1429 10091
  1430 10091
  1431 10091
  1432 10091
  1433 10091
  1434 10091
  1435 10091
  1436 10091
  1437 10091
  1438 10091
  1439 10091
  1440 10091
  1441 10091
  1442 10091
  1443 10091
  1444 10091
  1445 10091
  1446 10091
  1447 10091
  1448 10091
  1449 10091
  1450 10091
  1451 10091
  1452 10091
  1453 10091
  1454 10091
  1455 10091
  1456 10091
  1457 10091
  1458 10091
  1459 10091
  1460 10091
  1461 10091
  1462 10091
  1463 10091
  1464 10091
  1465 10091
  1466 10091
  1467 10091
  1468 10091
  1469 10091
  1470 10091
  1471 10091
  1472 10091
  1473 10091
  1474 10091
  1475 10091
  1476 10091
  1477 10091
  1478 10091
  1479 10091
  1480 10091
  1481 10091
  1482 10091
  1483 10091
  1484 10091
  1485 10091
  1486 10091
  1487 10091
  1488 10091
  1489 10091
  1490 10091
  1491 10091
  1492 10091
  1493 10091
  1494 10091
  1495 10091
  1496 10091
  1497 10016
  1498 10016
  1499 10016
  1500 10016
  1501 10036
  1502 10036
  1503 10055
  1504 10018
  1505 10018
  1506 10018
  1507 10018
  1508 10018
  1509 10018
  1510 10018
  1511 10158
  1512 10140
  1513 10140
  1514 10140
  1515 10140
  1516 10023
  1517 10140
  1518 10140
  1519 10140
  1520 10140
  1521 10140
  1522 10140
  1523 10140
  1524 10140
  1525 10140
  1526 10140
  1527 10055
  1528 10055
  1529 10055
  1530 10055
  1531 10055
  1532 10018
  1533 10018
  1534 10140
  1535 10140
  1536 10140
  1537 10140
  1538 10140
  1539 10140
  1540 10140
  1541 10140
  1542 10140
  1543 10140
  1544 10140
  1545 10140
  1546 10140
  1547 10140
  1548 10140
  1549 10140
  1550 10140
  1551 10158
  1552 10140
  1553 10140
  1554 10055
  1555 10055
  1556 10055
  1557 10055
  1558 10055
  1559 10055
  1560 10014
  1561 10143
  1562 10143
  1563 10016
  1564 10016
  1565 10143
  1566 10143
  1567 10143
  1568 10143
  1569 10143
  1570 10143
  1571 10143
  1572 10016
  1573 10016
  1574 10016
  1575 10016
  1576 10016
  1577 10016
  1578 10016
  1579 10016
  1580 10016
  1581 10016
  1582 10154
  1583 10143
  1584 10016
  1585 10016
  1586 10143
  1587 10016
  1588 10154
  1589 10154
  1590 10154
  1591 10154
  1592 10154
  1593 10154
  1594 10016
  1595 10143
  1596 10016
  1597 10016
  1598 10016
  1599 10016
  1600 10154
  1601 10154
  1602 10016
  1603 10154
  1604 10154
  1605 10154
  1606 10130
  1607 10154
  1608 10014
  1609 10014
  1610 10014
  1611 10154
  1612 10016
  1613 10016
  1614 10016
  1615 10016
  1616 10016
  1617 10016
  1618 10154
  1619 10154
  1620 10154
  1623 10163
  1628 10019
  1629 10019
  1630 10011
  1631 10011
  1632 10011
  1633 10011
  1634 10011
  1635 10011
  1636 10011
  1637 10011
  1638 10011
  1639 10011
  1640 10011
  1641 10011
  1642 10011
  1643 10011
  1644 10011
  1645 10011
  1646 10011
  1647 10011
  1648 10011
  1649 10011
  1650 10011
  1651 10011
  1652 10011
  1653 10011
  1654 10011
  1655 10011
  1656 10011
  1657 10011
  1658 10011
  1659 10011
  1660 10011
  1661 10011
  1662 10011
  1663 10011
  1664 10011
  1665 10011
  1666 10011
  1667 10011
  1668 10011
  1669 10011
  1670 10011
  1671 10011
  1672 10011
  1673 10011
  1674 10011
  1675 10011
  1676 10011
  1677 10011
  1678 10011
  1679 10011
  1680 10011
  1681 10011
  1682 10011
  1683 10011
  1684 10011
  1685 10011
  1686 10011
  1687 10011
  1688 10011
  1689 10011
  1690 10011
  1691 10011
  1692 10011
  1693 10011
  1694 10011
  1695 10011
  1696 10011
  1697 10011
  1698 10011
  1699 10011
  1700 10011
  1701 10011
  1702 10011
  1703 10011
  1704 10011
  1705 10011
  1706 10011
  1707 10011
  1708 10011
  1709 10011
  1710 10011
  1711 10011
  1712 10011
  1713 10011
  1714 10011
  1715 10011
  1716 10011
  1717 10011
  1718 10011
  1719 10011
  1720 10011
  1721 10011
  1722 10011
  1723 10011
  1724 10011
  1725 10011
  1726 10011
  1727 10011
  1728 10011
  1729 10011
  1730 10011
  1731 10011
  1732 10011
  1733 10011
  1734 10011
  1735 10011
  1736 10011
  1737 10011
  1738 10011
  1739 10011
  1740 10011
  1741 10011
  1742 10011
  1743 10011
  1744 10011
  1745 10011
  1746 10011
  1747 10011
  1748 10011
  1749 10011
  1750 10011
  1751 10011
  1752 10011
  1753 10011
  1754 10011
  1755 10011
  1756 10011
  1757 10011
  1758 10011
  1759 10011
  1760 10011
  1761 10011
  1762 10011
  1763 10011
  1764 10011
  1765 10011
  1766 10011
  1767 10011
  1768 10011
  1769 10011
  1770 10011
  1771 10011
  1772 10011
  1773 10011
  1774 10011
  1775 10011
  1776 10011
  1777 10011
  1778 10011
  1779 10011
  1780 10011
  1781 10011
  1782 10011
  1783 10011
  1784 10011
  1785 10011
  1786 10011
  1787 10011
  1788 10011
  1789 10011
  1790 10011
  1791 10011
  1792 10011
  1793 10011
  1794 10011
  1795 10011
  1796 10011
  1797 10011
  1798 10011
  1799 10011
  1800 10011
  1801 10011
  1802 10011
  1803 10011
  1804 10011
  1805 10011
  1806 10011
  1807 10011
  1808 10011
  1809 10011
  1810 10011
  1811 10011
  1812 10011
  1813 10011
  1814 10011
  1815 10011
  1816 10011
  1817 10011
  1818 10011
  1819 10011
  1820 10011
  1821 10011
  1822 10011
  1823 10011
  1824 10011
  1825 10011
  1826 10011
  1827 10011
  1828 10011
  1829 10011
  1830 10011
  1831 10011
  1832 10011
  1833 10011
  1834 10011
  1835 10011
  1836 10011
  1837 10011
  1838 10011
  1839 10011
  1840 10011
  1841 10011
  1842 10011
  1843 10011
  1844 10011
  1845 10011
  1846 10011
  1847 10011
  1848 10011
  1849 10011
  1850 10011
  1851 10011
  1852 10011
  1853 10011
  1863 10074
  1864 10074
  1865 10143
  1866 10153
  1867 10153
  1868 10153
  1869 10153
  1870 10016
  1871 10016
  1872 10016
  1873 10016
  1874 10016
  1875 10016
  1876 10016
  1877 10016
  1878 10016
  1879 10016
  1880 10016
  1881 10016
  1882 10016
  1883 10016
  1884 10016
  1885 10016
  1886 10016
  1887 10014
  1888 10016
  1889 10016
  1890 10016
  1891 10016
  1892 10016
  1893 10016
  1894 10016
  1895 10016
  1896 10016
  1897 10016
  1898 10016
  1899 10016
  1900 10016
  1901 10016
  1902 10016
  1903 10154
  1904 10154
  1905 10158
  1906 10158
  1907 10158
  1908 10158
  1909 10158
  1910 10158
  1911 10055
  1912 10055
  1913 10055
  1915 10141
  1916 10141
  1917 10141
  1918 10141
  1919 10141
  1923 10049
  1924 10049
  1925 10049
  1926 10049
  1927 10049
  1928 10049
  1929 10049
  1930 10049
  1931 10049
  1932 10049
  1933 10049
  1934 10049
  1935 10028
  1936 10019
  1937 10028
