   700 10147
   701 10122
   702 10122
   703 10122
   704 10122
   705 10122
   706 10122
   707 10122
   708 10122
   709 10122
   710 10122
   711 10122
   712 10122
   713 10122
   714 10122
   715 10122
   716 10122
   717 10122
   718 10122
   719 10122
   720 10122
   721 10122
   722 10122
   723 10122
   724 10122
   725 10122
   726 10122
   727 10122
   728 10122
   729 10122
   730 10122
   731 10122
   732 10122
   733 10122
   734 10122
   735 10122
   736 10122
   737 10122
   738 10122
   739 10122
   740 10122
   741 10122
   742 10122
   743 10122
   744 10122
   745 10122
   746 10122
   747 10122
   748 10122
   749 10122
   750 10122
   751 10122
   752 10122
   753 10122
   754 10122
   755 10122
   756 10122
   757 10122
   758 10122
   759 10122
   760 10122
   761 10122
   762 10122
   763 10122
   764 10122
   765 10122
   766 10122
   767 10122
   768 10122
   769 10122
   770 10122
   771 10122
   772 10122
   773 10122
   774 10122
   775 10122
   776 10122
   777 10122
   781 10120
   782 10120
   783 10120
   784 10120
   785 10120
   786 10120
   787 10120
   788 10120
   789 10120
   790 10120
   791 10120
   792 10120
   793 10120
   794 10120
   795 10120
   796 10120
   797 10120
   798 10120
   799 10120
   800 10120
   801 10120
   802 10120
   803 10120
   804 10120
   805 10120
   806 10120
   807 10120
   808 10120
   809 10120
   810 10120
   811 10120
   812 10120
   813 10120
   814 10120
   815 10120
   816 10120
   817 10120
   818 10120
   819 10120
   820 10120
   821 10120
   822 10120
   823 10120
   824 10120
   825 10120
   826 10120
   827 10120
   828 10120
   829 10120
   830 10120
   831 10120
   832 10120
   833 10120
   834 10120
   835 10120
   836 10120
   837 10120
   838 10120
   839 10120
   840 10120
   841 10120
   842 10120
   843 10120
   844 10120
   845 10120
   846 10120
   847 10120
   848 10120
   849 10120
   850 10120
   851 10120
   852 10120
   853 10120
   854 10120
   855 10120
   856 10120
   857 10120
   858 10120
   859 10120
   860 10120
   861 10120
   862 10120
   863 10120
   864 10120
   865 10120
   866 10120
   867 10120
   868 10120
   869 10120
   870 10120
   871 10120
   872 10120
   873 10120
   874 10120
   875 10120
   876 10120
   877 10120
   878 10120
   879 10120
   880 10120
   881 10120
   882 10120
   883 10120
   884 10120
   885 10120
   886 10120
   887 10120
   888 10120
   889 10120
   890 10120
   891 10120
   892 10120
   893 10120
   894 10120
   895 10120
   896 10120
   897 10120
   898 10120
   899 10120
   900 10120
   901 10120
   902 10120
   903 10120
   904 10120
   905 10120
   906 10120
   907 10120
   908 10120
   909 10120
   910 10120
   911 10120
   912 10120
   913 10120
   914 10120
   915 10120
   916 10120
   917 10120
   918 10120
   919 10120
   920 10120
   921 10120
   922 10120
   923 10120
   924 10120
   925 10120
   926 10120
   927 10120
   928 10120
   929 10120
   930 10120
   931 10120
   932 10120
   933 10120
   934 10120
   935 10120
   936 10120
   937 10120
   938 10120
   939 10120
   940 10120
   941 10120
   942 10120
   943 10120
   944 10120
   945 10120
   946 10120
   947 10120
   948 10120
   949 10120
   950 10120
   951 10120
   952 10120
   953 10120
   954 10120
   955 10120
   956 10120
   957 10120
   958 10120
   959 10120
   960 10120
   961 10120
   962 10120
   963 10120
   964 10120
   965 10120
   966 10120
   967 10120
   968 10120
   969 10120
   970 10120
   971 10120
   972 10120
   973 10120
   974 10120
   975 10120
   976 10120
   977 10120
   978 10120
   979 10120
   980 10120
   981 10120
   982 10120
   983 10120
   995 10120
   996 10120
   997 10120
   998 10120
   999 10120
  1000 10120
  1001 10120
  1002 10120
  1003 10120
  1004 10120
  1005 10120
  1006 10120
  1007 10120
  1008 10120
  1009 10120
  1010 10120
  1011 10120
  1012 10120
  1013 10120
  1014 10120
  1015 10120
  1016 10120
  1017 10120
  1018 10120
  1019 10120
  1026 10067
  1027 10067
  1028 10067
  1029 10067
  1030 10067
  1031 10067
  1032 10067
  1033 10067
  1034 10067
  1035 10067
  1036 10067
  1037 10067
  1038 10067
  1039 10067
  1040 10067
  1041 10067
  1042 10067
  1043 10067
  1044 10067
  1045 10067
  1046 10067
  1047 10067
  1048 10067
  1049 10067
  1050 10067
  1051 10067
  1052 10067
  1053 10067
  1054 10067
  1055 10067
  1056 10067
  1057 10067
  1058 10067
  1059 10067
  1060 10163
  1061 10163
  1062 10067
  1063 10163
  1064 10067
  1065 10067
  1066 10067
  1067 10067
  1068 10067
  1069 10067
  1070 10067
  1071 10067
  1072 10067
  1073 10067
  1074 10067
  1075 10067
  1076 10067
  1077 10067
  1078 10067
  1079 10067
  1080 10067
  1081 10067
  1082 10067
  1083 10067
  1085 10067
  1086 10067
  1087 10067
  1088 10067
  1089 10067
  1090 10067
  1091 10067
  1092 10067
  1093 10067
  1094 10067
  1095 10067
  1096 10067
  1097 10067
  1098 10067
  1099 10067
  1100 10067
  1101 10067
  1102 10067
  1103 10067
  1104 10067
  1105 10067
  1112 10067
  1113 10067
  1114 10067
  1115 10067
  1116 10067
  1135 10067
  1136 10067
  1137 10067
  1138 10067
  1139 10067
  1140 10067
  1141 10067
  1142 10067
  1143 10067
  1144 10067
  1145 10067
  1146 10067
  1147 10067
  1148 10067
  1149 10067
  1150 10067
  1151 10067
  1152 10067
  1153 10067
  1154 10067
  1155 10067
  1156 10067
  1157 10067
  1158 10067
  1159 10067
  1160 10067
  1161 10067
  1162 10067
  1163 10067
  1164 10067
  1165 10067
  1166 10067
  1167 10067
  1168 10067
  1169 10067
  1170 10067
  1171 10067
  1172 10067
  1173 10067
  1174 10067
  1175 10067
  1176 10067
  1177 10067
  1178 10067
  1179 10067
  1180 10067
  1181 10067
  1182 10067
  1183 10067
  1184 10067
  1185 10067
  1186 10067
  1187 10067
  1188 10067
  1189 10067
  1190 10067
  1191 10067
  1192 10067
  1193 10067
  1194 10067
  1195 10067
  1196 10067
  1197 10067
  1198 10067
  1199 10067
  1200 10067
  1201 10067
  1202 10067
  1203 10067
  1204 10067
  1205 10067
  1206 10067
  1207 10067
  1208 10067
  1209 10067
  1210 10067
  1211 10067
  1212 10067
  1213 10067
  1214 10067
  1215 10067
  1216 10067
  1217 10067
  1218 10067
  1219 10067
  1220 10067
  1221 10067
  1222 10067
  1223 10067
  1224 10067
  1225 10067
  1226 10067
  1227 10067
  1228 10067
  1229 10067
  1230 10067
  1231 10067
  1232 10067
  1233 10067
  1234 10067
  1235 10067
  1236 10067
  1237 10067
  1238 10067
  1239 10067
  1240 10067
  1241 10067
  1242 10067
  1243 10067
  1244 10067
  1245 10067
  1246 10067
  1247 10067
  1248 10067
  1249 10067
  1250 10163
  1252 10043
  1254 10019
  1255 10041
  1256 10041
  1257 10017
  1258 10041
  1259 10082
  1260 10019
  1269 10023
  1270 10023
  1271 10023
  1272 10023
  1273 10023
  1274 10023
  1275 10023
  1276 10023
  1277 10023
  1278 10023
  1279 10023
  1280 10023
  1281 10126
  1282 10126
  1283 10126
  1284 10126
  1285 10126
  1286 10126
  1287 10126
  1288 10126
  1289 10126
  1290 10126
  1291 10126
  1292 10126
  1293 10126
  1294 10126
  1295 10126
  1296 10126
  1297 10126
  1298 10126
  1299 10126
  1300 10126
  1301 10126
  1302 10126
  1303 10126
  1304 10126
  1305 10126
  1306 10126
  1307 10126
  1308 10126
  1309 10126
  1310 10126
  1311 10126
  1312 10126
  1313 10126
  1314 10126
  1315 10126
  1316 10126
  1317 10126
  1318 10126
  1319 10126
  1320 10126
  1321 10126
  1322 10126
  1323 10126
  1324 10126
  1325 10126
  1326 10126
  1327 10126
  1328 10126
  1329 10126
  1330 10126
  1331 10126
  1332 10126
  1333 10126
  1334 10126
  1335 10126
  1336 10126
  1337 10126
  1338 10126
  1339 10126
  1340 10126
  1341 10126
  1342 10126
  1343 10126
  1344 10126
  1345 10126
  1346 10126
  1347 10126
  1348 10126
  1349 10126
  1350 10126
  1351 10126
  1352 10126
  1353 10126
  1354 10126
  1355 10126
  1356 10126
  1357 10126
  1358 10126
  1359 10126
  1360 10126
  1361 10126
  1362 10126
  1363 10126
  1364 10126
  1365 10126
  1366 10126
  1367 10126
  1368 10126
  1369 10126
  1370 10126
  1371 10126
  1372 10126
  1373 10126
  1374 10126
  1375 10126
  1376 10126
  1377 10126
  1378 10126
  1379 10126
  1380 10126
  1381 10126
  1382 10126
  1383 10126
  1384 10126
  1385 10126
  1386 10126
  1387 10126
  1388 10126
  1389 10126
  1390 10126
  1391 10126
  1392 10126
  1393 10126
  1394 10126
  1395 10126
  1396 10126
  1397 10126
  1398 10126
  1399 10126
  1400 10126
  1401 10126
  1402 10126
  1403 10126
  1404 10126
  1405 10126
  1406 10126
  1407 10126
  1408 10126
  1409 10126
  1410 10126
  1411 10126
  1412 10126
  1413 10126
  1414 10126
  1415 10126
  1416 10126
  1417 10126
  1418 10126
  1419 10126
  1420 10126
  1421 10126
  1422 10126
  1423 10126
  1424 10126
  1425 10126
  1426 10126
  1427 10126
  1428 10126
  1429 10126
  1430 10126
  1431 10126
  1432 10126
  1433 10126
  1434 10126
  1435 10126
  1436 10126
  1437 10126
  1438 10126
  1439 10126
  1440 10126
  1441 10126
  1442 10126
  1443 10126
  1444 10126
  1445 10126
  1446 10126
  1447 10126
  1448 10126
  1449 10126
  1450 10126
  1451 10126
  1452 10126
  1453 10126
  1454 10126
  1455 10126
  1456 10126
  1457 10126
  1458 10126
  1459 10126
  1460 10126
  1461 10126
  1462 10126
  1463 10126
  1464 10126
  1465 10126
  1466 10126
  1467 10126
  1468 10126
  1469 10126
  1470 10126
  1471 10126
  1472 10126
  1473 10126
  1474 10126
  1475 10126
  1476 10126
  1477 10126
  1478 10126
  1479 10126
  1480 10126
  1481 10126
  1482 10126
  1483 10126
  1484 10126
  1485 10126
  1486 10126
  1487 10126
  1488 10126
  1489 10126
  1490 10126
  1491 10126
  1492 10126
  1493 10126
  1494 10126
  1495 10126
  1496 10126
  1497 10126
  1498 10126
  1499 10126
  1500 10126
  1501 10126
  1502 10126
  1503 10126
  1504 10126
  1505 10126
  1506 10126
  1507 10023
  1510 10106
  1511 10018
  1512 10106
  1513 10040
  1514 10018
  1515 10018
  1516 10018
  1517 10018
  1518 10018
  1519 10158
  1520 10158
  1521 10158
  1522 10158
  1523 10106
  1524 10040
  1525 10106
  1526 10106
  1527 10018
  1528 10018
  1529 10106
  1530 10106
  1531 10106
  1532 10040
  1533 10040
  1534 10040
  1535 10040
  1536 10040
  1537 10040
  1538 10106
  1539 10040
  1540 10040
  1541 10040
  1542 10040
  1543 10040
  1545 10106
  1548 10040
  1549 10040
  1550 10040
  1557 10040
  1558 10040
  1559 10040
  1560 10040
  1561 10040
  1562 10106
  1563 10040
  1564 10106
  1565 10040
  1566 10040
  1570 10106
  1571 10106
  1572 10040
  1573 10018
  1574 10055
  1575 10106
  1576 10106
  1577 10106
  1578 10106
  1579 10106
  1580 10106
  1581 10040
  1582 10106
  1583 10106
  1584 10106
  1585 10106
  1586 10106
  1587 10106
  1588 10106
  1589 10106
  1590 10106
  1591 10106
  1592 10106
  1593 10106
  1594 10106
  1595 10040
  1596 10106
  1597 10106
  1598 10106
  1599 10106
  1600 10106
  1601 10106
  1602 10106
  1603 10106
  1604 10106
  1605 10106
  1606 10106
  1607 10106
  1608 10106
  1609 10076
  1610 10076
  1611 10106
  1612 10106
  1613 10106
  1614 10106
  1615 10106
  1616 10106
  1617 10106
  1618 10106
  1620 10154
  1621 10016
  1622 10154
  1623 10081
  1624 10153
  1625 10153
  1626 10153
  1627 10153
  1628 10153
  1629 10153
  1630 10153
  1631 10153
  1632 10153
  1633 10153
  1634 10153
  1635 10153
  1636 10153
  1637 10153
  1638 10153
  1639 10153
  1640 10153
  1641 10153
  1642 10153
  1643 10153
  1644 10153
  1645 10153
  1646 10153
  1647 10153
  1648 10153
  1649 10153
  1650 10153
  1651 10153
  1652 10153
  1653 10153
  1654 10153
  1655 10153
  1656 10153
  1657 10153
  1658 10153
  1659 10153
  1660 10153
  1661 10153
  1662 10153
  1663 10153
  1664 10153
  1665 10153
  1666 10153
  1667 10153
  1668 10153
  1669 10153
  1670 10153
  1671 10153
  1672 10153
  1673 10153
  1674 10153
  1675 10153
  1676 10153
  1677 10153
  1678 10153
  1679 10153
  1680 10153
  1681 10153
  1682 10153
  1683 10153
  1684 10153
  1685 10153
  1686 10153
  1687 10153
  1688 10153
  1689 10153
  1690 10153
  1691 10153
  1692 10153
  1693 10153
  1694 10153
  1695 10153
  1696 10153
  1697 10153
  1698 10153
  1699 10153
  1700 10153
  1701 10153
  1702 10153
  1703 10153
  1704 10153
  1705 10153
  1706 10153
  1707 10153
  1708 10153
  1709 10153
  1710 10153
  1711 10153
  1712 10153
  1713 10153
  1714 10153
  1715 10153
  1716 10153
  1717 10153
  1718 10153
  1719 10153
  1720 10153
  1721 10153
  1722 10153
  1723 10153
  1724 10153
  1725 10153
  1726 10153
  1727 10153
  1728 10153
  1729 10153
  1730 10153
  1731 10153
  1732 10153
  1733 10153
  1734 10153
  1735 10153
  1736 10153
  1737 10153
  1738 10153
  1739 10153
  1740 10153
  1741 10153
  1742 10153
  1743 10153
  1744 10153
  1745 10153
  1746 10153
  1747 10153
  1748 10153
  1749 10153
  1750 10153
  1751 10153
  1752 10153
  1753 10153
  1754 10153
  1755 10153
  1756 10153
  1757 10153
  1758 10153
  1759 10153
  1760 10153
  1761 10153
  1762 10153
  1763 10153
  1764 10153
  1765 10153
  1766 10153
  1767 10153
  1768 10153
  1769 10153
  1770 10153
  1771 10153
  1772 10153
  1773 10153
  1774 10153
  1775 10153
  1776 10153
  1777 10153
  1778 10153
  1779 10153
  1780 10153
  1781 10153
  1782 10153
  1783 10153
  1784 10153
  1785 10153
  1786 10153
  1787 10153
  1788 10153
  1789 10153
  1790 10153
  1791 10153
  1792 10153
  1793 10153
  1794 10153
  1795 10153
  1796 10153
  1797 10153
  1798 10153
  1799 10081
  1800 10081
  1801 10081
  1802 10081
  1803 10081
  1804 10081
  1805 10081
  1806 10153
  1807 10153
  1808 10153
  1809 10153
  1810 10153
  1811 10153
  1812 10153
  1813 10153
  1814 10153
  1815 10153
  1816 10153
  1817 10153
  1818 10153
  1819 10153
  1820 10153
  1821 10153
  1822 10153
  1823 10153
  1824 10153
  1825 10153
  1826 10153
  1827 10153
  1828 10157
  1829 10157
  1830 10153
  1831 10153
  1832 10153
  1833 10153
  1834 10153
  1835 10153
  1836 10153
  1837 10153
  1838 10153
  1839 10153
  1840 10153
  1841 10153
  1842 10153
  1843 10153
  1844 10153
  1845 10153
  1846 10153
  1847 10153
  1848 10153
  1849 10153
  1850 10153
  1851 10153
  1852 10153
  1853 10153
  1854 10153
  1855 10153
  1856 10153
  1857 10153
  1858 10153
  1859 10153
  1860 10153
  1861 10153
  1862 10153
  1863 10153
  1864 10153
  1865 10153
  1866 10153
  1867 10153
  1868 10153
  1869 10153
  1870 10153
  1871 10153
  1872 10153
  1873 10153
  1874 10153
  1875 10153
  1876 10153
  1877 10153
  1878 10153
  1879 10153
  1880 10153
  1881 10153
  1882 10153
  1883 10155
  1884 10155
  1885 10153
  1886 10153
  1887 10153
  1888 10153
  1889 10153
  1890 10153
  1891 10153
  1892 10153
  1893 10153
  1894 10153
  1895 10153
  1896 10153
  1897 10153
  1898 10153
  1899 10153
  1900 10153
  1901 10153
  1902 10153
  1903 10153
  1904 10153
  1905 10153
  1906 10153
  1907 10153
  1908 10153
  1909 10153
  1910 10153
  1911 10153
  1912 10153
  1913 10153
  1914 10153
  1915 10153
  1916 10153
  1917 10153
  1918 10153
  1919 10153
  1920 10157
  1921 10014
  1922 10016
  1923 10016
  1924 10016
  1925 10016
  1926 10016
  1927 10016
  1928 10016
  1929 10016
  1930 10014
  1931 10014
  1932 10016
  1933 10016
  1934 10016
  1935 10016
  1936 10016
  1937 10016
  1938 10016
  1939 10016
  1940 10016
  1941 10016
  1942 10016
  1943 10014
  1944 10016
  1945 10016
  1946 10016
  1947 10016
  1948 10016
  1949 10016
  1950 10016
  1951 10016
  1952 10016
  1953 10016
  1954 10016
  1955 10016
  1956 10016
  1957 10016
  1958 10016
  1959 10154
  1960 10095
  1961 10014
  1962 10014
  1963 10016
  1964 10016
  1965 10016
  1966 10016
  1967 10016
  1968 10016
  1969 10014
  1970 10014
  1971 10014
  1972 10016
  1973 10016
  1974 10016
  1975 10016
  1976 10016
  1977 10074
  1978 10014
  1979 10014
  1980 10014
  1981 10016
  1982 10014
  1983 10016
  1984 10016
  1985 10016
  1986 10016
  1987 10016
  1988 10016
  1989 10016
  1990 10016
  1991 10014
  1992 10014
  1993 10014
  1994 10014
  1995 10014
  1996 10016
  1997 10016
  1998 10016
  1999 10154
  2000 10016
  2001 10143
  2002 10014
  2003 10016
  2004 10016
  2005 10016
  2006 10016
  2007 10016
  2008 10016
  2009 10016
  2010 10154
  2011 10129
  2012 10154
  2013 10129
  2021 10113
  2022 10113
  2023 10113
  2024 10122
  2025 10122
  2026 10122
  2027 10122
  2028 10122
