   601 10147
   602 10147
   624 10029
   625 10029
   626 10029
   627 10029
   628 10029
   636 10147
   637 10029
   638 10029
   639 10029
   640 10029
   641 10029
   642 10029
   643 10029
   644 10029
   645 10029
   646 10029
   647 10029
   648 10029
   649 10029
   650 10029
   651 10029
   652 10029
   653 10029
   654 10029
   659 10029
   660 10029
   661 10029
   662 10029
   663 10029
   664 10029
   665 10029
   666 10029
   667 10029
   668 10029
   669 10029
   670 10029
   671 10029
   672 10029
   676 10029
   677 10029
   678 10029
   679 10029
   680 10029
   683 10029
   684 10029
   685 10029
   686 10029
   687 10029
   692 10081
   693 10120
   694 10120
   695 10120
   696 10120
   697 10120
   698 10120
   699 10120
   700 10120
   701 10120
   702 10120
   703 10120
   704 10120
   705 10120
   706 10120
   707 10120
   708 10120
   709 10120
   710 10120
   711 10120
   712 10120
   713 10120
   714 10120
   715 10120
   716 10120
   717 10120
   718 10120
   719 10120
   720 10120
   721 10120
   722 10120
   723 10120
   724 10120
   725 10120
   726 10120
   727 10120
   728 10120
   729 10120
   730 10120
   731 10120
   732 10120
   733 10120
   734 10120
   735 10120
   736 10120
   737 10120
   738 10120
   739 10120
   740 10120
   741 10120
   742 10120
   743 10120
   744 10120
   745 10120
   746 10120
   747 10120
   748 10120
   749 10120
   750 10120
   751 10120
   752 10120
   753 10120
   754 10120
   755 10120
   756 10120
   757 10120
   758 10120
   759 10120
   760 10120
   761 10120
   762 10120
   763 10120
   764 10120
   765 10120
   766 10120
   767 10120
   768 10120
   769 10120
   770 10120
   771 10120
   772 10120
   773 10120
   774 10120
   775 10120
   776 10120
   777 10120
   778 10120
   779 10120
   780 10120
   781 10120
   782 10120
   783 10120
   784 10120
   785 10029
   786 10029
   787 10029
   788 10029
   789 10029
   790 10029
   791 10029
   792 10029
   793 10029
   794 10029
   795 10029
   796 10029
   797 10029
   798 10029
   799 10029
   800 10029
   801 10029
   802 10029
   803 10029
   804 10029
   805 10029
   806 10029
   807 10029
   808 10029
   809 10029
   810 10029
   811 10029
   812 10029
   813 10029
   814 10029
   815 10029
   816 10029
   817 10029
   818 10029
   819 10029
   820 10029
   821 10029
   822 10029
   823 10029
   824 10029
   825 10029
   826 10029
   827 10029
   828 10029
   829 10029
   830 10029
   831 10029
   832 10029
   833 10029
   834 10029
   835 10029
   836 10029
   837 10029
   838 10029
   839 10029
   840 10029
   841 10029
   842 10029
   843 10029
   844 10029
   845 10029
   846 10029
   847 10029
   848 10029
   849 10029
   850 10029
   851 10029
   852 10029
   853 10029
   854 10029
   855 10029
   856 10029
   857 10029
   858 10029
   859 10029
   860 10029
   861 10029
   862 10029
   863 10029
   864 10029
   865 10029
   866 10029
   867 10029
   868 10029
   869 10029
   870 10029
   871 10029
   872 10029
   873 10029
   874 10029
   875 10029
   876 10029
   877 10029
   878 10029
   879 10029
   880 10029
   881 10029
   882 10029
   883 10029
   884 10029
   885 10029
   886 10029
   887 10029
   888 10029
   889 10029
   890 10029
   891 10029
   892 10029
   893 10029
   894 10029
   895 10029
   896 10029
   897 10029
   898 10029
   899 10029
   900 10029
   901 10029
   902 10029
   903 10029
   904 10029
   905 10029
   906 10029
   907 10029
   908 10029
   909 10029
   910 10029
   911 10029
   912 10029
   913 10029
   914 10029
   915 10029
   916 10029
   917 10029
   918 10029
   919 10029
   920 10029
   921 10029
   922 10029
   923 10029
   924 10029
   925 10029
   926 10029
   927 10029
   928 10029
   929 10029
   930 10029
   931 10029
   932 10029
   933 10029
   934 10029
   935 10029
   936 10029
   937 10029
   938 10029
   939 10029
   940 10029
   941 10029
   942 10029
   943 10029
   944 10029
   945 10029
   946 10029
   947 10029
   948 10029
   949 10029
   950 10029
   951 10029
   952 10029
   953 10029
   954 10029
   955 10029
   956 10029
   957 10029
   958 10029
   959 10029
   960 10029
   961 10029
   962 10029
   963 10029
   964 10029
   965 10029
   966 10029
   967 10029
   968 10029
   969 10029
   970 10029
   971 10029
   972 10029
   973 10029
   974 10029
   975 10029
   976 10029
   977 10029
   978 10029
   979 10029
   980 10029
   981 10029
   982 10029
   983 10029
   984 10029
   985 10029
   986 10029
   987 10029
   988 10029
   989 10029
   990 10029
   991 10029
   992 10029
   993 10029
   994 10029
   995 10029
   996 10029
   997 10029
   998 10029
   999 10029
  1000 10029
  1001 10029
  1002 10029
  1003 10029
  1004 10029
  1005 10029
  1006 10029
  1007 10029
  1008 10029
  1009 10029
  1010 10029
  1011 10029
  1012 10029
  1013 10029
  1014 10029
  1015 10029
  1016 10029
  1017 10029
  1018 10029
  1019 10029
  1020 10029
  1021 10029
  1022 10029
  1023 10029
  1024 10029
  1025 10029
  1026 10137
  1027 10029
  1028 10154
  1029 10124
  1030 10074
  1031 10154
  1032 10154
  1033 10130
  1034 10130
  1035 10137
  1036 10089
  1037 10089
  1038 10089
  1039 10089
  1040 10089
  1041 10089
  1042 10089
  1043 10089
  1044 10089
  1045 10089
  1046 10089
  1047 10089
  1048 10089
  1049 10089
  1050 10089
  1051 10089
  1052 10089
  1053 10089
  1054 10089
  1055 10089
  1056 10089
  1057 10089
  1058 10089
  1059 10089
  1060 10089
  1061 10089
  1062 10089
  1063 10089
  1064 10089
  1065 10089
  1066 10089
  1067 10089
  1068 10089
  1069 10089
  1070 10089
  1071 10089
  1072 10089
  1073 10089
  1074 10089
  1075 10089
  1076 10089
  1077 10089
  1078 10089
  1079 10089
  1080 10089
  1081 10089
  1082 10089
  1083 10089
  1084 10089
  1085 10089
  1086 10089
  1087 10089
  1088 10089
  1089 10089
  1090 10089
  1091 10089
  1092 10089
  1093 10089
  1094 10089
  1095 10089
  1096 10089
  1097 10089
  1098 10089
  1099 10089
  1100 10089
  1101 10137
  1102 10089
  1103 10089
  1104 10089
  1105 10089
  1106 10089
  1107 10089
  1108 10089
  1109 10089
  1110 10089
  1111 10089
  1112 10089
  1113 10089
  1114 10089
  1115 10089
  1116 10089
  1117 10137
  1118 10089
  1119 10089
  1120 10089
  1121 10089
  1122 10089
  1123 10016
  1124 10089
  1125 10089
  1126 10089
  1127 10089
  1128 10089
  1129 10089
  1130 10089
  1131 10089
  1132 10089
  1133 10089
  1134 10089
  1135 10089
  1136 10089
  1137 10089
  1138 10089
  1139 10089
  1140 10089
  1141 10089
  1142 10089
  1143 10089
  1144 10089
  1145 10089
  1146 10089
  1147 10089
  1148 10089
  1149 10089
  1150 10089
  1151 10089
  1152 10089
  1153 10089
  1154 10089
  1155 10089
  1156 10089
  1157 10089
  1158 10089
  1159 10089
  1160 10089
  1161 10089
  1162 10089
  1163 10089
  1164 10089
  1165 10089
  1166 10089
  1167 10089
  1168 10089
  1169 10089
  1170 10089
  1171 10089
  1172 10089
  1173 10089
  1174 10089
  1175 10089
  1176 10089
  1177 10089
  1178 10089
  1179 10089
  1180 10089
  1181 10089
  1182 10089
  1183 10089
  1184 10089
  1185 10089
  1186 10089
  1187 10089
  1188 10089
  1189 10089
  1190 10089
  1191 10089
  1192 10089
  1193 10089
  1194 10089
  1195 10089
  1196 10089
  1197 10089
  1198 10089
  1199 10089
  1200 10089
  1201 10089
  1202 10089
  1203 10089
  1204 10089
  1205 10089
  1206 10089
  1207 10089
  1208 10089
  1209 10089
  1210 10089
  1211 10089
  1212 10089
  1213 10089
  1214 10089
  1215 10089
  1216 10089
  1217 10089
  1218 10089
  1219 10089
  1220 10089
  1221 10089
  1222 10089
  1223 10089
  1224 10089
  1225 10089
  1226 10089
  1227 10089
  1228 10089
  1229 10089
  1230 10089
  1231 10089
  1232 10089
  1233 10089
  1234 10089
  1235 10089
  1236 10089
  1237 10089
  1238 10089
  1239 10089
  1240 10089
  1241 10089
  1242 10089
  1243 10089
  1244 10089
  1245 10089
  1246 10089
  1247 10089
  1248 10089
  1249 10089
  1250 10089
  1251 10089
  1252 10089
  1253 10089
  1254 10089
  1255 10089
  1256 10089
  1257 10089
  1258 10089
  1259 10089
  1260 10089
  1261 10137
  1262 10137
  1263 10137
  1264 10137
  1265 10137
  1266 10137
  1267 10137
  1268 10137
  1269 10137
  1270 10137
  1271 10137
  1272 10137
  1273 10137
  1274 10137
  1275 10137
  1276 10137
  1277 10137
  1278 10137
  1279 10137
  1280 10137
  1281 10137
  1282 10137
  1283 10137
  1284 10137
  1285 10137
  1286 10137
  1287 10137
  1288 10137
  1289 10137
  1290 10137
  1291 10137
  1292 10137
  1293 10137
  1294 10137
  1295 10137
  1296 10137
  1297 10137
  1298 10137
  1299 10137
  1300 10137
  1301 10137
  1302 10137
  1303 10137
  1304 10137
  1305 10137
  1306 10137
  1307 10137
  1308 10137
  1309 10137
  1310 10137
  1311 10137
  1312 10137
  1313 10137
  1314 10137
  1315 10137
  1316 10137
  1317 10137
  1318 10137
  1319 10137
  1320 10137
  1321 10137
  1322 10137
  1323 10137
  1324 10137
  1325 10137
  1326 10137
  1327 10137
  1328 10137
  1329 10137
  1330 10137
  1331 10137
  1332 10137
  1333 10137
  1334 10137
  1335 10137
  1336 10137
  1337 10137
  1338 10137
  1339 10137
  1340 10137
  1341 10137
  1342 10137
  1343 10137
  1344 10137
  1345 10137
  1346 10137
  1347 10137
  1348 10137
  1349 10137
  1350 10137
  1351 10137
  1352 10137
  1353 10137
  1354 10137
  1355 10137
  1356 10137
  1357 10137
  1358 10137
  1359 10137
  1364 10137
  1365 10137
  1366 10137
  1367 10137
  1368 10137
  1369 10137
  1370 10137
  1371 10137
  1372 10137
  1373 10137
  1374 10137
  1375 10137
  1376 10137
  1377 10137
  1378 10137
  1379 10137
  1380 10137
  1381 10137
  1382 10137
  1383 10137
  1384 10137
  1385 10137
  1386 10137
  1387 10137
  1388 10137
  1389 10137
  1390 10137
  1391 10137
  1392 10137
  1393 10137
  1394 10137
  1395 10137
  1396 10137
  1397 10137
  1398 10137
  1399 10137
  1400 10137
  1401 10137
  1402 10137
  1403 10137
  1404 10137
  1405 10137
  1406 10137
  1407 10137
  1408 10137
  1409 10137
  1410 10137
  1411 10137
  1412 10137
  1413 10137
  1414 10137
  1415 10137
  1416 10137
  1417 10137
  1418 10137
  1419 10137
  1420 10137
  1421 10137
  1422 10137
  1423 10137
  1424 10137
  1425 10137
  1426 10137
  1427 10137
  1428 10137
  1429 10137
  1430 10137
  1431 10137
  1432 10137
  1433 10137
  1434 10137
  1435 10137
  1436 10137
  1437 10137
  1438 10137
  1439 10137
  1440 10137
  1441 10137
  1442 10137
  1443 10137
  1444 10137
  1445 10137
  1446 10137
  1447 10137
  1448 10137
  1449 10137
  1450 10137
  1451 10137
  1452 10137
  1453 10137
  1454 10137
  1455 10137
  1456 10137
  1457 10137
  1458 10137
  1459 10137
  1460 10137
  1461 10137
  1462 10137
  1463 10137
  1464 10137
  1465 10137
  1466 10137
  1467 10137
  1468 10137
  1469 10137
  1470 10137
  1471 10137
  1472 10137
  1473 10137
  1474 10137
  1475 10137
  1476 10137
  1477 10137
  1478 10137
  1479 10137
  1480 10137
  1481 10137
  1482 10137
  1483 10137
  1484 10137
  1485 10137
  1486 10137
  1487 10137
  1488 10137
  1489 10137
  1490 10137
  1491 10137
  1492 10137
  1493 10137
  1494 10137
  1495 10137
  1498 10154
  1499 10154
  1500 10154
  1501 10154
  1502 10154
  1503 10154
  1504 10154
  1505 10014
  1506 10055
  1507 10098
  1508 10018
  1509 10018
  1510 10018
  1511 10018
  1512 10018
  1513 10018
  1514 10018
  1515 10055
  1516 10040
  1517 10040
  1518 10023
  1519 10023
  1520 10023
  1521 10018
  1522 10055
  1523 10055
  1524 10158
  1525 10158
  1526 10158
  1527 10158
  1528 10158
  1529 10158
  1530 10158
  1531 10140
  1532 10140
  1533 10140
  1534 10140
  1535 10140
  1536 10140
  1537 10140
  1538 10140
  1539 10140
  1540 10140
  1541 10140
  1542 10140
  1543 10140
  1544 10140
  1545 10140
  1546 10140
  1547 10140
  1548 10140
  1549 10158
  1550 10140
  1551 10140
  1552 10140
  1553 10140
  1554 10140
  1555 10140
  1556 10140
  1557 10158
  1558 10140
  1559 10055
  1560 10055
  1561 10055
  1562 10018
  1563 10055
  1564 10018
  1566 10016
  1567 10036
  1568 10154
  1569 10154
  1570 10154
  1571 10154
  1572 10014
  1573 10014
  1574 10014
  1575 10014
  1576 10014
  1577 10014
  1578 10014
  1579 10016
  1580 10016
  1581 10016
  1582 10014
  1583 10014
  1584 10014
  1585 10016
  1586 10036
  1587 10036
  1588 10016
  1589 10154
  1590 10154
  1591 10154
  1592 10154
  1593 10154
  1594 10154
  1595 10154
  1596 10154
  1597 10154
  1598 10154
  1604 10171
  1606 10091
  1607 10091
  1608 10091
  1611 10028
  1612 10011
  1613 10011
  1614 10011
  1615 10011
  1616 10042
  1617 10042
  1618 10042
  1619 10042
  1620 10042
  1621 10151
  1622 10041
  1623 10041
  1624 10041
  1625 10041
  1626 10041
  1627 10041
  1628 10041
  1629 10041
  1630 10041
  1631 10041
  1632 10041
  1633 10041
  1634 10041
  1635 10041
  1636 10041
  1637 10041
  1638 10041
  1639 10041
  1640 10041
  1641 10041
  1642 10041
  1643 10041
  1644 10041
  1645 10041
  1646 10041
  1647 10041
  1648 10041
  1649 10041
  1650 10041
  1651 10041
  1652 10041
  1653 10041
  1654 10041
  1655 10041
  1656 10041
  1657 10041
  1658 10041
  1659 10041
  1660 10041
  1661 10041
  1662 10041
  1663 10041
  1664 10041
  1665 10041
  1666 10041
  1667 10041
  1668 10041
  1669 10041
  1670 10041
  1671 10041
  1672 10041
  1673 10041
  1674 10041
  1675 10041
  1676 10041
  1677 10041
  1678 10041
  1679 10041
  1680 10041
  1681 10041
  1682 10041
  1683 10041
  1684 10041
  1685 10041
  1686 10041
  1687 10041
  1688 10041
  1689 10041
  1690 10041
  1691 10041
  1692 10041
  1693 10041
  1694 10041
  1695 10041
  1696 10041
  1697 10041
  1698 10041
  1699 10041
  1700 10041
  1701 10041
  1702 10041
  1703 10041
  1704 10041
  1705 10041
  1706 10041
  1707 10041
  1708 10041
  1709 10041
  1710 10041
  1711 10041
  1712 10041
  1713 10041
  1714 10041
  1715 10041
  1716 10041
  1717 10041
  1718 10041
  1719 10041
  1720 10041
  1721 10041
  1722 10041
  1723 10041
  1724 10041
  1725 10041
  1726 10041
  1727 10041
  1728 10041
  1729 10041
  1730 10041
  1731 10041
  1732 10041
  1733 10041
  1734 10041
  1735 10041
  1736 10041
  1737 10041
  1738 10041
  1739 10041
  1740 10041
  1741 10041
  1742 10041
  1743 10041
  1744 10041
  1745 10041
  1746 10041
  1747 10041
  1748 10041
  1749 10041
  1750 10041
  1751 10041
  1752 10041
  1753 10041
  1754 10041
  1755 10041
  1756 10041
  1757 10041
  1758 10041
  1759 10041
  1760 10041
  1761 10041
  1762 10041
  1763 10041
  1764 10041
  1765 10041
  1766 10041
  1767 10041
  1768 10041
  1769 10041
  1770 10041
  1771 10041
  1772 10041
  1773 10041
  1774 10041
  1775 10041
  1776 10041
  1777 10041
  1778 10041
  1779 10041
  1780 10041
  1781 10041
  1782 10041
  1783 10041
  1784 10041
  1785 10041
  1786 10041
  1787 10041
  1788 10041
  1789 10041
  1790 10041
  1791 10041
  1792 10041
  1793 10041
  1794 10041
  1795 10041
  1796 10041
  1797 10041
  1798 10041
  1799 10041
  1800 10041
  1801 10041
  1802 10041
  1803 10041
  1804 10041
  1805 10041
  1806 10041
  1807 10041
  1808 10041
  1809 10041
  1810 10041
  1811 10041
  1812 10041
  1813 10041
  1814 10041
  1815 10041
  1816 10041
  1817 10041
  1818 10041
  1819 10041
  1820 10041
  1821 10041
  1822 10041
  1823 10041
  1824 10041
  1825 10041
  1826 10041
  1827 10041
  1828 10041
  1829 10041
  1830 10041
  1831 10041
  1832 10041
  1833 10041
  1834 10041
  1835 10041
  1836 10041
  1837 10041
  1838 10041
  1839 10041
  1840 10041
  1841 10041
  1842 10041
  1843 10041
  1844 10041
  1845 10041
  1846 10041
  1847 10041
  1848 10041
  1849 10041
  1850 10041
  1851 10041
  1852 10041
  1853 10041
  1854 10041
  1855 10041
  1856 10041
  1857 10082
  1858 10082
  1859 10019
  1864 10154
  1865 10155
  1866 10153
  1867 10153
  1868 10153
  1869 10153
  1870 10153
  1871 10153
  1872 10153
  1873 10153
  1874 10153
  1875 10153
  1876 10153
  1877 10153
  1878 10153
  1879 10153
  1880 10153
  1881 10153
  1882 10153
  1883 10153
  1884 10153
  1885 10153
  1886 10153
  1887 10153
  1888 10153
  1889 10153
  1890 10153
  1891 10153
  1892 10153
  1893 10153
  1894 10153
  1895 10153
  1896 10153
  1897 10153
  1898 10153
  1899 10153
  1900 10153
  1901 10153
  1902 10153
  1903 10153
  1904 10153
  1905 10153
  1906 10153
  1907 10153
  1908 10153
  1909 10153
  1910 10153
  1911 10153
  1912 10153
  1913 10153
  1914 10153
  1915 10153
  1916 10153
  1917 10153
  1918 10153
  1919 10153
  1920 10153
  1921 10153
  1922 10153
  1923 10153
  1924 10153
  1925 10153
  1926 10153
  1927 10153
  1928 10153
  1929 10153
  1930 10153
  1931 10153
  1932 10153
  1933 10153
  1934 10153
  1935 10153
  1936 10153
  1937 10153
  1938 10153
  1939 10153
  1940 10153
  1941 10153
  1942 10153
  1943 10153
  1944 10153
  1945 10153
  1946 10153
  1947 10153
  1948 10153
  1949 10153
  1950 10153
  1951 10153
  1952 10153
  1953 10153
  1954 10153
  1955 10153
  1956 10153
  1957 10153
  1958 10153
  1959 10153
  1960 10153
  1961 10153
  1962 10153
  1963 10153
  1964 10153
  1965 10153
  1966 10153
  1967 10153
  1968 10153
  1969 10153
  1970 10153
  1971 10153
  1972 10153
  1973 10153
  1974 10153
  1975 10153
  1976 10153
  1977 10153
  1978 10153
  1979 10153
  1980 10153
  1981 10153
  1982 10153
  1983 10153
  1984 10153
  1985 10153
  1986 10153
  1987 10153
  1988 10153
  1989 10153
  1990 10153
  1991 10153
  1992 10153
  1993 10153
  1994 10153
  1995 10153
  1996 10153
  1997 10153
  1998 10153
  1999 10153
  2000 10153
  2001 10153
  2002 10153
  2003 10153
  2004 10153
  2005 10153
  2006 10153
  2007 10153
  2008 10153
  2009 10153
  2010 10153
  2011 10153
  2012 10153
  2013 10153
  2014 10153
  2015 10153
  2016 10153
  2017 10153
  2018 10153
  2019 10153
  2020 10153
  2021 10153
  2022 10153
  2023 10153
  2024 10153
  2025 10154
  2026 10154
  2027 10154
  2028 10154
  2029 10120
  2030 10120
  2031 10120
