   720 10035
   721 10035
   722 10035
   723 10035
   724 10035
   725 10035
   726 10035
   727 10035
   728 10035
   729 10035
   730 10035
   731 10035
   732 10035
   733 10035
   734 10035
   735 10035
   736 10035
   737 10035
   738 10035
   739 10035
   740 10035
   741 10035
   742 10035
   743 10035
   744 10035
   745 10035
   746 10035
   747 10035
   748 10035
   749 10035
   750 10035
   751 10035
   752 10035
   753 10035
   754 10035
   755 10035
   756 10035
   757 10035
   758 10035
   759 10035
   760 10035
   761 10035
   762 10035
   763 10035
   764 10035
   765 10035
   766 10035
   767 10035
   768 10035
   769 10035
   770 10035
   771 10035
   772 10035
   773 10035
   774 10035
   775 10035
   776 10035
   777 10035
   778 10035
   779 10035
   780 10035
   781 10035
   782 10039
   783 10039
   784 10039
   785 10039
   791 10162
   792 10162
   793 10162
   794 10162
   795 10162
   796 10162
   797 10162
   798 10162
   799 10162
   800 10162
   801 10162
   802 10162
   803 10162
   804 10162
   805 10162
   806 10162
   807 10162
   808 10162
   809 10162
   810 10162
   811 10162
   812 10162
   813 10162
   814 10162
   815 10162
   816 10162
   817 10162
   818 10162
   819 10162
   820 10162
   821 10162
   822 10162
   823 10162
   824 10162
   825 10162
   826 10162
   827 10162
   828 10162
   829 10162
   830 10162
   831 10162
   832 10162
   833 10162
   834 10162
   835 10162
   836 10162
   837 10162
   838 10162
   839 10162
   840 10162
   841 10162
   842 10162
   843 10162
   844 10162
   845 10162
   846 10162
   847 10162
   848 10162
   849 10162
   850 10162
   851 10162
   852 10162
   853 10162
   854 10162
   855 10162
   856 10162
   857 10162
   858 10162
   859 10162
   860 10162
   861 10162
   862 10162
   863 10162
   864 10162
   865 10162
   866 10162
   867 10162
   868 10162
   869 10162
   870 10162
   871 10162
   872 10162
   873 10162
   874 10162
   875 10162
   876 10162
   877 10162
   878 10162
   879 10162
   880 10162
   881 10162
   882 10162
   883 10162
   884 10162
   885 10162
   886 10162
   887 10162
   888 10162
   889 10162
   890 10162
   891 10162
   892 10162
   893 10162
   894 10162
   895 10162
   896 10162
   897 10162
   898 10162
   899 10162
   900 10162
   901 10162
   902 10162
   903 10162
   904 10162
   905 10162
   906 10162
   907 10162
   908 10162
   909 10162
   910 10162
   911 10162
   912 10162
   913 10162
   914 10162
   915 10162
   916 10162
   917 10162
   918 10162
   919 10162
   920 10162
   921 10162
   922 10162
   923 10162
   924 10162
   925 10162
   926 10162
   927 10162
   928 10162
   929 10162
   930 10162
   931 10162
   932 10162
   933 10162
   934 10162
   935 10162
   936 10162
   937 10162
   938 10162
   939 10162
   940 10162
   941 10162
   942 10162
   943 10162
   944 10162
   945 10162
   946 10162
   947 10162
   948 10162
   949 10162
   950 10162
   951 10162
   952 10162
   953 10162
   954 10162
   955 10162
   956 10162
   957 10162
   958 10162
   959 10162
   960 10162
   961 10162
   962 10162
   963 10162
   964 10162
   965 10162
   966 10162
   967 10162
   968 10162
   969 10162
   970 10162
   971 10162
   972 10162
   973 10162
   974 10162
   975 10162
   976 10162
   977 10162
   978 10162
   979 10162
   980 10162
   981 10162
   982 10162
   983 10162
   984 10162
   985 10162
   986 10162
   987 10162
   988 10162
   989 10162
   990 10162
   991 10162
   992 10162
   993 10162
   994 10162
   995 10162
   996 10162
   997 10162
   998 10162
   999 10162
  1000 10162
  1001 10162
  1002 10162
  1003 10162
  1004 10162
  1005 10162
  1006 10162
  1007 10162
  1008 10162
  1009 10162
  1010 10162
  1011 10162
  1012 10162
  1013 10162
  1014 10162
  1015 10162
  1016 10162
  1017 10162
  1018 10162
  1021 10154
  1022 10154
  1023 10154
  1024 10154
  1025 10014
  1026 10014
  1027 10014
  1028 10155
  1029 10155
  1030 10155
  1031 10155
  1032 10155
  1033 10155
  1034 10155
  1035 10155
  1036 10155
  1037 10155
  1038 10155
  1039 10155
  1040 10155
  1041 10155
  1042 10155
  1043 10155
  1044 10155
  1045 10155
  1046 10155
  1047 10155
  1048 10155
  1049 10155
  1050 10155
  1051 10155
  1052 10155
  1053 10155
  1054 10155
  1055 10155
  1056 10155
  1057 10155
  1058 10155
  1059 10155
  1060 10155
  1061 10155
  1062 10155
  1063 10155
  1064 10155
  1065 10155
  1066 10155
  1067 10155
  1068 10155
  1069 10155
  1070 10155
  1071 10155
  1072 10155
  1073 10155
  1074 10155
  1075 10155
  1076 10155
  1077 10155
  1078 10155
  1079 10155
  1080 10155
  1081 10155
  1082 10155
  1083 10155
  1084 10155
  1085 10155
  1086 10155
  1087 10155
  1088 10155
  1089 10155
  1090 10155
  1091 10155
  1092 10155
  1093 10155
  1094 10155
  1095 10155
  1096 10155
  1097 10155
  1098 10155
  1099 10155
  1100 10155
  1101 10155
  1102 10155
  1103 10155
  1104 10155
  1105 10155
  1106 10155
  1107 10155
  1108 10155
  1109 10155
  1110 10155
  1111 10155
  1112 10155
  1113 10155
  1114 10155
  1115 10155
  1116 10155
  1117 10155
  1118 10155
  1119 10155
  1120 10155
  1121 10155
  1122 10155
  1123 10155
  1124 10155
  1125 10155
  1126 10155
  1127 10155
  1128 10155
  1129 10155
  1130 10155
  1131 10155
  1132 10155
  1133 10155
  1134 10155
  1135 10155
  1136 10155
  1137 10155
  1138 10155
  1139 10155
  1140 10155
  1141 10155
  1142 10155
  1143 10155
  1144 10155
  1145 10155
  1146 10155
  1147 10155
  1148 10155
  1149 10155
  1150 10155
  1151 10155
  1152 10155
  1153 10155
  1154 10155
  1155 10155
  1156 10155
  1157 10155
  1158 10155
  1159 10155
  1160 10155
  1161 10155
  1162 10155
  1163 10155
  1164 10155
  1165 10155
  1166 10155
  1167 10155
  1168 10155
  1169 10155
  1170 10155
  1171 10155
  1172 10155
  1173 10155
  1174 10155
  1175 10155
  1176 10155
  1177 10155
  1178 10155
  1179 10155
  1180 10155
  1181 10155
  1182 10155
  1183 10155
  1184 10155
  1185 10155
  1186 10155
  1187 10155
  1188 10155
  1189 10155
  1190 10155
  1191 10155
  1192 10155
  1193 10155
  1194 10155
  1195 10155
  1196 10155
  1197 10155
  1198 10155
  1199 10155
  1200 10155
  1201 10155
  1202 10155
  1203 10155
  1204 10155
  1205 10155
  1206 10155
  1207 10155
  1208 10155
  1209 10155
  1210 10155
  1211 10155
  1212 10155
  1213 10155
  1214 10155
  1215 10155
  1216 10155
  1217 10155
  1218 10155
  1219 10155
  1220 10155
  1221 10155
  1222 10055
  1223 10055
  1224 10155
  1225 10155
  1226 10155
  1227 10155
  1228 10155
  1229 10155
  1230 10155
  1231 10155
  1232 10155
  1233 10155
  1234 10155
  1235 10155
  1236 10155
  1237 10155
  1238 10155
  1239 10155
  1240 10155
  1241 10155
  1242 10155
  1243 10155
  1244 10155
  1245 10155
  1246 10155
  1247 10155
  1248 10155
  1249 10155
  1250 10155
  1251 10155
  1252 10155
  1253 10155
  1254 10155
  1255 10155
  1256 10155
  1257 10155
  1258 10155
  1259 10143
  1260 10143
  1261 10143
  1262 10029
  1264 10019
  1265 10019
  1266 10019
  1267 10019
  1268 10019
  1269 10019
  1270 10019
  1271 10019
  1272 10019
  1273 10019
  1274 10019
  1275 10019
  1276 10019
  1277 10019
  1278 10019
  1279 10019
  1280 10019
  1281 10019
  1282 10019
  1283 10019
  1284 10019
  1285 10019
  1286 10019
  1287 10019
  1288 10019
  1289 10019
  1290 10019
  1291 10019
  1292 10019
  1293 10019
  1294 10019
  1295 10019
  1296 10019
  1297 10019
  1298 10019
  1299 10019
  1300 10019
  1301 10019
  1302 10019
  1303 10019
  1304 10019
  1305 10019
  1306 10019
  1307 10019
  1308 10019
  1309 10019
  1310 10019
  1311 10019
  1312 10019
  1313 10019
  1314 10019
  1315 10019
  1316 10019
  1317 10019
  1318 10019
  1319 10019
  1320 10019
  1321 10019
  1322 10019
  1323 10019
  1324 10019
  1325 10019
  1326 10019
  1327 10019
  1328 10019
  1329 10019
  1330 10019
  1331 10019
  1332 10019
  1333 10019
  1334 10019
  1335 10019
  1336 10019
  1337 10019
  1338 10019
  1339 10019
  1340 10019
  1341 10019
  1342 10019
  1343 10019
  1344 10019
  1345 10019
  1346 10019
  1347 10019
  1348 10019
  1349 10019
  1350 10019
  1351 10019
  1352 10019
  1353 10019
  1354 10019
  1355 10019
  1356 10019
  1357 10019
  1358 10019
  1359 10019
  1360 10019
  1361 10019
  1362 10019
  1363 10019
  1364 10019
  1365 10019
  1366 10019
  1367 10019
  1368 10019
  1369 10019
  1370 10019
  1371 10019
  1372 10019
  1373 10019
  1374 10019
  1375 10019
  1376 10019
  1377 10019
  1378 10019
  1379 10019
  1380 10019
  1381 10019
  1382 10019
  1383 10019
  1384 10019
  1385 10122
  1386 10122
  1387 10122
  1388 10122
  1389 10122
  1390 10122
  1391 10122
  1392 10122
  1393 10122
  1394 10122
  1395 10122
  1396 10122
  1397 10122
  1398 10122
  1399 10122
  1400 10122
  1401 10122
  1402 10122
  1403 10122
  1404 10122
  1405 10122
  1406 10122
  1407 10122
  1408 10122
  1409 10122
  1410 10122
  1411 10122
  1412 10122
  1413 10122
  1414 10122
  1415 10122
  1416 10122
  1417 10122
  1418 10122
  1419 10122
  1420 10122
  1421 10122
  1422 10122
  1423 10122
  1424 10122
  1425 10122
  1426 10122
  1427 10122
  1428 10122
  1429 10122
  1430 10122
  1431 10122
  1432 10122
  1433 10122
  1434 10122
  1435 10122
  1436 10122
  1437 10122
  1438 10122
  1439 10122
  1440 10122
  1441 10122
  1442 10122
  1443 10122
  1444 10122
  1445 10122
  1446 10122
  1447 10122
  1448 10122
  1449 10122
  1450 10122
  1451 10122
  1452 10122
  1453 10122
  1454 10122
  1455 10122
  1456 10122
  1457 10122
  1458 10122
  1459 10122
  1460 10122
  1461 10122
  1462 10122
  1463 10122
  1464 10122
  1465 10122
  1466 10122
  1467 10122
  1468 10122
  1469 10122
  1470 10122
  1471 10122
  1472 10122
  1473 10122
  1474 10122
  1475 10122
  1476 10122
  1477 10122
  1478 10122
  1479 10122
  1480 10122
  1481 10122
  1482 10122
  1483 10122
  1484 10122
  1485 10122
  1486 10122
  1487 10122
  1488 10122
  1493 10014
  1494 10036
  1495 10036
  1496 10036
  1497 10036
  1498 10016
  1499 10016
  1500 10036
  1501 10036
  1502 10014
  1503 10036
  1505 10036
  1506 10055
  1507 10055
  1508 10055
  1509 10018
  1510 10018
  1511 10018
  1512 10018
  1513 10018
  1514 10018
  1515 10018
  1516 10018
  1517 10018
  1518 10055
  1519 10055
  1520 10055
  1521 10055
  1522 10055
  1523 10055
  1524 10055
  1525 10055
  1540 10055
  1541 10055
  1542 10055
  1543 10055
  1544 10055
  1545 10055
  1546 10158
  1547 10158
  1548 10018
  1549 10055
  1550 10055
  1551 10055
  1552 10055
  1553 10055
  1554 10055
  1555 10055
  1556 10055
  1557 10055
  1558 10055
  1559 10055
  1560 10055
  1561 10055
  1562 10055
  1576 10154
  1577 10154
  1578 10154
  1579 10154
  1580 10154
  1617 10025
  1627 10011
  1628 10011
  1629 10011
  1630 10011
  1631 10011
  1632 10011
  1633 10011
  1634 10011
  1635 10011
  1636 10011
  1637 10011
  1638 10011
  1639 10011
  1640 10011
  1641 10011
  1642 10011
  1643 10011
  1644 10011
  1645 10011
  1646 10011
  1647 10011
  1648 10011
  1649 10011
  1650 10011
  1651 10011
  1652 10011
  1653 10011
  1654 10011
  1655 10011
  1656 10011
  1657 10011
  1658 10011
  1659 10011
  1660 10011
  1661 10011
  1662 10011
  1663 10011
  1664 10011
  1665 10011
  1666 10011
  1667 10011
  1668 10011
  1669 10011
  1670 10011
  1671 10011
  1672 10011
  1673 10011
  1674 10011
  1675 10011
  1676 10011
  1677 10011
  1678 10011
  1679 10011
  1680 10011
  1681 10011
  1682 10011
  1683 10011
  1684 10011
  1685 10011
  1686 10011
  1687 10011
  1688 10011
  1689 10011
  1690 10011
  1691 10011
  1692 10011
  1693 10011
  1694 10011
  1695 10011
  1696 10011
  1697 10011
  1698 10011
  1699 10011
  1700 10011
  1701 10011
  1702 10011
  1703 10011
  1704 10011
  1705 10011
  1706 10011
  1707 10011
  1708 10011
  1709 10011
  1710 10011
  1711 10011
  1712 10011
  1713 10011
  1714 10011
  1715 10011
  1716 10011
  1717 10011
  1718 10011
  1719 10011
  1720 10011
  1721 10011
  1722 10011
  1723 10011
  1724 10011
  1725 10011
  1726 10011
  1727 10011
  1728 10011
  1729 10011
  1730 10011
  1731 10011
  1732 10011
  1733 10011
  1734 10011
  1735 10011
  1736 10011
  1737 10011
  1738 10011
  1739 10011
  1740 10011
  1741 10011
  1742 10011
  1743 10011
  1744 10011
  1745 10011
  1746 10011
  1747 10011
  1748 10011
  1749 10011
  1750 10011
  1751 10011
  1752 10011
  1753 10011
  1754 10011
  1755 10011
  1756 10011
  1757 10011
  1758 10011
  1759 10011
  1760 10011
  1761 10011
  1762 10011
  1763 10011
  1764 10011
  1765 10011
  1766 10011
  1767 10011
  1768 10011
  1769 10011
  1770 10011
  1771 10011
  1772 10011
  1773 10011
  1774 10011
  1775 10011
  1776 10011
  1777 10011
  1778 10011
  1779 10011
  1780 10011
  1781 10011
  1782 10011
  1783 10011
  1784 10011
  1785 10011
  1786 10011
  1787 10011
  1788 10011
  1789 10011
  1790 10011
  1791 10011
  1792 10011
  1793 10011
  1794 10011
  1795 10011
  1796 10011
  1797 10011
  1798 10011
  1799 10011
  1800 10011
  1801 10011
  1802 10011
  1803 10011
  1804 10011
  1805 10011
  1806 10011
  1807 10011
  1808 10011
  1809 10011
  1810 10011
  1811 10011
  1812 10011
  1813 10011
  1814 10011
  1815 10011
  1816 10011
  1817 10011
  1818 10011
  1819 10011
  1820 10011
  1821 10011
  1822 10011
  1823 10011
  1824 10011
  1825 10011
  1826 10011
  1827 10011
  1828 10011
  1829 10011
  1830 10011
  1831 10011
  1832 10011
  1833 10011
  1834 10011
  1835 10011
  1836 10011
  1837 10011
  1838 10011
  1839 10011
  1840 10011
  1841 10011
  1842 10011
  1843 10011
  1844 10011
  1845 10011
  1846 10011
  1847 10011
  1848 10011
  1849 10011
  1850 10011
  1851 10011
  1852 10011
  1853 10011
  1854 10011
  1855 10011
  1856 10067
  1857 10067
  1858 10067
  1859 10067
  1860 10101
  1861 10101
  1862 10101
  1863 10076
  1864 10076
  1865 10076
  1866 10040
  1867 10055
  1868 10055
  1869 10016
  1870 10016
  1871 10143
  1872 10143
  1873 10143
  1874 10143
  1875 10016
  1876 10016
  1877 10016
  1878 10016
  1879 10016
  1880 10016
  1881 10014
  1882 10014
  1883 10016
  1884 10016
  1885 10014
  1886 10016
  1887 10014
  1888 10014
  1889 10014
  1890 10014
  1891 10014
  1892 10014
  1893 10014
  1894 10014
  1895 10154
  1896 10154
  1897 10154
  1898 10158
  1899 10158
  1900 10158
  1901 10158
  1902 10010
  1903 10158
  1904 10097
  1905 10097
  1906 10130
  1907 10130
  1908 10014
  1909 10016
  1910 10016
  1911 10016
  1912 10074
  1913 10016
  1914 10074
  1915 10074
  1916 10074
  1917 10074
  1918 10074
  1919 10016
  1920 10016
  1921 10016
  1922 10016
  1923 10016
  1924 10016
  1925 10016
  1926 10016
  1927 10016
  1928 10016
  1929 10016
  1930 10016
  1931 10016
  1932 10154
  1933 10014
  1934 10016
  1935 10016
  1936 10016
  1937 10016
  1938 10016
  1939 10016
  1940 10016
  1941 10016
  1942 10016
  1943 10016
  1944 10016
  1945 10016
  1946 10016
  1947 10016
  1948 10016
  1949 10016
  1950 10016
  1951 10016
  1952 10016
  1953 10016
  1954 10016
  1955 10016
  1956 10016
  1957 10016
  1958 10016
  1959 10014
  1960 10014
  1961 10014
  1962 10014
  1963 10014
  1964 10014
  1965 10014
  1966 10014
  1967 10014
  1968 10014
  1969 10014
  1970 10014
  1971 10014
  1972 10014
  1973 10014
  1974 10014
  1975 10014
  1976 10014
  1977 10014
  1978 10014
  1979 10014
  1980 10014
  1981 10096
  1982 10016
  1983 10016
  1984 10016
  1985 10016
  1989 10014
  1990 10014
  1991 10014
  1992 10014
  1993 10016
  1994 10014
  1995 10014
  1996 10014
  1997 10014
  1998 10014
  1999 10014
  2000 10014
  2001 10014
  2014 10016
  2015 10016
  2016 10016
  2017 10143
  2018 10016
  2019 10016
  2020 10074
  2021 10016
  2022 10107
  2023 10154
  2024 10154
  2025 10154
  2027 10106
  2029 10106
  2030 10106
  2036 10151
