   675 10143
   676 10143
   677 10130
   678 10143
   679 10143
   693 10083
   694 10083
   695 10083
   696 10083
   697 10083
   698 10083
   699 10083
   700 10083
   701 10083
   702 10083
   703 10083
   704 10083
   705 10083
   706 10083
   707 10083
   708 10083
   709 10083
   710 10083
   711 10083
   712 10083
   713 10083
   714 10083
   715 10083
   716 10083
   717 10083
   718 10083
   719 10083
   720 10083
   721 10083
   722 10083
   723 10083
   724 10083
   725 10083
   726 10083
   727 10083
   728 10083
   729 10083
   730 10083
   731 10083
   732 10083
   733 10083
   734 10083
   735 10083
   736 10083
   737 10083
   738 10083
   739 10083
   740 10083
   741 10083
   742 10083
   743 10083
   744 10083
   745 10083
   746 10083
   747 10083
   748 10083
   749 10083
   750 10083
   751 10083
   752 10083
   753 10083
   754 10083
   755 10083
   756 10083
   757 10083
   758 10083
   759 10083
   760 10083
   761 10083
   762 10083
   763 10083
   764 10083
   765 10083
   766 10083
   767 10083
   768 10083
   769 10083
   770 10083
   771 10083
   772 10083
   773 10083
   774 10083
   775 10083
   776 10083
   777 10083
   778 10083
   779 10083
   780 10050
   781 10065
   782 10065
   783 10065
   784 10065
   785 10065
   786 10065
   787 10065
   788 10065
   789 10065
   790 10065
   791 10065
   792 10065
   793 10065
   794 10065
   795 10065
   796 10065
   797 10065
   798 10065
   799 10065
   800 10065
   801 10065
   802 10065
   803 10065
   804 10065
   805 10065
   806 10065
   807 10065
   808 10065
   809 10065
   810 10065
   811 10065
   812 10065
   813 10065
   814 10065
   815 10065
   816 10065
   817 10065
   818 10065
   819 10065
   820 10065
   821 10065
   822 10065
   823 10065
   824 10065
   825 10065
   826 10065
   827 10065
   828 10065
   829 10065
   830 10065
   831 10065
   832 10065
   833 10065
   834 10065
   835 10065
   836 10065
   837 10065
   838 10065
   839 10065
   840 10065
   841 10065
   842 10065
   843 10065
   844 10065
   845 10065
   846 10065
   847 10065
   848 10065
   849 10065
   850 10065
   851 10065
   852 10065
   853 10065
   854 10065
   855 10065
   856 10065
   857 10065
   858 10065
   859 10065
   860 10065
   861 10065
   862 10065
   863 10065
   864 10065
   865 10065
   866 10065
   867 10065
   868 10065
   869 10065
   870 10065
   871 10065
   872 10065
   873 10065
   874 10065
   875 10065
   876 10065
   877 10065
   878 10065
   879 10065
   880 10065
   881 10065
   882 10065
   883 10065
   884 10065
   885 10065
   886 10065
   887 10065
   888 10065
   889 10065
   890 10065
   891 10065
   892 10065
   893 10065
   894 10065
   895 10065
   896 10065
   897 10065
   898 10065
   899 10065
   900 10065
   901 10065
   902 10065
   903 10065
   904 10065
   905 10065
   906 10065
   907 10065
   908 10065
   909 10065
   910 10065
   911 10065
   912 10065
   913 10065
   914 10065
   915 10065
   916 10065
   917 10065
   918 10065
   919 10065
   920 10065
   921 10065
   922 10065
   923 10065
   924 10065
   925 10065
   926 10065
   927 10065
   928 10065
   929 10065
   930 10065
   931 10065
   932 10065
   933 10065
   934 10065
   935 10065
   936 10065
   937 10065
   938 10065
   939 10065
   940 10065
   941 10065
   942 10065
   943 10065
   944 10065
   945 10065
   946 10065
   947 10065
   948 10065
   949 10065
   950 10065
   951 10065
   952 10065
   953 10065
   954 10065
   955 10065
   956 10065
   957 10065
   958 10065
   959 10065
   960 10065
   961 10065
   962 10065
   963 10065
   964 10065
   965 10065
   966 10065
   967 10065
   968 10065
   969 10065
   970 10065
   971 10065
   972 10065
   973 10065
   974 10065
   975 10065
   976 10065
   977 10065
   978 10065
   979 10065
   980 10065
   981 10065
   982 10065
   983 10065
   984 10065
   985 10065
   986 10065
   987 10065
   988 10065
   989 10065
   990 10065
   991 10065
   992 10065
   993 10065
   994 10065
   995 10065
   996 10065
   997 10065
   998 10065
   999 10065
  1000 10065
  1001 10065
  1002 10065
  1003 10065
  1004 10065
  1005 10065
  1006 10065
  1007 10065
  1008 10065
  1009 10065
  1010 10065
  1011 10065
  1012 10065
  1013 10065
  1014 10065
  1015 10065
  1016 10065
  1017 10065
  1018 10065
  1019 10065
  1020 10101
  1025 10154
  1026 10154
  1027 10014
  1028 10153
  1029 10153
  1030 10153
  1031 10153
  1032 10153
  1033 10153
  1034 10153
  1035 10153
  1036 10153
  1037 10153
  1038 10153
  1039 10153
  1040 10153
  1041 10153
  1042 10153
  1043 10153
  1044 10153
  1045 10153
  1046 10153
  1047 10153
  1048 10153
  1049 10153
  1050 10153
  1051 10153
  1052 10153
  1053 10153
  1054 10153
  1055 10153
  1056 10153
  1057 10153
  1058 10153
  1059 10153
  1060 10153
  1061 10153
  1062 10153
  1063 10153
  1064 10153
  1065 10153
  1066 10153
  1067 10153
  1068 10153
  1069 10153
  1070 10153
  1071 10153
  1072 10153
  1073 10153
  1074 10153
  1075 10153
  1076 10153
  1077 10153
  1078 10153
  1079 10153
  1080 10153
  1081 10153
  1082 10153
  1083 10153
  1084 10153
  1085 10153
  1086 10153
  1087 10153
  1088 10153
  1089 10153
  1090 10153
  1091 10153
  1092 10153
  1093 10153
  1094 10153
  1095 10153
  1096 10153
  1097 10153
  1098 10153
  1099 10153
  1100 10153
  1101 10153
  1102 10153
  1103 10153
  1104 10153
  1105 10153
  1106 10153
  1107 10153
  1108 10153
  1109 10153
  1110 10153
  1111 10153
  1112 10153
  1113 10153
  1114 10153
  1115 10153
  1116 10153
  1117 10153
  1118 10153
  1119 10153
  1120 10153
  1121 10153
  1122 10153
  1123 10153
  1124 10153
  1125 10153
  1126 10153
  1127 10153
  1128 10153
  1129 10153
  1130 10153
  1131 10153
  1132 10153
  1133 10153
  1134 10153
  1135 10153
  1136 10153
  1137 10153
  1138 10153
  1139 10153
  1140 10153
  1141 10153
  1142 10153
  1143 10153
  1144 10153
  1145 10153
  1146 10153
  1147 10153
  1148 10153
  1149 10153
  1150 10153
  1151 10153
  1152 10153
  1153 10153
  1154 10153
  1155 10153
  1156 10153
  1157 10153
  1158 10153
  1159 10153
  1160 10153
  1161 10153
  1162 10153
  1163 10153
  1164 10153
  1165 10153
  1166 10153
  1167 10153
  1168 10153
  1169 10153
  1170 10153
  1171 10153
  1172 10153
  1173 10153
  1174 10153
  1175 10153
  1176 10153
  1177 10153
  1178 10153
  1179 10153
  1180 10153
  1181 10153
  1182 10153
  1183 10153
  1184 10153
  1185 10153
  1186 10153
  1187 10153
  1188 10153
  1189 10153
  1190 10153
  1191 10153
  1192 10153
  1193 10153
  1194 10153
  1195 10153
  1196 10153
  1197 10153
  1198 10153
  1199 10153
  1200 10153
  1201 10153
  1202 10153
  1203 10153
  1204 10153
  1205 10153
  1206 10153
  1207 10153
  1208 10153
  1209 10153
  1210 10153
  1211 10153
  1212 10153
  1213 10153
  1214 10153
  1215 10153
  1216 10153
  1217 10153
  1218 10153
  1219 10153
  1220 10153
  1221 10153
  1222 10153
  1223 10153
  1224 10153
  1225 10153
  1226 10153
  1227 10153
  1228 10153
  1229 10153
  1230 10153
  1231 10153
  1232 10153
  1233 10153
  1234 10153
  1235 10153
  1236 10153
  1237 10153
  1238 10153
  1239 10153
  1240 10153
  1241 10153
  1242 10153
  1243 10153
  1244 10153
  1245 10153
  1246 10153
  1247 10153
  1248 10153
  1249 10153
  1250 10153
  1251 10153
  1252 10153
  1253 10153
  1254 10153
  1255 10153
  1256 10153
  1257 10143
  1258 10014
  1259 10014
  1260 10154
  1261 10154
  1262 10154
  1263 10154
  1264 10014
  1265 10014
  1266 10014
  1267 10055
  1268 10055
  1269 10018
  1270 10018
  1271 10018
  1272 10018
  1273 10018
  1274 10158
  1275 10018
  1276 10158
  1277 10158
  1278 10055
  1279 10055
  1280 10055
  1281 10055
  1282 10055
  1283 10055
  1284 10055
  1285 10055
  1286 10055
  1287 10055
  1288 10055
  1289 10055
  1290 10055
  1291 10055
  1292 10055
  1293 10055
  1294 10018
  1295 10018
  1296 10018
  1297 10018
  1298 10055
  1299 10018
  1300 10018
  1301 10018
  1302 10140
  1303 10158
  1304 10140
  1305 10055
  1306 10140
  1307 10140
  1308 10055
  1309 10055
  1310 10055
  1311 10055
  1312 10055
  1313 10055
  1314 10055
  1315 10055
  1316 10085
  1317 10014
  1318 10014
  1319 10014
  1320 10014
  1321 10014
  1322 10014
  1323 10014
  1324 10014
  1325 10014
  1326 10014
  1327 10016
  1328 10016
  1329 10016
  1330 10154
  1331 10016
  1332 10016
  1333 10016
  1334 10016
  1335 10016
  1336 10016
  1337 10016
  1338 10014
  1339 10016
  1340 10016
  1341 10016
  1342 10016
  1343 10016
  1344 10016
  1345 10016
  1346 10016
  1347 10016
  1348 10016
  1349 10016
  1350 10016
  1351 10016
  1352 10016
  1353 10016
  1354 10016
  1355 10016
  1356 10016
  1357 10016
  1358 10016
  1359 10143
  1360 10143
  1361 10143
  1362 10143
  1363 10016
  1364 10016
  1365 10016
  1366 10016
  1367 10016
  1368 10016
  1369 10016
  1370 10016
  1371 10016
  1372 10016
  1373 10016
  1374 10014
  1375 10014
  1376 10154
  1381 10043
  1382 10043
  1383 10043
  1384 10043
  1385 10043
  1386 10043
  1387 10043
  1388 10043
  1389 10043
  1390 10043
  1391 10043
  1392 10043
  1393 10043
  1394 10043
  1395 10043
  1396 10043
  1397 10043
  1398 10043
  1399 10043
  1400 10043
  1401 10043
  1402 10043
  1403 10043
  1404 10043
  1405 10043
  1406 10043
  1407 10043
  1408 10043
  1409 10043
  1410 10043
  1411 10043
  1412 10043
  1413 10043
  1414 10043
  1415 10043
  1416 10043
  1417 10043
  1418 10043
  1419 10043
  1420 10043
  1421 10043
  1422 10043
  1423 10043
  1424 10043
  1425 10043
  1426 10043
  1427 10043
  1428 10043
  1429 10043
  1430 10043
  1431 10043
  1432 10043
  1433 10043
  1434 10043
  1435 10043
  1436 10043
  1437 10043
  1438 10043
  1439 10043
  1440 10043
  1441 10043
  1442 10043
  1443 10043
  1444 10043
  1445 10043
  1446 10043
  1447 10164
  1448 10164
  1449 10164
  1450 10164
  1451 10164
  1452 10043
  1453 10043
  1454 10043
  1455 10043
  1456 10043
  1457 10043
  1458 10043
  1459 10043
  1460 10043
  1461 10043
  1462 10043
  1463 10043
  1464 10043
  1465 10043
  1466 10043
  1467 10043
  1468 10043
  1469 10043
  1470 10043
  1471 10043
  1472 10043
  1473 10043
  1474 10043
  1475 10043
  1476 10043
  1477 10164
  1478 10164
  1479 10043
  1480 10043
  1481 10043
  1482 10043
  1483 10043
  1484 10043
  1485 10043
  1486 10043
  1487 10043
  1488 10043
  1489 10043
  1490 10043
  1491 10043
  1492 10043
  1493 10043
  1494 10043
  1495 10043
  1496 10043
  1497 10043
  1498 10043
  1499 10043
  1500 10043
  1501 10043
  1502 10043
  1503 10043
  1504 10043
  1505 10043
  1506 10043
  1507 10043
  1508 10043
  1509 10043
  1510 10043
  1511 10043
  1512 10043
  1513 10043
  1514 10043
  1515 10043
  1516 10043
  1517 10043
  1518 10043
  1519 10043
  1520 10043
  1521 10043
  1522 10043
  1523 10043
  1524 10043
  1525 10043
  1526 10043
  1527 10043
  1528 10043
  1529 10043
  1530 10043
  1531 10043
  1532 10043
  1533 10043
  1534 10043
  1535 10043
  1536 10043
  1537 10043
  1538 10043
  1539 10043
  1540 10043
  1541 10043
  1542 10043
  1543 10043
  1544 10043
  1545 10043
  1546 10043
  1547 10043
  1548 10043
  1549 10043
  1550 10043
  1551 10043
  1552 10043
  1553 10043
  1554 10043
  1555 10043
  1556 10043
  1557 10043
  1558 10043
  1559 10043
  1560 10043
  1561 10043
  1562 10043
  1563 10043
  1564 10043
  1565 10043
  1566 10043
  1567 10043
  1568 10043
  1569 10043
  1570 10043
  1571 10043
  1572 10043
  1573 10043
  1574 10043
  1575 10043
  1576 10043
  1577 10043
  1578 10043
  1579 10043
  1580 10043
  1581 10043
  1582 10043
  1583 10043
  1584 10043
  1585 10043
  1586 10043
  1587 10043
  1588 10043
  1589 10043
  1590 10043
  1591 10043
  1592 10043
  1593 10043
  1594 10043
  1595 10043
  1596 10043
  1597 10043
  1598 10043
  1599 10043
  1600 10043
  1601 10043
  1602 10043
  1603 10043
  1604 10043
  1605 10043
  1606 10043
  1607 10043
  1608 10043
  1609 10043
  1610 10043
  1611 10043
  1612 10043
  1613 10043
  1614 10043
  1615 10043
  1617 10019
  1618 10049
  1619 10049
  1620 10049
  1621 10049
  1622 10049
  1623 10035
  1624 10035
  1625 10035
  1626 10049
  1630 10128
  1631 10065
  1632 10065
  1633 10036
  1634 10014
  1635 10036
  1636 10014
  1637 10014
  1638 10143
  1639 10016
  1640 10014
  1641 10143
  1642 10143
  1643 10014
  1644 10014
  1649 10149
  1651 10149
  1662 10026
  1663 10026
  1664 10026
  1665 10026
  1666 10026
  1667 10026
  1668 10026
  1698 10026
  1699 10026
  1700 10026
  1763 10026
  1764 10026
  1765 10026
  1766 10026
  1767 10026
  1779 10014
  1780 10014
  1781 10014
  1782 10014
  1783 10014
  1784 10014
  1785 10014
  1786 10014
  1803 10014
  1805 10014
  1806 10014
  1807 10014
  1808 10014
  1809 10014
  1810 10016
  1811 10016
  1812 10016
  1813 10016
  1814 10016
  1815 10016
  1816 10016
  1817 10016
  1818 10016
  1819 10016
  1820 10016
  1821 10016
  1822 10016
  1823 10016
  1824 10016
  1825 10016
  1826 10016
  1827 10014
  1828 10014
  1829 10014
  1830 10016
  1831 10016
  1832 10016
  1833 10016
  1834 10016
  1835 10016
  1836 10016
  1837 10016
  1838 10014
  1839 10014
  1840 10014
  1841 10014
  1842 10014
  1843 10016
  1844 10016
  1845 10016
  1846 10016
  1847 10016
  1848 10016
  1852 10094
  1853 10094
  1854 10094
  1855 10094
  1856 10094
  1857 10027
