   686 10156
   687 10156
   688 10156
   689 10138
   690 10138
   691 10138
   692 10138
   693 10138
   694 10138
   695 10138
   696 10138
   697 10138
   698 10138
   699 10138
   700 10138
   701 10138
   702 10138
   703 10138
   704 10138
   705 10138
   706 10138
   707 10138
   708 10138
   709 10138
   710 10138
   711 10138
   712 10138
   713 10138
   714 10138
   715 10138
   716 10138
   717 10138
   718 10138
   719 10138
   720 10138
   721 10138
   722 10138
   723 10138
   724 10138
   725 10138
   726 10138
   727 10138
   728 10138
   729 10138
   730 10138
   731 10138
   732 10138
   733 10138
   734 10138
   735 10138
   736 10138
   737 10138
   738 10138
   739 10138
   740 10138
   741 10138
   742 10138
   743 10138
   744 10138
   745 10138
   746 10138
   747 10138
   748 10138
   749 10138
   750 10138
   751 10138
   752 10138
   753 10138
   754 10138
   755 10138
   756 10138
   757 10138
   758 10138
   759 10138
   760 10138
   761 10138
   762 10138
   763 10138
   764 10138
   765 10138
   766 10138
   767 10138
   768 10138
   769 10138
   770 10138
   771 10138
   772 10138
   773 10138
   774 10138
   775 10138
   776 10138
   777 10138
   778 10138
   779 10138
   780 10138
   781 10138
   782 10138
   783 10101
   784 10101
   785 10101
   789 10085
   790 10165
   791 10165
   792 10165
   793 10165
   794 10165
   795 10165
   796 10165
   797 10165
   798 10165
   799 10165
   800 10165
   801 10165
   802 10165
   803 10165
   804 10165
   805 10165
   806 10165
   807 10165
   808 10165
   809 10165
   810 10165
   811 10165
   812 10165
   813 10165
   814 10165
   815 10165
   816 10165
   817 10165
   818 10165
   819 10165
   820 10165
   821 10165
   822 10165
   823 10165
   824 10165
   825 10165
   826 10165
   827 10165
   828 10165
   829 10165
   830 10165
   831 10165
   832 10165
   833 10165
   834 10165
   835 10165
   836 10165
   837 10165
   838 10165
   839 10165
   840 10165
   841 10165
   842 10165
   843 10165
   844 10165
   845 10165
   846 10165
   847 10165
   848 10165
   849 10165
   850 10165
   851 10165
   852 10165
   853 10165
   854 10165
   855 10165
   856 10165
   857 10165
   858 10165
   859 10165
   860 10165
   861 10165
   862 10165
   863 10165
   864 10165
   865 10165
   866 10165
   867 10165
   868 10165
   869 10165
   870 10165
   871 10165
   872 10165
   873 10165
   874 10165
   875 10165
   876 10165
   877 10165
   878 10165
   879 10165
   880 10165
   881 10165
   882 10165
   883 10165
   884 10165
   885 10165
   886 10165
   887 10165
   888 10165
   889 10165
   890 10165
   891 10165
   892 10165
   893 10165
   894 10165
   895 10165
   896 10165
   897 10165
   898 10165
   899 10165
   900 10165
   901 10165
   902 10165
   903 10165
   904 10165
   905 10165
   906 10165
   907 10165
   908 10165
   909 10165
   910 10165
   911 10165
   912 10165
   913 10165
   914 10165
   915 10165
   916 10165
   917 10165
   918 10165
   919 10165
   920 10165
   921 10165
   922 10165
   923 10165
   924 10165
   925 10165
   926 10165
   927 10165
   928 10165
   929 10165
   930 10165
   931 10165
   932 10165
   933 10165
   934 10165
   935 10165
   936 10165
   937 10165
   938 10165
   939 10165
   940 10165
   941 10165
   942 10165
   943 10165
   944 10165
   945 10165
   946 10165
   947 10165
   948 10165
   949 10165
   950 10165
   951 10165
   952 10165
   953 10165
   954 10165
   955 10165
   956 10165
   957 10165
   958 10165
   959 10165
   960 10165
   961 10165
   962 10165
   963 10165
   964 10165
   965 10165
   966 10165
   967 10165
   968 10165
   969 10165
   970 10165
   971 10165
   972 10165
   973 10165
   974 10165
   975 10165
   976 10165
   977 10165
   978 10165
   979 10165
   980 10165
   981 10165
   982 10165
   983 10165
   984 10165
   985 10165
   986 10165
   987 10165
   988 10165
   989 10165
   990 10165
   991 10165
   992 10165
   993 10165
   994 10165
   995 10165
   996 10165
   997 10165
   998 10165
   999 10165
  1000 10165
  1001 10165
  1002 10165
  1003 10165
  1004 10165
  1005 10165
  1006 10165
  1007 10165
  1008 10165
  1009 10165
  1010 10165
  1011 10165
  1012 10165
  1013 10165
  1014 10143
  1015 10143
  1016 10154
  1017 10154
  1018 10016
  1019 10014
  1020 10014
  1021 10014
  1022 10014
  1023 10014
  1024 10036
  1025 10014
  1026 10014
  1027 10014
  1028 10014
  1029 10074
  1030 10074
  1031 10074
  1032 10074
  1033 10074
  1034 10074
  1035 10074
  1036 10074
  1037 10074
  1038 10074
  1039 10074
  1040 10074
  1041 10074
  1042 10074
  1043 10074
  1044 10074
  1045 10074
  1046 10074
  1047 10074
  1048 10074
  1049 10074
  1050 10074
  1051 10074
  1052 10074
  1053 10074
  1054 10074
  1055 10074
  1056 10074
  1057 10074
  1058 10074
  1059 10074
  1060 10074
  1061 10074
  1062 10074
  1063 10074
  1064 10074
  1065 10074
  1066 10074
  1067 10074
  1068 10074
  1069 10074
  1070 10074
  1071 10074
  1072 10074
  1073 10074
  1074 10074
  1075 10074
  1076 10074
  1077 10074
  1078 10074
  1079 10074
  1080 10074
  1081 10074
  1082 10074
  1083 10074
  1084 10074
  1085 10074
  1086 10074
  1087 10074
  1088 10074
  1089 10074
  1090 10074
  1091 10074
  1092 10074
  1093 10074
  1094 10074
  1095 10074
  1096 10074
  1097 10074
  1098 10074
  1099 10074
  1100 10074
  1101 10074
  1102 10074
  1103 10074
  1104 10074
  1105 10074
  1106 10074
  1107 10074
  1108 10074
  1109 10074
  1110 10074
  1111 10074
  1112 10074
  1113 10074
  1114 10074
  1115 10074
  1116 10074
  1117 10074
  1118 10074
  1119 10074
  1120 10074
  1121 10074
  1122 10074
  1123 10074
  1124 10074
  1125 10074
  1126 10074
  1127 10074
  1128 10074
  1129 10074
  1130 10074
  1131 10074
  1132 10074
  1133 10074
  1134 10074
  1135 10074
  1136 10074
  1137 10074
  1138 10074
  1139 10074
  1140 10074
  1141 10074
  1142 10074
  1143 10074
  1144 10074
  1145 10074
  1146 10074
  1147 10074
  1148 10074
  1149 10074
  1150 10074
  1151 10074
  1152 10074
  1153 10074
  1154 10074
  1155 10074
  1156 10074
  1157 10074
  1158 10074
  1159 10074
  1160 10074
  1161 10074
  1162 10074
  1163 10074
  1164 10074
  1165 10074
  1166 10074
  1167 10074
  1168 10074
  1169 10074
  1170 10074
  1171 10074
  1172 10074
  1173 10074
  1174 10074
  1175 10074
  1176 10074
  1177 10074
  1178 10074
  1179 10074
  1180 10074
  1181 10074
  1182 10074
  1183 10074
  1184 10074
  1185 10074
  1186 10074
  1187 10074
  1188 10074
  1189 10074
  1190 10074
  1191 10074
  1192 10074
  1193 10074
  1194 10074
  1195 10074
  1196 10074
  1197 10074
  1198 10074
  1199 10074
  1200 10074
  1201 10074
  1202 10074
  1203 10074
  1204 10074
  1205 10074
  1206 10074
  1207 10074
  1208 10074
  1209 10074
  1210 10074
  1211 10074
  1212 10074
  1213 10074
  1214 10074
  1215 10074
  1216 10074
  1217 10074
  1218 10074
  1219 10074
  1220 10074
  1221 10074
  1222 10074
  1223 10074
  1224 10074
  1225 10074
  1226 10074
  1227 10074
  1228 10074
  1229 10074
  1230 10074
  1231 10074
  1232 10074
  1233 10074
  1234 10074
  1235 10074
  1236 10074
  1237 10074
  1238 10074
  1239 10074
  1240 10074
  1241 10074
  1242 10074
  1243 10074
  1244 10074
  1245 10074
  1246 10074
  1247 10074
  1248 10074
  1249 10074
  1250 10074
  1251 10074
  1252 10074
  1253 10074
  1254 10074
  1255 10074
  1256 10074
  1257 10074
  1258 10074
  1259 10074
  1260 10074
  1261 10074
  1262 10074
  1263 10124
  1264 10124
  1265 10154
  1266 10154
  1267 10154
  1268 10076
  1269 10018
  1270 10018
  1271 10018
  1272 10018
  1273 10018
  1274 10018
  1275 10076
  1276 10076
  1277 10076
  1278 10076
  1279 10076
  1280 10076
  1281 10076
  1282 10076
  1283 10076
  1284 10076
  1285 10076
  1286 10076
  1287 10076
  1288 10076
  1289 10076
  1290 10076
  1291 10076
  1292 10076
  1293 10076
  1294 10076
  1295 10076
  1296 10076
  1297 10076
  1298 10076
  1299 10076
  1300 10076
  1301 10076
  1302 10076
  1303 10076
  1304 10076
  1305 10076
  1306 10076
  1307 10076
  1308 10055
  1309 10076
  1310 10018
  1311 10018
  1312 10055
  1313 10018
  1315 10036
  1316 10036
  1317 10143
  1318 10143
  1319 10143
  1320 10143
  1321 10143
  1322 10036
  1323 10016
  1326 10154
  1333 10154
  1334 10154
  1335 10154
  1344 10141
  1345 10141
  1346 10141
  1348 10050
  1349 10101
  1350 10050
  1351 10101
  1352 10101
  1353 10101
  1354 10169
  1355 10169
  1356 10169
  1357 10128
  1358 10128
  1359 10128
  1360 10128
  1361 10101
  1362 10101
  1363 10101
  1364 10101
  1365 10101
  1366 10138
  1367 10101
  1368 10138
  1369 10061
  1370 10169
  1371 10169
  1372 10169
  1373 10169
  1374 10061
  1375 10128
  1376 10128
  1377 10101
  1378 10101
  1379 10101
  1380 10061
  1381 10101
  1382 10101
  1383 10163
  1384 10128
  1385 10128
  1386 10128
  1387 10128
  1388 10128
  1389 10128
  1390 10019
  1391 10019
  1392 10019
  1393 10019
  1394 10019
  1395 10019
  1396 10019
  1397 10019
  1398 10019
  1399 10019
  1400 10019
  1401 10019
  1402 10019
  1403 10019
  1404 10019
  1405 10019
  1406 10019
  1407 10019
  1408 10019
  1409 10019
  1410 10019
  1411 10019
  1412 10019
  1413 10019
  1414 10019
  1415 10019
  1416 10019
  1417 10019
  1418 10019
  1419 10019
  1420 10019
  1421 10019
  1422 10019
  1423 10019
  1424 10019
  1425 10019
  1426 10019
  1427 10019
  1428 10019
  1429 10019
  1430 10019
  1431 10019
  1432 10019
  1433 10019
  1434 10019
  1435 10019
  1436 10019
  1437 10019
  1438 10019
  1439 10019
  1440 10019
  1441 10019
  1442 10019
  1443 10019
  1444 10019
  1445 10019
  1446 10019
  1447 10019
  1448 10019
  1449 10019
  1450 10019
  1451 10019
  1452 10019
  1453 10019
  1454 10019
  1455 10019
  1456 10019
  1457 10019
  1458 10019
  1459 10019
  1460 10019
  1461 10019
  1462 10019
  1463 10019
  1464 10019
  1465 10019
  1466 10019
  1467 10019
  1468 10019
  1469 10019
  1470 10019
  1471 10019
  1472 10019
  1473 10019
  1474 10019
  1475 10019
  1476 10019
  1477 10019
  1478 10019
  1479 10019
  1480 10019
  1481 10019
  1482 10019
  1483 10019
  1484 10019
  1485 10019
  1486 10019
  1487 10019
  1488 10019
  1489 10019
  1490 10019
  1491 10019
  1492 10019
  1493 10019
  1494 10019
  1495 10019
  1496 10019
  1497 10019
  1498 10019
  1499 10019
  1500 10019
  1501 10090
  1502 10090
  1503 10090
  1504 10090
  1505 10090
  1506 10090
  1507 10090
  1508 10090
  1509 10090
  1510 10090
  1511 10090
  1512 10090
  1513 10090
  1514 10090
  1515 10090
  1516 10090
  1517 10090
  1518 10090
  1519 10090
  1520 10090
  1521 10090
  1522 10090
  1523 10090
  1524 10090
  1525 10090
  1526 10090
  1527 10090
  1528 10090
  1529 10090
  1530 10090
  1531 10090
  1532 10090
  1533 10090
  1534 10090
  1535 10090
  1536 10090
  1537 10090
  1538 10090
  1539 10090
  1540 10090
  1541 10090
  1542 10090
  1543 10090
  1544 10090
  1545 10090
  1546 10090
  1547 10090
  1548 10090
  1549 10090
  1550 10090
  1551 10090
  1552 10090
  1553 10090
  1554 10090
  1555 10090
  1556 10090
  1557 10090
  1558 10090
  1559 10090
  1560 10090
  1561 10090
  1562 10090
  1563 10090
  1564 10090
  1565 10090
  1566 10090
  1567 10090
  1568 10090
  1569 10090
  1570 10090
  1571 10090
  1572 10090
  1573 10090
  1574 10090
  1575 10090
  1576 10090
  1577 10090
  1578 10090
  1579 10090
  1580 10090
  1581 10090
  1582 10090
  1583 10090
  1584 10090
  1585 10090
  1586 10090
  1587 10090
  1588 10090
  1589 10090
  1590 10090
  1591 10090
  1592 10090
  1593 10090
  1594 10090
  1595 10090
  1596 10090
  1597 10090
  1598 10090
  1599 10090
  1600 10090
  1601 10090
  1602 10090
  1603 10090
  1604 10090
  1605 10090
  1606 10090
  1607 10090
  1608 10090
  1609 10090
  1610 10090
  1611 10090
  1612 10090
  1613 10090
  1614 10090
  1615 10090
  1616 10149
  1617 10149
  1618 10149
  1619 10163
  1620 10163
  1621 10163
  1622 10163
  1623 10163
  1624 10163
  1625 10163
  1626 10062
  1627 10062
  1628 10062
  1629 10062
  1630 10062
  1631 10062
  1632 10062
  1633 10062
  1634 10062
  1635 10062
  1636 10062
  1637 10062
  1638 10062
  1639 10062
  1640 10062
  1641 10062
  1642 10062
  1643 10062
  1644 10062
  1645 10062
  1646 10062
  1647 10062
  1648 10062
  1649 10062
  1650 10062
  1651 10062
  1652 10062
  1653 10062
  1654 10062
  1655 10062
  1656 10062
  1657 10062
  1658 10062
  1659 10062
  1660 10062
  1661 10062
  1662 10062
  1663 10062
  1664 10062
  1665 10062
  1666 10062
  1667 10062
  1668 10062
  1669 10062
  1670 10062
  1671 10062
  1672 10062
  1673 10062
  1674 10062
  1675 10062
  1676 10062
  1677 10062
  1678 10062
  1679 10062
  1680 10062
  1681 10062
  1682 10062
  1683 10062
  1684 10062
  1685 10062
  1686 10062
  1687 10062
  1688 10062
  1689 10062
  1690 10062
  1691 10062
  1692 10062
  1693 10062
  1694 10062
  1695 10062
  1696 10062
  1697 10062
  1698 10062
  1699 10062
  1700 10062
  1701 10062
  1702 10062
  1703 10062
  1704 10062
  1705 10062
  1706 10062
  1707 10062
  1708 10062
  1709 10062
  1710 10062
  1711 10062
  1712 10062
  1713 10062
  1714 10062
  1715 10062
  1716 10062
  1717 10062
  1718 10062
  1719 10062
  1720 10062
  1721 10062
  1722 10062
  1723 10062
  1724 10062
  1725 10062
  1726 10062
  1727 10062
  1728 10062
  1729 10062
  1730 10062
  1731 10062
  1732 10062
  1733 10062
  1734 10062
  1735 10062
  1736 10062
  1737 10062
  1738 10062
  1739 10062
  1740 10062
  1741 10062
  1742 10062
  1743 10062
  1744 10062
  1745 10062
  1746 10062
  1747 10062
  1748 10062
  1749 10062
  1750 10062
  1751 10062
  1752 10062
  1753 10062
  1754 10062
  1755 10062
  1756 10062
  1757 10062
  1758 10062
  1759 10062
  1760 10062
  1761 10062
  1762 10062
  1763 10062
  1764 10062
  1765 10062
  1766 10062
  1767 10062
  1768 10062
  1769 10062
  1770 10062
  1771 10062
  1772 10062
  1773 10062
  1774 10062
  1775 10062
  1776 10062
  1777 10062
  1778 10062
  1779 10062
  1780 10062
  1781 10062
  1782 10062
  1783 10062
  1784 10062
  1785 10062
  1786 10062
  1787 10062
  1788 10062
  1789 10062
  1790 10062
  1791 10062
  1792 10062
  1793 10062
  1794 10062
  1795 10062
  1796 10062
  1797 10062
  1798 10062
  1799 10062
  1800 10062
  1801 10062
  1802 10062
  1803 10062
  1804 10062
  1805 10062
  1806 10062
  1807 10062
  1808 10062
  1809 10062
  1810 10062
  1811 10062
  1812 10062
  1813 10062
  1814 10062
  1815 10062
  1816 10062
  1817 10062
  1818 10062
  1819 10062
  1820 10062
  1821 10062
  1822 10062
  1823 10062
  1824 10062
  1825 10062
  1826 10062
  1827 10062
  1828 10062
  1829 10062
  1830 10062
  1831 10062
  1832 10062
  1833 10062
  1834 10062
  1835 10062
  1836 10062
  1837 10062
  1838 10062
  1839 10062
  1840 10062
  1841 10062
  1842 10062
  1843 10062
  1844 10062
  1845 10062
  1846 10062
  1847 10062
  1848 10062
  1849 10062
  1850 10062
  1851 10062
  1852 10062
  1853 10062
  1854 10062
  1855 10062
  1856 10062
  1857 10062
  1858 10062
  1859 10062
  1860 10062
  1861 10062
  1862 10062
  1863 10062
  1864 10062
  1865 10062
  1866 10062
  1867 10065
  1869 10140
  1870 10140
  1871 10140
  1872 10143
  1873 10143
  1874 10143
  1875 10143
  1876 10143
  1877 10143
  1878 10143
  1879 10143
  1880 10143
  1881 10143
  1882 10115
  1883 10115
  1884 10115
  1885 10115
  1886 10016
  1887 10014
  1888 10014
  1889 10016
  1890 10014
  1891 10016
  1892 10016
  1893 10016
  1894 10016
  1895 10016
  1896 10016
  1897 10016
  1898 10016
  1899 10016
  1900 10016
  1901 10016
  1902 10016
  1903 10016
  1904 10016
  1905 10016
  1906 10016
  1907 10016
  1908 10016
  1909 10016
  1910 10016
  1911 10016
  1912 10016
  1913 10016
  1914 10016
  1915 10016
  1916 10016
  1917 10016
  1918 10016
  1919 10016
  1920 10016
  1921 10016
  1922 10016
  1923 10016
  1924 10016
  1925 10016
  1926 10016
  1927 10016
  1928 10016
  1929 10016
  1930 10016
  1931 10016
  1932 10016
  1933 10016
  1934 10016
  1935 10016
  1936 10016
  1937 10016
  1938 10016
  1939 10016
  1940 10016
  1941 10016
  1942 10016
  1943 10016
  1944 10016
  1945 10016
  1946 10016
  1947 10016
  1948 10016
  1949 10016
  1950 10016
  1951 10016
  1952 10016
  1953 10016
  1954 10016
  1955 10016
  1956 10016
  1957 10016
  1958 10016
  1959 10016
  1960 10016
  1961 10016
  1962 10016
  1963 10016
  1964 10016
  1965 10016
  1966 10016
  1967 10016
  1968 10016
  1969 10016
  1970 10016
  1971 10016
  1972 10016
  1973 10016
  1974 10016
  1975 10016
  1976 10016
  1977 10016
  1978 10016
  1979 10016
  1980 10016
  1981 10016
  1982 10016
  1983 10016
  1984 10016
  1985 10016
  1986 10016
  1987 10016
  1988 10016
  1989 10016
  1990 10016
  1991 10016
  1992 10016
  1993 10016
  1994 10016
  1995 10016
  1996 10016
  1997 10016
  1998 10016
  1999 10016
  2000 10016
  2001 10016
  2002 10016
  2003 10016
  2004 10016
  2005 10016
  2006 10016
  2007 10016
  2008 10016
  2009 10016
  2010 10016
  2011 10016
  2012 10016
  2013 10016
  2014 10016
  2015 10016
  2016 10016
  2017 10016
  2018 10016
  2019 10016
  2020 10016
  2021 10016
  2022 10016
  2023 10016
  2024 10016
  2026 10107
  2027 10101
  2028 10101
  2029 10101
  2030 10101
  2032 10138
  2033 10138
  2034 10138
  2035 10068
