   698 10044
   699 10044
   700 10044
   701 10044
   702 10044
   703 10044
   704 10044
   705 10044
   706 10044
   707 10044
   708 10044
   709 10044
   710 10044
   711 10044
   712 10044
   713 10044
   714 10044
   715 10044
   716 10044
   717 10044
   718 10044
   719 10044
   720 10044
   721 10044
   722 10044
   723 10044
   724 10044
   725 10044
   726 10044
   727 10044
   728 10044
   729 10044
   730 10044
   731 10044
   732 10044
   733 10044
   734 10044
   735 10044
   736 10044
   737 10044
   738 10044
   739 10044
   740 10044
   741 10044
   742 10044
   743 10044
   744 10044
   745 10044
   746 10044
   747 10044
   748 10044
   749 10044
   750 10044
   751 10044
   752 10044
   753 10044
   754 10044
   755 10044
   756 10044
   757 10044
   758 10044
   759 10044
   760 10044
   761 10044
   762 10044
   763 10044
   764 10044
   765 10044
   766 10044
   767 10044
   768 10044
   769 10044
   770 10044
   771 10044
   772 10044
   773 10044
   775 10122
   776 10102
   777 10122
   778 10102
   779 10102
   780 10102
   781 10102
   782 10102
   783 10102
   784 10102
   785 10120
   786 10120
   787 10120
   788 10120
   789 10120
   790 10120
   791 10120
   792 10120
   793 10120
   794 10120
   795 10120
   796 10120
   797 10120
   798 10120
   799 10120
   800 10120
   801 10120
   802 10120
   803 10120
   804 10120
   805 10120
   806 10120
   807 10120
   808 10120
   809 10120
   810 10120
   811 10120
   812 10120
   813 10120
   814 10120
   815 10120
   816 10120
   817 10120
   818 10120
   819 10120
   820 10120
   821 10120
   822 10120
   823 10120
   824 10120
   825 10120
   826 10120
   827 10120
   828 10120
   829 10120
   830 10120
   831 10120
   832 10120
   833 10120
   834 10120
   835 10120
   836 10120
   837 10120
   838 10120
   839 10120
   840 10120
   841 10120
   842 10120
   843 10120
   844 10120
   845 10120
   846 10120
   847 10120
   848 10120
   849 10120
   850 10120
   851 10120
   852 10120
   853 10120
   854 10120
   855 10120
   856 10120
   857 10120
   858 10120
   859 10120
   860 10120
   861 10120
   862 10120
   863 10120
   864 10120
   865 10120
   866 10120
   867 10120
   868 10120
   869 10120
   870 10120
   871 10120
   872 10120
   873 10120
   874 10120
   875 10120
   876 10120
   877 10120
   878 10120
   879 10120
   880 10120
   881 10120
   882 10120
   883 10120
   884 10120
   885 10120
   886 10120
   887 10120
   888 10120
   889 10120
   890 10120
   891 10120
   892 10120
   893 10120
   894 10120
   895 10120
   896 10120
   897 10120
   898 10120
   899 10120
   900 10120
   901 10120
   902 10120
   903 10120
   904 10120
   905 10120
   906 10120
   907 10120
   908 10120
   909 10120
   910 10120
   911 10120
   912 10120
   913 10120
   914 10120
   915 10120
   916 10120
   917 10120
   918 10120
   919 10120
   920 10120
   921 10120
   922 10120
   923 10120
   924 10120
   925 10120
   926 10120
   927 10120
   928 10120
   929 10120
   930 10120
   931 10120
   932 10120
   933 10120
   934 10120
   935 10120
   936 10120
   937 10120
   938 10120
   939 10120
   940 10120
   941 10120
   942 10120
   943 10120
   944 10120
   945 10120
   946 10120
   947 10120
   948 10120
   949 10120
   950 10120
   951 10120
   952 10120
   953 10120
   954 10120
   955 10120
   956 10120
   957 10120
   958 10120
   959 10120
   960 10120
   961 10120
   962 10120
   963 10120
   964 10120
   965 10120
   966 10120
   967 10120
   968 10120
   969 10120
   970 10120
   971 10120
   972 10120
   973 10120
   974 10120
   975 10120
   976 10120
   977 10120
   978 10120
   979 10120
   980 10120
   981 10120
   982 10120
   983 10120
   984 10120
   985 10120
   986 10120
   987 10120
   988 10120
   989 10120
   990 10120
   991 10120
   992 10120
   993 10120
   994 10120
   995 10120
   996 10120
   997 10120
   998 10120
   999 10120
  1000 10120
  1001 10120
  1002 10120
  1003 10120
  1004 10120
  1005 10120
  1006 10120
  1007 10120
  1008 10120
  1009 10120
  1010 10120
  1011 10120
  1012 10120
  1013 10120
  1014 10120
  1015 10120
  1016 10120
  1017 10120
  1018 10120
  1019 10120
  1024 10039
  1025 10039
  1026 10039
  1027 10039
  1028 10039
  1029 10039
  1030 10039
  1031 10039
  1032 10039
  1033 10039
  1034 10039
  1035 10039
  1036 10071
  1037 10071
  1038 10149
  1039 10149
  1040 10149
  1041 10071
  1042 10149
  1043 10149
  1044 10149
  1045 10149
  1046 10071
  1047 10149
  1048 10071
  1049 10149
  1050 10149
  1051 10149
  1052 10149
  1053 10149
  1054 10149
  1055 10071
  1056 10071
  1057 10071
  1058 10071
  1059 10071
  1060 10071
  1061 10149
  1062 10149
  1063 10149
  1064 10149
  1065 10149
  1066 10149
  1067 10149
  1068 10149
  1069 10149
  1070 10149
  1071 10149
  1072 10149
  1073 10149
  1074 10149
  1075 10071
  1076 10071
  1077 10071
  1078 10071
  1079 10071
  1080 10149
  1081 10071
  1082 10149
  1083 10149
  1084 10149
  1085 10149
  1086 10149
  1087 10149
  1088 10149
  1089 10149
  1090 10149
  1091 10149
  1092 10149
  1093 10071
  1094 10071
  1095 10071
  1096 10071
  1097 10071
  1098 10071
  1099 10071
  1100 10071
  1101 10071
  1102 10071
  1103 10071
  1104 10149
  1105 10149
  1106 10149
  1107 10149
  1108 10149
  1109 10149
  1110 10149
  1111 10149
  1112 10149
  1113 10071
  1114 10071
  1115 10071
  1116 10071
  1122 10071
  1123 10071
  1124 10071
  1125 10071
  1126 10071
  1127 10071
  1128 10071
  1129 10071
  1130 10149
  1131 10071
  1132 10071
  1133 10071
  1134 10071
  1135 10071
  1136 10071
  1137 10071
  1138 10071
  1139 10054
  1140 10054
  1141 10054
  1142 10054
  1143 10054
  1144 10094
  1145 10054
  1149 10039
  1150 10039
  1151 10039
  1152 10039
  1153 10039
  1154 10090
  1155 10090
  1156 10090
  1157 10090
  1158 10090
  1159 10090
  1160 10090
  1161 10090
  1162 10090
  1163 10039
  1164 10039
  1165 10090
  1166 10090
  1167 10090
  1168 10039
  1169 10039
  1170 10039
  1171 10039
  1172 10039
  1173 10039
  1174 10039
  1175 10039
  1176 10039
  1177 10039
  1178 10039
  1179 10039
  1180 10090
  1181 10039
  1182 10039
  1183 10039
  1184 10039
  1185 10039
  1186 10039
  1187 10039
  1188 10039
  1189 10090
  1190 10090
  1191 10090
  1192 10039
  1193 10039
  1194 10039
  1195 10090
  1196 10071
  1197 10071
  1198 10149
  1199 10149
  1200 10149
  1201 10149
  1202 10149
  1203 10149
  1204 10149
  1205 10149
  1206 10149
  1207 10149
  1208 10149
  1209 10149
  1210 10149
  1211 10149
  1212 10149
  1213 10149
  1214 10149
  1215 10149
  1216 10149
  1217 10149
  1218 10149
  1219 10149
  1220 10149
  1221 10149
  1222 10149
  1223 10149
  1224 10149
  1225 10149
  1226 10149
  1227 10149
  1228 10149
  1229 10149
  1230 10149
  1231 10149
  1232 10149
  1233 10149
  1234 10149
  1235 10149
  1236 10149
  1237 10149
  1238 10149
  1239 10149
  1240 10149
  1241 10149
  1242 10149
  1243 10149
  1244 10149
  1245 10149
  1246 10149
  1247 10071
  1248 10071
  1249 10071
  1250 10071
  1251 10071
  1252 10149
  1253 10071
  1254 10071
  1255 10071
  1256 10071
  1257 10090
  1258 10091
  1264 10036
  1265 10154
  1266 10154
  1267 10095
  1268 10156
  1269 10156
  1270 10156
  1271 10156
  1272 10156
  1273 10156
  1274 10156
  1275 10156
  1276 10156
  1277 10156
  1278 10156
  1279 10156
  1280 10156
  1281 10156
  1282 10156
  1283 10156
  1284 10156
  1285 10156
  1286 10156
  1287 10156
  1288 10156
  1289 10156
  1290 10156
  1291 10156
  1292 10156
  1293 10156
  1294 10156
  1295 10156
  1296 10156
  1297 10156
  1298 10156
  1299 10156
  1300 10156
  1301 10156
  1302 10156
  1303 10156
  1304 10156
  1305 10156
  1306 10156
  1307 10156
  1308 10156
  1309 10156
  1310 10156
  1311 10156
  1312 10156
  1313 10156
  1314 10156
  1315 10156
  1316 10156
  1317 10156
  1318 10156
  1319 10156
  1320 10156
  1321 10156
  1322 10156
  1323 10156
  1324 10156
  1325 10156
  1326 10156
  1327 10156
  1328 10156
  1329 10156
  1330 10156
  1331 10156
  1332 10156
  1333 10156
  1334 10156
  1335 10156
  1336 10156
  1337 10156
  1338 10156
  1339 10156
  1340 10156
  1341 10156
  1342 10156
  1343 10156
  1344 10156
  1345 10156
  1346 10156
  1347 10156
  1348 10156
  1349 10156
  1350 10156
  1351 10156
  1352 10156
  1353 10156
  1354 10156
  1355 10156
  1356 10156
  1357 10156
  1358 10156
  1359 10156
  1360 10156
  1361 10156
  1362 10156
  1363 10156
  1364 10156
  1365 10156
  1366 10156
  1367 10156
  1368 10156
  1369 10156
  1370 10156
  1371 10156
  1372 10156
  1373 10156
  1374 10156
  1375 10156
  1376 10156
  1377 10156
  1378 10156
  1379 10156
  1380 10156
  1381 10156
  1382 10156
  1383 10156
  1384 10156
  1385 10156
  1386 10156
  1387 10156
  1388 10156
  1389 10156
  1390 10156
  1391 10156
  1392 10156
  1393 10156
  1394 10156
  1395 10156
  1396 10156
  1397 10156
  1398 10156
  1399 10156
  1400 10156
  1401 10156
  1402 10156
  1403 10156
  1404 10156
  1405 10156
  1406 10156
  1407 10156
  1408 10156
  1409 10156
  1410 10156
  1411 10156
  1412 10156
  1413 10156
  1414 10156
  1415 10156
  1416 10156
  1417 10156
  1418 10156
  1419 10156
  1420 10156
  1421 10156
  1422 10156
  1423 10156
  1424 10156
  1425 10156
  1426 10156
  1427 10156
  1428 10156
  1429 10156
  1430 10156
  1431 10156
  1432 10156
  1433 10156
  1434 10156
  1435 10156
  1436 10156
  1437 10156
  1438 10156
  1439 10156
  1440 10156
  1441 10156
  1442 10156
  1443 10156
  1444 10156
  1445 10156
  1446 10156
  1447 10156
  1448 10156
  1449 10156
  1450 10156
  1451 10156
  1452 10156
  1453 10156
  1454 10156
  1455 10156
  1456 10156
  1457 10156
  1458 10156
  1459 10156
  1460 10156
  1461 10156
  1462 10156
  1463 10156
  1464 10156
  1465 10156
  1466 10156
  1467 10156
  1468 10156
  1469 10156
  1470 10156
  1471 10156
  1472 10156
  1473 10156
  1474 10156
  1475 10156
  1476 10156
  1477 10156
  1478 10156
  1479 10156
  1480 10156
  1481 10156
  1482 10156
  1483 10156
  1484 10156
  1485 10156
  1486 10156
  1487 10156
  1488 10156
  1489 10156
  1490 10156
  1491 10156
  1492 10156
  1493 10156
  1494 10156
  1495 10156
  1496 10156
  1497 10156
  1498 10156
  1499 10156
  1500 10055
  1501 10055
  1502 10018
  1503 10055
  1504 10040
  1505 10040
  1506 10018
  1507 10018
  1508 10018
  1509 10018
  1510 10018
  1511 10023
  1512 10023
  1513 10023
  1514 10023
  1540 10055
  1541 10055
  1542 10018
  1543 10040
  1544 10076
  1545 10055
  1546 10076
  1597 10123
  1598 10123
  1599 10123
  1600 10123
  1603 10163
  1604 10002
  1605 10002
  1606 10002
  1607 10019
  1608 10019
  1609 10019
  1610 10019
  1611 10020
  1612 10020
  1613 10020
  1614 10066
  1615 10066
  1616 10019
  1617 10066
  1618 10066
  1619 10066
  1620 10066
  1621 10066
  1622 10066
  1623 10066
  1624 10066
  1625 10066
  1626 10066
  1627 10020
  1628 10066
  1629 10041
  1630 10011
  1631 10082
  1632 10034
  1633 10034
  1634 10034
  1635 10034
  1636 10011
  1637 10034
  1638 10034
  1639 10034
  1640 10034
  1641 10034
  1642 10034
  1643 10034
  1644 10034
  1645 10034
  1646 10034
  1647 10034
  1648 10034
  1649 10034
  1650 10034
  1651 10034
  1652 10034
  1653 10034
  1654 10034
  1655 10034
  1656 10011
  1657 10011
  1658 10011
  1659 10011
  1660 10011
  1661 10011
  1662 10011
  1663 10011
  1664 10011
  1665 10034
  1666 10011
  1667 10011
  1668 10011
  1669 10011
  1670 10011
  1671 10011
  1672 10011
  1673 10011
  1674 10011
  1675 10011
  1676 10011
  1677 10011
  1678 10011
  1679 10011
  1680 10011
  1681 10011
  1682 10034
  1683 10034
  1684 10011
  1685 10034
  1686 10034
  1687 10034
  1688 10034
  1689 10034
  1690 10011
  1691 10011
  1692 10034
  1693 10034
  1694 10011
  1695 10034
  1696 10034
  1697 10034
  1698 10034
  1699 10034
  1700 10034
  1701 10034
  1702 10034
  1703 10034
  1704 10034
  1705 10034
  1706 10034
  1707 10034
  1708 10034
  1709 10034
  1710 10034
  1711 10034
  1712 10034
  1713 10034
  1714 10034
  1715 10034
  1716 10034
  1717 10034
  1718 10034
  1719 10034
  1720 10011
  1721 10011
  1722 10034
  1723 10034
  1724 10034
  1725 10034
  1726 10034
  1727 10034
  1728 10034
  1729 10034
  1730 10034
  1731 10034
  1732 10034
  1733 10034
  1734 10034
  1735 10034
  1736 10034
  1737 10034
  1738 10034
  1740 10034
  1741 10034
  1742 10034
  1743 10034
  1744 10034
  1745 10034
  1746 10034
  1747 10034
  1749 10034
  1750 10034
  1751 10034
  1752 10034
  1753 10034
  1754 10034
  1755 10034
  1756 10034
  1757 10034
  1758 10034
  1759 10034
  1760 10034
  1761 10034
  1762 10034
  1763 10034
  1764 10034
  1765 10034
  1766 10034
  1767 10034
  1768 10034
  1769 10034
  1770 10034
  1771 10034
  1772 10034
  1773 10034
  1774 10034
  1775 10034
  1776 10034
  1777 10034
  1778 10034
  1779 10034
  1780 10034
  1781 10034
  1782 10034
  1783 10034
  1784 10034
  1785 10034
  1786 10034
  1787 10034
  1788 10034
  1789 10034
  1790 10034
  1791 10034
  1792 10034
  1793 10034
  1794 10034
  1795 10034
  1796 10152
  1797 10034
  1798 10034
  1799 10034
  1800 10034
  1801 10034
  1802 10034
  1803 10034
  1804 10034
  1806 10152
  1807 10152
  1808 10034
  1809 10034
  1810 10034
  1811 10152
  1812 10152
  1813 10034
  1814 10034
  1815 10034
  1816 10034
  1817 10034
  1818 10034
  1819 10034
  1820 10034
  1821 10034
  1822 10034
  1823 10011
  1824 10034
  1825 10011
  1826 10034
  1827 10034
  1828 10011
  1829 10011
  1830 10011
  1831 10034
  1832 10034
  1833 10034
  1834 10011
  1835 10011
  1836 10011
  1837 10034
  1838 10011
  1839 10011
  1840 10034
  1841 10011
  1842 10034
  1843 10011
  1844 10011
  1845 10034
  1846 10034
  1847 10034
  1848 10034
  1849 10034
  1850 10034
  1851 10034
  1852 10034
  1853 10034
  1854 10034
  1855 10034
  1856 10034
  1857 10034
  1858 10034
  1859 10034
  1860 10034
  1861 10041
  1862 10041
  1863 10041
  1864 10041
  1865 10041
  1866 10041
  1867 10041
  1868 10041
  1869 10041
  1870 10072
  1871 10072
  1872 10072
  1873 10041
  1874 10041
  1875 10082
  1876 10041
  1877 10041
  1878 10041
  1879 10072
  1880 10041
  1881 10041
  1882 10041
  1883 10041
  1884 10041
  1885 10041
  1886 10041
  1887 10041
  1888 10151
  1889 10151
  1890 10072
  1891 10072
  1892 10072
  1893 10072
  1894 10072
  1895 10072
  1896 10072
  1897 10072
  1898 10072
  1899 10072
  1900 10072
  1901 10072
  1902 10072
  1903 10072
  1904 10072
  1905 10072
  1906 10072
  1907 10072
  1908 10072
  1909 10072
  1910 10072
  1911 10072
  1912 10072
  1913 10072
  1914 10072
  1915 10072
  1916 10072
  1917 10072
  1918 10072
  1919 10072
  1920 10082
  1921 10082
  1922 10082
  1923 10082
  1924 10082
  1925 10082
  1926 10082
  1927 10082
  1928 10082
  1929 10082
  1930 10041
  1931 10041
  1936 10041
  1937 10041
  1938 10151
  1939 10151
  1940 10151
  1941 10151
  1942 10041
  1943 10082
  1944 10082
  1945 10082
  1946 10082
  1949 10082
  1950 10082
  1951 10082
  1952 10082
  1953 10019
  1954 10082
  1957 10019
  1958 10019
  1959 10019
  1960 10019
  1961 10041
  1962 10041
  1963 10041
  1964 10041
  1965 10041
  1966 10041
  1967 10041
  1968 10041
  1969 10041
  1970 10041
  1971 10151
  1972 10151
  1973 10151
  1974 10151
  1979 10151
  1980 10151
  1981 10151
  1982 10151
  1983 10151
  1984 10151
  1985 10151
  1986 10151
  1987 10151
  1988 10151
  1989 10151
  1990 10151
  1991 10151
  1992 10151
  1993 10019
  1994 10151
  1995 10151
  1996 10151
  1997 10151
  1998 10151
  1999 10151
  2000 10151
  2001 10151
  2002 10151
  2003 10151
  2004 10151
  2005 10151
  2006 10151
  2007 10151
  2008 10151
  2011 10151
  2012 10041
  2013 10041
  2014 10041
  2015 10041
  2016 10041
  2017 10082
  2018 10082
  2019 10082
  2020 10082
  2021 10019
  2022 10019
  2023 10019
  2024 10019
  2025 10019
  2027 10091
  2029 10028
