   695 10028
   696 10028
   697 10028
   698 10028
   699 10028
   700 10028
   701 10028
   702 10028
   703 10028
   704 10028
   705 10028
   706 10028
   707 10028
   708 10028
   709 10028
   710 10028
   711 10028
   712 10028
   713 10028
   714 10028
   715 10028
   716 10028
   717 10028
   718 10028
   719 10028
   720 10028
   721 10028
   722 10028
   723 10028
   724 10028
   725 10028
   726 10028
   727 10028
   728 10028
   729 10028
   730 10028
   731 10028
   732 10028
   733 10028
   740 10028
   741 10028
   742 10028
   743 10028
   744 10028
   745 10028
   748 10028
   749 10028
   750 10028
   751 10028
   752 10028
   753 10028
   754 10028
   755 10028
   756 10028
   757 10028
   758 10028
   759 10028
   760 10028
   761 10028
   762 10028
   763 10028
   764 10028
   765 10028
   766 10028
   767 10028
   768 10028
   769 10028
   770 10028
   771 10028
   772 10028
   773 10028
   774 10028
   775 10028
   776 10028
   777 10028
   778 10028
   779 10028
   780 10028
   781 10028
   782 10039
   783 10039
   784 10039
   785 10039
   791 10162
   792 10162
   793 10162
   794 10162
   795 10162
   796 10162
   797 10162
   798 10162
   799 10162
   800 10162
   801 10162
   802 10162
   803 10162
   804 10162
   805 10162
   806 10162
   807 10162
   808 10162
   809 10162
   810 10162
   811 10162
   812 10162
   813 10162
   814 10162
   815 10162
   816 10162
   817 10162
   818 10162
   819 10162
   820 10162
   821 10162
   822 10162
   823 10162
   824 10162
   825 10162
   826 10162
   827 10162
   828 10162
   829 10162
   830 10162
   831 10162
   832 10162
   833 10162
   834 10162
   835 10162
   836 10162
   837 10162
   838 10162
   839 10162
   840 10162
   841 10162
   842 10162
   843 10162
   844 10162
   845 10162
   846 10162
   847 10162
   848 10162
   849 10162
   850 10162
   851 10162
   852 10162
   853 10162
   854 10162
   855 10162
   856 10162
   857 10162
   858 10162
   859 10162
   860 10162
   861 10162
   862 10162
   863 10162
   864 10162
   865 10162
   866 10162
   867 10162
   868 10162
   869 10162
   870 10162
   871 10162
   872 10162
   873 10162
   874 10162
   875 10162
   876 10162
   877 10162
   878 10162
   879 10162
   880 10162
   881 10162
   882 10162
   883 10162
   884 10162
   885 10162
   886 10162
   887 10162
   888 10162
   889 10162
   890 10162
   891 10162
   892 10162
   893 10162
   894 10162
   895 10162
   896 10162
   897 10162
   898 10162
   899 10162
   900 10162
   901 10162
   902 10162
   903 10162
   904 10162
   905 10162
   906 10162
   907 10162
   908 10162
   909 10162
   910 10162
   911 10162
   912 10162
   913 10162
   914 10162
   915 10162
   916 10162
   917 10162
   918 10162
   919 10162
   920 10162
   921 10162
   922 10162
   923 10162
   924 10162
   925 10162
   926 10162
   927 10162
   928 10162
   929 10162
   930 10162
   931 10162
   932 10162
   933 10162
   934 10162
   935 10162
   936 10162
   937 10162
   938 10162
   939 10162
   940 10162
   941 10162
   942 10162
   943 10162
   944 10162
   945 10162
   946 10162
   947 10162
   948 10162
   949 10162
   950 10162
   951 10162
   952 10162
   953 10162
   954 10162
   955 10162
   956 10162
   957 10162
   958 10162
   959 10162
   960 10162
   961 10162
   962 10162
   963 10162
   964 10162
   965 10162
   966 10162
   967 10162
   968 10162
   969 10162
   970 10162
   971 10162
   972 10162
   973 10162
   974 10162
   975 10162
   976 10162
   977 10162
   978 10162
   979 10162
   980 10162
   981 10162
   982 10162
   983 10162
   984 10162
   985 10162
   986 10162
   987 10162
   988 10162
   989 10162
   990 10162
   991 10162
   992 10162
   993 10162
   994 10162
   995 10162
   996 10162
   997 10162
   998 10162
   999 10162
  1000 10162
  1001 10162
  1002 10162
  1003 10162
  1004 10162
  1005 10162
  1006 10162
  1007 10162
  1008 10162
  1009 10162
  1010 10162
  1011 10162
  1012 10162
  1013 10162
  1014 10162
  1015 10162
  1016 10162
  1017 10016
  1018 10143
  1019 10143
  1020 10143
  1021 10143
  1022 10155
  1023 10155
  1024 10155
  1025 10155
  1026 10155
  1027 10155
  1028 10155
  1029 10155
  1030 10155
  1031 10155
  1032 10155
  1033 10155
  1034 10155
  1035 10155
  1036 10155
  1037 10155
  1038 10155
  1039 10155
  1040 10155
  1041 10155
  1042 10155
  1043 10155
  1044 10155
  1045 10155
  1046 10155
  1047 10155
  1048 10155
  1049 10155
  1050 10155
  1051 10155
  1052 10155
  1053 10155
  1054 10155
  1055 10155
  1056 10155
  1057 10155
  1058 10155
  1059 10155
  1060 10155
  1061 10155
  1062 10155
  1063 10155
  1064 10155
  1065 10155
  1066 10155
  1067 10155
  1068 10155
  1069 10155
  1070 10155
  1071 10155
  1072 10155
  1073 10155
  1074 10155
  1075 10155
  1076 10155
  1077 10155
  1078 10155
  1079 10155
  1080 10155
  1081 10155
  1082 10155
  1083 10155
  1084 10155
  1085 10155
  1086 10155
  1087 10155
  1088 10155
  1089 10155
  1090 10155
  1091 10155
  1092 10155
  1093 10155
  1094 10155
  1095 10155
  1096 10155
  1097 10155
  1098 10155
  1099 10155
  1100 10155
  1101 10155
  1102 10155
  1103 10155
  1104 10155
  1105 10155
  1106 10155
  1107 10155
  1108 10155
  1109 10155
  1110 10155
  1111 10155
  1112 10155
  1113 10155
  1114 10155
  1115 10155
  1116 10155
  1117 10155
  1118 10155
  1119 10155
  1120 10155
  1121 10155
  1122 10155
  1123 10155
  1124 10155
  1125 10155
  1126 10155
  1127 10155
  1128 10155
  1129 10155
  1130 10155
  1131 10155
  1132 10155
  1133 10155
  1134 10155
  1135 10155
  1136 10155
  1137 10155
  1138 10155
  1139 10155
  1140 10155
  1141 10155
  1142 10155
  1143 10155
  1144 10155
  1145 10155
  1146 10155
  1147 10155
  1148 10155
  1149 10155
  1150 10155
  1151 10155
  1152 10155
  1153 10155
  1154 10155
  1155 10155
  1156 10155
  1157 10155
  1158 10155
  1159 10155
  1160 10155
  1161 10155
  1162 10155
  1163 10155
  1164 10155
  1165 10155
  1166 10155
  1167 10155
  1168 10155
  1169 10155
  1170 10155
  1171 10155
  1172 10155
  1173 10155
  1174 10155
  1175 10155
  1176 10155
  1177 10155
  1178 10155
  1179 10155
  1180 10155
  1181 10155
  1182 10155
  1183 10155
  1184 10155
  1185 10155
  1186 10155
  1187 10155
  1188 10155
  1189 10155
  1190 10155
  1191 10155
  1192 10155
  1193 10155
  1194 10155
  1195 10155
  1196 10155
  1197 10155
  1198 10155
  1199 10155
  1200 10155
  1201 10155
  1202 10155
  1203 10155
  1204 10155
  1205 10155
  1206 10155
  1207 10155
  1208 10155
  1209 10155
  1210 10155
  1211 10155
  1212 10155
  1213 10155
  1214 10155
  1215 10155
  1216 10155
  1217 10155
  1218 10155
  1219 10155
  1220 10155
  1221 10155
  1222 10155
  1223 10155
  1224 10155
  1225 10155
  1226 10155
  1227 10155
  1228 10155
  1229 10155
  1230 10155
  1231 10155
  1232 10155
  1233 10155
  1234 10155
  1235 10155
  1236 10155
  1237 10155
  1238 10155
  1239 10155
  1240 10155
  1241 10155
  1242 10155
  1243 10155
  1244 10155
  1245 10155
  1246 10155
  1247 10155
  1248 10155
  1249 10155
  1250 10155
  1251 10155
  1252 10155
  1253 10155
  1254 10155
  1255 10155
  1256 10155
  1257 10155
  1258 10155
  1259 10143
  1260 10130
  1261 10106
  1263 10018
  1264 10018
  1265 10018
  1266 10018
  1267 10018
  1268 10018
  1269 10018
  1270 10018
  1271 10018
  1272 10040
  1273 10040
  1274 10040
  1275 10040
  1276 10018
  1277 10055
  1278 10055
  1279 10055
  1280 10055
  1281 10055
  1282 10055
  1283 10055
  1284 10055
  1285 10055
  1286 10055
  1287 10055
  1288 10055
  1289 10055
  1290 10055
  1291 10055
  1292 10055
  1293 10055
  1294 10055
  1295 10055
  1296 10055
  1297 10055
  1298 10055
  1299 10055
  1300 10018
  1301 10055
  1302 10140
  1303 10055
  1304 10055
  1305 10055
  1306 10018
  1307 10140
  1308 10055
  1309 10055
  1310 10055
  1311 10055
  1312 10098
  1313 10098
  1314 10018
  1315 10018
  1316 10055
  1317 10055
  1318 10055
  1319 10055
  1320 10134
  1329 10091
  1331 10019
  1332 10019
  1333 10019
  1334 10019
  1335 10019
  1336 10083
  1337 10083
  1338 10152
  1339 10152
  1340 10034
  1341 10034
  1342 10034
  1343 10152
  1344 10083
  1345 10083
  1346 10083
  1347 10083
  1348 10083
  1349 10083
  1350 10083
  1351 10083
  1352 10072
  1356 10083
  1357 10083
  1358 10083
  1359 10083
  1360 10083
  1361 10151
  1362 10083
  1363 10083
  1364 10083
  1365 10083
  1366 10083
  1367 10083
  1368 10083
  1369 10083
  1370 10066
  1371 10083
  1372 10083
  1373 10083
  1374 10083
  1375 10083
  1376 10083
  1377 10083
  1378 10083
  1379 10083
  1380 10083
  1381 10083
  1382 10083
  1383 10083
  1384 10083
  1385 10083
  1386 10083
  1387 10083
  1388 10083
  1389 10083
  1390 10083
  1391 10083
  1392 10083
  1393 10083
  1394 10083
  1395 10083
  1396 10083
  1397 10083
  1398 10083
  1399 10083
  1400 10083
  1401 10083
  1402 10083
  1403 10083
  1404 10083
  1405 10083
  1406 10083
  1407 10083
  1408 10083
  1409 10083
  1410 10083
  1411 10083
  1412 10083
  1413 10083
  1414 10083
  1415 10083
  1416 10083
  1417 10083
  1418 10083
  1419 10083
  1420 10083
  1421 10083
  1422 10083
  1423 10083
  1424 10083
  1425 10083
  1426 10083
  1427 10083
  1428 10083
  1429 10083
  1430 10083
  1431 10083
  1432 10083
  1433 10083
  1434 10083
  1435 10083
  1436 10083
  1437 10083
  1438 10083
  1439 10083
  1440 10083
  1441 10083
  1442 10083
  1443 10083
  1444 10083
  1445 10083
  1446 10083
  1447 10083
  1448 10083
  1449 10083
  1450 10083
  1451 10083
  1452 10083
  1453 10083
  1454 10083
  1455 10083
  1456 10083
  1457 10083
  1458 10083
  1459 10083
  1460 10083
  1461 10083
  1462 10083
  1463 10083
  1464 10083
  1465 10083
  1466 10083
  1467 10083
  1468 10083
  1469 10083
  1470 10083
  1471 10083
  1472 10083
  1473 10083
  1474 10083
  1475 10083
  1476 10083
  1477 10083
  1478 10083
  1479 10083
  1480 10083
  1481 10083
  1482 10083
  1483 10083
  1484 10083
  1485 10083
  1486 10083
  1487 10083
  1488 10083
  1489 10083
  1490 10083
  1491 10083
  1492 10083
  1493 10083
  1494 10083
  1495 10083
  1496 10083
  1497 10083
  1498 10083
  1499 10083
  1500 10083
  1501 10083
  1502 10083
  1503 10083
  1504 10083
  1505 10083
  1506 10083
  1507 10083
  1508 10083
  1509 10083
  1510 10083
  1511 10083
  1512 10083
  1513 10083
  1514 10083
  1515 10083
  1516 10083
  1517 10083
  1518 10083
  1519 10083
  1520 10083
  1521 10083
  1522 10083
  1523 10083
  1524 10083
  1525 10083
  1526 10083
  1527 10083
  1528 10083
  1529 10083
  1530 10083
  1531 10083
  1532 10083
  1533 10083
  1534 10083
  1535 10083
  1536 10083
  1537 10083
  1538 10083
  1539 10083
  1540 10083
  1541 10083
  1542 10083
  1543 10083
  1544 10083
  1545 10083
  1546 10083
  1547 10083
  1548 10083
  1549 10083
  1550 10083
  1551 10083
  1552 10083
  1553 10083
  1554 10083
  1555 10083
  1556 10083
  1557 10083
  1558 10083
  1559 10083
  1560 10083
  1561 10083
  1562 10083
  1563 10083
  1564 10083
  1565 10083
  1566 10083
  1567 10083
  1568 10083
  1569 10083
  1570 10083
  1571 10083
  1572 10083
  1573 10083
  1574 10083
  1575 10083
  1576 10083
  1577 10083
  1578 10083
  1579 10083
  1580 10083
  1581 10083
  1582 10083
  1583 10083
  1584 10083
  1585 10083
  1586 10083
  1587 10083
  1588 10083
  1589 10083
  1590 10083
  1591 10083
  1592 10083
  1593 10083
  1594 10083
  1595 10083
  1596 10083
  1597 10083
  1598 10083
  1599 10083
  1600 10083
  1601 10083
  1602 10083
  1603 10083
  1604 10083
  1605 10083
  1606 10083
  1607 10083
  1608 10083
  1609 10083
  1610 10083
  1611 10083
  1612 10083
  1613 10083
  1614 10083
  1615 10083
  1616 10083
  1617 10011
  1618 10019
  1619 10019
  1621 10019
  1626 10062
  1628 10062
  1629 10050
  1630 10088
  1631 10088
  1632 10088
  1633 10088
  1634 10088
  1635 10088
  1636 10088
  1637 10088
  1641 10088
  1642 10088
  1643 10088
  1644 10088
  1645 10088
  1646 10088
  1647 10088
  1648 10088
  1649 10088
  1650 10088
  1651 10088
  1652 10088
  1653 10088
  1654 10088
  1655 10088
  1656 10088
  1657 10088
  1658 10088
  1659 10088
  1660 10088
  1661 10088
  1662 10088
  1663 10088
  1664 10088
  1665 10088
  1666 10088
  1667 10088
  1668 10088
  1669 10088
  1670 10088
  1671 10088
  1672 10088
  1673 10088
  1674 10088
  1675 10088
  1676 10088
  1677 10088
  1678 10088
  1679 10088
  1680 10088
  1681 10088
  1682 10088
  1683 10088
  1684 10088
  1685 10088
  1686 10088
  1687 10088
  1688 10088
  1689 10088
  1690 10088
  1691 10088
  1692 10088
  1693 10088
  1694 10088
  1695 10088
  1696 10088
  1697 10088
  1698 10088
  1699 10088
  1700 10088
  1701 10088
  1702 10088
  1703 10088
  1704 10088
  1705 10088
  1706 10088
  1707 10088
  1708 10088
  1709 10088
  1710 10088
  1711 10088
  1712 10088
  1713 10088
  1714 10088
  1715 10088
  1716 10088
  1717 10088
  1718 10088
  1719 10088
  1720 10088
  1721 10088
  1722 10088
  1723 10088
  1724 10088
  1725 10088
  1726 10088
  1727 10088
  1728 10088
  1729 10088
  1730 10088
  1731 10088
  1732 10088
  1733 10088
  1734 10088
  1735 10088
  1736 10088
  1737 10088
  1738 10088
  1739 10088
  1740 10088
  1741 10088
  1742 10088
  1743 10088
  1744 10088
  1745 10088
  1746 10088
  1747 10088
  1748 10088
  1749 10088
  1750 10088
  1751 10088
  1752 10088
  1753 10088
  1754 10088
  1755 10088
  1756 10088
  1757 10088
  1758 10088
  1759 10088
  1760 10088
  1761 10088
  1762 10088
  1763 10088
  1764 10088
  1765 10088
  1766 10088
  1767 10088
  1768 10088
  1769 10088
  1770 10088
  1771 10088
  1772 10088
  1773 10088
  1783 10088
  1784 10088
  1785 10088
  1786 10088
  1787 10088
  1788 10088
  1789 10088
  1790 10088
  1791 10088
  1792 10088
  1793 10088
  1794 10088
  1795 10088
  1796 10088
  1797 10088
  1798 10088
  1799 10088
  1800 10088
  1801 10088
  1802 10088
  1803 10088
  1804 10088
  1805 10088
  1806 10088
  1807 10088
  1808 10088
  1809 10088
  1810 10088
  1811 10088
  1812 10088
  1813 10088
  1814 10088
  1815 10088
  1816 10088
  1817 10088
  1818 10088
  1819 10088
  1820 10088
  1821 10088
  1822 10088
  1823 10088
  1824 10088
  1825 10088
  1826 10088
  1827 10088
  1828 10088
  1829 10088
  1830 10088
  1831 10088
  1832 10088
  1833 10088
  1834 10088
  1835 10088
  1836 10088
  1837 10088
  1838 10088
  1839 10088
  1840 10088
  1841 10088
  1842 10088
  1843 10088
  1844 10088
  1845 10088
  1846 10088
  1847 10088
  1848 10088
  1849 10088
  1850 10088
  1851 10088
  1852 10088
  1853 10088
  1854 10088
  1855 10088
  1856 10088
  1857 10088
  1858 10088
  1859 10088
  1860 10088
  1861 10061
  1862 10101
  1863 10101
  1864 10101
  1865 10062
  1866 10062
  1867 10050
  1868 10061
  1869 10061
  1878 10123
  1881 10028
  1882 10028
  1883 10028
  1884 10028
  1885 10028
  1886 10028
  1887 10028
  1888 10028
