   602 10007
   603 10007
   604 10007
   605 10007
   606 10007
   607 10007
   608 10007
   609 10007
   610 10007
   611 10007
   612 10007
   613 10007
   614 10007
   615 10007
   616 10007
   617 10007
   618 10007
   619 10007
   620 10007
   621 10007
   622 10007
   623 10007
   629 10007
   630 10007
   631 10007
   632 10007
   633 10007
   634 10007
   635 10007
   636 10007
   637 10007
   638 10007
   639 10007
   640 10007
   644 10007
   645 10007
   646 10007
   647 10007
   648 10007
   649 10007
   650 10007
   651 10007
   652 10007
   653 10007
   654 10007
   655 10007
   656 10007
   657 10007
   658 10007
   659 10007
   660 10007
   661 10007
   662 10007
   663 10007
   664 10007
   665 10007
   666 10007
   667 10007
   668 10007
   669 10007
   670 10007
   675 10130
   696 10131
   697 10131
   698 10131
   699 10131
   700 10131
   701 10131
   702 10131
   703 10131
   704 10131
   705 10131
   706 10131
   707 10131
   708 10131
   709 10131
   710 10131
   711 10131
   712 10131
   713 10131
   714 10131
   715 10131
   716 10131
   717 10131
   718 10131
   719 10131
   720 10131
   721 10131
   722 10131
   723 10131
   724 10131
   725 10131
   726 10131
   727 10131
   728 10131
   729 10131
   730 10131
   731 10131
   732 10131
   733 10131
   734 10131
   735 10131
   736 10131
   737 10131
   738 10131
   739 10131
   740 10131
   741 10131
   742 10131
   743 10131
   744 10131
   745 10131
   746 10131
   747 10131
   748 10131
   749 10131
   750 10131
   751 10131
   752 10131
   753 10131
   754 10131
   755 10131
   756 10131
   757 10131
   758 10131
   759 10131
   760 10131
   761 10131
   762 10131
   763 10131
   764 10131
   765 10131
   766 10131
   767 10131
   768 10131
   769 10131
   770 10131
   771 10131
   772 10131
   773 10131
   774 10131
   775 10131
   776 10131
   777 10131
   778 10131
   779 10137
   780 10137
   781 10131
   782 10131
   783 10131
   784 10044
   785 10044
   787 10044
   788 10044
   789 10044
   790 10044
   791 10044
   792 10044
   793 10044
   794 10044
   795 10044
   796 10044
   797 10044
   798 10044
   799 10044
   800 10044
   801 10044
   802 10044
   803 10044
   804 10044
   805 10044
   806 10044
   807 10044
   808 10044
   809 10044
   810 10044
   811 10044
   812 10044
   813 10044
   814 10044
   815 10044
   816 10044
   817 10044
   818 10044
   819 10044
   820 10044
   821 10044
   822 10044
   823 10044
   824 10044
   825 10044
   826 10044
   827 10044
   828 10044
   829 10044
   830 10044
   831 10044
   832 10044
   833 10044
   834 10044
   835 10044
   836 10044
   837 10044
   838 10044
   839 10044
   840 10044
   841 10044
   842 10044
   843 10044
   844 10044
   845 10044
   846 10044
   847 10044
   848 10044
   849 10044
   850 10044
   851 10044
   852 10044
   853 10044
   854 10044
   855 10044
   856 10044
   857 10044
   858 10044
   859 10044
   860 10044
   861 10044
   862 10044
   863 10044
   864 10044
   865 10044
   866 10044
   867 10044
   868 10044
   869 10044
   870 10044
   871 10044
   872 10044
   873 10044
   874 10044
   875 10044
   876 10044
   877 10044
   878 10044
   879 10044
   880 10044
   881 10044
   882 10044
   883 10044
   884 10044
   885 10044
   886 10044
   887 10044
   888 10044
   889 10044
   890 10044
   891 10044
   892 10044
   893 10044
   894 10044
   895 10044
   896 10044
   897 10044
   898 10044
   899 10044
   900 10044
   901 10044
   902 10044
   903 10044
   904 10044
   905 10044
   906 10044
   907 10044
   908 10044
   909 10044
   910 10044
   911 10044
   912 10044
   913 10044
   914 10044
   915 10044
   916 10044
   917 10044
   918 10044
   919 10044
   920 10044
   921 10044
   922 10044
   923 10044
   924 10044
   925 10044
   926 10044
   927 10044
   928 10044
   929 10044
   930 10044
   931 10044
   932 10044
   933 10044
   934 10044
   935 10044
   936 10044
   937 10044
   938 10044
   939 10044
   940 10044
   941 10044
   942 10044
   943 10044
   944 10044
   945 10044
   946 10044
   947 10044
   948 10044
   949 10044
   950 10044
   951 10044
   952 10044
   953 10044
   954 10044
   955 10044
   956 10044
   957 10044
   958 10044
   959 10044
   960 10044
   961 10044
   962 10044
   963 10044
   964 10044
   965 10044
   966 10044
   967 10044
   968 10044
   969 10044
   970 10044
   971 10044
   972 10044
   973 10044
   974 10044
   975 10044
   976 10044
   977 10044
   978 10044
   979 10044
   980 10044
   981 10044
   982 10044
   983 10044
   984 10044
   985 10044
   986 10044
   987 10044
   988 10044
   989 10044
   990 10044
   991 10044
   992 10044
   993 10044
   994 10044
   995 10044
   996 10044
   997 10044
   998 10044
   999 10044
  1000 10044
  1001 10044
  1002 10044
  1003 10044
  1004 10044
  1005 10044
  1006 10044
  1007 10044
  1008 10044
  1009 10044
  1010 10044
  1011 10044
  1012 10044
  1013 10044
  1014 10044
  1015 10044
  1016 10044
  1017 10044
  1018 10044
  1019 10044
  1020 10025
  1021 10025
  1022 10025
  1023 10025
  1026 10007
  1027 10007
  1028 10007
  1029 10007
  1030 10007
  1031 10007
  1032 10007
  1033 10007
  1034 10007
  1035 10007
  1036 10007
  1037 10007
  1038 10007
  1039 10007
  1040 10007
  1041 10007
  1042 10007
  1043 10007
  1044 10007
  1045 10007
  1046 10007
  1047 10007
  1048 10007
  1049 10007
  1050 10007
  1051 10007
  1052 10007
  1053 10007
  1054 10007
  1055 10007
  1056 10007
  1057 10007
  1058 10007
  1059 10007
  1060 10007
  1061 10007
  1062 10007
  1063 10007
  1064 10007
  1065 10007
  1066 10007
  1067 10007
  1068 10007
  1069 10007
  1070 10007
  1071 10007
  1072 10007
  1073 10007
  1074 10007
  1075 10007
  1076 10007
  1077 10007
  1078 10007
  1079 10007
  1080 10007
  1081 10007
  1082 10007
  1083 10007
  1084 10007
  1085 10007
  1086 10007
  1087 10007
  1088 10007
  1089 10007
  1090 10007
  1091 10007
  1092 10007
  1093 10007
  1094 10007
  1095 10007
  1096 10007
  1097 10007
  1098 10007
  1099 10007
  1100 10007
  1101 10007
  1102 10007
  1103 10007
  1104 10007
  1105 10007
  1106 10007
  1107 10007
  1108 10007
  1109 10007
  1110 10007
  1111 10007
  1112 10007
  1113 10007
  1114 10007
  1115 10007
  1116 10007
  1117 10007
  1118 10007
  1119 10007
  1120 10007
  1121 10007
  1122 10007
  1123 10007
  1124 10007
  1125 10007
  1126 10007
  1127 10007
  1128 10007
  1129 10007
  1130 10007
  1131 10007
  1132 10007
  1133 10007
  1134 10007
  1135 10007
  1136 10007
  1137 10007
  1138 10007
  1139 10007
  1140 10007
  1141 10007
  1142 10007
  1143 10007
  1144 10007
  1145 10007
  1146 10007
  1147 10007
  1148 10007
  1149 10007
  1150 10007
  1151 10007
  1152 10007
  1153 10007
  1154 10007
  1155 10007
  1156 10007
  1157 10007
  1158 10007
  1159 10007
  1160 10007
  1161 10007
  1162 10007
  1163 10007
  1164 10007
  1165 10007
  1166 10007
  1167 10007
  1168 10007
  1169 10007
  1170 10007
  1171 10007
  1172 10007
  1173 10007
  1174 10007
  1175 10007
  1176 10007
  1177 10007
  1178 10007
  1179 10007
  1180 10007
  1181 10007
  1182 10007
  1183 10007
  1184 10007
  1185 10007
  1186 10007
  1187 10007
  1188 10007
  1189 10007
  1190 10007
  1191 10007
  1192 10007
  1193 10007
  1194 10007
  1195 10007
  1196 10007
  1197 10007
  1198 10007
  1199 10007
  1200 10007
  1201 10007
  1202 10007
  1203 10007
  1204 10007
  1205 10007
  1206 10007
  1207 10007
  1208 10007
  1209 10007
  1210 10007
  1211 10007
  1212 10007
  1213 10007
  1214 10007
  1215 10007
  1216 10007
  1217 10007
  1218 10007
  1219 10007
  1220 10007
  1221 10007
  1222 10007
  1223 10007
  1224 10007
  1225 10007
  1226 10007
  1227 10007
  1228 10007
  1229 10007
  1230 10007
  1231 10007
  1232 10007
  1233 10007
  1234 10007
  1235 10007
  1236 10007
  1237 10007
  1238 10007
  1239 10007
  1240 10007
  1241 10007
  1242 10007
  1243 10007
  1244 10007
  1245 10007
  1246 10007
  1247 10007
  1248 10007
  1249 10007
  1250 10007
  1251 10007
  1252 10007
  1253 10007
  1254 10007
  1255 10007
  1256 10007
  1257 10007
  1258 10007
  1259 10007
  1260 10007
  1268 10141
  1269 10141
  1270 10141
  1271 10141
  1272 10141
  1273 10141
  1274 10141
  1275 10141
  1276 10101
  1277 10141
  1278 10061
  1279 10141
  1280 10141
  1283 10040
  1284 10040
  1285 10018
  1286 10018
  1287 10018
  1288 10018
  1289 10018
  1290 10018
  1291 10140
  1292 10018
  1293 10018
  1294 10018
  1295 10018
  1296 10018
  1297 10018
  1298 10158
  1299 10018
  1300 10018
  1301 10018
  1302 10018
  1303 10018
  1304 10018
  1305 10018
  1306 10018
  1307 10018
  1308 10018
  1309 10018
  1310 10018
  1311 10018
  1312 10018
  1313 10018
  1314 10018
  1315 10018
  1316 10018
  1317 10055
  1318 10055
  1319 10018
  1320 10018
  1321 10018
  1322 10018
  1323 10018
  1324 10018
  1325 10018
  1326 10018
  1327 10018
  1328 10018
  1329 10018
  1330 10018
  1331 10076
  1332 10055
  1333 10055
  1334 10055
  1335 10055
  1337 10141
  1338 10101
  1339 10101
  1340 10169
  1341 10169
  1342 10169
  1343 10169
  1344 10101
  1345 10101
  1346 10101
  1347 10101
  1348 10101
  1349 10101
  1350 10101
  1351 10101
  1352 10101
  1353 10101
  1354 10169
  1355 10169
  1356 10101
  1357 10101
  1358 10101
  1359 10101
  1360 10101
  1361 10101
  1362 10101
  1365 10066
  1366 10033
  1367 10019
  1368 10066
  1369 10066
  1371 10151
  1372 10151
  1373 10151
  1374 10151
  1375 10151
  1376 10151
  1377 10151
  1378 10151
  1379 10034
  1380 10151
  1381 10151
  1382 10034
  1383 10151
  1384 10034
  1385 10034
  1386 10034
  1387 10034
  1388 10034
  1389 10034
  1390 10034
  1391 10034
  1392 10034
  1393 10034
  1394 10034
  1395 10034
  1396 10034
  1397 10034
  1398 10034
  1399 10034
  1400 10034
  1401 10034
  1402 10034
  1403 10034
  1404 10034
  1405 10034
  1406 10034
  1407 10034
  1408 10034
  1409 10034
  1410 10034
  1411 10034
  1412 10034
  1413 10034
  1414 10034
  1415 10034
  1416 10034
  1417 10034
  1418 10034
  1419 10034
  1420 10034
  1421 10034
  1422 10034
  1423 10034
  1424 10034
  1425 10034
  1426 10034
  1427 10034
  1428 10034
  1429 10034
  1430 10034
  1431 10034
  1432 10034
  1433 10034
  1434 10034
  1435 10034
  1436 10034
  1437 10034
  1438 10034
  1439 10034
  1440 10034
  1441 10034
  1442 10034
  1443 10034
  1444 10034
  1445 10034
  1446 10034
  1447 10034
  1448 10034
  1449 10034
  1450 10034
  1451 10034
  1452 10034
  1453 10034
  1454 10034
  1455 10034
  1456 10034
  1457 10034
  1458 10034
  1459 10034
  1460 10034
  1461 10034
  1462 10034
  1463 10034
  1464 10034
  1465 10034
  1466 10034
  1467 10034
  1468 10034
  1469 10034
  1470 10034
  1471 10034
  1472 10034
  1473 10034
  1474 10034
  1475 10034
  1476 10034
  1477 10034
  1478 10034
  1479 10034
  1480 10034
  1481 10034
  1482 10034
  1483 10034
  1484 10034
  1485 10034
  1486 10034
  1487 10034
  1488 10034
  1489 10034
  1490 10034
  1491 10034
  1492 10034
  1493 10034
  1494 10034
  1495 10034
  1496 10034
  1497 10034
  1498 10034
  1499 10034
  1500 10034
  1501 10034
  1502 10034
  1503 10034
  1504 10034
  1505 10034
  1506 10034
  1507 10034
  1508 10034
  1509 10034
  1510 10034
  1511 10034
  1512 10034
  1513 10034
  1514 10034
  1515 10034
  1516 10034
  1517 10034
  1518 10034
  1519 10034
  1520 10034
  1521 10034
  1522 10034
  1523 10034
  1524 10034
  1525 10034
  1526 10034
  1527 10034
  1528 10034
  1529 10034
  1530 10034
  1531 10034
  1532 10034
  1533 10034
  1534 10034
  1535 10034
  1536 10034
  1537 10034
  1538 10034
  1539 10034
  1540 10034
  1541 10034
  1542 10034
  1543 10034
  1544 10034
  1545 10034
  1546 10034
  1547 10034
  1548 10034
  1549 10034
  1550 10034
  1551 10034
  1552 10034
  1553 10034
  1554 10034
  1555 10034
  1556 10034
  1557 10034
  1558 10034
  1559 10034
  1560 10034
  1561 10034
  1562 10034
  1563 10034
  1564 10034
  1565 10034
  1566 10034
  1567 10034
  1568 10034
  1569 10034
  1570 10034
  1571 10034
  1572 10034
  1573 10034
  1574 10034
  1575 10034
  1576 10034
  1577 10034
  1578 10034
  1579 10034
  1580 10034
  1581 10034
  1583 10034
  1584 10034
  1585 10034
  1586 10034
  1587 10034
  1588 10034
  1589 10034
  1590 10034
  1591 10034
  1592 10034
  1593 10034
  1594 10034
  1595 10034
  1596 10034
  1597 10034
  1598 10034
  1599 10034
  1600 10034
  1601 10034
  1602 10034
  1603 10034
  1604 10034
  1605 10034
  1606 10034
  1607 10034
  1608 10034
  1609 10034
  1610 10034
  1611 10034
  1612 10034
  1613 10034
  1614 10034
  1615 10034
  1616 10034
  1617 10019
  1618 10019
  1619 10019
  1620 10043
  1621 10043
  1622 10043
  1623 10091
  1626 10062
  1627 10062
  1628 10062
  1629 10062
  1630 10062
  1631 10062
  1632 10062
  1633 10062
  1634 10062
  1635 10062
  1636 10062
  1637 10062
  1638 10062
  1639 10062
  1640 10062
  1641 10062
  1642 10062
  1643 10062
  1644 10062
  1645 10062
  1646 10062
  1647 10062
  1648 10062
  1649 10062
  1650 10062
  1651 10062
  1652 10062
  1653 10062
  1654 10062
  1655 10062
  1656 10062
  1657 10062
  1658 10062
  1659 10062
  1660 10062
  1661 10062
  1662 10062
  1663 10062
  1664 10062
  1665 10062
  1666 10062
  1667 10062
  1668 10062
  1669 10062
  1670 10062
  1671 10062
  1672 10062
  1673 10062
  1674 10062
  1675 10062
  1676 10062
  1677 10062
  1678 10062
  1679 10062
  1680 10062
  1681 10062
  1682 10062
  1683 10062
  1684 10062
  1685 10062
  1686 10062
  1687 10062
  1688 10062
  1689 10062
  1690 10062
  1691 10062
  1692 10062
  1693 10062
  1694 10062
  1695 10062
  1696 10062
  1697 10062
  1698 10062
  1699 10062
  1700 10062
  1701 10062
  1702 10062
  1703 10062
  1704 10062
  1705 10062
  1706 10062
  1707 10062
  1708 10062
  1709 10062
  1710 10062
  1711 10062
  1712 10062
  1713 10062
  1714 10062
  1715 10062
  1716 10062
  1717 10062
  1718 10062
  1719 10062
  1720 10062
  1721 10062
  1722 10062
  1723 10062
  1724 10062
  1725 10062
  1726 10062
  1727 10062
  1728 10062
  1729 10062
  1730 10062
  1731 10062
  1732 10062
  1733 10062
  1734 10062
  1735 10062
  1736 10062
  1737 10062
  1738 10062
  1739 10062
  1740 10062
  1741 10062
  1742 10062
  1743 10062
  1744 10062
  1745 10062
  1746 10062
  1747 10062
  1748 10062
  1749 10062
  1750 10062
  1751 10062
  1752 10062
  1753 10062
  1754 10062
  1755 10062
  1756 10062
  1757 10062
  1758 10062
  1759 10062
  1760 10062
  1761 10062
  1762 10062
  1763 10062
  1764 10062
  1765 10062
  1766 10062
  1767 10062
  1768 10062
  1769 10062
  1770 10062
  1771 10062
  1772 10062
  1773 10062
  1774 10062
  1775 10062
  1776 10062
  1777 10062
  1778 10062
  1779 10062
  1780 10062
  1781 10062
  1782 10062
  1783 10062
  1784 10062
  1785 10062
  1786 10062
  1787 10062
  1788 10062
  1789 10062
  1790 10062
  1791 10062
  1792 10062
  1793 10062
  1794 10062
  1795 10062
  1796 10062
  1797 10062
  1798 10062
  1799 10062
  1800 10062
  1801 10062
  1802 10062
  1803 10062
  1804 10062
  1805 10062
  1806 10062
  1807 10062
  1808 10062
  1809 10062
  1810 10062
  1811 10062
  1812 10062
  1813 10062
  1814 10062
  1815 10062
  1816 10062
  1817 10062
  1818 10062
  1819 10062
  1820 10062
  1821 10062
  1822 10062
  1823 10062
  1824 10062
  1825 10062
  1826 10062
  1827 10062
  1828 10062
  1829 10062
  1830 10062
  1831 10062
  1832 10062
  1833 10062
  1834 10062
  1835 10062
  1836 10062
  1837 10062
  1838 10062
  1839 10062
  1840 10062
  1841 10062
  1842 10062
  1843 10062
  1844 10062
  1845 10062
  1846 10062
  1847 10062
  1848 10062
  1849 10062
  1850 10062
  1851 10062
  1852 10062
  1853 10062
  1854 10062
  1855 10062
  1856 10062
  1857 10062
  1858 10062
  1859 10062
  1860 10062
  1861 10062
  1862 10062
  1863 10062
  1864 10062
  1865 10062
  1866 10141
  1867 10081
  1869 10167
  1870 10167
  1871 10167
  1872 10167
  1873 10167
  1874 10167
  1875 10167
  1876 10167
  1877 10167
  1878 10167
  1879 10167
  1880 10167
  1881 10167
  1882 10167
  1883 10167
  1884 10167
  1885 10167
  1886 10167
  1887 10167
  1888 10167
  1889 10167
  1890 10167
  1891 10167
  1892 10167
  1893 10167
  1894 10167
  1895 10167
  1896 10167
  1897 10167
  1898 10167
  1899 10167
  1900 10167
  1901 10167
  1902 10167
  1903 10167
  1904 10167
  1905 10167
  1906 10167
  1907 10167
  1908 10167
  1909 10167
  1910 10167
  1911 10167
  1912 10167
  1913 10167
  1914 10167
  1915 10167
  1916 10167
  1917 10167
  1918 10167
  1919 10167
  1920 10167
  1921 10167
  1922 10167
  1923 10167
  1924 10167
  1925 10167
  1926 10167
  1927 10167
  1928 10167
  1929 10167
  1930 10167
  1931 10167
  1932 10167
  1933 10167
  1934 10167
  1935 10167
  1936 10167
  1937 10167
  1938 10167
  1939 10167
  1940 10167
  1941 10167
  1942 10167
  1943 10167
  1944 10167
  1945 10167
  1946 10167
  1947 10167
  1948 10167
  1949 10167
  1950 10167
  1951 10167
  1952 10167
  1953 10167
  1954 10167
  1955 10167
  1956 10167
  1957 10167
  1958 10167
  1959 10167
  1960 10167
  1961 10167
  1962 10167
  1963 10167
  1964 10167
  1965 10167
  1966 10167
  1967 10167
  1968 10167
  1969 10167
  1970 10167
  1971 10167
  1972 10167
  1973 10167
  1974 10167
  1975 10167
  1976 10167
  1977 10167
  1978 10167
  1979 10167
  1980 10167
  1981 10167
  1982 10167
  1983 10167
  1984 10167
  1985 10167
  1986 10167
  1987 10167
  1988 10167
  1989 10167
  1990 10167
  1991 10167
  1992 10167
  1993 10167
  1994 10167
  1995 10167
  1996 10167
  1997 10167
  1998 10167
  1999 10167
  2000 10167
  2001 10167
  2002 10167
  2003 10167
  2004 10167
  2005 10167
  2006 10167
  2007 10167
  2008 10167
  2009 10167
  2010 10167
  2011 10167
  2012 10167
  2013 10167
  2014 10167
  2015 10167
  2016 10167
  2017 10167
  2018 10167
  2019 10167
  2020 10167
  2021 10167
  2022 10167
  2023 10167
  2024 10143
  2025 10143
  2028 10137
  2029 10137
  2030 10137
  2031 10137
  2032 10127
  2033 10127
  2034 10127
