   605 10137
   606 10137
   607 10137
   608 10137
   609 10137
   612 10137
   613 10137
   614 10137
   615 10137
   616 10137
   642 10131
   643 10131
   644 10131
   645 10131
   646 10131
   647 10127
   648 10127
   649 10127
   650 10127
   651 10127
   672 10107
   673 10107
   674 10156
   675 10156
   676 10156
   677 10156
   688 10095
   689 10095
   690 10095
   691 10095
   692 10095
   693 10095
   696 10014
   697 10014
   698 10062
   699 10062
   700 10095
   701 10122
   702 10122
   703 10122
   704 10122
   705 10122
   706 10122
   707 10122
   708 10122
   709 10122
   710 10122
   711 10122
   712 10122
   713 10122
   714 10122
   715 10122
   716 10122
   717 10122
   718 10122
   719 10122
   720 10122
   721 10122
   722 10122
   723 10122
   724 10122
   725 10122
   726 10122
   727 10122
   728 10122
   729 10122
   730 10122
   731 10122
   732 10122
   733 10122
   734 10122
   735 10122
   736 10122
   737 10122
   738 10122
   739 10122
   740 10122
   741 10122
   742 10122
   743 10122
   744 10122
   745 10122
   746 10122
   747 10122
   748 10122
   749 10122
   750 10122
   751 10122
   752 10122
   753 10122
   754 10122
   755 10122
   756 10122
   757 10156
   758 10062
   759 10062
   760 10122
   761 10122
   762 10062
   763 10122
   764 10122
   765 10122
   766 10122
   767 10122
   768 10122
   769 10122
   770 10122
   771 10122
   772 10122
   773 10122
   774 10122
   775 10122
   776 10122
   777 10122
   780 10007
   781 10007
   782 10131
   783 10131
   784 10131
   785 10137
   786 10137
   787 10131
   788 10131
   789 10131
   790 10131
   791 10131
   792 10131
   793 10131
   794 10131
   795 10131
   796 10131
   797 10131
   798 10131
   799 10131
   800 10131
   801 10131
   802 10131
   803 10131
   804 10131
   805 10131
   806 10131
   807 10131
   808 10131
   809 10131
   810 10131
   811 10131
   812 10131
   813 10131
   814 10131
   815 10131
   816 10131
   817 10131
   818 10131
   819 10131
   820 10131
   821 10131
   822 10131
   823 10131
   824 10131
   825 10131
   826 10131
   827 10131
   828 10131
   829 10131
   830 10131
   831 10131
   832 10131
   833 10131
   834 10131
   835 10131
   836 10131
   837 10131
   838 10131
   839 10131
   840 10131
   841 10131
   842 10131
   843 10131
   844 10131
   845 10131
   846 10131
   847 10131
   848 10131
   849 10131
   850 10131
   851 10131
   852 10131
   853 10131
   854 10131
   855 10131
   856 10131
   857 10131
   858 10131
   859 10131
   860 10131
   861 10131
   862 10131
   863 10131
   864 10131
   865 10131
   866 10131
   867 10131
   868 10131
   869 10131
   870 10131
   871 10131
   872 10131
   873 10131
   874 10131
   875 10131
   876 10131
   877 10131
   878 10131
   879 10131
   880 10131
   881 10131
   882 10131
   883 10131
   884 10131
   885 10131
   886 10131
   887 10131
   888 10131
   889 10131
   890 10131
   891 10131
   892 10131
   893 10131
   894 10131
   895 10131
   896 10131
   897 10131
   898 10131
   899 10131
   900 10131
   901 10131
   902 10131
   903 10131
   904 10131
   905 10131
   906 10131
   907 10131
   908 10131
   909 10131
   910 10131
   911 10131
   912 10131
   913 10131
   914 10131
   915 10131
   916 10131
   917 10131
   918 10131
   919 10131
   920 10131
   921 10131
   922 10131
   923 10131
   924 10131
   925 10131
   926 10131
   927 10131
   928 10131
   929 10131
   930 10131
   931 10131
   932 10131
   933 10131
   934 10131
   935 10131
   936 10131
   937 10131
   938 10131
   939 10131
   940 10131
   941 10131
   942 10131
   943 10131
   944 10131
   945 10131
   946 10131
   947 10131
   948 10131
   949 10131
   950 10131
   951 10131
   952 10131
   953 10131
   954 10131
   955 10131
   956 10131
   957 10131
   958 10131
   959 10131
   960 10131
   961 10131
   962 10131
   963 10131
   964 10131
   965 10131
   966 10131
   967 10131
   968 10131
   969 10131
   970 10131
   971 10131
   972 10131
   973 10131
   974 10131
   975 10131
   976 10131
   977 10131
   978 10131
   979 10131
   980 10131
   981 10131
   982 10131
   983 10131
   984 10131
   985 10131
   986 10131
   987 10131
   988 10131
   989 10131
   990 10131
   991 10131
   992 10131
   993 10131
   994 10131
   995 10131
   996 10131
   997 10131
   998 10131
   999 10131
  1000 10131
  1001 10131
  1002 10131
  1003 10131
  1004 10131
  1005 10131
  1006 10131
  1011 10131
  1012 10131
  1013 10131
  1014 10131
  1015 10131
  1016 10131
  1017 10131
  1018 10131
  1019 10007
  1020 10154
  1021 10154
  1023 10154
  1024 10154
  1025 10156
  1026 10156
  1027 10156
  1028 10156
  1029 10156
  1030 10156
  1031 10156
  1032 10156
  1033 10156
  1034 10156
  1035 10156
  1036 10156
  1037 10156
  1038 10156
  1039 10156
  1040 10156
  1041 10156
  1042 10156
  1043 10156
  1044 10156
  1045 10156
  1046 10156
  1047 10156
  1048 10156
  1049 10156
  1050 10156
  1051 10156
  1052 10156
  1053 10156
  1054 10156
  1055 10156
  1056 10156
  1057 10156
  1058 10156
  1059 10156
  1060 10156
  1061 10156
  1062 10156
  1063 10156
  1064 10156
  1065 10156
  1066 10156
  1067 10156
  1068 10156
  1069 10156
  1070 10156
  1071 10156
  1072 10156
  1073 10156
  1074 10156
  1075 10156
  1076 10156
  1077 10156
  1078 10156
  1079 10156
  1080 10156
  1081 10156
  1082 10156
  1083 10156
  1084 10156
  1085 10156
  1086 10156
  1087 10156
  1088 10156
  1089 10156
  1090 10156
  1091 10156
  1092 10156
  1093 10156
  1094 10156
  1095 10156
  1096 10156
  1097 10156
  1098 10156
  1099 10156
  1100 10156
  1101 10156
  1102 10156
  1103 10156
  1104 10156
  1105 10156
  1106 10156
  1107 10156
  1108 10156
  1109 10156
  1110 10156
  1111 10156
  1112 10156
  1113 10156
  1114 10156
  1115 10156
  1116 10156
  1117 10156
  1118 10156
  1119 10156
  1120 10156
  1121 10156
  1122 10156
  1123 10156
  1124 10156
  1125 10156
  1126 10156
  1127 10156
  1128 10156
  1129 10156
  1130 10156
  1131 10156
  1132 10156
  1133 10156
  1134 10156
  1135 10156
  1136 10156
  1137 10156
  1138 10156
  1139 10156
  1140 10156
  1141 10156
  1142 10156
  1143 10156
  1144 10156
  1145 10156
  1146 10156
  1147 10156
  1148 10156
  1149 10156
  1150 10156
  1151 10156
  1152 10156
  1153 10156
  1154 10156
  1155 10156
  1156 10156
  1157 10156
  1158 10156
  1159 10156
  1160 10156
  1161 10156
  1162 10156
  1163 10156
  1164 10156
  1165 10156
  1166 10156
  1167 10156
  1168 10156
  1169 10156
  1170 10156
  1171 10156
  1172 10156
  1173 10156
  1174 10156
  1175 10156
  1176 10156
  1177 10156
  1178 10156
  1179 10156
  1180 10156
  1181 10156
  1182 10156
  1183 10156
  1184 10156
  1185 10156
  1186 10156
  1187 10156
  1188 10156
  1189 10156
  1190 10156
  1191 10156
  1192 10156
  1193 10156
  1194 10156
  1195 10156
  1196 10156
  1197 10156
  1198 10156
  1199 10156
  1200 10156
  1201 10156
  1202 10156
  1203 10156
  1204 10156
  1205 10156
  1206 10156
  1207 10156
  1208 10156
  1209 10156
  1210 10156
  1211 10156
  1212 10156
  1213 10156
  1214 10156
  1215 10156
  1216 10156
  1217 10156
  1218 10156
  1219 10156
  1220 10156
  1221 10156
  1222 10156
  1223 10156
  1224 10156
  1225 10156
  1226 10156
  1227 10156
  1228 10156
  1229 10156
  1230 10156
  1231 10156
  1232 10156
  1233 10156
  1234 10156
  1235 10156
  1236 10156
  1237 10156
  1238 10156
  1239 10156
  1240 10156
  1241 10156
  1242 10156
  1243 10156
  1244 10156
  1245 10156
  1246 10156
  1247 10156
  1248 10156
  1249 10156
  1250 10156
  1251 10156
  1252 10156
  1253 10156
  1254 10156
  1255 10154
  1256 10154
  1257 10154
  1258 10154
  1259 10154
  1268 10004
  1269 10004
  1270 10004
  1295 10093
  1296 10093
  1297 10093
  1358 10004
  1359 10004
  1360 10004
  1361 10055
  1362 10055
  1363 10055
  1364 10055
  1365 10055
  1366 10158
  1367 10055
  1368 10158
  1369 10158
  1370 10144
  1371 10144
  1372 10144
  1373 10144
  1374 10144
  1375 10144
  1376 10144
  1377 10144
  1378 10144
  1379 10144
  1380 10144
  1381 10144
  1382 10144
  1383 10144
  1384 10144
  1385 10144
  1386 10144
  1387 10144
  1388 10144
  1389 10144
  1390 10144
  1391 10144
  1392 10144
  1393 10144
  1394 10144
  1395 10144
  1396 10144
  1397 10144
  1398 10144
  1399 10144
  1400 10144
  1401 10144
  1402 10144
  1403 10170
  1404 10170
  1405 10170
  1406 10170
  1407 10170
  1408 10170
  1409 10170
  1410 10170
  1411 10144
  1412 10144
  1413 10158
  1414 10018
  1415 10158
  1416 10106
  1417 10106
  1418 10076
  1419 10065
  1420 10065
  1421 10065
  1422 10065
  1425 10149
  1426 10149
  1427 10149
  1428 10149
  1429 10149
  1430 10071
  1431 10071
  1432 10071
  1433 10071
  1434 10071
  1435 10071
  1436 10071
  1437 10071
  1438 10071
  1439 10071
  1440 10071
  1441 10071
  1442 10071
  1443 10071
  1444 10071
  1445 10071
  1446 10071
  1447 10071
  1448 10149
  1449 10071
  1450 10149
  1451 10149
  1452 10071
  1453 10149
  1454 10149
  1455 10149
  1456 10149
  1457 10149
  1458 10071
  1459 10149
  1460 10071
  1461 10149
  1462 10071
  1463 10149
  1464 10149
  1465 10071
  1466 10071
  1467 10071
  1468 10071
  1469 10071
  1470 10071
  1471 10071
  1472 10071
  1473 10071
  1474 10071
  1475 10071
  1476 10071
  1477 10071
  1478 10071
  1479 10071
  1480 10071
  1481 10071
  1482 10071
  1483 10071
  1484 10071
  1485 10071
  1486 10071
  1487 10071
  1488 10071
  1489 10071
  1490 10071
  1491 10071
  1492 10071
  1493 10071
  1494 10071
  1495 10071
  1496 10149
  1497 10071
  1498 10071
  1499 10071
  1500 10071
  1501 10071
  1502 10071
  1503 10071
  1504 10071
  1505 10071
  1506 10071
  1507 10071
  1508 10149
  1509 10071
  1510 10071
  1511 10071
  1512 10071
  1513 10071
  1514 10071
  1515 10071
  1516 10071
  1517 10071
  1518 10071
  1519 10071
  1520 10071
  1521 10071
  1522 10071
  1523 10071
  1524 10071
  1525 10071
  1526 10071
  1527 10071
  1528 10071
  1529 10071
  1530 10071
  1531 10071
  1532 10071
  1533 10071
  1541 10071
  1542 10071
  1543 10071
  1544 10071
  1545 10071
  1546 10071
  1547 10071
  1548 10071
  1549 10071
  1550 10071
  1551 10071
  1552 10071
  1553 10071
  1554 10071
  1555 10071
  1556 10071
  1557 10071
  1558 10071
  1559 10071
  1560 10071
  1564 10071
  1565 10071
  1566 10071
  1567 10071
  1568 10071
  1574 10071
  1575 10071
  1576 10071
  1577 10071
  1578 10071
  1581 10071
  1582 10071
  1583 10071
  1584 10071
  1585 10071
  1586 10071
  1587 10071
  1588 10071
  1589 10071
  1590 10071
  1591 10071
  1592 10071
  1593 10071
  1594 10071
  1595 10071
  1596 10071
  1597 10071
  1598 10071
  1599 10071
  1600 10071
  1601 10071
  1602 10071
  1603 10071
  1604 10071
  1605 10071
  1606 10071
  1607 10071
  1608 10071
  1609 10071
  1610 10071
  1611 10071
  1612 10071
  1613 10071
  1614 10071
  1615 10071
  1616 10071
  1617 10071
  1618 10071
  1619 10071
  1620 10071
  1621 10071
  1622 10071
  1623 10071
  1624 10071
  1625 10071
  1626 10071
  1627 10104
  1628 10104
  1629 10104
  1630 10104
  1631 10104
  1632 10104
  1633 10104
  1634 10104
  1635 10104
  1636 10104
  1637 10104
  1638 10104
  1641 10094
  1642 10104
  1643 10104
  1644 10104
  1645 10104
  1646 10104
  1647 10104
  1648 10104
  1649 10104
  1650 10104
  1651 10104
  1652 10104
  1653 10104
  1654 10104
  1655 10104
  1656 10104
  1657 10104
  1658 10104
  1659 10104
  1660 10104
  1661 10104
  1662 10104
  1663 10104
  1664 10104
  1665 10104
  1666 10104
  1667 10104
  1668 10104
  1669 10104
  1670 10104
  1671 10104
  1672 10104
  1673 10104
  1674 10104
  1675 10104
  1676 10104
  1677 10104
  1678 10104
  1679 10104
  1680 10104
  1681 10104
  1682 10104
  1683 10104
  1684 10104
  1685 10104
  1686 10104
  1687 10104
  1688 10104
  1689 10104
  1690 10104
  1691 10104
  1692 10104
  1693 10104
  1694 10104
  1695 10104
  1696 10104
  1697 10104
  1698 10104
  1699 10104
  1700 10104
  1701 10104
  1702 10104
  1703 10104
  1704 10104
  1705 10104
  1706 10104
  1707 10104
  1708 10104
  1709 10104
  1710 10104
  1711 10104
  1712 10104
  1713 10104
  1714 10104
  1715 10104
  1716 10104
  1717 10104
  1718 10104
  1719 10104
  1720 10104
  1721 10104
  1722 10104
  1723 10104
  1724 10104
  1725 10104
  1726 10104
  1727 10104
  1728 10104
  1729 10104
  1730 10104
  1731 10104
  1732 10104
  1733 10104
  1734 10104
  1735 10104
  1736 10104
  1737 10104
  1738 10104
  1739 10104
  1740 10104
  1741 10104
  1742 10104
  1743 10104
  1744 10104
  1745 10104
  1746 10104
  1747 10104
  1748 10104
  1749 10104
  1750 10104
  1751 10104
  1752 10104
  1753 10104
  1754 10104
  1755 10104
  1756 10104
  1757 10104
  1758 10104
  1759 10104
  1760 10104
  1761 10104
  1762 10104
  1763 10104
  1764 10104
  1765 10104
  1766 10104
  1767 10104
  1768 10104
  1769 10104
  1770 10104
  1771 10104
  1772 10104
  1773 10104
  1774 10104
  1775 10104
  1776 10104
  1777 10104
  1778 10104
  1779 10104
  1780 10104
  1781 10104
  1782 10104
  1783 10104
  1784 10104
  1785 10104
  1786 10104
  1787 10104
  1788 10104
  1789 10104
  1790 10104
  1791 10104
  1792 10104
  1793 10104
  1794 10104
  1795 10104
  1796 10104
  1797 10104
  1798 10104
  1799 10104
  1800 10104
  1801 10104
  1802 10104
  1803 10104
  1804 10104
  1805 10104
  1806 10104
  1807 10104
  1808 10104
  1809 10104
  1810 10104
  1811 10104
  1812 10104
  1813 10104
  1814 10104
  1815 10104
  1816 10104
  1817 10104
  1818 10104
  1819 10104
  1820 10104
  1821 10104
  1822 10104
  1823 10104
  1824 10104
  1825 10104
  1826 10104
  1827 10104
  1828 10104
  1829 10104
  1830 10104
  1831 10104
  1832 10104
  1833 10104
  1834 10104
  1835 10104
  1836 10104
  1837 10104
  1838 10104
  1839 10104
  1840 10104
  1841 10104
  1842 10104
  1843 10104
  1844 10104
  1845 10104
  1846 10104
  1847 10104
  1848 10104
  1849 10104
  1850 10104
  1851 10104
  1852 10104
  1853 10104
  1854 10104
  1855 10104
  1856 10104
  1857 10104
  1858 10104
  1859 10104
  1860 10104
  1861 10104
  1862 10104
  1863 10104
  1864 10104
  1866 10125
  1867 10007
