   719 10112
   720 10112
   721 10112
   722 10112
   723 10112
   724 10112
   725 10112
   726 10112
   727 10112
   728 10112
   729 10112
   730 10112
   731 10112
   732 10112
   733 10112
   734 10112
   735 10112
   736 10112
   737 10112
   738 10112
   739 10112
   740 10112
   741 10112
   742 10112
   743 10112
   744 10112
   745 10112
   746 10112
   747 10112
   748 10112
   749 10112
   750 10112
   751 10112
   752 10112
   753 10112
   754 10112
   755 10112
   756 10112
   757 10112
   758 10112
   759 10112
   760 10112
   761 10112
   762 10112
   763 10112
   764 10112
   765 10112
   766 10112
   767 10112
   768 10112
   769 10112
   770 10112
   771 10112
   772 10112
   773 10112
   774 10112
   775 10112
   776 10112
   777 10112
   778 10112
   779 10146
   780 10146
   782 10146
   786 10043
   787 10100
   788 10100
   789 10100
   790 10100
   791 10100
   792 10100
   793 10100
   794 10100
   795 10100
   796 10100
   797 10100
   798 10100
   799 10100
   800 10100
   801 10100
   802 10100
   803 10100
   804 10100
   805 10100
   806 10100
   807 10100
   808 10100
   809 10100
   810 10100
   811 10100
   812 10100
   813 10100
   814 10100
   815 10100
   816 10100
   817 10100
   818 10100
   819 10100
   820 10100
   821 10100
   822 10100
   823 10100
   824 10100
   825 10100
   826 10100
   827 10100
   828 10100
   829 10100
   830 10100
   831 10100
   832 10100
   833 10100
   834 10100
   835 10100
   836 10100
   837 10100
   838 10100
   839 10100
   840 10100
   841 10100
   842 10100
   843 10100
   844 10100
   845 10100
   846 10100
   847 10100
   848 10100
   849 10100
   850 10100
   851 10100
   852 10100
   853 10100
   854 10100
   855 10100
   856 10100
   857 10100
   858 10100
   859 10100
   860 10100
   861 10100
   862 10100
   863 10100
   864 10100
   865 10100
   866 10100
   867 10100
   868 10100
   869 10100
   870 10100
   871 10100
   872 10100
   873 10100
   874 10100
   875 10100
   876 10100
   877 10100
   878 10100
   879 10100
   880 10100
   881 10100
   882 10100
   883 10100
   884 10100
   885 10100
   886 10100
   887 10100
   888 10100
   889 10100
   890 10100
   891 10100
   892 10100
   893 10100
   894 10100
   895 10100
   896 10100
   897 10100
   898 10100
   899 10100
   900 10100
   901 10100
   902 10100
   903 10100
   904 10100
   905 10100
   906 10100
   907 10100
   908 10100
   909 10100
   910 10100
   911 10100
   912 10100
   913 10100
   914 10100
   915 10100
   916 10100
   917 10100
   918 10100
   919 10100
   920 10100
   921 10100
   922 10100
   923 10100
   924 10100
   925 10100
   926 10100
   927 10100
   928 10100
   929 10100
   930 10100
   931 10100
   932 10100
   933 10100
   934 10100
   935 10100
   936 10100
   937 10100
   938 10100
   939 10100
   940 10100
   941 10100
   942 10100
   943 10100
   944 10100
   945 10100
   946 10100
   947 10100
   948 10100
   949 10100
   950 10100
   951 10100
   952 10100
   953 10100
   954 10100
   955 10100
   956 10100
   957 10100
   958 10100
   959 10100
   960 10100
   961 10100
   962 10100
   963 10100
   964 10100
   965 10100
   966 10100
   967 10100
   968 10100
   969 10100
   970 10100
   971 10100
   972 10100
   973 10100
   974 10100
   975 10100
   976 10100
   977 10100
   978 10100
   979 10100
   980 10100
   981 10100
   982 10100
   983 10100
   984 10100
   985 10100
   986 10100
   987 10100
   988 10100
   989 10100
   990 10100
   991 10100
   992 10100
   993 10100
   994 10100
   995 10100
   996 10100
   997 10100
   998 10100
   999 10100
  1000 10100
  1001 10100
  1002 10100
  1003 10100
  1004 10100
  1005 10100
  1006 10100
  1007 10100
  1008 10100
  1009 10100
  1010 10100
  1011 10100
  1012 10100
  1013 10100
  1014 10100
  1015 10100
  1016 10100
  1017 10100
  1018 10091
  1019 10091
  1020 10091
  1022 10021
  1023 10021
  1024 10072
  1025 10072
  1026 10021
  1027 10021
  1028 10021
  1029 10021
  1030 10021
  1031 10021
  1032 10021
  1033 10021
  1034 10021
  1035 10021
  1036 10021
  1037 10021
  1038 10021
  1039 10021
  1040 10021
  1041 10021
  1042 10021
  1043 10021
  1044 10021
  1045 10021
  1046 10021
  1047 10021
  1048 10021
  1049 10021
  1050 10021
  1051 10021
  1052 10021
  1053 10021
  1054 10021
  1055 10021
  1056 10021
  1057 10021
  1058 10021
  1059 10021
  1060 10021
  1061 10021
  1062 10021
  1063 10021
  1064 10021
  1065 10021
  1066 10021
  1067 10021
  1068 10021
  1069 10021
  1070 10021
  1071 10021
  1072 10021
  1073 10021
  1074 10021
  1075 10021
  1076 10021
  1077 10021
  1078 10021
  1079 10021
  1080 10021
  1081 10021
  1082 10021
  1083 10021
  1084 10021
  1085 10021
  1086 10021
  1087 10021
  1088 10021
  1089 10021
  1090 10021
  1091 10021
  1092 10021
  1093 10021
  1094 10021
  1095 10021
  1096 10021
  1097 10021
  1098 10021
  1099 10021
  1100 10021
  1101 10021
  1102 10021
  1103 10021
  1104 10021
  1105 10021
  1106 10021
  1107 10021
  1108 10021
  1109 10021
  1110 10021
  1111 10021
  1112 10021
  1113 10021
  1114 10021
  1115 10021
  1116 10021
  1117 10021
  1118 10021
  1119 10021
  1120 10021
  1121 10021
  1122 10021
  1123 10021
  1124 10021
  1125 10021
  1126 10021
  1127 10021
  1128 10021
  1129 10021
  1130 10021
  1131 10021
  1132 10021
  1133 10021
  1134 10021
  1135 10021
  1136 10021
  1137 10021
  1138 10021
  1139 10021
  1140 10021
  1141 10021
  1142 10021
  1143 10021
  1144 10021
  1145 10021
  1146 10021
  1147 10021
  1148 10021
  1149 10021
  1150 10021
  1151 10021
  1152 10021
  1153 10021
  1154 10021
  1155 10021
  1156 10021
  1157 10021
  1158 10021
  1159 10021
  1160 10021
  1161 10021
  1162 10021
  1163 10021
  1164 10021
  1165 10021
  1166 10021
  1167 10021
  1168 10021
  1169 10021
  1170 10021
  1171 10021
  1172 10021
  1173 10021
  1174 10021
  1175 10021
  1176 10021
  1177 10021
  1178 10021
  1179 10021
  1180 10021
  1181 10021
  1182 10021
  1183 10021
  1184 10021
  1185 10021
  1186 10021
  1187 10021
  1188 10021
  1189 10021
  1190 10021
  1191 10021
  1192 10021
  1193 10021
  1194 10021
  1195 10021
  1196 10021
  1197 10021
  1198 10021
  1199 10021
  1200 10021
  1201 10021
  1202 10021
  1203 10021
  1204 10021
  1205 10021
  1206 10021
  1207 10021
  1208 10021
  1209 10021
  1210 10021
  1211 10021
  1212 10021
  1213 10021
  1214 10021
  1215 10021
  1216 10021
  1217 10021
  1218 10021
  1219 10021
  1220 10021
  1221 10021
  1222 10021
  1223 10021
  1224 10021
  1225 10021
  1226 10021
  1227 10021
  1228 10021
  1229 10021
  1230 10021
  1231 10021
  1232 10021
  1233 10021
  1234 10021
  1235 10021
  1236 10021
  1237 10021
  1238 10021
  1239 10021
  1240 10021
  1241 10021
  1242 10021
  1243 10021
  1244 10021
  1245 10021
  1246 10021
  1247 10021
  1248 10021
  1249 10021
  1250 10021
  1251 10021
  1252 10021
  1253 10021
  1254 10019
  1255 10019
  1256 10021
  1257 10019
  1259 10091
  1260 10091
  1262 10091
  1263 10101
  1264 10101
  1265 10141
  1266 10009
  1268 10081
  1269 10081
  1270 10081
  1271 10081
  1272 10081
  1273 10081
  1274 10081
  1275 10081
  1276 10081
  1277 10081
  1278 10081
  1279 10081
  1280 10081
  1281 10081
  1282 10081
  1283 10081
  1284 10081
  1285 10081
  1286 10081
  1287 10081
  1288 10081
  1289 10081
  1290 10081
  1291 10081
  1292 10081
  1293 10081
  1294 10081
  1295 10081
  1296 10081
  1297 10081
  1298 10081
  1299 10081
  1300 10081
  1301 10081
  1302 10081
  1303 10081
  1304 10081
  1305 10081
  1306 10081
  1307 10081
  1308 10081
  1309 10081
  1310 10081
  1311 10081
  1312 10081
  1313 10081
  1314 10081
  1315 10081
  1316 10081
  1317 10081
  1318 10081
  1319 10081
  1320 10081
  1321 10081
  1322 10081
  1323 10081
  1324 10081
  1325 10081
  1326 10081
  1327 10081
  1328 10081
  1329 10081
  1330 10081
  1331 10081
  1332 10081
  1333 10081
  1334 10081
  1335 10081
  1336 10081
  1337 10081
  1338 10081
  1339 10081
  1340 10081
  1341 10081
  1342 10081
  1343 10081
  1344 10081
  1345 10081
  1346 10081
  1347 10081
  1348 10081
  1349 10081
  1350 10081
  1351 10081
  1352 10081
  1353 10081
  1354 10081
  1355 10081
  1356 10081
  1357 10081
  1358 10081
  1359 10081
  1360 10081
  1361 10081
  1362 10081
  1363 10081
  1364 10081
  1365 10081
  1366 10081
  1367 10081
  1368 10081
  1369 10081
  1370 10081
  1371 10081
  1372 10081
  1373 10081
  1374 10081
  1375 10081
  1376 10081
  1377 10081
  1378 10081
  1379 10081
  1380 10081
  1381 10081
  1382 10081
  1383 10081
  1384 10081
  1385 10081
  1386 10081
  1387 10081
  1388 10081
  1389 10081
  1390 10081
  1391 10081
  1392 10081
  1393 10081
  1394 10081
  1395 10081
  1396 10081
  1397 10081
  1398 10081
  1399 10081
  1400 10081
  1401 10081
  1402 10081
  1403 10081
  1404 10081
  1405 10081
  1406 10081
  1407 10081
  1408 10081
  1409 10081
  1410 10081
  1411 10081
  1412 10081
  1413 10081
  1414 10081
  1415 10081
  1416 10081
  1417 10081
  1418 10081
  1419 10081
  1420 10081
  1421 10081
  1422 10081
  1423 10081
  1424 10081
  1425 10081
  1426 10081
  1427 10081
  1428 10081
  1429 10081
  1430 10081
  1431 10081
  1432 10081
  1433 10081
  1434 10081
  1435 10081
  1436 10081
  1437 10081
  1438 10081
  1439 10081
  1440 10081
  1441 10081
  1442 10081
  1443 10081
  1444 10081
  1445 10081
  1446 10081
  1447 10081
  1448 10081
  1449 10081
  1450 10081
  1451 10081
  1452 10081
  1453 10081
  1454 10081
  1455 10081
  1456 10081
  1457 10081
  1458 10081
  1459 10081
  1460 10081
  1461 10081
  1462 10081
  1463 10081
  1464 10081
  1465 10081
  1466 10081
  1467 10081
  1468 10081
  1469 10081
  1470 10081
  1471 10081
  1472 10081
  1473 10081
  1474 10081
  1475 10081
  1476 10081
  1477 10081
  1478 10081
  1479 10081
  1480 10081
  1481 10081
  1482 10081
  1483 10081
  1484 10081
  1485 10081
  1486 10081
  1487 10081
  1488 10081
  1489 10081
  1490 10081
  1491 10004
  1492 10004
  1493 10004
  1494 10004
  1495 10004
  1496 10004
  1497 10004
  1498 10004
  1499 10018
  1500 10031
  1501 10031
  1502 10031
  1503 10031
  1507 10004
  1509 10031
  1510 10031
  1511 10031
  1512 10031
  1513 10031
  1514 10031
  1515 10031
  1516 10031
  1517 10031
  1518 10031
  1519 10031
  1520 10031
  1521 10031
  1522 10031
  1523 10031
  1524 10031
  1525 10031
  1526 10031
  1527 10031
  1528 10055
  1529 10098
  1530 10018
  1531 10018
  1532 10040
  1533 10031
  1534 10031
  1535 10031
  1536 10031
  1537 10031
  1538 10031
  1539 10031
  1540 10031
  1541 10031
  1542 10031
  1543 10031
  1544 10031
  1545 10031
  1546 10031
  1547 10031
  1548 10031
  1549 10031
  1550 10031
  1551 10031
  1552 10031
  1553 10031
  1554 10031
  1555 10031
  1556 10031
  1557 10031
  1558 10031
  1559 10055
  1560 10031
  1561 10031
  1562 10031
  1563 10031
  1564 10031
  1565 10055
  1566 10031
  1567 10031
  1568 10031
  1569 10031
  1570 10031
  1571 10031
  1572 10031
  1573 10031
  1574 10031
  1575 10031
  1576 10055
  1577 10055
  1578 10055
  1579 10004
  1580 10004
  1581 10004
  1582 10004
  1583 10055
  1584 10004
  1585 10004
  1586 10004
  1587 10004
  1588 10004
  1589 10004
  1590 10004
  1591 10055
  1592 10055
  1593 10055
  1594 10004
  1595 10004
  1596 10158
  1597 10004
  1598 10004
  1599 10004
  1600 10004
  1601 10004
  1602 10004
  1603 10004
  1604 10004
  1605 10004
  1606 10004
  1607 10004
  1608 10031
  1609 10031
  1610 10031
  1611 10031
  1612 10031
  1613 10031
  1614 10031
  1615 10031
  1616 10031
  1617 10031
  1618 10031
  1619 10031
  1620 10031
  1621 10031
  1622 10031
  1623 10031
  1624 10031
  1625 10031
  1626 10031
  1627 10031
  1628 10031
  1629 10031
  1630 10031
  1631 10134
  1632 10061
  1633 10101
  1634 10138
  1635 10138
  1638 10152
  1639 10034
  1640 10152
  1641 10152
  1642 10034
  1643 10152
  1644 10152
  1645 10152
  1646 10034
  1647 10152
  1648 10152
  1649 10152
  1650 10152
  1651 10152
  1652 10152
  1653 10152
  1654 10152
  1655 10152
  1656 10152
  1657 10152
  1658 10152
  1659 10152
  1660 10152
  1661 10152
  1662 10152
  1663 10152
  1664 10152
  1665 10152
  1666 10152
  1667 10152
  1668 10152
  1669 10152
  1670 10152
  1671 10152
  1672 10152
  1673 10152
  1674 10152
  1675 10152
  1676 10152
  1677 10152
  1678 10152
  1679 10152
  1680 10152
  1681 10152
  1682 10152
  1683 10152
  1684 10152
  1685 10152
  1686 10152
  1687 10152
  1688 10152
  1689 10152
  1690 10152
  1691 10152
  1692 10152
  1693 10152
  1694 10152
  1695 10152
  1696 10034
  1697 10152
  1698 10152
  1699 10152
  1700 10152
  1701 10152
  1702 10152
  1703 10152
  1704 10152
  1705 10152
  1706 10152
  1707 10152
  1708 10152
  1709 10152
  1710 10152
  1711 10152
  1712 10034
  1713 10152
  1714 10152
  1715 10152
  1716 10152
  1717 10152
  1718 10152
  1719 10034
  1720 10152
  1721 10152
  1722 10152
  1723 10152
  1724 10152
  1725 10152
  1726 10152
  1727 10152
  1728 10152
  1729 10152
  1730 10152
  1731 10152
  1732 10152
  1733 10152
  1734 10152
  1735 10034
  1736 10034
  1737 10152
  1738 10034
  1739 10034
  1740 10152
  1741 10152
  1742 10152
  1743 10152
  1744 10152
  1745 10152
  1746 10152
  1747 10152
  1748 10152
  1749 10152
  1750 10152
  1751 10152
  1752 10152
  1753 10152
  1754 10152
  1755 10152
  1756 10152
  1757 10152
  1758 10152
  1759 10152
  1760 10034
  1761 10034
  1762 10152
  1763 10152
  1764 10152
  1765 10034
  1766 10034
  1767 10034
  1768 10034
  1769 10034
  1770 10034
  1771 10034
  1772 10034
  1773 10034
  1774 10034
  1775 10034
  1776 10034
  1777 10034
  1778 10034
  1779 10034
  1780 10034
  1781 10034
  1782 10034
  1783 10034
  1784 10152
  1785 10152
  1786 10152
  1787 10152
  1788 10034
  1789 10152
  1790 10152
  1791 10152
  1792 10152
  1793 10152
  1794 10152
  1795 10152
  1796 10152
  1797 10152
  1798 10152
  1799 10152
  1800 10152
  1801 10152
  1802 10152
  1803 10152
  1804 10152
  1805 10152
  1806 10152
  1807 10152
  1808 10152
  1809 10152
  1810 10152
  1811 10152
  1812 10152
  1813 10152
  1814 10034
  1815 10034
  1816 10152
  1817 10152
  1818 10152
  1819 10152
  1820 10152
  1821 10152
  1822 10152
  1823 10152
  1824 10042
  1825 10152
  1826 10152
  1827 10152
  1828 10152
  1829 10152
  1830 10152
  1831 10152
  1832 10152
  1833 10152
  1834 10152
  1835 10152
  1836 10152
  1837 10152
  1838 10152
  1839 10152
  1840 10152
  1841 10152
  1842 10152
  1843 10152
  1844 10152
  1845 10152
  1846 10152
  1847 10152
  1848 10042
  1849 10152
  1850 10152
  1851 10152
  1852 10152
  1853 10152
  1854 10152
  1855 10152
  1866 10146
  1867 10146
  1868 10146
  1869 10146
  1870 10146
  1871 10146
  1872 10146
  1873 10146
  1874 10146
  1875 10146
  1876 10146
  1877 10146
  1878 10146
  1879 10146
  1880 10146
  1881 10146
  1882 10146
  1883 10146
  1884 10146
  1885 10146
  1886 10146
  1887 10146
  1888 10146
  1889 10146
  1890 10146
  1891 10146
  1892 10146
  1893 10146
  1894 10146
  1895 10146
  1896 10146
  1897 10146
  1898 10146
  1899 10146
  1900 10146
  1901 10146
  1902 10146
  1903 10146
  1904 10146
  1905 10146
  1906 10146
  1907 10146
  1908 10146
  1909 10146
  1910 10146
  1911 10146
  1912 10146
  1913 10146
  1914 10146
  1915 10146
  1916 10146
  1917 10146
  1918 10146
  1919 10146
  1920 10146
  1921 10146
  1922 10146
  1923 10146
  1924 10146
  1925 10146
  1926 10146
  1927 10146
  1928 10146
  1929 10146
  1930 10146
  1931 10146
  1932 10146
  1933 10146
  1934 10146
  1935 10146
  1936 10146
  1937 10146
  1938 10146
  1939 10146
  1940 10146
  1941 10146
  1942 10146
  1943 10146
  1944 10146
  1945 10146
  1946 10146
  1947 10146
  1948 10146
  1949 10146
  1950 10146
  1951 10146
  1952 10146
  1953 10146
  1954 10146
  1955 10146
  1956 10146
  1957 10146
  1958 10146
  1959 10146
  1960 10146
  1961 10146
  1962 10146
  1963 10146
  1964 10146
  1965 10146
  1966 10146
  1967 10146
  1968 10146
  1969 10146
  1970 10146
  1971 10146
  1972 10146
  1973 10146
  1974 10146
  1975 10146
  1976 10146
  1977 10146
  1978 10146
  1979 10146
  1980 10146
  1981 10146
  1982 10146
  1983 10146
  1984 10146
  1985 10146
  1986 10146
  1987 10146
  1988 10146
  1989 10146
  1992 10146
  1993 10146
  1994 10146
  1995 10146
  1996 10146
  1997 10094
  2006 10146
  2008 10146
  2009 10146
  2010 10146
  2011 10146
  2012 10146
  2013 10146
  2014 10146
  2015 10146
  2016 10146
  2017 10146
  2018 10146
  2019 10146
  2020 10146
  2021 10146
  2022 10146
  2023 10146
  2024 10146
  2025 10146
