   694 10113
   695 10113
   696 10113
   697 10113
   698 10113
   699 10113
   700 10113
   701 10113
   702 10113
   703 10113
   704 10113
   705 10113
   706 10113
   707 10113
   708 10113
   709 10113
   710 10113
   711 10113
   712 10113
   713 10113
   714 10113
   715 10113
   716 10113
   717 10113
   718 10113
   719 10113
   720 10113
   721 10113
   722 10113
   723 10113
   724 10113
   725 10113
   726 10113
   727 10113
   728 10113
   729 10113
   730 10113
   731 10113
   732 10113
   733 10113
   734 10113
   735 10113
   736 10113
   737 10113
   738 10113
   739 10113
   740 10113
   741 10113
   742 10113
   743 10113
   744 10113
   745 10113
   746 10113
   747 10113
   748 10113
   749 10113
   750 10113
   751 10113
   752 10113
   753 10113
   754 10113
   755 10113
   756 10113
   757 10113
   758 10113
   759 10113
   760 10113
   761 10113
   762 10113
   763 10113
   764 10113
   765 10113
   766 10113
   767 10113
   768 10113
   769 10113
   770 10113
   771 10113
   772 10113
   773 10113
   774 10113
   775 10113
   776 10113
   781 10108
   782 10108
   783 10101
   784 10164
   785 10083
   786 10164
   787 10002
   788 10002
   789 10034
   790 10034
   791 10034
   792 10034
   793 10034
   794 10034
   795 10034
   796 10034
   797 10034
   798 10034
   799 10034
   800 10034
   801 10034
   802 10034
   803 10034
   804 10034
   805 10034
   806 10034
   807 10034
   808 10034
   809 10034
   810 10034
   811 10034
   812 10034
   813 10034
   814 10034
   815 10034
   816 10034
   817 10034
   818 10034
   819 10034
   820 10034
   821 10020
   822 10020
   823 10020
   824 10020
   825 10020
   826 10020
   827 10020
   828 10020
   829 10020
   830 10020
   831 10020
   832 10020
   833 10020
   834 10020
   835 10020
   836 10020
   837 10020
   838 10020
   839 10020
   840 10020
   841 10020
   842 10020
   843 10020
   844 10020
   845 10020
   846 10020
   847 10020
   848 10020
   849 10020
   850 10020
   851 10020
   852 10020
   853 10020
   854 10020
   855 10020
   856 10020
   857 10020
   858 10020
   859 10020
   860 10020
   861 10020
   862 10020
   863 10020
   864 10020
   865 10020
   866 10020
   867 10020
   868 10020
   869 10020
   870 10020
   871 10020
   872 10020
   873 10020
   874 10020
   875 10020
   876 10020
   877 10020
   878 10020
   879 10020
   880 10020
   881 10020
   882 10020
   883 10020
   884 10020
   885 10020
   886 10020
   887 10020
   888 10020
   889 10020
   890 10020
   891 10020
   892 10020
   893 10020
   894 10020
   895 10020
   896 10020
   897 10020
   898 10020
   899 10020
   900 10020
   901 10020
   902 10020
   903 10020
   904 10020
   905 10020
   906 10020
   907 10020
   908 10020
   909 10020
   910 10020
   911 10020
   912 10020
   913 10020
   914 10020
   915 10020
   916 10020
   917 10020
   918 10020
   919 10020
   920 10020
   921 10020
   922 10020
   923 10020
   924 10020
   925 10020
   926 10020
   927 10020
   928 10020
   929 10020
   930 10020
   931 10020
   932 10020
   933 10020
   934 10020
   935 10020
   936 10020
   937 10020
   938 10020
   939 10020
   940 10020
   941 10020
   942 10020
   943 10020
   944 10020
   945 10020
   946 10020
   947 10020
   948 10020
   949 10020
   950 10020
   951 10020
   952 10020
   953 10020
   954 10020
   955 10020
   956 10020
   957 10020
   958 10020
   959 10020
   960 10020
   961 10020
   962 10020
   963 10020
   964 10020
   965 10020
   966 10020
   967 10020
   968 10020
   969 10020
   970 10020
   971 10020
   972 10020
   973 10020
   974 10020
   975 10020
   976 10020
   977 10020
   978 10020
   979 10020
   980 10020
   981 10020
   982 10020
   983 10020
   984 10020
   985 10020
   986 10020
   987 10020
   988 10020
   989 10020
   990 10020
   991 10020
   992 10020
   993 10020
   994 10020
   995 10020
   996 10020
   997 10020
   998 10020
   999 10020
  1000 10020
  1001 10020
  1002 10020
  1003 10020
  1004 10020
  1005 10020
  1006 10020
  1007 10020
  1008 10020
  1009 10020
  1010 10020
  1011 10020
  1012 10020
  1013 10020
  1014 10020
  1015 10020
  1016 10020
  1017 10020
  1018 10020
  1019 10034
  1020 10019
  1028 10120
  1029 10120
  1030 10120
  1031 10120
  1032 10120
  1033 10120
  1034 10120
  1035 10120
  1036 10120
  1037 10120
  1038 10120
  1039 10120
  1040 10120
  1041 10120
  1042 10120
  1043 10120
  1044 10120
  1045 10120
  1046 10120
  1047 10120
  1048 10120
  1049 10120
  1050 10120
  1051 10120
  1052 10120
  1053 10120
  1054 10120
  1055 10120
  1056 10120
  1057 10120
  1058 10120
  1059 10120
  1060 10120
  1061 10120
  1062 10120
  1063 10120
  1064 10120
  1065 10120
  1066 10120
  1067 10120
  1068 10120
  1069 10120
  1070 10120
  1071 10120
  1072 10120
  1073 10120
  1074 10120
  1075 10120
  1076 10120
  1077 10120
  1078 10120
  1079 10120
  1080 10120
  1081 10120
  1082 10120
  1083 10120
  1084 10120
  1085 10120
  1086 10120
  1087 10120
  1088 10120
  1089 10120
  1090 10120
  1091 10120
  1092 10120
  1093 10120
  1094 10120
  1095 10120
  1096 10120
  1097 10120
  1098 10120
  1099 10120
  1100 10120
  1101 10120
  1102 10120
  1103 10120
  1104 10120
  1105 10120
  1106 10120
  1107 10120
  1108 10120
  1109 10120
  1110 10120
  1111 10120
  1112 10120
  1113 10120
  1114 10120
  1115 10120
  1116 10120
  1117 10120
  1118 10120
  1119 10120
  1120 10120
  1121 10120
  1122 10120
  1123 10120
  1124 10120
  1125 10120
  1126 10120
  1127 10120
  1128 10120
  1129 10120
  1130 10120
  1131 10120
  1132 10120
  1133 10120
  1134 10120
  1135 10120
  1136 10120
  1137 10120
  1138 10120
  1139 10120
  1140 10120
  1141 10120
  1142 10120
  1143 10120
  1144 10120
  1145 10120
  1146 10120
  1147 10120
  1148 10120
  1149 10120
  1150 10120
  1151 10120
  1152 10120
  1153 10120
  1154 10120
  1155 10120
  1156 10120
  1157 10120
  1158 10120
  1159 10120
  1160 10120
  1161 10120
  1162 10120
  1163 10120
  1164 10120
  1165 10120
  1166 10120
  1167 10120
  1168 10120
  1169 10120
  1170 10120
  1171 10120
  1172 10120
  1173 10120
  1174 10120
  1175 10120
  1176 10120
  1177 10120
  1178 10120
  1179 10120
  1180 10120
  1181 10120
  1182 10120
  1183 10120
  1184 10120
  1185 10120
  1186 10120
  1187 10120
  1188 10120
  1189 10120
  1190 10120
  1191 10120
  1192 10120
  1193 10120
  1194 10120
  1195 10120
  1196 10120
  1197 10120
  1198 10120
  1199 10120
  1200 10120
  1201 10120
  1202 10120
  1203 10120
  1204 10120
  1205 10120
  1206 10120
  1207 10120
  1208 10120
  1209 10120
  1210 10120
  1211 10120
  1212 10120
  1213 10120
  1214 10120
  1215 10120
  1216 10120
  1217 10120
  1218 10120
  1219 10120
  1220 10120
  1221 10120
  1222 10120
  1223 10120
  1224 10120
  1225 10120
  1226 10120
  1227 10120
  1228 10120
  1229 10120
  1230 10120
  1231 10120
  1232 10120
  1233 10120
  1234 10120
  1235 10120
  1236 10120
  1237 10120
  1238 10120
  1239 10120
  1240 10120
  1241 10120
  1242 10120
  1243 10120
  1244 10120
  1245 10120
  1246 10120
  1247 10120
  1248 10120
  1249 10120
  1250 10120
  1251 10120
  1252 10120
  1253 10120
  1254 10120
  1255 10120
  1256 10120
  1257 10120
  1259 10076
  1266 10154
  1267 10081
  1268 10081
  1269 10081
  1270 10081
  1271 10081
  1272 10081
  1273 10081
  1274 10081
  1275 10081
  1276 10081
  1277 10081
  1278 10081
  1279 10081
  1280 10081
  1281 10081
  1282 10081
  1283 10081
  1284 10081
  1285 10081
  1286 10081
  1287 10081
  1288 10081
  1289 10081
  1290 10081
  1291 10081
  1292 10081
  1293 10081
  1294 10081
  1295 10081
  1296 10081
  1297 10081
  1298 10081
  1299 10081
  1300 10081
  1301 10081
  1302 10081
  1303 10081
  1304 10081
  1305 10081
  1306 10081
  1307 10081
  1308 10081
  1309 10081
  1310 10081
  1311 10081
  1312 10081
  1313 10081
  1314 10081
  1315 10081
  1316 10081
  1317 10081
  1318 10081
  1319 10081
  1320 10081
  1321 10081
  1322 10081
  1323 10081
  1324 10081
  1325 10081
  1326 10081
  1327 10081
  1328 10081
  1329 10081
  1330 10081
  1331 10081
  1332 10081
  1333 10081
  1334 10081
  1335 10081
  1336 10081
  1337 10081
  1338 10081
  1339 10081
  1340 10081
  1341 10081
  1342 10081
  1343 10081
  1344 10081
  1345 10081
  1346 10081
  1347 10081
  1348 10081
  1349 10081
  1350 10081
  1351 10081
  1352 10081
  1353 10081
  1354 10081
  1355 10081
  1356 10081
  1357 10081
  1358 10081
  1359 10081
  1360 10081
  1361 10081
  1362 10081
  1363 10081
  1364 10081
  1365 10081
  1366 10081
  1367 10081
  1368 10081
  1369 10081
  1370 10081
  1371 10081
  1372 10081
  1373 10081
  1374 10081
  1375 10081
  1376 10081
  1377 10081
  1378 10081
  1379 10081
  1380 10081
  1381 10081
  1382 10081
  1383 10081
  1384 10081
  1385 10081
  1386 10081
  1387 10081
  1388 10081
  1389 10081
  1390 10081
  1391 10081
  1392 10081
  1393 10081
  1394 10081
  1395 10081
  1396 10081
  1397 10081
  1398 10081
  1399 10081
  1400 10081
  1401 10081
  1402 10081
  1403 10081
  1404 10081
  1405 10081
  1406 10081
  1407 10081
  1408 10081
  1409 10081
  1410 10081
  1411 10081
  1412 10081
  1413 10081
  1414 10081
  1415 10081
  1416 10081
  1417 10081
  1418 10081
  1419 10081
  1420 10081
  1421 10081
  1422 10081
  1423 10081
  1424 10081
  1425 10081
  1426 10081
  1427 10081
  1428 10081
  1429 10081
  1430 10081
  1431 10081
  1432 10081
  1433 10081
  1434 10081
  1435 10081
  1436 10081
  1437 10081
  1438 10081
  1439 10081
  1440 10081
  1441 10081
  1442 10081
  1443 10081
  1444 10081
  1445 10081
  1446 10081
  1447 10081
  1448 10081
  1449 10081
  1450 10081
  1451 10081
  1452 10081
  1453 10081
  1454 10081
  1455 10081
  1456 10081
  1457 10081
  1458 10081
  1459 10081
  1460 10081
  1461 10081
  1462 10081
  1463 10081
  1464 10081
  1465 10081
  1466 10081
  1467 10081
  1468 10081
  1469 10081
  1470 10081
  1471 10081
  1472 10081
  1473 10081
  1474 10081
  1475 10081
  1476 10081
  1477 10081
  1478 10081
  1479 10081
  1480 10081
  1481 10081
  1482 10081
  1483 10081
  1484 10081
  1485 10081
  1486 10081
  1487 10081
  1488 10081
  1489 10081
  1490 10081
  1491 10081
  1492 10081
  1493 10081
  1494 10081
  1495 10081
  1496 10016
  1497 10016
  1499 10076
  1500 10076
  1501 10018
  1502 10018
  1503 10018
  1504 10018
  1505 10018
  1506 10018
  1507 10018
  1508 10018
  1509 10040
  1510 10040
  1516 10023
  1517 10023
  1518 10023
  1519 10023
  1520 10023
  1521 10140
  1522 10140
  1523 10140
  1524 10140
  1525 10140
  1526 10140
  1527 10140
  1528 10140
  1529 10140
  1530 10140
  1531 10140
  1532 10140
  1533 10140
  1534 10140
  1535 10140
  1536 10140
  1537 10140
  1538 10140
  1539 10140
  1540 10140
  1541 10140
  1542 10140
  1543 10140
  1544 10140
  1545 10140
  1546 10055
  1547 10055
  1548 10055
  1549 10055
  1550 10055
  1551 10055
  1552 10040
  1553 10040
  1555 10040
  1556 10055
  1557 10055
  1559 10171
  1560 10171
  1561 10171
  1562 10171
  1563 10171
  1564 10171
  1565 10171
  1566 10171
  1567 10171
  1568 10171
  1569 10171
  1570 10171
  1571 10171
  1572 10171
  1573 10171
  1574 10171
  1575 10171
  1576 10171
  1577 10052
  1578 10171
  1579 10171
  1580 10171
  1581 10171
  1582 10171
  1583 10171
  1584 10171
  1585 10052
  1586 10171
  1587 10052
  1588 10171
  1589 10171
  1590 10171
  1591 10171
  1592 10171
  1593 10052
  1594 10052
  1595 10171
  1596 10171
  1597 10171
  1598 10171
  1599 10171
  1600 10171
  1601 10052
  1602 10171
  1603 10052
  1604 10052
  1605 10052
  1606 10052
  1607 10052
  1608 10052
  1609 10052
  1610 10052
  1611 10052
  1612 10052
  1613 10052
  1614 10052
  1615 10052
  1617 10106
  1619 10106
  1625 10118
  1626 10089
  1627 10089
  1628 10089
  1629 10089
  1630 10089
  1631 10089
  1632 10089
  1633 10089
  1634 10089
  1635 10089
  1636 10089
  1637 10089
  1638 10089
  1639 10089
  1640 10089
  1641 10089
  1642 10089
  1643 10089
  1644 10089
  1645 10089
  1646 10089
  1647 10089
  1648 10089
  1649 10089
  1650 10089
  1651 10089
  1652 10089
  1653 10089
  1654 10089
  1655 10089
  1656 10089
  1657 10089
  1658 10089
  1659 10089
  1660 10089
  1661 10089
  1662 10089
  1663 10089
  1664 10089
  1665 10089
  1666 10089
  1667 10089
  1668 10089
  1669 10089
  1670 10089
  1671 10089
  1672 10089
  1673 10089
  1674 10089
  1675 10089
  1676 10089
  1677 10089
  1678 10089
  1679 10089
  1680 10089
  1681 10089
  1682 10089
  1683 10089
  1684 10089
  1685 10089
  1686 10089
  1687 10089
  1688 10089
  1689 10089
  1690 10089
  1691 10089
  1692 10089
  1693 10089
  1694 10089
  1695 10089
  1696 10089
  1697 10089
  1698 10089
  1699 10089
  1700 10089
  1701 10089
  1702 10089
  1703 10089
  1704 10089
  1705 10089
  1706 10089
  1707 10089
  1708 10089
  1709 10089
  1710 10089
  1711 10089
  1712 10089
  1713 10089
  1714 10089
  1715 10089
  1716 10089
  1717 10089
  1718 10089
  1719 10089
  1720 10089
  1721 10089
  1722 10089
  1723 10089
  1724 10089
  1725 10089
  1726 10089
  1727 10089
  1728 10089
  1729 10089
  1730 10089
  1731 10089
  1732 10089
  1733 10089
  1734 10089
  1735 10089
  1736 10089
  1737 10089
  1738 10089
  1739 10089
  1740 10089
  1741 10089
  1742 10089
  1743 10089
  1744 10089
  1745 10089
  1746 10089
  1747 10089
  1748 10089
  1749 10089
  1750 10089
  1751 10089
  1752 10089
  1753 10089
  1754 10089
  1755 10089
  1756 10089
  1757 10089
  1758 10089
  1759 10089
  1760 10089
  1761 10089
  1762 10089
  1763 10089
  1764 10089
  1765 10089
  1766 10089
  1767 10089
  1768 10089
  1769 10089
  1770 10089
  1771 10089
  1772 10089
  1773 10089
  1774 10089
  1775 10089
  1776 10089
  1777 10089
  1778 10089
  1779 10089
  1780 10089
  1781 10089
  1782 10089
  1783 10089
  1784 10089
  1785 10089
  1786 10089
  1787 10089
  1788 10089
  1789 10089
  1790 10089
  1791 10089
  1792 10089
  1793 10089
  1794 10089
  1795 10089
  1796 10089
  1797 10089
  1798 10089
  1799 10089
  1800 10089
  1801 10089
  1802 10089
  1803 10089
  1804 10089
  1805 10089
  1806 10089
  1807 10089
  1808 10089
  1809 10089
  1810 10089
  1811 10089
  1812 10089
  1813 10089
  1814 10089
  1815 10089
  1816 10089
  1817 10089
  1818 10089
  1819 10089
  1820 10089
  1821 10089
  1822 10089
  1823 10089
  1824 10089
  1825 10089
  1826 10089
  1827 10089
  1828 10089
  1829 10089
  1830 10089
  1831 10089
  1832 10089
  1833 10089
  1834 10089
  1835 10089
  1836 10089
  1837 10089
  1838 10089
  1839 10089
  1840 10089
  1841 10089
  1842 10089
  1843 10089
  1844 10089
  1845 10089
  1846 10089
  1847 10089
  1848 10089
  1849 10089
  1850 10089
  1851 10089
  1852 10089
  1853 10089
  1854 10089
  1855 10089
  1856 10089
  1857 10089
  1858 10089
  1859 10089
  1860 10089
  1861 10089
  1865 10068
  1867 10164
  1868 10164
  1869 10164
  1870 10164
  1871 10164
  1872 10164
  1873 10164
  1874 10164
  1875 10164
  1876 10164
  1877 10164
  1878 10164
  1879 10164
  1880 10164
  1881 10164
  1882 10164
  1883 10164
  1884 10164
  1885 10164
  1886 10164
  1887 10164
  1888 10164
  1889 10164
  1890 10164
  1891 10164
  1892 10164
  1893 10164
  1894 10164
  1895 10164
  1896 10164
  1897 10164
  1898 10164
  1899 10164
  1900 10164
  1901 10164
  1902 10164
  1903 10164
  1904 10164
  1905 10164
  1906 10164
  1907 10164
  1908 10164
  1909 10164
  1910 10164
  1911 10164
  1912 10164
  1913 10164
  1914 10164
  1915 10164
  1916 10164
  1917 10164
  1918 10164
  1919 10164
  1920 10164
  1921 10164
  1922 10164
  1923 10164
  1924 10164
  1925 10164
  1926 10164
  1927 10164
  1928 10164
  1929 10164
  1930 10164
  1931 10164
  1932 10164
  1933 10164
  1934 10164
  1935 10164
  1936 10164
  1937 10164
  1938 10164
  1939 10164
  1940 10164
  1941 10164
  1942 10164
  1943 10164
  1944 10164
  1945 10164
  1946 10164
  1947 10164
  1948 10164
  1949 10164
  1950 10164
  1951 10164
  1952 10164
  1953 10164
  1954 10164
  1955 10164
  1956 10164
  1957 10164
  1958 10164
  1959 10164
  1960 10164
  1961 10164
  1962 10164
  1963 10164
  1964 10164
  1965 10164
  1966 10164
  1967 10164
  1968 10164
  1969 10164
  1970 10164
  1971 10164
  1972 10164
  1973 10164
  1974 10164
  1975 10164
  1976 10164
  1977 10164
  1978 10164
  1979 10164
  1980 10164
  1981 10164
  1982 10164
  1983 10164
  1984 10164
  1985 10164
  1986 10164
  1987 10164
  1988 10164
  1989 10164
  1990 10164
  1992 10164
  1993 10164
  1995 10164
  1996 10164
  1997 10164
  1998 10164
  1999 10164
  2000 10164
  2001 10164
  2002 10164
  2003 10164
  2004 10164
  2005 10164
  2006 10164
  2007 10164
  2008 10164
  2009 10164
  2010 10164
  2011 10164
  2012 10164
  2013 10164
  2014 10164
  2015 10164
  2016 10164
  2017 10164
  2018 10164
  2019 10164
  2020 10164
  2021 10164
  2022 10164
  2023 10164
  2024 10043
  2025 10043
  2026 10091
  2027 10091
  2028 10091
