   737 10010
   738 10010
   739 10010
   740 10010
   741 10010
   742 10010
   743 10010
   744 10010
   745 10010
   746 10144
   747 10144
   748 10144
   749 10144
   750 10010
   751 10010
   752 10010
   753 10144
   754 10144
   755 10144
   756 10144
   757 10144
   758 10010
   759 10010
   760 10010
   761 10010
   762 10010
   763 10144
   764 10144
   765 10144
   766 10144
   767 10144
   768 10010
   769 10010
   770 10144
   771 10144
   772 10144
   773 10010
   774 10010
   775 10076
   776 10029
   777 10134
   779 10061
   780 10138
   781 10101
   782 10101
   783 10101
   784 10138
   785 10138
   786 10138
   787 10138
   788 10138
   789 10138
   790 10138
   791 10138
   792 10138
   793 10138
   794 10138
   795 10138
   796 10138
   797 10138
   798 10138
   799 10138
   800 10138
   801 10138
   802 10138
   803 10138
   804 10138
   805 10138
   806 10138
   807 10138
   808 10138
   809 10138
   810 10138
   811 10138
   812 10138
   813 10138
   814 10138
   815 10138
   816 10138
   817 10138
   818 10138
   819 10138
   820 10138
   821 10138
   822 10138
   823 10138
   824 10138
   825 10138
   826 10138
   827 10138
   828 10138
   829 10138
   830 10138
   831 10138
   832 10138
   833 10138
   834 10138
   835 10138
   836 10138
   837 10138
   838 10138
   839 10138
   840 10138
   841 10138
   842 10138
   843 10138
   844 10138
   845 10138
   846 10138
   847 10138
   848 10138
   849 10138
   850 10138
   851 10138
   852 10138
   853 10138
   854 10138
   855 10138
   856 10138
   857 10138
   858 10138
   859 10138
   860 10138
   861 10138
   862 10138
   863 10138
   864 10138
   865 10138
   866 10138
   867 10138
   868 10138
   869 10138
   870 10138
   871 10138
   872 10138
   873 10138
   874 10138
   875 10138
   876 10138
   877 10138
   878 10138
   879 10138
   880 10138
   881 10138
   882 10138
   883 10138
   884 10138
   885 10138
   886 10138
   887 10138
   888 10138
   889 10138
   890 10138
   891 10138
   892 10138
   893 10138
   894 10138
   895 10138
   896 10138
   897 10138
   898 10138
   899 10138
   900 10138
   901 10138
   902 10138
   903 10138
   904 10138
   905 10138
   906 10138
   907 10138
   908 10138
   909 10138
   910 10138
   911 10138
   912 10138
   913 10138
   914 10138
   915 10138
   916 10138
   917 10138
   918 10138
   919 10138
   920 10138
   921 10138
   922 10138
   923 10138
   924 10138
   925 10138
   926 10138
   927 10138
   928 10138
   929 10138
   930 10138
   931 10138
   932 10138
   933 10138
   934 10138
   935 10138
   936 10138
   937 10138
   938 10138
   939 10138
   940 10138
   941 10138
   942 10138
   943 10138
   944 10138
   945 10138
   946 10138
   947 10138
   948 10138
   949 10138
   950 10138
   951 10138
   952 10138
   953 10138
   954 10138
   955 10138
   956 10138
   957 10138
   958 10138
   959 10138
   960 10138
   961 10138
   962 10138
   963 10138
   964 10138
   965 10138
   966 10138
   967 10138
   968 10138
   969 10138
   970 10138
   971 10138
   972 10138
   973 10138
   974 10138
   975 10138
   976 10138
   977 10138
   978 10138
   979 10138
   980 10138
   981 10138
   982 10138
   983 10138
   984 10138
   985 10138
   986 10138
   987 10138
   988 10138
   989 10138
   990 10138
   991 10138
   992 10138
   993 10138
   994 10138
   995 10138
   996 10138
   997 10138
   998 10138
   999 10138
  1000 10138
  1001 10138
  1002 10138
  1003 10138
  1004 10138
  1005 10138
  1006 10138
  1007 10138
  1008 10138
  1009 10138
  1010 10138
  1011 10138
  1012 10138
  1013 10138
  1014 10138
  1015 10138
  1016 10138
  1017 10138
  1018 10138
  1019 10138
  1020 10138
  1021 10138
  1022 10138
  1023 10067
  1024 10067
  1025 10067
  1026 10067
  1027 10067
  1028 10067
  1029 10067
  1030 10067
  1031 10067
  1032 10067
  1033 10067
  1034 10067
  1035 10067
  1036 10067
  1037 10067
  1038 10067
  1039 10067
  1040 10067
  1041 10067
  1042 10067
  1043 10067
  1044 10067
  1045 10067
  1046 10067
  1047 10067
  1048 10067
  1049 10067
  1050 10067
  1051 10067
  1052 10067
  1053 10067
  1054 10067
  1055 10067
  1056 10067
  1057 10067
  1058 10067
  1059 10067
  1060 10067
  1061 10067
  1062 10067
  1063 10067
  1064 10067
  1065 10067
  1066 10067
  1067 10067
  1068 10067
  1069 10067
  1070 10067
  1071 10067
  1072 10067
  1073 10067
  1074 10067
  1075 10067
  1076 10067
  1077 10067
  1078 10067
  1079 10067
  1080 10067
  1081 10067
  1082 10067
  1083 10067
  1084 10067
  1085 10067
  1086 10067
  1087 10067
  1088 10067
  1089 10067
  1090 10067
  1091 10067
  1092 10067
  1093 10067
  1094 10067
  1095 10067
  1096 10067
  1097 10067
  1098 10067
  1099 10067
  1100 10067
  1101 10067
  1102 10067
  1103 10067
  1104 10067
  1105 10067
  1106 10067
  1107 10067
  1108 10067
  1109 10067
  1110 10067
  1111 10067
  1112 10067
  1113 10067
  1114 10067
  1115 10067
  1116 10067
  1117 10067
  1118 10067
  1119 10067
  1120 10067
  1121 10067
  1122 10067
  1123 10067
  1124 10067
  1125 10067
  1126 10067
  1127 10067
  1128 10067
  1129 10067
  1130 10067
  1131 10067
  1132 10067
  1133 10067
  1134 10067
  1135 10067
  1136 10067
  1137 10067
  1138 10067
  1139 10067
  1140 10067
  1141 10067
  1142 10067
  1143 10067
  1144 10067
  1145 10067
  1146 10067
  1147 10067
  1148 10067
  1149 10067
  1150 10067
  1151 10067
  1152 10067
  1153 10067
  1154 10067
  1155 10067
  1156 10067
  1157 10067
  1158 10067
  1159 10067
  1160 10067
  1161 10067
  1162 10067
  1163 10067
  1164 10067
  1165 10067
  1166 10067
  1167 10067
  1168 10067
  1169 10067
  1170 10067
  1171 10067
  1172 10067
  1173 10067
  1174 10067
  1175 10067
  1176 10067
  1177 10067
  1178 10067
  1179 10067
  1180 10067
  1181 10067
  1182 10067
  1183 10067
  1184 10067
  1185 10067
  1186 10067
  1187 10067
  1188 10067
  1189 10067
  1190 10067
  1191 10067
  1192 10067
  1193 10067
  1194 10067
  1195 10067
  1196 10067
  1197 10067
  1198 10067
  1199 10067
  1200 10067
  1201 10067
  1202 10067
  1203 10067
  1204 10067
  1205 10067
  1206 10067
  1207 10067
  1208 10067
  1209 10067
  1210 10067
  1211 10067
  1212 10067
  1213 10067
  1214 10067
  1215 10067
  1216 10067
  1217 10067
  1218 10067
  1219 10067
  1220 10067
  1221 10067
  1222 10067
  1223 10067
  1224 10067
  1225 10067
  1226 10067
  1227 10067
  1228 10067
  1229 10067
  1230 10067
  1231 10067
  1232 10067
  1233 10067
  1234 10067
  1235 10067
  1236 10067
  1237 10067
  1238 10067
  1239 10067
  1240 10067
  1241 10067
  1242 10067
  1243 10067
  1244 10067
  1245 10067
  1246 10067
  1247 10067
  1248 10067
  1249 10067
  1250 10067
  1251 10067
  1252 10067
  1254 10055
  1255 10055
  1256 10018
  1257 10088
  1258 10018
  1259 10018
  1260 10018
  1261 10158
  1262 10010
  1263 10158
  1264 10158
  1265 10158
  1266 10158
  1267 10144
  1268 10158
  1269 10144
  1270 10144
  1271 10144
  1272 10144
  1273 10144
  1274 10144
  1275 10010
  1276 10010
  1277 10010
  1278 10144
  1279 10144
  1280 10144
  1281 10144
  1282 10144
  1283 10144
  1284 10144
  1285 10144
  1286 10144
  1287 10144
  1288 10144
  1289 10144
  1290 10144
  1291 10010
  1292 10144
  1293 10144
  1294 10144
  1295 10144
  1296 10144
  1297 10144
  1298 10144
  1299 10144
  1300 10144
  1301 10144
  1302 10144
  1303 10144
  1304 10144
  1305 10144
  1306 10144
  1307 10144
  1308 10144
  1309 10144
  1310 10144
  1311 10010
  1312 10144
  1313 10010
  1314 10010
  1315 10010
  1316 10010
  1317 10010
  1318 10010
  1319 10010
  1320 10010
  1321 10010
  1322 10010
  1323 10010
  1324 10010
  1325 10010
  1326 10010
  1327 10010
  1328 10158
  1329 10010
  1330 10010
  1331 10055
  1332 10076
  1333 10055
  1334 10055
  1335 10141
  1336 10141
  1337 10141
  1338 10169
  1339 10169
  1340 10169
  1341 10169
  1342 10169
  1343 10169
  1344 10101
  1345 10101
  1346 10101
  1347 10101
  1348 10101
  1349 10101
  1350 10101
  1351 10101
  1352 10101
  1353 10101
  1354 10169
  1355 10169
  1356 10101
  1357 10101
  1358 10128
  1359 10101
  1360 10101
  1361 10101
  1362 10091
  1363 10091
  1364 10091
  1373 10101
  1374 10101
  1375 10101
  1376 10101
  1377 10101
  1378 10101
  1379 10101
  1380 10101
  1381 10101
  1382 10101
  1383 10101
  1384 10101
  1385 10101
  1386 10101
  1387 10101
  1388 10138
  1389 10169
  1390 10169
  1391 10169
  1424 10138
  1425 10138
  1426 10138
  1427 10138
  1428 10138
  1434 10138
  1462 10138
  1472 10138
  1473 10138
  1474 10138
  1475 10138
  1476 10138
  1477 10138
  1478 10138
  1479 10138
  1480 10138
  1481 10138
  1496 10138
  1497 10138
  1498 10138
  1499 10138
  1500 10138
  1501 10138
  1502 10138
  1503 10138
  1504 10138
  1508 10138
  1509 10138
  1510 10138
  1511 10138
  1512 10138
  1529 10101
  1530 10101
  1531 10101
  1532 10101
  1533 10101
  1538 10141
  1545 10018
  1546 10055
  1547 10018
  1548 10076
  1549 10018
  1550 10004
  1553 10031
  1554 10031
  1555 10031
  1556 10031
  1557 10031
  1558 10031
  1559 10031
  1560 10031
  1561 10031
  1562 10031
  1564 10055
  1565 10055
  1566 10055
  1567 10055
  1568 10055
  1569 10055
  1570 10018
  1571 10018
  1572 10055
  1573 10055
  1574 10055
  1575 10055
  1576 10076
  1577 10018
  1578 10055
  1586 10061
  1587 10141
  1588 10141
  1589 10141
  1590 10141
  1594 10141
  1605 10141
  1606 10141
  1607 10141
  1608 10141
  1616 10141
  1625 10104
  1629 10101
  1630 10101
  1631 10088
  1632 10101
  1633 10101
  1634 10065
  1635 10128
  1636 10101
  1637 10128
  1659 10128
  1660 10128
  1661 10128
  1662 10128
  1663 10128
  1679 10091
  1729 10062
  1730 10062
  1731 10088
  1732 10062
  1733 10062
  1772 10138
  1773 10138
  1774 10138
  1775 10138
  1776 10138
  1788 10068
  1789 10068
  1790 10101
  1791 10068
  1792 10068
  1808 10128
  1810 10128
  1811 10128
  1812 10141
  1813 10141
  1814 10141
  1815 10083
  1816 10141
  1817 10141
  1823 10128
  1824 10128
  1825 10128
  1826 10128
  1827 10128
  1838 10101
  1839 10101
  1840 10101
  1841 10101
  1842 10101
  1845 10128
  1846 10128
  1847 10128
  1848 10128
  1849 10128
  1852 10128
  1853 10128
  1854 10128
  1856 10061
  1857 10061
  1858 10101
  1859 10061
  1860 10101
  1861 10034
  1862 10101
  1863 10138
  1864 10138
  1865 10128
  1866 10128
  1867 10128
  1868 10128
  1869 10128
  1870 10128
  1871 10101
  1888 10047
  1889 10047
  1890 10047
  1891 10047
  1892 10047
  1893 10047
  1894 10047
  1895 10047
  1896 10047
  1897 10047
  1898 10047
  1899 10047
  1900 10047
  1901 10047
  1902 10047
  1903 10047
  1904 10047
  1905 10047
  1906 10047
  1907 10047
  1908 10047
  1909 10047
  1910 10047
  1911 10047
  1912 10047
  1913 10047
  1914 10047
  1915 10047
  1916 10047
  1917 10047
  1918 10047
  1919 10047
  1920 10047
  1921 10047
  1922 10047
  1923 10047
  1924 10047
  1925 10047
  1926 10047
  1927 10047
  1928 10002
  1929 10047
  1930 10047
  1931 10047
  1932 10047
  1933 10047
  1934 10047
  1935 10047
  1936 10047
  1937 10047
  1938 10047
  1939 10047
  1940 10047
  1941 10047
  1942 10047
  1943 10047
  1944 10047
  1945 10047
  1946 10047
  1947 10047
  1948 10047
  1949 10047
  1950 10047
  1951 10047
  1952 10047
  1953 10047
  1954 10047
  1955 10002
  1956 10047
  1957 10047
  1958 10047
  1959 10047
  1960 10047
  1961 10047
  1962 10047
  1963 10047
  1964 10047
  1965 10047
  1966 10047
  1967 10047
  1968 10047
  1969 10047
  1970 10047
  1971 10047
  1972 10047
  1973 10047
  1974 10047
  1975 10047
  1976 10047
  1977 10047
  1978 10047
  1979 10047
  1980 10047
  1981 10047
  1982 10047
  1983 10047
  1984 10047
  1985 10047
  1986 10047
  1987 10047
  1988 10047
  1989 10047
  1990 10047
  1991 10047
  1992 10047
  1993 10047
  1994 10047
  1995 10047
  1996 10047
  1997 10047
  1998 10047
  1999 10047
  2000 10047
  2001 10047
  2002 10047
  2003 10047
  2004 10047
  2005 10047
  2006 10047
  2007 10047
  2008 10047
  2009 10047
  2010 10047
  2011 10047
  2012 10047
  2013 10047
  2014 10047
  2015 10047
  2016 10047
  2017 10047
  2018 10047
  2019 10047
  2020 10047
  2021 10047
  2022 10047
  2028 10101
  2029 10101
  2030 10101
  2031 10101
  2032 10101
