   650 10018
   651 10018
   652 10018
   653 10018
   654 10018
   657 10147
   658 10147
   659 10147
   660 10029
   661 10029
   662 10029
   663 10029
   665 10029
   667 10096
   668 10147
   669 10147
   670 10147
   671 10147
   672 10096
   673 10096
   674 10023
   675 10105
   676 10105
   677 10108
   678 10108
   679 10108
   680 10131
   681 10131
   682 10131
   683 10131
   684 10131
   685 10131
   686 10131
   687 10131
   688 10131
   689 10131
   690 10131
   691 10131
   692 10131
   693 10131
   694 10131
   695 10131
   696 10131
   697 10131
   698 10131
   699 10131
   700 10131
   701 10131
   702 10131
   703 10131
   704 10131
   705 10131
   706 10131
   707 10131
   708 10131
   709 10131
   710 10131
   711 10131
   712 10131
   713 10131
   714 10131
   715 10131
   716 10131
   717 10131
   718 10131
   719 10131
   720 10131
   721 10131
   722 10131
   723 10131
   724 10131
   725 10131
   726 10131
   727 10131
   728 10131
   729 10131
   730 10131
   731 10131
   732 10131
   733 10131
   734 10131
   735 10131
   736 10131
   737 10131
   738 10131
   739 10131
   740 10131
   741 10131
   742 10131
   743 10131
   744 10131
   745 10131
   746 10131
   747 10131
   748 10131
   749 10131
   750 10131
   751 10131
   752 10131
   753 10131
   754 10131
   755 10131
   756 10131
   757 10131
   758 10131
   759 10131
   760 10131
   761 10131
   762 10131
   763 10131
   764 10131
   765 10131
   766 10131
   767 10131
   768 10131
   769 10131
   770 10131
   771 10131
   772 10131
   773 10131
   774 10131
   775 10131
   776 10131
   777 10131
   778 10131
   779 10131
   780 10137
   781 10131
   782 10131
   783 10131
   784 10131
   785 10125
   786 10108
   787 10104
   788 10104
   789 10104
   790 10125
   791 10104
   792 10104
   793 10104
   794 10023
   795 10023
   796 10023
   797 10023
   798 10023
   800 10130
   801 10130
   802 10130
   803 10130
   804 10130
   805 10130
   806 10130
   807 10130
   808 10130
   809 10130
   810 10130
   811 10081
   812 10130
   813 10081
   814 10081
   815 10081
   816 10154
   817 10154
   819 10023
   820 10023
   821 10023
   822 10023
   823 10023
   824 10023
   825 10023
   826 10023
   827 10023
   836 10023
   837 10023
   838 10023
   839 10023
   860 10023
   861 10023
   862 10023
   863 10023
   864 10023
   865 10023
   866 10023
   867 10023
   868 10023
   869 10023
   870 10023
   871 10023
   872 10023
   873 10023
   874 10023
   875 10023
   876 10023
   877 10023
   878 10023
   879 10023
   880 10023
   881 10023
   882 10023
   883 10023
   884 10023
   885 10023
   886 10023
   906 10023
   907 10023
   908 10023
   909 10023
   912 10023
   913 10023
   914 10023
   915 10023
   922 10023
   923 10023
   924 10023
   934 10023
   935 10023
   936 10023
   937 10023
   938 10117
   939 10117
   940 10117
   941 10117
   942 10117
   944 10023
   945 10023
   946 10023
   954 10143
   955 10089
   956 10089
   957 10089
   958 10089
   959 10023
   960 10023
   961 10023
   969 10023
   970 10023
   971 10023
   972 10023
   973 10023
   976 10122
   977 10122
   978 10122
   979 10122
   980 10005
   981 10122
   982 10122
   983 10005
   984 10122
   985 10005
   986 10005
   987 10005
   988 10122
   989 10122
   990 10122
   991 10122
   992 10122
   993 10122
   994 10122
   995 10122
   996 10122
   997 10122
   998 10122
   999 10122
  1000 10005
  1001 10005
  1002 10122
  1003 10122
  1004 10148
  1005 10148
  1006 10125
  1007 10148
  1008 10148
  1009 10104
  1010 10148
  1011 10125
  1012 10125
  1013 10125
  1014 10125
  1015 10125
  1016 10125
  1017 10125
  1018 10104
  1019 10131
  1020 10131
  1021 10131
  1022 10131
  1023 10104
  1024 10131
  1025 10131
  1026 10131
  1027 10131
  1028 10131
  1029 10131
  1030 10131
  1031 10131
  1032 10131
  1033 10131
  1034 10131
  1035 10131
  1036 10125
  1037 10125
  1038 10125
  1039 10125
  1040 10131
  1041 10131
  1042 10131
  1043 10131
  1044 10131
  1045 10131
  1046 10131
  1047 10131
  1048 10131
  1049 10131
  1050 10131
  1051 10131
  1052 10131
  1053 10131
  1054 10131
  1055 10131
  1056 10131
  1057 10131
  1058 10131
  1059 10131
  1060 10131
  1061 10131
  1062 10131
  1063 10131
  1064 10131
  1065 10131
  1066 10131
  1067 10131
  1068 10131
  1069 10131
  1070 10131
  1071 10131
  1072 10131
  1073 10131
  1074 10131
  1075 10131
  1076 10131
  1077 10131
  1078 10131
  1079 10131
  1080 10131
  1081 10131
  1082 10131
  1083 10131
  1084 10131
  1085 10131
  1086 10131
  1087 10131
  1088 10131
  1089 10131
  1090 10131
  1091 10131
  1092 10131
  1093 10131
  1094 10131
  1095 10131
  1096 10131
  1097 10131
  1098 10131
  1099 10131
  1100 10131
  1101 10131
  1102 10131
  1103 10131
  1104 10131
  1105 10131
  1106 10131
  1107 10131
  1108 10131
  1109 10131
  1110 10131
  1111 10131
  1112 10131
  1113 10131
  1114 10131
  1115 10131
  1116 10131
  1117 10131
  1118 10131
  1119 10131
  1120 10131
  1121 10131
  1122 10131
  1123 10131
  1124 10131
  1125 10131
  1126 10131
  1127 10131
  1128 10131
  1129 10131
  1130 10131
  1131 10131
  1132 10131
  1133 10131
  1134 10131
  1135 10131
  1136 10131
  1137 10131
  1138 10131
  1139 10131
  1140 10131
  1141 10131
  1142 10131
  1143 10131
  1144 10131
  1145 10131
  1146 10131
  1147 10131
  1148 10131
  1149 10131
  1150 10131
  1151 10131
  1152 10131
  1153 10131
  1154 10131
  1155 10131
  1156 10131
  1157 10131
  1158 10131
  1159 10131
  1160 10131
  1161 10131
  1162 10131
  1163 10131
  1164 10131
  1165 10131
  1166 10131
  1167 10131
  1168 10131
  1169 10131
  1170 10131
  1171 10131
  1172 10131
  1173 10131
  1174 10131
  1175 10131
  1176 10131
  1177 10131
  1178 10131
  1179 10131
  1180 10131
  1181 10131
  1182 10131
  1183 10131
  1184 10131
  1185 10131
  1186 10131
  1187 10131
  1188 10131
  1189 10131
  1190 10131
  1191 10131
  1192 10131
  1193 10131
  1194 10131
  1195 10131
  1196 10131
  1197 10131
  1198 10131
  1199 10131
  1200 10131
  1201 10131
  1202 10131
  1203 10131
  1204 10131
  1205 10131
  1206 10131
  1207 10131
  1208 10131
  1209 10131
  1210 10131
  1211 10131
  1212 10131
  1213 10131
  1214 10131
  1215 10131
  1216 10131
  1217 10131
  1218 10131
  1219 10131
  1220 10131
  1221 10131
  1222 10131
  1223 10131
  1224 10131
  1225 10131
  1226 10131
  1227 10131
  1228 10131
  1229 10131
  1230 10131
  1231 10131
  1232 10131
  1233 10131
  1234 10131
  1235 10131
  1236 10131
  1237 10131
  1238 10131
  1239 10131
  1240 10131
  1241 10131
  1242 10131
  1243 10131
  1244 10131
  1245 10131
  1246 10131
  1247 10125
  1248 10104
  1249 10104
  1250 10104
  1251 10125
  1252 10131
  1253 10131
  1254 10131
  1255 10131
  1256 10131
  1257 10131
  1258 10125
  1259 10125
  1260 10125
  1269 10023
  1270 10023
  1271 10023
  1272 10023
  1273 10023
  1274 10148
  1275 10023
  1276 10146
  1277 10023
  1278 10023
  1279 10023
  1280 10125
  1281 10125
  1282 10125
  1283 10131
  1284 10131
  1285 10131
  1286 10108
  1287 10108
  1288 10131
  1289 10131
  1290 10131
  1291 10131
  1292 10131
  1293 10131
  1294 10131
  1295 10131
  1296 10131
  1297 10131
  1298 10131
  1299 10131
  1300 10108
  1301 10131
  1302 10131
  1303 10131
  1304 10131
  1305 10131
  1306 10131
  1307 10131
  1308 10108
  1309 10108
  1310 10108
  1311 10108
  1312 10108
  1313 10108
  1314 10131
  1315 10108
  1316 10131
  1317 10108
  1318 10131
  1319 10131
  1320 10131
  1321 10131
  1322 10131
  1323 10131
  1324 10131
  1325 10131
  1326 10131
  1327 10131
  1328 10131
  1329 10131
  1330 10131
  1331 10131
  1332 10131
  1333 10131
  1334 10131
  1335 10131
  1336 10131
  1337 10131
  1338 10131
  1339 10131
  1340 10131
  1341 10131
  1342 10131
  1343 10131
  1344 10131
  1345 10131
  1346 10131
  1347 10131
  1348 10131
  1349 10131
  1350 10131
  1351 10131
  1352 10131
  1353 10131
  1354 10131
  1355 10131
  1356 10131
  1357 10131
  1358 10131
  1359 10131
  1360 10131
  1361 10131
  1362 10131
  1363 10131
  1364 10131
  1365 10131
  1366 10131
  1367 10131
  1368 10131
  1369 10131
  1370 10131
  1371 10131
  1372 10131
  1373 10131
  1374 10131
  1375 10131
  1376 10131
  1377 10131
  1378 10131
  1379 10131
  1380 10131
  1381 10131
  1382 10131
  1383 10131
  1384 10131
  1385 10131
  1386 10131
  1387 10131
  1388 10131
  1389 10131
  1390 10125
  1391 10125
  1396 10112
  1397 10125
  1398 10125
  1399 10125
  1400 10125
  1401 10131
  1402 10131
  1403 10131
  1404 10131
  1405 10131
  1406 10131
  1407 10131
  1408 10131
  1409 10131
  1410 10131
  1411 10131
  1412 10131
  1413 10125
  1414 10131
  1415 10147
  1416 10029
  1417 10029
  1418 10122
  1419 10122
  1420 10122
  1421 10147
  1422 10122
  1423 10122
  1424 10122
  1425 10122
  1426 10122
  1427 10122
  1428 10122
  1429 10122
  1430 10122
  1431 10122
  1432 10122
  1433 10122
  1434 10122
  1435 10122
  1436 10122
  1437 10122
  1438 10122
  1439 10122
  1440 10147
  1441 10122
  1442 10147
  1443 10122
  1444 10122
  1445 10122
  1446 10122
  1447 10122
  1448 10122
  1449 10122
  1450 10122
  1451 10122
  1452 10122
  1453 10122
  1454 10122
  1455 10122
  1456 10147
  1457 10147
  1458 10147
  1459 10147
  1460 10147
  1461 10147
  1462 10147
  1463 10147
  1464 10147
  1465 10147
  1466 10147
  1467 10147
  1468 10147
  1469 10147
  1470 10147
  1471 10147
  1472 10147
  1473 10147
  1474 10147
  1475 10147
  1476 10147
  1477 10147
  1478 10147
  1479 10147
  1480 10147
  1481 10147
  1482 10147
  1483 10029
  1484 10147
  1485 10122
  1486 10147
  1487 10029
  1488 10122
  1489 10029
  1498 10005
  1500 10112
  1509 10023
  1510 10125
  1511 10125
  1512 10125
  1513 10125
  1514 10125
  1515 10131
  1516 10131
  1517 10131
  1518 10131
  1519 10131
  1520 10131
  1521 10108
  1522 10108
  1523 10108
  1524 10108
  1525 10108
  1526 10108
  1527 10108
  1528 10131
  1529 10125
  1530 10125
  1531 10148
  1533 10148
  1534 10148
  1535 10148
  1536 10148
  1537 10148
  1538 10148
  1539 10131
  1540 10131
  1541 10131
  1542 10131
  1543 10131
  1544 10131
  1545 10131
  1546 10131
  1547 10131
  1548 10131
  1549 10131
  1550 10131
  1551 10131
  1552 10131
  1553 10131
  1554 10125
  1555 10125
  1556 10125
  1557 10125
  1558 10125
  1559 10125
  1560 10125
  1561 10125
  1562 10125
  1563 10125
  1564 10125
  1565 10125
  1566 10131
  1567 10131
  1568 10131
  1569 10131
  1570 10131
  1571 10131
  1572 10131
  1573 10131
  1574 10131
  1575 10131
  1576 10131
  1577 10131
  1578 10131
  1581 10131
  1582 10131
  1583 10131
  1584 10131
  1585 10131
  1586 10131
  1587 10131
  1588 10131
  1589 10131
  1590 10131
  1591 10131
  1592 10131
  1593 10131
  1594 10131
  1595 10131
  1596 10131
  1597 10131
  1598 10131
  1599 10131
  1600 10131
  1601 10131
  1602 10131
  1603 10131
  1604 10131
  1605 10131
  1606 10131
  1607 10131
  1608 10125
  1609 10125
  1610 10131
  1611 10131
  1612 10131
  1613 10131
  1614 10131
  1615 10131
  1616 10131
  1617 10131
  1618 10131
  1619 10131
  1620 10131
  1621 10131
  1622 10131
  1623 10131
  1624 10131
  1625 10131
  1626 10131
  1627 10131
  1628 10131
  1629 10131
  1630 10131
  1631 10131
  1632 10131
  1633 10131
  1634 10131
  1635 10125
  1636 10125
  1637 10125
  1638 10125
  1639 10125
  1640 10125
  1641 10125
  1642 10125
  1643 10125
  1644 10125
  1645 10125
  1646 10125
  1647 10125
  1648 10125
  1649 10125
  1650 10125
  1651 10125
  1652 10125
  1653 10125
  1654 10105
  1655 10105
  1656 10105
  1657 10105
  1658 10125
  1659 10131
  1660 10131
  1661 10131
  1662 10131
  1663 10131
  1664 10131
  1665 10112
  1666 10131
  1667 10131
  1668 10131
  1669 10131
  1670 10131
  1671 10131
  1672 10131
  1673 10131
  1674 10131
  1675 10131
  1676 10131
  1677 10131
  1678 10131
  1679 10131
  1680 10131
  1681 10131
  1682 10131
  1683 10131
  1684 10131
  1685 10131
  1686 10131
  1687 10131
  1688 10131
  1689 10131
  1690 10131
  1691 10131
  1692 10131
  1693 10131
  1694 10131
  1695 10131
  1696 10131
  1697 10131
  1698 10131
  1699 10131
  1700 10131
  1701 10131
  1702 10131
  1703 10131
  1704 10131
  1705 10131
  1706 10131
  1707 10131
  1708 10131
  1709 10131
  1710 10131
  1711 10131
  1712 10131
  1713 10131
  1714 10131
  1715 10131
  1716 10131
  1717 10131
  1718 10131
  1719 10131
  1720 10131
  1721 10131
  1722 10131
  1723 10131
  1724 10105
  1725 10131
  1726 10131
  1727 10131
  1728 10131
  1729 10131
  1730 10131
  1731 10131
  1732 10131
  1733 10131
  1734 10131
  1735 10131
  1736 10131
  1737 10131
  1738 10131
  1739 10131
  1740 10131
  1741 10131
  1742 10131
  1743 10131
  1744 10131
  1745 10131
  1746 10131
  1747 10131
  1748 10131
  1749 10131
  1750 10131
  1751 10131
  1752 10131
  1753 10131
  1754 10131
  1755 10131
  1756 10131
  1757 10131
  1758 10131
  1759 10131
  1760 10131
  1761 10131
  1762 10131
  1763 10131
  1764 10131
  1765 10131
  1766 10131
  1767 10131
  1768 10131
  1769 10131
  1770 10131
  1771 10131
  1772 10131
  1773 10131
  1774 10131
  1775 10131
  1776 10131
  1777 10131
  1778 10131
  1779 10131
  1780 10131
  1781 10131
  1782 10131
  1783 10131
  1784 10131
  1785 10131
  1786 10131
  1787 10131
  1788 10131
  1789 10131
  1790 10131
  1791 10131
  1792 10131
  1793 10131
  1794 10131
  1795 10131
  1796 10131
  1797 10131
  1798 10131
  1799 10131
  1800 10131
  1801 10131
  1802 10131
  1803 10131
  1804 10131
  1805 10131
  1806 10131
  1807 10131
  1808 10131
  1809 10131
  1810 10131
  1811 10131
  1812 10131
  1813 10131
  1814 10131
  1815 10131
  1816 10131
  1817 10131
  1818 10131
  1819 10131
  1820 10131
  1821 10131
  1822 10131
  1823 10131
  1824 10131
  1825 10131
  1826 10131
  1827 10131
  1828 10131
  1829 10131
  1830 10131
  1831 10131
  1832 10131
  1833 10131
  1834 10131
  1835 10131
  1836 10131
  1837 10131
  1838 10131
  1839 10131
  1840 10131
  1841 10131
  1842 10131
  1843 10131
  1844 10131
  1845 10131
  1846 10125
  1847 10125
  1848 10148
  1849 10148
  1850 10148
  1851 10148
  1852 10148
  1853 10131
  1854 10131
  1855 10131
  1856 10131
  1857 10131
  1858 10131
  1859 10131
  1860 10131
  1861 10131
  1862 10131
  1863 10131
  1864 10104
  1865 10125
  1866 10131
  1867 10131
  1868 10131
  1869 10131
  1870 10131
  1871 10131
  1872 10131
  1873 10131
  1874 10131
  1875 10131
  1876 10131
  1877 10131
  1878 10131
  1879 10131
  1880 10131
  1881 10131
  1882 10131
  1883 10131
  1884 10131
  1885 10131
  1886 10131
  1887 10131
  1888 10131
  1889 10131
  1890 10131
  1891 10131
  1892 10131
  1893 10131
  1894 10105
  1895 10089
  1896 10089
  1897 10089
  1907 10076
  1908 10076
  1909 10076
  1910 10076
  1911 10076
  1912 10076
  1913 10076
  1914 10076
  1915 10076
  1916 10076
  1917 10076
  1918 10076
  1919 10076
  1920 10076
  1921 10076
  1922 10076
  1923 10076
  1924 10076
  1925 10076
  1926 10076
  1927 10076
  1928 10076
  1929 10076
  1930 10076
  1931 10076
  1932 10076
  1933 10076
  1934 10076
  1935 10076
  1936 10076
  1937 10076
  1938 10076
  1939 10113
  1940 10130
  1941 10130
  1942 10130
  1943 10130
  1944 10130
  1945 10130
  1946 10130
  1947 10130
  1948 10130
  1949 10130
  1955 10108
  1956 10131
  1957 10131
  1958 10131
  1959 10131
  1960 10131
  1961 10131
  1962 10125
  1963 10125
  1964 10125
  1965 10125
  1966 10125
  1967 10125
  1968 10125
  1969 10125
  1970 10125
  1973 10105
  1974 10105
  1975 10105
  1976 10105
  1977 10105
  1978 10105
  1979 10105
  1980 10105
  1981 10105
  1982 10105
  1983 10105
  1984 10105
  1985 10105
  1986 10105
  1987 10105
  1993 10125
  1994 10105
  1995 10105
  1996 10131
  1997 10131
  1998 10131
  1999 10131
  2000 10131
  2001 10131
  2002 10131
  2003 10131
  2004 10131
  2005 10131
  2006 10131
  2007 10131
  2008 10131
  2009 10131
  2010 10131
  2011 10131
  2012 10131
  2013 10131
  2014 10131
  2015 10131
  2016 10131
  2017 10131
  2018 10131
  2019 10131
  2020 10131
  2021 10131
  2022 10131
  2023 10131
  2024 10131
  2025 10131
  2026 10131
  2027 10131
  2028 10131
  2029 10131
  2030 10131
