   700 10094
   701 10027
   702 10027
   703 10027
   704 10027
   705 10027
   706 10027
   707 10027
   708 10027
   709 10027
   710 10027
   711 10027
   712 10027
   713 10027
   714 10027
   715 10027
   716 10027
   717 10027
   718 10027
   719 10027
   720 10027
   721 10027
   722 10027
   723 10027
   724 10027
   725 10027
   726 10027
   727 10027
   728 10027
   729 10027
   730 10027
   731 10027
   732 10027
   733 10027
   734 10027
   735 10027
   736 10027
   737 10027
   738 10027
   739 10027
   740 10027
   741 10027
   742 10027
   743 10027
   744 10027
   745 10027
   746 10027
   747 10027
   748 10027
   749 10027
   750 10027
   751 10027
   752 10027
   753 10027
   754 10027
   755 10027
   756 10027
   757 10027
   758 10027
   759 10027
   760 10027
   761 10027
   762 10027
   763 10027
   764 10027
   765 10027
   766 10027
   767 10027
   768 10027
   769 10027
   770 10027
   771 10027
   772 10027
   773 10027
   774 10027
   775 10027
   776 10027
   777 10027
   778 10027
   779 10027
   780 10027
   781 10101
   782 10101
   783 10101
   784 10101
   785 10101
   786 10086
   787 10086
   788 10086
   789 10086
   791 10071
   802 10164
   803 10164
   804 10123
   815 10164
   818 10071
   819 10071
   820 10071
   821 10071
   822 10071
   823 10071
   824 10149
   825 10071
   826 10071
   827 10149
   828 10071
   829 10071
   830 10071
   831 10071
   832 10071
   833 10071
   834 10071
   835 10071
   836 10071
   837 10071
   838 10071
   839 10071
   840 10071
   841 10071
   842 10071
   843 10071
   844 10071
   845 10071
   846 10071
   847 10071
   848 10071
   849 10071
   850 10071
   851 10071
   852 10071
   853 10071
   854 10071
   855 10071
   856 10095
   857 10071
   858 10071
   859 10071
   860 10071
   861 10071
   862 10071
   863 10071
   864 10071
   865 10071
   866 10149
   867 10071
   868 10071
   869 10071
   870 10071
   871 10071
   872 10071
   873 10071
   874 10071
   875 10071
   876 10071
   877 10071
   878 10071
   879 10071
   880 10071
   881 10071
   882 10071
   883 10149
   884 10149
   885 10149
   886 10071
   887 10071
   888 10149
   889 10149
   890 10071
   891 10071
   892 10071
   893 10071
   894 10071
   895 10071
   896 10071
   897 10071
   898 10071
   899 10071
   900 10071
   901 10071
   902 10071
   903 10071
   904 10071
   905 10071
   906 10071
   907 10071
   908 10071
   909 10071
   910 10071
   911 10071
   912 10080
   913 10164
   968 10164
   977 10043
   978 10043
   979 10091
   980 10043
   981 10043
   992 10091
   993 10091
   994 10091
   995 10091
   996 10091
  1012 10062
  1013 10062
  1014 10043
  1015 10164
  1016 10088
  1017 10138
  1018 10088
  1019 10062
  1022 10153
  1023 10153
  1024 10153
  1025 10153
  1026 10049
  1027 10049
  1028 10049
  1029 10049
  1030 10049
  1031 10049
  1032 10049
  1033 10049
  1034 10049
  1035 10049
  1036 10049
  1037 10049
  1038 10049
  1039 10049
  1040 10049
  1041 10049
  1042 10049
  1043 10049
  1044 10049
  1045 10049
  1046 10049
  1047 10049
  1048 10049
  1049 10049
  1050 10049
  1051 10049
  1052 10049
  1053 10049
  1054 10049
  1055 10049
  1056 10049
  1057 10049
  1058 10049
  1059 10049
  1060 10049
  1061 10049
  1062 10049
  1063 10049
  1064 10049
  1065 10049
  1066 10049
  1067 10049
  1068 10049
  1069 10049
  1070 10049
  1071 10049
  1072 10049
  1073 10049
  1074 10049
  1075 10049
  1076 10049
  1077 10049
  1078 10049
  1079 10049
  1080 10049
  1081 10049
  1082 10049
  1083 10049
  1084 10049
  1085 10049
  1086 10049
  1087 10049
  1088 10049
  1089 10049
  1090 10049
  1091 10049
  1092 10049
  1093 10049
  1094 10049
  1095 10049
  1096 10049
  1097 10049
  1098 10049
  1099 10049
  1100 10049
  1101 10049
  1102 10049
  1103 10049
  1104 10049
  1105 10049
  1106 10049
  1107 10049
  1108 10049
  1109 10049
  1110 10049
  1111 10049
  1112 10049
  1113 10049
  1114 10049
  1115 10049
  1116 10049
  1117 10049
  1118 10049
  1119 10049
  1120 10049
  1121 10049
  1122 10049
  1123 10049
  1124 10049
  1125 10049
  1126 10049
  1127 10049
  1128 10049
  1129 10049
  1130 10049
  1131 10049
  1132 10049
  1133 10049
  1134 10049
  1135 10049
  1136 10049
  1137 10049
  1138 10049
  1139 10049
  1140 10049
  1141 10049
  1142 10049
  1143 10049
  1144 10049
  1145 10049
  1146 10049
  1147 10049
  1148 10049
  1149 10049
  1150 10049
  1151 10049
  1152 10049
  1153 10049
  1154 10049
  1155 10049
  1156 10049
  1157 10049
  1158 10049
  1159 10049
  1160 10049
  1161 10049
  1162 10049
  1163 10049
  1164 10049
  1165 10049
  1166 10049
  1167 10049
  1168 10049
  1169 10049
  1170 10049
  1171 10049
  1172 10049
  1173 10049
  1174 10049
  1175 10049
  1176 10049
  1177 10049
  1178 10049
  1180 10049
  1181 10049
  1182 10049
  1183 10049
  1184 10049
  1185 10049
  1186 10049
  1187 10049
  1188 10049
  1189 10049
  1190 10049
  1191 10049
  1192 10049
  1193 10049
  1194 10049
  1195 10049
  1196 10049
  1197 10049
  1198 10049
  1199 10049
  1200 10049
  1201 10049
  1202 10049
  1203 10049
  1204 10049
  1205 10049
  1206 10049
  1207 10049
  1208 10049
  1209 10049
  1210 10049
  1211 10049
  1212 10049
  1213 10049
  1214 10049
  1215 10049
  1216 10049
  1217 10049
  1842 10123
  1843 10123
  1844 10123
  1845 10123
  1846 10123
  1866 10164
  1980 10164
  1981 10164
  1982 10164
  1983 10164
  1984 10164
  1985 10164
  1986 10164
  1987 10164
  1988 10164
  1989 10164
  1990 10164
  1991 10164
  1992 10164
  1993 10164
  1994 10164
  1995 10164
  1996 10164
  1997 10164
  1998 10164
  1999 10164
  2000 10164
  2001 10164
  2002 10164
  2003 10164
  2004 10164
  2005 10164
  2006 10164
  2007 10164
  2008 10164
  2009 10164
  2010 10164
  2011 10164
  2012 10164
  2013 10164
  2014 10164
  2015 10164
  2016 10164
  2017 10164
  2018 10164
  2019 10164
  2020 10164
  2021 10164
  2022 10164
  2023 10164
  2024 10086
  2025 10086
  2026 10086
  2027 10086
  2028 10086
  2029 10064
