   704 10050
   705 10050
   706 10050
   707 10050
   708 10050
   709 10065
   710 10065
   711 10050
   712 10050
   713 10050
   714 10065
   715 10065
   716 10065
   717 10065
   718 10065
   719 10065
   720 10065
   721 10065
   722 10065
   723 10065
   724 10065
   725 10065
   726 10065
   727 10065
   728 10065
   729 10065
   730 10065
   731 10065
   732 10065
   733 10065
   734 10065
   735 10065
   736 10065
   737 10065
   738 10065
   739 10065
   740 10065
   741 10065
   742 10065
   743 10065
   744 10065
   745 10065
   746 10065
   747 10065
   748 10065
   749 10065
   750 10065
   751 10065
   752 10065
   753 10065
   754 10065
   755 10065
   756 10065
   757 10065
   758 10065
   759 10065
   760 10065
   761 10065
   762 10065
   763 10065
   764 10065
   765 10065
   766 10065
   767 10065
   768 10065
   769 10065
   770 10065
   771 10065
   772 10065
   773 10065
   774 10065
   775 10065
   776 10050
   777 10050
   778 10050
   779 10143
   780 10143
   781 10143
   782 10143
   783 10143
   784 10143
   785 10165
   786 10165
   787 10165
   788 10165
   789 10165
   790 10165
   791 10165
   792 10165
   793 10165
   794 10165
   795 10165
   796 10165
   797 10165
   798 10165
   799 10165
   800 10165
   801 10165
   802 10165
   803 10165
   804 10165
   805 10165
   806 10165
   807 10165
   808 10165
   809 10165
   810 10165
   811 10165
   812 10165
   813 10165
   814 10165
   815 10165
   816 10165
   817 10165
   818 10165
   819 10165
   820 10165
   821 10165
   822 10165
   823 10165
   824 10165
   825 10165
   826 10165
   827 10165
   828 10165
   829 10165
   830 10165
   831 10165
   832 10165
   833 10165
   834 10165
   835 10165
   836 10165
   837 10165
   838 10165
   839 10165
   840 10165
   841 10165
   842 10165
   843 10165
   844 10165
   845 10165
   846 10165
   847 10165
   848 10165
   849 10165
   850 10165
   851 10165
   852 10165
   853 10165
   854 10165
   855 10165
   856 10165
   857 10165
   858 10165
   859 10165
   860 10165
   861 10165
   862 10165
   863 10165
   864 10165
   865 10165
   866 10165
   867 10165
   868 10165
   869 10165
   870 10165
   871 10165
   872 10165
   873 10165
   874 10165
   875 10165
   876 10165
   877 10165
   878 10165
   879 10165
   880 10165
   881 10165
   882 10165
   883 10165
   884 10165
   885 10165
   886 10165
   887 10165
   888 10165
   889 10165
   890 10165
   891 10165
   892 10165
   893 10165
   894 10165
   895 10165
   896 10165
   897 10165
   898 10165
   899 10165
   900 10165
   901 10165
   902 10165
   903 10165
   904 10165
   905 10165
   906 10165
   907 10165
   908 10165
   909 10165
   910 10165
   911 10165
   912 10165
   913 10165
   914 10165
   915 10165
   916 10165
   917 10165
   918 10165
   919 10165
   920 10165
   921 10165
   922 10165
   923 10165
   924 10165
   925 10165
   926 10165
   927 10165
   928 10165
   929 10165
   930 10165
   931 10165
   932 10165
   933 10165
   934 10165
   935 10165
   936 10165
   937 10165
   938 10165
   939 10165
   940 10165
   941 10165
   942 10165
   943 10165
   944 10165
   945 10165
   946 10165
   947 10165
   948 10165
   949 10165
   950 10165
   951 10165
   952 10165
   953 10165
   954 10165
   955 10165
   956 10165
   957 10165
   958 10165
   959 10165
   960 10165
   961 10165
   962 10165
   963 10165
   964 10165
   965 10165
   966 10165
   967 10165
   968 10165
   969 10165
   970 10165
   971 10165
   972 10165
   973 10165
   974 10165
   975 10165
   976 10165
   977 10165
   978 10165
   979 10165
   980 10165
   981 10165
   982 10165
   983 10165
   984 10165
   985 10165
   986 10165
   987 10165
   988 10165
   989 10165
   990 10165
   991 10165
   992 10165
   993 10165
   994 10165
   995 10165
   996 10165
   997 10165
   998 10165
   999 10165
  1000 10165
  1001 10165
  1002 10165
  1003 10165
  1004 10165
  1005 10165
  1006 10165
  1007 10165
  1008 10165
  1009 10165
  1010 10165
  1011 10165
  1012 10165
  1013 10165
  1014 10135
  1015 10165
  1018 10088
  1019 10141
  1020 10101
  1021 10101
  1022 10141
  1023 10141
  1024 10141
  1025 10141
  1026 10101
  1027 10007
  1028 10007
  1029 10007
  1030 10007
  1031 10007
  1032 10007
  1033 10007
  1034 10007
  1035 10007
  1036 10007
  1037 10007
  1038 10007
  1039 10007
  1040 10007
  1041 10007
  1042 10007
  1043 10007
  1044 10007
  1045 10007
  1046 10007
  1047 10007
  1048 10007
  1049 10007
  1050 10007
  1051 10007
  1052 10007
  1053 10007
  1054 10007
  1055 10007
  1056 10007
  1057 10007
  1058 10007
  1059 10007
  1060 10007
  1061 10007
  1062 10007
  1063 10007
  1064 10007
  1065 10007
  1066 10007
  1067 10007
  1068 10007
  1069 10007
  1070 10007
  1071 10007
  1072 10007
  1073 10007
  1074 10007
  1075 10007
  1076 10007
  1077 10007
  1078 10007
  1079 10007
  1080 10007
  1081 10007
  1082 10007
  1083 10007
  1084 10007
  1085 10007
  1086 10007
  1087 10007
  1088 10007
  1089 10007
  1090 10007
  1091 10007
  1092 10007
  1093 10007
  1094 10007
  1095 10007
  1096 10007
  1097 10007
  1098 10007
  1099 10007
  1100 10007
  1101 10007
  1102 10007
  1103 10007
  1104 10007
  1105 10007
  1106 10007
  1107 10007
  1108 10007
  1109 10007
  1110 10007
  1111 10007
  1112 10007
  1113 10007
  1114 10007
  1115 10007
  1116 10007
  1117 10007
  1118 10007
  1119 10007
  1120 10007
  1121 10007
  1122 10007
  1123 10007
  1124 10007
  1125 10007
  1126 10007
  1127 10007
  1128 10007
  1129 10007
  1130 10007
  1131 10007
  1132 10007
  1133 10007
  1134 10007
  1135 10007
  1136 10007
  1137 10007
  1138 10007
  1139 10007
  1140 10007
  1141 10007
  1142 10007
  1143 10007
  1144 10007
  1145 10007
  1146 10007
  1154 10007
  1155 10007
  1156 10007
  1157 10007
  1158 10007
  1159 10007
  1160 10007
  1161 10007
  1162 10007
  1163 10007
  1164 10007
  1165 10007
  1166 10007
  1167 10007
  1168 10007
  1169 10007
  1170 10007
  1171 10007
  1172 10007
  1173 10007
  1174 10007
  1175 10007
  1176 10007
  1177 10007
  1178 10007
  1179 10007
  1180 10007
  1181 10007
  1182 10007
  1183 10007
  1184 10007
  1185 10007
  1186 10007
  1187 10007
  1188 10007
  1189 10007
  1190 10007
  1191 10007
  1192 10007
  1193 10007
  1194 10007
  1195 10007
  1196 10007
  1197 10007
  1198 10007
  1199 10007
  1200 10007
  1201 10007
  1202 10007
  1203 10007
  1204 10007
  1205 10007
  1206 10007
  1207 10007
  1208 10007
  1209 10007
  1210 10007
  1211 10007
  1212 10007
  1213 10007
  1214 10007
  1215 10007
  1216 10007
  1217 10007
  1218 10007
  1219 10007
  1220 10007
  1221 10007
  1222 10007
  1223 10007
  1224 10007
  1225 10007
  1226 10007
  1227 10007
  1228 10007
  1229 10007
  1230 10007
  1231 10007
  1232 10007
  1233 10007
  1234 10007
  1235 10007
  1236 10007
  1237 10007
  1238 10007
  1239 10007
  1240 10007
  1241 10007
  1242 10007
  1243 10007
  1244 10007
  1245 10007
  1246 10007
  1247 10007
  1248 10007
  1249 10007
  1250 10007
  1251 10007
  1252 10007
  1253 10007
  1254 10007
  1255 10007
  1256 10007
  1257 10007
  1258 10007
  1259 10007
  1260 10007
  1261 10007
  1262 10007
  1263 10007
  1264 10007
  1265 10007
  1266 10128
  1267 10128
  1268 10169
  1272 10095
  1273 10095
  1274 10095
  1275 10095
  1276 10095
  1277 10095
  1278 10095
  1279 10095
  1280 10095
  1281 10095
  1282 10095
  1283 10095
  1284 10095
  1285 10095
  1286 10095
  1287 10095
  1288 10095
  1289 10095
  1290 10095
  1291 10095
  1292 10095
  1293 10095
  1294 10095
  1295 10095
  1296 10095
  1297 10095
  1298 10095
  1299 10095
  1300 10095
  1301 10095
  1302 10095
  1303 10095
  1304 10095
  1305 10095
  1306 10095
  1307 10095
  1308 10095
  1309 10095
  1310 10095
  1311 10095
  1312 10095
  1313 10095
  1314 10095
  1315 10095
  1316 10095
  1317 10095
  1318 10095
  1319 10095
  1320 10095
  1321 10095
  1322 10095
  1323 10095
  1324 10095
  1325 10095
  1326 10095
  1327 10095
  1328 10095
  1329 10095
  1330 10095
  1331 10095
  1332 10095
  1333 10095
  1334 10095
  1335 10095
  1336 10095
  1337 10095
  1338 10095
  1339 10095
  1340 10095
  1341 10095
  1342 10095
  1343 10095
  1344 10095
  1345 10095
  1346 10095
  1347 10095
  1348 10095
  1349 10095
  1350 10095
  1351 10095
  1352 10095
  1353 10095
  1354 10091
  1355 10091
  1356 10091
  1357 10091
  1358 10091
  1359 10091
  1360 10091
  1361 10091
  1362 10091
  1363 10091
  1364 10091
  1365 10091
  1366 10091
  1367 10091
  1368 10091
  1369 10091
  1370 10091
  1371 10091
  1372 10091
  1373 10091
  1374 10091
  1375 10091
  1376 10091
  1377 10091
  1378 10091
  1379 10091
  1380 10091
  1381 10091
  1382 10091
  1383 10091
  1384 10091
  1385 10091
  1386 10091
  1387 10091
  1388 10091
  1389 10091
  1390 10091
  1391 10091
  1392 10091
  1393 10091
  1394 10091
  1395 10091
  1396 10091
  1397 10091
  1398 10091
  1399 10091
  1400 10091
  1401 10091
  1402 10091
  1403 10091
  1404 10091
  1405 10091
  1406 10091
  1407 10091
  1408 10091
  1409 10091
  1410 10091
  1411 10091
  1412 10091
  1413 10091
  1414 10091
  1415 10091
  1416 10091
  1417 10091
  1418 10091
  1419 10091
  1420 10091
  1421 10091
  1422 10091
  1423 10091
  1424 10091
  1425 10091
  1426 10091
  1427 10091
  1428 10091
  1429 10091
  1430 10091
  1431 10091
  1432 10091
  1433 10091
  1434 10091
  1435 10091
  1436 10091
  1437 10091
  1438 10091
  1439 10091
  1440 10091
  1441 10091
  1442 10091
  1443 10091
  1444 10091
  1445 10091
  1446 10091
  1447 10091
  1448 10091
  1449 10091
  1450 10091
  1451 10091
  1452 10091
  1453 10091
  1454 10091
  1455 10091
  1456 10091
  1457 10091
  1458 10091
  1459 10091
  1460 10091
  1461 10091
  1462 10091
  1463 10091
  1464 10091
  1465 10091
  1466 10091
  1467 10091
  1468 10091
  1469 10091
  1470 10091
  1471 10091
  1472 10091
  1473 10091
  1474 10091
  1475 10091
  1476 10091
  1477 10091
  1478 10091
  1479 10091
  1480 10091
  1481 10091
  1482 10091
  1483 10091
  1484 10091
  1485 10091
  1486 10091
  1487 10091
  1488 10091
  1489 10091
  1490 10091
  1491 10091
  1492 10091
  1493 10091
  1494 10091
  1495 10091
  1496 10091
  1497 10091
  1498 10016
  1499 10016
  1500 10016
  1501 10145
  1502 10016
  1503 10143
  1504 10143
  1505 10143
  1506 10143
  1507 10016
  1508 10016
  1509 10036
  1510 10036
  1511 10036
  1512 10036
  1514 10055
  1515 10055
  1516 10023
  1517 10023
  1518 10023
  1519 10023
  1520 10023
  1521 10018
  1522 10018
  1523 10018
  1524 10018
  1525 10018
  1526 10158
  1527 10158
  1528 10158
  1529 10158
  1530 10158
  1531 10140
  1532 10140
  1533 10140
  1534 10140
  1535 10140
  1536 10140
  1537 10140
  1538 10140
  1539 10140
  1540 10140
  1541 10140
  1542 10140
  1543 10140
  1544 10140
  1545 10140
  1546 10140
  1547 10140
  1548 10140
  1549 10140
  1550 10140
  1551 10140
  1552 10140
  1553 10140
  1554 10140
  1555 10140
  1556 10140
  1557 10140
  1558 10140
  1559 10140
  1560 10140
  1561 10140
  1562 10140
  1563 10140
  1564 10140
  1565 10140
  1566 10140
  1567 10140
  1568 10140
  1569 10140
  1570 10140
  1571 10140
  1572 10140
  1573 10140
  1574 10140
  1575 10055
  1576 10055
  1577 10055
  1578 10055
  1579 10055
  1580 10055
  1581 10055
  1584 10016
  1585 10016
  1586 10016
  1587 10016
  1588 10016
  1589 10016
  1590 10016
  1591 10016
  1592 10143
  1593 10143
  1594 10143
  1595 10143
  1596 10016
  1597 10016
  1598 10016
  1599 10016
  1600 10016
  1601 10016
  1602 10016
  1603 10016
  1604 10016
  1605 10016
  1606 10016
  1607 10016
  1608 10016
  1609 10016
  1610 10016
  1611 10016
  1612 10016
  1613 10016
  1614 10016
  1615 10016
  1616 10016
  1617 10016
  1618 10016
  1619 10143
  1621 10014
  1625 10041
  1627 10041
  1628 10041
  1629 10041
  1630 10041
  1631 10041
  1632 10041
  1633 10041
  1634 10041
  1635 10041
  1636 10041
  1637 10041
  1638 10041
  1639 10041
  1640 10041
  1641 10041
  1642 10041
  1643 10041
  1644 10041
  1645 10041
  1646 10041
  1647 10041
  1648 10041
  1649 10041
  1650 10041
  1651 10041
  1652 10041
  1653 10041
  1654 10041
  1655 10041
  1656 10041
  1657 10041
  1658 10041
  1659 10041
  1660 10041
  1661 10041
  1662 10041
  1663 10041
  1664 10041
  1665 10041
  1666 10041
  1667 10041
  1668 10041
  1669 10041
  1670 10041
  1671 10041
  1672 10041
  1673 10041
  1674 10041
  1675 10041
  1676 10041
  1677 10041
  1678 10041
  1679 10041
  1680 10041
  1681 10041
  1682 10041
  1683 10041
  1684 10041
  1685 10041
  1686 10041
  1687 10041
  1688 10041
  1689 10041
  1690 10041
  1691 10041
  1692 10041
  1693 10041
  1694 10041
  1695 10041
  1696 10041
  1697 10041
  1698 10041
  1699 10041
  1700 10041
  1701 10041
  1702 10041
  1703 10041
  1704 10041
  1705 10041
  1706 10041
  1707 10041
  1708 10041
  1709 10041
  1710 10041
  1711 10041
  1712 10041
  1713 10041
  1714 10041
  1715 10041
  1716 10041
  1717 10041
  1718 10041
  1719 10041
  1720 10041
  1721 10041
  1722 10041
  1723 10041
  1724 10041
  1725 10041
  1726 10041
  1727 10041
  1728 10041
  1729 10041
  1730 10041
  1731 10041
  1732 10041
  1733 10041
  1734 10041
  1735 10041
  1736 10041
  1737 10041
  1738 10041
  1739 10041
  1740 10041
  1741 10041
  1742 10041
  1743 10041
  1744 10041
  1745 10041
  1746 10041
  1747 10041
  1748 10041
  1749 10041
  1750 10041
  1751 10041
  1752 10041
  1753 10041
  1754 10041
  1755 10041
  1756 10041
  1757 10041
  1758 10041
  1759 10041
  1760 10041
  1761 10041
  1762 10041
  1763 10041
  1764 10041
  1765 10041
  1766 10041
  1767 10041
  1768 10041
  1769 10041
  1770 10041
  1771 10041
  1772 10041
  1773 10041
  1774 10041
  1775 10041
  1776 10041
  1777 10041
  1778 10041
  1779 10041
  1780 10041
  1781 10041
  1782 10041
  1783 10041
  1784 10041
  1785 10041
  1786 10041
  1787 10041
  1788 10041
  1789 10041
  1790 10041
  1791 10041
  1792 10041
  1793 10041
  1794 10041
  1795 10041
  1796 10041
  1797 10041
  1798 10041
  1799 10041
  1800 10041
  1801 10041
  1802 10041
  1803 10041
  1804 10041
  1805 10041
  1806 10041
  1807 10041
  1808 10041
  1809 10041
  1810 10041
  1811 10041
  1812 10041
  1813 10041
  1814 10041
  1815 10041
  1816 10041
  1817 10041
  1818 10041
  1819 10041
  1820 10041
  1821 10041
  1822 10041
  1823 10041
  1824 10041
  1825 10041
  1826 10041
  1827 10041
  1828 10041
  1829 10041
  1830 10041
  1831 10041
  1832 10041
  1833 10041
  1834 10041
  1835 10041
  1836 10041
  1837 10041
  1838 10041
  1839 10041
  1840 10041
  1841 10041
  1842 10041
  1843 10041
  1844 10041
  1845 10041
  1846 10041
  1847 10041
  1848 10041
  1849 10041
  1850 10041
  1851 10041
  1852 10041
  1853 10041
  1854 10041
  1855 10041
  1856 10041
  1857 10041
  1858 10041
  1859 10041
  1867 10146
  1868 10146
  1869 10146
  1870 10146
  1871 10146
  1872 10146
  1873 10146
  1874 10146
  1875 10146
  1876 10146
  1877 10146
  1878 10146
  1879 10146
  1880 10146
  1881 10146
  1882 10146
  1883 10146
  1884 10146
  1885 10146
  1886 10146
  1887 10146
  1888 10146
  1889 10146
  1890 10146
  1891 10146
  1892 10146
  1893 10146
  1894 10146
  1895 10146
  1896 10146
  1897 10146
  1898 10146
  1899 10146
  1900 10146
  1901 10146
  1902 10146
  1903 10146
  1904 10146
  1905 10146
  1906 10146
  1907 10146
  1908 10146
  1909 10146
  1910 10146
  1911 10146
  1912 10146
  1913 10146
  1914 10146
  1915 10146
  1916 10146
  1917 10146
  1918 10146
  1919 10146
  1920 10146
  1921 10146
  1922 10146
  1923 10146
  1924 10146
  1925 10146
  1926 10146
  1927 10146
  1928 10146
  1929 10146
  1930 10146
  1931 10146
  1932 10146
  1933 10146
  1934 10146
  1935 10146
  1936 10146
  1937 10146
  1938 10146
  1939 10146
  1940 10146
  1941 10146
  1942 10146
  1943 10146
  1944 10146
  1945 10146
  1946 10146
  1947 10146
  1948 10146
  1949 10146
  1950 10146
  1951 10146
  1952 10146
  1953 10146
  1954 10146
  1955 10146
  1956 10146
  1957 10146
  1958 10146
  1959 10146
  1960 10146
  1961 10146
  1962 10146
  1963 10146
  1964 10146
  1965 10146
  1966 10146
  1967 10146
  1968 10146
  1969 10146
  1970 10146
  1971 10146
  1972 10146
  1973 10146
  1974 10146
  1975 10146
  1976 10146
  1977 10146
  1978 10146
  1979 10146
  1980 10146
  1981 10146
  1982 10146
  1983 10146
  1984 10146
  1985 10146
  1986 10146
  1987 10146
  1988 10146
  1989 10146
  1990 10146
  1991 10146
  1992 10146
  1993 10146
  1994 10146
  1995 10146
  1996 10146
  1997 10146
  1998 10146
  1999 10146
  2000 10146
  2001 10146
  2002 10146
  2003 10146
  2004 10146
  2005 10146
  2006 10146
  2007 10105
  2008 10146
  2009 10146
  2010 10146
  2011 10146
  2012 10146
  2013 10146
  2014 10146
  2015 10146
  2016 10146
  2017 10146
  2018 10146
  2019 10146
  2020 10146
  2021 10146
  2022 10146
  2023 10146
  2024 10146
  2025 10146
  2026 10146
  2027 10146
  2028 10112
  2029 10112
  2030 10112
  2038 10101
