   676 10073
   677 10073
   678 10130
   679 10073
   680 10073
   689 10138
   690 10138
   691 10138
   692 10138
   693 10138
   694 10138
   695 10138
   696 10138
   697 10138
   698 10138
   699 10138
   700 10138
   701 10138
   702 10138
   703 10138
   704 10138
   705 10138
   706 10138
   707 10138
   708 10138
   709 10138
   710 10138
   711 10138
   712 10138
   713 10138
   714 10138
   715 10138
   716 10138
   717 10138
   718 10138
   719 10138
   720 10138
   721 10138
   722 10138
   723 10138
   724 10138
   725 10138
   726 10138
   727 10138
   728 10138
   729 10138
   730 10138
   731 10138
   732 10138
   733 10138
   734 10138
   735 10138
   736 10138
   737 10138
   738 10138
   739 10138
   740 10138
   741 10138
   742 10138
   743 10138
   744 10138
   745 10138
   746 10138
   747 10138
   748 10138
   749 10138
   750 10138
   751 10138
   752 10138
   753 10138
   754 10138
   755 10138
   756 10138
   757 10138
   758 10138
   759 10138
   760 10138
   761 10138
   762 10138
   763 10138
   764 10138
   765 10138
   766 10138
   767 10138
   768 10138
   769 10138
   770 10138
   771 10138
   772 10138
   773 10138
   774 10138
   775 10138
   776 10138
   777 10138
   778 10138
   779 10138
   780 10138
   781 10138
   782 10138
   783 10138
   784 10101
   785 10101
   786 10101
   790 10044
   791 10044
   792 10044
   793 10044
   794 10044
   795 10044
   796 10044
   797 10044
   798 10044
   799 10044
   800 10044
   801 10044
   802 10044
   803 10044
   804 10044
   805 10044
   806 10044
   807 10044
   808 10044
   809 10044
   810 10044
   811 10044
   812 10044
   813 10044
   814 10044
   815 10044
   816 10044
   817 10044
   818 10044
   819 10044
   820 10044
   821 10044
   822 10044
   823 10044
   824 10044
   825 10044
   826 10044
   827 10044
   828 10044
   829 10044
   830 10044
   831 10044
   832 10044
   833 10044
   834 10044
   835 10044
   836 10044
   837 10044
   838 10044
   839 10044
   840 10044
   841 10044
   842 10044
   843 10044
   844 10044
   845 10044
   846 10044
   847 10044
   848 10044
   849 10044
   850 10044
   851 10044
   852 10044
   853 10044
   854 10044
   855 10044
   856 10044
   857 10044
   858 10044
   859 10044
   860 10044
   861 10044
   862 10044
   863 10044
   864 10044
   865 10044
   866 10044
   867 10044
   868 10044
   869 10044
   870 10044
   871 10044
   872 10044
   873 10044
   874 10044
   875 10044
   876 10044
   877 10044
   878 10044
   879 10044
   880 10044
   881 10044
   882 10044
   883 10044
   884 10044
   885 10044
   886 10044
   887 10044
   888 10044
   889 10044
   890 10044
   891 10044
   892 10044
   893 10044
   894 10044
   895 10044
   896 10044
   897 10044
   898 10044
   899 10044
   900 10044
   901 10044
   902 10044
   903 10044
   904 10044
   905 10044
   906 10044
   907 10044
   908 10044
   909 10044
   910 10044
   911 10044
   912 10044
   913 10044
   914 10044
   915 10044
   916 10044
   917 10044
   918 10044
   919 10044
   920 10044
   921 10044
   922 10044
   923 10044
   924 10044
   925 10044
   926 10044
   927 10044
   928 10044
   929 10044
   930 10044
   931 10044
   932 10044
   933 10044
   934 10044
   935 10044
   936 10044
   937 10044
   938 10044
   939 10044
   940 10044
   941 10044
   942 10044
   943 10044
   944 10044
   945 10044
   946 10044
   947 10044
   948 10044
   949 10044
   950 10044
   951 10044
   952 10044
   953 10044
   954 10044
   955 10044
   956 10044
   957 10044
   958 10044
   959 10044
   960 10044
   961 10044
   962 10044
   963 10044
   964 10044
   965 10044
   966 10044
   967 10044
   968 10044
   969 10044
   970 10044
   971 10044
   972 10044
   973 10044
   974 10044
   975 10044
   976 10044
   977 10044
   978 10044
   979 10044
   980 10044
   981 10044
   982 10044
   983 10044
   984 10044
   985 10044
   986 10044
   987 10044
   988 10044
   989 10044
   990 10044
   991 10044
   992 10044
   993 10044
   994 10044
   995 10044
   996 10044
   997 10044
   998 10044
   999 10044
  1000 10044
  1001 10044
  1002 10044
  1003 10044
  1004 10044
  1005 10044
  1006 10044
  1007 10044
  1008 10044
  1009 10044
  1010 10044
  1011 10044
  1012 10044
  1013 10044
  1014 10044
  1015 10044
  1016 10044
  1017 10044
  1018 10044
  1019 10044
  1020 10025
  1021 10025
  1023 10104
  1024 10036
  1025 10036
  1026 10036
  1027 10036
  1028 10036
  1029 10094
  1030 10094
  1031 10071
  1032 10090
  1033 10039
  1034 10039
  1035 10039
  1036 10071
  1037 10071
  1038 10149
  1039 10071
  1040 10149
  1041 10071
  1042 10149
  1043 10149
  1044 10149
  1045 10149
  1046 10071
  1047 10149
  1048 10071
  1049 10149
  1050 10149
  1051 10149
  1052 10149
  1053 10149
  1054 10149
  1055 10149
  1056 10071
  1057 10071
  1058 10071
  1059 10071
  1060 10149
  1061 10149
  1062 10149
  1063 10149
  1064 10149
  1065 10149
  1066 10149
  1067 10149
  1068 10149
  1069 10149
  1070 10149
  1071 10149
  1072 10149
  1073 10149
  1074 10149
  1075 10071
  1076 10071
  1077 10149
  1078 10149
  1079 10149
  1080 10149
  1081 10149
  1082 10149
  1083 10149
  1084 10149
  1085 10149
  1086 10149
  1087 10149
  1088 10149
  1089 10149
  1090 10149
  1091 10149
  1092 10149
  1093 10071
  1094 10091
  1095 10091
  1096 10091
  1097 10091
  1098 10050
  1099 10050
  1100 10091
  1101 10091
  1102 10091
  1103 10091
  1104 10091
  1105 10091
  1106 10091
  1107 10091
  1108 10091
  1109 10091
  1110 10091
  1111 10091
  1112 10091
  1113 10091
  1114 10091
  1115 10091
  1116 10091
  1117 10091
  1118 10083
  1119 10083
  1120 10083
  1121 10071
  1122 10149
  1123 10071
  1124 10071
  1125 10071
  1126 10149
  1127 10149
  1128 10149
  1129 10071
  1130 10149
  1131 10071
  1132 10071
  1133 10149
  1134 10149
  1135 10071
  1136 10071
  1137 10149
  1138 10071
  1139 10071
  1140 10071
  1141 10149
  1142 10149
  1143 10149
  1144 10149
  1145 10149
  1146 10149
  1147 10149
  1148 10149
  1149 10149
  1150 10149
  1151 10149
  1152 10149
  1153 10149
  1154 10149
  1155 10149
  1156 10149
  1157 10149
  1158 10149
  1159 10149
  1160 10149
  1161 10149
  1162 10149
  1163 10149
  1164 10149
  1165 10149
  1166 10149
  1167 10149
  1168 10149
  1169 10149
  1170 10149
  1171 10149
  1172 10149
  1173 10149
  1174 10071
  1175 10149
  1176 10149
  1177 10149
  1178 10071
  1179 10071
  1180 10149
  1181 10149
  1182 10149
  1183 10149
  1184 10149
  1185 10149
  1186 10149
  1187 10071
  1188 10149
  1189 10149
  1190 10149
  1191 10071
  1192 10071
  1193 10071
  1194 10149
  1195 10071
  1196 10149
  1197 10071
  1198 10149
  1199 10149
  1200 10149
  1201 10149
  1202 10149
  1203 10149
  1204 10149
  1205 10149
  1206 10149
  1207 10149
  1208 10149
  1209 10149
  1210 10149
  1211 10149
  1212 10149
  1213 10149
  1214 10149
  1215 10149
  1216 10149
  1217 10149
  1218 10149
  1219 10149
  1220 10149
  1221 10149
  1222 10149
  1223 10149
  1224 10149
  1225 10149
  1226 10149
  1227 10149
  1228 10149
  1229 10149
  1230 10149
  1231 10149
  1232 10149
  1233 10149
  1234 10149
  1235 10149
  1236 10149
  1237 10149
  1238 10149
  1239 10149
  1240 10149
  1241 10149
  1242 10149
  1243 10149
  1244 10149
  1245 10149
  1246 10149
  1247 10071
  1248 10071
  1249 10071
  1250 10071
  1251 10071
  1252 10149
  1253 10071
  1254 10071
  1255 10149
  1256 10149
  1257 10149
  1258 10149
  1259 10149
  1260 10149
  1264 10130
  1265 10016
  1266 10016
  1267 10016
  1268 10016
  1269 10016
  1270 10016
  1271 10018
  1272 10018
  1273 10018
  1274 10018
  1275 10018
  1276 10158
  1277 10158
  1278 10158
  1279 10158
  1280 10158
  1281 10158
  1282 10158
  1283 10158
  1284 10158
  1285 10158
  1286 10018
  1287 10140
  1288 10140
  1289 10055
  1290 10055
  1291 10055
  1292 10055
  1293 10018
  1294 10018
  1295 10018
  1296 10018
  1297 10018
  1298 10158
  1299 10018
  1300 10018
  1301 10018
  1302 10018
  1303 10018
  1304 10018
  1305 10018
  1306 10018
  1307 10018
  1308 10018
  1309 10018
  1310 10158
  1311 10158
  1312 10158
  1313 10158
  1314 10158
  1315 10158
  1316 10055
  1317 10055
  1318 10055
  1319 10158
  1320 10018
  1321 10018
  1322 10018
  1323 10018
  1324 10018
  1325 10018
  1326 10018
  1327 10018
  1328 10018
  1329 10055
  1330 10055
  1331 10055
  1332 10055
  1333 10055
  1334 10055
  1335 10055
  1336 10076
  1338 10016
  1339 10016
  1340 10016
  1341 10016
  1342 10016
  1343 10016
  1344 10016
  1345 10016
  1346 10016
  1347 10016
  1348 10016
  1349 10016
  1350 10016
  1351 10016
  1352 10016
  1353 10016
  1354 10016
  1355 10016
  1356 10016
  1357 10016
  1358 10016
  1359 10016
  1360 10143
  1361 10143
  1362 10036
  1363 10016
  1364 10016
  1365 10016
  1366 10016
  1367 10016
  1368 10016
  1369 10016
  1370 10016
  1371 10016
  1372 10016
  1373 10016
  1374 10016
  1375 10016
  1376 10154
  1377 10154
  1378 10154
  1385 10028
  1386 10034
  1387 10016
  1388 10016
  1389 10016
  1390 10016
  1391 10016
  1392 10016
  1393 10016
  1394 10016
  1395 10016
  1396 10016
  1397 10016
  1398 10016
  1399 10016
  1400 10016
  1401 10016
  1402 10016
  1403 10016
  1404 10016
  1405 10016
  1406 10016
  1407 10016
  1408 10016
  1409 10016
  1410 10016
  1411 10016
  1412 10016
  1413 10016
  1414 10016
  1415 10016
  1416 10016
  1417 10016
  1418 10016
  1419 10016
  1420 10016
  1421 10016
  1422 10016
  1423 10016
  1424 10016
  1425 10016
  1426 10016
  1427 10016
  1428 10016
  1429 10016
  1430 10016
  1431 10016
  1432 10016
  1433 10016
  1434 10016
  1435 10016
  1436 10016
  1437 10016
  1438 10016
  1439 10016
  1440 10016
  1441 10016
  1442 10016
  1443 10016
  1444 10016
  1445 10016
  1446 10016
  1447 10016
  1448 10016
  1449 10016
  1450 10016
  1451 10016
  1452 10016
  1453 10016
  1454 10137
  1455 10016
  1456 10016
  1457 10016
  1458 10016
  1459 10016
  1460 10016
  1461 10016
  1462 10016
  1463 10016
  1464 10016
  1465 10016
  1466 10016
  1467 10016
  1468 10016
  1469 10016
  1470 10016
  1471 10016
  1472 10016
  1473 10016
  1474 10016
  1475 10016
  1476 10016
  1477 10016
  1478 10016
  1479 10016
  1480 10016
  1481 10016
  1482 10016
  1483 10016
  1484 10016
  1485 10016
  1486 10016
  1487 10016
  1488 10016
  1489 10016
  1490 10016
  1491 10016
  1492 10016
  1493 10016
  1494 10016
  1495 10016
  1496 10151
  1497 10138
  1498 10138
  1499 10138
  1500 10138
  1501 10138
  1502 10138
  1503 10138
  1504 10138
  1505 10138
  1506 10138
  1507 10138
  1508 10138
  1509 10138
  1510 10138
  1511 10138
  1512 10138
  1513 10138
  1514 10138
  1515 10138
  1516 10138
  1517 10138
  1518 10138
  1519 10138
  1520 10138
  1521 10138
  1522 10138
  1523 10138
  1524 10138
  1525 10138
  1526 10138
  1527 10138
  1528 10138
  1529 10138
  1530 10138
  1531 10138
  1532 10138
  1533 10138
  1534 10138
  1535 10138
  1536 10138
  1537 10138
  1538 10138
  1539 10138
  1540 10138
  1541 10138
  1542 10138
  1543 10138
  1544 10138
  1545 10138
  1546 10138
  1547 10138
  1548 10138
  1549 10138
  1550 10138
  1551 10138
  1552 10138
  1553 10138
  1554 10138
  1555 10138
  1556 10138
  1557 10138
  1558 10138
  1559 10138
  1560 10138
  1561 10138
  1562 10138
  1563 10138
  1564 10138
  1565 10138
  1566 10138
  1567 10138
  1568 10138
  1569 10138
  1570 10138
  1571 10138
  1572 10138
  1573 10138
  1574 10138
  1575 10138
  1576 10138
  1577 10138
  1578 10138
  1579 10138
  1580 10138
  1581 10138
  1582 10138
  1583 10138
  1584 10138
  1585 10138
  1586 10138
  1587 10138
  1588 10138
  1589 10138
  1590 10138
  1591 10138
  1592 10138
  1593 10022
  1594 10022
  1597 10022
  1598 10022
  1599 10138
  1600 10138
  1601 10138
  1602 10138
  1603 10138
  1604 10138
  1605 10138
  1606 10138
  1607 10138
  1608 10138
  1609 10138
  1610 10138
  1611 10138
  1612 10138
  1613 10138
  1614 10138
  1615 10151
  1616 10019
  1617 10019
  1618 10019
  1620 10019
  1626 10068
  1627 10068
  1628 10068
  1629 10068
  1630 10068
  1631 10068
  1632 10068
  1633 10068
  1634 10068
  1635 10068
  1636 10068
  1637 10068
  1638 10068
  1639 10068
  1640 10068
  1641 10068
  1642 10068
  1643 10068
  1644 10068
  1645 10068
  1646 10068
  1647 10068
  1648 10068
  1649 10068
  1650 10068
  1651 10068
  1652 10068
  1653 10068
  1654 10068
  1655 10068
  1656 10068
  1657 10068
  1658 10068
  1659 10068
  1660 10068
  1661 10068
  1662 10068
  1663 10068
  1664 10068
  1665 10068
  1666 10068
  1667 10068
  1668 10068
  1669 10068
  1670 10068
  1671 10068
  1672 10068
  1673 10068
  1674 10068
  1675 10068
  1676 10068
  1677 10068
  1678 10068
  1679 10068
  1680 10068
  1681 10068
  1682 10068
  1683 10068
  1684 10068
  1685 10068
  1686 10068
  1687 10068
  1688 10068
  1689 10068
  1690 10068
  1691 10068
  1692 10068
  1693 10068
  1694 10068
  1695 10068
  1696 10068
  1697 10068
  1698 10068
  1699 10068
  1700 10068
  1701 10068
  1702 10068
  1703 10068
  1704 10068
  1705 10068
  1706 10068
  1707 10068
  1708 10068
  1709 10068
  1710 10068
  1711 10068
  1712 10068
  1713 10068
  1714 10068
  1715 10068
  1716 10068
  1717 10068
  1718 10068
  1719 10068
  1720 10068
  1721 10068
  1722 10068
  1723 10068
  1724 10068
  1725 10068
  1726 10068
  1727 10068
  1728 10068
  1729 10068
  1730 10068
  1731 10068
  1732 10068
  1733 10068
  1734 10068
  1735 10068
  1736 10068
  1737 10068
  1738 10068
  1739 10068
  1740 10068
  1741 10068
  1742 10068
  1743 10068
  1744 10068
  1745 10068
  1746 10068
  1747 10068
  1748 10068
  1749 10068
  1750 10068
  1751 10068
  1752 10068
  1753 10068
  1754 10068
  1755 10068
  1756 10068
  1757 10068
  1758 10068
  1759 10068
  1760 10068
  1761 10068
  1762 10068
  1763 10068
  1764 10068
  1765 10068
  1766 10068
  1767 10068
  1768 10068
  1769 10068
  1770 10068
  1771 10068
  1772 10068
  1773 10068
  1774 10068
  1775 10068
  1779 10068
  1780 10068
  1781 10068
  1782 10068
  1783 10068
  1784 10068
  1785 10068
  1786 10068
  1787 10068
  1788 10068
  1789 10068
  1790 10068
  1791 10068
  1792 10068
  1793 10068
  1794 10068
  1795 10068
  1796 10068
  1797 10068
  1798 10068
  1799 10068
  1800 10068
  1801 10068
  1802 10068
  1803 10068
  1804 10068
  1805 10068
  1806 10068
  1807 10068
  1808 10068
  1809 10068
  1810 10068
  1811 10068
  1812 10068
  1813 10068
  1814 10068
  1815 10068
  1816 10068
  1817 10068
  1818 10068
  1819 10068
  1820 10068
  1821 10068
  1822 10068
  1823 10068
  1824 10068
  1825 10068
  1826 10068
  1827 10068
  1828 10068
  1829 10068
  1830 10068
  1831 10068
  1832 10068
  1833 10068
  1834 10068
  1835 10068
  1836 10068
  1837 10068
  1838 10068
  1839 10068
  1840 10068
  1841 10068
  1842 10068
  1843 10068
  1844 10068
  1845 10068
  1846 10068
  1847 10068
  1848 10068
  1849 10068
  1850 10068
  1851 10068
  1852 10068
  1853 10068
  1854 10068
  1855 10068
  1856 10068
  1857 10068
  1858 10068
  1859 10016
  1861 10143
  1862 10074
  1863 10074
  1864 10074
  1865 10074
  1866 10074
  1867 10074
  1868 10074
  1869 10074
  1870 10074
  1871 10074
  1872 10074
  1873 10074
  1874 10074
  1875 10074
  1876 10074
  1877 10074
  1878 10074
  1879 10074
  1880 10074
  1881 10074
  1882 10074
  1883 10074
  1884 10074
  1885 10074
  1886 10074
  1887 10074
  1888 10074
  1889 10074
  1890 10074
  1891 10074
  1892 10074
  1893 10074
  1894 10074
  1895 10074
  1896 10074
  1897 10074
  1898 10074
  1899 10074
  1900 10074
  1901 10074
  1902 10074
  1903 10074
  1904 10074
  1905 10074
  1906 10074
  1907 10074
  1908 10074
  1909 10074
  1910 10074
  1911 10074
  1912 10074
  1913 10074
  1914 10074
  1915 10074
  1916 10074
  1917 10074
  1918 10074
  1919 10074
  1920 10074
  1921 10074
  1922 10074
  1923 10074
  1924 10074
  1925 10074
  1926 10074
  1927 10074
  1928 10074
  1929 10074
  1930 10074
  1931 10074
  1932 10074
  1933 10074
  1934 10074
  1935 10074
  1936 10074
  1937 10074
  1938 10074
  1939 10074
  1940 10074
  1941 10074
  1942 10074
  1943 10074
  1944 10074
  1945 10074
  1946 10074
  1947 10074
  1948 10074
  1949 10074
  1950 10074
  1951 10074
  1952 10074
  1953 10074
  1954 10074
  1955 10074
  1956 10074
  1957 10074
  1958 10074
  1959 10074
  1960 10074
  1961 10074
  1962 10074
  1963 10074
  1964 10074
  1965 10074
  1966 10074
  1967 10074
  1968 10074
  1969 10074
  1970 10074
  1971 10074
  1972 10074
  1973 10074
  1974 10074
  1975 10074
  1976 10074
  1977 10074
  1978 10074
  1979 10074
  1980 10074
  1981 10074
  1982 10074
  1983 10074
  1984 10074
  1985 10074
  1986 10074
  1987 10074
  1988 10074
  1989 10074
  1990 10074
  1991 10074
  1992 10074
  1993 10074
  1994 10074
  1995 10074
  1996 10074
  1997 10074
  1998 10074
  1999 10074
  2000 10074
  2001 10074
  2002 10074
  2003 10074
  2004 10074
  2005 10074
  2006 10074
  2007 10074
  2008 10074
  2009 10074
  2010 10074
  2011 10074
  2012 10074
  2013 10074
  2014 10074
  2015 10074
  2016 10074
  2017 10074
  2018 10074
  2019 10074
  2020 10074
  2021 10074
  2022 10074
  2023 10016
  2024 10016
  2025 10016
  2026 10016
  2027 10143
  2028 10154
  2029 10154
  2030 10154
  2031 10154
  2032 10094
  2033 10094
  2034 10169
  2035 10169
  2036 10169
  2037 10169
  2038 10169
