   688 10052
   689 10052
   690 10052
   691 10052
   692 10052
   693 10052
   694 10052
   695 10052
   696 10052
   697 10052
   698 10052
   699 10052
   700 10052
   701 10052
   702 10052
   703 10052
   704 10052
   705 10052
   706 10052
   707 10052
   708 10052
   709 10052
   710 10052
   711 10052
   712 10052
   713 10052
   714 10052
   715 10052
   716 10052
   717 10052
   718 10052
   719 10052
   720 10052
   721 10052
   722 10052
   723 10052
   724 10052
   725 10052
   726 10052
   727 10052
   728 10052
   729 10052
   730 10052
   731 10052
   732 10052
   733 10052
   734 10052
   735 10052
   736 10052
   737 10052
   738 10052
   739 10052
   740 10052
   741 10052
   742 10052
   743 10052
   744 10052
   745 10052
   746 10052
   747 10052
   748 10052
   749 10052
   750 10052
   751 10052
   752 10052
   753 10052
   754 10052
   755 10052
   756 10052
   757 10052
   758 10052
   759 10052
   760 10052
   761 10052
   762 10052
   763 10052
   764 10052
   765 10052
   766 10052
   767 10052
   768 10052
   769 10052
   770 10052
   771 10052
   772 10052
   773 10052
   774 10052
   775 10052
   776 10052
   777 10052
   778 10052
   779 10052
   784 10108
   785 10108
   786 10108
   790 10108
   791 10101
   792 10101
   793 10101
   794 10101
   795 10101
   796 10101
   797 10101
   798 10101
   799 10101
   800 10101
   801 10101
   802 10101
   803 10101
   804 10101
   805 10101
   806 10101
   807 10101
   808 10101
   809 10101
   810 10101
   811 10101
   812 10101
   813 10101
   814 10101
   815 10101
   816 10101
   817 10101
   818 10101
   819 10101
   820 10101
   821 10101
   822 10101
   823 10101
   824 10101
   825 10101
   826 10101
   827 10101
   828 10101
   829 10101
   830 10101
   831 10101
   832 10101
   833 10101
   834 10101
   835 10101
   836 10101
   837 10101
   838 10101
   839 10101
   840 10101
   841 10101
   842 10101
   843 10101
   844 10101
   845 10101
   846 10101
   847 10101
   848 10101
   849 10101
   850 10101
   851 10101
   852 10101
   853 10101
   854 10101
   855 10101
   856 10101
   857 10101
   858 10101
   859 10101
   860 10101
   861 10101
   862 10101
   863 10101
   864 10101
   865 10101
   866 10101
   867 10101
   868 10101
   869 10101
   870 10101
   871 10101
   872 10101
   873 10101
   874 10101
   875 10101
   876 10101
   877 10101
   878 10101
   879 10101
   880 10101
   881 10101
   882 10101
   883 10101
   884 10101
   885 10101
   886 10101
   887 10101
   888 10101
   889 10101
   890 10101
   891 10101
   892 10101
   893 10101
   894 10101
   895 10101
   896 10101
   897 10101
   898 10101
   899 10101
   900 10101
   901 10101
   902 10101
   903 10101
   904 10101
   905 10101
   906 10101
   907 10101
   908 10101
   909 10101
   910 10101
   911 10105
   912 10101
   913 10105
   914 10105
   915 10105
   916 10105
   917 10105
   918 10105
   919 10105
   920 10101
   921 10101
   922 10101
   923 10101
   924 10101
   925 10101
   926 10101
   927 10101
   928 10101
   929 10101
   930 10101
   931 10101
   932 10101
   933 10101
   934 10101
   935 10101
   936 10101
   937 10101
   938 10101
   939 10101
   940 10101
   941 10101
   942 10101
   943 10101
   944 10101
   945 10101
   946 10101
   947 10101
   948 10101
   949 10101
   950 10101
   951 10125
   952 10101
   953 10105
   954 10105
   955 10105
   956 10101
   957 10101
   958 10101
   959 10101
   960 10101
   961 10101
   962 10105
   963 10105
   964 10101
   965 10105
   966 10105
   967 10101
   968 10101
   969 10105
   970 10105
   971 10105
   972 10105
   973 10101
   974 10105
   975 10105
   976 10105
   977 10101
   978 10101
   979 10101
   980 10101
   981 10101
   982 10105
   983 10105
   984 10105
   985 10105
   986 10105
   987 10105
   988 10125
   989 10125
   990 10125
   991 10125
   992 10125
   993 10125
   994 10125
   995 10125
   996 10125
   997 10125
   998 10105
   999 10125
  1000 10125
  1001 10125
  1002 10125
  1003 10125
  1004 10125
  1005 10125
  1006 10125
  1007 10125
  1008 10125
  1009 10125
  1010 10125
  1011 10125
  1012 10125
  1013 10125
  1014 10125
  1015 10125
  1016 10125
  1017 10125
  1018 10125
  1019 10108
  1020 10108
  1021 10108
  1022 10131
  1023 10007
  1024 10007
  1026 10146
  1029 10154
  1035 10017
  1036 10017
  1037 10017
  1038 10017
  1039 10017
  1040 10017
  1041 10017
  1042 10017
  1043 10017
  1044 10017
  1045 10017
  1046 10017
  1047 10017
  1048 10017
  1049 10017
  1050 10017
  1051 10017
  1052 10017
  1053 10017
  1054 10017
  1055 10017
  1056 10017
  1057 10017
  1058 10017
  1059 10017
  1060 10017
  1061 10017
  1062 10017
  1063 10017
  1064 10017
  1065 10017
  1066 10017
  1067 10017
  1068 10017
  1069 10017
  1070 10017
  1071 10017
  1072 10017
  1073 10017
  1074 10017
  1075 10017
  1076 10017
  1077 10017
  1078 10017
  1079 10017
  1080 10017
  1081 10017
  1082 10017
  1083 10017
  1084 10017
  1085 10017
  1086 10017
  1087 10017
  1088 10017
  1089 10017
  1090 10017
  1091 10017
  1092 10017
  1093 10017
  1094 10017
  1095 10017
  1096 10017
  1097 10017
  1098 10017
  1099 10017
  1100 10017
  1101 10017
  1102 10017
  1103 10017
  1104 10017
  1105 10017
  1106 10017
  1107 10017
  1108 10017
  1109 10017
  1110 10017
  1111 10017
  1112 10017
  1114 10017
  1115 10017
  1116 10017
  1117 10017
  1118 10017
  1119 10017
  1120 10017
  1121 10017
  1122 10017
  1123 10017
  1124 10017
  1125 10017
  1126 10017
  1127 10017
  1128 10017
  1129 10017
  1130 10017
  1131 10017
  1132 10017
  1133 10017
  1134 10017
  1135 10017
  1136 10017
  1137 10017
  1138 10017
  1139 10017
  1140 10017
  1141 10017
  1142 10017
  1143 10017
  1144 10017
  1145 10017
  1146 10017
  1147 10017
  1148 10017
  1149 10017
  1150 10017
  1151 10017
  1152 10017
  1153 10017
  1154 10017
  1155 10017
  1156 10017
  1157 10017
  1158 10017
  1159 10017
  1160 10017
  1161 10017
  1162 10017
  1163 10017
  1164 10017
  1165 10017
  1166 10017
  1167 10017
  1168 10017
  1169 10017
  1170 10017
  1171 10017
  1172 10017
  1173 10017
  1174 10017
  1175 10017
  1176 10017
  1177 10017
  1178 10017
  1179 10017
  1180 10017
  1181 10017
  1182 10017
  1183 10017
  1184 10017
  1185 10017
  1186 10017
  1193 10017
  1194 10017
  1195 10017
  1196 10017
  1197 10017
  1198 10017
  1199 10017
  1200 10017
  1201 10017
  1202 10017
  1203 10017
  1204 10017
  1205 10017
  1206 10017
  1207 10017
  1208 10017
  1209 10017
  1210 10017
  1211 10017
  1212 10017
  1213 10017
  1214 10017
  1215 10017
  1216 10017
  1217 10017
  1218 10017
  1219 10017
  1220 10017
  1221 10017
  1222 10017
  1223 10017
  1224 10017
  1225 10017
  1226 10017
  1227 10017
  1228 10017
  1229 10017
  1230 10017
  1231 10017
  1232 10017
  1233 10017
  1234 10017
  1235 10017
  1236 10017
  1237 10017
  1238 10017
  1239 10017
  1240 10017
  1241 10017
  1242 10017
  1243 10017
  1244 10017
  1245 10017
  1246 10017
  1247 10017
  1248 10017
  1251 10017
  1252 10017
  1253 10017
  1254 10017
  1255 10017
  1256 10017
  1257 10017
  1258 10019
  1261 10152
  1266 10019
  1267 10035
  1268 10035
  1269 10091
  1270 10043
  1271 10091
  1272 10091
  1273 10091
  1274 10070
  1275 10134
  1276 10134
  1277 10134
  1278 10055
  1279 10055
  1280 10055
  1281 10018
  1282 10040
  1283 10040
  1284 10040
  1286 10018
  1287 10018
  1288 10055
  1289 10055
  1290 10055
  1291 10055
  1292 10055
  1293 10055
  1294 10158
  1295 10055
  1296 10055
  1297 10055
  1298 10055
  1299 10055
  1300 10055
  1301 10055
  1302 10055
  1303 10055
  1304 10055
  1305 10055
  1306 10055
  1307 10055
  1308 10055
  1309 10055
  1310 10055
  1311 10055
  1312 10055
  1313 10055
  1314 10055
  1315 10055
  1316 10055
  1317 10055
  1318 10055
  1319 10055
  1320 10055
  1321 10055
  1322 10055
  1323 10055
  1324 10055
  1325 10055
  1326 10055
  1327 10055
  1328 10055
  1329 10055
  1330 10055
  1331 10055
  1332 10055
  1333 10055
  1334 10055
  1335 10055
  1336 10076
  1337 10076
  1339 10076
  1343 10101
  1344 10101
  1345 10101
  1346 10101
  1350 10091
  1351 10091
  1353 10028
  1355 10019
  1356 10019
  1357 10019
  1371 10151
  1372 10151
  1374 10151
  1375 10151
  1376 10151
  1377 10151
  1378 10151
  1379 10151
  1382 10151
  1383 10151
  1388 10086
  1389 10086
  1390 10086
  1391 10086
  1392 10086
  1393 10076
  1394 10076
  1395 10076
  1396 10076
  1397 10086
  1398 10086
  1399 10086
  1400 10086
  1401 10076
  1402 10086
  1403 10076
  1404 10076
  1405 10086
  1406 10086
  1407 10086
  1408 10086
  1409 10033
  1410 10033
  1411 10076
  1412 10086
  1413 10086
  1414 10086
  1415 10086
  1416 10086
  1417 10086
  1418 10086
  1419 10086
  1420 10086
  1421 10086
  1422 10086
  1423 10086
  1424 10086
  1425 10086
  1426 10086
  1427 10086
  1428 10086
  1429 10086
  1430 10086
  1431 10086
  1432 10086
  1433 10086
  1434 10086
  1435 10086
  1436 10086
  1437 10086
  1438 10086
  1439 10086
  1440 10086
  1441 10086
  1442 10086
  1443 10086
  1444 10086
  1445 10086
  1446 10086
  1447 10086
  1448 10086
  1449 10086
  1450 10086
  1451 10086
  1452 10086
  1453 10086
  1454 10086
  1455 10086
  1456 10076
  1457 10086
  1458 10086
  1459 10086
  1460 10086
  1461 10086
  1462 10086
  1463 10086
  1464 10086
  1465 10086
  1466 10086
  1467 10086
  1468 10086
  1469 10086
  1470 10086
  1471 10086
  1472 10086
  1473 10086
  1474 10086
  1475 10086
  1476 10086
  1477 10086
  1481 10086
  1482 10086
  1483 10086
  1484 10086
  1485 10086
  1486 10086
  1487 10086
  1488 10086
  1489 10086
  1490 10086
  1491 10086
  1492 10086
  1493 10086
  1494 10086
  1495 10086
  1496 10086
  1497 10086
  1498 10086
  1499 10086
  1500 10086
  1501 10086
  1502 10086
  1503 10086
  1504 10086
  1505 10086
  1506 10086
  1507 10086
  1508 10086
  1509 10086
  1510 10086
  1511 10086
  1512 10086
  1513 10086
  1514 10086
  1515 10086
  1516 10086
  1517 10086
  1518 10086
  1519 10086
  1520 10086
  1521 10086
  1522 10086
  1523 10086
  1524 10086
  1525 10086
  1527 10033
  1528 10033
  1529 10033
  1530 10033
  1533 10086
  1534 10086
  1535 10033
  1536 10033
  1537 10033
  1538 10033
  1539 10033
  1540 10033
  1541 10086
  1542 10086
  1543 10086
  1544 10086
  1545 10086
  1546 10086
  1547 10086
  1548 10086
  1549 10086
  1550 10086
  1551 10086
  1553 10033
  1554 10033
  1555 10033
  1556 10033
  1557 10086
  1558 10086
  1559 10086
  1560 10033
  1561 10033
  1562 10033
  1564 10086
  1565 10086
  1566 10086
  1567 10086
  1568 10086
  1569 10086
  1570 10086
  1571 10086
  1572 10086
  1573 10086
  1574 10086
  1575 10086
  1576 10086
  1577 10086
  1578 10086
  1579 10086
  1580 10086
  1581 10086
  1582 10086
  1583 10086
  1584 10086
  1585 10086
  1586 10086
  1587 10086
  1588 10086
  1589 10086
  1590 10086
  1591 10086
  1592 10086
  1593 10086
  1594 10086
  1595 10086
  1596 10086
  1597 10086
  1598 10086
  1599 10086
  1600 10086
  1601 10086
  1602 10086
  1603 10086
  1604 10086
  1605 10086
  1606 10086
  1607 10086
  1608 10086
  1609 10086
  1610 10086
  1611 10086
  1612 10086
  1613 10086
  1614 10086
  1615 10086
  1616 10086
  1617 10086
  1618 10046
  1619 10086
  1620 10083
  1621 10083
  1622 10083
  1623 10083
  1624 10083
  1625 10083
  1626 10083
  1627 10083
  1628 10083
  1629 10083
  1630 10083
  1631 10083
  1632 10083
  1633 10083
  1634 10083
  1635 10083
  1636 10083
  1637 10083
  1638 10083
  1639 10083
  1640 10083
  1641 10083
  1642 10083
  1643 10083
  1644 10083
  1645 10083
  1646 10083
  1647 10083
  1648 10083
  1649 10083
  1650 10083
  1651 10083
  1652 10083
  1653 10083
  1654 10083
  1655 10083
  1656 10083
  1657 10083
  1658 10083
  1659 10083
  1660 10083
  1661 10083
  1662 10083
  1663 10083
  1664 10083
  1665 10083
  1666 10083
  1667 10083
  1668 10083
  1669 10083
  1670 10083
  1671 10083
  1672 10083
  1673 10083
  1674 10083
  1675 10083
  1676 10083
  1677 10083
  1678 10083
  1679 10083
  1680 10083
  1681 10083
  1682 10083
  1683 10083
  1684 10083
  1685 10083
  1686 10083
  1687 10083
  1688 10083
  1689 10083
  1690 10083
  1691 10083
  1692 10083
  1693 10083
  1694 10083
  1695 10083
  1696 10083
  1697 10083
  1698 10083
  1699 10083
  1700 10083
  1701 10083
  1702 10083
  1703 10083
  1704 10083
  1705 10083
  1706 10083
  1707 10083
  1708 10083
  1709 10083
  1710 10083
  1711 10083
  1712 10083
  1713 10083
  1714 10083
  1715 10083
  1716 10083
  1717 10083
  1718 10083
  1719 10083
  1720 10083
  1721 10083
  1722 10083
  1723 10083
  1724 10083
  1725 10083
  1726 10083
  1727 10083
  1728 10083
  1729 10083
  1730 10083
  1731 10083
  1732 10083
  1733 10083
  1734 10083
  1735 10083
  1736 10083
  1737 10083
  1738 10083
  1739 10083
  1740 10083
  1741 10083
  1742 10083
  1743 10083
  1744 10083
  1745 10083
  1746 10083
  1747 10083
  1748 10083
  1749 10083
  1750 10083
  1751 10083
  1752 10083
  1753 10083
  1754 10083
  1755 10083
  1756 10083
  1757 10083
  1758 10083
  1759 10083
  1760 10083
  1761 10083
  1762 10083
  1763 10083
  1764 10083
  1765 10083
  1766 10083
  1767 10083
  1768 10083
  1769 10083
  1770 10083
  1771 10083
  1772 10083
  1773 10083
  1774 10083
  1775 10083
  1776 10083
  1777 10083
  1778 10083
  1779 10083
  1780 10083
  1781 10083
  1782 10083
  1783 10083
  1784 10083
  1785 10083
  1786 10083
  1787 10083
  1788 10083
  1789 10083
  1790 10083
  1791 10083
  1792 10083
  1793 10083
  1794 10083
  1795 10083
  1796 10083
  1797 10083
  1798 10083
  1799 10083
  1800 10083
  1801 10083
  1802 10083
  1803 10083
  1804 10083
  1805 10083
  1806 10083
  1807 10083
  1808 10083
  1809 10083
  1810 10083
  1811 10083
  1812 10083
  1813 10083
  1814 10083
  1815 10083
  1816 10083
  1817 10083
  1818 10083
  1819 10083
  1820 10083
  1821 10083
  1822 10083
  1823 10083
  1824 10083
  1825 10083
  1826 10083
  1827 10083
  1828 10083
  1829 10083
  1830 10083
  1831 10083
  1832 10083
  1833 10083
  1834 10083
  1835 10083
  1836 10083
  1837 10083
  1838 10083
  1839 10083
  1840 10083
  1841 10083
  1842 10083
  1843 10083
  1844 10083
  1845 10083
  1846 10083
  1847 10083
  1848 10083
  1849 10083
  1850 10083
  1851 10083
  1852 10083
  1853 10083
  1854 10083
  1855 10083
  1856 10083
  1857 10083
  1858 10101
  1859 10101
  1860 10101
  1861 10101
  1862 10101
  1865 10074
  1866 10036
  1867 10153
  1868 10153
  1869 10153
  1870 10153
  1871 10153
  1872 10153
  1873 10153
  1874 10153
  1875 10153
  1876 10153
  1877 10153
  1878 10153
  1879 10153
  1880 10153
  1881 10153
  1882 10153
  1883 10153
  1884 10153
  1885 10153
  1886 10153
  1887 10153
  1888 10153
  1889 10153
  1890 10153
  1891 10153
  1892 10153
  1893 10153
  1894 10153
  1895 10153
  1896 10153
  1897 10153
  1898 10153
  1899 10153
  1900 10153
  1901 10153
  1902 10153
  1903 10153
  1904 10153
  1905 10153
  1906 10153
  1907 10153
  1908 10153
  1909 10153
  1910 10153
  1911 10153
  1912 10153
  1913 10153
  1914 10153
  1915 10153
  1916 10153
  1917 10153
  1918 10153
  1919 10153
  1920 10153
  1921 10153
  1922 10153
  1923 10153
  1924 10153
  1925 10153
  1926 10153
  1927 10153
  1928 10153
  1929 10153
  1930 10153
  1931 10153
  1932 10153
  1933 10153
  1934 10153
  1935 10153
  1936 10153
  1937 10153
  1938 10153
  1939 10153
  1940 10153
  1941 10153
  1942 10153
  1943 10153
  1944 10153
  1945 10153
  1946 10153
  1947 10153
  1948 10153
  1949 10153
  1950 10153
  1951 10153
  1952 10153
  1953 10153
  1954 10153
  1955 10153
  1956 10153
  1957 10153
  1958 10153
  1959 10153
  1960 10153
  1961 10153
  1962 10153
  1963 10153
  1964 10153
  1965 10153
  1966 10153
  1967 10153
  1968 10153
  1969 10153
  1970 10153
  1971 10153
  1972 10153
  1973 10153
  1974 10153
  1975 10153
  1976 10153
  1977 10153
  1978 10153
  1979 10153
  1980 10153
  1981 10153
  1982 10153
  1983 10153
  1984 10153
  1985 10153
  1986 10153
  1987 10153
  1988 10153
  1989 10153
  1990 10153
  1991 10153
  1992 10153
  1993 10153
  1994 10153
  1995 10153
  1996 10153
  1997 10153
  1998 10153
  1999 10153
  2000 10153
  2001 10153
  2002 10153
  2003 10153
  2004 10153
  2005 10153
  2006 10153
  2007 10153
  2008 10153
  2009 10153
  2010 10153
  2011 10153
  2012 10153
  2013 10153
  2014 10153
  2015 10153
  2016 10153
  2017 10153
  2018 10153
  2019 10153
  2020 10153
  2021 10153
  2022 10153
  2023 10153
  2024 10154
  2025 10154
  2026 10154
  2028 10016
  2038 10052
  2039 10052
