   767 10125
   768 10125
   769 10125
   770 10125
   771 10125
   772 10125
   773 10125
   774 10125
   775 10125
   776 10104
   777 10125
   785 10146
   786 10146
   787 10146
   788 10146
   789 10146
   790 10146
   791 10146
   792 10146
   793 10146
   794 10146
   795 10146
   796 10146
   797 10146
   798 10146
   799 10146
   800 10146
   801 10146
   802 10146
   803 10146
   804 10146
   805 10146
   806 10146
   807 10146
   808 10146
   809 10146
   810 10146
   811 10146
   812 10146
   813 10146
   814 10146
   815 10146
   816 10146
   817 10146
   818 10146
   819 10146
   820 10146
   821 10146
   822 10146
   823 10146
   824 10146
   825 10146
   826 10146
   827 10146
   828 10146
   829 10146
   830 10146
   831 10146
   832 10146
   833 10146
   834 10146
   835 10146
   836 10146
   837 10146
   838 10146
   839 10146
   840 10146
   841 10146
   842 10146
   843 10146
   844 10146
   845 10146
   846 10146
   847 10146
   848 10146
   849 10146
   850 10146
   851 10146
   852 10146
   853 10146
   854 10146
   855 10146
   856 10146
   857 10146
   858 10146
   859 10146
   860 10146
   861 10146
   862 10146
   863 10146
   864 10146
   865 10146
   866 10146
   867 10146
   868 10146
   869 10146
   870 10146
   871 10146
   872 10146
   873 10146
   874 10146
   875 10146
   876 10146
   877 10146
   878 10146
   879 10146
   880 10146
   881 10146
   882 10146
   883 10146
   884 10146
   885 10146
   886 10146
   887 10146
   888 10146
   889 10146
   890 10146
   891 10146
   892 10146
   893 10146
   894 10146
   895 10146
   896 10146
   897 10146
   898 10146
   899 10146
   900 10146
   901 10146
   902 10146
   903 10146
   904 10146
   905 10146
   906 10146
   907 10146
   908 10146
   909 10146
   910 10146
   911 10146
   912 10146
   913 10146
   914 10146
   915 10146
   916 10146
   917 10146
   918 10146
   919 10146
   920 10146
   921 10146
   922 10146
   923 10146
   924 10146
   925 10146
   926 10146
   927 10146
   928 10146
   929 10146
   930 10146
   931 10146
   932 10146
   933 10146
   934 10146
   935 10146
   936 10146
   937 10146
   938 10146
   939 10146
   940 10146
   941 10146
   942 10146
   943 10146
   944 10146
   945 10146
   946 10146
   947 10146
   948 10146
   949 10146
   950 10146
   951 10146
   952 10146
   953 10146
   954 10146
   955 10146
   956 10146
   957 10146
   958 10146
   959 10146
   960 10146
   961 10146
   962 10146
   963 10146
   964 10146
   965 10146
   966 10146
   967 10146
   968 10146
   969 10146
   970 10146
   971 10146
   972 10146
   973 10146
   974 10146
   975 10146
   976 10146
   977 10146
   978 10146
   979 10146
   980 10146
   981 10146
   982 10146
   983 10146
   984 10146
   985 10146
   986 10146
   987 10146
   988 10146
   989 10146
   990 10146
   991 10146
   992 10146
   993 10146
   995 10115
   997 10143
   998 10016
   999 10016
  1000 10016
  1001 10016
  1002 10016
  1003 10016
  1004 10016
  1005 10016
  1006 10016
  1007 10016
  1008 10016
  1009 10016
  1010 10016
  1011 10016
  1012 10016
  1013 10016
  1014 10016
  1015 10016
  1016 10016
  1017 10016
  1018 10016
  1019 10016
  1020 10016
  1021 10014
  1022 10014
  1023 10014
  1024 10014
  1025 10153
  1026 10049
  1027 10049
  1028 10049
  1029 10049
  1030 10049
  1031 10049
  1032 10049
  1033 10049
  1034 10049
  1035 10049
  1036 10049
  1037 10049
  1038 10049
  1039 10049
  1040 10049
  1041 10049
  1042 10049
  1043 10049
  1044 10049
  1045 10049
  1046 10049
  1047 10049
  1048 10049
  1049 10049
  1050 10049
  1051 10049
  1052 10049
  1053 10049
  1054 10049
  1055 10049
  1056 10049
  1057 10049
  1058 10049
  1059 10049
  1060 10049
  1061 10049
  1062 10049
  1063 10049
  1064 10049
  1065 10049
  1066 10049
  1067 10049
  1068 10049
  1069 10049
  1070 10049
  1071 10049
  1072 10049
  1073 10049
  1074 10049
  1075 10049
  1076 10049
  1077 10049
  1078 10049
  1079 10049
  1080 10049
  1081 10049
  1082 10049
  1083 10049
  1084 10049
  1085 10049
  1086 10049
  1087 10049
  1088 10049
  1089 10049
  1090 10049
  1091 10049
  1092 10049
  1093 10049
  1094 10049
  1095 10049
  1096 10049
  1097 10049
  1098 10049
  1099 10049
  1100 10049
  1101 10049
  1102 10049
  1103 10049
  1104 10049
  1105 10049
  1106 10049
  1107 10049
  1108 10049
  1109 10049
  1110 10049
  1111 10049
  1112 10049
  1113 10049
  1114 10049
  1115 10049
  1116 10049
  1117 10049
  1118 10049
  1119 10049
  1120 10049
  1121 10049
  1122 10049
  1123 10049
  1124 10049
  1125 10049
  1126 10049
  1127 10049
  1128 10049
  1129 10049
  1130 10049
  1131 10049
  1132 10049
  1133 10049
  1134 10049
  1135 10049
  1136 10049
  1137 10049
  1138 10049
  1139 10049
  1140 10049
  1141 10049
  1142 10049
  1143 10049
  1144 10049
  1145 10049
  1146 10049
  1147 10049
  1148 10049
  1149 10049
  1150 10049
  1151 10049
  1152 10049
  1153 10049
  1154 10049
  1155 10049
  1156 10049
  1157 10049
  1158 10049
  1159 10049
  1160 10049
  1161 10049
  1162 10049
  1163 10049
  1164 10049
  1165 10049
  1166 10049
  1167 10049
  1168 10049
  1169 10049
  1170 10049
  1171 10049
  1172 10049
  1173 10049
  1174 10049
  1175 10049
  1176 10049
  1177 10049
  1178 10049
  1179 10049
  1180 10049
  1181 10049
  1182 10049
  1183 10049
  1184 10049
  1185 10049
  1186 10049
  1187 10049
  1188 10049
  1189 10049
  1190 10049
  1191 10049
  1192 10049
  1193 10049
  1194 10049
  1195 10049
  1196 10049
  1197 10049
  1198 10049
  1199 10049
  1200 10049
  1201 10049
  1202 10049
  1203 10049
  1204 10049
  1205 10049
  1206 10049
  1207 10049
  1208 10049
  1209 10049
  1210 10049
  1211 10049
  1212 10049
  1213 10049
  1214 10049
  1215 10049
  1216 10049
  1217 10049
  1218 10049
  1219 10049
  1220 10049
  1221 10049
  1222 10049
  1223 10049
  1224 10049
  1225 10049
  1226 10049
  1227 10049
  1228 10049
  1229 10049
  1230 10049
  1231 10049
  1232 10049
  1233 10049
  1234 10049
  1235 10049
  1236 10049
  1237 10049
  1238 10049
  1239 10049
  1240 10049
  1241 10049
  1242 10049
  1243 10049
  1244 10049
  1245 10049
  1246 10049
  1247 10049
  1248 10049
  1249 10049
  1250 10049
  1251 10049
  1252 10049
  1253 10049
  1254 10049
  1255 10049
  1256 10049
  1257 10076
  1258 10076
  1259 10076
  1260 10158
  1261 10158
  1262 10018
  1263 10018
  1264 10076
  1265 10076
  1266 10076
  1267 10076
  1268 10076
  1269 10018
  1270 10018
  1271 10018
  1272 10018
  1273 10076
  1274 10076
  1275 10076
  1276 10076
  1277 10076
  1278 10018
  1279 10018
  1280 10040
  1281 10040
  1282 10076
  1283 10158
  1284 10076
  1285 10076
  1286 10076
  1287 10076
  1288 10076
  1289 10076
  1290 10076
  1291 10076
  1292 10076
  1293 10076
  1294 10076
  1295 10076
  1296 10076
  1297 10076
  1298 10076
  1299 10076
  1300 10076
  1301 10076
  1302 10076
  1303 10076
  1304 10076
  1305 10076
  1306 10076
  1307 10076
  1308 10076
  1309 10076
  1310 10076
  1311 10076
  1312 10076
  1313 10076
  1314 10076
  1315 10076
  1316 10076
  1317 10076
  1318 10076
  1319 10076
  1320 10076
  1321 10076
  1322 10076
  1323 10055
  1324 10076
  1325 10076
  1326 10076
  1327 10076
  1328 10076
  1329 10076
  1330 10076
  1331 10055
  1332 10076
  1333 10076
  1334 10076
  1335 10076
  1336 10076
  1337 10076
  1339 10076
  1340 10141
  1341 10169
  1342 10169
  1343 10128
  1344 10128
  1345 10101
  1346 10101
  1347 10128
  1348 10128
  1349 10101
  1350 10128
  1351 10128
  1352 10169
  1353 10169
  1354 10169
  1355 10169
  1356 10169
  1357 10128
  1358 10128
  1359 10128
  1360 10128
  1361 10101
  1362 10101
  1363 10101
  1364 10101
  1365 10101
  1366 10138
  1367 10101
  1368 10138
  1369 10061
  1370 10169
  1371 10169
  1372 10169
  1373 10169
  1374 10101
  1375 10128
  1376 10101
  1377 10101
  1378 10101
  1379 10101
  1380 10061
  1381 10101
  1382 10101
  1383 10061
  1384 10169
  1385 10169
  1386 10169
  1387 10169
  1388 10169
  1389 10169
  1390 10169
  1391 10169
  1392 10169
  1393 10169
  1394 10169
  1395 10169
  1396 10169
  1397 10169
  1398 10169
  1399 10169
  1400 10169
  1401 10169
  1402 10169
  1403 10169
  1404 10169
  1405 10169
  1406 10169
  1407 10169
  1408 10169
  1409 10169
  1410 10169
  1411 10169
  1412 10169
  1413 10169
  1414 10169
  1415 10169
  1416 10169
  1417 10169
  1418 10169
  1419 10169
  1420 10169
  1421 10169
  1422 10169
  1423 10169
  1424 10169
  1425 10169
  1426 10169
  1427 10169
  1428 10169
  1429 10169
  1430 10169
  1431 10169
  1432 10169
  1433 10169
  1434 10169
  1435 10169
  1436 10169
  1437 10169
  1438 10169
  1439 10169
  1440 10169
  1441 10169
  1442 10169
  1443 10169
  1444 10169
  1445 10169
  1446 10169
  1447 10169
  1448 10169
  1449 10169
  1450 10169
  1451 10169
  1452 10169
  1453 10169
  1454 10169
  1455 10169
  1456 10169
  1457 10169
  1458 10169
  1459 10169
  1460 10169
  1461 10169
  1462 10169
  1463 10169
  1464 10169
  1465 10169
  1466 10169
  1467 10169
  1468 10169
  1469 10169
  1470 10169
  1471 10169
  1472 10169
  1473 10169
  1474 10169
  1475 10169
  1476 10169
  1477 10169
  1478 10169
  1479 10169
  1480 10169
  1481 10169
  1482 10169
  1483 10169
  1484 10169
  1485 10169
  1486 10169
  1487 10169
  1488 10169
  1489 10169
  1490 10169
  1491 10169
  1492 10169
  1493 10169
  1494 10169
  1495 10169
  1496 10169
  1497 10169
  1498 10169
  1499 10169
  1500 10169
  1501 10169
  1502 10169
  1503 10169
  1504 10169
  1505 10169
  1506 10169
  1507 10169
  1508 10169
  1509 10169
  1510 10169
  1511 10169
  1512 10169
  1513 10169
  1514 10169
  1515 10169
  1516 10169
  1517 10169
  1518 10169
  1519 10169
  1520 10169
  1521 10169
  1522 10169
  1523 10169
  1524 10169
  1525 10169
  1526 10169
  1527 10169
  1528 10169
  1529 10169
  1530 10169
  1531 10169
  1532 10169
  1533 10169
  1534 10169
  1535 10169
  1536 10169
  1537 10169
  1538 10169
  1539 10169
  1540 10169
  1541 10169
  1542 10169
  1543 10169
  1544 10169
  1545 10169
  1546 10169
  1547 10169
  1548 10169
  1549 10169
  1550 10169
  1551 10169
  1552 10169
  1553 10169
  1554 10169
  1555 10169
  1556 10169
  1557 10169
  1558 10169
  1559 10169
  1560 10169
  1561 10169
  1562 10169
  1563 10169
  1564 10055
  1565 10169
  1566 10169
  1567 10169
  1568 10169
  1569 10169
  1570 10169
  1571 10169
  1572 10169
  1573 10169
  1574 10169
  1575 10169
  1576 10169
  1577 10169
  1578 10169
  1579 10169
  1580 10169
  1581 10169
  1582 10169
  1583 10169
  1584 10169
  1585 10169
  1586 10169
  1587 10169
  1588 10169
  1589 10169
  1590 10169
  1591 10169
  1592 10169
  1593 10169
  1594 10169
  1595 10169
  1596 10169
  1597 10169
  1598 10169
  1599 10169
  1600 10169
  1601 10169
  1602 10169
  1603 10169
  1604 10169
  1605 10169
  1606 10169
  1607 10169
  1608 10169
  1609 10169
  1610 10169
  1611 10169
  1612 10169
  1613 10169
  1614 10169
  1615 10101
  1616 10101
  1617 10101
  1618 10138
  1619 10138
  1620 10138
  1621 10138
  1625 10091
  1626 10091
  1627 10082
  1628 10019
  1629 10021
  1630 10021
  1631 10021
  1632 10021
  1633 10021
  1634 10021
  1635 10021
  1636 10021
  1637 10021
  1638 10021
  1639 10021
  1640 10021
  1641 10021
  1642 10021
  1643 10021
  1644 10021
  1645 10021
  1646 10021
  1647 10021
  1648 10021
  1649 10021
  1650 10021
  1651 10021
  1652 10021
  1653 10021
  1654 10021
  1655 10021
  1656 10021
  1657 10021
  1658 10021
  1659 10021
  1660 10021
  1661 10021
  1662 10021
  1663 10021
  1664 10021
  1665 10021
  1666 10021
  1667 10021
  1668 10021
  1669 10021
  1670 10021
  1671 10021
  1672 10021
  1673 10021
  1674 10021
  1675 10021
  1676 10021
  1677 10021
  1678 10021
  1679 10021
  1680 10021
  1681 10021
  1682 10021
  1683 10021
  1684 10021
  1685 10021
  1686 10021
  1687 10021
  1688 10021
  1689 10021
  1690 10021
  1691 10021
  1692 10021
  1693 10021
  1694 10021
  1695 10021
  1696 10021
  1697 10021
  1698 10021
  1699 10021
  1700 10021
  1701 10021
  1702 10021
  1703 10021
  1704 10021
  1705 10021
  1706 10021
  1707 10021
  1708 10021
  1709 10021
  1710 10021
  1711 10021
  1712 10021
  1713 10021
  1714 10021
  1715 10021
  1716 10021
  1717 10021
  1718 10021
  1719 10021
  1720 10021
  1721 10021
  1722 10021
  1723 10021
  1724 10021
  1725 10021
  1726 10021
  1727 10021
  1728 10021
  1729 10021
  1730 10021
  1731 10021
  1732 10021
  1733 10021
  1734 10021
  1735 10021
  1736 10021
  1737 10021
  1738 10021
  1739 10021
  1740 10021
  1741 10021
  1742 10021
  1743 10021
  1744 10021
  1745 10021
  1746 10021
  1747 10021
  1748 10021
  1749 10021
  1750 10021
  1751 10021
  1752 10021
  1753 10021
  1754 10021
  1755 10021
  1756 10021
  1757 10021
  1758 10021
  1759 10021
  1760 10021
  1761 10021
  1762 10021
  1763 10021
  1764 10021
  1765 10021
  1766 10021
  1767 10021
  1768 10021
  1769 10021
  1770 10021
  1771 10021
  1772 10021
  1773 10021
  1774 10021
  1775 10021
  1776 10021
  1777 10021
  1778 10021
  1779 10021
  1780 10021
  1781 10021
  1782 10021
  1783 10021
  1784 10021
  1785 10021
  1786 10021
  1787 10021
  1788 10021
  1789 10021
  1790 10021
  1791 10021
  1792 10021
  1793 10021
  1794 10021
  1795 10021
  1796 10021
  1797 10021
  1798 10021
  1799 10021
  1800 10021
  1801 10021
  1802 10021
  1803 10021
  1804 10021
  1805 10021
  1806 10021
  1807 10021
  1808 10021
  1809 10021
  1810 10021
  1811 10021
  1812 10021
  1813 10021
  1814 10021
  1815 10021
  1816 10021
  1817 10021
  1818 10021
  1819 10021
  1820 10021
  1821 10021
  1822 10021
  1823 10021
  1824 10021
  1825 10021
  1826 10021
  1827 10021
  1828 10021
  1829 10021
  1830 10021
  1831 10021
  1832 10021
  1833 10021
  1834 10021
  1835 10021
  1836 10021
  1837 10021
  1838 10021
  1839 10021
  1840 10021
  1841 10021
  1842 10021
  1843 10021
  1844 10021
  1845 10021
  1846 10021
  1847 10021
  1848 10021
  1849 10021
  1850 10021
  1851 10021
  1852 10021
  1853 10021
  1854 10021
  1855 10021
  1856 10021
  1857 10082
  1858 10019
