   739 10125
   740 10125
   741 10125
   742 10125
   743 10125
   744 10125
   745 10125
   746 10104
   747 10104
   748 10104
   749 10104
   750 10125
   751 10125
   752 10125
   753 10125
   754 10125
   755 10125
   756 10125
   757 10125
   758 10125
   759 10125
   760 10125
   761 10125
   762 10125
   763 10125
   764 10125
   765 10125
   766 10125
   767 10125
   768 10125
   769 10125
   770 10125
   771 10125
   772 10125
   773 10125
   774 10125
   775 10104
   776 10104
   777 10112
   778 10112
   779 10146
   780 10146
   781 10146
   782 10146
   783 10146
   784 10146
   785 10146
   786 10146
   787 10146
   788 10146
   789 10146
   790 10146
   791 10146
   792 10146
   793 10146
   794 10146
   795 10146
   796 10146
   797 10146
   798 10146
   799 10146
   800 10146
   801 10146
   802 10146
   803 10146
   804 10146
   805 10146
   806 10146
   807 10146
   808 10146
   809 10146
   810 10146
   811 10146
   812 10146
   813 10146
   814 10146
   815 10146
   816 10146
   817 10146
   818 10146
   819 10146
   820 10146
   821 10146
   822 10146
   823 10146
   824 10146
   825 10146
   826 10146
   827 10146
   828 10146
   829 10146
   830 10146
   831 10146
   832 10146
   833 10146
   834 10146
   835 10146
   836 10146
   837 10146
   838 10146
   839 10146
   840 10146
   841 10146
   842 10146
   843 10146
   844 10146
   845 10146
   846 10146
   847 10146
   848 10146
   849 10146
   850 10146
   851 10146
   852 10146
   853 10146
   854 10146
   855 10146
   856 10146
   857 10146
   858 10146
   859 10146
   860 10146
   861 10146
   862 10146
   863 10146
   864 10146
   865 10146
   866 10146
   867 10146
   868 10146
   869 10146
   870 10146
   871 10146
   872 10146
   873 10146
   874 10146
   875 10146
   876 10146
   877 10146
   878 10146
   879 10146
   880 10146
   881 10146
   882 10146
   883 10146
   884 10146
   885 10146
   886 10146
   887 10146
   888 10146
   889 10146
   890 10146
   891 10146
   892 10146
   893 10146
   894 10146
   895 10146
   896 10146
   897 10146
   898 10146
   899 10146
   900 10146
   901 10146
   902 10146
   903 10146
   904 10146
   905 10146
   906 10146
   907 10146
   908 10146
   909 10146
   910 10146
   911 10146
   912 10146
   913 10146
   914 10146
   915 10146
   916 10146
   917 10146
   918 10146
   919 10146
   920 10146
   921 10146
   922 10146
   923 10146
   924 10146
   925 10146
   926 10146
   927 10146
   928 10146
   929 10146
   930 10146
   931 10146
   932 10146
   933 10146
   934 10146
   935 10146
   936 10146
   937 10146
   938 10146
   939 10146
   940 10146
   941 10146
   942 10146
   943 10146
   944 10146
   945 10146
   946 10146
   947 10146
   948 10146
   949 10146
   950 10146
   951 10146
   952 10146
   953 10146
   954 10146
   955 10146
   956 10146
   957 10146
   958 10146
   959 10146
   960 10146
   961 10146
   962 10146
   963 10146
   964 10146
   965 10146
   966 10146
   967 10146
   968 10146
   969 10146
   970 10146
   971 10146
   972 10146
   973 10146
   974 10146
   975 10146
   976 10146
   977 10146
   978 10146
   979 10146
   980 10146
   981 10146
   982 10146
   983 10146
   984 10146
   985 10146
   986 10146
   987 10146
   988 10146
   989 10146
   990 10146
   991 10146
   992 10146
   993 10146
   994 10146
   995 10146
  1008 10146
  1010 10146
  1012 10128
  1013 10128
  1014 10128
  1015 10101
  1016 10088
  1018 10076
  1019 10140
  1020 10140
  1021 10140
  1022 10140
  1023 10050
  1025 10128
  1026 10128
  1027 10007
  1028 10007
  1029 10007
  1030 10007
  1031 10007
  1032 10007
  1033 10007
  1034 10007
  1035 10007
  1036 10007
  1037 10007
  1038 10007
  1039 10007
  1040 10007
  1041 10007
  1042 10007
  1043 10007
  1044 10007
  1045 10007
  1046 10007
  1047 10007
  1048 10007
  1049 10007
  1050 10007
  1051 10007
  1052 10007
  1053 10007
  1054 10007
  1055 10007
  1056 10007
  1057 10007
  1058 10007
  1059 10007
  1060 10007
  1061 10007
  1062 10007
  1063 10007
  1064 10007
  1065 10007
  1066 10007
  1067 10007
  1068 10007
  1069 10007
  1070 10007
  1071 10007
  1072 10007
  1073 10007
  1074 10007
  1075 10007
  1076 10007
  1077 10007
  1078 10007
  1079 10007
  1080 10007
  1081 10007
  1082 10007
  1083 10007
  1084 10007
  1085 10007
  1086 10007
  1087 10007
  1088 10007
  1089 10007
  1090 10007
  1091 10007
  1092 10007
  1093 10007
  1094 10007
  1095 10007
  1096 10007
  1097 10007
  1098 10007
  1099 10007
  1100 10007
  1101 10007
  1102 10007
  1103 10007
  1104 10007
  1105 10007
  1106 10007
  1107 10007
  1108 10007
  1109 10007
  1110 10007
  1111 10007
  1112 10007
  1113 10007
  1114 10007
  1115 10007
  1116 10007
  1117 10007
  1118 10007
  1119 10007
  1120 10007
  1121 10007
  1122 10007
  1123 10007
  1124 10007
  1125 10007
  1126 10007
  1127 10007
  1128 10007
  1129 10007
  1130 10007
  1131 10007
  1132 10007
  1133 10007
  1134 10007
  1135 10007
  1136 10007
  1137 10007
  1138 10007
  1139 10007
  1140 10007
  1141 10007
  1142 10007
  1143 10007
  1144 10007
  1145 10007
  1146 10007
  1147 10007
  1148 10007
  1149 10007
  1150 10007
  1151 10007
  1152 10007
  1153 10007
  1154 10007
  1155 10007
  1156 10007
  1157 10007
  1158 10007
  1159 10007
  1160 10007
  1161 10007
  1162 10007
  1163 10007
  1164 10007
  1165 10007
  1166 10007
  1167 10007
  1168 10007
  1169 10007
  1170 10007
  1171 10007
  1172 10007
  1173 10007
  1174 10007
  1175 10007
  1176 10007
  1177 10007
  1178 10007
  1179 10007
  1180 10007
  1181 10007
  1182 10007
  1183 10007
  1184 10007
  1185 10007
  1186 10007
  1187 10007
  1188 10007
  1189 10007
  1190 10007
  1191 10007
  1192 10007
  1193 10007
  1194 10007
  1195 10007
  1196 10007
  1197 10007
  1198 10007
  1199 10007
  1200 10007
  1201 10007
  1202 10007
  1203 10007
  1204 10007
  1205 10007
  1206 10007
  1207 10007
  1208 10007
  1209 10007
  1210 10007
  1211 10007
  1212 10007
  1213 10007
  1214 10007
  1215 10007
  1216 10007
  1217 10007
  1218 10007
  1219 10007
  1220 10007
  1221 10007
  1222 10007
  1223 10007
  1224 10007
  1225 10007
  1226 10007
  1227 10007
  1228 10007
  1229 10007
  1230 10007
  1231 10007
  1232 10007
  1233 10007
  1234 10007
  1235 10007
  1236 10007
  1237 10007
  1238 10007
  1239 10007
  1240 10007
  1241 10007
  1242 10007
  1243 10007
  1244 10007
  1245 10007
  1246 10007
  1247 10007
  1248 10007
  1249 10007
  1250 10007
  1251 10007
  1252 10007
  1253 10007
  1254 10007
  1255 10007
  1256 10007
  1257 10007
  1258 10007
  1259 10007
  1260 10007
  1261 10007
  1262 10007
  1263 10007
  1264 10007
  1265 10007
  1266 10128
  1267 10128
  1268 10128
  1269 10101
  1270 10095
  1271 10101
  1272 10101
  1273 10101
  1274 10101
  1275 10055
  1276 10095
  1277 10095
  1278 10095
  1279 10095
  1280 10095
  1281 10095
  1282 10095
  1283 10095
  1284 10095
  1285 10095
  1286 10095
  1287 10095
  1288 10095
  1289 10095
  1290 10095
  1291 10095
  1292 10095
  1293 10095
  1294 10095
  1295 10095
  1296 10095
  1297 10095
  1298 10095
  1299 10095
  1300 10095
  1301 10095
  1302 10095
  1303 10095
  1304 10095
  1305 10095
  1306 10095
  1307 10095
  1308 10095
  1309 10095
  1310 10095
  1311 10095
  1312 10095
  1313 10095
  1314 10095
  1315 10095
  1316 10095
  1317 10095
  1318 10095
  1319 10095
  1320 10095
  1321 10095
  1322 10095
  1323 10095
  1324 10095
  1325 10095
  1326 10095
  1327 10095
  1328 10095
  1329 10095
  1330 10095
  1331 10095
  1332 10095
  1333 10095
  1334 10095
  1335 10095
  1336 10095
  1337 10095
  1338 10095
  1339 10095
  1340 10095
  1341 10095
  1342 10095
  1343 10095
  1344 10095
  1345 10095
  1346 10095
  1347 10095
  1348 10095
  1349 10095
  1350 10095
  1351 10095
  1352 10095
  1353 10095
  1354 10091
  1355 10091
  1356 10091
  1357 10091
  1358 10091
  1359 10091
  1360 10091
  1361 10091
  1362 10091
  1363 10091
  1364 10091
  1365 10091
  1366 10091
  1367 10091
  1368 10091
  1369 10091
  1370 10091
  1371 10091
  1372 10091
  1373 10091
  1374 10091
  1375 10091
  1376 10091
  1377 10091
  1378 10091
  1379 10091
  1380 10091
  1381 10091
  1382 10091
  1383 10091
  1384 10091
  1385 10091
  1386 10091
  1387 10091
  1388 10091
  1389 10091
  1390 10091
  1391 10091
  1392 10091
  1393 10078
  1394 10078
  1395 10078
  1396 10078
  1397 10018
  1398 10018
  1399 10055
  1400 10055
  1405 10091
  1406 10091
  1407 10091
  1408 10091
  1409 10091
  1410 10091
  1411 10091
  1412 10091
  1413 10091
  1414 10091
  1415 10091
  1416 10091
  1417 10091
  1418 10091
  1419 10091
  1420 10091
  1421 10091
  1422 10091
  1423 10091
  1424 10091
  1425 10091
  1426 10091
  1427 10091
  1428 10091
  1429 10091
  1430 10091
  1431 10091
  1432 10091
  1433 10091
  1434 10091
  1435 10091
  1436 10091
  1437 10091
  1438 10091
  1439 10091
  1440 10091
  1441 10091
  1442 10091
  1443 10091
  1444 10091
  1445 10091
  1446 10091
  1447 10091
  1448 10091
  1449 10091
  1450 10091
  1451 10091
  1452 10091
  1453 10091
  1454 10091
  1455 10091
  1456 10091
  1457 10091
  1458 10091
  1459 10091
  1460 10091
  1461 10091
  1462 10091
  1463 10091
  1464 10091
  1465 10091
  1466 10091
  1467 10091
  1468 10091
  1469 10091
  1470 10091
  1471 10091
  1472 10091
  1473 10091
  1474 10091
  1475 10091
  1476 10091
  1477 10091
  1478 10091
  1479 10091
  1480 10091
  1481 10091
  1482 10091
  1483 10091
  1484 10091
  1485 10091
  1486 10091
  1487 10091
  1488 10091
  1489 10091
  1490 10091
  1491 10091
  1492 10091
  1493 10091
  1494 10091
  1495 10091
  1496 10091
  1497 10091
  1498 10154
  1501 10101
  1502 10101
  1503 10101
  1505 10091
  1506 10091
  1507 10091
  1508 10091
  1509 10091
  1510 10091
  1511 10091
  1512 10091
  1513 10091
  1514 10091
  1515 10091
  1516 10091
  1517 10091
  1518 10091
  1519 10091
  1520 10091
  1521 10091
  1522 10091
  1523 10091
  1524 10091
  1525 10091
  1526 10091
  1527 10091
  1528 10091
  1529 10091
  1530 10091
  1531 10091
  1532 10091
  1533 10091
  1534 10091
  1535 10091
  1536 10091
  1537 10091
  1538 10091
  1539 10091
  1540 10091
  1541 10091
  1542 10091
  1543 10091
  1544 10091
  1545 10091
  1546 10091
  1547 10043
  1548 10043
  1549 10043
  1550 10043
  1551 10091
  1554 10101
  1555 10101
  1556 10055
  1557 10055
  1558 10055
  1559 10055
  1560 10055
  1561 10055
  1562 10018
  1563 10018
  1564 10018
  1565 10055
  1566 10018
  1567 10055
  1568 10018
  1569 10018
  1570 10018
  1571 10018
  1572 10018
  1573 10055
  1574 10055
  1575 10055
  1576 10055
  1577 10055
  1578 10055
  1579 10055
  1580 10055
  1581 10055
  1582 10055
  1583 10055
  1588 10130
  1589 10115
  1590 10016
  1591 10016
  1592 10143
  1593 10016
  1594 10016
  1595 10016
  1596 10016
  1598 10076
  1599 10101
  1600 10101
  1601 10101
  1602 10101
  1603 10101
  1610 10163
  1611 10163
  1612 10163
  1613 10163
  1616 10101
  1617 10101
  1618 10101
  1619 10138
  1620 10138
  1632 10131
  1636 10125
  1637 10146
  1638 10146
  1639 10146
  1640 10146
  1641 10094
  1647 10101
  1648 10101
  1649 10101
  1651 10141
  1652 10141
  1656 10141
  1657 10141
  1660 10101
  1661 10101
  1662 10101
  1663 10050
  1664 10050
  1667 10101
  1668 10101
  1669 10101
  1670 10101
  1671 10101
  1672 10101
  1673 10101
  1674 10141
  1675 10141
  1676 10141
  1677 10141
  1678 10141
  1679 10141
  1680 10141
  1681 10141
  1682 10101
  1683 10101
  1684 10101
  1685 10101
  1686 10101
  1687 10050
  1688 10101
  1689 10101
  1690 10101
  1691 10050
  1692 10050
  1693 10050
  1694 10050
  1695 10050
  1696 10050
  1697 10050
  1698 10141
  1699 10141
  1700 10141
  1701 10141
  1702 10050
  1703 10050
  1704 10050
  1705 10050
  1706 10050
  1707 10050
  1708 10050
  1709 10050
  1710 10050
  1711 10050
  1712 10050
  1713 10050
  1714 10050
  1715 10050
  1716 10050
  1717 10050
  1718 10050
  1719 10050
  1720 10050
  1721 10050
  1722 10050
  1723 10050
  1724 10050
  1725 10050
  1726 10141
  1727 10050
  1728 10050
  1729 10050
  1730 10050
  1731 10050
  1732 10050
  1733 10050
  1734 10050
  1735 10050
  1736 10050
  1737 10050
  1738 10050
  1739 10050
  1740 10050
  1741 10141
  1742 10141
  1743 10141
  1744 10141
  1745 10050
  1746 10050
  1747 10050
  1748 10050
  1749 10050
  1750 10050
  1751 10050
  1752 10050
  1753 10141
  1757 10050
  1758 10050
  1759 10050
  1760 10050
  1761 10050
  1762 10141
  1763 10141
  1764 10141
  1765 10141
  1767 10141
  1768 10141
  1769 10141
  1770 10141
  1771 10141
  1772 10141
  1773 10141
  1774 10141
  1775 10050
  1776 10050
  1777 10141
  1778 10141
  1779 10061
  1780 10141
  1781 10050
  1782 10067
  1783 10050
  1784 10141
  1785 10050
  1786 10050
  1787 10050
  1788 10050
  1789 10050
  1790 10101
  1791 10141
  1792 10141
  1793 10141
  1794 10141
  1795 10141
  1796 10141
  1797 10141
  1798 10141
  1799 10141
  1800 10141
  1801 10141
  1802 10141
  1803 10101
  1804 10141
  1805 10141
  1806 10141
  1807 10141
  1808 10141
  1809 10141
  1810 10083
  1811 10141
  1812 10141
  1813 10141
  1814 10141
  1815 10141
  1816 10141
  1817 10141
  1818 10141
  1819 10141
  1820 10141
  1821 10141
  1822 10141
  1823 10141
  1824 10141
  1825 10050
  1826 10050
  1827 10050
  1828 10101
  1829 10101
  1830 10101
  1831 10141
  1832 10050
  1833 10088
  1834 10050
  1835 10050
  1836 10050
  1837 10050
  1838 10050
  1839 10050
  1840 10101
  1841 10141
  1842 10141
  1843 10071
  1844 10071
  1845 10071
  1846 10071
  1847 10071
  1848 10086
  1849 10071
  1850 10090
  1851 10039
  1852 10039
  1853 10039
  1854 10039
  1855 10002
  1856 10152
  1857 10039
  1858 10039
  1859 10039
  1861 10039
  1862 10039
  1863 10039
  1864 10039
  1865 10039
  1866 10039
  1867 10039
  1868 10039
  1869 10039
  1870 10039
  1871 10039
  1872 10039
  1873 10039
  1874 10039
  1875 10039
  1876 10039
  1877 10039
  1878 10039
  1879 10039
  1880 10039
  1881 10039
  1882 10039
  1883 10039
  1884 10039
  1885 10039
  1886 10039
  1887 10039
  1888 10039
  1889 10039
  1890 10039
  1891 10039
  1892 10039
  1893 10039
  1894 10039
  1895 10039
  1896 10039
  1897 10039
  1898 10039
  1899 10039
  1900 10039
  1901 10039
  1902 10039
  1903 10039
  1904 10039
  1905 10039
  1906 10039
  1907 10039
  1908 10039
  1909 10039
  1910 10039
  1911 10039
  1912 10039
  1913 10039
  1914 10039
  1915 10039
  1916 10039
  1917 10039
  1918 10039
  1919 10039
  1920 10039
  1921 10039
  1922 10039
  1923 10039
  1924 10039
  1925 10039
  1926 10039
  1927 10039
  1928 10039
  1929 10039
  1930 10039
  1931 10039
  1932 10039
  1933 10039
  1934 10039
  1935 10039
  1936 10039
  1937 10039
  1938 10039
  1939 10039
  1940 10039
  1941 10039
  1942 10039
  1943 10039
  1944 10039
  1945 10039
  1946 10039
  1947 10039
  1948 10039
  1949 10039
  1950 10039
  1951 10039
  1952 10039
  1953 10039
  1954 10039
  1955 10039
  1956 10039
  1957 10039
  1958 10039
  1959 10039
  1960 10039
  1961 10039
  1962 10039
  1963 10039
  1964 10039
  1965 10039
  1966 10039
  1967 10039
  1968 10039
  1969 10039
  1970 10039
  1971 10039
  1972 10039
  1973 10039
  1974 10039
  1975 10039
  1976 10039
  1977 10039
  1978 10039
  1979 10039
  1980 10039
  1981 10039
  1982 10039
  1983 10039
  1984 10039
  1985 10039
  1986 10039
  1987 10039
  1988 10039
  1989 10039
  1990 10039
  1991 10039
  1992 10039
  1993 10039
  1994 10039
  1995 10039
  1996 10039
  1997 10039
  1998 10039
  1999 10039
  2000 10039
  2001 10039
  2002 10039
  2003 10039
  2004 10039
  2005 10039
  2006 10039
  2007 10039
  2008 10039
  2009 10039
  2010 10039
  2011 10039
  2012 10039
  2013 10039
  2014 10039
  2015 10039
  2016 10039
  2017 10039
  2018 10039
  2019 10039
  2020 10039
  2021 10039
  2022 10039
  2023 10039
  2024 10039
  2025 10039
  2026 10039
  2027 10039
  2028 10039
  2029 10039
  2030 10039
  2031 10039
  2032 10039
  2033 10039
  2034 10039
  2035 10039
  2036 10039
  2037 10039
  2038 10039
  2039 10039
  2040 10039
  2041 10039
  2042 10039
  2043 10039
  2044 10039
  2045 10090
  2046 10090
  2047 10039
  2048 10039
  2049 10039
  2050 10039
  2051 10039
  2052 10090
  2058 10125
  2059 10125
  2060 10125
  2061 10125
  2062 10125
  2063 10125
