   715 10120
   716 10120
   717 10120
   718 10120
   719 10120
   720 10120
   721 10120
   722 10120
   723 10120
   724 10120
   725 10120
   726 10120
   727 10120
   728 10120
   729 10120
   730 10120
   731 10120
   732 10120
   733 10120
   734 10120
   735 10120
   736 10120
   737 10120
   738 10120
   739 10120
   740 10120
   741 10120
   742 10120
   743 10120
   744 10120
   745 10120
   746 10120
   747 10120
   748 10120
   749 10120
   750 10120
   751 10120
   752 10120
   753 10120
   754 10120
   755 10120
   756 10120
   757 10120
   758 10120
   759 10120
   760 10120
   761 10120
   762 10120
   763 10120
   764 10120
   765 10120
   766 10120
   767 10120
   768 10120
   769 10120
   770 10120
   771 10120
   772 10120
   773 10120
   774 10120
   775 10120
   776 10120
   777 10120
   778 10120
   779 10120
   780 10120
   781 10120
   782 10120
   783 10120
   784 10075
   785 10075
   786 10075
   787 10075
   788 10075
   789 10075
   790 10075
   791 10075
   792 10075
   793 10075
   794 10075
   795 10075
   796 10075
   797 10075
   798 10075
   799 10075
   800 10075
   801 10075
   802 10075
   803 10075
   804 10075
   805 10075
   806 10075
   807 10075
   808 10075
   809 10075
   810 10075
   811 10075
   812 10075
   813 10075
   814 10075
   815 10075
   816 10075
   817 10075
   818 10075
   819 10075
   820 10075
   821 10075
   822 10075
   823 10075
   824 10075
   825 10075
   826 10075
   827 10075
   828 10075
   829 10075
   830 10075
   831 10075
   832 10075
   833 10075
   834 10075
   835 10075
   836 10075
   837 10075
   838 10075
   839 10075
   840 10075
   841 10075
   842 10075
   843 10075
   844 10075
   845 10075
   846 10075
   847 10075
   848 10075
   849 10075
   850 10075
   851 10075
   852 10075
   853 10075
   854 10075
   855 10075
   856 10075
   857 10075
   858 10075
   859 10075
   860 10075
   861 10075
   862 10075
   863 10075
   864 10075
   865 10075
   866 10075
   867 10075
   868 10075
   869 10075
   870 10075
   871 10075
   872 10075
   873 10075
   874 10075
   875 10075
   876 10075
   877 10075
   878 10075
   879 10075
   880 10075
   881 10075
   882 10075
   883 10075
   884 10075
   885 10075
   886 10075
   887 10075
   888 10075
   889 10075
   890 10075
   891 10075
   892 10075
   893 10075
   894 10075
   895 10075
   896 10075
   897 10075
   898 10075
   899 10075
   900 10075
   901 10075
   902 10075
   903 10075
   904 10075
   905 10075
   906 10075
   907 10075
   908 10075
   909 10075
   910 10075
   911 10075
   912 10075
   913 10075
   914 10075
   915 10075
   916 10075
   917 10075
   918 10075
   919 10075
   920 10075
   921 10075
   922 10075
   923 10075
   924 10075
   925 10075
   926 10075
   927 10075
   928 10075
   929 10075
   930 10075
   931 10075
   932 10075
   933 10075
   934 10075
   935 10075
   936 10075
   937 10075
   938 10075
   939 10075
   940 10075
   941 10075
   942 10075
   943 10075
   944 10075
   945 10075
   946 10075
   947 10075
   948 10075
   949 10075
   950 10075
   951 10075
   952 10075
   953 10075
   954 10075
   955 10075
   956 10075
   957 10075
   958 10075
   959 10075
   960 10075
   961 10075
   962 10075
   963 10075
   964 10075
   965 10075
   966 10075
   967 10075
   968 10075
   969 10075
   970 10075
   971 10075
   972 10075
   973 10075
   974 10075
   975 10075
   976 10075
   977 10075
   978 10075
   979 10075
   980 10075
   981 10075
   982 10075
   983 10075
   984 10075
   985 10075
   986 10075
   987 10075
   988 10075
   989 10075
   990 10075
   991 10075
   992 10075
   993 10075
   994 10075
   995 10075
   996 10075
   997 10075
   998 10075
   999 10075
  1000 10075
  1001 10075
  1002 10075
  1003 10075
  1004 10075
  1005 10075
  1006 10075
  1007 10075
  1008 10075
  1009 10075
  1010 10075
  1011 10075
  1012 10075
  1013 10075
  1014 10075
  1015 10143
  1016 10143
  1017 10143
  1022 10021
  1023 10021
  1025 10021
  1026 10019
  1027 10019
  1028 10019
  1029 10021
  1030 10021
  1031 10021
  1032 10021
  1033 10021
  1034 10021
  1035 10021
  1036 10021
  1037 10021
  1038 10021
  1039 10021
  1040 10021
  1041 10021
  1042 10021
  1043 10021
  1044 10021
  1045 10021
  1046 10021
  1047 10021
  1048 10021
  1049 10021
  1050 10021
  1051 10021
  1052 10021
  1053 10021
  1054 10021
  1055 10021
  1056 10021
  1057 10021
  1058 10021
  1059 10021
  1060 10021
  1061 10021
  1062 10021
  1063 10021
  1064 10021
  1065 10021
  1066 10021
  1067 10021
  1068 10021
  1069 10021
  1070 10021
  1071 10021
  1072 10021
  1073 10021
  1074 10021
  1075 10021
  1076 10021
  1077 10021
  1078 10021
  1079 10021
  1080 10021
  1081 10021
  1082 10021
  1083 10021
  1084 10021
  1085 10021
  1086 10021
  1087 10021
  1088 10021
  1089 10021
  1090 10021
  1091 10021
  1092 10021
  1093 10021
  1094 10021
  1095 10021
  1096 10021
  1097 10021
  1098 10021
  1099 10021
  1100 10021
  1101 10021
  1102 10021
  1103 10021
  1104 10021
  1105 10021
  1106 10021
  1107 10021
  1108 10021
  1109 10021
  1110 10021
  1111 10021
  1112 10021
  1113 10021
  1114 10021
  1115 10021
  1116 10021
  1117 10021
  1118 10021
  1119 10021
  1120 10021
  1121 10021
  1122 10021
  1123 10021
  1124 10021
  1125 10021
  1126 10021
  1127 10021
  1128 10021
  1129 10021
  1130 10021
  1131 10021
  1132 10021
  1133 10021
  1134 10021
  1135 10021
  1136 10021
  1137 10021
  1138 10021
  1139 10021
  1140 10021
  1141 10021
  1142 10021
  1143 10021
  1144 10021
  1145 10021
  1146 10021
  1147 10021
  1148 10021
  1149 10021
  1150 10021
  1151 10021
  1152 10021
  1153 10021
  1154 10021
  1155 10021
  1156 10021
  1157 10021
  1158 10021
  1159 10021
  1160 10021
  1161 10021
  1162 10021
  1163 10021
  1164 10021
  1165 10021
  1166 10021
  1167 10021
  1168 10021
  1169 10021
  1170 10021
  1171 10021
  1172 10021
  1173 10021
  1174 10021
  1175 10021
  1176 10021
  1177 10021
  1178 10021
  1179 10021
  1180 10021
  1181 10021
  1182 10021
  1183 10021
  1184 10021
  1185 10021
  1186 10021
  1187 10021
  1188 10021
  1189 10021
  1190 10021
  1191 10021
  1192 10021
  1193 10021
  1194 10021
  1195 10021
  1196 10021
  1197 10021
  1198 10021
  1199 10021
  1200 10021
  1201 10021
  1202 10021
  1203 10021
  1204 10021
  1205 10021
  1206 10021
  1207 10021
  1208 10021
  1209 10021
  1210 10021
  1211 10021
  1212 10021
  1213 10021
  1214 10021
  1215 10021
  1216 10021
  1217 10021
  1218 10021
  1219 10021
  1220 10021
  1221 10021
  1222 10021
  1223 10021
  1224 10021
  1225 10021
  1226 10021
  1227 10021
  1228 10021
  1229 10021
  1230 10021
  1231 10021
  1232 10021
  1233 10021
  1234 10021
  1235 10021
  1236 10021
  1237 10021
  1238 10021
  1239 10021
  1240 10021
  1241 10021
  1242 10021
  1243 10021
  1244 10021
  1245 10021
  1246 10021
  1247 10021
  1248 10021
  1249 10021
  1250 10021
  1251 10021
  1252 10021
  1253 10021
  1254 10019
  1255 10019
  1256 10021
  1257 10019
  1259 10101
  1260 10101
  1261 10101
  1262 10101
  1263 10065
  1264 10065
  1265 10065
  1266 10065
  1267 10065
  1268 10065
  1269 10065
  1270 10065
  1271 10065
  1272 10065
  1273 10065
  1274 10065
  1275 10065
  1276 10065
  1277 10065
  1278 10065
  1279 10065
  1280 10065
  1281 10065
  1282 10065
  1283 10065
  1284 10065
  1285 10065
  1286 10065
  1287 10065
  1288 10065
  1289 10065
  1290 10065
  1291 10065
  1292 10065
  1293 10065
  1294 10065
  1295 10065
  1296 10065
  1297 10065
  1298 10065
  1299 10065
  1300 10065
  1301 10050
  1302 10050
  1303 10050
  1304 10050
  1305 10050
  1306 10050
  1307 10050
  1308 10050
  1309 10050
  1310 10050
  1311 10050
  1312 10065
  1313 10065
  1314 10050
  1315 10050
  1316 10050
  1317 10050
  1318 10050
  1319 10050
  1320 10050
  1321 10050
  1322 10065
  1323 10065
  1324 10065
  1325 10065
  1326 10065
  1327 10065
  1328 10050
  1329 10050
  1330 10050
  1331 10050
  1332 10050
  1333 10050
  1334 10050
  1335 10050
  1336 10050
  1337 10065
  1338 10050
  1339 10050
  1340 10050
  1341 10050
  1342 10050
  1343 10050
  1344 10050
  1345 10050
  1346 10065
  1347 10050
  1348 10050
  1349 10050
  1350 10065
  1351 10065
  1352 10065
  1353 10065
  1354 10065
  1355 10065
  1356 10065
  1357 10065
  1358 10065
  1359 10065
  1360 10065
  1361 10065
  1362 10065
  1363 10065
  1364 10065
  1365 10065
  1366 10065
  1367 10065
  1368 10065
  1369 10065
  1370 10065
  1371 10065
  1372 10065
  1373 10065
  1374 10065
  1375 10065
  1376 10065
  1377 10065
  1378 10065
  1379 10065
  1380 10065
  1381 10050
  1382 10065
  1383 10065
  1384 10065
  1385 10065
  1386 10065
  1387 10065
  1388 10065
  1389 10065
  1390 10065
  1391 10065
  1392 10065
  1393 10065
  1394 10065
  1395 10065
  1396 10065
  1397 10065
  1398 10065
  1399 10065
  1400 10065
  1401 10065
  1402 10065
  1403 10050
  1404 10065
  1405 10050
  1406 10050
  1407 10065
  1408 10065
  1409 10065
  1410 10065
  1411 10065
  1412 10065
  1413 10065
  1414 10065
  1415 10065
  1416 10050
  1417 10050
  1418 10050
  1419 10050
  1420 10065
  1421 10065
  1422 10065
  1423 10065
  1424 10065
  1425 10065
  1426 10065
  1427 10065
  1428 10065
  1429 10065
  1430 10065
  1431 10065
  1432 10065
  1433 10065
  1434 10065
  1435 10065
  1436 10065
  1437 10065
  1438 10065
  1439 10065
  1440 10065
  1441 10065
  1442 10065
  1443 10065
  1444 10065
  1445 10065
  1446 10050
  1447 10050
  1448 10050
  1449 10050
  1450 10050
  1451 10050
  1452 10065
  1453 10065
  1454 10065
  1455 10065
  1456 10065
  1457 10065
  1458 10065
  1459 10065
  1460 10050
  1461 10065
  1462 10065
  1463 10065
  1464 10065
  1465 10065
  1466 10065
  1467 10065
  1468 10065
  1469 10065
  1470 10065
  1471 10065
  1472 10065
  1473 10065
  1474 10065
  1475 10065
  1476 10065
  1477 10065
  1478 10065
  1479 10065
  1480 10065
  1481 10065
  1482 10065
  1483 10065
  1484 10065
  1485 10065
  1486 10065
  1487 10065
  1488 10065
  1489 10065
  1490 10065
  1491 10065
  1492 10065
  1493 10065
  1494 10065
  1495 10065
  1496 10065
  1497 10065
  1500 10154
  1501 10154
  1502 10014
  1503 10014
  1504 10014
  1505 10014
  1506 10036
  1507 10076
  1508 10076
  1509 10018
  1510 10018
  1511 10158
  1512 10158
  1513 10158
  1514 10158
  1515 10158
  1516 10023
  1517 10158
  1518 10018
  1519 10055
  1520 10055
  1521 10055
  1522 10055
  1523 10055
  1524 10055
  1525 10055
  1526 10055
  1527 10055
  1528 10055
  1529 10055
  1530 10055
  1531 10055
  1532 10055
  1533 10055
  1534 10018
  1535 10018
  1536 10018
  1537 10055
  1538 10018
  1539 10076
  1540 10055
  1542 10141
  1543 10141
  1544 10101
  1545 10101
  1546 10101
  1547 10101
  1548 10080
  1549 10080
  1550 10071
  1551 10071
  1552 10149
  1553 10149
  1554 10149
  1555 10149
  1556 10149
  1557 10149
  1558 10149
  1559 10149
  1560 10149
  1561 10149
  1562 10149
  1563 10149
  1564 10149
  1565 10071
  1566 10071
  1567 10071
  1568 10149
  1569 10149
  1570 10149
  1571 10149
  1572 10149
  1573 10149
  1574 10071
  1575 10071
  1576 10071
  1577 10071
  1578 10071
  1579 10071
  1580 10149
  1581 10149
  1582 10071
  1583 10071
  1584 10071
  1585 10149
  1586 10149
  1587 10149
  1588 10149
  1589 10149
  1590 10149
  1591 10149
  1592 10071
  1593 10149
  1594 10149
  1595 10071
  1596 10149
  1597 10149
  1598 10149
  1599 10149
  1600 10149
  1601 10149
  1602 10149
  1603 10149
  1604 10149
  1605 10071
  1606 10149
  1607 10071
  1608 10149
  1609 10149
  1610 10149
  1611 10149
  1612 10149
  1613 10149
  1614 10149
  1615 10149
  1616 10149
  1617 10071
  1618 10071
  1619 10071
  1620 10067
  1621 10163
  1622 10163
  1623 10128
  1624 10128
  1625 10128
  1626 10128
  1627 10128
  1628 10128
  1629 10128
  1630 10128
  1631 10128
  1632 10128
  1633 10128
  1634 10128
  1635 10128
  1636 10128
  1637 10128
  1638 10128
  1639 10128
  1640 10128
  1641 10128
  1642 10128
  1643 10128
  1644 10128
  1645 10128
  1646 10128
  1647 10128
  1648 10128
  1649 10128
  1650 10128
  1651 10128
  1652 10128
  1653 10128
  1654 10128
  1655 10128
  1656 10128
  1657 10128
  1658 10128
  1659 10128
  1660 10128
  1661 10128
  1662 10128
  1663 10128
  1664 10128
  1665 10128
  1666 10128
  1667 10128
  1668 10128
  1669 10128
  1670 10128
  1671 10128
  1672 10128
  1673 10128
  1674 10128
  1675 10128
  1676 10128
  1677 10128
  1678 10128
  1679 10128
  1680 10128
  1681 10128
  1682 10128
  1683 10128
  1684 10128
  1685 10128
  1686 10128
  1687 10128
  1688 10128
  1689 10128
  1690 10128
  1691 10128
  1692 10128
  1693 10128
  1694 10128
  1695 10128
  1696 10128
  1697 10128
  1698 10128
  1699 10128
  1700 10128
  1701 10128
  1702 10128
  1703 10128
  1704 10128
  1705 10128
  1706 10128
  1707 10128
  1708 10128
  1709 10128
  1710 10128
  1711 10128
  1712 10128
  1713 10128
  1714 10128
  1715 10128
  1716 10128
  1717 10128
  1718 10128
  1719 10128
  1720 10128
  1721 10128
  1722 10128
  1723 10128
  1724 10128
  1725 10128
  1726 10128
  1727 10128
  1728 10128
  1729 10128
  1730 10128
  1731 10128
  1732 10128
  1733 10128
  1734 10128
  1735 10128
  1736 10128
  1737 10128
  1738 10128
  1739 10128
  1740 10128
  1741 10128
  1742 10128
  1743 10128
  1744 10128
  1745 10128
  1746 10128
  1747 10128
  1748 10128
  1749 10128
  1750 10128
  1751 10128
  1752 10128
  1753 10128
  1754 10128
  1755 10128
  1756 10128
  1757 10128
  1758 10128
  1759 10128
  1760 10128
  1761 10128
  1762 10128
  1763 10128
  1764 10128
  1765 10128
  1766 10128
  1767 10128
  1768 10128
  1769 10128
  1770 10128
  1771 10128
  1772 10128
  1773 10128
  1774 10128
  1775 10128
  1776 10128
  1777 10128
  1778 10128
  1779 10128
  1780 10128
  1781 10128
  1782 10128
  1783 10128
  1784 10128
  1785 10128
  1786 10128
  1787 10128
  1788 10128
  1789 10128
  1790 10128
  1791 10128
  1792 10128
  1793 10128
  1794 10128
  1795 10128
  1796 10128
  1797 10128
  1798 10128
  1799 10128
  1800 10128
  1801 10128
  1802 10128
  1803 10128
  1804 10128
  1805 10128
  1806 10128
  1807 10128
  1808 10128
  1809 10128
  1810 10128
  1811 10128
  1812 10128
  1813 10128
  1814 10128
  1815 10128
  1816 10128
  1817 10128
  1818 10128
  1819 10128
  1820 10128
  1821 10128
  1822 10128
  1823 10128
  1824 10128
  1825 10128
  1826 10128
  1827 10128
  1828 10128
  1829 10128
  1830 10128
  1831 10128
  1832 10128
  1833 10128
  1834 10128
  1835 10128
  1836 10128
  1837 10128
  1838 10128
  1839 10128
  1840 10128
  1841 10128
  1842 10128
  1843 10128
  1844 10128
  1845 10128
  1846 10128
  1847 10128
  1848 10128
  1849 10128
  1850 10128
  1851 10128
  1852 10128
  1853 10128
  1854 10128
  1855 10128
  1856 10128
  1857 10128
  1858 10128
  1859 10128
  1860 10128
  1861 10128
  1862 10128
  1863 10128
  1864 10128
  1865 10146
  1866 10138
  1869 10146
  1870 10146
  1871 10146
  1872 10146
  1873 10146
  1874 10146
  1875 10146
  1876 10146
  1877 10146
  1878 10146
  1879 10146
  1880 10146
  1881 10146
  1882 10146
  1883 10146
  1884 10146
  1885 10146
  1886 10146
  1887 10146
  1888 10146
  1889 10146
  1890 10146
  1891 10146
  1892 10146
  1893 10146
  1894 10146
  1895 10146
  1896 10146
  1897 10146
  1898 10146
  1899 10146
  1900 10146
  1901 10146
  1902 10146
  1903 10146
  1904 10146
  1905 10146
  1906 10146
  1907 10146
  1908 10146
  1909 10146
  1910 10146
  1911 10146
  1912 10146
  1913 10146
  1914 10146
  1915 10146
  1916 10146
  1917 10146
  1918 10146
  1919 10146
  1920 10146
  1921 10146
  1922 10146
  1923 10146
  1924 10146
  1925 10146
  1926 10146
  1927 10146
  1928 10146
  1929 10146
  1930 10146
  1931 10146
  1932 10146
  1933 10146
  1934 10146
  1935 10146
  1936 10146
  1937 10146
  1938 10146
  1939 10146
  1940 10146
  1941 10146
  1942 10146
  1943 10146
  1944 10146
  1945 10146
  1946 10146
  1947 10146
  1948 10146
  1949 10146
  1950 10146
  1951 10146
  1952 10146
  1953 10146
  1954 10146
  1955 10146
  1956 10146
  1957 10146
  1958 10146
  1959 10146
  1960 10146
  1961 10146
  1962 10146
  1963 10146
  1964 10146
  1965 10146
  1966 10146
  1967 10146
  1968 10146
  1969 10146
  1970 10146
  1971 10146
  1972 10146
  1973 10146
  1974 10146
  1975 10146
  1976 10146
  1977 10146
  1978 10146
  1979 10146
  1980 10146
  1981 10146
  1982 10146
  1983 10146
  1984 10146
  1985 10146
  1986 10146
  1987 10146
  1988 10146
  1989 10146
  1990 10146
  1991 10146
  1992 10146
  1993 10146
  1994 10146
  1995 10146
  1998 10120
