   616 10021
   617 10021
   618 10021
   619 10021
   620 10021
   621 10021
   622 10021
   623 10021
   624 10021
   625 10021
   626 10021
   627 10021
   628 10021
   629 10021
   630 10021
   631 10021
   632 10021
   633 10021
   634 10082
   635 10082
   636 10045
   637 10045
   638 10045
   639 10045
   640 10021
   641 10021
   647 10082
   648 10082
   649 10021
   650 10082
   651 10082
   652 10082
   653 10082
   654 10082
   655 10082
   656 10082
   657 10082
   658 10021
   660 10082
   661 10082
   662 10082
   663 10045
   664 10045
   665 10021
   666 10021
   667 10021
   668 10021
   669 10021
   670 10045
   671 10045
   672 10045
   673 10045
   674 10082
   675 10082
   676 10082
   677 10082
   678 10082
   679 10082
   682 10021
   683 10021
   684 10021
   685 10021
   686 10021
   687 10082
   688 10045
   689 10045
   690 10021
   691 10021
   692 10021
   693 10021
   694 10075
   695 10169
   696 10075
   697 10075
   701 10021
   702 10021
   703 10066
   704 10066
   705 10066
   706 10082
   707 10082
   708 10021
   709 10021
   710 10021
   711 10021
   712 10021
   713 10082
   714 10082
   715 10021
   716 10021
   717 10021
   718 10021
   719 10021
   720 10021
   721 10021
   722 10021
   723 10021
   724 10021
   725 10021
   726 10021
   727 10021
   728 10021
   729 10021
   730 10021
   731 10021
   732 10021
   733 10021
   734 10021
   735 10021
   736 10021
   737 10021
   738 10021
   739 10021
   740 10021
   741 10021
   742 10021
   743 10021
   744 10021
   745 10021
   746 10045
   747 10021
   748 10021
   749 10021
   750 10021
   751 10021
   752 10021
   753 10021
   754 10045
   755 10045
   756 10021
   757 10021
   758 10021
   759 10021
   760 10045
   761 10045
   762 10045
   763 10045
   764 10045
   765 10082
   766 10082
   767 10021
   768 10021
   769 10082
   770 10045
   771 10045
   772 10045
   773 10045
   774 10045
   775 10021
   776 10021
   777 10082
   778 10082
   779 10082
   780 10021
   781 10019
   784 10101
   788 10005
   790 10005
   791 10005
   792 10005
   793 10005
   794 10005
   795 10005
   796 10005
   797 10005
   798 10005
   799 10005
   800 10005
   801 10005
   802 10005
   803 10005
   804 10005
   805 10005
   806 10005
   807 10005
   808 10005
   809 10005
   810 10005
   811 10005
   812 10005
   813 10005
   814 10005
   815 10005
   816 10005
   817 10005
   818 10005
   819 10005
   820 10005
   821 10005
   822 10005
   823 10005
   824 10005
   825 10005
   826 10005
   827 10005
   828 10005
   829 10005
   830 10005
   831 10005
   832 10005
   833 10005
   834 10005
   835 10005
   836 10005
   837 10005
   838 10005
   839 10005
   840 10005
   841 10005
   842 10005
   843 10005
   844 10005
   845 10005
   846 10005
   847 10005
   848 10005
   849 10005
   850 10005
   851 10005
   852 10005
   853 10005
   854 10005
   855 10005
   856 10005
   857 10005
   858 10005
   859 10005
   860 10005
   861 10005
   862 10005
   863 10005
   864 10005
   865 10005
   866 10005
   867 10005
   868 10005
   869 10005
   870 10005
   871 10005
   872 10005
   873 10005
   874 10005
   875 10005
   876 10005
   877 10005
   878 10005
   879 10005
   880 10005
   881 10005
   882 10005
   883 10005
   884 10005
   885 10005
   886 10005
   887 10005
   888 10005
   889 10005
   890 10005
   891 10005
   892 10005
   893 10005
   894 10005
   895 10005
   896 10005
   897 10005
   898 10005
   899 10005
   900 10005
   901 10005
   902 10005
   903 10005
   904 10005
   905 10005
   906 10005
   907 10005
   908 10005
   909 10005
   910 10005
   911 10005
   912 10005
   913 10005
   914 10005
   915 10005
   916 10005
   917 10005
   918 10005
   919 10005
   920 10005
   921 10005
   922 10005
   923 10005
   924 10005
   925 10005
   926 10005
   927 10005
   928 10005
   929 10005
   930 10005
   931 10005
   932 10005
   933 10005
   934 10005
   935 10005
   936 10005
   937 10005
   938 10005
   939 10005
   940 10005
   941 10005
   942 10005
   943 10005
   944 10005
   945 10005
   946 10005
   947 10005
   948 10005
   949 10005
   950 10005
   951 10005
   952 10005
   953 10005
   954 10005
   955 10005
   956 10005
   957 10005
   958 10005
   959 10005
   960 10005
   961 10005
   962 10005
   963 10005
   964 10005
   965 10005
   966 10005
   967 10005
   968 10005
   969 10005
   970 10005
   971 10005
   972 10005
   973 10005
   974 10005
   975 10005
   976 10005
   977 10005
   978 10005
   979 10005
   980 10005
   981 10005
   982 10005
   983 10005
   984 10005
   985 10005
   986 10005
   987 10005
   988 10005
   989 10005
   990 10005
   991 10005
   992 10005
   993 10005
   994 10005
   995 10005
   996 10005
   997 10005
   998 10005
   999 10005
  1000 10005
  1001 10005
  1002 10005
  1003 10005
  1004 10005
  1005 10005
  1006 10005
  1007 10005
  1008 10005
  1009 10005
  1010 10005
  1011 10005
  1012 10005
  1013 10005
  1014 10005
  1015 10005
  1016 10005
  1017 10005
  1018 10005
  1019 10005
  1020 10120
  1021 10120
  1026 10162
  1027 10162
  1028 10162
  1029 10162
  1030 10162
  1031 10162
  1032 10162
  1033 10162
  1034 10162
  1035 10162
  1036 10162
  1037 10162
  1038 10162
  1039 10162
  1040 10162
  1041 10162
  1042 10162
  1043 10162
  1044 10162
  1045 10162
  1046 10162
  1047 10162
  1048 10162
  1049 10162
  1050 10162
  1051 10162
  1052 10162
  1053 10162
  1054 10162
  1055 10162
  1056 10162
  1057 10162
  1058 10162
  1059 10162
  1060 10162
  1061 10162
  1062 10162
  1063 10162
  1064 10162
  1065 10162
  1066 10162
  1067 10162
  1068 10162
  1069 10162
  1070 10162
  1071 10162
  1072 10162
  1073 10162
  1074 10162
  1075 10162
  1076 10162
  1077 10162
  1078 10162
  1079 10162
  1080 10162
  1081 10162
  1082 10162
  1083 10162
  1084 10162
  1085 10162
  1086 10162
  1087 10162
  1088 10162
  1089 10162
  1090 10162
  1091 10162
  1092 10162
  1093 10162
  1094 10162
  1095 10162
  1096 10162
  1097 10162
  1098 10162
  1099 10162
  1100 10162
  1101 10162
  1102 10162
  1103 10162
  1104 10162
  1105 10162
  1106 10162
  1107 10162
  1108 10162
  1109 10162
  1110 10162
  1111 10162
  1112 10162
  1113 10162
  1114 10162
  1115 10162
  1116 10162
  1117 10162
  1118 10162
  1119 10162
  1120 10162
  1121 10162
  1122 10162
  1123 10162
  1124 10162
  1125 10162
  1126 10162
  1127 10162
  1128 10162
  1129 10162
  1130 10162
  1131 10162
  1132 10162
  1133 10162
  1134 10162
  1135 10162
  1136 10162
  1137 10162
  1138 10162
  1139 10162
  1140 10162
  1141 10162
  1142 10162
  1143 10162
  1144 10162
  1145 10162
  1146 10162
  1147 10162
  1148 10162
  1149 10162
  1150 10162
  1151 10162
  1152 10162
  1153 10162
  1154 10162
  1155 10162
  1156 10162
  1157 10162
  1158 10162
  1159 10162
  1160 10162
  1161 10162
  1162 10162
  1163 10162
  1164 10162
  1165 10162
  1166 10162
  1167 10162
  1168 10162
  1169 10162
  1170 10162
  1171 10162
  1172 10162
  1173 10162
  1174 10162
  1175 10162
  1176 10162
  1177 10162
  1178 10162
  1179 10162
  1180 10162
  1181 10162
  1182 10162
  1183 10162
  1184 10162
  1185 10162
  1186 10162
  1187 10162
  1188 10162
  1189 10162
  1190 10162
  1191 10162
  1192 10162
  1193 10162
  1194 10162
  1195 10162
  1196 10162
  1197 10162
  1198 10162
  1199 10162
  1200 10162
  1201 10162
  1202 10162
  1203 10162
  1204 10162
  1205 10162
  1206 10162
  1207 10162
  1208 10162
  1209 10162
  1210 10162
  1211 10162
  1212 10162
  1213 10162
  1214 10162
  1215 10162
  1216 10162
  1217 10162
  1218 10162
  1219 10162
  1220 10162
  1221 10162
  1222 10162
  1223 10162
  1224 10162
  1225 10162
  1226 10162
  1227 10162
  1228 10162
  1229 10162
  1230 10162
  1231 10162
  1232 10162
  1233 10162
  1234 10162
  1235 10162
  1236 10162
  1237 10162
  1238 10162
  1239 10162
  1240 10162
  1241 10162
  1242 10162
  1243 10162
  1244 10162
  1245 10162
  1246 10162
  1247 10162
  1248 10162
  1249 10162
  1250 10162
  1251 10162
  1252 10162
  1253 10162
  1254 10162
  1255 10162
  1256 10143
  1257 10143
  1258 10143
  1259 10143
  1260 10143
  1261 10143
  1262 10143
  1263 10075
  1264 10075
  1265 10075
  1266 10075
  1267 10075
  1268 10075
  1269 10075
  1270 10075
  1271 10075
  1272 10075
  1273 10075
  1274 10075
  1275 10075
  1276 10075
  1277 10075
  1278 10075
  1279 10075
  1280 10075
  1281 10075
  1282 10075
  1283 10075
  1284 10075
  1285 10075
  1286 10075
  1287 10075
  1288 10075
  1289 10075
  1290 10075
  1291 10075
  1292 10075
  1293 10075
  1294 10075
  1295 10075
  1296 10075
  1297 10075
  1298 10075
  1299 10075
  1300 10075
  1301 10075
  1302 10075
  1303 10075
  1304 10075
  1305 10075
  1306 10075
  1307 10075
  1308 10075
  1309 10075
  1310 10075
  1311 10075
  1312 10075
  1313 10075
  1314 10075
  1315 10075
  1316 10075
  1317 10075
  1318 10075
  1319 10075
  1320 10075
  1321 10075
  1322 10075
  1323 10075
  1324 10075
  1325 10075
  1326 10075
  1327 10075
  1328 10075
  1329 10075
  1330 10075
  1331 10075
  1332 10075
  1333 10075
  1334 10075
  1335 10075
  1336 10075
  1337 10075
  1338 10075
  1339 10075
  1340 10075
  1341 10075
  1342 10075
  1343 10075
  1344 10075
  1345 10075
  1346 10075
  1347 10075
  1348 10075
  1349 10075
  1350 10075
  1351 10075
  1352 10075
  1353 10075
  1354 10075
  1355 10075
  1356 10075
  1357 10075
  1358 10075
  1359 10075
  1360 10075
  1361 10075
  1362 10075
  1363 10075
  1364 10075
  1365 10075
  1366 10075
  1367 10075
  1368 10075
  1369 10075
  1370 10075
  1371 10075
  1372 10075
  1373 10075
  1374 10075
  1375 10075
  1376 10075
  1377 10075
  1378 10075
  1379 10075
  1380 10075
  1381 10075
  1382 10075
  1383 10075
  1384 10075
  1385 10075
  1386 10075
  1387 10075
  1388 10075
  1389 10075
  1390 10075
  1391 10075
  1392 10075
  1393 10075
  1394 10075
  1395 10075
  1396 10075
  1397 10075
  1398 10075
  1399 10075
  1400 10075
  1401 10075
  1402 10075
  1403 10075
  1404 10075
  1405 10075
  1406 10075
  1407 10075
  1408 10075
  1409 10062
  1410 10062
  1411 10086
  1412 10086
  1413 10075
  1414 10149
  1415 10075
  1416 10075
  1417 10075
  1418 10075
  1419 10075
  1420 10075
  1421 10075
  1422 10075
  1423 10075
  1424 10075
  1425 10075
  1426 10075
  1427 10075
  1428 10075
  1429 10075
  1430 10075
  1431 10075
  1432 10075
  1433 10075
  1434 10075
  1435 10075
  1436 10075
  1438 10075
  1439 10075
  1440 10075
  1441 10075
  1443 10075
  1444 10075
  1445 10075
  1446 10075
  1447 10075
  1448 10075
  1449 10075
  1450 10075
  1451 10075
  1452 10075
  1453 10075
  1454 10075
  1455 10075
  1456 10075
  1457 10075
  1458 10075
  1459 10075
  1460 10075
  1461 10075
  1462 10075
  1463 10075
  1464 10075
  1465 10075
  1466 10075
  1467 10075
  1468 10075
  1469 10075
  1470 10075
  1471 10075
  1472 10075
  1473 10075
  1474 10075
  1475 10075
  1476 10075
  1477 10075
  1478 10075
  1479 10075
  1480 10075
  1481 10075
  1482 10075
  1483 10075
  1484 10075
  1485 10075
  1486 10075
  1487 10075
  1488 10075
  1489 10075
  1490 10075
  1491 10075
  1492 10075
  1493 10075
  1494 10075
  1495 10075
  1496 10075
  1497 10075
  1498 10075
  1499 10075
  1500 10075
  1501 10075
  1502 10075
  1503 10075
  1504 10075
  1505 10075
  1506 10075
  1507 10016
  1508 10016
  1510 10023
  1511 10023
  1512 10023
  1520 10055
  1521 10055
  1522 10055
  1523 10018
  1524 10018
  1525 10018
  1526 10055
  1527 10055
  1528 10055
  1529 10055
  1530 10055
  1531 10055
  1532 10055
  1533 10055
  1534 10055
  1535 10055
  1536 10055
  1537 10055
  1538 10055
  1539 10055
  1540 10055
  1541 10055
  1542 10055
  1543 10055
  1544 10055
  1545 10055
  1546 10055
  1547 10055
  1548 10018
  1549 10076
  1550 10055
  1551 10055
  1552 10055
  1553 10055
  1554 10055
  1555 10055
  1556 10055
  1557 10055
  1558 10055
  1559 10055
  1560 10055
  1561 10055
  1562 10018
  1563 10018
  1564 10055
  1565 10076
  1566 10055
  1568 10076
  1569 10076
  1570 10076
  1571 10076
  1572 10055
  1573 10055
  1574 10106
  1576 10154
  1578 10154
  1579 10154
  1580 10154
  1581 10154
  1612 10031
  1613 10031
  1614 10143
  1615 10143
  1616 10130
  1617 10016
  1618 10016
  1619 10016
  1624 10031
  1625 10031
  1626 10031
  1627 10031
  1628 10031
  1629 10031
  1630 10031
  1631 10031
  1632 10031
  1633 10031
  1634 10031
  1635 10031
  1636 10031
  1637 10031
  1638 10031
  1639 10031
  1640 10031
  1641 10031
  1642 10031
  1643 10031
  1644 10031
  1645 10031
  1646 10031
  1647 10031
  1648 10031
  1649 10031
  1650 10031
  1651 10031
  1652 10031
  1653 10031
  1654 10031
  1655 10031
  1656 10031
  1657 10031
  1658 10031
  1659 10031
  1660 10031
  1661 10031
  1662 10031
  1663 10031
  1664 10031
  1665 10031
  1666 10031
  1667 10031
  1668 10031
  1669 10031
  1670 10031
  1671 10031
  1672 10031
  1673 10031
  1674 10031
  1675 10031
  1676 10031
  1677 10031
  1678 10031
  1679 10031
  1680 10031
  1681 10031
  1682 10031
  1683 10031
  1684 10031
  1685 10031
  1686 10031
  1687 10031
  1688 10031
  1689 10031
  1690 10031
  1691 10031
  1692 10031
  1693 10031
  1694 10031
  1695 10031
  1696 10031
  1697 10031
  1698 10031
  1699 10031
  1700 10031
  1701 10031
  1702 10031
  1703 10031
  1704 10031
  1705 10031
  1706 10031
  1707 10031
  1708 10031
  1709 10031
  1710 10031
  1711 10031
  1712 10031
  1713 10031
  1714 10031
  1715 10031
  1716 10031
  1717 10031
  1718 10031
  1719 10031
  1720 10031
  1721 10031
  1722 10031
  1723 10031
  1724 10031
  1726 10031
  1727 10031
  1728 10031
  1729 10031
  1730 10031
  1731 10031
  1732 10031
  1733 10031
  1734 10031
  1735 10031
  1736 10031
  1737 10031
  1738 10031
  1739 10031
  1740 10031
  1741 10031
  1742 10031
  1743 10031
  1744 10031
  1745 10031
  1746 10031
  1747 10031
  1748 10031
  1749 10031
  1750 10031
  1751 10031
  1752 10031
  1753 10031
  1754 10031
  1755 10031
  1756 10031
  1757 10031
  1758 10031
  1759 10031
  1760 10031
  1761 10031
  1762 10031
  1763 10031
  1764 10031
  1765 10031
  1766 10031
  1767 10031
  1768 10031
  1769 10031
  1770 10031
  1771 10031
  1772 10031
  1773 10031
  1774 10031
  1775 10031
  1776 10031
  1777 10031
  1778 10031
  1779 10031
  1780 10031
  1781 10031
  1782 10031
  1783 10031
  1784 10031
  1785 10031
  1786 10031
  1787 10031
  1788 10031
  1789 10031
  1790 10031
  1791 10031
  1792 10031
  1793 10031
  1794 10031
  1795 10031
  1796 10031
  1797 10031
  1798 10031
  1800 10031
  1801 10031
  1802 10031
  1803 10031
  1804 10031
  1805 10031
  1806 10031
  1807 10031
  1808 10031
  1809 10031
  1810 10031
  1811 10031
  1812 10031
  1813 10031
  1814 10031
  1815 10031
  1816 10031
  1817 10031
  1818 10031
  1819 10031
  1820 10031
  1821 10031
  1822 10031
  1823 10031
  1824 10031
  1825 10031
  1826 10031
  1827 10031
  1828 10031
  1829 10031
  1830 10031
  1831 10031
  1832 10031
  1833 10031
  1834 10031
  1835 10031
  1836 10031
  1837 10031
  1838 10031
  1839 10031
  1840 10031
  1841 10031
  1842 10031
  1843 10031
  1844 10031
  1845 10031
  1846 10031
  1847 10031
  1848 10031
  1849 10031
  1850 10031
  1851 10031
  1852 10031
  1853 10031
  1854 10031
  1855 10031
  1856 10031
  1857 10031
  1858 10031
  1859 10065
  1860 10031
  1861 10065
  1862 10065
  1863 10065
  1864 10065
  1865 10050
  1866 10050
  1867 10050
  1868 10050
  1869 10050
  1870 10050
  1871 10050
  1872 10050
  1873 10050
  1874 10050
  1875 10050
  1876 10050
  1877 10050
  1878 10050
  1879 10050
  1880 10050
  1881 10050
  1882 10050
  1883 10050
  1884 10050
  1885 10050
  1886 10050
  1887 10050
  1888 10050
  1889 10050
  1890 10050
  1891 10050
  1892 10050
  1893 10050
  1894 10050
  1895 10050
  1896 10050
  1897 10050
  1898 10050
  1899 10050
  1900 10050
  1901 10050
  1902 10050
  1903 10050
  1904 10050
  1905 10050
  1906 10050
  1907 10050
  1908 10050
  1909 10050
  1910 10050
  1911 10050
  1912 10050
  1913 10050
  1914 10050
  1915 10050
  1916 10050
  1917 10050
  1918 10050
  1919 10050
  1920 10050
  1921 10050
  1922 10050
  1923 10050
  1924 10050
  1925 10050
  1926 10050
  1927 10050
  1928 10050
  1929 10050
  1930 10050
  1931 10050
  1932 10050
  1933 10050
  1934 10050
  1935 10050
  1936 10050
  1937 10050
  1938 10050
  1939 10050
  1940 10050
  1941 10050
  1942 10050
  1943 10050
  1944 10050
  1945 10050
  1946 10050
  1947 10050
  1948 10050
  1949 10050
  1950 10050
  1951 10050
  1952 10050
  1953 10050
  1954 10050
  1955 10050
  1956 10050
  1957 10050
  1958 10050
  1959 10050
  1960 10050
  1961 10050
  1962 10050
  1963 10050
  1964 10050
  1965 10050
  1966 10050
  1967 10050
  1968 10050
  1969 10050
  1970 10050
  1971 10050
  1972 10050
  1973 10050
  1974 10050
  1975 10050
  1976 10050
  1977 10050
  1978 10050
  1979 10050
  1980 10050
  1981 10050
  1982 10050
  1983 10050
  1984 10050
  1985 10050
  1986 10050
  1987 10050
  1988 10050
  1989 10050
  1990 10050
  1991 10050
  1992 10050
  1993 10050
  1994 10050
  1995 10050
  1996 10050
  1997 10050
  1998 10050
  1999 10050
  2000 10050
  2001 10050
  2002 10050
  2003 10050
  2004 10050
  2005 10050
  2006 10050
  2007 10050
  2008 10050
  2009 10050
  2010 10050
  2011 10050
  2012 10050
  2013 10050
  2014 10050
  2015 10050
  2016 10050
  2017 10050
  2018 10050
  2019 10050
  2020 10050
  2022 10061
  2026 10019
  2027 10019
  2028 10019
  2029 10072
  2030 10072
  2031 10021
  2032 10021
  2033 10045
  2034 10045
  2035 10045
  2036 10151
  2037 10045
  2038 10021
  2039 10021
  2040 10021
