   600 10007
   601 10007
   602 10007
   603 10007
   604 10007
   605 10007
   606 10007
   607 10007
   608 10007
   609 10007
   610 10007
   611 10007
   612 10007
   613 10007
   614 10007
   615 10007
   616 10007
   619 10007
   620 10007
   621 10007
   622 10007
   623 10007
   624 10007
   625 10007
   626 10007
   627 10007
   628 10007
   629 10007
   633 10007
   634 10007
   635 10007
   636 10007
   637 10007
   638 10007
   639 10007
   640 10007
   641 10007
   642 10007
   645 10007
   646 10007
   647 10007
   648 10007
   649 10007
   650 10007
   651 10007
   652 10007
   653 10007
   654 10007
   655 10007
   656 10007
   657 10007
   658 10007
   659 10007
   660 10007
   661 10007
   662 10007
   663 10007
   689 10169
   690 10169
   691 10169
   692 10169
   693 10169
   694 10169
   695 10169
   696 10169
   697 10169
   698 10169
   699 10169
   700 10169
   701 10169
   702 10169
   703 10169
   704 10169
   705 10169
   706 10169
   707 10169
   708 10169
   709 10169
   710 10169
   711 10169
   712 10169
   713 10169
   714 10169
   715 10169
   716 10169
   717 10169
   718 10169
   719 10169
   720 10169
   721 10169
   722 10169
   723 10169
   724 10169
   725 10169
   726 10169
   727 10169
   728 10169
   729 10169
   730 10169
   731 10169
   732 10169
   733 10169
   734 10169
   735 10169
   736 10169
   737 10169
   738 10169
   739 10169
   740 10169
   741 10169
   742 10169
   743 10169
   744 10169
   745 10169
   746 10169
   747 10169
   748 10169
   749 10169
   750 10169
   751 10169
   752 10169
   753 10169
   754 10169
   755 10169
   756 10169
   757 10169
   758 10169
   759 10169
   760 10169
   761 10169
   762 10169
   763 10169
   764 10169
   765 10169
   766 10169
   767 10169
   768 10169
   769 10169
   770 10169
   771 10169
   772 10169
   773 10169
   774 10169
   775 10169
   776 10169
   777 10169
   778 10169
   779 10169
   780 10169
   781 10169
   782 10169
   783 10169
   784 10169
   785 10169
   786 10169
   787 10009
   788 10009
   789 10031
   790 10031
   791 10031
   792 10031
   793 10031
   794 10031
   795 10031
   796 10031
   797 10031
   798 10031
   799 10031
   800 10031
   801 10031
   802 10031
   803 10031
   804 10031
   805 10031
   806 10031
   807 10031
   808 10031
   809 10031
   810 10031
   811 10031
   812 10031
   813 10031
   814 10031
   815 10031
   816 10031
   817 10031
   818 10031
   819 10031
   820 10031
   821 10031
   822 10031
   823 10031
   824 10031
   825 10031
   826 10031
   827 10031
   828 10031
   829 10031
   830 10031
   831 10031
   832 10031
   833 10031
   834 10031
   835 10031
   836 10031
   837 10031
   838 10031
   839 10031
   840 10031
   841 10031
   842 10031
   843 10031
   844 10031
   845 10031
   846 10031
   847 10031
   848 10031
   849 10031
   850 10031
   851 10031
   852 10031
   853 10031
   854 10031
   855 10031
   856 10031
   857 10031
   858 10031
   859 10031
   860 10031
   861 10031
   862 10031
   863 10031
   864 10031
   865 10031
   866 10031
   867 10031
   868 10031
   869 10031
   870 10031
   871 10031
   872 10031
   873 10031
   874 10031
   875 10031
   876 10031
   877 10031
   878 10031
   879 10031
   880 10031
   881 10031
   882 10031
   883 10031
   884 10031
   885 10031
   886 10031
   887 10031
   888 10031
   889 10031
   890 10031
   891 10031
   892 10031
   893 10031
   894 10031
   895 10031
   896 10031
   897 10031
   898 10031
   899 10031
   900 10031
   901 10031
   902 10031
   903 10031
   904 10031
   905 10031
   906 10031
   907 10031
   908 10031
   909 10031
   910 10031
   911 10031
   912 10031
   913 10031
   914 10031
   915 10031
   916 10031
   917 10031
   918 10031
   919 10031
   920 10031
   921 10031
   922 10031
   923 10031
   924 10031
   925 10031
   926 10031
   927 10031
   928 10031
   929 10031
   930 10031
   931 10031
   932 10031
   933 10031
   934 10031
   935 10031
   936 10031
   937 10031
   938 10031
   939 10031
   940 10031
   941 10031
   942 10031
   943 10031
   944 10031
   945 10085
   946 10031
   947 10031
   948 10031
   949 10031
   950 10031
   951 10031
   952 10031
   953 10031
   954 10031
   955 10031
   956 10031
   957 10031
   958 10031
   959 10031
   960 10031
   961 10031
   962 10031
   963 10031
   964 10031
   965 10031
   966 10031
   967 10031
   968 10031
   969 10031
   970 10031
   971 10031
   972 10031
   973 10031
   974 10031
   975 10031
   976 10031
   977 10031
   978 10031
   979 10031
   980 10031
   981 10031
   982 10031
   983 10031
   984 10031
   985 10031
   986 10031
   987 10031
   988 10031
   989 10031
   990 10031
   991 10031
   992 10031
   993 10031
   994 10031
   995 10031
   996 10031
   997 10031
   998 10031
   999 10031
  1000 10031
  1001 10031
  1002 10031
  1003 10031
  1004 10031
  1005 10031
  1006 10031
  1007 10031
  1008 10031
  1009 10031
  1010 10031
  1011 10031
  1012 10031
  1013 10031
  1014 10031
  1015 10031
  1016 10031
  1017 10031
  1018 10031
  1019 10031
  1020 10031
  1021 10031
  1026 10146
  1027 10007
  1028 10007
  1029 10007
  1030 10007
  1031 10007
  1032 10007
  1033 10007
  1034 10007
  1035 10007
  1036 10007
  1037 10007
  1038 10007
  1039 10007
  1040 10007
  1041 10007
  1042 10007
  1043 10007
  1044 10007
  1045 10007
  1046 10007
  1047 10007
  1048 10007
  1049 10007
  1050 10007
  1051 10007
  1052 10007
  1053 10007
  1054 10007
  1055 10007
  1056 10007
  1057 10007
  1058 10007
  1059 10007
  1060 10007
  1061 10007
  1062 10007
  1063 10007
  1064 10007
  1065 10007
  1066 10007
  1067 10007
  1068 10007
  1069 10007
  1070 10007
  1071 10007
  1072 10007
  1073 10007
  1074 10007
  1075 10007
  1076 10007
  1077 10007
  1078 10007
  1079 10007
  1080 10007
  1081 10007
  1082 10007
  1083 10007
  1084 10007
  1085 10007
  1086 10007
  1087 10007
  1088 10007
  1089 10007
  1090 10007
  1091 10007
  1092 10007
  1093 10007
  1094 10007
  1095 10007
  1096 10007
  1097 10007
  1098 10007
  1099 10007
  1100 10007
  1101 10007
  1102 10007
  1103 10007
  1104 10007
  1105 10007
  1106 10007
  1107 10007
  1108 10007
  1109 10007
  1110 10007
  1111 10007
  1112 10007
  1113 10007
  1114 10007
  1115 10007
  1116 10007
  1117 10007
  1118 10007
  1119 10007
  1120 10007
  1121 10007
  1122 10007
  1123 10007
  1124 10007
  1125 10007
  1126 10007
  1127 10007
  1128 10007
  1129 10007
  1130 10007
  1131 10007
  1132 10007
  1133 10007
  1134 10007
  1135 10007
  1136 10007
  1137 10007
  1138 10007
  1139 10007
  1140 10007
  1141 10007
  1142 10007
  1143 10007
  1144 10007
  1145 10007
  1146 10007
  1147 10007
  1148 10007
  1149 10007
  1150 10007
  1151 10007
  1152 10007
  1153 10007
  1154 10007
  1155 10007
  1156 10007
  1157 10007
  1158 10007
  1159 10007
  1160 10007
  1161 10007
  1162 10007
  1163 10007
  1164 10007
  1165 10007
  1166 10007
  1167 10007
  1168 10007
  1169 10007
  1170 10007
  1171 10007
  1172 10007
  1173 10007
  1174 10007
  1175 10007
  1176 10007
  1177 10007
  1178 10007
  1179 10007
  1180 10007
  1181 10007
  1182 10007
  1183 10007
  1184 10007
  1185 10007
  1186 10007
  1187 10007
  1188 10007
  1189 10007
  1190 10007
  1191 10007
  1192 10007
  1193 10007
  1194 10007
  1195 10007
  1196 10007
  1197 10007
  1198 10007
  1199 10007
  1200 10007
  1201 10007
  1202 10007
  1203 10007
  1204 10007
  1205 10007
  1206 10007
  1207 10007
  1208 10007
  1209 10007
  1210 10007
  1211 10007
  1212 10007
  1213 10007
  1214 10007
  1215 10007
  1216 10007
  1217 10007
  1218 10007
  1219 10007
  1220 10007
  1221 10007
  1222 10007
  1223 10007
  1224 10007
  1225 10007
  1226 10007
  1227 10007
  1228 10007
  1229 10007
  1230 10007
  1231 10007
  1232 10007
  1233 10007
  1234 10007
  1235 10007
  1236 10007
  1237 10007
  1238 10007
  1239 10007
  1240 10007
  1241 10007
  1242 10007
  1243 10007
  1244 10007
  1245 10007
  1246 10007
  1247 10007
  1248 10007
  1249 10007
  1250 10007
  1251 10007
  1252 10007
  1253 10007
  1254 10007
  1255 10029
  1260 10134
  1261 10134
  1262 10134
  1263 10134
  1264 10009
  1265 10009
  1266 10009
  1267 10009
  1268 10009
  1269 10009
  1270 10009
  1271 10009
  1272 10009
  1273 10009
  1274 10009
  1275 10009
  1276 10009
  1277 10009
  1278 10009
  1279 10009
  1280 10009
  1281 10009
  1282 10009
  1283 10009
  1284 10009
  1285 10009
  1287 10009
  1288 10009
  1289 10009
  1290 10009
  1291 10009
  1292 10009
  1293 10009
  1294 10009
  1295 10009
  1296 10009
  1297 10009
  1298 10009
  1299 10009
  1300 10009
  1301 10009
  1302 10009
  1303 10009
  1304 10009
  1305 10009
  1306 10009
  1307 10009
  1308 10009
  1309 10009
  1310 10009
  1312 10009
  1313 10009
  1314 10009
  1315 10009
  1316 10009
  1317 10009
  1318 10009
  1319 10009
  1320 10009
  1321 10009
  1322 10009
  1323 10009
  1325 10009
  1326 10009
  1327 10009
  1328 10009
  1329 10009
  1330 10009
  1331 10009
  1332 10009
  1333 10009
  1334 10009
  1335 10009
  1336 10009
  1337 10009
  1338 10009
  1339 10009
  1340 10009
  1341 10009
  1342 10009
  1343 10009
  1344 10009
  1345 10009
  1346 10009
  1347 10009
  1348 10009
  1349 10009
  1350 10009
  1351 10009
  1352 10009
  1353 10009
  1354 10009
  1355 10009
  1356 10009
  1357 10009
  1358 10009
  1359 10009
  1360 10009
  1361 10009
  1362 10009
  1363 10009
  1364 10009
  1365 10009
  1366 10009
  1367 10009
  1368 10009
  1369 10009
  1370 10009
  1371 10009
  1372 10009
  1373 10009
  1374 10009
  1375 10009
  1376 10009
  1377 10009
  1378 10009
  1379 10009
  1380 10009
  1381 10009
  1382 10009
  1383 10009
  1384 10009
  1385 10009
  1386 10009
  1387 10009
  1388 10009
  1389 10009
  1390 10009
  1391 10009
  1392 10009
  1393 10009
  1394 10009
  1395 10009
  1396 10009
  1397 10009
  1398 10009
  1399 10009
  1400 10009
  1401 10009
  1402 10009
  1403 10009
  1404 10009
  1405 10009
  1406 10009
  1407 10009
  1408 10009
  1409 10009
  1410 10009
  1411 10009
  1412 10009
  1413 10009
  1414 10009
  1415 10009
  1416 10009
  1417 10009
  1418 10009
  1419 10009
  1420 10009
  1421 10009
  1422 10009
  1423 10009
  1424 10009
  1425 10009
  1426 10009
  1427 10009
  1428 10009
  1429 10009
  1430 10009
  1431 10009
  1432 10009
  1433 10009
  1434 10009
  1435 10009
  1436 10009
  1437 10009
  1438 10009
  1439 10009
  1440 10009
  1441 10009
  1442 10009
  1443 10009
  1444 10009
  1445 10009
  1446 10009
  1447 10009
  1448 10009
  1449 10009
  1450 10009
  1451 10009
  1452 10009
  1453 10009
  1454 10009
  1455 10009
  1456 10009
  1457 10009
  1458 10009
  1459 10009
  1460 10009
  1461 10009
  1462 10009
  1463 10009
  1464 10009
  1465 10009
  1466 10009
  1467 10009
  1468 10009
  1469 10009
  1470 10009
  1471 10009
  1472 10009
  1473 10009
  1474 10009
  1475 10009
  1476 10009
  1477 10009
  1478 10009
  1479 10009
  1480 10009
  1481 10009
  1482 10009
  1483 10009
  1484 10009
  1485 10009
  1486 10009
  1487 10009
  1488 10009
  1489 10009
  1490 10009
  1491 10009
  1492 10009
  1493 10009
  1494 10009
  1495 10009
  1496 10009
  1497 10134
  1498 10134
  1499 10134
  1501 10055
  1502 10018
  1503 10018
  1504 10018
  1505 10018
  1506 10018
  1507 10018
  1508 10018
  1509 10018
  1510 10018
  1511 10055
  1512 10018
  1513 10055
  1514 10055
  1515 10055
  1516 10055
  1517 10018
  1518 10018
  1519 10018
  1520 10055
  1521 10055
  1522 10055
  1523 10055
  1524 10101
  1525 10101
  1526 10061
  1527 10141
  1528 10141
  1530 10101
  1531 10101
  1532 10088
  1533 10101
  1534 10101
  1535 10088
  1536 10101
  1537 10141
  1538 10088
  1539 10101
  1541 10141
  1542 10141
  1545 10101
  1546 10101
  1547 10101
  1548 10101
  1549 10141
  1550 10141
  1551 10141
  1552 10141
  1553 10141
  1554 10141
  1556 10141
  1557 10141
  1558 10141
  1559 10101
  1560 10101
  1561 10141
  1562 10141
  1563 10141
  1570 10141
  1572 10101
  1573 10050
  1574 10050
  1575 10088
  1576 10088
  1577 10141
  1578 10141
  1579 10141
  1580 10141
  1586 10141
  1587 10141
  1588 10141
  1589 10141
  1590 10141
  1593 10141
  1595 10141
  1598 10101
  1599 10101
  1600 10101
  1602 10043
  1603 10043
  1604 10019
  1605 10019
  1606 10019
  1607 10019
  1608 10019
  1609 10151
  1610 10151
  1611 10151
  1612 10151
  1613 10138
  1614 10041
  1615 10151
  1616 10151
  1617 10151
  1618 10151
  1619 10041
  1620 10041
  1621 10041
  1622 10041
  1623 10041
  1624 10041
  1625 10041
  1626 10041
  1627 10041
  1628 10041
  1629 10041
  1630 10041
  1631 10041
  1632 10041
  1633 10041
  1634 10041
  1635 10041
  1636 10041
  1637 10041
  1638 10041
  1639 10041
  1640 10041
  1641 10041
  1642 10041
  1643 10041
  1644 10041
  1645 10041
  1646 10041
  1647 10041
  1648 10041
  1649 10041
  1650 10041
  1651 10041
  1652 10041
  1653 10041
  1654 10041
  1655 10041
  1656 10041
  1657 10041
  1658 10041
  1659 10041
  1660 10041
  1661 10041
  1662 10041
  1663 10041
  1664 10041
  1665 10041
  1666 10041
  1667 10041
  1668 10041
  1669 10041
  1670 10041
  1671 10041
  1672 10041
  1673 10041
  1674 10041
  1675 10041
  1676 10041
  1677 10041
  1678 10041
  1679 10041
  1680 10041
  1681 10041
  1682 10041
  1683 10041
  1684 10041
  1685 10041
  1686 10041
  1687 10041
  1688 10041
  1689 10041
  1690 10041
  1691 10041
  1692 10041
  1693 10041
  1694 10041
  1695 10041
  1696 10041
  1697 10041
  1698 10041
  1699 10041
  1700 10041
  1701 10041
  1702 10041
  1703 10041
  1704 10041
  1705 10041
  1706 10041
  1707 10041
  1708 10041
  1709 10041
  1710 10041
  1711 10041
  1712 10041
  1713 10041
  1714 10041
  1715 10041
  1716 10041
  1717 10041
  1718 10041
  1719 10041
  1720 10041
  1721 10041
  1722 10041
  1723 10041
  1724 10041
  1725 10041
  1726 10041
  1727 10041
  1728 10041
  1729 10041
  1730 10041
  1731 10041
  1732 10041
  1733 10041
  1734 10041
  1735 10041
  1736 10041
  1737 10041
  1738 10041
  1739 10041
  1740 10041
  1741 10041
  1742 10041
  1743 10041
  1744 10041
  1745 10041
  1746 10041
  1747 10041
  1748 10041
  1749 10041
  1750 10041
  1751 10041
  1752 10041
  1753 10041
  1754 10041
  1755 10041
  1756 10041
  1757 10041
  1758 10041
  1759 10041
  1760 10041
  1761 10041
  1762 10041
  1763 10041
  1764 10041
  1765 10041
  1766 10041
  1767 10041
  1768 10041
  1769 10041
  1770 10041
  1771 10041
  1772 10041
  1773 10041
  1774 10041
  1775 10041
  1776 10041
  1777 10041
  1778 10041
  1779 10041
  1780 10041
  1781 10041
  1782 10041
  1783 10041
  1784 10041
  1785 10041
  1786 10041
  1787 10041
  1788 10041
  1789 10041
  1790 10041
  1791 10041
  1792 10041
  1793 10041
  1794 10041
  1795 10041
  1796 10041
  1797 10041
  1798 10041
  1799 10041
  1800 10041
  1801 10041
  1802 10041
  1803 10041
  1804 10041
  1805 10041
  1806 10041
  1807 10041
  1808 10041
  1809 10041
  1810 10041
  1811 10041
  1812 10041
  1813 10041
  1814 10041
  1815 10041
  1816 10041
  1817 10041
  1818 10041
  1819 10041
  1820 10041
  1821 10041
  1822 10041
  1823 10041
  1824 10041
  1825 10041
  1826 10041
  1827 10041
  1828 10041
  1829 10041
  1830 10041
  1831 10041
  1832 10041
  1833 10041
  1834 10041
  1835 10041
  1836 10041
  1837 10041
  1838 10041
  1839 10041
  1840 10041
  1841 10041
  1842 10041
  1843 10041
  1844 10041
  1845 10041
  1846 10041
  1847 10041
  1848 10041
  1849 10041
  1850 10041
  1851 10041
  1852 10041
  1853 10041
  1854 10041
  1855 10041
  1856 10041
  1857 10041
  1858 10041
  1859 10041
  1860 10041
  1861 10041
  1862 10019
  1864 10019
  1866 10095
  1867 10163
  1868 10095
  1870 10095
  1872 10095
  1873 10095
  1874 10095
  1875 10095
  1876 10095
  1877 10095
  1878 10095
  1879 10095
  1880 10095
  1881 10095
  1882 10095
  1883 10095
  1884 10095
  1885 10095
  1886 10095
  1887 10095
  1888 10095
  1889 10095
  1890 10095
  1891 10095
  1892 10095
  1893 10095
  1894 10095
  1895 10095
  1896 10095
  1897 10095
  1898 10095
  1899 10095
  1900 10095
  1901 10095
  1902 10095
  1903 10095
  1904 10095
  1905 10095
  1906 10095
  1907 10095
  1908 10095
  1909 10095
  1910 10095
  1911 10095
  1912 10095
  1913 10095
  1914 10095
  1915 10095
  1916 10095
  1917 10095
  1918 10095
  1919 10095
  1920 10095
  1921 10095
  1922 10095
  1923 10095
  1924 10095
  1925 10095
  1926 10095
  1927 10095
  1928 10095
  1929 10095
  1930 10095
  1931 10095
  1932 10095
  1933 10095
  1934 10095
  1935 10095
  1936 10095
  1937 10095
  1938 10095
  1939 10095
  1940 10095
  1941 10095
  1942 10095
  1943 10095
  1944 10095
  1945 10095
  1946 10095
  1947 10095
  1948 10095
  1949 10095
  1950 10095
  1951 10095
  1952 10095
  1953 10095
  1954 10095
  1955 10095
  1956 10095
  1957 10095
  1958 10095
  1959 10095
  1960 10095
  1961 10095
  1962 10095
  1963 10095
  1964 10095
  1965 10095
  1966 10095
  1967 10095
  1968 10095
  1969 10095
  1970 10095
  1971 10095
  1972 10095
  1973 10095
  1974 10095
  1975 10095
  1976 10095
  1977 10095
  1978 10095
  1979 10095
  1980 10095
  1981 10095
  1982 10095
  1983 10095
  1984 10095
  1985 10095
  1986 10095
  1987 10095
  1988 10095
  1989 10095
  1990 10095
  1991 10095
  1992 10095
  1993 10095
  1994 10095
  1995 10095
  1996 10095
  1997 10095
  1998 10095
  1999 10095
  2000 10095
  2001 10095
  2002 10095
  2003 10095
  2004 10095
  2005 10095
  2006 10095
  2007 10095
  2008 10095
  2009 10095
  2010 10095
  2011 10095
  2012 10095
  2013 10095
  2014 10095
  2015 10095
  2016 10095
  2017 10095
  2018 10095
  2019 10095
  2020 10095
  2021 10095
  2022 10095
  2023 10095
  2024 10095
  2025 10095
  2026 10095
  2027 10095
  2028 10106
  2029 10106
  2030 10106
