   710 10123
   711 10123
   712 10123
   713 10123
   714 10123
   715 10123
   716 10123
   717 10123
   718 10123
   719 10123
   720 10123
   721 10123
   722 10123
   723 10123
   724 10123
   725 10123
   726 10123
   727 10123
   728 10123
   729 10123
   730 10123
   731 10123
   732 10123
   733 10123
   734 10123
   735 10123
   736 10123
   737 10123
   738 10123
   739 10123
   740 10123
   741 10123
   742 10123
   743 10123
   744 10123
   745 10123
   746 10123
   747 10123
   748 10123
   749 10123
   750 10123
   751 10123
   752 10123
   753 10123
   754 10123
   755 10123
   756 10123
   757 10123
   758 10123
   759 10123
   760 10123
   761 10123
   762 10123
   763 10123
   764 10123
   765 10123
   766 10123
   767 10123
   768 10123
   769 10123
   770 10123
   771 10123
   772 10123
   773 10123
   774 10123
   775 10123
   776 10123
   777 10163
   778 10163
   779 10134
   780 10154
   781 10154
   782 10154
   784 10146
   785 10146
   786 10118
   787 10118
   788 10118
   789 10118
   790 10118
   791 10036
   792 10036
   793 10036
   794 10036
   795 10036
   796 10036
   797 10036
   798 10036
   799 10036
   800 10036
   801 10036
   802 10036
   803 10036
   804 10036
   805 10036
   806 10036
   807 10036
   808 10036
   809 10036
   810 10036
   811 10036
   812 10036
   813 10036
   814 10036
   815 10036
   816 10036
   817 10036
   818 10036
   819 10036
   820 10036
   821 10036
   822 10036
   823 10036
   824 10036
   825 10036
   826 10036
   827 10036
   828 10036
   829 10036
   830 10036
   831 10036
   832 10036
   833 10036
   834 10036
   835 10036
   836 10036
   837 10036
   838 10036
   839 10036
   840 10036
   841 10036
   842 10036
   843 10036
   844 10036
   845 10036
   846 10036
   847 10036
   848 10036
   849 10036
   850 10036
   851 10036
   852 10036
   853 10036
   854 10036
   855 10036
   856 10036
   857 10036
   858 10036
   859 10036
   860 10036
   861 10036
   862 10036
   863 10036
   864 10036
   865 10036
   866 10036
   867 10036
   868 10036
   869 10036
   870 10036
   871 10036
   872 10036
   873 10036
   874 10036
   875 10036
   876 10036
   877 10036
   878 10036
   879 10036
   880 10036
   881 10036
   882 10036
   883 10036
   884 10036
   885 10036
   886 10036
   887 10036
   888 10036
   889 10036
   890 10036
   891 10036
   892 10036
   893 10036
   894 10036
   895 10036
   896 10036
   897 10036
   898 10036
   899 10036
   900 10036
   901 10036
   902 10036
   903 10036
   904 10036
   905 10036
   906 10036
   907 10036
   908 10036
   909 10036
   910 10036
   911 10036
   912 10036
   913 10036
   914 10036
   915 10036
   916 10036
   917 10036
   918 10036
   919 10036
   920 10036
   921 10036
   922 10036
   923 10036
   924 10036
   925 10036
   926 10036
   927 10036
   928 10036
   929 10036
   930 10036
   931 10036
   932 10036
   933 10036
   934 10036
   935 10036
   936 10036
   937 10036
   938 10036
   939 10036
   940 10036
   941 10036
   942 10036
   943 10036
   944 10036
   945 10036
   946 10036
   947 10036
   948 10036
   949 10036
   950 10036
   951 10036
   952 10036
   953 10036
   954 10036
   955 10036
   956 10036
   957 10036
   958 10036
   959 10036
   960 10036
   961 10036
   962 10036
   963 10036
   964 10036
   965 10036
   966 10036
   967 10036
   968 10036
   969 10036
   970 10036
   971 10036
   972 10036
   973 10036
   974 10036
   975 10036
   976 10036
   977 10036
   978 10036
   979 10036
   980 10036
   981 10036
   982 10036
   983 10036
   984 10036
   985 10036
   986 10036
   987 10036
   988 10036
   989 10036
   990 10036
   991 10036
   992 10036
   993 10036
   994 10036
   995 10036
   996 10036
   997 10036
   998 10036
   999 10036
  1000 10036
  1001 10036
  1002 10036
  1003 10036
  1004 10036
  1005 10036
  1006 10036
  1007 10036
  1008 10036
  1009 10036
  1010 10036
  1011 10036
  1012 10036
  1013 10036
  1014 10036
  1015 10036
  1016 10036
  1017 10118
  1018 10118
  1019 10118
  1020 10118
  1021 10118
  1032 10082
  1033 10082
  1034 10082
  1035 10082
  1036 10082
  1037 10082
  1038 10082
  1039 10082
  1040 10082
  1041 10082
  1042 10082
  1043 10082
  1044 10082
  1045 10082
  1046 10082
  1047 10082
  1048 10082
  1049 10082
  1050 10082
  1051 10082
  1052 10082
  1053 10082
  1054 10082
  1055 10082
  1056 10082
  1057 10082
  1058 10082
  1059 10082
  1060 10082
  1061 10082
  1062 10082
  1063 10082
  1064 10082
  1065 10082
  1066 10082
  1067 10082
  1068 10082
  1069 10082
  1070 10082
  1071 10082
  1072 10082
  1073 10082
  1074 10082
  1075 10082
  1076 10082
  1077 10082
  1078 10082
  1079 10082
  1080 10082
  1081 10082
  1082 10082
  1083 10082
  1084 10082
  1085 10082
  1086 10082
  1087 10082
  1088 10082
  1089 10082
  1090 10082
  1091 10082
  1092 10082
  1093 10082
  1094 10082
  1095 10082
  1096 10082
  1097 10082
  1098 10082
  1099 10082
  1100 10082
  1101 10082
  1102 10082
  1103 10082
  1104 10082
  1105 10082
  1106 10082
  1107 10082
  1108 10082
  1109 10082
  1110 10082
  1111 10082
  1112 10082
  1113 10082
  1114 10082
  1115 10082
  1116 10082
  1117 10082
  1118 10082
  1119 10082
  1120 10082
  1121 10082
  1122 10082
  1123 10082
  1124 10082
  1125 10082
  1126 10082
  1127 10082
  1128 10082
  1129 10082
  1130 10082
  1131 10082
  1132 10082
  1133 10082
  1134 10082
  1135 10082
  1136 10082
  1137 10082
  1138 10082
  1139 10082
  1140 10082
  1141 10082
  1142 10082
  1143 10082
  1144 10082
  1145 10082
  1146 10082
  1147 10082
  1148 10082
  1149 10082
  1150 10082
  1151 10082
  1152 10082
  1153 10082
  1154 10082
  1155 10082
  1156 10082
  1157 10082
  1158 10082
  1159 10082
  1160 10082
  1161 10082
  1162 10082
  1163 10082
  1164 10082
  1165 10082
  1166 10082
  1167 10082
  1168 10082
  1169 10082
  1170 10082
  1171 10082
  1172 10082
  1173 10082
  1174 10082
  1175 10082
  1176 10082
  1177 10082
  1178 10082
  1179 10082
  1180 10082
  1181 10082
  1182 10082
  1183 10082
  1184 10082
  1185 10082
  1186 10082
  1187 10082
  1188 10082
  1189 10082
  1190 10082
  1191 10082
  1192 10082
  1193 10082
  1194 10082
  1195 10082
  1196 10082
  1197 10082
  1198 10082
  1199 10082
  1200 10082
  1201 10082
  1202 10082
  1203 10082
  1204 10082
  1205 10082
  1206 10082
  1207 10082
  1208 10082
  1209 10082
  1210 10082
  1211 10082
  1212 10082
  1213 10082
  1214 10082
  1215 10082
  1216 10082
  1217 10082
  1218 10082
  1219 10082
  1220 10082
  1221 10082
  1222 10082
  1223 10082
  1224 10082
  1225 10082
  1226 10082
  1227 10082
  1228 10082
  1229 10082
  1230 10082
  1231 10082
  1232 10082
  1233 10082
  1234 10082
  1235 10082
  1236 10082
  1237 10082
  1238 10082
  1239 10082
  1240 10082
  1241 10082
  1242 10082
  1243 10082
  1244 10082
  1245 10082
  1246 10082
  1247 10082
  1248 10082
  1249 10082
  1250 10082
  1251 10082
  1252 10082
  1253 10082
  1254 10082
  1255 10082
  1256 10082
  1257 10082
  1258 10019
  1259 10019
  1260 10091
  1261 10091
  1262 10101
  1263 10101
  1264 10101
  1265 10101
  1266 10009
  1267 10009
  1268 10009
  1269 10009
  1270 10009
  1271 10009
  1272 10009
  1273 10009
  1274 10009
  1275 10009
  1276 10009
  1277 10009
  1278 10009
  1279 10009
  1280 10009
  1281 10009
  1282 10009
  1283 10009
  1284 10009
  1285 10009
  1286 10009
  1287 10009
  1288 10009
  1289 10009
  1290 10009
  1291 10009
  1292 10009
  1293 10009
  1294 10009
  1295 10009
  1296 10009
  1297 10009
  1298 10009
  1299 10009
  1300 10009
  1301 10009
  1302 10009
  1303 10009
  1304 10009
  1305 10009
  1306 10009
  1307 10009
  1308 10009
  1309 10009
  1310 10009
  1311 10009
  1312 10009
  1313 10009
  1314 10009
  1315 10009
  1316 10009
  1317 10009
  1318 10009
  1319 10009
  1320 10009
  1321 10009
  1322 10009
  1323 10009
  1324 10009
  1325 10009
  1326 10009
  1327 10009
  1328 10009
  1329 10009
  1330 10009
  1332 10009
  1333 10009
  1334 10009
  1335 10009
  1336 10009
  1337 10009
  1338 10009
  1339 10009
  1340 10009
  1341 10009
  1342 10009
  1343 10009
  1344 10009
  1345 10009
  1346 10009
  1347 10009
  1348 10009
  1349 10009
  1350 10009
  1351 10009
  1352 10009
  1353 10009
  1354 10009
  1355 10009
  1356 10009
  1357 10009
  1358 10009
  1359 10009
  1360 10009
  1361 10009
  1362 10009
  1363 10009
  1364 10009
  1365 10009
  1366 10009
  1367 10009
  1368 10009
  1369 10009
  1370 10009
  1371 10009
  1372 10009
  1373 10009
  1374 10009
  1375 10009
  1376 10009
  1377 10009
  1378 10009
  1379 10009
  1380 10009
  1381 10009
  1382 10009
  1383 10009
  1384 10009
  1385 10009
  1386 10009
  1387 10009
  1388 10009
  1389 10009
  1390 10009
  1391 10009
  1392 10009
  1393 10009
  1394 10009
  1395 10009
  1396 10009
  1397 10009
  1398 10009
  1399 10009
  1400 10009
  1401 10009
  1402 10009
  1403 10009
  1404 10009
  1405 10009
  1406 10009
  1407 10009
  1408 10009
  1409 10009
  1410 10009
  1411 10009
  1412 10009
  1413 10009
  1414 10009
  1415 10009
  1416 10009
  1417 10009
  1418 10009
  1419 10009
  1420 10009
  1421 10009
  1422 10009
  1423 10009
  1424 10009
  1425 10009
  1426 10009
  1427 10009
  1428 10009
  1429 10009
  1430 10009
  1431 10009
  1432 10009
  1433 10009
  1434 10009
  1435 10009
  1436 10009
  1437 10009
  1438 10009
  1439 10009
  1440 10009
  1441 10009
  1442 10009
  1443 10009
  1444 10009
  1445 10009
  1446 10009
  1447 10009
  1448 10009
  1449 10009
  1450 10009
  1451 10009
  1452 10009
  1453 10009
  1454 10009
  1455 10009
  1456 10009
  1457 10009
  1458 10009
  1459 10009
  1460 10009
  1461 10009
  1462 10009
  1463 10009
  1464 10009
  1465 10009
  1466 10009
  1467 10009
  1468 10009
  1469 10009
  1470 10009
  1471 10009
  1472 10009
  1473 10009
  1474 10009
  1475 10009
  1476 10009
  1477 10009
  1478 10009
  1479 10009
  1480 10009
  1481 10009
  1482 10009
  1483 10009
  1484 10009
  1485 10009
  1486 10009
  1487 10009
  1488 10009
  1489 10009
  1490 10009
  1491 10009
  1492 10009
  1493 10009
  1494 10009
  1495 10009
  1496 10009
  1497 10009
  1498 10009
  1499 10009
  1500 10009
  1502 10106
  1503 10106
  1504 10076
  1505 10040
  1506 10040
  1507 10040
  1508 10040
  1509 10040
  1510 10040
  1516 10023
  1517 10023
  1518 10023
  1519 10023
  1520 10018
  1521 10018
  1522 10018
  1523 10018
  1524 10018
  1525 10040
  1526 10040
  1527 10040
  1528 10040
  1529 10040
  1530 10040
  1531 10040
  1533 10040
  1555 10040
  1556 10040
  1557 10040
  1558 10040
  1559 10040
  1560 10040
  1561 10040
  1590 10040
  1591 10040
  1592 10106
  1593 10098
  1594 10106
  1595 10076
  1596 10055
  1597 10076
  1600 10134
  1601 10134
  1602 10134
  1624 10113
  1625 10113
  1626 10113
  1627 10113
  1628 10113
  1629 10113
  1630 10113
  1631 10113
  1632 10154
  1633 10154
  1634 10154
  1635 10154
  1636 10154
  1652 10141
  1653 10062
  1654 10062
  1655 10062
  1656 10019
  1657 10019
  1658 10021
  1659 10019
  1660 10042
  1661 10011
  1662 10023
  1663 10023
  1664 10072
  1666 10019
  1702 10152
  1705 10152
  1706 10019
  1711 10019
  1716 10019
  1717 10019
  1718 10019
  1719 10019
  1720 10019
  1721 10019
  1722 10042
  1723 10019
  1724 10019
  1725 10019
  1772 10019
  1773 10152
  1775 10023
  1776 10023
  1817 10019
  1818 10019
  1819 10019
  1820 10019
  1821 10019
  1822 10019
  1823 10019
  1824 10019
  1825 10019
  1826 10019
  1827 10019
  1849 10028
  1850 10028
  1851 10011
  1852 10047
  1853 10047
  1854 10047
  1855 10047
  1856 10047
  1858 10101
  1859 10101
  1860 10101
  1861 10101
  1862 10101
  1863 10101
  1864 10101
  1865 10065
  1866 10101
  1867 10074
  1868 10074
  1869 10074
  1870 10074
  1871 10074
  1872 10074
  1873 10074
  1874 10074
  1875 10074
  1876 10074
  1877 10074
  1878 10074
  1879 10074
  1880 10074
  1881 10074
  1882 10074
  1883 10074
  1884 10074
  1885 10074
  1886 10074
  1887 10074
  1888 10074
  1889 10074
  1890 10074
  1891 10074
  1892 10074
  1893 10074
  1894 10074
  1895 10074
  1896 10074
  1897 10074
  1898 10074
  1899 10074
  1900 10074
  1901 10074
  1902 10074
  1903 10074
  1904 10074
  1905 10074
  1906 10074
  1907 10074
  1908 10074
  1909 10074
  1910 10074
  1911 10074
  1912 10074
  1913 10074
  1914 10074
  1915 10074
  1916 10074
  1917 10074
  1918 10074
  1919 10074
  1920 10074
  1921 10074
  1922 10074
  1923 10074
  1924 10074
  1925 10074
  1926 10074
  1927 10074
  1928 10074
  1929 10074
  1930 10074
  1931 10074
  1932 10074
  1933 10074
  1934 10074
  1935 10074
  1936 10074
  1937 10074
  1938 10074
  1939 10074
  1940 10074
  1941 10074
  1942 10074
  1943 10074
  1944 10074
  1945 10074
  1946 10074
  1947 10074
  1948 10074
  1949 10074
  1950 10074
  1951 10074
  1952 10074
  1953 10074
  1954 10074
  1955 10074
  1956 10074
  1957 10074
  1958 10074
  1959 10074
  1960 10074
  1961 10074
  1962 10074
  1963 10074
  1964 10074
  1965 10074
  1966 10074
  1967 10074
  1968 10074
  1969 10074
  1970 10074
  1971 10074
  1972 10074
  1973 10074
  1974 10074
  1975 10074
  1976 10074
  1977 10074
  1978 10074
  1979 10074
  1980 10074
  1981 10074
  1982 10074
  1983 10074
  1984 10074
  1985 10074
  1986 10074
  1987 10074
  1988 10074
  1989 10074
  1990 10074
  1991 10074
  1992 10074
  1993 10074
  1994 10074
  1995 10074
  1996 10074
  1997 10074
  1998 10074
  1999 10074
  2000 10074
  2001 10074
  2002 10074
  2003 10074
  2004 10074
  2005 10074
  2006 10074
  2007 10074
  2008 10074
  2009 10074
  2010 10074
  2011 10074
  2012 10074
  2013 10074
  2014 10074
  2015 10074
  2016 10074
  2017 10074
  2018 10074
  2019 10074
  2020 10074
  2021 10074
  2022 10074
  2023 10074
  2024 10074
  2025 10074
  2026 10016
  2027 10154
  2028 10016
