   702 10010
   703 10010
   704 10010
   705 10144
   706 10144
   707 10144
   708 10144
   709 10010
   710 10010
   711 10010
   712 10010
   713 10010
   714 10010
   715 10010
   716 10010
   717 10144
   718 10144
   719 10144
   720 10144
   721 10144
   722 10144
   723 10144
   724 10144
   725 10010
   726 10144
   727 10144
   728 10144
   729 10144
   730 10144
   731 10010
   732 10010
   733 10010
   734 10010
   735 10010
   736 10010
   737 10010
   738 10010
   739 10010
   740 10010
   741 10010
   742 10010
   743 10010
   744 10010
   745 10010
   746 10144
   747 10144
   748 10144
   749 10144
   750 10010
   751 10010
   752 10010
   753 10144
   754 10144
   755 10144
   756 10144
   757 10144
   758 10010
   759 10010
   760 10010
   761 10010
   762 10010
   763 10144
   764 10144
   765 10144
   766 10144
   767 10144
   768 10010
   769 10010
   770 10144
   771 10144
   772 10144
   773 10010
   774 10010
   775 10010
   776 10010
   777 10010
   778 10010
   779 10158
   780 10158
   784 10112
   790 10104
   791 10104
   792 10104
   793 10104
   794 10104
   795 10104
   796 10104
   797 10104
   798 10104
   799 10104
   800 10104
   801 10104
   802 10104
   803 10104
   804 10104
   805 10104
   806 10104
   807 10104
   808 10104
   809 10104
   810 10104
   811 10104
   812 10104
   813 10104
   814 10104
   815 10104
   816 10104
   817 10104
   818 10104
   819 10104
   820 10104
   821 10104
   822 10104
   823 10104
   824 10104
   825 10104
   826 10104
   827 10104
   828 10104
   829 10104
   830 10104
   831 10104
   832 10104
   833 10104
   834 10104
   835 10104
   836 10104
   837 10104
   838 10104
   839 10104
   840 10104
   841 10104
   842 10104
   843 10104
   844 10104
   845 10104
   846 10104
   847 10104
   848 10104
   849 10104
   850 10104
   851 10104
   852 10104
   853 10104
   854 10104
   855 10104
   856 10104
   857 10104
   858 10104
   859 10104
   860 10104
   861 10104
   862 10104
   863 10104
   864 10104
   865 10104
   866 10104
   867 10104
   868 10104
   869 10104
   870 10104
   871 10104
   872 10104
   873 10104
   874 10104
   875 10104
   876 10104
   877 10104
   878 10104
   879 10104
   880 10104
   881 10104
   882 10104
   883 10104
   884 10104
   885 10104
   886 10104
   887 10104
   888 10104
   889 10104
   890 10104
   891 10104
   892 10104
   893 10104
   894 10104
   895 10104
   896 10104
   897 10104
   898 10104
   899 10104
   900 10104
   901 10104
   902 10104
   903 10104
   904 10104
   905 10104
   906 10104
   907 10104
   908 10104
   909 10104
   910 10104
   911 10104
   912 10104
   913 10104
   914 10104
   915 10104
   916 10104
   917 10104
   918 10104
   919 10104
   920 10104
   921 10104
   922 10104
   923 10104
   924 10104
   925 10104
   926 10104
   927 10104
   928 10104
   929 10104
   930 10104
   931 10104
   932 10104
   933 10104
   934 10104
   935 10104
   936 10104
   937 10104
   938 10104
   939 10104
   940 10104
   941 10104
   942 10104
   946 10104
   947 10104
   948 10104
   949 10104
   950 10104
   951 10104
   952 10104
   953 10104
   954 10104
   955 10104
   956 10104
   957 10104
   958 10104
   959 10104
   960 10104
   961 10104
   962 10104
   963 10104
   964 10104
   965 10104
   966 10104
   967 10104
   968 10104
   969 10104
   970 10104
   971 10104
   972 10104
   973 10104
   974 10104
   975 10104
   976 10104
   977 10104
   978 10104
   979 10104
   980 10104
   981 10104
   982 10104
   983 10104
   984 10104
   985 10104
   986 10104
   987 10104
   988 10104
   989 10104
   990 10104
   991 10104
   992 10104
   993 10104
   994 10104
   995 10104
   996 10104
   997 10104
   998 10104
   999 10104
  1000 10104
  1001 10104
  1002 10104
  1003 10104
  1004 10104
  1005 10104
  1006 10104
  1007 10104
  1008 10104
  1009 10104
  1010 10104
  1011 10104
  1012 10104
  1013 10104
  1014 10104
  1015 10104
  1016 10104
  1017 10104
  1018 10104
  1019 10104
  1026 10101
  1027 10067
  1028 10067
  1029 10067
  1030 10067
  1031 10067
  1032 10067
  1033 10067
  1034 10067
  1035 10067
  1036 10067
  1037 10067
  1038 10067
  1039 10067
  1040 10067
  1041 10067
  1042 10067
  1043 10067
  1044 10067
  1045 10067
  1046 10067
  1047 10067
  1048 10067
  1049 10067
  1050 10067
  1051 10067
  1052 10067
  1053 10067
  1054 10067
  1055 10067
  1056 10067
  1057 10067
  1058 10067
  1059 10067
  1060 10067
  1061 10067
  1062 10067
  1063 10067
  1064 10067
  1065 10067
  1066 10067
  1067 10067
  1068 10067
  1069 10067
  1070 10067
  1071 10067
  1072 10067
  1073 10067
  1074 10067
  1075 10067
  1076 10067
  1077 10067
  1078 10067
  1079 10067
  1080 10067
  1081 10067
  1082 10067
  1083 10067
  1084 10067
  1085 10067
  1086 10067
  1087 10067
  1088 10067
  1089 10067
  1090 10067
  1091 10067
  1092 10067
  1093 10067
  1094 10067
  1095 10067
  1096 10067
  1097 10067
  1098 10067
  1099 10067
  1100 10067
  1101 10067
  1102 10067
  1103 10067
  1104 10067
  1105 10067
  1106 10067
  1107 10067
  1108 10067
  1109 10067
  1110 10067
  1111 10067
  1112 10067
  1113 10067
  1114 10067
  1115 10067
  1116 10067
  1117 10067
  1118 10067
  1119 10067
  1120 10067
  1121 10067
  1122 10067
  1123 10067
  1124 10067
  1125 10067
  1126 10067
  1127 10067
  1128 10067
  1132 10067
  1133 10067
  1134 10067
  1135 10067
  1136 10067
  1137 10067
  1138 10067
  1139 10067
  1140 10067
  1141 10067
  1142 10067
  1143 10067
  1144 10067
  1145 10067
  1146 10067
  1147 10067
  1148 10067
  1149 10067
  1150 10067
  1151 10067
  1152 10067
  1153 10067
  1154 10067
  1155 10067
  1156 10067
  1157 10067
  1158 10067
  1159 10067
  1160 10067
  1161 10067
  1162 10067
  1163 10067
  1164 10067
  1165 10067
  1166 10067
  1167 10067
  1168 10067
  1169 10067
  1170 10067
  1171 10067
  1172 10067
  1173 10067
  1174 10067
  1175 10067
  1176 10067
  1177 10067
  1178 10067
  1179 10067
  1180 10067
  1181 10067
  1182 10067
  1183 10067
  1184 10067
  1185 10067
  1186 10067
  1187 10067
  1188 10067
  1189 10067
  1190 10067
  1191 10067
  1192 10067
  1193 10067
  1194 10067
  1195 10067
  1196 10067
  1197 10067
  1198 10067
  1199 10067
  1200 10067
  1201 10067
  1202 10067
  1203 10067
  1204 10067
  1205 10067
  1206 10067
  1207 10067
  1208 10067
  1209 10067
  1210 10067
  1211 10067
  1212 10067
  1213 10067
  1214 10067
  1215 10067
  1216 10067
  1217 10067
  1218 10067
  1219 10067
  1220 10067
  1221 10067
  1222 10067
  1223 10067
  1224 10067
  1225 10067
  1226 10067
  1227 10067
  1228 10067
  1229 10067
  1230 10067
  1231 10067
  1232 10067
  1233 10067
  1234 10067
  1235 10067
  1236 10067
  1237 10067
  1238 10067
  1239 10067
  1240 10067
  1241 10067
  1242 10067
  1243 10067
  1244 10067
  1245 10067
  1246 10067
  1247 10067
  1248 10067
  1249 10067
  1250 10067
  1251 10067
  1252 10067
  1253 10067
  1254 10067
  1255 10076
  1256 10018
  1257 10018
  1258 10018
  1259 10018
  1260 10018
  1261 10018
  1262 10018
  1263 10076
  1281 10055
  1282 10018
  1283 10018
  1284 10018
  1285 10018
  1306 10055
  1307 10076
  1308 10055
  1309 10055
  1310 10055
  1311 10106
  1312 10098
  1324 10091
  1325 10159
  1326 10159
  1328 10091
  1329 10091
  1330 10091
  1331 10091
  1332 10091
  1333 10091
  1334 10091
  1335 10091
  1336 10091
  1337 10091
  1338 10091
  1339 10091
  1340 10091
  1341 10091
  1342 10091
  1343 10091
  1344 10091
  1345 10091
  1346 10091
  1347 10091
  1348 10091
  1349 10091
  1350 10091
  1351 10091
  1356 10043
  1360 10091
  1361 10164
  1387 10101
  1388 10101
  1389 10020
  1390 10101
  1391 10101
  1392 10101
  1393 10101
  1394 10101
  1395 10020
  1396 10101
  1397 10101
  1398 10101
  1399 10101
  1400 10101
  1401 10101
  1402 10101
  1403 10101
  1404 10101
  1405 10020
  1406 10101
  1407 10020
  1408 10020
  1409 10020
  1410 10101
  1411 10101
  1412 10101
  1413 10101
  1414 10020
  1415 10020
  1416 10101
  1417 10101
  1418 10101
  1419 10101
  1420 10101
  1421 10101
  1422 10101
  1423 10020
  1424 10020
  1425 10020
  1426 10020
  1427 10020
  1428 10020
  1429 10020
  1430 10020
  1431 10101
  1432 10101
  1433 10101
  1434 10020
  1435 10101
  1436 10101
  1437 10101
  1438 10101
  1439 10020
  1440 10020
  1441 10101
  1442 10101
  1443 10101
  1444 10020
  1445 10020
  1446 10101
  1447 10020
  1448 10020
  1449 10020
  1450 10101
  1451 10101
  1452 10020
  1453 10020
  1454 10020
  1455 10020
  1456 10020
  1457 10020
  1458 10101
  1459 10020
  1460 10020
  1461 10020
  1462 10020
  1463 10020
  1464 10101
  1465 10101
  1466 10101
  1467 10101
  1468 10101
  1469 10020
  1470 10020
  1471 10101
  1472 10020
  1473 10020
  1474 10101
  1475 10101
  1476 10101
  1477 10020
  1478 10020
  1479 10020
  1480 10020
  1481 10020
  1482 10101
  1483 10020
  1484 10101
  1485 10101
  1486 10020
  1487 10101
  1488 10020
  1489 10020
  1490 10020
  1491 10101
  1492 10101
  1493 10020
  1494 10020
  1495 10101
  1496 10101
  1497 10020
  1498 10020
  1499 10101
  1500 10020
  1501 10020
  1502 10020
  1503 10020
  1504 10020
  1505 10020
  1506 10020
  1507 10020
  1508 10020
  1509 10020
  1510 10020
  1511 10020
  1512 10020
  1513 10020
  1514 10020
  1515 10020
  1516 10101
  1517 10020
  1518 10020
  1519 10020
  1520 10101
  1521 10101
  1522 10101
  1523 10101
  1524 10101
  1525 10101
  1526 10020
  1527 10101
  1528 10101
  1529 10101
  1530 10101
  1531 10020
  1532 10020
  1533 10020
  1534 10020
  1535 10101
  1536 10020
  1537 10020
  1538 10020
  1539 10020
  1540 10020
  1541 10020
  1542 10020
  1543 10020
  1544 10020
  1545 10020
  1546 10020
  1547 10020
  1548 10020
  1549 10020
  1550 10020
  1551 10020
  1552 10020
  1553 10020
  1554 10020
  1555 10101
  1556 10020
  1557 10020
  1558 10020
  1559 10101
  1560 10101
  1561 10101
  1562 10101
  1563 10020
  1564 10101
  1565 10020
  1566 10020
  1567 10020
  1568 10020
  1569 10101
  1570 10020
  1571 10020
  1572 10020
  1573 10020
  1574 10020
  1575 10020
  1576 10020
  1577 10020
  1578 10020
  1579 10020
  1580 10020
  1581 10020
  1582 10020
  1583 10020
  1584 10020
  1585 10020
  1586 10020
  1587 10020
  1588 10020
  1589 10020
  1590 10020
  1591 10020
  1592 10020
  1593 10020
  1594 10020
  1595 10020
  1596 10020
  1597 10020
  1598 10020
  1599 10020
  1600 10020
  1601 10020
  1602 10020
  1603 10020
  1604 10020
  1605 10101
  1606 10020
  1607 10020
  1608 10020
  1609 10020
  1610 10020
  1611 10020
  1612 10020
  1613 10020
  1614 10101
  1615 10101
  1616 10101
  1617 10101
  1625 10132
  1626 10132
  1627 10132
  1628 10132
  1629 10132
  1630 10132
  1631 10132
  1632 10132
  1633 10132
  1634 10132
  1635 10132
  1636 10132
  1637 10132
  1638 10132
  1639 10132
  1640 10132
  1641 10132
  1642 10132
  1643 10132
  1644 10132
  1645 10132
  1646 10132
  1647 10132
  1648 10132
  1649 10132
  1650 10132
  1651 10132
  1652 10132
  1653 10132
  1654 10132
  1655 10132
  1656 10132
  1657 10132
  1658 10132
  1659 10132
  1660 10132
  1661 10132
  1662 10132
  1663 10132
  1664 10132
  1665 10132
  1666 10132
  1667 10132
  1668 10132
  1669 10132
  1670 10132
  1671 10132
  1672 10132
  1673 10132
  1674 10132
  1675 10132
  1676 10132
  1677 10132
  1678 10132
  1679 10132
  1680 10132
  1681 10132
  1682 10132
  1683 10132
  1684 10132
  1685 10132
  1686 10132
  1687 10132
  1688 10132
  1689 10132
  1690 10132
  1691 10132
  1692 10132
  1693 10132
  1694 10132
  1695 10132
  1696 10132
  1697 10132
  1698 10132
  1699 10132
  1700 10132
  1701 10132
  1702 10132
  1703 10132
  1704 10132
  1705 10132
  1706 10132
  1707 10132
  1708 10132
  1709 10132
  1710 10132
  1711 10132
  1712 10132
  1713 10132
  1714 10132
  1715 10132
  1716 10132
  1717 10132
  1718 10132
  1719 10132
  1720 10132
  1721 10132
  1722 10132
  1723 10132
  1724 10132
  1725 10132
  1726 10132
  1727 10132
  1728 10132
  1729 10132
  1730 10132
  1731 10132
  1732 10132
  1733 10132
  1734 10132
  1735 10132
  1736 10132
  1737 10132
  1738 10132
  1739 10132
  1740 10132
  1741 10132
  1742 10132
  1743 10132
  1744 10132
  1745 10132
  1746 10132
  1747 10132
  1748 10132
  1749 10132
  1750 10132
  1751 10132
  1752 10132
  1753 10132
  1754 10132
  1755 10132
  1756 10132
  1757 10132
  1758 10132
  1759 10132
  1760 10132
  1761 10132
  1762 10132
  1763 10132
  1764 10132
  1765 10132
  1766 10132
  1767 10132
  1768 10132
  1769 10132
  1770 10132
  1771 10132
  1772 10132
  1773 10132
  1774 10132
  1775 10132
  1776 10132
  1777 10132
  1778 10132
  1779 10132
  1780 10132
  1781 10132
  1782 10132
  1783 10132
  1784 10132
  1785 10132
  1786 10132
  1787 10132
  1788 10132
  1789 10132
  1790 10132
  1791 10132
  1792 10132
  1793 10132
  1794 10132
  1795 10132
  1796 10132
  1797 10132
  1798 10132
  1799 10132
  1800 10132
  1801 10132
  1802 10132
  1803 10132
  1804 10132
  1805 10132
  1806 10132
  1807 10132
  1808 10132
  1809 10132
  1810 10132
  1811 10132
  1812 10132
  1813 10132
  1814 10132
  1815 10132
  1816 10132
  1817 10132
  1818 10132
  1819 10132
  1820 10132
  1821 10132
  1822 10132
  1823 10132
  1824 10132
  1825 10132
  1826 10132
  1827 10132
  1828 10132
  1829 10132
  1830 10132
  1831 10132
  1832 10132
  1833 10132
  1834 10132
  1835 10132
  1836 10132
  1837 10132
  1838 10132
  1839 10132
  1840 10132
  1841 10132
  1842 10132
  1843 10132
  1844 10132
  1845 10132
  1846 10132
  1847 10132
  1848 10132
  1849 10132
  1850 10132
  1851 10132
  1852 10132
  1853 10132
  1854 10132
  1855 10132
  1856 10132
  1862 10134
  1863 10097
  1864 10097
  1865 10097
  1866 10097
  1867 10097
  1868 10097
  1869 10170
  1870 10170
  1871 10170
  1872 10170
  1873 10170
  1874 10170
  1875 10170
  1876 10170
  1877 10170
  1878 10170
  1879 10077
  1880 10077
  1881 10077
  1882 10170
  1883 10170
  1884 10170
  1885 10170
  1886 10170
  1887 10170
  1888 10170
  1889 10170
  1890 10170
  1891 10170
  1892 10170
  1893 10170
  1894 10170
  1895 10170
  1896 10170
  1897 10097
  1898 10097
  1899 10097
  1900 10097
  1901 10097
  1902 10097
  1903 10097
  1904 10097
  1905 10097
  1906 10097
  1907 10097
  1908 10097
  1909 10097
  1910 10097
  1911 10097
  1912 10097
  1913 10097
  1914 10097
  1915 10097
  1916 10097
  1917 10097
  1918 10097
  1919 10097
  1920 10097
  1921 10097
  1922 10097
  1923 10097
  1924 10097
  1925 10097
  1926 10097
  1927 10097
  1928 10097
  1929 10097
  1930 10097
  1931 10097
  1932 10162
  1933 10162
  1934 10162
  1935 10162
  1936 10162
  1937 10162
  1938 10097
  1939 10097
  1940 10097
  1941 10097
  1942 10097
  1943 10097
  1944 10097
  1945 10097
  1946 10097
  1947 10097
  1948 10097
  1949 10097
  1950 10097
  1951 10097
  1952 10097
  1953 10097
  1954 10097
  1955 10162
  1956 10162
  1957 10097
  1958 10097
  1959 10097
  1960 10097
  1961 10097
  1962 10097
  1963 10097
  1964 10097
  1965 10097
  1966 10097
  1967 10097
  1968 10097
  1969 10097
  1970 10097
  1971 10097
  1972 10097
  1973 10097
  1974 10097
  1975 10097
  1976 10097
  1977 10097
  1978 10097
  1979 10097
  1980 10097
  1981 10162
  1982 10162
  1983 10097
  1984 10097
  1985 10097
  1986 10097
  1987 10097
  1988 10097
  1989 10097
  1990 10097
  1991 10097
  1992 10097
  1993 10097
  1994 10097
  1995 10097
  1996 10097
  1997 10097
  1998 10097
  1999 10097
  2000 10097
  2001 10097
  2002 10170
  2003 10097
  2004 10097
  2005 10097
  2006 10097
  2007 10097
  2008 10097
  2009 10097
  2010 10097
  2011 10097
  2012 10170
  2013 10170
  2014 10170
  2015 10170
  2016 10170
  2017 10170
  2018 10097
  2019 10097
  2020 10097
  2021 10097
  2022 10097
