   697 10015
   698 10155
   699 10155
   700 10155
   701 10155
   702 10155
   703 10155
   704 10155
   705 10155
   706 10155
   707 10155
   708 10155
   709 10155
   710 10155
   711 10075
   712 10075
   713 10075
   714 10155
   715 10155
   716 10155
   717 10075
   718 10075
   719 10075
   720 10075
   721 10075
   722 10075
   723 10075
   724 10075
   725 10075
   726 10075
   727 10155
   728 10075
   729 10075
   730 10075
   731 10075
   732 10155
   733 10155
   734 10155
   735 10075
   736 10075
   737 10155
   738 10155
   739 10155
   740 10155
   741 10155
   742 10075
   743 10075
   744 10155
   745 10075
   746 10155
   747 10155
   748 10155
   749 10155
   750 10155
   751 10155
   752 10155
   753 10155
   754 10155
   755 10155
   756 10075
   757 10075
   758 10075
   759 10155
   760 10155
   761 10155
   762 10155
   763 10155
   764 10155
   765 10155
   766 10155
   767 10155
   768 10155
   769 10155
   770 10155
   771 10155
   772 10155
   773 10075
   774 10075
   775 10155
   776 10075
   777 10075
   778 10075
   779 10075
   780 10143
   781 10143
   782 10108
   783 10108
   784 10108
   785 10108
   786 10108
   787 10108
   788 10108
   789 10108
   790 10108
   791 10101
   792 10101
   793 10101
   794 10101
   795 10101
   796 10101
   797 10101
   798 10101
   799 10101
   800 10101
   801 10101
   802 10101
   803 10101
   804 10101
   805 10101
   806 10101
   807 10101
   808 10101
   809 10101
   810 10101
   811 10101
   812 10101
   813 10101
   814 10101
   815 10101
   816 10101
   817 10101
   818 10101
   819 10101
   820 10101
   821 10101
   822 10101
   823 10101
   824 10101
   825 10101
   826 10101
   827 10101
   828 10101
   829 10101
   830 10101
   831 10101
   832 10101
   833 10101
   834 10101
   835 10101
   836 10101
   837 10101
   838 10101
   839 10101
   840 10101
   841 10101
   842 10101
   843 10101
   844 10101
   845 10101
   846 10101
   847 10101
   848 10101
   849 10101
   850 10101
   851 10101
   852 10101
   853 10101
   854 10101
   855 10101
   856 10101
   857 10101
   858 10101
   859 10101
   860 10101
   861 10101
   862 10101
   863 10101
   864 10101
   865 10101
   866 10101
   867 10101
   868 10101
   869 10101
   870 10101
   871 10101
   872 10101
   873 10101
   874 10101
   875 10101
   876 10101
   877 10101
   878 10101
   879 10101
   880 10101
   881 10101
   882 10101
   883 10101
   884 10101
   885 10101
   886 10101
   887 10101
   888 10101
   889 10101
   890 10101
   891 10101
   892 10101
   893 10101
   894 10101
   895 10101
   896 10101
   897 10101
   898 10101
   899 10101
   900 10101
   901 10101
   902 10101
   903 10101
   904 10101
   905 10101
   906 10101
   907 10101
   908 10101
   909 10101
   910 10101
   911 10101
   912 10101
   913 10105
   914 10105
   915 10105
   916 10105
   917 10105
   918 10105
   919 10105
   920 10101
   921 10101
   922 10101
   923 10101
   924 10101
   925 10101
   926 10101
   927 10101
   928 10101
   929 10101
   930 10101
   931 10105
   932 10101
   933 10105
   934 10105
   935 10101
   936 10101
   937 10101
   938 10101
   939 10101
   940 10101
   941 10101
   942 10101
   943 10101
   944 10101
   945 10101
   946 10101
   947 10101
   948 10101
   949 10101
   950 10101
   951 10101
   952 10101
   953 10101
   954 10101
   955 10101
   956 10101
   957 10101
   958 10101
   959 10101
   960 10101
   961 10101
   962 10101
   963 10105
   964 10101
   965 10101
   966 10101
   967 10101
   968 10101
   969 10101
   970 10101
   971 10101
   972 10101
   973 10101
   974 10101
   975 10105
   976 10101
   977 10101
   978 10101
   979 10101
   980 10101
   981 10105
   982 10105
   983 10105
   984 10105
   985 10105
   986 10105
   987 10105
   988 10105
   989 10125
   990 10125
   991 10125
   992 10125
   993 10125
   994 10125
   995 10125
   996 10125
   997 10125
   998 10105
   999 10105
  1000 10125
  1001 10125
  1002 10125
  1003 10125
  1004 10125
  1005 10125
  1006 10125
  1007 10125
  1008 10125
  1009 10125
  1010 10125
  1011 10125
  1012 10125
  1013 10125
  1014 10125
  1015 10125
  1016 10125
  1017 10125
  1018 10125
  1019 10108
  1020 10108
  1021 10108
  1022 10108
  1028 10019
  1029 10082
  1030 10082
  1031 10082
  1032 10082
  1033 10082
  1034 10082
  1035 10082
  1036 10082
  1037 10082
  1038 10082
  1039 10082
  1040 10082
  1041 10082
  1042 10082
  1043 10082
  1044 10082
  1045 10082
  1046 10082
  1047 10082
  1048 10082
  1049 10082
  1050 10082
  1051 10082
  1052 10082
  1053 10082
  1054 10082
  1055 10082
  1056 10082
  1057 10082
  1058 10082
  1059 10082
  1060 10082
  1061 10082
  1062 10082
  1063 10082
  1064 10082
  1065 10082
  1066 10082
  1067 10082
  1068 10082
  1069 10082
  1070 10082
  1071 10082
  1072 10082
  1073 10082
  1074 10082
  1075 10082
  1076 10082
  1077 10082
  1078 10082
  1079 10082
  1080 10082
  1081 10082
  1082 10082
  1083 10082
  1084 10082
  1085 10082
  1086 10082
  1087 10082
  1088 10082
  1089 10082
  1090 10082
  1091 10082
  1092 10082
  1093 10082
  1094 10082
  1095 10082
  1096 10082
  1097 10082
  1098 10082
  1099 10082
  1100 10082
  1101 10082
  1102 10082
  1103 10082
  1104 10082
  1105 10082
  1106 10082
  1107 10082
  1108 10082
  1109 10082
  1110 10082
  1111 10082
  1112 10082
  1113 10082
  1114 10082
  1115 10082
  1116 10082
  1117 10082
  1118 10082
  1119 10082
  1120 10082
  1121 10082
  1122 10082
  1123 10082
  1124 10082
  1125 10082
  1126 10082
  1127 10082
  1128 10082
  1129 10082
  1130 10082
  1131 10082
  1132 10082
  1133 10082
  1134 10082
  1135 10082
  1136 10082
  1137 10082
  1138 10082
  1139 10082
  1140 10082
  1141 10082
  1142 10082
  1143 10082
  1144 10082
  1145 10082
  1146 10082
  1147 10082
  1148 10082
  1149 10082
  1150 10082
  1151 10082
  1152 10082
  1153 10082
  1154 10082
  1155 10082
  1156 10082
  1157 10082
  1158 10082
  1159 10082
  1160 10082
  1161 10082
  1162 10082
  1163 10082
  1164 10082
  1165 10082
  1166 10082
  1167 10082
  1168 10082
  1169 10082
  1170 10082
  1171 10082
  1172 10082
  1173 10082
  1174 10082
  1175 10082
  1176 10082
  1177 10082
  1178 10082
  1179 10082
  1180 10082
  1181 10082
  1182 10082
  1183 10082
  1184 10082
  1185 10082
  1186 10082
  1187 10082
  1188 10082
  1189 10082
  1190 10082
  1191 10082
  1192 10082
  1193 10082
  1194 10082
  1195 10082
  1196 10082
  1197 10082
  1198 10082
  1199 10082
  1200 10082
  1201 10082
  1202 10082
  1203 10082
  1204 10082
  1205 10082
  1206 10082
  1207 10082
  1208 10082
  1209 10082
  1210 10082
  1211 10082
  1212 10082
  1213 10082
  1214 10082
  1215 10082
  1216 10082
  1217 10082
  1218 10082
  1219 10082
  1220 10082
  1221 10082
  1222 10082
  1223 10082
  1224 10082
  1225 10082
  1226 10082
  1227 10082
  1228 10082
  1229 10082
  1230 10082
  1231 10082
  1232 10082
  1233 10082
  1234 10082
  1235 10082
  1236 10082
  1237 10082
  1238 10082
  1239 10082
  1240 10082
  1241 10082
  1242 10082
  1243 10082
  1244 10082
  1245 10082
  1246 10082
  1247 10082
  1248 10082
  1249 10082
  1250 10082
  1251 10082
  1252 10082
  1253 10082
  1254 10082
  1255 10082
  1256 10082
  1257 10082
  1258 10019
  1259 10019
  1267 10112
  1268 10112
  1269 10112
  1270 10112
  1271 10112
  1272 10112
  1273 10112
  1274 10112
  1275 10112
  1276 10112
  1277 10112
  1278 10112
  1279 10112
  1280 10112
  1281 10112
  1282 10112
  1283 10112
  1284 10112
  1285 10112
  1286 10112
  1287 10112
  1288 10112
  1289 10112
  1290 10112
  1291 10112
  1292 10112
  1293 10112
  1294 10112
  1295 10112
  1296 10112
  1297 10112
  1298 10112
  1299 10112
  1300 10112
  1301 10112
  1302 10112
  1303 10112
  1304 10112
  1305 10112
  1306 10112
  1307 10112
  1308 10112
  1309 10112
  1310 10112
  1311 10112
  1312 10112
  1313 10112
  1314 10112
  1315 10112
  1316 10112
  1317 10112
  1318 10112
  1319 10112
  1320 10112
  1321 10112
  1322 10112
  1323 10112
  1324 10112
  1325 10112
  1326 10112
  1327 10112
  1328 10112
  1329 10112
  1330 10112
  1331 10112
  1332 10112
  1333 10112
  1334 10112
  1335 10112
  1336 10112
  1337 10112
  1338 10112
  1339 10112
  1340 10112
  1341 10112
  1342 10112
  1343 10112
  1344 10112
  1345 10112
  1346 10112
  1347 10112
  1348 10112
  1349 10112
  1350 10112
  1351 10112
  1352 10112
  1353 10112
  1354 10112
  1355 10112
  1356 10112
  1357 10112
  1358 10112
  1359 10112
  1360 10112
  1361 10112
  1362 10112
  1363 10112
  1364 10112
  1365 10112
  1366 10112
  1367 10112
  1368 10112
  1369 10112
  1370 10112
  1371 10112
  1372 10112
  1373 10112
  1374 10112
  1375 10112
  1376 10112
  1377 10112
  1378 10112
  1379 10112
  1380 10112
  1381 10112
  1382 10112
  1383 10112
  1384 10112
  1385 10112
  1386 10112
  1387 10112
  1388 10112
  1389 10112
  1390 10112
  1391 10112
  1392 10112
  1393 10112
  1394 10112
  1395 10112
  1396 10112
  1397 10112
  1398 10112
  1399 10112
  1400 10112
  1401 10112
  1402 10112
  1403 10112
  1404 10112
  1405 10112
  1406 10112
  1407 10112
  1408 10112
  1409 10112
  1410 10112
  1411 10112
  1412 10112
  1413 10112
  1414 10112
  1415 10112
  1416 10112
  1417 10112
  1418 10112
  1419 10112
  1420 10112
  1421 10112
  1422 10112
  1423 10112
  1424 10112
  1425 10112
  1426 10112
  1427 10112
  1428 10112
  1429 10112
  1430 10112
  1431 10112
  1432 10112
  1433 10112
  1434 10112
  1435 10112
  1436 10112
  1437 10112
  1438 10112
  1439 10112
  1440 10112
  1441 10112
  1442 10112
  1443 10112
  1444 10112
  1445 10112
  1446 10112
  1447 10112
  1448 10112
  1449 10112
  1450 10112
  1451 10112
  1452 10112
  1453 10112
  1454 10112
  1455 10112
  1456 10112
  1457 10112
  1458 10112
  1459 10112
  1460 10112
  1461 10112
  1462 10112
  1463 10112
  1464 10112
  1465 10112
  1466 10112
  1467 10112
  1468 10112
  1469 10112
  1470 10112
  1471 10112
  1472 10112
  1473 10112
  1474 10112
  1475 10112
  1476 10112
  1477 10112
  1478 10112
  1479 10112
  1480 10112
  1481 10112
  1482 10112
  1483 10112
  1484 10112
  1485 10112
  1486 10112
  1487 10112
  1488 10112
  1489 10112
  1490 10112
  1491 10112
  1492 10112
  1493 10112
  1494 10112
  1495 10112
  1496 10112
  1497 10112
  1498 10112
  1502 10076
  1509 10123
  1510 10047
  1511 10123
  1515 10134
  1516 10101
  1517 10134
  1518 10076
  1519 10076
  1520 10055
  1521 10018
  1522 10018
  1523 10018
  1524 10018
  1525 10018
  1526 10040
  1527 10040
  1528 10040
  1529 10040
  1530 10040
  1531 10040
  1543 10040
  1544 10018
  1545 10018
  1546 10055
  1547 10018
  1548 10055
  1549 10018
  1552 10141
  1553 10141
  1556 10061
  1557 10061
  1558 10061
  1559 10061
  1560 10086
  1561 10083
  1562 10080
  1563 10080
  1564 10071
  1565 10071
  1566 10071
  1567 10071
  1568 10071
  1569 10071
  1570 10071
  1571 10071
  1572 10071
  1573 10071
  1574 10071
  1575 10071
  1576 10071
  1577 10071
  1578 10071
  1579 10071
  1580 10071
  1581 10071
  1582 10071
  1583 10071
  1584 10046
  1585 10046
  1586 10046
  1588 10128
  1589 10101
  1590 10101
  1600 10134
  1603 10101
  1607 10134
  1614 10101
  1615 10101
  1616 10141
  1617 10141
  1619 10101
  1621 10101
  1622 10101
  1623 10101
  1624 10101
  1627 10083
  1628 10083
  1629 10083
  1630 10083
  1631 10083
  1632 10083
  1633 10083
  1634 10083
  1635 10083
  1636 10083
  1637 10083
  1638 10083
  1639 10083
  1640 10083
  1641 10083
  1642 10083
  1643 10083
  1644 10083
  1645 10083
  1646 10083
  1647 10083
  1648 10083
  1649 10083
  1650 10083
  1651 10083
  1652 10083
  1653 10083
  1654 10083
  1655 10083
  1656 10083
  1657 10083
  1658 10083
  1659 10083
  1660 10083
  1661 10083
  1662 10083
  1663 10083
  1664 10083
  1665 10083
  1666 10083
  1667 10083
  1668 10083
  1669 10083
  1670 10083
  1671 10083
  1672 10083
  1673 10083
  1674 10083
  1675 10083
  1676 10083
  1677 10083
  1678 10083
  1679 10083
  1680 10083
  1681 10083
  1682 10083
  1683 10083
  1684 10083
  1685 10083
  1686 10083
  1687 10083
  1688 10083
  1689 10083
  1690 10083
  1691 10083
  1692 10083
  1693 10083
  1694 10083
  1695 10083
  1696 10083
  1697 10083
  1698 10083
  1699 10083
  1700 10083
  1701 10083
  1702 10083
  1703 10083
  1704 10083
  1705 10083
  1706 10083
  1707 10083
  1708 10083
  1709 10083
  1710 10083
  1711 10083
  1712 10083
  1713 10083
  1714 10083
  1715 10083
  1716 10083
  1717 10083
  1718 10083
  1719 10083
  1720 10083
  1721 10083
  1722 10083
  1723 10083
  1724 10083
  1725 10083
  1726 10083
  1727 10083
  1728 10083
  1729 10083
  1730 10083
  1731 10083
  1732 10083
  1733 10083
  1734 10083
  1735 10083
  1736 10083
  1737 10083
  1738 10083
  1739 10083
  1740 10083
  1741 10083
  1742 10083
  1743 10083
  1744 10083
  1745 10083
  1746 10083
  1747 10083
  1748 10083
  1749 10083
  1750 10083
  1751 10083
  1752 10083
  1753 10083
  1754 10083
  1755 10083
  1756 10083
  1757 10083
  1758 10083
  1759 10083
  1760 10083
  1761 10083
  1762 10083
  1763 10083
  1764 10083
  1765 10083
  1766 10083
  1767 10083
  1768 10083
  1769 10083
  1770 10083
  1771 10083
  1772 10083
  1773 10083
  1774 10083
  1775 10083
  1776 10083
  1777 10083
  1778 10083
  1779 10083
  1780 10083
  1781 10083
  1782 10083
  1783 10083
  1784 10083
  1785 10083
  1786 10083
  1787 10083
  1788 10083
  1789 10083
  1790 10083
  1791 10083
  1792 10083
  1793 10083
  1794 10083
  1795 10083
  1796 10083
  1797 10083
  1798 10083
  1799 10083
  1800 10083
  1801 10083
  1802 10083
  1803 10083
  1804 10083
  1805 10083
  1806 10083
  1807 10083
  1808 10083
  1809 10083
  1810 10083
  1811 10083
  1812 10083
  1813 10083
  1814 10083
  1815 10083
  1816 10083
  1817 10083
  1818 10083
  1819 10083
  1820 10083
  1821 10083
  1822 10083
  1823 10083
  1824 10083
  1825 10083
  1826 10083
  1827 10083
  1828 10083
  1829 10083
  1830 10083
  1831 10083
  1832 10083
  1833 10083
  1834 10083
  1835 10083
  1836 10083
  1837 10083
  1838 10083
  1839 10083
  1840 10083
  1841 10083
  1842 10083
  1843 10083
  1844 10083
  1845 10083
  1846 10083
  1847 10083
  1848 10083
  1849 10083
  1850 10083
  1851 10083
  1852 10083
  1853 10083
  1854 10083
  1855 10083
  1856 10083
  1857 10083
  1858 10083
  1859 10083
  1865 10153
  1866 10153
  1867 10153
  1868 10153
  1869 10153
  1870 10153
  1871 10153
  1872 10153
  1873 10153
  1874 10153
  1875 10153
  1876 10153
  1877 10153
  1878 10153
  1879 10153
  1880 10153
  1881 10153
  1882 10153
  1883 10153
  1884 10153
  1885 10153
  1886 10153
  1887 10153
  1888 10153
  1889 10153
  1890 10153
  1891 10153
  1892 10153
  1893 10153
  1894 10153
  1895 10153
  1896 10153
  1897 10153
  1898 10153
  1899 10153
  1900 10153
  1901 10153
  1902 10153
  1903 10153
  1904 10153
  1905 10153
  1906 10153
  1907 10153
  1908 10153
  1909 10153
  1910 10153
  1911 10153
  1912 10153
  1913 10153
  1914 10153
  1915 10153
  1916 10153
  1917 10153
  1918 10153
  1919 10153
  1920 10153
  1921 10153
  1922 10153
  1923 10153
  1924 10153
  1925 10153
  1926 10153
  1927 10153
  1928 10153
  1929 10153
  1930 10153
  1931 10153
  1932 10153
  1933 10153
  1934 10153
  1935 10153
  1936 10153
  1937 10153
  1938 10153
  1939 10153
  1940 10153
  1941 10153
  1942 10153
  1943 10153
  1944 10153
  1945 10153
  1946 10153
  1947 10153
  1948 10153
  1949 10153
  1950 10153
  1951 10153
  1952 10153
  1953 10153
  1954 10153
  1955 10153
  1956 10153
  1957 10153
  1958 10153
  1959 10153
  1960 10153
  1961 10153
  1962 10153
  1963 10153
  1964 10153
  1965 10153
  1966 10153
  1967 10153
  1968 10153
  1969 10153
  1970 10153
  1971 10153
  1972 10153
  1973 10153
  1974 10153
  1975 10153
  1976 10153
  1977 10153
  1978 10153
  1979 10153
  1980 10153
  1981 10153
  1982 10153
  1983 10153
  1984 10153
  1985 10153
  1986 10153
  1987 10153
  1988 10153
  1989 10153
  1990 10153
  1991 10153
  1992 10153
  1993 10153
  1994 10153
  1995 10153
  1996 10153
  1997 10153
  1998 10153
  1999 10153
  2000 10153
  2001 10153
  2002 10153
  2003 10153
  2004 10153
  2005 10153
  2006 10153
  2007 10153
  2008 10153
  2009 10153
  2010 10153
  2011 10153
  2012 10153
  2013 10153
  2014 10153
  2015 10153
  2016 10153
  2017 10153
  2018 10153
  2019 10153
  2020 10153
  2021 10153
  2022 10153
  2023 10153
  2024 10153
  2025 10153
  2026 10153
  2027 10153
  2028 10153
  2029 10153
  2030 10154
  2031 10143
