   693 10044
   694 10044
   695 10044
   696 10044
   697 10044
   698 10044
   699 10044
   700 10044
   701 10044
   702 10044
   703 10044
   704 10044
   705 10044
   706 10044
   707 10044
   708 10044
   709 10044
   710 10044
   711 10044
   712 10044
   713 10044
   714 10044
   715 10044
   716 10044
   717 10044
   718 10044
   719 10044
   720 10044
   721 10044
   722 10044
   723 10044
   724 10044
   725 10044
   726 10044
   727 10044
   728 10044
   729 10044
   730 10044
   731 10044
   732 10044
   733 10044
   734 10044
   735 10044
   736 10044
   737 10044
   738 10044
   739 10044
   740 10044
   741 10044
   742 10044
   743 10044
   744 10044
   745 10044
   746 10044
   747 10044
   748 10044
   749 10044
   750 10044
   751 10044
   752 10044
   753 10044
   754 10044
   755 10044
   756 10044
   757 10044
   758 10044
   759 10044
   760 10044
   761 10044
   762 10044
   763 10044
   764 10044
   765 10044
   766 10044
   767 10044
   768 10044
   769 10044
   770 10044
   771 10044
   772 10044
   773 10044
   778 10114
   780 10118
   781 10118
   782 10118
   783 10148
   784 10148
   785 10148
   786 10114
   787 10114
   788 10114
   789 10114
   790 10148
   791 10036
   792 10036
   793 10036
   794 10036
   795 10036
   796 10036
   797 10036
   798 10036
   799 10036
   800 10036
   801 10036
   802 10036
   803 10036
   804 10036
   805 10036
   806 10036
   807 10036
   808 10036
   809 10036
   810 10036
   811 10036
   812 10036
   813 10036
   814 10036
   815 10036
   816 10036
   817 10036
   818 10036
   819 10036
   820 10036
   821 10036
   822 10036
   823 10036
   824 10036
   825 10036
   826 10036
   827 10036
   828 10036
   829 10036
   830 10036
   831 10036
   832 10036
   833 10036
   834 10036
   835 10036
   836 10036
   837 10036
   838 10036
   839 10036
   840 10036
   841 10036
   842 10036
   843 10036
   844 10036
   845 10036
   846 10036
   847 10036
   848 10036
   849 10036
   850 10036
   851 10036
   852 10036
   853 10036
   854 10036
   855 10036
   856 10036
   857 10036
   858 10036
   859 10036
   860 10036
   861 10036
   862 10036
   863 10036
   864 10036
   865 10036
   866 10036
   867 10036
   868 10036
   869 10036
   870 10036
   871 10036
   872 10036
   873 10036
   874 10036
   875 10036
   876 10036
   877 10036
   878 10036
   879 10036
   880 10036
   881 10036
   882 10036
   883 10036
   884 10036
   885 10036
   886 10036
   887 10036
   888 10036
   889 10036
   890 10036
   891 10036
   892 10036
   893 10036
   894 10036
   895 10036
   896 10036
   897 10036
   898 10036
   899 10036
   900 10036
   901 10036
   902 10036
   903 10036
   904 10036
   905 10036
   906 10036
   907 10036
   908 10036
   909 10036
   910 10036
   911 10036
   912 10036
   913 10036
   914 10036
   915 10036
   916 10036
   917 10036
   918 10036
   919 10036
   920 10036
   921 10036
   922 10036
   923 10036
   924 10036
   925 10036
   926 10036
   927 10036
   928 10036
   929 10036
   930 10036
   931 10036
   932 10036
   933 10036
   934 10036
   935 10036
   936 10036
   937 10036
   938 10036
   939 10036
   940 10036
   941 10036
   942 10036
   943 10036
   944 10036
   945 10036
   946 10036
   947 10036
   948 10036
   949 10036
   950 10036
   951 10036
   952 10036
   953 10036
   954 10036
   955 10036
   956 10036
   957 10036
   958 10036
   959 10036
   960 10036
   961 10036
   962 10036
   963 10036
   964 10036
   965 10036
   966 10036
   967 10036
   968 10036
   969 10036
   970 10036
   971 10036
   972 10036
   973 10036
   974 10036
   975 10036
   976 10036
   977 10036
   978 10036
   979 10036
   980 10036
   981 10036
   982 10036
   983 10036
   984 10036
   985 10036
   986 10036
   987 10036
   988 10036
   989 10036
   990 10036
   991 10036
   992 10036
   993 10036
   994 10036
   995 10036
   996 10036
   997 10036
   998 10036
   999 10036
  1000 10036
  1001 10036
  1002 10036
  1003 10036
  1004 10036
  1005 10036
  1006 10036
  1007 10036
  1008 10036
  1009 10036
  1010 10036
  1011 10036
  1012 10036
  1013 10036
  1014 10036
  1015 10036
  1016 10036
  1017 10118
  1018 10118
  1019 10118
  1020 10029
  1026 10101
  1027 10101
  1028 10101
  1029 10101
  1030 10141
  1033 10028
  1034 10028
  1035 10019
  1036 10019
  1039 10152
  1040 10017
  1041 10017
  1042 10152
  1050 10019
  1051 10019
  1052 10019
  1053 10019
  1054 10082
  1055 10082
  1056 10082
  1057 10082
  1058 10082
  1059 10082
  1086 10008
  1087 10008
  1088 10008
  1090 10008
  1091 10008
  1092 10008
  1093 10008
  1094 10008
  1095 10008
  1105 10019
  1106 10019
  1113 10042
  1114 10042
  1115 10042
  1116 10011
  1117 10011
  1118 10042
  1119 10042
  1120 10152
  1157 10042
  1158 10042
  1159 10042
  1160 10042
  1173 10042
  1178 10017
  1179 10017
  1180 10017
  1220 10019
  1221 10019
  1222 10019
  1223 10019
  1224 10019
  1229 10019
  1230 10019
  1231 10019
  1232 10019
  1233 10019
  1247 10022
  1248 10019
  1249 10019
  1250 10019
  1251 10019
  1252 10019
  1256 10138
  1257 10138
  1258 10101
  1259 10098
  1260 10018
  1261 10018
  1262 10018
  1263 10018
  1264 10018
  1265 10040
  1266 10040
  1267 10040
  1268 10040
  1269 10018
  1270 10055
  1271 10055
  1272 10158
  1273 10158
  1274 10158
  1275 10158
  1276 10158
  1277 10055
  1278 10158
  1279 10055
  1280 10018
  1283 10018
  1284 10055
  1285 10018
  1286 10018
  1287 10055
  1288 10055
  1289 10055
  1290 10055
  1291 10055
  1292 10055
  1293 10055
  1294 10018
  1297 10055
  1300 10018
  1301 10018
  1302 10018
  1303 10018
  1304 10018
  1305 10018
  1306 10018
  1307 10018
  1308 10018
  1309 10018
  1310 10018
  1311 10018
  1312 10018
  1313 10055
  1314 10055
  1315 10055
  1316 10055
  1317 10055
  1318 10055
  1319 10055
  1320 10055
  1321 10055
  1322 10055
  1323 10106
  1324 10101
  1326 10101
  1328 10101
  1329 10091
  1331 10019
  1332 10019
  1333 10019
  1334 10019
  1335 10019
  1336 10019
  1337 10019
  1338 10019
  1339 10019
  1340 10019
  1341 10019
  1342 10019
  1343 10019
  1344 10028
  1345 10019
  1346 10019
  1347 10019
  1348 10019
  1349 10019
  1350 10019
  1351 10019
  1352 10019
  1353 10019
  1354 10019
  1355 10019
  1356 10019
  1357 10019
  1358 10019
  1359 10019
  1360 10019
  1361 10019
  1362 10019
  1363 10019
  1364 10019
  1365 10019
  1366 10019
  1367 10019
  1368 10019
  1369 10019
  1370 10019
  1371 10019
  1372 10019
  1373 10019
  1374 10019
  1376 10019
  1377 10019
  1378 10019
  1379 10019
  1380 10041
  1381 10019
  1382 10019
  1383 10019
  1384 10019
  1386 10016
  1387 10022
  1388 10016
  1389 10016
  1390 10016
  1391 10016
  1392 10016
  1393 10016
  1394 10016
  1395 10016
  1396 10016
  1397 10016
  1398 10016
  1399 10016
  1400 10016
  1401 10016
  1402 10016
  1403 10022
  1404 10016
  1405 10016
  1406 10016
  1407 10016
  1408 10016
  1409 10016
  1410 10016
  1411 10016
  1412 10016
  1413 10016
  1414 10016
  1415 10016
  1416 10016
  1417 10016
  1418 10016
  1419 10016
  1420 10016
  1421 10016
  1422 10016
  1423 10016
  1424 10016
  1425 10016
  1426 10016
  1427 10016
  1428 10016
  1429 10016
  1430 10016
  1431 10016
  1432 10016
  1433 10016
  1434 10016
  1435 10016
  1436 10016
  1437 10016
  1438 10016
  1439 10016
  1440 10016
  1441 10016
  1442 10016
  1443 10016
  1444 10016
  1445 10016
  1446 10016
  1447 10016
  1448 10016
  1449 10016
  1450 10016
  1451 10016
  1452 10016
  1453 10016
  1454 10016
  1455 10016
  1456 10016
  1457 10016
  1458 10016
  1459 10016
  1460 10016
  1461 10016
  1462 10016
  1463 10016
  1464 10016
  1465 10016
  1466 10022
  1467 10016
  1468 10016
  1469 10016
  1470 10016
  1471 10016
  1472 10016
  1473 10016
  1474 10022
  1475 10016
  1476 10016
  1477 10022
  1478 10016
  1479 10016
  1480 10016
  1481 10016
  1482 10016
  1483 10022
  1484 10016
  1485 10016
  1486 10022
  1487 10016
  1488 10016
  1489 10016
  1490 10016
  1491 10022
  1492 10022
  1493 10042
  1494 10042
  1495 10042
  1496 10042
  1497 10042
  1498 10011
  1499 10011
  1500 10083
  1501 10042
  1502 10022
  1503 10022
  1504 10022
  1505 10022
  1506 10022
  1507 10022
  1508 10022
  1509 10022
  1510 10022
  1511 10022
  1512 10022
  1513 10022
  1514 10022
  1515 10022
  1516 10022
  1517 10022
  1526 10017
  1527 10022
  1528 10022
  1529 10022
  1530 10022
  1531 10017
  1532 10022
  1533 10017
  1534 10017
  1536 10022
  1537 10022
  1538 10022
  1539 10022
  1540 10022
  1541 10022
  1542 10022
  1543 10022
  1544 10022
  1545 10022
  1546 10022
  1547 10022
  1548 10022
  1549 10022
  1550 10022
  1551 10022
  1552 10022
  1553 10022
  1554 10022
  1555 10022
  1556 10022
  1557 10022
  1558 10022
  1559 10022
  1560 10022
  1561 10022
  1562 10022
  1563 10022
  1564 10022
  1565 10022
  1566 10022
  1567 10022
  1568 10022
  1569 10022
  1570 10022
  1571 10022
  1572 10022
  1573 10022
  1574 10022
  1575 10022
  1576 10022
  1577 10022
  1578 10022
  1579 10151
  1580 10022
  1581 10022
  1582 10138
  1583 10022
  1584 10022
  1585 10022
  1586 10138
  1587 10022
  1588 10138
  1589 10022
  1590 10022
  1591 10022
  1592 10022
  1593 10041
  1594 10022
  1595 10041
  1596 10022
  1597 10041
  1598 10022
  1599 10022
  1600 10022
  1601 10022
  1602 10022
  1603 10022
  1604 10022
  1605 10022
  1606 10022
  1607 10022
  1608 10022
  1609 10022
  1610 10022
  1611 10022
  1612 10022
  1613 10022
  1614 10022
  1615 10022
  1616 10022
  1617 10019
  1618 10019
  1620 10152
  1621 10152
  1622 10152
  1623 10152
  1624 10152
  1625 10152
  1626 10034
  1627 10152
  1628 10152
  1629 10152
  1630 10152
  1631 10152
  1632 10152
  1633 10152
  1634 10152
  1635 10152
  1636 10152
  1637 10152
  1638 10152
  1639 10152
  1640 10152
  1641 10152
  1642 10152
  1643 10152
  1644 10152
  1645 10152
  1646 10152
  1647 10152
  1648 10152
  1649 10152
  1650 10152
  1651 10152
  1652 10152
  1653 10152
  1654 10152
  1655 10152
  1656 10152
  1657 10152
  1658 10152
  1659 10152
  1660 10152
  1661 10152
  1662 10152
  1663 10152
  1664 10152
  1665 10152
  1666 10152
  1667 10152
  1668 10152
  1669 10152
  1670 10152
  1671 10152
  1672 10152
  1673 10152
  1674 10152
  1675 10152
  1676 10152
  1677 10152
  1678 10152
  1679 10152
  1680 10152
  1681 10152
  1682 10152
  1683 10152
  1684 10152
  1685 10152
  1686 10152
  1687 10152
  1688 10152
  1689 10152
  1690 10152
  1691 10152
  1692 10152
  1693 10152
  1694 10152
  1695 10152
  1696 10152
  1699 10152
  1700 10152
  1701 10152
  1702 10152
  1703 10152
  1704 10152
  1705 10152
  1706 10152
  1707 10152
  1708 10152
  1709 10152
  1710 10152
  1711 10152
  1712 10152
  1713 10152
  1714 10152
  1715 10152
  1716 10152
  1717 10152
  1718 10152
  1719 10152
  1720 10152
  1721 10152
  1722 10152
  1723 10152
  1724 10152
  1725 10152
  1726 10152
  1727 10152
  1728 10152
  1729 10034
  1730 10034
  1731 10034
  1732 10034
  1733 10034
  1734 10034
  1735 10034
  1736 10034
  1737 10034
  1738 10034
  1739 10152
  1740 10152
  1741 10152
  1742 10152
  1743 10152
  1744 10152
  1745 10152
  1746 10152
  1747 10152
  1748 10034
  1749 10034
  1750 10034
  1751 10034
  1752 10152
  1753 10152
  1754 10152
  1755 10152
  1756 10152
  1757 10152
  1758 10152
  1759 10152
  1760 10152
  1761 10152
  1762 10034
  1763 10034
  1764 10034
  1765 10034
  1766 10034
  1767 10034
  1768 10034
  1769 10034
  1770 10034
  1771 10152
  1772 10152
  1773 10152
  1774 10152
  1775 10152
  1777 10152
  1779 10152
  1782 10152
  1783 10152
  1784 10034
  1785 10152
  1786 10152
  1787 10152
  1788 10034
  1789 10152
  1790 10152
  1791 10152
  1792 10152
  1793 10152
  1794 10152
  1795 10152
  1796 10152
  1797 10152
  1798 10152
  1799 10152
  1800 10152
  1801 10034
  1802 10152
  1803 10152
  1804 10152
  1805 10152
  1806 10152
  1807 10152
  1808 10152
  1809 10152
  1810 10152
  1811 10152
  1812 10152
  1813 10152
  1814 10152
  1815 10034
  1816 10152
  1817 10152
  1818 10152
  1819 10152
  1820 10152
  1821 10034
  1822 10152
  1823 10152
  1824 10034
  1825 10152
  1826 10152
  1827 10152
  1828 10152
  1829 10152
  1830 10152
  1831 10152
  1832 10152
  1833 10152
  1834 10152
  1835 10152
  1836 10152
  1837 10152
  1838 10034
  1839 10152
  1840 10152
  1841 10152
  1842 10152
  1843 10152
  1844 10152
  1845 10152
  1846 10152
  1847 10152
  1848 10152
  1849 10152
  1850 10152
  1851 10152
  1852 10152
  1853 10152
  1854 10152
  1855 10152
  1856 10152
  1857 10019
  1858 10019
  1859 10072
  1860 10049
  1862 10063
  1863 10063
  1864 10063
  1865 10063
  1866 10063
  1868 10070
  1869 10063
  1876 10090
  1877 10090
  1878 10090
  1879 10090
  1880 10063
  1881 10063
  1882 10063
  1883 10063
  1884 10070
  1885 10070
  1886 10070
  1887 10070
  1888 10070
  1889 10070
  1890 10070
  1891 10070
  1892 10070
  1893 10070
  1894 10070
  1916 10070
  1917 10070
  1918 10070
  1919 10070
  1920 10070
  1926 10070
  1927 10070
  1928 10070
  1929 10070
  1930 10070
  1931 10070
  1932 10070
  1933 10070
  1934 10070
  1935 10070
  1936 10070
  1937 10070
  1938 10070
  1939 10070
  1940 10070
  1941 10070
  1942 10070
  1949 10070
  1950 10070
  1951 10070
  1952 10070
  1953 10070
  1954 10063
  1955 10063
  1956 10063
  1957 10063
  1958 10070
  1959 10063
  1960 10063
  1961 10063
  1962 10091
  1963 10091
  1964 10091
  1965 10091
  1966 10091
  1967 10091
  1968 10091
  1969 10091
  1970 10091
  1971 10091
  1972 10091
  1973 10091
  1974 10070
  1975 10070
  1976 10070
  1977 10070
  1978 10070
  1979 10070
  1980 10070
  1981 10070
  1982 10060
  1983 10060
  1985 10070
  1986 10070
  1988 10070
  1989 10070
  1990 10070
  1991 10070
  1992 10070
  1993 10070
  1994 10070
  2005 10070
  2006 10070
  2007 10070
  2014 10063
  2015 10063
  2016 10070
  2017 10070
  2018 10070
  2019 10063
  2020 10063
  2021 10063
  2022 10063
  2023 10063
  2024 10063
  2027 10028
  2028 10028
  2029 10028
  2030 10028
  2031 10028
  2032 10028
