   688 10162
   689 10162
   690 10162
   691 10162
   692 10162
   693 10162
   694 10162
   695 10162
   696 10162
   697 10162
   698 10162
   699 10162
   700 10162
   701 10162
   702 10162
   703 10162
   704 10162
   705 10162
   706 10162
   707 10162
   708 10162
   709 10162
   710 10162
   711 10162
   712 10162
   716 10162
   717 10162
   718 10162
   719 10162
   720 10162
   727 10162
   728 10162
   729 10162
   730 10162
   731 10162
   733 10162
   734 10162
   738 10162
   739 10162
   740 10162
   741 10162
   742 10162
   743 10162
   744 10162
   745 10162
   746 10162
   747 10162
   748 10162
   749 10162
   750 10162
   751 10162
   752 10162
   753 10162
   754 10162
   755 10162
   756 10162
   757 10162
   758 10162
   759 10162
   760 10162
   761 10162
   762 10162
   763 10162
   764 10162
   765 10162
   766 10162
   767 10162
   768 10162
   769 10162
   770 10162
   771 10162
   772 10162
   773 10162
   774 10162
   775 10162
   776 10162
   777 10162
   778 10162
   785 10122
   786 10005
   787 10005
   788 10005
   789 10005
   790 10005
   791 10005
   792 10005
   793 10005
   794 10005
   795 10005
   796 10005
   797 10005
   798 10005
   799 10005
   800 10005
   801 10005
   802 10005
   803 10005
   804 10005
   805 10005
   806 10005
   807 10005
   808 10005
   809 10005
   810 10005
   811 10005
   812 10005
   813 10005
   814 10005
   815 10005
   816 10005
   817 10005
   818 10005
   819 10005
   820 10005
   821 10005
   822 10005
   823 10005
   824 10005
   825 10005
   826 10005
   827 10005
   828 10005
   829 10005
   830 10005
   831 10005
   832 10005
   833 10005
   834 10005
   835 10005
   836 10005
   837 10005
   838 10005
   839 10005
   840 10005
   841 10005
   842 10005
   843 10005
   844 10005
   845 10005
   846 10005
   847 10005
   848 10005
   849 10005
   850 10005
   851 10005
   852 10005
   853 10005
   854 10005
   855 10005
   856 10005
   857 10005
   858 10005
   859 10005
   860 10005
   861 10005
   862 10005
   863 10005
   864 10005
   865 10005
   866 10005
   867 10005
   868 10005
   869 10005
   870 10005
   871 10005
   872 10005
   873 10005
   874 10005
   875 10005
   876 10005
   877 10005
   878 10005
   879 10005
   880 10005
   881 10005
   882 10005
   883 10005
   884 10005
   885 10005
   886 10005
   887 10005
   888 10005
   889 10005
   890 10005
   891 10005
   892 10005
   893 10005
   894 10005
   895 10005
   896 10005
   897 10005
   898 10005
   899 10005
   900 10005
   901 10005
   902 10005
   903 10005
   904 10005
   905 10005
   906 10005
   907 10005
   908 10005
   909 10005
   910 10005
   911 10005
   912 10005
   913 10005
   914 10005
   915 10005
   916 10005
   917 10005
   918 10005
   919 10005
   920 10005
   921 10005
   922 10005
   923 10005
   924 10005
   925 10005
   926 10005
   927 10005
   928 10005
   929 10005
   930 10005
   931 10005
   932 10005
   933 10005
   934 10005
   935 10005
   936 10005
   937 10005
   938 10005
   939 10005
   940 10005
   941 10005
   942 10005
   943 10005
   944 10005
   945 10005
   946 10005
   947 10005
   948 10005
   949 10005
   950 10005
   951 10005
   952 10005
   953 10005
   954 10005
   955 10005
   956 10005
   957 10005
   958 10005
   959 10005
   960 10005
   961 10005
   962 10005
   963 10005
   964 10005
   965 10005
   966 10005
   967 10005
   968 10005
   969 10005
   970 10005
   971 10005
   972 10005
   973 10005
   974 10005
   975 10005
   976 10005
   977 10005
   978 10005
   979 10005
   980 10005
   981 10005
   982 10005
   983 10005
   984 10005
   985 10005
   986 10005
   987 10005
   988 10005
   989 10005
   990 10005
   991 10005
   992 10005
   993 10005
   994 10005
   995 10005
   996 10005
   997 10005
   998 10005
   999 10005
  1000 10005
  1001 10005
  1002 10005
  1003 10005
  1004 10005
  1005 10005
  1006 10005
  1007 10005
  1008 10005
  1009 10005
  1010 10005
  1011 10005
  1012 10005
  1013 10005
  1014 10005
  1015 10005
  1016 10005
  1017 10005
  1018 10005
  1019 10005
  1020 10143
  1021 10143
  1022 10143
  1023 10143
  1024 10167
  1025 10167
  1026 10167
  1027 10167
  1028 10167
  1029 10167
  1030 10167
  1031 10167
  1032 10167
  1033 10167
  1034 10167
  1035 10167
  1036 10167
  1037 10167
  1038 10167
  1039 10167
  1040 10074
  1041 10167
  1042 10167
  1043 10167
  1044 10167
  1045 10167
  1046 10167
  1047 10167
  1048 10167
  1049 10167
  1050 10167
  1051 10167
  1052 10167
  1053 10167
  1054 10167
  1055 10167
  1056 10167
  1057 10167
  1058 10167
  1059 10167
  1060 10167
  1061 10167
  1062 10167
  1063 10167
  1064 10167
  1065 10167
  1066 10167
  1067 10167
  1068 10167
  1069 10167
  1070 10167
  1071 10167
  1072 10167
  1073 10167
  1074 10167
  1075 10167
  1076 10167
  1077 10167
  1078 10167
  1079 10167
  1080 10167
  1081 10167
  1082 10167
  1083 10167
  1084 10167
  1085 10167
  1086 10167
  1087 10167
  1088 10167
  1089 10167
  1090 10167
  1091 10167
  1092 10167
  1093 10167
  1094 10167
  1095 10167
  1096 10167
  1097 10081
  1098 10167
  1099 10167
  1100 10167
  1101 10167
  1102 10167
  1103 10167
  1104 10167
  1105 10167
  1106 10167
  1107 10167
  1108 10167
  1109 10167
  1110 10167
  1111 10167
  1112 10167
  1113 10167
  1114 10167
  1115 10167
  1116 10167
  1117 10167
  1118 10167
  1119 10167
  1120 10167
  1121 10167
  1122 10167
  1123 10167
  1124 10167
  1125 10167
  1126 10167
  1127 10167
  1128 10167
  1129 10167
  1130 10167
  1131 10167
  1132 10167
  1133 10167
  1134 10167
  1135 10167
  1136 10167
  1137 10167
  1138 10167
  1139 10167
  1140 10167
  1141 10167
  1142 10167
  1143 10167
  1144 10167
  1145 10167
  1146 10167
  1147 10167
  1148 10167
  1149 10167
  1150 10167
  1151 10167
  1152 10167
  1153 10167
  1154 10167
  1155 10167
  1156 10167
  1157 10167
  1158 10167
  1159 10167
  1160 10167
  1161 10167
  1162 10167
  1163 10167
  1164 10167
  1165 10167
  1166 10167
  1167 10167
  1168 10167
  1169 10167
  1170 10167
  1171 10167
  1172 10167
  1173 10167
  1174 10167
  1175 10167
  1176 10167
  1177 10167
  1178 10167
  1179 10167
  1180 10167
  1181 10167
  1182 10167
  1183 10167
  1184 10167
  1185 10167
  1186 10167
  1187 10167
  1188 10167
  1189 10167
  1190 10167
  1191 10167
  1192 10167
  1193 10167
  1194 10167
  1195 10167
  1196 10167
  1197 10167
  1198 10167
  1199 10167
  1200 10167
  1201 10167
  1202 10167
  1203 10167
  1204 10167
  1205 10167
  1206 10167
  1207 10167
  1208 10167
  1209 10167
  1210 10167
  1211 10167
  1212 10167
  1213 10167
  1214 10167
  1215 10167
  1216 10167
  1217 10167
  1218 10167
  1219 10167
  1220 10167
  1221 10167
  1222 10167
  1223 10167
  1224 10167
  1225 10167
  1226 10167
  1227 10167
  1228 10167
  1229 10167
  1230 10167
  1231 10167
  1232 10167
  1233 10167
  1234 10167
  1235 10167
  1236 10167
  1237 10167
  1238 10167
  1239 10167
  1240 10167
  1241 10167
  1242 10167
  1243 10167
  1244 10167
  1245 10167
  1246 10167
  1247 10167
  1248 10167
  1249 10167
  1250 10167
  1251 10167
  1252 10167
  1253 10167
  1254 10167
  1255 10167
  1256 10167
  1257 10167
  1258 10016
  1260 10055
  1261 10018
  1262 10018
  1263 10018
  1264 10018
  1265 10018
  1266 10018
  1267 10018
  1268 10018
  1269 10018
  1270 10018
  1271 10055
  1272 10055
  1273 10055
  1274 10158
  1275 10055
  1276 10055
  1277 10055
  1278 10055
  1279 10055
  1280 10055
  1281 10055
  1282 10055
  1283 10055
  1284 10055
  1285 10055
  1286 10055
  1287 10055
  1288 10055
  1289 10055
  1290 10055
  1291 10055
  1292 10055
  1293 10055
  1294 10018
  1295 10018
  1296 10098
  1297 10055
  1298 10055
  1299 10055
  1300 10018
  1301 10018
  1302 10055
  1303 10158
  1304 10055
  1305 10055
  1306 10018
  1307 10055
  1308 10018
  1309 10018
  1310 10018
  1311 10018
  1312 10018
  1313 10055
  1314 10055
  1315 10055
  1316 10143
  1317 10143
  1318 10143
  1319 10143
  1320 10016
  1321 10016
  1322 10016
  1323 10016
  1324 10016
  1325 10143
  1326 10016
  1327 10016
  1328 10016
  1329 10016
  1330 10143
  1331 10143
  1332 10143
  1333 10143
  1334 10016
  1335 10016
  1336 10143
  1337 10016
  1338 10016
  1339 10016
  1340 10016
  1341 10016
  1342 10016
  1343 10016
  1344 10016
  1345 10016
  1346 10016
  1347 10016
  1348 10016
  1349 10016
  1350 10016
  1351 10016
  1352 10016
  1353 10016
  1354 10016
  1355 10016
  1356 10016
  1357 10016
  1358 10016
  1359 10143
  1360 10143
  1361 10143
  1362 10143
  1363 10016
  1364 10016
  1365 10016
  1366 10016
  1367 10016
  1368 10016
  1369 10016
  1370 10016
  1371 10016
  1372 10016
  1373 10016
  1374 10143
  1375 10143
  1376 10143
  1377 10016
  1378 10016
  1379 10016
  1380 10016
  1381 10016
  1382 10016
  1383 10016
  1384 10016
  1385 10016
  1386 10016
  1387 10016
  1388 10016
  1389 10016
  1390 10016
  1391 10016
  1392 10016
  1393 10016
  1394 10016
  1395 10016
  1396 10016
  1397 10016
  1398 10016
  1399 10016
  1400 10016
  1401 10016
  1402 10016
  1403 10016
  1404 10016
  1405 10016
  1406 10016
  1407 10016
  1408 10016
  1409 10016
  1410 10016
  1411 10016
  1412 10016
  1413 10016
  1414 10016
  1415 10016
  1416 10016
  1417 10016
  1418 10016
  1419 10016
  1420 10016
  1421 10016
  1422 10016
  1423 10016
  1424 10016
  1425 10016
  1426 10016
  1427 10016
  1428 10016
  1429 10016
  1430 10016
  1431 10016
  1432 10016
  1433 10016
  1434 10016
  1435 10016
  1436 10016
  1437 10016
  1438 10016
  1439 10016
  1440 10016
  1441 10016
  1442 10016
  1443 10016
  1444 10016
  1445 10016
  1446 10016
  1447 10016
  1448 10016
  1449 10016
  1450 10016
  1451 10016
  1452 10016
  1453 10016
  1454 10016
  1455 10016
  1456 10016
  1457 10016
  1458 10016
  1459 10016
  1460 10016
  1461 10016
  1462 10016
  1463 10016
  1464 10016
  1465 10016
  1466 10016
  1467 10016
  1468 10016
  1469 10016
  1470 10016
  1471 10016
  1472 10016
  1473 10016
  1474 10016
  1475 10016
  1476 10016
  1477 10016
  1478 10016
  1479 10016
  1480 10016
  1481 10016
  1482 10016
  1483 10016
  1484 10016
  1485 10016
  1486 10081
  1487 10016
  1488 10016
  1489 10016
  1490 10016
  1491 10016
  1492 10016
  1493 10016
  1494 10016
  1495 10016
  1496 10016
  1497 10016
  1498 10016
  1499 10016
  1500 10016
  1501 10016
  1502 10016
  1503 10016
  1504 10016
  1505 10016
  1506 10016
  1507 10016
  1508 10016
  1509 10016
  1510 10016
  1511 10016
  1512 10016
  1513 10016
  1514 10016
  1515 10016
  1516 10016
  1517 10016
  1518 10016
  1519 10016
  1520 10016
  1521 10016
  1522 10016
  1523 10016
  1524 10016
  1525 10016
  1526 10016
  1527 10016
  1528 10016
  1529 10016
  1530 10016
  1531 10016
  1532 10016
  1533 10016
  1534 10016
  1535 10016
  1536 10016
  1537 10016
  1538 10016
  1539 10016
  1540 10016
  1541 10016
  1542 10016
  1543 10016
  1544 10016
  1545 10016
  1546 10016
  1547 10016
  1548 10016
  1549 10016
  1550 10016
  1551 10016
  1552 10016
  1553 10016
  1554 10016
  1555 10016
  1556 10016
  1557 10016
  1558 10016
  1559 10016
  1560 10016
  1561 10016
  1562 10016
  1563 10016
  1564 10016
  1565 10016
  1566 10016
  1567 10016
  1568 10016
  1569 10016
  1570 10016
  1571 10016
  1572 10016
  1573 10016
  1574 10016
  1575 10016
  1576 10016
  1577 10016
  1578 10016
  1579 10016
  1580 10016
  1581 10016
  1582 10016
  1583 10016
  1584 10016
  1585 10016
  1586 10016
  1587 10016
  1588 10016
  1589 10016
  1590 10016
  1591 10016
  1592 10016
  1593 10016
  1594 10016
  1595 10016
  1596 10016
  1597 10016
  1598 10016
  1599 10016
  1600 10016
  1601 10016
  1602 10016
  1603 10016
  1604 10016
  1605 10016
  1606 10016
  1607 10016
  1608 10016
  1609 10016
  1610 10016
  1611 10016
  1612 10016
  1613 10016
  1614 10016
  1615 10016
  1617 10036
  1621 10149
  1629 10011
  1630 10011
  1631 10011
  1632 10011
  1633 10011
  1634 10011
  1635 10011
  1636 10011
  1637 10011
  1638 10011
  1639 10011
  1640 10011
  1641 10011
  1642 10011
  1643 10011
  1644 10011
  1645 10011
  1646 10011
  1647 10011
  1648 10011
  1649 10011
  1650 10011
  1651 10011
  1652 10011
  1653 10011
  1654 10011
  1655 10011
  1656 10011
  1657 10011
  1658 10011
  1659 10011
  1660 10011
  1661 10011
  1662 10011
  1663 10011
  1664 10011
  1665 10011
  1666 10011
  1667 10011
  1668 10011
  1669 10011
  1670 10011
  1671 10011
  1672 10011
  1673 10011
  1674 10011
  1675 10011
  1676 10011
  1677 10011
  1678 10011
  1679 10011
  1680 10011
  1681 10011
  1682 10011
  1683 10011
  1684 10011
  1685 10011
  1686 10011
  1687 10011
  1688 10011
  1689 10011
  1690 10011
  1691 10011
  1692 10011
  1693 10011
  1694 10011
  1695 10011
  1696 10011
  1697 10011
  1698 10011
  1699 10011
  1700 10011
  1701 10011
  1702 10011
  1703 10011
  1704 10011
  1705 10011
  1706 10011
  1707 10011
  1708 10011
  1709 10011
  1710 10011
  1711 10011
  1712 10011
  1713 10011
  1714 10011
  1715 10011
  1716 10011
  1717 10011
  1718 10011
  1719 10011
  1720 10011
  1721 10011
  1722 10011
  1723 10011
  1724 10011
  1725 10011
  1726 10011
  1727 10011
  1728 10011
  1729 10011
  1730 10011
  1731 10011
  1732 10011
  1733 10011
  1734 10011
  1735 10011
  1736 10011
  1737 10011
  1738 10011
  1739 10011
  1740 10011
  1741 10011
  1742 10011
  1743 10011
  1744 10011
  1745 10011
  1746 10011
  1747 10011
  1748 10011
  1749 10011
  1750 10011
  1751 10011
  1752 10011
  1753 10011
  1754 10011
  1755 10011
  1756 10011
  1757 10011
  1758 10011
  1759 10011
  1760 10011
  1761 10011
  1762 10011
  1763 10011
  1764 10011
  1765 10011
  1766 10011
  1767 10011
  1768 10011
  1769 10011
  1770 10011
  1771 10011
  1772 10011
  1773 10011
  1774 10011
  1775 10011
  1776 10011
  1777 10011
  1778 10011
  1779 10011
  1780 10011
  1781 10011
  1782 10011
  1783 10011
  1784 10011
  1785 10011
  1786 10011
  1787 10011
  1788 10011
  1789 10011
  1790 10011
  1791 10011
  1792 10011
  1793 10011
  1794 10011
  1795 10011
  1796 10011
  1797 10011
  1798 10011
  1799 10011
  1800 10011
  1801 10011
  1802 10011
  1803 10011
  1804 10011
  1805 10011
  1806 10011
  1807 10011
  1808 10011
  1809 10011
  1810 10011
  1811 10011
  1812 10011
  1813 10011
  1814 10011
  1815 10011
  1816 10011
  1817 10011
  1818 10011
  1819 10011
  1820 10011
  1821 10011
  1822 10011
  1823 10011
  1824 10011
  1825 10011
  1826 10011
  1827 10011
  1828 10011
  1829 10011
  1830 10011
  1831 10011
  1832 10011
  1833 10011
  1834 10011
  1835 10011
  1836 10011
  1837 10011
  1838 10011
  1839 10011
  1840 10011
  1841 10011
  1842 10011
  1843 10011
  1844 10011
  1845 10011
  1846 10011
  1847 10011
  1848 10011
  1849 10011
  1850 10011
  1851 10011
  1852 10011
  1853 10011
  1854 10011
  1855 10011
  1856 10003
  1857 10083
  1858 10071
  1859 10071
  1860 10101
  1861 10101
  1862 10128
  1863 10134
  1864 10134
  1865 10134
  1866 10134
  1867 10134
  1868 10134
  1869 10134
  1870 10134
  1871 10134
  1872 10134
  1873 10134
  1874 10134
  1875 10134
  1876 10134
  1877 10134
  1878 10134
  1879 10134
  1880 10134
  1881 10134
  1882 10134
  1883 10134
  1884 10134
  1885 10134
  1886 10134
  1887 10134
  1888 10134
  1889 10134
  1890 10134
  1891 10134
  1892 10134
  1893 10134
  1894 10134
  1895 10134
  1896 10134
  1897 10134
  1898 10134
  1899 10134
  1900 10134
  1901 10134
  1902 10134
  1903 10134
  1904 10134
  1905 10134
  1906 10134
  1907 10134
  1908 10134
  1909 10134
  1910 10134
  1911 10134
  1912 10134
  1913 10134
  1914 10134
  1915 10134
  1916 10134
  1917 10134
  1918 10134
  1919 10134
  1920 10134
  1921 10134
  1922 10134
  1923 10134
  1924 10134
  1925 10134
  1926 10134
  1927 10134
  1928 10134
  1929 10134
  1930 10134
  1931 10134
  1932 10134
  1933 10134
  1934 10134
  1935 10134
  1936 10134
  1937 10134
  1938 10134
  1939 10134
  1940 10134
  1941 10134
  1942 10134
  1943 10134
  1944 10134
  1945 10134
  1946 10134
  1947 10134
  1948 10134
  1949 10134
  1950 10134
  1951 10134
  1952 10134
  1953 10134
  1954 10134
  1955 10134
  1956 10134
  1957 10134
  1958 10134
  1959 10134
  1960 10134
  1961 10134
  1962 10134
  1963 10134
  1964 10134
  1965 10134
  1966 10134
  1967 10134
  1968 10134
  1969 10134
  1970 10134
  1971 10134
  1972 10134
  1973 10134
  1974 10134
  1975 10134
  1976 10134
  1977 10134
  1978 10134
  1979 10134
  1980 10134
  1981 10134
  1982 10134
  1983 10134
  1984 10134
  1985 10134
  1986 10134
  1987 10134
  1988 10134
  1989 10134
  1990 10134
  1991 10134
  1992 10134
  1993 10134
  1994 10134
  1995 10134
  1996 10134
  1997 10134
  1998 10134
  1999 10134
  2000 10134
  2001 10134
  2002 10134
  2003 10134
  2004 10134
  2005 10134
  2006 10134
  2007 10134
  2008 10134
  2009 10134
  2010 10134
  2011 10134
  2012 10134
  2013 10134
  2014 10134
  2015 10134
  2016 10134
  2017 10134
  2018 10134
  2019 10134
  2020 10134
  2021 10134
  2022 10134
  2023 10134
