   685 10140
   686 10140
   687 10018
   688 10018
   689 10018
   690 10018
   691 10018
   692 10018
   693 10018
   694 10018
   695 10018
   696 10018
   697 10018
   698 10018
   699 10018
   700 10018
   701 10018
   702 10018
   703 10018
   704 10055
   705 10055
   706 10055
   707 10055
   708 10055
   709 10055
   710 10055
   711 10055
   712 10055
   713 10055
   714 10055
   715 10018
   716 10055
   717 10055
   718 10055
   719 10055
   720 10055
   721 10055
   722 10055
   723 10055
   724 10055
   725 10055
   726 10055
   727 10055
   728 10055
   729 10055
   730 10018
   731 10018
   732 10055
   733 10055
   734 10055
   735 10055
   736 10055
   737 10055
   738 10055
   739 10055
   740 10055
   741 10018
   742 10018
   743 10018
   744 10018
   745 10018
   746 10018
   747 10018
   748 10055
   749 10055
   750 10055
   751 10055
   752 10055
   753 10055
   754 10055
   755 10055
   756 10055
   757 10055
   758 10055
   759 10055
   760 10055
   761 10055
   762 10055
   763 10055
   764 10055
   765 10055
   766 10055
   767 10055
   768 10055
   769 10055
   770 10055
   771 10055
   772 10055
   773 10055
   774 10055
   775 10173
   776 10055
   777 10173
   783 10091
   785 10022
   786 10022
   787 10022
   788 10022
   789 10022
   790 10022
   791 10022
   792 10022
   793 10022
   794 10022
   795 10022
   796 10022
   797 10022
   798 10022
   799 10022
   800 10022
   801 10022
   802 10022
   803 10022
   804 10022
   805 10022
   806 10022
   807 10022
   808 10022
   809 10022
   810 10022
   811 10022
   812 10022
   813 10022
   814 10022
   815 10022
   816 10022
   817 10022
   818 10022
   819 10022
   820 10022
   821 10022
   822 10022
   823 10022
   824 10022
   825 10022
   826 10022
   827 10022
   828 10022
   829 10022
   830 10022
   831 10022
   832 10022
   833 10022
   834 10022
   835 10022
   836 10022
   837 10022
   838 10022
   839 10022
   840 10022
   841 10022
   842 10022
   843 10022
   844 10022
   845 10022
   846 10022
   847 10022
   848 10022
   849 10022
   850 10022
   851 10022
   852 10022
   853 10022
   854 10022
   855 10022
   856 10022
   857 10022
   858 10022
   859 10022
   860 10022
   861 10022
   862 10022
   863 10022
   864 10022
   865 10022
   866 10022
   867 10022
   868 10022
   869 10022
   870 10022
   871 10022
   872 10022
   873 10022
   874 10022
   875 10022
   876 10022
   877 10022
   878 10022
   879 10022
   880 10022
   881 10022
   882 10022
   883 10022
   884 10022
   885 10022
   886 10022
   887 10022
   888 10022
   889 10022
   890 10022
   891 10022
   892 10022
   893 10022
   894 10022
   895 10022
   896 10022
   897 10022
   898 10022
   899 10022
   900 10022
   901 10022
   902 10022
   903 10022
   904 10022
   905 10022
   906 10022
   907 10022
   908 10022
   909 10022
   910 10022
   911 10022
   912 10022
   913 10022
   914 10022
   915 10022
   916 10022
   917 10022
   918 10022
   919 10022
   920 10022
   921 10022
   922 10022
   923 10022
   924 10022
   925 10022
   926 10022
   927 10022
   928 10022
   929 10022
   930 10022
   931 10022
   932 10022
   933 10022
   934 10022
   935 10022
   936 10022
   937 10022
   938 10022
   939 10022
   940 10022
   941 10022
   942 10022
   943 10022
   944 10022
   945 10022
   946 10022
   947 10022
   948 10022
   949 10022
   950 10022
   951 10022
   952 10022
   953 10022
   954 10022
   955 10022
   956 10022
   957 10022
   958 10022
   959 10022
   960 10022
   961 10022
   962 10022
   963 10022
   964 10022
   965 10022
   966 10022
   967 10022
   968 10022
   969 10022
   970 10022
   971 10022
   972 10022
   973 10022
   974 10022
   975 10022
   976 10022
   977 10022
   978 10022
   979 10022
   980 10022
   981 10022
   982 10022
   983 10022
   984 10022
   985 10022
   986 10022
   987 10022
   988 10022
   989 10022
   990 10022
   991 10022
   992 10022
   993 10022
   994 10022
   995 10022
   996 10022
   997 10022
   998 10022
   999 10022
  1000 10022
  1001 10022
  1002 10022
  1003 10022
  1004 10022
  1005 10022
  1006 10022
  1007 10022
  1008 10022
  1009 10022
  1010 10022
  1011 10022
  1012 10022
  1013 10022
  1014 10022
  1015 10019
  1016 10019
  1019 10101
  1020 10101
  1021 10101
  1022 10101
  1023 10101
  1025 10031
  1026 10031
  1027 10031
  1028 10031
  1029 10031
  1030 10031
  1031 10031
  1032 10031
  1033 10031
  1034 10031
  1035 10031
  1036 10031
  1037 10031
  1038 10031
  1039 10031
  1040 10031
  1041 10031
  1042 10031
  1043 10031
  1044 10031
  1045 10031
  1046 10031
  1047 10031
  1048 10031
  1049 10031
  1050 10031
  1051 10031
  1052 10031
  1053 10031
  1054 10031
  1055 10031
  1056 10031
  1057 10031
  1058 10031
  1059 10031
  1060 10031
  1061 10031
  1062 10031
  1063 10031
  1064 10031
  1065 10004
  1066 10004
  1067 10004
  1068 10004
  1069 10004
  1070 10004
  1071 10004
  1072 10004
  1073 10004
  1074 10004
  1075 10031
  1076 10031
  1077 10031
  1078 10031
  1079 10031
  1080 10031
  1086 10031
  1087 10031
  1088 10031
  1089 10031
  1090 10031
  1093 10031
  1095 10031
  1105 10031
  1107 10031
  1108 10031
  1109 10031
  1110 10031
  1111 10031
  1112 10031
  1113 10031
  1117 10031
  1118 10031
  1119 10031
  1120 10031
  1121 10031
  1122 10031
  1123 10031
  1124 10031
  1125 10031
  1126 10031
  1127 10031
  1128 10031
  1129 10031
  1130 10031
  1132 10031
  1133 10031
  1134 10031
  1135 10031
  1138 10031
  1140 10031
  1143 10031
  1144 10031
  1145 10031
  1146 10031
  1147 10031
  1148 10031
  1149 10031
  1150 10031
  1151 10031
  1152 10031
  1153 10031
  1154 10031
  1155 10031
  1156 10031
  1157 10031
  1158 10031
  1161 10031
  1162 10031
  1163 10031
  1164 10031
  1165 10031
  1166 10031
  1167 10031
  1168 10031
  1169 10031
  1170 10031
  1171 10031
  1172 10031
  1173 10031
  1174 10031
  1175 10031
  1176 10031
  1177 10031
  1178 10031
  1179 10007
  1180 10031
  1181 10031
  1182 10031
  1183 10031
  1184 10031
  1185 10031
  1186 10031
  1187 10031
  1188 10031
  1189 10031
  1190 10031
  1191 10031
  1192 10031
  1193 10031
  1194 10031
  1195 10031
  1196 10031
  1197 10031
  1198 10031
  1199 10031
  1200 10031
  1202 10031
  1203 10031
  1204 10031
  1205 10031
  1206 10031
  1207 10031
  1208 10031
  1209 10031
  1210 10031
  1211 10031
  1212 10031
  1213 10031
  1214 10031
  1215 10031
  1216 10031
  1217 10031
  1218 10031
  1219 10031
  1220 10031
  1221 10031
  1222 10031
  1223 10031
  1224 10031
  1225 10031
  1226 10031
  1227 10031
  1228 10031
  1229 10031
  1230 10031
  1231 10031
  1232 10031
  1233 10031
  1234 10031
  1235 10031
  1236 10031
  1237 10031
  1238 10031
  1239 10031
  1240 10031
  1241 10031
  1242 10031
  1243 10031
  1244 10031
  1245 10031
  1246 10031
  1247 10031
  1248 10031
  1249 10031
  1250 10031
  1251 10031
  1252 10031
  1253 10031
  1254 10031
  1255 10031
  1256 10031
  1260 10101
  1261 10101
  1263 10101
  1264 10101
  1269 10152
  1270 10152
  1271 10152
  1272 10152
  1273 10152
  1274 10091
  1281 10023
  1282 10023
  1283 10023
  1284 10126
  1285 10126
  1286 10126
  1287 10126
  1288 10126
  1289 10126
  1290 10126
  1291 10126
  1292 10126
  1293 10126
  1294 10126
  1295 10126
  1296 10126
  1297 10126
  1298 10126
  1299 10126
  1300 10126
  1301 10126
  1302 10126
  1303 10126
  1304 10126
  1305 10126
  1306 10126
  1307 10126
  1308 10126
  1309 10126
  1310 10126
  1311 10126
  1312 10126
  1313 10126
  1314 10126
  1315 10126
  1316 10126
  1317 10126
  1318 10126
  1319 10126
  1320 10126
  1321 10126
  1322 10126
  1323 10126
  1324 10126
  1325 10126
  1326 10126
  1327 10126
  1328 10126
  1329 10126
  1330 10126
  1331 10126
  1332 10126
  1333 10126
  1334 10126
  1335 10126
  1336 10126
  1337 10126
  1338 10126
  1339 10126
  1340 10126
  1341 10126
  1342 10126
  1343 10126
  1344 10126
  1345 10126
  1346 10126
  1347 10126
  1348 10126
  1349 10126
  1350 10126
  1351 10126
  1352 10126
  1353 10126
  1354 10126
  1355 10126
  1356 10126
  1357 10126
  1358 10126
  1359 10126
  1360 10126
  1361 10126
  1362 10126
  1363 10126
  1364 10126
  1365 10126
  1366 10126
  1367 10126
  1368 10126
  1369 10126
  1370 10126
  1371 10126
  1372 10126
  1373 10126
  1374 10126
  1375 10126
  1376 10126
  1377 10126
  1378 10126
  1379 10126
  1380 10126
  1381 10126
  1382 10126
  1383 10126
  1384 10126
  1385 10126
  1386 10126
  1387 10126
  1388 10126
  1389 10126
  1390 10126
  1391 10126
  1392 10126
  1393 10126
  1394 10126
  1395 10126
  1396 10126
  1397 10126
  1398 10126
  1399 10126
  1400 10126
  1401 10126
  1402 10126
  1403 10126
  1404 10126
  1405 10126
  1406 10126
  1407 10126
  1408 10126
  1409 10126
  1410 10126
  1411 10126
  1412 10126
  1413 10126
  1414 10126
  1415 10126
  1416 10126
  1417 10126
  1418 10126
  1419 10126
  1420 10126
  1421 10126
  1422 10126
  1423 10126
  1424 10126
  1425 10126
  1426 10126
  1427 10126
  1428 10126
  1429 10126
  1430 10126
  1431 10126
  1432 10126
  1433 10126
  1434 10126
  1435 10126
  1436 10126
  1437 10126
  1438 10126
  1439 10126
  1440 10126
  1441 10126
  1442 10126
  1443 10126
  1444 10126
  1445 10126
  1446 10126
  1447 10126
  1448 10126
  1449 10126
  1450 10126
  1451 10126
  1452 10126
  1453 10126
  1454 10126
  1455 10126
  1456 10126
  1457 10126
  1458 10126
  1459 10126
  1460 10126
  1461 10126
  1462 10126
  1463 10126
  1464 10126
  1465 10126
  1466 10126
  1467 10126
  1468 10126
  1469 10126
  1470 10126
  1471 10126
  1472 10126
  1473 10126
  1474 10126
  1475 10126
  1476 10126
  1477 10126
  1478 10126
  1479 10126
  1480 10126
  1481 10126
  1482 10126
  1483 10126
  1484 10126
  1485 10126
  1486 10126
  1487 10126
  1488 10126
  1489 10126
  1490 10126
  1491 10126
  1492 10126
  1493 10126
  1494 10126
  1495 10126
  1496 10126
  1497 10126
  1498 10126
  1499 10126
  1500 10068
  1501 10068
  1502 10068
  1508 10055
  1509 10018
  1510 10018
  1511 10018
  1512 10018
  1513 10018
  1514 10018
  1515 10158
  1516 10158
  1517 10158
  1518 10158
  1519 10158
  1520 10158
  1521 10055
  1522 10158
  1550 10076
  1551 10076
  1552 10018
  1553 10055
  1554 10055
  1555 10055
  1618 10128
  1619 10101
  1620 10101
  1621 10169
  1622 10138
  1623 10138
  1624 10138
  1625 10138
  1626 10138
  1627 10138
  1628 10138
  1629 10138
  1630 10138
  1631 10138
  1632 10138
  1633 10138
  1634 10138
  1635 10138
  1636 10138
  1637 10138
  1638 10138
  1639 10138
  1640 10138
  1641 10138
  1642 10138
  1643 10138
  1644 10138
  1645 10138
  1646 10138
  1647 10138
  1648 10138
  1649 10138
  1650 10138
  1651 10138
  1652 10138
  1653 10138
  1654 10138
  1655 10138
  1656 10138
  1657 10138
  1658 10138
  1659 10138
  1660 10138
  1661 10138
  1662 10138
  1663 10138
  1664 10138
  1665 10138
  1666 10138
  1667 10138
  1668 10138
  1669 10138
  1670 10138
  1671 10138
  1672 10138
  1673 10138
  1674 10138
  1675 10138
  1676 10138
  1677 10138
  1678 10138
  1679 10138
  1680 10138
  1681 10138
  1684 10138
  1685 10138
  1686 10138
  1687 10138
  1689 10138
  1691 10138
  1692 10138
  1693 10138
  1694 10138
  1695 10138
  1696 10138
  1697 10138
  1698 10138
  1699 10138
  1701 10138
  1702 10138
  1703 10138
  1704 10138
  1705 10138
  1706 10138
  1707 10138
  1708 10138
  1709 10138
  1710 10138
  1711 10138
  1712 10138
  1713 10138
  1714 10138
  1715 10138
  1716 10138
  1717 10138
  1718 10138
  1719 10138
  1720 10138
  1721 10138
  1722 10138
  1723 10138
  1724 10138
  1725 10138
  1726 10138
  1727 10138
  1728 10138
  1729 10138
  1730 10138
  1731 10138
  1732 10138
  1733 10138
  1734 10138
  1735 10138
  1736 10138
  1737 10138
  1738 10138
  1739 10138
  1742 10138
  1743 10138
  1744 10138
  1745 10138
  1746 10138
  1747 10138
  1748 10138
  1749 10138
  1750 10138
  1751 10138
  1752 10138
  1753 10138
  1759 10138
  1761 10138
  1762 10138
  1763 10138
  1764 10138
  1765 10138
  1766 10138
  1767 10138
  1768 10138
  1769 10138
  1770 10138
  1771 10138
  1772 10138
  1773 10138
  1774 10138
  1775 10138
  1776 10138
  1777 10138
  1778 10138
  1779 10138
  1780 10138
  1781 10138
  1782 10138
  1783 10138
  1784 10138
  1785 10138
  1786 10138
  1787 10138
  1788 10138
  1789 10138
  1790 10138
  1791 10138
  1792 10138
  1793 10138
  1794 10138
  1795 10138
  1798 10138
  1799 10138
  1800 10138
  1801 10138
  1802 10138
  1803 10138
  1804 10138
  1805 10138
  1806 10138
  1807 10138
  1808 10138
  1809 10138
  1810 10138
  1811 10138
  1812 10138
  1820 10138
  1822 10138
  1823 10138
  1824 10138
  1825 10138
  1826 10138
  1827 10138
  1828 10138
  1829 10138
  1830 10138
  1831 10138
  1832 10138
  1838 10138
  1839 10138
  1840 10138
  1841 10138
  1842 10138
  1843 10138
  1844 10138
  1845 10138
  1848 10138
  1849 10138
  1850 10138
  1851 10138
  1852 10138
  1853 10138
  1854 10138
  1855 10138
  1856 10138
  1857 10138
  1858 10138
  1859 10138
  1860 10138
  1861 10138
  1864 10097
  1865 10097
  1866 10097
  1867 10097
  1868 10097
  1869 10097
  1870 10170
  1871 10170
  1872 10170
  1873 10170
  1874 10097
  1875 10170
  1876 10170
  1877 10097
  1878 10097
  1879 10097
  1880 10097
  1881 10097
