   690 10009
   691 10009
   692 10009
   694 10009
   695 10009
   696 10009
   697 10009
   698 10009
   699 10009
   700 10009
   701 10009
   702 10009
   703 10009
   704 10009
   711 10009
   716 10009
   717 10009
   718 10009
   719 10009
   720 10009
   721 10009
   722 10009
   723 10009
   724 10009
   725 10009
   726 10009
   727 10009
   728 10009
   729 10009
   730 10009
   731 10009
   732 10009
   737 10009
   738 10009
   739 10009
   741 10009
   742 10009
   744 10009
   745 10009
   746 10009
   747 10009
   748 10009
   749 10009
   750 10009
   751 10009
   752 10009
   753 10009
   754 10009
   755 10009
   756 10009
   757 10009
   758 10009
   759 10009
   760 10009
   761 10009
   762 10009
   763 10009
   764 10009
   765 10009
   766 10009
   767 10009
   768 10009
   769 10009
   770 10009
   771 10009
   772 10009
   773 10009
   774 10009
   775 10009
   776 10009
   777 10009
   778 10134
   783 10125
   784 10104
   785 10104
   786 10104
   787 10104
   788 10104
   789 10104
   790 10104
   791 10104
   792 10104
   793 10104
   794 10104
   795 10104
   796 10104
   797 10104
   798 10104
   799 10104
   800 10104
   801 10104
   802 10104
   803 10104
   804 10104
   805 10104
   806 10104
   807 10104
   808 10104
   809 10104
   810 10104
   811 10104
   812 10104
   813 10104
   814 10125
   815 10104
   816 10104
   817 10104
   818 10104
   819 10104
   820 10104
   821 10104
   822 10104
   823 10104
   824 10104
   825 10104
   826 10104
   827 10104
   828 10104
   829 10104
   830 10104
   831 10104
   832 10104
   833 10104
   834 10104
   835 10104
   836 10104
   837 10104
   838 10104
   839 10104
   840 10104
   841 10104
   842 10104
   843 10104
   844 10104
   845 10104
   846 10104
   847 10104
   848 10104
   849 10104
   850 10104
   851 10104
   852 10104
   853 10104
   854 10104
   855 10125
   856 10104
   857 10104
   858 10104
   859 10104
   860 10104
   861 10104
   862 10104
   863 10104
   864 10125
   865 10104
   866 10104
   867 10104
   868 10104
   869 10104
   870 10104
   871 10104
   872 10104
   873 10104
   874 10104
   875 10104
   876 10104
   877 10104
   878 10104
   879 10104
   880 10104
   881 10104
   882 10104
   883 10104
   884 10104
   885 10104
   886 10104
   887 10104
   888 10104
   889 10104
   890 10104
   891 10104
   892 10104
   893 10104
   894 10125
   895 10125
   896 10125
   897 10125
   898 10104
   899 10125
   900 10125
   901 10104
   902 10104
   903 10104
   904 10125
   905 10104
   906 10104
   907 10104
   908 10104
   909 10104
   910 10104
   911 10125
   912 10125
   913 10125
   914 10125
   915 10125
   916 10104
   917 10104
   918 10104
   919 10125
   920 10125
   921 10125
   922 10104
   923 10104
   924 10104
   925 10104
   926 10104
   927 10104
   928 10104
   929 10104
   930 10104
   931 10104
   936 10125
   937 10125
   938 10104
   939 10104
   940 10104
   941 10104
   942 10104
   943 10104
   944 10104
   945 10104
   946 10104
   947 10104
   948 10104
   949 10104
   950 10104
   951 10104
   952 10104
   953 10104
   954 10125
   955 10104
   956 10104
   957 10104
   958 10104
   959 10104
   960 10104
   961 10104
   962 10104
   963 10104
   964 10104
   965 10104
   966 10125
   967 10104
   968 10104
   969 10104
   970 10104
   971 10104
   972 10104
   973 10104
   974 10104
   975 10104
   976 10104
   977 10104
   978 10104
   979 10104
   980 10125
   981 10104
   982 10104
   983 10104
   984 10104
   985 10104
   986 10104
   987 10104
   988 10104
   989 10104
   990 10104
   991 10125
   992 10125
   993 10125
   994 10125
   995 10125
   996 10125
   997 10125
   998 10104
   999 10104
  1000 10104
  1001 10104
  1002 10104
  1003 10104
  1004 10104
  1005 10104
  1006 10104
  1007 10104
  1008 10104
  1009 10104
  1010 10104
  1011 10104
  1012 10104
  1013 10104
  1014 10104
  1015 10104
  1016 10104
  1017 10104
  1018 10104
  1019 10104
  1020 10104
  1021 10114
  1035 10141
  1036 10141
  1038 10138
  1039 10138
  1040 10138
  1041 10138
  1042 10138
  1043 10138
  1044 10062
  1045 10128
  1047 10128
  1049 10138
  1051 10138
  1052 10138
  1053 10138
  1057 10128
  1058 10128
  1059 10128
  1061 10169
  1062 10169
  1063 10169
  1064 10169
  1065 10169
  1066 10101
  1067 10138
  1068 10138
  1069 10138
  1070 10138
  1071 10138
  1076 10062
  1078 10062
  1079 10062
  1080 10101
  1081 10138
  1092 10068
  1093 10068
  1094 10068
  1095 10068
  1197 10138
  1198 10138
  1199 10138
  1210 10101
  1219 10062
  1223 10091
  1225 10062
  1226 10128
  1227 10128
  1228 10138
  1229 10128
  1230 10033
  1231 10033
  1232 10033
  1233 10138
  1234 10138
  1235 10138
  1236 10062
  1237 10061
  1238 10061
  1239 10061
  1241 10071
  1242 10071
  1243 10071
  1244 10071
  1245 10055
  1246 10141
  1247 10055
  1248 10018
  1249 10018
  1250 10018
  1251 10158
  1252 10158
  1253 10158
  1254 10158
  1255 10144
  1256 10144
  1257 10144
  1258 10144
  1259 10144
  1260 10010
  1261 10010
  1262 10010
  1263 10144
  1264 10144
  1265 10144
  1266 10144
  1267 10144
  1268 10144
  1269 10144
  1270 10144
  1271 10144
  1272 10158
  1273 10144
  1274 10158
  1275 10018
  1276 10018
  1277 10018
  1278 10018
  1279 10158
  1280 10158
  1281 10144
  1282 10144
  1283 10144
  1284 10144
  1285 10144
  1286 10144
  1287 10144
  1288 10144
  1289 10144
  1290 10144
  1291 10010
  1292 10010
  1293 10010
  1294 10010
  1299 10134
  1300 10101
  1301 10158
  1302 10158
  1303 10144
  1304 10144
  1305 10144
  1306 10144
  1307 10010
  1308 10144
  1309 10144
  1310 10010
  1311 10010
  1312 10170
  1313 10010
  1314 10010
  1315 10010
  1316 10010
  1317 10010
  1318 10010
  1319 10010
  1320 10010
  1321 10010
  1322 10144
  1323 10144
  1324 10010
  1325 10010
  1326 10144
  1327 10010
  1328 10010
  1329 10144
  1330 10144
  1331 10144
  1332 10144
  1333 10144
  1334 10144
  1335 10144
  1336 10144
  1337 10010
  1338 10010
  1339 10144
  1340 10144
  1341 10144
  1342 10144
  1343 10010
  1344 10010
  1345 10010
  1346 10076
  1347 10076
  1348 10055
  1349 10076
  1350 10169
  1351 10169
  1352 10101
  1353 10169
  1354 10141
  1355 10141
  1356 10141
  1357 10141
  1358 10141
  1359 10141
  1360 10061
  1361 10101
  1362 10101
  1363 10101
  1364 10101
  1370 10066
  1371 10066
  1372 10066
  1373 10066
  1374 10072
  1375 10072
  1376 10072
  1377 10072
  1378 10072
  1379 10072
  1380 10072
  1381 10072
  1382 10072
  1383 10072
  1384 10072
  1385 10072
  1386 10072
  1387 10072
  1388 10072
  1389 10072
  1390 10072
  1391 10072
  1392 10072
  1393 10072
  1394 10072
  1395 10072
  1396 10072
  1397 10072
  1398 10020
  1399 10091
  1400 10091
  1401 10091
  1402 10091
  1403 10091
  1404 10091
  1405 10091
  1406 10066
  1407 10066
  1408 10066
  1409 10066
  1410 10066
  1411 10091
  1412 10020
  1413 10091
  1414 10091
  1415 10020
  1416 10091
  1417 10020
  1418 10020
  1419 10020
  1420 10020
  1421 10020
  1422 10091
  1423 10091
  1424 10020
  1425 10066
  1426 10066
  1427 10066
  1428 10066
  1429 10066
  1430 10020
  1431 10020
  1432 10091
  1433 10091
  1434 10091
  1435 10020
  1436 10091
  1437 10066
  1438 10066
  1439 10066
  1440 10066
  1441 10066
  1442 10066
  1443 10066
  1444 10066
  1445 10066
  1446 10020
  1447 10020
  1448 10091
  1449 10020
  1450 10091
  1451 10020
  1452 10020
  1453 10020
  1454 10020
  1456 10066
  1457 10091
  1458 10091
  1459 10066
  1460 10066
  1461 10066
  1462 10091
  1463 10091
  1464 10020
  1465 10020
  1475 10020
  1476 10020
  1477 10091
  1478 10020
  1479 10066
  1480 10066
  1481 10066
  1482 10066
  1483 10066
  1484 10020
  1486 10066
  1487 10066
  1488 10066
  1489 10066
  1490 10066
  1491 10066
  1492 10066
  1493 10066
  1494 10066
  1495 10066
  1496 10066
  1497 10066
  1498 10066
  1499 10066
  1500 10066
  1501 10066
  1502 10066
  1503 10066
  1504 10066
  1505 10066
  1506 10066
  1507 10066
  1508 10066
  1509 10066
  1510 10066
  1511 10020
  1512 10020
  1513 10020
  1514 10020
  1515 10019
  1516 10020
  1517 10020
  1518 10020
  1519 10020
  1520 10020
  1521 10020
  1522 10020
  1523 10020
  1524 10020
  1525 10020
  1526 10019
  1527 10019
  1528 10019
  1529 10019
  1530 10066
  1531 10020
  1532 10020
  1533 10066
  1534 10066
  1535 10020
  1536 10020
  1537 10020
  1538 10020
  1539 10020
  1540 10020
  1541 10020
  1542 10020
  1543 10066
  1544 10066
  1545 10020
  1546 10020
  1547 10020
  1548 10020
  1549 10066
  1550 10066
  1551 10066
  1552 10066
  1553 10020
  1554 10020
  1555 10066
  1556 10020
  1557 10020
  1558 10020
  1559 10020
  1560 10066
  1561 10066
  1565 10066
  1566 10066
  1567 10020
  1568 10020
  1569 10020
  1570 10020
  1571 10066
  1572 10066
  1573 10066
  1574 10066
  1575 10020
  1576 10020
  1577 10066
  1578 10066
  1579 10020
  1580 10020
  1581 10020
  1582 10020
  1583 10020
  1584 10066
  1585 10066
  1586 10066
  1587 10020
  1588 10066
  1589 10020
  1590 10066
  1591 10066
  1596 10066
  1597 10066
  1598 10066
  1599 10066
  1600 10066
  1601 10020
  1602 10020
  1603 10020
  1604 10020
  1605 10020
  1606 10066
  1607 10066
  1608 10020
  1609 10020
  1610 10020
  1611 10020
  1612 10020
  1613 10020
  1614 10019
  1615 10019
  1616 10019
  1617 10019
  1618 10019
  1619 10019
  1620 10019
  1621 10019
  1622 10091
  1626 10062
  1629 10009
  1630 10009
  1631 10009
  1632 10009
  1633 10009
  1634 10009
  1635 10009
  1636 10009
  1637 10009
  1638 10009
  1639 10009
  1640 10009
  1641 10009
  1642 10009
  1643 10009
  1644 10009
  1645 10009
  1646 10009
  1647 10134
  1648 10134
  1649 10134
  1650 10134
  1651 10134
  1652 10134
  1653 10134
  1657 10134
  1658 10132
  1659 10132
  1660 10141
  1666 10132
  1669 10009
  1670 10009
  1671 10009
  1672 10009
  1673 10009
  1674 10009
  1675 10009
  1676 10009
  1677 10009
  1678 10009
  1679 10009
  1680 10009
  1681 10009
  1682 10009
  1683 10009
  1684 10009
  1685 10009
  1686 10009
  1687 10009
  1688 10009
  1689 10009
  1690 10009
  1691 10009
  1692 10009
  1696 10009
  1697 10009
  1698 10009
  1699 10009
  1700 10009
  1701 10009
  1702 10009
  1703 10009
  1704 10009
  1705 10009
  1706 10009
  1707 10009
  1708 10009
  1709 10009
  1710 10009
  1714 10009
  1715 10009
  1716 10009
  1717 10009
  1718 10009
  1736 10009
  1737 10009
  1738 10009
  1739 10009
  1740 10009
  1752 10009
  1753 10009
  1764 10009
  1765 10009
  1766 10009
  1767 10009
  1768 10009
  1769 10009
  1770 10009
  1771 10009
  1772 10009
  1773 10009
  1794 10009
  1795 10009
  1796 10009
  1797 10009
  1798 10009
  1799 10009
  1800 10009
  1801 10009
  1802 10009
  1804 10009
  1816 10009
  1817 10009
  1818 10009
  1819 10009
  1820 10009
  1821 10009
  1822 10009
  1823 10009
  1824 10009
  1825 10009
  1831 10009
  1832 10009
  1833 10009
  1834 10009
  1835 10009
  1836 10009
  1837 10009
  1838 10009
  1839 10009
  1840 10009
  1841 10009
  1842 10009
  1843 10009
  1847 10009
  1848 10009
  1849 10009
  1850 10009
  1851 10009
  1852 10009
  1853 10009
  1854 10009
  1857 10101
  1858 10067
  1865 10028
  1867 10011
  1868 10011
  1869 10011
  1870 10011
  1871 10011
  1872 10011
  1873 10011
  1874 10011
  1875 10011
  1876 10011
  1877 10011
  1878 10011
  1879 10011
  1880 10011
  1881 10011
  1882 10011
  1883 10011
  1884 10011
  1885 10011
  1886 10011
  1887 10011
  1888 10011
  1889 10011
  1890 10011
  1891 10011
  1892 10011
  1893 10011
  1894 10011
  1895 10011
  1896 10011
  1897 10011
  1898 10011
  1899 10011
  1900 10011
  1901 10011
  1902 10011
  1903 10011
  1909 10011
  1910 10011
  1911 10011
  1912 10011
  1913 10011
  1914 10023
  1915 10023
  1916 10011
  1917 10011
  1918 10011
  1919 10011
  1920 10011
  1921 10011
  1922 10011
  1923 10011
  1924 10011
  1925 10011
  1926 10011
  1927 10011
  1928 10011
  1929 10011
  1930 10011
  1931 10011
  1932 10011
  1933 10011
  1934 10011
  1935 10011
  1936 10011
  1937 10011
  1938 10011
  1939 10011
  1940 10011
  1941 10011
  1942 10011
  1943 10011
  1944 10011
  1945 10011
  1946 10011
  1947 10011
  1948 10011
  1949 10011
  1950 10011
  1951 10011
  1952 10011
  1953 10011
  1954 10011
  1955 10011
  1956 10011
  1957 10011
  1958 10011
  1959 10011
  1960 10011
  1961 10011
  1962 10011
  1963 10011
  1964 10011
  1965 10011
  1966 10011
  1967 10011
  1968 10011
  1969 10011
  1970 10011
  1971 10011
  1972 10011
  1973 10011
  1974 10011
  1975 10011
  1976 10011
  1977 10011
  1978 10011
  1979 10011
  1980 10011
  1981 10011
  1982 10011
  1983 10011
  1984 10011
  1985 10011
  1986 10011
  1987 10011
  1988 10011
  1989 10011
  1990 10011
  1991 10011
  1992 10011
  1993 10011
  1994 10011
  1995 10011
  1996 10011
  1997 10011
  1998 10011
  1999 10011
  2000 10011
  2001 10011
  2002 10011
  2003 10011
  2004 10011
  2005 10011
  2006 10011
  2007 10011
  2008 10011
  2009 10011
  2010 10011
  2011 10011
  2012 10011
  2013 10011
  2014 10011
  2015 10011
  2016 10011
  2017 10011
  2018 10011
  2019 10011
  2020 10011
  2021 10011
  2022 10011
  2023 10011
  2029 10128
  2030 10128
  2033 10050
  2034 10050
