   703 10145
   704 10145
   705 10145
   706 10145
   707 10145
   708 10145
   709 10145
   710 10145
   711 10145
   712 10145
   713 10145
   714 10145
   715 10145
   716 10145
   717 10145
   718 10145
   719 10145
   720 10145
   721 10145
   722 10145
   723 10145
   724 10145
   725 10145
   726 10145
   727 10145
   728 10145
   729 10145
   730 10145
   731 10145
   732 10145
   733 10145
   734 10145
   735 10145
   736 10145
   737 10145
   738 10145
   739 10145
   740 10145
   741 10145
   742 10145
   743 10145
   744 10145
   745 10145
   746 10145
   747 10145
   748 10145
   749 10145
   750 10145
   751 10145
   752 10145
   753 10145
   754 10145
   755 10145
   756 10145
   757 10145
   758 10145
   759 10145
   760 10145
   761 10145
   762 10145
   763 10145
   764 10145
   765 10145
   766 10145
   767 10145
   768 10145
   769 10145
   770 10145
   771 10145
   772 10145
   773 10145
   774 10145
   775 10145
   776 10145
   777 10145
   778 10145
   779 10143
   780 10143
   781 10143
   782 10143
   783 10143
   784 10095
   785 10095
   786 10095
   787 10095
   788 10095
   789 10095
   790 10095
   791 10095
   792 10095
   793 10095
   794 10095
   795 10095
   796 10095
   797 10095
   798 10095
   799 10095
   800 10095
   801 10095
   802 10095
   803 10095
   804 10095
   805 10095
   806 10095
   807 10095
   808 10095
   809 10095
   810 10095
   811 10095
   812 10095
   813 10095
   814 10095
   815 10095
   816 10095
   817 10095
   818 10095
   819 10095
   820 10095
   821 10095
   822 10095
   823 10095
   824 10095
   825 10095
   826 10095
   827 10095
   828 10095
   829 10095
   830 10095
   831 10095
   832 10095
   833 10095
   834 10095
   835 10095
   836 10095
   837 10095
   838 10095
   839 10095
   840 10095
   841 10095
   842 10095
   843 10095
   844 10095
   845 10095
   846 10095
   847 10095
   848 10095
   849 10095
   850 10095
   851 10095
   852 10095
   853 10095
   854 10095
   855 10095
   856 10095
   857 10095
   858 10095
   859 10095
   860 10095
   861 10095
   862 10095
   863 10095
   864 10095
   865 10095
   866 10095
   867 10095
   868 10095
   869 10095
   870 10095
   871 10095
   872 10095
   873 10095
   874 10095
   875 10095
   876 10095
   877 10095
   878 10095
   879 10095
   880 10095
   881 10095
   882 10095
   883 10095
   884 10095
   885 10095
   886 10095
   887 10095
   888 10095
   889 10095
   890 10095
   891 10095
   892 10095
   893 10095
   894 10095
   895 10095
   896 10095
   897 10095
   898 10095
   899 10095
   900 10095
   901 10095
   902 10095
   903 10095
   904 10095
   905 10095
   906 10095
   907 10095
   908 10095
   909 10095
   910 10095
   911 10095
   912 10095
   913 10095
   914 10095
   915 10095
   916 10095
   917 10095
   918 10095
   919 10095
   920 10095
   921 10095
   922 10095
   923 10095
   924 10095
   925 10095
   926 10095
   927 10095
   928 10095
   929 10095
   930 10095
   931 10095
   932 10095
   933 10095
   934 10095
   935 10095
   936 10095
   937 10095
   938 10095
   939 10095
   940 10095
   941 10095
   942 10095
   943 10095
   944 10095
   945 10095
   946 10095
   947 10095
   948 10095
   949 10095
   950 10095
   951 10095
   952 10095
   953 10095
   954 10095
   955 10095
   956 10095
   957 10095
   958 10095
   959 10095
   960 10095
   961 10095
   962 10095
   963 10095
   964 10095
   965 10095
   966 10095
   967 10095
   968 10095
   969 10095
   970 10095
   971 10095
   972 10095
   973 10095
   974 10095
   975 10095
   976 10095
   977 10095
   978 10095
   979 10095
   980 10095
   981 10095
   982 10095
   983 10095
   984 10095
   985 10095
   986 10095
   987 10095
   988 10095
   989 10095
   990 10095
   991 10095
   992 10095
   993 10095
   994 10095
   995 10095
   996 10095
   997 10095
   998 10095
   999 10095
  1000 10095
  1001 10095
  1002 10095
  1003 10095
  1004 10095
  1005 10095
  1006 10095
  1007 10095
  1008 10095
  1009 10095
  1010 10095
  1011 10095
  1012 10095
  1013 10095
  1014 10095
  1015 10095
  1016 10095
  1017 10095
  1018 10095
  1019 10143
  1020 10036
  1021 10036
  1028 10034
  1030 10034
  1031 10034
  1032 10034
  1033 10034
  1034 10034
  1035 10034
  1036 10034
  1037 10034
  1038 10034
  1039 10034
  1040 10034
  1041 10034
  1042 10034
  1043 10034
  1044 10034
  1045 10034
  1046 10034
  1047 10034
  1048 10034
  1049 10034
  1050 10034
  1051 10034
  1052 10034
  1053 10034
  1054 10034
  1055 10034
  1056 10034
  1057 10034
  1058 10034
  1059 10034
  1060 10034
  1061 10034
  1062 10034
  1063 10034
  1064 10034
  1065 10034
  1066 10034
  1067 10034
  1068 10034
  1069 10034
  1070 10034
  1071 10034
  1072 10034
  1073 10034
  1074 10034
  1075 10034
  1076 10034
  1077 10034
  1078 10034
  1079 10034
  1080 10034
  1081 10034
  1082 10034
  1083 10034
  1084 10034
  1085 10034
  1086 10034
  1087 10034
  1088 10034
  1089 10034
  1090 10034
  1091 10034
  1092 10034
  1093 10034
  1094 10034
  1095 10034
  1096 10034
  1097 10034
  1098 10034
  1099 10034
  1100 10034
  1101 10034
  1102 10034
  1103 10034
  1104 10034
  1105 10034
  1106 10034
  1107 10034
  1108 10034
  1109 10034
  1110 10034
  1111 10034
  1112 10034
  1113 10034
  1114 10034
  1115 10034
  1116 10034
  1117 10034
  1118 10034
  1119 10034
  1120 10034
  1121 10034
  1122 10034
  1123 10034
  1124 10034
  1125 10034
  1126 10034
  1127 10034
  1128 10034
  1129 10034
  1130 10034
  1131 10034
  1132 10034
  1133 10034
  1134 10034
  1135 10034
  1136 10034
  1137 10034
  1138 10034
  1139 10034
  1140 10034
  1141 10034
  1142 10034
  1143 10034
  1144 10034
  1145 10034
  1146 10034
  1147 10034
  1148 10034
  1149 10034
  1150 10034
  1151 10034
  1152 10034
  1153 10034
  1154 10034
  1155 10034
  1156 10034
  1157 10034
  1158 10034
  1159 10034
  1160 10034
  1161 10034
  1162 10034
  1163 10034
  1164 10034
  1165 10034
  1166 10034
  1167 10034
  1168 10034
  1169 10034
  1170 10034
  1171 10034
  1172 10034
  1173 10034
  1174 10034
  1175 10034
  1176 10034
  1177 10034
  1178 10034
  1179 10034
  1180 10034
  1181 10034
  1182 10034
  1183 10034
  1184 10034
  1185 10034
  1186 10034
  1187 10034
  1188 10034
  1189 10034
  1190 10034
  1191 10034
  1192 10034
  1193 10034
  1194 10034
  1195 10034
  1196 10034
  1197 10034
  1198 10034
  1199 10034
  1200 10034
  1201 10034
  1202 10034
  1203 10034
  1204 10034
  1205 10034
  1206 10034
  1207 10034
  1208 10034
  1209 10034
  1210 10034
  1211 10034
  1212 10034
  1213 10034
  1214 10034
  1215 10034
  1216 10034
  1217 10034
  1218 10034
  1219 10034
  1220 10034
  1221 10034
  1222 10034
  1223 10034
  1224 10034
  1225 10034
  1226 10034
  1227 10034
  1228 10034
  1229 10034
  1230 10034
  1231 10034
  1232 10034
  1233 10034
  1234 10034
  1235 10034
  1236 10034
  1237 10034
  1238 10034
  1239 10034
  1240 10034
  1241 10034
  1242 10034
  1243 10034
  1244 10034
  1245 10034
  1246 10034
  1247 10034
  1248 10034
  1249 10034
  1250 10034
  1251 10034
  1252 10034
  1253 10034
  1254 10034
  1255 10034
  1256 10011
  1263 10039
  1264 10039
  1265 10039
  1266 10039
  1267 10039
  1268 10039
  1269 10039
  1270 10039
  1271 10039
  1272 10039
  1273 10039
  1274 10039
  1275 10039
  1276 10039
  1277 10090
  1278 10090
  1279 10090
  1280 10090
  1281 10090
  1282 10090
  1283 10090
  1284 10090
  1285 10090
  1286 10090
  1287 10090
  1288 10090
  1289 10090
  1290 10090
  1291 10090
  1292 10090
  1293 10090
  1294 10090
  1295 10090
  1296 10002
  1297 10090
  1298 10090
  1299 10090
  1300 10090
  1301 10090
  1302 10090
  1305 10039
  1306 10039
  1307 10039
  1308 10039
  1309 10039
  1310 10039
  1311 10039
  1312 10039
  1313 10039
  1314 10039
  1315 10039
  1316 10039
  1317 10039
  1318 10039
  1319 10039
  1320 10039
  1323 10039
  1324 10039
  1325 10039
  1326 10039
  1327 10039
  1328 10039
  1329 10039
  1330 10039
  1333 10090
  1339 10039
  1340 10039
  1341 10039
  1342 10039
  1343 10039
  1344 10039
  1345 10039
  1346 10090
  1347 10039
  1348 10039
  1349 10039
  1350 10039
  1351 10039
  1352 10039
  1355 10039
  1356 10039
  1357 10039
  1358 10039
  1359 10149
  1360 10149
  1361 10071
  1362 10149
  1363 10071
  1364 10071
  1365 10071
  1366 10071
  1367 10071
  1368 10071
  1369 10149
  1370 10149
  1371 10149
  1372 10149
  1373 10149
  1374 10149
  1375 10149
  1376 10071
  1377 10071
  1378 10071
  1379 10071
  1380 10071
  1381 10149
  1382 10149
  1383 10149
  1384 10149
  1385 10149
  1386 10149
  1387 10149
  1388 10071
  1389 10071
  1390 10149
  1391 10149
  1392 10149
  1393 10149
  1394 10071
  1395 10071
  1396 10071
  1397 10071
  1398 10071
  1399 10071
  1400 10149
  1401 10071
  1402 10071
  1403 10071
  1404 10071
  1405 10149
  1406 10071
  1407 10071
  1408 10071
  1409 10071
  1410 10071
  1411 10149
  1412 10149
  1413 10149
  1414 10149
  1415 10149
  1416 10149
  1417 10149
  1418 10149
  1419 10149
  1420 10149
  1421 10149
  1422 10149
  1423 10149
  1424 10149
  1425 10071
  1426 10149
  1427 10149
  1428 10149
  1429 10149
  1430 10149
  1431 10149
  1432 10149
  1433 10149
  1434 10149
  1435 10149
  1436 10071
  1437 10071
  1438 10071
  1439 10071
  1440 10071
  1441 10149
  1442 10071
  1443 10071
  1444 10071
  1445 10071
  1446 10071
  1447 10149
  1448 10149
  1449 10149
  1450 10149
  1451 10149
  1452 10149
  1453 10149
  1454 10149
  1455 10149
  1456 10149
  1457 10149
  1458 10071
  1459 10071
  1460 10071
  1461 10071
  1462 10071
  1463 10149
  1464 10071
  1465 10149
  1466 10149
  1467 10149
  1468 10071
  1469 10149
  1470 10149
  1471 10149
  1472 10149
  1473 10149
  1474 10149
  1475 10149
  1476 10149
  1477 10071
  1478 10071
  1479 10071
  1480 10071
  1481 10071
  1482 10071
  1483 10071
  1484 10071
  1485 10071
  1486 10071
  1487 10071
  1488 10071
  1489 10071
  1490 10071
  1491 10149
  1492 10149
  1493 10149
  1494 10090
  1495 10090
  1496 10090
  1497 10090
  1498 10090
  1499 10091
  1500 10123
  1501 10138
  1502 10101
  1503 10065
  1504 10173
  1505 10065
  1506 10055
  1507 10018
  1508 10018
  1509 10018
  1510 10018
  1511 10018
  1512 10018
  1513 10018
  1514 10018
  1515 10018
  1516 10018
  1517 10018
  1518 10018
  1519 10023
  1520 10055
  1521 10055
  1522 10055
  1559 10055
  1560 10055
  1561 10055
  1562 10018
  1563 10018
  1564 10055
  1565 10076
  1566 10055
  1572 10055
  1573 10055
  1574 10055
  1575 10055
  1576 10055
  1577 10055
  1578 10055
  1579 10055
  1580 10055
  1581 10055
  1582 10055
  1586 10076
  1587 10141
  1588 10101
  1589 10101
  1590 10101
  1591 10101
  1592 10101
  1593 10101
  1594 10134
  1595 10101
  1621 10016
  1622 10016
  1623 10016
  1624 10016
  1625 10081
  1626 10081
  1627 10081
  1628 10143
  1629 10075
  1630 10143
  1631 10014
  1632 10143
  1633 10145
  1634 10145
  1635 10145
  1636 10014
  1637 10145
  1638 10143
  1639 10016
  1640 10016
  1641 10016
  1646 10154
  1716 10154
  1719 10154
  1726 10154
  1727 10154
  1729 10154
  1739 10154
  1740 10154
  1741 10036
  1742 10036
  1743 10143
  1744 10143
  1745 10143
  1746 10143
  1747 10143
  1748 10014
  1749 10143
  1750 10016
  1751 10016
  1752 10016
  1753 10016
  1754 10016
  1755 10016
  1756 10016
  1757 10016
  1758 10016
  1759 10016
  1760 10016
  1761 10016
  1762 10016
  1763 10016
  1764 10016
  1765 10016
  1766 10016
  1767 10016
  1768 10016
  1769 10016
  1770 10016
  1771 10016
  1772 10016
  1773 10016
  1774 10016
  1775 10143
  1776 10016
  1777 10016
  1778 10016
  1779 10016
  1780 10016
  1781 10016
  1782 10014
  1783 10016
  1784 10016
  1785 10016
  1786 10016
  1787 10016
  1788 10016
  1789 10016
  1790 10016
  1791 10016
  1792 10016
  1793 10016
  1795 10095
  1796 10095
  1797 10095
  1798 10095
  1799 10130
  1800 10130
  1801 10130
  1802 10130
  1803 10016
  1804 10016
  1805 10016
  1806 10016
  1807 10016
  1808 10016
  1809 10143
  1810 10143
  1811 10016
  1812 10016
  1813 10016
  1814 10016
  1815 10016
  1816 10016
  1817 10016
  1818 10016
  1819 10036
  1820 10036
  1821 10036
  1822 10036
  1832 10095
  1833 10095
  1834 10095
  1835 10016
  1836 10016
  1837 10016
  1838 10016
  1839 10016
  1840 10016
  1841 10016
  1842 10016
  1843 10016
  1844 10016
  1845 10016
  1846 10016
  1847 10036
  1848 10036
  1849 10036
  1850 10036
  1852 10016
  1853 10016
  1854 10016
  1855 10016
  1856 10036
  1858 10036
  1861 10101
  1862 10101
  1863 10101
  1864 10138
  1865 10138
  1866 10138
  1867 10138
  1868 10070
  1869 10138
  1870 10070
  1871 10138
  1872 10070
  1873 10070
  1874 10070
  1875 10070
  1876 10138
  1877 10138
  1878 10138
  1879 10138
  1880 10070
  1881 10138
  1882 10138
  1883 10070
  1884 10138
  1885 10138
  1886 10138
  1887 10138
  1888 10138
  1889 10138
  1890 10138
  1891 10138
  1892 10138
  1893 10138
  1894 10138
  1895 10138
  1896 10138
  1897 10138
  1898 10138
  1899 10138
  1900 10138
  1901 10138
  1902 10138
  1903 10138
  1904 10138
  1905 10138
  1906 10138
  1907 10138
  1908 10138
  1909 10138
  1910 10138
  1911 10070
  1912 10070
  1913 10138
  1914 10070
  1915 10138
  1916 10138
  1917 10138
  1918 10070
  1919 10138
  1920 10138
  1921 10138
  1922 10138
  1923 10138
  1924 10138
  1925 10138
  1926 10138
  1927 10138
  1928 10138
  1929 10138
  1930 10138
  1931 10138
  1932 10138
  1933 10138
  1934 10138
  1935 10138
  1936 10138
  1937 10138
  1938 10138
  1939 10138
  1940 10138
  1941 10138
  1942 10138
  1943 10138
  1944 10138
  1945 10138
  1946 10138
  1947 10138
  1948 10138
  1949 10138
  1950 10138
  1951 10138
  1952 10138
  1953 10138
  1954 10138
  1955 10138
  1956 10138
  1957 10138
  1958 10138
  1959 10138
  1960 10138
  1961 10138
  1962 10138
  1963 10138
  1964 10138
  1965 10138
  1966 10138
  1967 10138
  1968 10138
  1969 10138
  1970 10138
  1971 10138
  1972 10138
  1973 10138
  1974 10138
  1975 10138
  1976 10138
  1977 10138
  1978 10138
  1979 10138
  1980 10138
  1981 10138
  1982 10138
  1983 10138
  1984 10138
  1985 10138
  1986 10138
  1987 10138
  1988 10138
  1989 10138
  1990 10138
  1991 10138
  1992 10070
  1993 10138
  1994 10138
  1995 10070
  1996 10138
  1997 10070
  1998 10138
  1999 10070
  2000 10138
  2001 10070
  2002 10138
  2003 10138
  2004 10070
  2005 10138
  2006 10138
  2007 10070
  2008 10138
  2009 10138
  2010 10138
  2011 10138
  2012 10138
  2013 10138
  2014 10138
  2015 10138
  2016 10138
  2017 10138
  2018 10138
  2019 10138
  2020 10138
  2021 10138
  2022 10070
  2023 10138
  2024 10138
  2025 10138
  2026 10101
  2027 10101
  2028 10106
  2029 10106
  2030 10106
  2031 10154
  2032 10143
  2033 10143
  2034 10143
  2035 10143
  2036 10145
