   683 10017
   684 10017
   685 10017
   686 10017
   687 10017
   688 10017
   689 10017
   690 10017
   691 10151
   692 10151
   693 10151
   694 10151
   695 10151
   696 10151
   697 10151
   698 10151
   699 10151
   700 10017
   701 10151
   702 10151
   703 10151
   704 10151
   705 10151
   706 10017
   707 10022
   708 10017
   709 10017
   710 10151
   711 10151
   712 10151
   713 10017
   714 10151
   715 10151
   716 10151
   717 10151
   718 10151
   719 10022
   720 10022
   721 10017
   722 10151
   723 10151
   724 10017
   725 10151
   726 10151
   727 10017
   728 10151
   729 10151
   730 10151
   731 10151
   732 10151
   733 10151
   734 10151
   735 10151
   736 10017
   737 10017
   738 10017
   739 10017
   740 10017
   741 10017
   742 10015
   743 10022
   744 10022
   745 10022
   746 10022
   747 10022
   748 10022
   749 10022
   750 10017
   751 10017
   752 10151
   753 10017
   754 10022
   755 10151
   756 10006
   757 10151
   758 10017
   759 10151
   760 10151
   761 10151
   762 10151
   763 10151
   764 10151
   765 10151
   766 10151
   767 10151
   768 10151
   769 10151
   770 10151
   771 10017
   772 10151
   773 10151
   774 10151
   775 10151
   776 10151
   777 10151
   778 10019
   779 10019
   780 10019
   781 10019
   786 10134
   787 10134
   788 10134
   789 10134
   790 10134
   791 10134
   792 10134
   793 10134
   794 10134
   795 10134
   796 10134
   797 10134
   798 10134
   799 10134
   800 10134
   801 10134
   802 10134
   803 10134
   804 10134
   805 10134
   806 10134
   807 10134
   808 10134
   809 10134
   810 10134
   811 10134
   812 10134
   813 10134
   814 10134
   815 10134
   816 10134
   817 10134
   818 10134
   819 10134
   820 10134
   821 10134
   822 10134
   823 10134
   824 10134
   825 10134
   826 10134
   827 10134
   828 10134
   829 10134
   830 10134
   831 10134
   832 10134
   833 10134
   834 10134
   835 10134
   836 10134
   837 10134
   838 10134
   839 10134
   840 10134
   841 10134
   842 10134
   843 10134
   844 10134
   845 10134
   846 10134
   847 10134
   848 10134
   849 10134
   850 10134
   851 10134
   852 10134
   853 10134
   854 10134
   855 10134
   856 10134
   857 10134
   858 10134
   859 10134
   860 10134
   861 10134
   862 10134
   863 10134
   864 10134
   865 10134
   866 10134
   869 10134
   870 10134
   871 10134
   872 10134
   873 10134
   874 10134
   875 10134
   876 10134
   877 10134
   878 10134
   879 10134
   880 10134
   881 10134
   882 10134
   883 10134
   884 10134
   885 10134
   886 10134
   887 10134
   888 10134
   889 10134
   890 10134
   891 10134
   892 10134
   893 10134
   894 10134
   895 10134
   896 10134
   897 10134
   898 10134
   899 10134
   900 10134
   901 10134
   902 10134
   903 10134
   904 10134
   905 10134
   906 10134
   907 10134
   908 10134
   909 10134
   910 10134
   911 10134
   912 10134
   913 10134
   914 10134
   915 10134
   916 10134
   917 10134
   918 10134
   919 10134
   920 10134
   921 10134
   922 10134
   923 10134
   924 10134
   925 10134
   926 10134
   927 10134
   928 10134
   929 10134
   930 10134
   931 10134
   932 10134
   933 10134
   934 10134
   935 10134
   936 10134
   937 10134
   938 10134
   939 10134
   940 10134
   941 10134
   942 10134
   943 10134
   944 10134
   945 10134
   946 10134
   947 10134
   948 10134
   949 10134
   950 10134
   951 10134
   952 10134
   953 10134
   954 10134
   955 10134
   956 10134
   957 10134
   958 10134
   959 10134
   960 10134
   961 10134
   962 10134
   963 10134
   964 10134
   965 10134
   966 10134
   967 10134
   968 10134
   969 10134
   970 10134
   971 10134
   972 10134
   973 10134
   974 10134
   975 10134
   976 10134
   977 10134
   978 10134
   979 10134
   980 10134
   981 10134
   982 10134
   983 10134
   984 10134
   985 10134
   986 10134
   987 10134
   988 10134
   989 10134
   990 10134
   991 10134
   992 10134
   993 10134
   994 10134
   995 10134
   996 10134
   997 10134
   998 10134
   999 10134
  1000 10134
  1001 10134
  1002 10134
  1003 10134
  1004 10134
  1005 10134
  1006 10134
  1007 10134
  1008 10134
  1009 10134
  1010 10134
  1011 10134
  1012 10134
  1013 10134
  1014 10134
  1015 10134
  1017 10016
  1018 10016
  1019 10153
  1020 10153
  1021 10153
  1022 10153
  1023 10153
  1024 10153
  1025 10153
  1026 10049
  1027 10049
  1028 10049
  1029 10049
  1030 10049
  1031 10049
  1032 10049
  1033 10049
  1034 10049
  1035 10049
  1036 10049
  1037 10049
  1038 10049
  1039 10049
  1040 10049
  1041 10049
  1042 10049
  1043 10049
  1044 10049
  1045 10049
  1046 10049
  1047 10049
  1048 10049
  1049 10049
  1050 10049
  1051 10049
  1052 10049
  1053 10049
  1054 10049
  1055 10049
  1056 10049
  1057 10049
  1058 10049
  1059 10049
  1060 10049
  1061 10049
  1062 10049
  1063 10049
  1064 10049
  1065 10049
  1066 10049
  1067 10049
  1068 10049
  1069 10049
  1070 10049
  1071 10049
  1072 10049
  1073 10049
  1074 10049
  1075 10049
  1076 10049
  1077 10049
  1078 10049
  1079 10049
  1080 10049
  1081 10049
  1082 10049
  1083 10049
  1084 10049
  1085 10085
  1086 10085
  1087 10085
  1088 10085
  1089 10085
  1090 10085
  1091 10085
  1092 10085
  1093 10085
  1094 10085
  1095 10049
  1096 10049
  1097 10049
  1098 10049
  1099 10049
  1100 10049
  1101 10049
  1102 10049
  1103 10049
  1104 10049
  1105 10049
  1106 10049
  1107 10049
  1108 10049
  1109 10049
  1110 10049
  1111 10049
  1112 10049
  1113 10049
  1114 10049
  1115 10049
  1116 10049
  1117 10049
  1118 10049
  1119 10049
  1120 10049
  1121 10049
  1122 10049
  1123 10049
  1124 10049
  1125 10049
  1126 10049
  1127 10049
  1128 10049
  1129 10049
  1130 10049
  1131 10049
  1132 10049
  1133 10049
  1134 10049
  1135 10049
  1136 10049
  1137 10049
  1138 10049
  1139 10049
  1140 10049
  1141 10049
  1142 10049
  1143 10049
  1144 10049
  1145 10049
  1146 10049
  1147 10049
  1148 10049
  1149 10049
  1150 10049
  1151 10049
  1152 10049
  1153 10049
  1154 10049
  1155 10049
  1156 10049
  1157 10049
  1158 10049
  1159 10049
  1160 10049
  1161 10049
  1162 10049
  1163 10049
  1164 10049
  1165 10049
  1166 10049
  1167 10049
  1168 10049
  1169 10049
  1170 10049
  1171 10049
  1172 10049
  1173 10049
  1174 10049
  1175 10049
  1176 10049
  1177 10049
  1178 10049
  1179 10049
  1180 10049
  1181 10049
  1182 10049
  1183 10049
  1184 10049
  1185 10049
  1186 10049
  1187 10049
  1188 10049
  1189 10049
  1190 10049
  1191 10049
  1192 10049
  1193 10049
  1194 10049
  1195 10049
  1196 10049
  1197 10049
  1198 10049
  1199 10049
  1200 10049
  1201 10049
  1202 10049
  1203 10049
  1204 10049
  1205 10049
  1206 10049
  1207 10049
  1208 10049
  1209 10049
  1210 10049
  1211 10049
  1212 10049
  1213 10049
  1214 10049
  1215 10049
  1216 10049
  1217 10049
  1218 10049
  1219 10049
  1220 10049
  1221 10049
  1222 10049
  1223 10049
  1224 10049
  1225 10049
  1226 10049
  1227 10049
  1228 10049
  1229 10049
  1230 10049
  1231 10049
  1232 10049
  1233 10049
  1234 10049
  1235 10049
  1236 10049
  1237 10049
  1238 10049
  1239 10049
  1240 10049
  1241 10049
  1242 10049
  1243 10049
  1244 10049
  1245 10049
  1246 10049
  1247 10049
  1248 10049
  1249 10049
  1250 10049
  1251 10049
  1252 10049
  1253 10049
  1254 10049
  1255 10049
  1256 10049
  1257 10143
  1258 10143
  1259 10143
  1260 10143
  1264 10049
  1265 10049
  1266 10007
  1267 10007
  1268 10007
  1269 10007
  1270 10007
  1271 10007
  1272 10007
  1273 10007
  1274 10007
  1275 10007
  1276 10007
  1277 10007
  1278 10007
  1279 10007
  1280 10007
  1281 10007
  1282 10007
  1283 10007
  1284 10007
  1285 10007
  1286 10007
  1287 10007
  1288 10007
  1289 10007
  1290 10007
  1291 10007
  1292 10007
  1293 10007
  1294 10007
  1295 10007
  1296 10007
  1297 10007
  1298 10007
  1299 10007
  1300 10007
  1301 10007
  1302 10007
  1303 10007
  1304 10007
  1305 10007
  1306 10007
  1307 10007
  1308 10007
  1309 10007
  1310 10007
  1311 10007
  1312 10007
  1313 10007
  1314 10007
  1315 10007
  1316 10007
  1317 10007
  1318 10007
  1319 10007
  1320 10007
  1321 10007
  1322 10007
  1323 10007
  1324 10007
  1325 10007
  1326 10007
  1327 10007
  1328 10007
  1329 10007
  1330 10007
  1331 10007
  1332 10007
  1333 10007
  1334 10007
  1335 10007
  1336 10007
  1337 10007
  1338 10007
  1339 10007
  1340 10007
  1341 10007
  1342 10007
  1343 10007
  1344 10007
  1345 10007
  1346 10007
  1347 10007
  1348 10007
  1349 10007
  1350 10007
  1351 10007
  1352 10007
  1353 10007
  1354 10007
  1355 10007
  1356 10007
  1357 10007
  1358 10007
  1359 10007
  1360 10007
  1361 10007
  1362 10007
  1363 10007
  1364 10007
  1365 10007
  1366 10007
  1367 10007
  1368 10007
  1369 10007
  1370 10007
  1371 10007
  1372 10007
  1373 10007
  1374 10007
  1375 10007
  1376 10007
  1377 10007
  1378 10007
  1379 10007
  1380 10007
  1381 10007
  1382 10007
  1383 10007
  1384 10007
  1385 10007
  1386 10007
  1387 10007
  1388 10007
  1389 10007
  1390 10007
  1391 10007
  1392 10007
  1393 10007
  1394 10007
  1395 10007
  1396 10007
  1397 10007
  1398 10007
  1399 10007
  1400 10007
  1401 10007
  1402 10007
  1403 10007
  1404 10007
  1405 10007
  1406 10007
  1407 10007
  1408 10007
  1409 10007
  1410 10007
  1411 10007
  1412 10007
  1413 10007
  1414 10007
  1415 10007
  1416 10007
  1417 10007
  1418 10007
  1419 10007
  1420 10007
  1421 10007
  1422 10007
  1423 10007
  1424 10007
  1425 10007
  1426 10007
  1427 10007
  1428 10007
  1429 10007
  1430 10007
  1431 10007
  1432 10007
  1433 10007
  1434 10007
  1435 10007
  1436 10007
  1437 10007
  1438 10007
  1439 10007
  1440 10007
  1441 10007
  1442 10007
  1443 10007
  1444 10007
  1445 10007
  1446 10007
  1447 10007
  1448 10007
  1449 10007
  1450 10007
  1451 10007
  1452 10007
  1453 10007
  1454 10007
  1455 10007
  1456 10007
  1457 10007
  1458 10007
  1459 10007
  1460 10007
  1461 10007
  1462 10007
  1463 10007
  1464 10007
  1465 10007
  1466 10007
  1467 10007
  1468 10007
  1469 10007
  1470 10007
  1471 10007
  1472 10007
  1473 10007
  1474 10007
  1475 10007
  1476 10007
  1477 10007
  1478 10007
  1479 10007
  1480 10007
  1481 10007
  1482 10007
  1483 10007
  1484 10007
  1485 10007
  1486 10007
  1487 10007
  1488 10007
  1489 10007
  1490 10007
  1491 10007
  1492 10007
  1493 10007
  1494 10007
  1498 10130
  1499 10130
  1500 10095
  1501 10036
  1502 10036
  1503 10036
  1504 10036
  1505 10036
  1506 10036
  1507 10055
  1508 10076
  1509 10018
  1510 10018
  1511 10018
  1512 10018
  1513 10018
  1514 10018
  1515 10018
  1516 10018
  1517 10055
  1518 10055
  1519 10055
  1520 10055
  1521 10055
  1522 10055
  1523 10055
  1524 10055
  1525 10055
  1526 10055
  1527 10055
  1528 10055
  1529 10055
  1530 10055
  1531 10055
  1532 10055
  1533 10055
  1534 10055
  1535 10055
  1536 10055
  1537 10055
  1538 10055
  1539 10055
  1540 10055
  1541 10055
  1542 10055
  1543 10055
  1544 10055
  1545 10055
  1546 10055
  1547 10055
  1548 10055
  1549 10055
  1550 10055
  1551 10055
  1552 10018
  1553 10018
  1554 10055
  1555 10055
  1556 10055
  1557 10055
  1564 10143
  1565 10036
  1566 10036
  1567 10016
  1568 10016
  1569 10143
  1570 10143
  1571 10143
  1572 10143
  1573 10143
  1574 10143
  1575 10016
  1576 10143
  1577 10143
  1578 10143
  1579 10143
  1580 10143
  1581 10016
  1582 10143
  1583 10143
  1584 10143
  1585 10016
  1586 10143
  1587 10016
  1588 10143
  1589 10143
  1590 10143
  1591 10143
  1592 10143
  1593 10143
  1594 10143
  1595 10143
  1596 10143
  1597 10143
  1598 10143
  1599 10143
  1600 10016
  1601 10016
  1602 10016
  1603 10130
  1604 10130
  1605 10130
  1606 10130
  1607 10130
  1608 10016
  1609 10016
  1610 10130
  1619 10163
  1620 10163
  1621 10163
  1622 10163
  1623 10163
  1624 10163
  1625 10163
  1626 10163
  1627 10163
  1628 10163
  1629 10163
  1630 10163
  1631 10163
  1632 10163
  1633 10163
  1634 10163
  1635 10163
  1636 10163
  1637 10163
  1638 10163
  1639 10163
  1640 10163
  1641 10163
  1642 10163
  1643 10163
  1644 10163
  1645 10067
  1646 10067
  1647 10163
  1648 10163
  1649 10163
  1650 10163
  1651 10163
  1652 10163
  1653 10163
  1654 10163
  1655 10163
  1656 10163
  1657 10163
  1658 10163
  1659 10163
  1660 10163
  1661 10163
  1662 10163
  1663 10163
  1664 10163
  1665 10163
  1666 10163
  1667 10163
  1668 10163
  1669 10163
  1670 10163
  1671 10163
  1672 10163
  1673 10163
  1674 10163
  1675 10163
  1676 10163
  1677 10163
  1678 10163
  1679 10163
  1680 10163
  1681 10163
  1682 10163
  1683 10163
  1684 10163
  1685 10163
  1686 10163
  1687 10163
  1688 10163
  1689 10163
  1690 10163
  1691 10163
  1692 10163
  1693 10163
  1694 10163
  1695 10163
  1696 10163
  1697 10163
  1698 10163
  1699 10163
  1700 10163
  1701 10163
  1702 10163
  1703 10163
  1704 10163
  1705 10163
  1706 10163
  1707 10163
  1708 10163
  1709 10163
  1710 10163
  1711 10163
  1712 10163
  1713 10163
  1714 10163
  1715 10163
  1716 10163
  1717 10163
  1718 10163
  1719 10163
  1720 10163
  1721 10163
  1722 10163
  1723 10163
  1724 10163
  1725 10163
  1726 10163
  1727 10163
  1728 10163
  1729 10163
  1730 10163
  1731 10163
  1732 10163
  1733 10163
  1734 10163
  1735 10163
  1736 10163
  1737 10163
  1738 10163
  1739 10163
  1740 10163
  1741 10163
  1742 10163
  1743 10163
  1744 10163
  1745 10163
  1746 10163
  1747 10163
  1748 10163
  1749 10163
  1750 10163
  1751 10163
  1752 10163
  1753 10163
  1754 10163
  1755 10163
  1756 10163
  1757 10163
  1758 10163
  1759 10163
  1760 10163
  1761 10163
  1762 10163
  1763 10163
  1764 10163
  1765 10163
  1766 10163
  1767 10163
  1768 10163
  1769 10163
  1770 10163
  1771 10163
  1772 10163
  1773 10163
  1774 10163
  1775 10163
  1776 10163
  1777 10163
  1778 10163
  1779 10163
  1780 10163
  1781 10163
  1782 10163
  1783 10163
  1784 10163
  1785 10163
  1786 10163
  1787 10163
  1788 10163
  1789 10163
  1790 10163
  1791 10163
  1792 10163
  1793 10163
  1794 10163
  1795 10163
  1796 10163
  1797 10163
  1798 10163
  1799 10163
  1800 10163
  1801 10163
  1802 10163
  1803 10163
  1804 10163
  1805 10163
  1806 10163
  1807 10163
  1808 10163
  1809 10163
  1810 10163
  1811 10163
  1812 10163
  1813 10163
  1814 10163
  1815 10163
  1816 10163
  1817 10163
  1818 10163
  1819 10163
  1820 10163
  1821 10163
  1822 10163
  1823 10163
  1824 10163
  1825 10163
  1826 10163
  1827 10163
  1828 10163
  1829 10163
  1830 10163
  1831 10163
  1832 10163
  1833 10163
  1834 10163
  1835 10163
  1836 10163
  1837 10163
  1838 10163
  1839 10163
  1840 10163
  1841 10163
  1842 10163
  1843 10071
  1844 10163
  1845 10071
  1846 10071
  1847 10071
  1848 10080
  1849 10163
  1850 10163
  1851 10163
  1852 10163
  1853 10163
  1854 10163
  1855 10163
  1856 10163
  1857 10163
  1858 10163
  1859 10101
  1860 10163
  1865 10036
  1866 10036
  1867 10036
  1868 10036
  1869 10036
  1870 10143
  1871 10143
  1872 10143
  1873 10143
  1874 10143
  1875 10143
  1876 10016
  1877 10016
  1878 10106
  1879 10106
  1880 10106
  1881 10106
  1882 10098
  1883 10098
  1884 10018
  1885 10076
  1886 10076
  1887 10076
  1888 10076
  1889 10076
  1890 10143
  1891 10143
  1892 10143
  1893 10143
  1894 10143
  1895 10143
  1896 10016
  1897 10016
  1898 10016
  1899 10016
  1900 10016
  1901 10016
  1902 10016
  1908 10065
  1909 10065
  1910 10050
  1911 10050
  1912 10050
  1913 10101
  1914 10101
  1915 10085
  1916 10085
  1917 10085
  1918 10085
  1919 10085
  1920 10085
  1921 10085
  1922 10085
  1923 10085
  1924 10095
  1925 10016
  1926 10016
  1927 10016
  1928 10016
  1929 10016
  1930 10016
  1933 10141
  1934 10141
  1935 10141
  1936 10065
  1937 10141
  1938 10141
  1939 10141
  1940 10141
  1941 10141
  1942 10141
  1944 10050
  1945 10050
  1946 10050
  1947 10101
  1948 10101
  1949 10101
  1950 10101
  1951 10101
  1952 10141
  1953 10141
  1954 10141
  1955 10141
  1956 10141
  1957 10141
  1958 10141
  1959 10143
  1960 10143
  1961 10016
  1962 10143
  1963 10143
  1964 10016
  1965 10143
  1966 10143
  1967 10141
  1968 10141
  1969 10141
  1970 10141
  1971 10141
  1972 10141
  1973 10141
  1974 10141
  1975 10141
  1976 10141
  1977 10141
  1978 10138
  1979 10138
  1980 10138
  1981 10138
  1982 10141
  1983 10141
  1984 10141
  1986 10141
  1987 10141
  1988 10141
  1989 10141
  1990 10141
  1991 10141
  1992 10141
  1993 10141
  1994 10141
  1995 10141
  1996 10141
  1997 10141
  1998 10141
  1999 10141
  2000 10141
  2001 10141
  2002 10141
  2003 10141
  2004 10141
  2005 10101
  2006 10101
  2007 10141
  2008 10141
  2009 10141
  2010 10050
  2011 10101
  2012 10138
  2015 10063
  2016 10063
  2017 10019
  2018 10019
  2019 10019
  2020 10017
  2021 10017
  2022 10028
  2023 10017
  2024 10022
