   677 10071
   678 10071
   679 10156
   680 10071
   681 10071
   682 10071
   683 10071
   684 10071
   685 10071
   686 10071
   687 10164
   688 10164
   689 10164
   690 10164
   691 10169
   692 10169
   693 10164
   694 10169
   695 10169
   696 10169
   697 10169
   698 10169
   699 10169
   700 10164
   701 10164
   724 10071
   725 10071
   726 10071
   727 10071
   728 10071
   729 10071
   730 10071
   731 10071
   732 10071
   733 10164
   734 10164
   735 10164
   736 10164
   737 10169
   738 10169
   739 10169
   740 10169
   741 10164
   742 10164
   743 10164
   744 10169
   745 10164
   746 10169
   747 10164
   748 10169
   749 10164
   750 10169
   751 10164
   752 10169
   753 10164
   754 10164
   755 10164
   756 10164
   757 10164
   758 10169
   759 10164
   760 10164
   761 10164
   762 10164
   763 10164
   764 10169
   765 10164
   766 10164
   767 10164
   768 10083
   769 10083
   770 10164
   771 10156
   772 10156
   773 10156
   774 10137
   775 10143
   776 10143
   777 10112
   778 10143
   779 10108
   780 10108
   781 10108
   782 10108
   783 10108
   784 10108
   785 10108
   786 10108
   787 10108
   788 10108
   789 10108
   790 10108
   791 10101
   792 10101
   793 10101
   794 10101
   795 10101
   796 10101
   797 10101
   798 10101
   799 10101
   800 10101
   801 10101
   802 10101
   803 10101
   804 10101
   805 10101
   806 10101
   807 10101
   808 10101
   809 10101
   810 10101
   811 10101
   812 10101
   813 10101
   814 10101
   815 10101
   816 10101
   817 10101
   818 10101
   819 10101
   820 10101
   821 10101
   822 10101
   823 10101
   824 10101
   825 10101
   826 10101
   827 10101
   828 10101
   829 10101
   830 10101
   831 10101
   832 10101
   833 10101
   834 10101
   835 10101
   836 10101
   837 10101
   838 10101
   839 10101
   840 10101
   841 10101
   842 10101
   843 10101
   844 10101
   845 10101
   846 10101
   847 10101
   848 10101
   849 10101
   850 10101
   851 10101
   852 10101
   853 10101
   854 10101
   855 10101
   856 10101
   857 10101
   858 10101
   859 10101
   860 10101
   861 10101
   862 10101
   863 10101
   864 10101
   865 10101
   866 10101
   867 10101
   868 10101
   869 10101
   870 10101
   871 10101
   872 10101
   873 10101
   874 10101
   875 10101
   876 10101
   877 10101
   878 10101
   879 10101
   880 10101
   881 10101
   882 10101
   883 10101
   884 10101
   885 10101
   886 10101
   887 10101
   888 10101
   889 10101
   890 10101
   891 10101
   892 10101
   893 10101
   894 10101
   895 10101
   896 10101
   897 10101
   898 10101
   899 10101
   900 10101
   901 10101
   902 10101
   903 10101
   904 10101
   905 10101
   906 10101
   907 10101
   908 10101
   909 10101
   910 10101
   911 10105
   912 10101
   913 10105
   914 10105
   915 10105
   916 10105
   917 10105
   918 10105
   919 10105
   920 10101
   921 10101
   922 10101
   923 10101
   924 10101
   925 10101
   926 10101
   927 10101
   928 10101
   929 10101
   930 10101
   931 10101
   932 10101
   933 10101
   934 10101
   935 10101
   936 10101
   937 10101
   938 10101
   939 10101
   940 10101
   941 10101
   942 10101
   943 10101
   944 10101
   945 10101
   946 10101
   947 10101
   948 10101
   949 10101
   950 10101
   951 10105
   952 10101
   953 10105
   954 10105
   955 10105
   956 10101
   957 10101
   958 10101
   959 10105
   960 10105
   961 10101
   962 10105
   963 10105
   964 10101
   965 10105
   966 10105
   967 10101
   968 10101
   969 10105
   970 10105
   971 10105
   972 10101
   973 10101
   974 10101
   975 10105
   976 10101
   977 10101
   978 10101
   979 10101
   980 10101
   981 10101
   982 10105
   983 10105
   984 10105
   985 10105
   986 10105
   987 10105
   988 10125
   989 10125
   990 10125
   991 10125
   992 10125
   993 10125
   994 10125
   995 10125
   996 10125
   997 10125
   998 10105
   999 10125
  1000 10125
  1001 10125
  1002 10125
  1003 10125
  1004 10125
  1005 10125
  1006 10125
  1007 10125
  1008 10125
  1009 10125
  1010 10125
  1011 10125
  1012 10125
  1013 10125
  1014 10125
  1015 10125
  1016 10125
  1017 10125
  1018 10125
  1019 10108
  1020 10108
  1021 10108
  1022 10137
  1023 10007
  1024 10007
  1026 10036
  1028 10036
  1029 10036
  1030 10074
  1031 10074
  1032 10074
  1033 10074
  1034 10074
  1035 10074
  1036 10074
  1037 10074
  1038 10074
  1039 10074
  1040 10074
  1041 10074
  1042 10074
  1043 10074
  1044 10074
  1045 10074
  1046 10074
  1047 10074
  1048 10074
  1049 10074
  1050 10074
  1051 10074
  1052 10074
  1053 10074
  1054 10074
  1055 10074
  1056 10074
  1057 10074
  1058 10074
  1059 10074
  1060 10074
  1061 10074
  1062 10074
  1063 10074
  1064 10074
  1065 10074
  1066 10074
  1067 10074
  1068 10074
  1069 10074
  1070 10074
  1071 10074
  1072 10074
  1073 10074
  1074 10074
  1075 10074
  1076 10074
  1077 10074
  1078 10074
  1079 10074
  1080 10074
  1081 10074
  1082 10074
  1083 10074
  1084 10074
  1085 10074
  1086 10074
  1087 10074
  1088 10074
  1089 10074
  1090 10074
  1091 10074
  1092 10074
  1093 10074
  1094 10074
  1095 10074
  1096 10074
  1097 10074
  1098 10074
  1099 10074
  1100 10074
  1101 10074
  1102 10074
  1103 10074
  1104 10074
  1105 10074
  1106 10074
  1107 10074
  1108 10074
  1109 10074
  1110 10074
  1111 10074
  1112 10074
  1113 10074
  1114 10074
  1115 10074
  1116 10074
  1117 10074
  1118 10074
  1119 10074
  1120 10074
  1121 10074
  1122 10074
  1123 10074
  1124 10074
  1125 10074
  1126 10074
  1127 10074
  1128 10074
  1129 10074
  1130 10074
  1131 10074
  1132 10074
  1133 10074
  1134 10074
  1135 10074
  1136 10074
  1137 10074
  1138 10074
  1139 10074
  1140 10074
  1141 10074
  1142 10074
  1143 10074
  1144 10074
  1145 10074
  1146 10074
  1147 10074
  1148 10074
  1149 10074
  1150 10074
  1151 10074
  1152 10074
  1153 10074
  1154 10074
  1155 10074
  1156 10074
  1157 10074
  1158 10074
  1159 10074
  1160 10074
  1161 10074
  1162 10074
  1163 10074
  1164 10074
  1165 10074
  1166 10074
  1167 10074
  1168 10074
  1169 10074
  1170 10074
  1171 10074
  1172 10074
  1173 10074
  1174 10074
  1175 10074
  1176 10074
  1177 10074
  1178 10074
  1179 10074
  1180 10074
  1181 10074
  1182 10074
  1183 10074
  1184 10074
  1185 10074
  1186 10074
  1187 10074
  1188 10074
  1189 10074
  1190 10074
  1191 10074
  1192 10074
  1193 10074
  1194 10074
  1195 10074
  1196 10074
  1197 10074
  1198 10074
  1199 10074
  1200 10074
  1201 10074
  1202 10074
  1203 10074
  1204 10074
  1205 10074
  1206 10074
  1207 10074
  1208 10074
  1209 10074
  1210 10074
  1211 10074
  1212 10074
  1213 10074
  1214 10074
  1215 10074
  1216 10074
  1218 10074
  1219 10074
  1220 10074
  1221 10074
  1222 10074
  1223 10074
  1224 10074
  1225 10074
  1226 10074
  1227 10074
  1228 10074
  1229 10074
  1230 10074
  1231 10074
  1232 10074
  1233 10074
  1234 10074
  1235 10074
  1236 10074
  1237 10074
  1238 10074
  1239 10074
  1240 10074
  1241 10074
  1242 10074
  1243 10074
  1244 10074
  1245 10074
  1246 10074
  1247 10074
  1248 10074
  1249 10074
  1250 10074
  1251 10074
  1252 10074
  1253 10074
  1254 10074
  1255 10074
  1256 10074
  1257 10154
  1258 10154
  1259 10154
  1260 10154
  1261 10154
  1262 10040
  1263 10018
  1264 10018
  1265 10018
  1266 10018
  1267 10018
  1268 10018
  1269 10018
  1270 10018
  1271 10055
  1272 10158
  1273 10158
  1274 10158
  1275 10158
  1276 10158
  1277 10055
  1278 10018
  1279 10018
  1280 10055
  1281 10158
  1282 10158
  1283 10055
  1284 10055
  1285 10018
  1286 10055
  1287 10018
  1288 10018
  1289 10055
  1290 10018
  1291 10055
  1292 10055
  1293 10055
  1294 10018
  1295 10018
  1296 10018
  1297 10018
  1298 10018
  1299 10018
  1300 10018
  1301 10018
  1302 10018
  1303 10018
  1304 10018
  1305 10018
  1306 10018
  1307 10018
  1308 10018
  1309 10018
  1310 10158
  1311 10158
  1312 10018
  1313 10158
  1314 10018
  1315 10018
  1316 10018
  1317 10055
  1318 10055
  1319 10055
  1320 10055
  1321 10055
  1322 10055
  1323 10055
  1324 10055
  1325 10055
  1326 10055
  1327 10055
  1332 10086
  1333 10071
  1334 10071
  1335 10149
  1336 10149
  1337 10149
  1338 10149
  1339 10149
  1340 10149
  1341 10149
  1342 10149
  1343 10071
  1344 10071
  1345 10071
  1346 10071
  1347 10071
  1348 10071
  1349 10071
  1350 10071
  1351 10071
  1352 10149
  1353 10071
  1354 10149
  1355 10149
  1356 10071
  1357 10149
  1358 10149
  1359 10071
  1360 10149
  1361 10071
  1362 10071
  1363 10071
  1364 10071
  1365 10071
  1366 10071
  1367 10071
  1368 10071
  1369 10149
  1370 10071
  1371 10149
  1372 10149
  1373 10149
  1374 10149
  1375 10149
  1377 10101
  1378 10101
  1379 10101
  1380 10101
  1381 10162
  1383 10162
  1384 10162
  1385 10162
  1386 10162
  1387 10162
  1388 10162
  1389 10162
  1390 10162
  1391 10162
  1392 10162
  1393 10162
  1394 10162
  1395 10162
  1396 10162
  1397 10162
  1398 10162
  1399 10162
  1400 10162
  1401 10162
  1402 10162
  1403 10162
  1404 10162
  1405 10162
  1406 10162
  1407 10162
  1408 10162
  1409 10162
  1410 10162
  1411 10162
  1412 10162
  1413 10162
  1414 10162
  1415 10162
  1416 10162
  1417 10162
  1418 10162
  1419 10162
  1420 10162
  1421 10162
  1422 10162
  1423 10162
  1424 10162
  1425 10162
  1426 10162
  1427 10162
  1428 10162
  1429 10162
  1430 10162
  1431 10162
  1432 10162
  1433 10162
  1434 10162
  1435 10162
  1436 10162
  1437 10162
  1438 10162
  1439 10162
  1440 10162
  1441 10162
  1442 10162
  1443 10162
  1444 10162
  1445 10162
  1446 10162
  1447 10162
  1448 10162
  1449 10162
  1450 10162
  1451 10162
  1452 10162
  1453 10162
  1454 10162
  1455 10162
  1456 10162
  1457 10162
  1458 10162
  1459 10162
  1460 10162
  1461 10162
  1462 10162
  1463 10162
  1464 10170
  1465 10162
  1466 10170
  1467 10170
  1468 10170
  1469 10170
  1470 10162
  1471 10162
  1472 10162
  1473 10162
  1474 10162
  1475 10162
  1476 10162
  1477 10162
  1478 10162
  1479 10162
  1480 10162
  1481 10162
  1482 10162
  1483 10162
  1484 10162
  1485 10162
  1486 10162
  1487 10162
  1488 10162
  1489 10162
  1490 10162
  1491 10162
  1492 10162
  1493 10162
  1494 10162
  1495 10162
  1496 10162
  1497 10162
  1498 10162
  1499 10162
  1500 10162
  1501 10162
  1502 10162
  1503 10162
  1504 10162
  1505 10162
  1506 10162
  1507 10162
  1508 10162
  1509 10162
  1510 10162
  1511 10162
  1512 10162
  1513 10162
  1514 10162
  1515 10162
  1516 10162
  1517 10162
  1518 10162
  1519 10162
  1520 10162
  1521 10162
  1522 10162
  1523 10162
  1524 10162
  1525 10162
  1526 10162
  1527 10162
  1528 10162
  1529 10162
  1530 10162
  1531 10162
  1532 10162
  1533 10162
  1534 10162
  1535 10162
  1536 10162
  1537 10162
  1538 10162
  1539 10162
  1540 10162
  1541 10162
  1542 10162
  1543 10162
  1544 10162
  1545 10162
  1546 10162
  1547 10162
  1548 10162
  1549 10162
  1550 10162
  1551 10162
  1552 10162
  1553 10162
  1554 10162
  1555 10162
  1556 10162
  1557 10162
  1558 10162
  1559 10162
  1560 10162
  1561 10162
  1562 10162
  1563 10162
  1564 10162
  1565 10162
  1566 10162
  1567 10162
  1568 10162
  1569 10162
  1570 10162
  1571 10162
  1572 10162
  1573 10162
  1574 10097
  1575 10162
  1576 10162
  1577 10162
  1578 10162
  1579 10162
  1580 10162
  1581 10162
  1582 10162
  1583 10162
  1584 10162
  1585 10162
  1586 10162
  1587 10162
  1588 10162
  1589 10162
  1590 10162
  1591 10162
  1592 10162
  1593 10162
  1594 10162
  1595 10162
  1596 10162
  1597 10162
  1598 10162
  1599 10162
  1600 10162
  1601 10162
  1602 10162
  1603 10162
  1604 10162
  1605 10162
  1606 10162
  1607 10162
  1608 10097
  1609 10162
  1610 10097
  1611 10097
  1612 10097
  1613 10144
  1614 10144
  1615 10144
  1616 10144
  1617 10077
  1618 10077
  1619 10077
  1620 10097
  1621 10097
  1622 10097
  1623 10077
  1624 10077
  1625 10097
  1626 10097
  1627 10097
  1628 10097
  1629 10097
  1630 10162
  1631 10162
  1637 10083
  1638 10083
  1639 10083
  1640 10083
  1641 10083
  1642 10083
  1643 10083
  1644 10083
  1645 10083
  1646 10083
  1647 10083
  1648 10083
  1649 10083
  1650 10083
  1651 10083
  1652 10083
  1653 10083
  1654 10083
  1655 10083
  1656 10083
  1657 10083
  1658 10083
  1659 10083
  1660 10083
  1661 10083
  1662 10083
  1663 10083
  1664 10083
  1665 10083
  1666 10083
  1667 10083
  1668 10083
  1669 10083
  1670 10083
  1671 10083
  1672 10083
  1673 10083
  1674 10083
  1675 10083
  1676 10083
  1677 10083
  1678 10083
  1679 10083
  1680 10083
  1681 10083
  1682 10083
  1683 10083
  1684 10083
  1685 10083
  1686 10083
  1687 10083
  1688 10083
  1689 10046
  1690 10046
  1691 10083
  1692 10083
  1693 10083
  1694 10083
  1695 10083
  1696 10083
  1697 10083
  1698 10083
  1699 10083
  1700 10083
  1701 10083
  1702 10083
  1703 10083
  1704 10083
  1705 10083
  1706 10083
  1707 10083
  1708 10083
  1709 10083
  1710 10083
  1711 10083
  1712 10083
  1713 10083
  1714 10083
  1715 10083
  1716 10083
  1717 10083
  1718 10083
  1719 10046
  1720 10083
  1721 10083
  1722 10083
  1723 10083
  1724 10083
  1725 10083
  1726 10083
  1727 10083
  1728 10083
  1729 10083
  1730 10083
  1731 10083
  1732 10083
  1733 10083
  1734 10083
  1735 10083
  1736 10083
  1737 10083
  1738 10083
  1739 10046
  1740 10083
  1741 10083
  1742 10083
  1743 10083
  1744 10083
  1745 10083
  1746 10083
  1747 10083
  1748 10083
  1749 10083
  1750 10083
  1751 10083
  1752 10083
  1753 10083
  1754 10083
  1755 10083
  1756 10083
  1757 10083
  1758 10083
  1759 10083
  1760 10083
  1761 10083
  1762 10083
  1763 10083
  1764 10083
  1765 10083
  1766 10083
  1767 10083
  1768 10083
  1769 10083
  1770 10083
  1771 10083
  1772 10083
  1773 10083
  1774 10083
  1775 10083
  1776 10083
  1777 10083
  1778 10083
  1779 10083
  1780 10083
  1781 10083
  1782 10083
  1783 10083
  1784 10083
  1785 10083
  1786 10083
  1787 10083
  1788 10083
  1789 10083
  1790 10083
  1791 10083
  1792 10046
  1793 10083
  1794 10083
  1795 10083
  1796 10083
  1797 10083
  1798 10083
  1799 10083
  1800 10083
  1801 10083
  1802 10083
  1803 10083
  1804 10083
  1805 10083
  1806 10123
  1807 10046
  1808 10128
  1809 10128
  1810 10128
  1811 10141
  1812 10141
  1813 10083
  1814 10083
  1815 10083
  1816 10141
  1817 10083
  1818 10083
  1819 10083
  1820 10083
  1821 10083
  1822 10046
  1823 10083
  1824 10046
  1825 10046
  1826 10046
  1827 10083
  1828 10083
  1829 10083
  1830 10083
  1831 10083
  1832 10083
  1833 10083
  1834 10083
  1835 10083
  1836 10083
  1837 10083
  1838 10083
  1839 10083
  1840 10083
  1841 10083
  1842 10083
  1843 10083
  1844 10083
  1845 10083
  1846 10083
  1847 10083
  1848 10083
  1849 10083
  1850 10083
  1851 10083
  1852 10083
  1853 10083
  1854 10083
  1855 10083
  1856 10083
  1857 10101
  1862 10097
  1863 10170
  1864 10097
  1865 10097
  1866 10077
  1867 10077
  1868 10097
  1869 10170
  1870 10170
  1871 10170
  1872 10170
  1873 10170
  1874 10170
  1875 10170
  1876 10170
  1877 10170
  1878 10170
  1879 10077
  1880 10077
  1881 10077
  1882 10170
  1883 10170
  1884 10170
  1885 10170
  1886 10170
  1887 10170
  1888 10170
  1889 10170
  1890 10170
  1891 10170
  1892 10170
  1893 10170
  1894 10170
  1895 10170
  1896 10170
  1897 10097
  1898 10077
  1899 10077
  1900 10170
  1901 10077
  1902 10077
  1903 10077
  1904 10170
  1905 10170
  1906 10170
  1907 10170
  1908 10170
  1909 10077
  1910 10077
  1911 10097
  1912 10097
  1913 10097
  1914 10097
  1915 10077
  1916 10077
  1917 10077
  1918 10077
  1919 10170
  1920 10170
  1921 10170
  1922 10170
  1923 10170
  1924 10170
  1925 10170
  1926 10170
  1927 10170
  1928 10170
  1929 10170
  1930 10170
  1931 10170
  1932 10170
  1933 10170
  1934 10170
  1935 10170
  1936 10077
  1937 10158
  1938 10170
  1939 10170
  1940 10170
  1941 10170
  1942 10170
  1943 10170
  1944 10077
  1945 10077
  1946 10077
  1947 10170
  1948 10170
  1949 10077
  1950 10170
  1951 10170
  1952 10077
  1953 10077
  1954 10077
  1955 10077
  1956 10170
  1957 10170
  1958 10170
  1959 10077
  1960 10077
  1961 10077
  1962 10077
  1963 10170
  1964 10170
  1965 10170
  1966 10170
  1967 10170
  1968 10170
  1969 10170
  1970 10170
  1971 10170
  1972 10170
  1973 10170
  1974 10170
  1975 10170
  1976 10170
  1977 10170
  1978 10170
  1979 10170
  1980 10170
  1981 10170
  1982 10170
  1983 10170
  1984 10170
  1985 10170
  1986 10170
  1987 10170
  1988 10170
  1989 10170
  1990 10170
  1991 10170
  1992 10170
  1993 10170
  1994 10170
  1995 10077
  1996 10170
  1997 10170
  1998 10170
  1999 10170
  2000 10170
  2001 10170
  2002 10170
  2003 10097
  2004 10097
  2005 10097
  2006 10097
  2007 10097
  2008 10097
  2009 10097
  2010 10097
  2011 10097
  2012 10097
  2013 10097
  2014 10097
  2015 10097
  2016 10097
  2017 10097
  2018 10097
  2019 10097
  2020 10097
  2021 10097
  2022 10097
  2023 10097
  2024 10076
  2027 10101
  2028 10101
  2029 10101
  2030 10101
  2031 10101
  2032 10101
