   610 10007
   611 10007
   612 10007
   613 10007
   614 10007
   615 10007
   616 10007
   617 10007
   618 10007
   619 10007
   620 10007
   621 10007
   622 10007
   623 10007
   624 10007
   625 10007
   626 10007
   627 10007
   628 10007
   629 10007
   630 10007
   631 10007
   632 10007
   633 10007
   634 10007
   635 10007
   636 10007
   637 10007
   638 10007
   639 10007
   640 10007
   641 10007
   642 10007
   643 10007
   644 10007
   645 10007
   646 10007
   647 10007
   651 10007
   652 10007
   653 10007
   654 10007
   655 10007
   656 10007
   657 10007
   658 10007
   659 10007
   660 10007
   661 10007
   662 10007
   663 10007
   664 10007
   665 10007
   666 10007
   667 10007
   668 10007
   669 10007
   670 10007
   671 10007
   672 10007
   673 10007
   690 10154
   691 10154
   692 10081
   693 10154
   694 10154
   696 10145
   697 10145
   698 10145
   699 10145
   700 10145
   701 10145
   702 10145
   703 10145
   704 10145
   705 10145
   706 10145
   707 10145
   708 10145
   709 10145
   710 10145
   711 10145
   712 10145
   713 10145
   714 10145
   715 10145
   716 10145
   717 10145
   718 10145
   719 10145
   720 10145
   721 10145
   722 10145
   723 10145
   724 10145
   725 10145
   726 10145
   727 10145
   728 10145
   729 10145
   730 10145
   731 10145
   732 10145
   733 10145
   734 10145
   735 10145
   736 10145
   737 10145
   738 10145
   739 10145
   740 10145
   741 10145
   742 10145
   743 10145
   744 10145
   745 10145
   746 10145
   747 10145
   748 10145
   749 10145
   750 10145
   751 10145
   752 10145
   753 10145
   754 10145
   755 10145
   756 10145
   757 10145
   758 10145
   759 10145
   760 10145
   761 10145
   762 10145
   763 10145
   764 10145
   765 10145
   766 10145
   767 10145
   768 10145
   769 10145
   770 10145
   771 10145
   772 10145
   773 10145
   774 10156
   775 10130
   776 10130
   777 10130
   778 10130
   779 10145
   780 10145
   781 10145
   782 10143
   783 10145
   784 10143
   785 10143
   786 10154
   787 10154
   788 10154
   789 10154
   790 10154
   791 10154
   792 10154
   797 10049
   798 10049
   799 10049
   800 10049
   801 10049
   802 10049
   803 10049
   804 10049
   805 10049
   806 10049
   807 10049
   808 10049
   809 10049
   810 10049
   811 10049
   812 10049
   813 10049
   814 10049
   815 10049
   816 10049
   817 10049
   818 10049
   819 10049
   820 10049
   821 10049
   822 10049
   823 10049
   824 10049
   825 10049
   826 10049
   827 10049
   828 10049
   829 10049
   830 10049
   831 10049
   832 10049
   833 10049
   834 10049
   835 10049
   836 10049
   837 10049
   838 10049
   839 10049
   840 10049
   841 10049
   842 10049
   843 10049
   844 10049
   845 10049
   846 10049
   847 10049
   848 10049
   849 10049
   850 10049
   851 10049
   852 10049
   853 10049
   854 10049
   855 10049
   856 10049
   857 10049
   858 10049
   859 10049
   860 10049
   861 10049
   862 10049
   863 10049
   864 10049
   865 10049
   866 10049
   867 10049
   868 10049
   869 10049
   870 10049
   871 10049
   872 10049
   873 10049
   874 10049
   875 10049
   876 10049
   877 10049
   878 10049
   879 10049
   880 10049
   881 10049
   882 10049
   883 10049
   884 10049
   885 10049
   886 10049
   887 10049
   888 10049
   889 10049
   890 10049
   891 10049
   892 10049
   893 10049
   894 10049
   895 10049
   896 10049
   897 10049
   898 10049
   899 10049
   900 10049
   901 10049
   902 10049
   903 10049
   904 10049
   905 10049
   906 10049
   907 10049
   908 10049
   909 10049
   910 10049
   911 10049
   912 10049
   913 10049
   914 10049
   915 10049
   916 10049
   917 10049
   918 10049
   919 10049
   920 10049
   921 10049
   922 10049
   923 10049
   924 10049
   925 10049
   926 10049
   927 10049
   928 10049
   929 10049
   930 10049
   931 10049
   932 10049
   933 10049
   934 10049
   935 10049
   936 10049
   937 10049
   938 10049
   939 10049
   940 10049
   941 10049
   942 10049
   943 10049
   944 10049
   945 10049
   946 10049
   947 10049
   948 10049
   949 10049
   950 10049
   951 10049
   952 10049
   953 10049
   954 10049
   955 10049
   956 10049
   957 10049
   958 10049
   959 10049
   960 10049
   961 10049
   962 10049
   963 10049
   964 10049
   965 10049
   966 10049
   967 10049
   968 10049
   969 10049
   970 10049
   971 10049
   972 10049
   973 10049
   974 10049
   975 10049
   976 10049
   977 10049
   978 10049
   979 10049
   980 10049
   981 10049
   982 10049
   983 10049
   984 10049
   985 10049
   986 10049
   987 10049
   988 10049
   989 10049
   990 10049
   991 10049
   992 10049
   993 10049
   994 10049
   995 10049
   996 10049
   997 10049
   998 10049
   999 10049
  1000 10049
  1001 10049
  1002 10049
  1003 10049
  1004 10049
  1005 10049
  1006 10049
  1007 10049
  1008 10049
  1009 10049
  1010 10049
  1011 10049
  1012 10039
  1013 10039
  1014 10039
  1020 10130
  1021 10154
  1022 10014
  1023 10014
  1024 10014
  1025 10014
  1026 10014
  1027 10014
  1028 10007
  1029 10007
  1030 10007
  1031 10007
  1032 10007
  1033 10007
  1034 10007
  1035 10007
  1036 10007
  1037 10007
  1038 10007
  1039 10007
  1040 10007
  1041 10007
  1042 10007
  1043 10007
  1044 10007
  1045 10007
  1046 10007
  1047 10007
  1048 10007
  1049 10007
  1050 10007
  1051 10007
  1052 10007
  1053 10007
  1054 10007
  1055 10007
  1056 10007
  1057 10007
  1058 10007
  1059 10007
  1060 10007
  1061 10007
  1062 10007
  1063 10007
  1064 10007
  1065 10007
  1066 10007
  1067 10007
  1068 10007
  1069 10007
  1070 10007
  1071 10007
  1072 10007
  1073 10007
  1074 10007
  1075 10007
  1076 10007
  1077 10007
  1078 10007
  1079 10007
  1080 10007
  1081 10007
  1082 10007
  1083 10007
  1084 10007
  1085 10007
  1086 10007
  1087 10007
  1088 10007
  1089 10007
  1090 10007
  1091 10007
  1092 10007
  1093 10007
  1094 10007
  1095 10007
  1096 10007
  1097 10007
  1098 10007
  1099 10007
  1100 10007
  1101 10007
  1102 10007
  1103 10007
  1104 10007
  1105 10007
  1106 10007
  1107 10007
  1108 10007
  1109 10007
  1110 10007
  1111 10007
  1112 10007
  1113 10007
  1114 10007
  1115 10007
  1116 10007
  1117 10007
  1118 10007
  1119 10007
  1120 10007
  1121 10007
  1122 10007
  1123 10007
  1124 10007
  1125 10007
  1126 10007
  1127 10007
  1128 10007
  1129 10007
  1130 10007
  1131 10007
  1132 10007
  1133 10007
  1134 10007
  1135 10007
  1136 10007
  1137 10007
  1138 10007
  1139 10007
  1140 10007
  1141 10007
  1142 10007
  1143 10007
  1144 10007
  1145 10007
  1146 10007
  1147 10007
  1148 10007
  1149 10007
  1150 10007
  1151 10007
  1152 10007
  1153 10007
  1154 10007
  1155 10007
  1156 10007
  1157 10007
  1158 10007
  1159 10007
  1160 10007
  1161 10007
  1162 10007
  1163 10007
  1164 10007
  1165 10007
  1166 10007
  1167 10007
  1168 10007
  1169 10007
  1170 10007
  1171 10007
  1172 10007
  1173 10007
  1174 10007
  1175 10007
  1176 10007
  1177 10007
  1178 10007
  1179 10007
  1180 10007
  1181 10007
  1182 10007
  1183 10007
  1184 10007
  1185 10007
  1186 10007
  1187 10007
  1188 10007
  1189 10007
  1190 10007
  1191 10007
  1192 10007
  1193 10007
  1194 10007
  1195 10007
  1196 10007
  1197 10007
  1198 10007
  1199 10007
  1200 10007
  1201 10007
  1202 10007
  1203 10007
  1204 10007
  1205 10007
  1206 10007
  1207 10007
  1208 10007
  1209 10007
  1210 10007
  1211 10007
  1212 10007
  1213 10007
  1214 10007
  1215 10007
  1216 10007
  1217 10007
  1218 10007
  1219 10007
  1220 10007
  1221 10007
  1222 10007
  1223 10007
  1224 10007
  1225 10007
  1226 10007
  1227 10007
  1228 10007
  1229 10007
  1230 10007
  1231 10007
  1232 10007
  1233 10007
  1234 10007
  1235 10007
  1236 10007
  1237 10007
  1238 10007
  1239 10007
  1240 10007
  1241 10007
  1242 10007
  1243 10007
  1244 10007
  1245 10007
  1246 10007
  1247 10007
  1248 10007
  1249 10007
  1250 10007
  1251 10007
  1252 10007
  1253 10007
  1254 10007
  1255 10007
  1256 10007
  1257 10007
  1258 10007
  1259 10007
  1260 10007
  1261 10007
  1262 10007
  1263 10007
  1264 10007
  1265 10007
  1266 10007
  1267 10007
  1268 10029
  1269 10029
  1270 10029
  1272 10076
  1273 10076
  1274 10076
  1275 10076
  1276 10018
  1278 10061
  1279 10061
  1280 10047
  1281 10047
  1282 10047
  1283 10047
  1284 10047
  1285 10047
  1286 10047
  1287 10047
  1288 10047
  1289 10047
  1290 10047
  1291 10047
  1292 10047
  1293 10047
  1294 10047
  1295 10047
  1296 10047
  1297 10047
  1298 10047
  1299 10047
  1300 10047
  1301 10047
  1302 10047
  1303 10047
  1304 10047
  1305 10047
  1306 10047
  1307 10047
  1308 10047
  1309 10047
  1310 10047
  1311 10047
  1312 10047
  1313 10047
  1314 10047
  1315 10047
  1316 10047
  1317 10047
  1318 10047
  1319 10047
  1320 10047
  1321 10047
  1322 10047
  1323 10047
  1324 10047
  1325 10047
  1326 10047
  1327 10047
  1328 10047
  1329 10047
  1330 10047
  1331 10047
  1332 10047
  1333 10047
  1334 10047
  1335 10047
  1336 10047
  1337 10047
  1338 10047
  1339 10047
  1340 10047
  1341 10047
  1342 10047
  1343 10047
  1344 10047
  1345 10047
  1346 10047
  1347 10047
  1348 10047
  1349 10047
  1350 10047
  1351 10047
  1352 10047
  1353 10047
  1354 10047
  1355 10047
  1356 10047
  1357 10047
  1358 10047
  1359 10047
  1360 10047
  1361 10047
  1362 10047
  1363 10047
  1364 10047
  1365 10047
  1366 10047
  1367 10047
  1368 10047
  1369 10047
  1370 10047
  1371 10047
  1372 10047
  1373 10047
  1374 10047
  1375 10047
  1376 10047
  1377 10047
  1378 10047
  1379 10047
  1380 10047
  1381 10047
  1382 10047
  1383 10047
  1384 10047
  1385 10047
  1386 10047
  1387 10047
  1388 10047
  1389 10047
  1390 10047
  1391 10047
  1392 10047
  1393 10047
  1394 10047
  1395 10047
  1396 10047
  1397 10047
  1398 10047
  1399 10047
  1400 10047
  1401 10047
  1402 10047
  1403 10047
  1404 10047
  1405 10047
  1406 10047
  1407 10047
  1408 10047
  1409 10047
  1410 10047
  1411 10047
  1412 10047
  1413 10047
  1414 10047
  1415 10047
  1416 10047
  1417 10047
  1418 10047
  1419 10047
  1420 10047
  1421 10047
  1422 10047
  1423 10047
  1424 10047
  1425 10047
  1426 10047
  1427 10047
  1428 10047
  1429 10047
  1430 10047
  1431 10047
  1432 10047
  1433 10047
  1434 10047
  1435 10047
  1436 10047
  1437 10047
  1438 10047
  1439 10047
  1440 10047
  1441 10047
  1442 10047
  1443 10047
  1444 10047
  1445 10047
  1446 10047
  1447 10047
  1448 10047
  1449 10047
  1450 10047
  1451 10047
  1452 10047
  1453 10047
  1454 10047
  1455 10047
  1456 10047
  1457 10047
  1458 10047
  1459 10047
  1460 10047
  1461 10047
  1462 10047
  1463 10047
  1464 10047
  1465 10047
  1466 10047
  1467 10047
  1468 10047
  1469 10047
  1470 10047
  1471 10047
  1472 10047
  1473 10047
  1474 10047
  1475 10047
  1476 10047
  1477 10047
  1478 10047
  1479 10047
  1480 10047
  1481 10047
  1482 10047
  1483 10047
  1484 10047
  1485 10047
  1486 10047
  1487 10047
  1488 10047
  1489 10047
  1490 10047
  1491 10047
  1492 10047
  1493 10047
  1494 10047
  1495 10047
  1496 10047
  1497 10047
  1498 10047
  1499 10047
  1500 10047
  1501 10047
  1502 10047
  1503 10047
  1504 10047
  1505 10047
  1506 10047
  1507 10047
  1508 10047
  1509 10047
  1510 10047
  1511 10047
  1514 10091
  1516 10123
  1517 10061
  1518 10061
  1519 10061
  1520 10169
  1521 10169
  1522 10076
  1523 10106
  1524 10018
  1525 10018
  1526 10018
  1527 10018
  1528 10018
  1529 10055
  1530 10158
  1531 10018
  1532 10018
  1533 10018
  1534 10018
  1535 10106
  1536 10106
  1537 10040
  1538 10040
  1539 10040
  1540 10040
  1541 10040
  1542 10055
  1543 10076
  1559 10055
  1560 10055
  1561 10055
  1562 10055
  1563 10018
  1564 10055
  1565 10055
  1566 10055
  1567 10055
  1568 10055
  1569 10154
  1570 10154
  1571 10154
  1572 10154
  1573 10016
  1574 10014
  1575 10016
  1576 10016
  1577 10016
  1578 10016
  1579 10016
  1580 10016
  1581 10016
  1582 10016
  1583 10143
  1584 10016
  1585 10016
  1586 10016
  1587 10016
  1588 10016
  1589 10016
  1590 10016
  1591 10016
  1592 10016
  1593 10016
  1594 10016
  1595 10016
  1596 10016
  1597 10016
  1598 10016
  1599 10016
  1600 10016
  1601 10016
  1602 10016
  1603 10016
  1604 10016
  1605 10016
  1606 10016
  1607 10016
  1608 10016
  1609 10016
  1610 10016
  1611 10154
  1612 10016
  1613 10016
  1614 10016
  1615 10016
  1616 10016
  1617 10016
  1618 10016
  1619 10016
  1620 10016
  1621 10016
  1622 10016
  1623 10014
  1624 10014
  1625 10014
  1626 10014
  1627 10014
  1628 10036
  1629 10050
  1630 10065
  1631 10065
  1632 10050
  1633 10050
  1634 10050
  1635 10050
  1636 10065
  1640 10065
  1641 10065
  1642 10065
  1643 10065
  1644 10065
  1645 10050
  1646 10050
  1647 10050
  1648 10050
  1649 10050
  1650 10050
  1651 10050
  1652 10050
  1653 10050
  1654 10050
  1655 10050
  1656 10050
  1657 10065
  1658 10050
  1659 10050
  1660 10050
  1661 10050
  1662 10050
  1663 10050
  1664 10050
  1665 10065
  1666 10050
  1667 10050
  1668 10050
  1669 10050
  1670 10050
  1671 10050
  1672 10050
  1673 10050
  1674 10050
  1675 10050
  1676 10050
  1677 10050
  1678 10050
  1679 10050
  1680 10050
  1681 10050
  1682 10050
  1683 10050
  1684 10050
  1685 10050
  1686 10050
  1687 10050
  1688 10050
  1691 10065
  1692 10065
  1693 10065
  1694 10065
  1695 10065
  1696 10065
  1697 10065
  1698 10065
  1699 10065
  1700 10065
  1701 10065
  1702 10065
  1703 10065
  1704 10065
  1705 10065
  1706 10065
  1707 10065
  1708 10065
  1709 10065
  1710 10065
  1711 10065
  1712 10050
  1713 10050
  1714 10050
  1715 10050
  1716 10050
  1717 10065
  1718 10065
  1719 10065
  1720 10065
  1721 10050
  1722 10065
  1723 10065
  1724 10065
  1725 10065
  1726 10065
  1727 10065
  1732 10065
  1733 10065
  1734 10050
  1735 10050
  1736 10065
  1737 10050
  1738 10065
  1739 10065
  1740 10065
  1741 10065
  1742 10065
  1743 10065
  1744 10065
  1745 10065
  1746 10065
  1747 10065
  1748 10065
  1749 10065
  1750 10050
  1751 10050
  1752 10050
  1753 10050
  1754 10050
  1755 10050
  1756 10050
  1757 10050
  1758 10050
  1759 10050
  1760 10050
  1761 10050
  1762 10050
  1763 10050
  1764 10050
  1765 10050
  1766 10050
  1767 10050
  1768 10050
  1769 10050
  1770 10050
  1771 10050
  1772 10050
  1773 10050
  1774 10050
  1775 10050
  1776 10065
  1777 10065
  1778 10050
  1779 10050
  1780 10050
  1781 10050
  1782 10050
  1783 10050
  1784 10050
  1785 10050
  1786 10050
  1787 10050
  1788 10050
  1789 10050
  1790 10050
  1791 10050
  1792 10065
  1793 10050
  1794 10050
  1795 10050
  1796 10050
  1797 10050
  1798 10050
  1799 10050
  1800 10050
  1801 10050
  1802 10065
  1803 10065
  1804 10050
  1805 10050
  1806 10050
  1807 10050
  1808 10050
  1809 10050
  1810 10050
  1811 10050
  1812 10050
  1813 10050
  1814 10065
  1815 10050
  1816 10050
  1817 10050
  1818 10050
  1819 10050
  1820 10050
  1821 10065
  1822 10065
  1823 10065
  1824 10050
  1825 10050
  1826 10050
  1827 10050
  1828 10050
  1829 10050
  1830 10050
  1831 10065
  1832 10050
  1833 10050
  1834 10065
  1835 10065
  1836 10050
  1837 10065
  1838 10065
  1839 10065
  1840 10065
  1841 10065
  1842 10065
  1843 10065
  1844 10065
  1845 10065
  1846 10065
  1847 10065
  1848 10065
  1849 10065
  1850 10065
  1851 10065
  1852 10065
  1853 10065
  1854 10065
  1855 10065
  1857 10115
  1858 10115
  1859 10115
  1860 10154
  1861 10154
  1862 10154
  1863 10016
  1864 10154
  1865 10143
  1866 10155
  1867 10155
  1868 10155
  1869 10155
  1870 10155
  1871 10155
  1872 10155
  1873 10155
  1874 10155
  1875 10155
  1876 10155
  1877 10155
  1878 10155
  1879 10155
  1880 10155
  1881 10155
  1882 10155
  1883 10155
  1884 10155
  1885 10155
  1886 10155
  1887 10155
  1888 10155
  1889 10155
  1890 10155
  1891 10155
  1892 10155
  1893 10155
  1894 10155
  1895 10155
  1896 10155
  1897 10155
  1898 10155
  1899 10155
  1900 10155
  1901 10155
  1902 10155
  1903 10155
  1904 10155
  1905 10155
  1906 10155
  1907 10155
  1908 10155
  1909 10155
  1910 10155
  1911 10155
  1912 10155
  1913 10155
  1914 10155
  1915 10155
  1916 10155
  1917 10155
  1918 10155
  1919 10155
  1920 10155
  1921 10155
  1922 10155
  1923 10155
  1924 10155
  1925 10155
  1926 10155
  1927 10155
  1928 10155
  1929 10155
  1930 10155
  1931 10155
  1932 10155
  1933 10155
  1934 10155
  1935 10155
  1936 10155
  1937 10155
  1938 10155
  1939 10155
  1940 10155
  1941 10155
  1942 10155
  1943 10155
  1944 10155
  1945 10155
  1946 10155
  1947 10155
  1948 10155
  1949 10155
  1950 10155
  1951 10155
  1952 10155
  1953 10155
  1954 10155
  1955 10155
  1956 10155
  1957 10155
  1958 10155
  1959 10155
  1960 10155
  1961 10155
  1962 10155
  1963 10155
  1964 10155
  1965 10155
  1966 10155
  1967 10155
  1968 10155
  1969 10155
  1970 10155
  1971 10155
  1972 10155
  1973 10155
  1974 10155
  1975 10155
  1976 10155
  1977 10155
  1978 10155
  1979 10155
  1980 10155
  1981 10155
  1982 10155
  1983 10155
  1984 10155
  1985 10155
  1986 10155
  1987 10155
  1988 10155
  1989 10155
  1990 10155
  1991 10155
  1992 10155
  1993 10155
  1994 10155
  1995 10155
  1996 10155
  1997 10155
  1998 10155
  1999 10155
  2000 10155
  2001 10155
  2002 10155
  2003 10155
  2004 10155
  2005 10155
  2006 10155
  2007 10155
  2008 10155
  2009 10155
  2010 10155
  2011 10155
  2012 10155
  2013 10155
  2014 10155
  2015 10155
  2016 10155
  2017 10155
  2018 10155
  2019 10155
  2020 10155
  2021 10155
  2022 10155
  2023 10155
  2024 10155
  2025 10143
  2026 10154
  2027 10154
  2028 10143
  2029 10143
  2030 10143
  2031 10143
  2032 10016
