   718 10123
   719 10123
   720 10123
   721 10123
   722 10123
   723 10123
   724 10123
   725 10123
   726 10123
   727 10123
   728 10123
   729 10123
   730 10123
   731 10123
   732 10123
   733 10123
   734 10123
   735 10123
   736 10123
   737 10123
   738 10123
   739 10123
   740 10123
   741 10123
   742 10123
   743 10123
   744 10123
   745 10123
   746 10123
   747 10123
   748 10123
   749 10123
   750 10123
   751 10123
   752 10123
   753 10123
   754 10123
   755 10123
   756 10123
   757 10123
   758 10123
   759 10123
   760 10123
   761 10123
   762 10123
   763 10123
   764 10123
   765 10123
   766 10123
   767 10123
   768 10123
   769 10123
   770 10123
   771 10123
   772 10123
   773 10123
   774 10123
   775 10123
   776 10123
   777 10123
   778 10123
   779 10123
   780 10123
   781 10101
   782 10101
   783 10101
   784 10134
   785 10134
   786 10134
   787 10134
   788 10134
   789 10134
   790 10134
   791 10134
   792 10134
   793 10134
   794 10134
   795 10134
   796 10134
   797 10134
   798 10134
   799 10134
   800 10134
   801 10134
   802 10134
   803 10134
   804 10134
   805 10134
   806 10134
   807 10134
   808 10134
   809 10134
   810 10134
   811 10134
   812 10134
   813 10134
   814 10134
   815 10134
   816 10134
   817 10134
   818 10134
   819 10134
   820 10134
   821 10134
   822 10134
   823 10134
   824 10134
   825 10134
   826 10134
   827 10134
   828 10134
   829 10134
   830 10134
   831 10134
   832 10134
   833 10134
   834 10134
   835 10134
   836 10134
   837 10134
   838 10134
   839 10134
   840 10134
   841 10134
   842 10134
   843 10134
   844 10134
   845 10134
   846 10134
   847 10134
   848 10134
   849 10134
   850 10134
   851 10134
   852 10134
   853 10134
   854 10134
   855 10134
   856 10134
   857 10134
   858 10134
   859 10134
   860 10134
   861 10134
   862 10134
   863 10134
   864 10134
   865 10134
   866 10134
   867 10134
   868 10134
   869 10134
   870 10134
   871 10134
   872 10134
   873 10134
   874 10134
   875 10134
   876 10134
   877 10134
   878 10134
   879 10134
   880 10134
   881 10134
   882 10134
   883 10134
   884 10134
   885 10134
   886 10134
   887 10134
   888 10134
   889 10134
   890 10134
   891 10134
   892 10134
   893 10134
   894 10134
   895 10134
   896 10134
   897 10134
   898 10134
   899 10134
   900 10134
   901 10134
   902 10134
   903 10134
   904 10134
   905 10134
   906 10134
   907 10134
   908 10134
   909 10134
   910 10134
   911 10134
   912 10134
   913 10134
   914 10134
   915 10134
   916 10134
   917 10134
   918 10134
   919 10134
   920 10134
   921 10134
   922 10134
   923 10134
   924 10134
   925 10134
   926 10134
   927 10134
   928 10134
   929 10134
   930 10134
   931 10134
   932 10134
   933 10134
   934 10134
   935 10134
   936 10134
   937 10134
   938 10134
   939 10134
   940 10134
   941 10134
   942 10134
   943 10134
   944 10134
   945 10134
   946 10134
   947 10134
   948 10134
   949 10134
   950 10134
   951 10134
   952 10134
   953 10134
   954 10134
   955 10134
   956 10134
   957 10134
   958 10134
   959 10134
   960 10134
   961 10134
   962 10134
   963 10134
   964 10134
   965 10134
   966 10134
   967 10134
   968 10134
   969 10134
   970 10134
   971 10134
   972 10134
   973 10134
   974 10134
   975 10134
   976 10134
   977 10134
   978 10134
   979 10134
   980 10134
   981 10134
   982 10134
   983 10134
   984 10134
   985 10134
   986 10134
   987 10134
   988 10134
   989 10134
   990 10134
   991 10134
   992 10134
   993 10134
   994 10134
   995 10134
   996 10134
   997 10134
   998 10134
   999 10134
  1000 10134
  1001 10134
  1002 10134
  1003 10134
  1004 10134
  1005 10134
  1006 10134
  1007 10134
  1008 10134
  1009 10134
  1010 10134
  1011 10134
  1012 10134
  1013 10134
  1014 10134
  1015 10134
  1016 10134
  1017 10016
  1018 10016
  1019 10153
  1020 10153
  1021 10153
  1022 10153
  1023 10153
  1024 10153
  1025 10153
  1026 10049
  1027 10049
  1028 10049
  1029 10049
  1030 10049
  1031 10049
  1032 10049
  1033 10049
  1034 10049
  1035 10049
  1036 10049
  1037 10049
  1038 10049
  1039 10049
  1040 10049
  1041 10049
  1042 10049
  1043 10049
  1044 10049
  1045 10049
  1046 10049
  1047 10049
  1048 10049
  1049 10049
  1050 10049
  1051 10049
  1052 10049
  1053 10049
  1054 10049
  1055 10049
  1056 10049
  1057 10049
  1058 10049
  1059 10049
  1060 10049
  1061 10049
  1062 10049
  1063 10049
  1064 10049
  1065 10049
  1066 10049
  1067 10049
  1068 10049
  1069 10049
  1070 10049
  1071 10049
  1072 10049
  1073 10049
  1074 10049
  1075 10049
  1076 10049
  1077 10049
  1078 10049
  1079 10049
  1080 10049
  1081 10049
  1082 10049
  1083 10049
  1084 10049
  1085 10049
  1086 10049
  1087 10049
  1088 10049
  1089 10049
  1090 10049
  1091 10049
  1092 10049
  1093 10049
  1094 10049
  1095 10049
  1096 10049
  1097 10049
  1098 10049
  1099 10049
  1100 10049
  1101 10049
  1102 10049
  1103 10049
  1104 10049
  1105 10049
  1106 10049
  1107 10049
  1108 10049
  1109 10049
  1110 10049
  1111 10049
  1112 10049
  1113 10049
  1114 10049
  1115 10049
  1116 10049
  1117 10049
  1118 10049
  1119 10049
  1120 10049
  1121 10049
  1122 10049
  1123 10049
  1124 10049
  1125 10049
  1126 10049
  1127 10049
  1128 10049
  1129 10049
  1130 10049
  1131 10049
  1132 10049
  1133 10049
  1134 10049
  1135 10049
  1136 10049
  1137 10049
  1138 10049
  1139 10049
  1140 10049
  1141 10049
  1142 10049
  1143 10049
  1144 10049
  1145 10049
  1146 10049
  1147 10049
  1148 10049
  1149 10049
  1150 10049
  1151 10049
  1152 10049
  1153 10049
  1154 10049
  1155 10049
  1156 10049
  1157 10049
  1158 10049
  1159 10049
  1160 10049
  1161 10049
  1162 10049
  1163 10049
  1164 10049
  1165 10049
  1166 10049
  1167 10049
  1168 10049
  1169 10049
  1170 10049
  1171 10049
  1172 10049
  1173 10049
  1174 10049
  1175 10049
  1176 10049
  1177 10049
  1178 10049
  1179 10049
  1180 10049
  1181 10049
  1182 10049
  1183 10049
  1184 10049
  1185 10049
  1186 10049
  1187 10049
  1188 10049
  1189 10049
  1190 10049
  1191 10049
  1192 10049
  1193 10049
  1194 10049
  1195 10049
  1196 10049
  1197 10049
  1198 10049
  1199 10049
  1200 10049
  1201 10049
  1202 10049
  1203 10049
  1204 10049
  1205 10049
  1206 10049
  1207 10049
  1208 10049
  1209 10049
  1210 10049
  1211 10049
  1212 10049
  1213 10049
  1214 10049
  1215 10049
  1216 10049
  1217 10049
  1218 10049
  1219 10049
  1220 10049
  1221 10049
  1222 10049
  1223 10049
  1224 10049
  1225 10049
  1226 10049
  1227 10049
  1228 10049
  1229 10049
  1230 10049
  1231 10049
  1232 10049
  1233 10049
  1234 10049
  1235 10049
  1236 10049
  1237 10049
  1238 10049
  1239 10049
  1240 10049
  1241 10049
  1242 10049
  1243 10049
  1244 10049
  1245 10049
  1246 10049
  1247 10049
  1248 10049
  1249 10049
  1250 10049
  1251 10049
  1252 10049
  1253 10049
  1254 10049
  1255 10049
  1256 10049
  1257 10016
  1258 10153
  1271 10108
  1272 10108
  1273 10108
  1274 10108
  1275 10108
  1276 10108
  1277 10108
  1278 10108
  1279 10108
  1280 10108
  1281 10108
  1282 10108
  1283 10108
  1284 10108
  1285 10108
  1286 10108
  1287 10108
  1288 10108
  1289 10108
  1290 10108
  1291 10108
  1292 10108
  1293 10108
  1294 10108
  1295 10108
  1296 10108
  1297 10108
  1298 10108
  1299 10108
  1300 10108
  1301 10108
  1302 10108
  1303 10108
  1304 10108
  1305 10108
  1306 10108
  1307 10108
  1308 10108
  1309 10108
  1310 10108
  1311 10108
  1312 10108
  1313 10108
  1314 10108
  1315 10108
  1316 10108
  1317 10108
  1318 10108
  1319 10108
  1320 10108
  1321 10108
  1322 10108
  1323 10108
  1324 10108
  1325 10108
  1326 10108
  1327 10108
  1328 10108
  1329 10108
  1330 10108
  1331 10108
  1332 10108
  1333 10108
  1334 10108
  1335 10108
  1336 10108
  1337 10108
  1338 10108
  1339 10108
  1340 10108
  1341 10108
  1342 10108
  1343 10108
  1344 10108
  1345 10108
  1346 10108
  1347 10108
  1348 10108
  1349 10108
  1350 10108
  1351 10108
  1352 10108
  1353 10108
  1354 10108
  1355 10108
  1356 10108
  1357 10108
  1358 10108
  1359 10108
  1360 10108
  1361 10108
  1362 10108
  1363 10108
  1364 10108
  1365 10108
  1366 10108
  1367 10108
  1368 10108
  1369 10108
  1370 10108
  1371 10108
  1372 10108
  1373 10108
  1374 10108
  1375 10108
  1376 10108
  1377 10108
  1378 10108
  1379 10108
  1380 10108
  1381 10108
  1382 10108
  1383 10108
  1384 10108
  1385 10108
  1386 10108
  1387 10108
  1388 10108
  1389 10108
  1390 10108
  1391 10108
  1392 10108
  1393 10108
  1394 10108
  1395 10108
  1396 10108
  1397 10108
  1398 10108
  1399 10108
  1400 10108
  1401 10108
  1402 10108
  1403 10108
  1404 10108
  1405 10108
  1406 10108
  1407 10108
  1408 10108
  1409 10108
  1410 10108
  1411 10108
  1412 10108
  1413 10108
  1414 10108
  1415 10108
  1416 10108
  1417 10108
  1418 10108
  1419 10108
  1420 10108
  1421 10108
  1422 10108
  1423 10108
  1424 10108
  1425 10108
  1426 10108
  1427 10108
  1428 10108
  1429 10108
  1430 10108
  1431 10108
  1432 10108
  1433 10108
  1434 10108
  1435 10108
  1436 10108
  1437 10108
  1438 10108
  1439 10108
  1440 10108
  1441 10108
  1442 10108
  1443 10108
  1444 10108
  1445 10108
  1446 10108
  1447 10108
  1448 10108
  1449 10108
  1450 10108
  1451 10108
  1452 10108
  1453 10108
  1454 10108
  1455 10108
  1456 10108
  1457 10108
  1458 10108
  1459 10108
  1460 10108
  1461 10108
  1462 10108
  1463 10108
  1464 10108
  1465 10108
  1466 10108
  1467 10108
  1468 10108
  1469 10108
  1470 10108
  1471 10108
  1472 10108
  1473 10108
  1474 10108
  1475 10108
  1476 10108
  1477 10108
  1478 10108
  1479 10108
  1480 10108
  1481 10108
  1482 10108
  1483 10108
  1484 10108
  1485 10108
  1486 10108
  1487 10108
  1488 10108
  1489 10108
  1490 10108
  1496 10130
  1502 10076
  1503 10106
  1504 10138
  1506 10046
  1507 10080
  1508 10149
  1509 10149
  1510 10149
  1511 10149
  1512 10149
  1513 10149
  1514 10149
  1515 10149
  1516 10149
  1517 10149
  1518 10149
  1519 10149
  1520 10149
  1521 10149
  1522 10149
  1523 10149
  1524 10149
  1525 10071
  1526 10071
  1527 10071
  1528 10071
  1529 10071
  1530 10071
  1531 10149
  1532 10149
  1533 10149
  1534 10149
  1535 10149
  1536 10149
  1537 10149
  1538 10149
  1539 10149
  1540 10149
  1541 10149
  1542 10149
  1543 10149
  1544 10149
  1545 10149
  1546 10071
  1547 10149
  1548 10149
  1549 10149
  1550 10071
  1551 10149
  1552 10149
  1553 10149
  1554 10149
  1555 10149
  1556 10149
  1557 10149
  1558 10149
  1559 10149
  1560 10149
  1561 10149
  1562 10149
  1563 10149
  1564 10071
  1565 10071
  1566 10149
  1567 10149
  1568 10149
  1569 10149
  1570 10149
  1571 10149
  1572 10149
  1573 10149
  1574 10071
  1575 10071
  1576 10149
  1577 10149
  1578 10149
  1579 10149
  1580 10149
  1581 10149
  1582 10071
  1583 10071
  1584 10071
  1585 10149
  1586 10149
  1587 10149
  1588 10071
  1589 10071
  1590 10071
  1591 10071
  1592 10071
  1593 10149
  1594 10149
  1595 10149
  1596 10149
  1597 10149
  1598 10071
  1599 10149
  1600 10149
  1601 10149
  1602 10149
  1603 10149
  1604 10071
  1605 10071
  1606 10149
  1607 10071
  1608 10149
  1609 10149
  1610 10149
  1611 10149
  1612 10071
  1613 10149
  1614 10149
  1615 10149
  1616 10149
  1617 10071
  1618 10071
  1619 10071
  1620 10071
  1621 10163
  1622 10163
  1623 10163
  1624 10163
  1627 10050
  1628 10050
  1629 10050
  1630 10050
  1631 10050
  1632 10050
  1633 10050
  1634 10050
  1635 10050
  1636 10050
  1637 10050
  1638 10050
  1639 10050
  1640 10050
  1641 10050
  1642 10050
  1643 10050
  1644 10050
  1645 10050
  1646 10050
  1647 10050
  1648 10050
  1649 10050
  1650 10050
  1651 10050
  1652 10050
  1653 10050
  1654 10050
  1655 10050
  1656 10050
  1657 10050
  1658 10050
  1659 10050
  1660 10050
  1661 10050
  1662 10050
  1663 10050
  1664 10050
  1665 10050
  1666 10050
  1667 10050
  1668 10050
  1669 10050
  1670 10050
  1671 10050
  1672 10050
  1673 10050
  1674 10050
  1675 10050
  1676 10050
  1677 10050
  1678 10050
  1679 10050
  1680 10050
  1681 10050
  1682 10050
  1683 10050
  1684 10050
  1685 10050
  1686 10050
  1687 10050
  1688 10050
  1689 10050
  1690 10050
  1691 10050
  1692 10050
  1693 10050
  1694 10050
  1695 10050
  1696 10050
  1697 10050
  1698 10050
  1699 10050
  1700 10050
  1701 10050
  1702 10050
  1703 10050
  1704 10050
  1705 10050
  1706 10050
  1707 10050
  1708 10050
  1709 10050
  1710 10050
  1711 10050
  1712 10050
  1713 10050
  1714 10050
  1715 10050
  1716 10050
  1717 10050
  1718 10050
  1719 10050
  1720 10050
  1721 10050
  1722 10050
  1723 10050
  1724 10050
  1725 10050
  1726 10050
  1727 10050
  1728 10050
  1729 10050
  1730 10050
  1731 10050
  1732 10050
  1733 10050
  1734 10050
  1735 10050
  1736 10050
  1737 10050
  1738 10050
  1739 10050
  1740 10050
  1741 10050
  1742 10050
  1743 10050
  1744 10050
  1745 10050
  1746 10050
  1747 10050
  1748 10050
  1749 10050
  1750 10050
  1751 10050
  1752 10050
  1753 10050
  1754 10050
  1755 10050
  1756 10050
  1757 10050
  1758 10050
  1759 10050
  1760 10050
  1761 10050
  1762 10050
  1763 10050
  1764 10050
  1765 10050
  1766 10050
  1767 10050
  1768 10050
  1769 10050
  1770 10050
  1771 10050
  1772 10050
  1773 10050
  1774 10050
  1775 10050
  1776 10050
  1777 10050
  1778 10050
  1779 10050
  1780 10050
  1781 10050
  1782 10050
  1783 10050
  1784 10050
  1785 10050
  1786 10050
  1787 10050
  1788 10050
  1789 10050
  1790 10050
  1791 10050
  1792 10050
  1793 10050
  1794 10050
  1795 10050
  1796 10050
  1797 10050
  1798 10050
  1799 10050
  1800 10050
  1801 10050
  1802 10050
  1803 10050
  1804 10050
  1805 10050
  1806 10050
  1807 10050
  1808 10050
  1809 10050
  1810 10050
  1811 10050
  1812 10050
  1813 10050
  1814 10050
  1815 10050
  1816 10050
  1817 10050
  1818 10050
  1819 10050
  1820 10050
  1821 10050
  1822 10050
  1823 10050
  1824 10050
  1825 10050
  1826 10050
  1827 10050
  1828 10050
  1829 10050
  1830 10050
  1831 10050
  1832 10050
  1833 10050
  1834 10050
  1835 10050
  1836 10050
  1837 10050
  1838 10050
  1839 10050
  1840 10050
  1841 10050
  1842 10050
  1843 10050
  1844 10050
  1845 10050
  1846 10050
  1847 10050
  1848 10050
  1849 10050
  1850 10050
  1851 10050
  1852 10050
  1853 10050
  1854 10050
  1855 10050
  1856 10050
  1857 10050
  1858 10050
  1859 10050
  1860 10050
  1861 10050
  1862 10050
  1863 10050
  1864 10050
  1865 10050
  1866 10097
  1867 10061
  1868 10061
  1869 10061
  1870 10097
  1871 10097
  1872 10097
  1873 10097
  1874 10097
  1875 10170
  1876 10170
  1877 10097
  1878 10170
  1879 10077
  1880 10077
  1881 10077
  1882 10170
  1883 10170
  1884 10170
  1885 10170
  1886 10170
  1887 10170
  1888 10170
  1889 10170
  1890 10170
  1891 10170
  1892 10170
  1893 10170
  1894 10170
  1895 10170
  1896 10170
  1897 10097
  1898 10097
  1899 10097
  1900 10097
  1901 10097
  1902 10097
  1903 10097
  1904 10097
  1905 10097
  1906 10097
  1907 10097
  1908 10097
  1909 10097
  1910 10097
  1911 10097
  1912 10097
  1913 10097
  1914 10097
  1915 10097
  1916 10097
  1917 10097
  1918 10097
  1919 10097
  1920 10097
  1921 10097
  1922 10097
  1923 10097
  1924 10097
  1925 10097
  1926 10097
  1927 10097
  1928 10097
  1929 10097
  1930 10097
  1931 10097
  1932 10162
  1933 10162
  1934 10162
  1935 10162
  1936 10162
  1937 10162
  1938 10097
  1939 10097
  1940 10097
  1941 10097
  1942 10097
  1943 10097
  1944 10097
  1945 10097
  1946 10097
  1947 10097
  1948 10097
  1949 10097
  1950 10097
  1951 10097
  1952 10097
  1953 10097
  1954 10097
  1955 10162
  1956 10162
  1957 10097
  1958 10097
  1959 10097
  1960 10097
  1961 10097
  1962 10097
  1963 10097
  1964 10097
  1965 10097
  1966 10097
  1967 10097
  1968 10097
  1969 10097
  1970 10097
  1971 10097
  1972 10097
  1973 10097
  1974 10097
  1975 10097
  1976 10097
  1977 10097
  1978 10097
  1979 10097
  1980 10097
  1981 10162
  1982 10162
  1983 10097
  1984 10097
  1985 10097
  1986 10097
  1987 10097
  1988 10097
  1989 10097
  1990 10097
  1991 10097
  1992 10097
  1993 10097
  1994 10097
  1995 10097
  1996 10097
  1997 10097
  1998 10097
  1999 10097
  2000 10097
  2001 10097
  2002 10097
  2003 10097
  2004 10097
  2005 10097
  2006 10097
  2007 10097
  2008 10097
  2009 10097
  2010 10097
  2011 10097
  2012 10170
  2013 10170
  2014 10170
  2015 10170
  2016 10170
  2017 10170
  2018 10097
  2019 10097
  2020 10097
  2021 10097
  2022 10097
  2023 10097
