   698 10113
   699 10113
   700 10113
   701 10113
   702 10113
   703 10113
   704 10113
   705 10113
   706 10113
   707 10113
   708 10113
   709 10113
   710 10113
   711 10113
   712 10113
   713 10113
   714 10113
   715 10113
   716 10113
   717 10113
   718 10113
   719 10113
   720 10113
   721 10113
   722 10113
   723 10113
   724 10113
   725 10113
   726 10113
   727 10113
   728 10113
   729 10113
   730 10113
   731 10113
   732 10113
   733 10113
   734 10113
   735 10113
   736 10113
   737 10113
   738 10113
   739 10113
   740 10113
   741 10113
   742 10113
   743 10113
   744 10113
   745 10113
   746 10113
   747 10113
   748 10113
   749 10113
   750 10113
   751 10113
   752 10113
   753 10113
   754 10113
   755 10113
   756 10113
   757 10113
   758 10113
   759 10113
   760 10113
   761 10113
   762 10113
   763 10113
   764 10113
   765 10113
   766 10113
   767 10113
   768 10113
   769 10113
   770 10113
   771 10113
   772 10113
   773 10113
   774 10113
   775 10113
   776 10113
   777 10113
   780 10112
   781 10112
   782 10112
   783 10112
   784 10112
   785 10112
   786 10112
   787 10112
   788 10112
   789 10112
   790 10112
   791 10112
   792 10112
   793 10112
   794 10112
   795 10112
   796 10112
   797 10112
   798 10112
   799 10112
   800 10112
   801 10112
   802 10112
   803 10112
   804 10112
   805 10112
   806 10112
   807 10112
   808 10112
   809 10112
   810 10112
   811 10112
   812 10112
   813 10112
   814 10112
   815 10112
   816 10112
   817 10112
   818 10112
   819 10112
   820 10112
   821 10112
   822 10112
   823 10112
   824 10112
   825 10112
   826 10112
   827 10112
   828 10112
   829 10112
   830 10112
   831 10112
   832 10112
   833 10112
   834 10112
   835 10112
   836 10112
   837 10112
   838 10112
   839 10112
   840 10112
   841 10112
   842 10112
   843 10112
   844 10112
   845 10112
   846 10112
   847 10112
   848 10112
   849 10112
   850 10112
   851 10112
   852 10112
   853 10112
   854 10112
   855 10112
   856 10112
   857 10112
   858 10112
   859 10112
   860 10112
   861 10112
   862 10112
   863 10112
   864 10112
   865 10112
   866 10112
   867 10112
   868 10112
   869 10112
   870 10112
   871 10112
   872 10112
   873 10112
   874 10112
   875 10112
   876 10112
   877 10112
   878 10112
   879 10112
   880 10112
   881 10112
   882 10112
   883 10112
   884 10112
   885 10112
   886 10112
   887 10112
   888 10112
   889 10112
   890 10112
   891 10112
   892 10112
   893 10112
   894 10112
   895 10112
   896 10112
   897 10112
   898 10112
   899 10112
   900 10112
   901 10112
   902 10112
   903 10112
   904 10112
   905 10112
   906 10112
   907 10112
   908 10112
   909 10112
   910 10112
   911 10112
   912 10112
   913 10112
   914 10112
   915 10112
   916 10112
   917 10112
   918 10112
   919 10112
   920 10112
   921 10112
   922 10112
   923 10112
   924 10112
   925 10112
   926 10112
   927 10112
   928 10112
   929 10112
   930 10112
   931 10112
   932 10112
   933 10112
   934 10112
   935 10112
   936 10112
   937 10112
   938 10112
   939 10112
   940 10112
   941 10112
   942 10112
   943 10112
   944 10112
   945 10112
   946 10112
   947 10112
   948 10112
   949 10112
   950 10112
   951 10112
   952 10112
   953 10112
   954 10112
   955 10112
   956 10112
   957 10112
   958 10112
   959 10112
   960 10112
   961 10112
   962 10112
   963 10112
   964 10112
   965 10112
   966 10112
   967 10112
   968 10112
   969 10112
   970 10112
   971 10112
   972 10112
   973 10112
   974 10112
   975 10112
   976 10112
   977 10112
   978 10112
   979 10112
   980 10112
   981 10112
   982 10112
   983 10112
   984 10112
   985 10112
   986 10112
   987 10112
   988 10112
   989 10112
   990 10112
   991 10112
   992 10112
   993 10112
   994 10112
   995 10112
   996 10112
   997 10112
   998 10112
   999 10112
  1000 10112
  1001 10112
  1002 10112
  1003 10112
  1004 10112
  1005 10112
  1006 10112
  1007 10112
  1008 10112
  1009 10112
  1010 10112
  1011 10112
  1012 10112
  1013 10112
  1014 10112
  1015 10112
  1016 10112
  1017 10112
  1018 10112
  1019 10112
  1020 10112
  1021 10114
  1022 10114
  1023 10108
  1024 10108
  1025 10108
  1026 10108
  1027 10108
  1028 10108
  1029 10108
  1030 10108
  1031 10108
  1032 10108
  1033 10108
  1034 10108
  1035 10108
  1036 10108
  1037 10108
  1038 10108
  1039 10108
  1040 10108
  1041 10108
  1042 10108
  1043 10108
  1044 10108
  1045 10108
  1046 10108
  1047 10108
  1048 10108
  1049 10108
  1050 10108
  1051 10108
  1052 10108
  1053 10108
  1054 10108
  1055 10108
  1056 10108
  1057 10108
  1058 10108
  1059 10108
  1060 10108
  1061 10108
  1062 10108
  1063 10108
  1064 10108
  1065 10108
  1066 10108
  1067 10108
  1068 10108
  1069 10108
  1070 10108
  1071 10108
  1072 10108
  1073 10108
  1074 10108
  1075 10108
  1076 10108
  1077 10108
  1078 10108
  1079 10108
  1080 10108
  1081 10108
  1082 10108
  1083 10108
  1084 10108
  1085 10108
  1086 10108
  1087 10108
  1088 10108
  1089 10108
  1090 10108
  1091 10108
  1092 10108
  1093 10108
  1094 10108
  1095 10108
  1096 10108
  1097 10108
  1098 10108
  1099 10108
  1100 10108
  1101 10108
  1102 10108
  1103 10108
  1104 10108
  1105 10108
  1106 10108
  1107 10108
  1108 10108
  1109 10108
  1110 10108
  1111 10108
  1112 10108
  1113 10108
  1114 10108
  1115 10108
  1116 10108
  1117 10108
  1118 10108
  1119 10108
  1120 10108
  1121 10108
  1122 10108
  1123 10108
  1124 10108
  1125 10108
  1126 10108
  1127 10108
  1128 10108
  1129 10108
  1130 10108
  1131 10108
  1132 10108
  1133 10108
  1134 10108
  1135 10108
  1136 10108
  1137 10108
  1138 10108
  1139 10108
  1140 10108
  1141 10108
  1142 10108
  1143 10108
  1144 10108
  1145 10108
  1146 10108
  1147 10108
  1148 10108
  1149 10108
  1150 10108
  1151 10108
  1152 10108
  1153 10108
  1154 10108
  1155 10108
  1156 10108
  1157 10108
  1158 10108
  1159 10108
  1160 10108
  1161 10108
  1162 10108
  1163 10108
  1164 10108
  1165 10108
  1166 10108
  1167 10108
  1168 10108
  1169 10108
  1170 10108
  1171 10108
  1172 10108
  1173 10108
  1174 10108
  1175 10108
  1176 10108
  1177 10108
  1178 10108
  1179 10108
  1180 10108
  1181 10108
  1182 10108
  1183 10108
  1184 10108
  1185 10108
  1186 10108
  1187 10108
  1188 10108
  1189 10108
  1190 10108
  1191 10108
  1192 10108
  1193 10108
  1194 10108
  1195 10108
  1196 10108
  1197 10108
  1198 10108
  1199 10108
  1200 10108
  1201 10108
  1202 10108
  1203 10108
  1204 10108
  1205 10108
  1206 10108
  1207 10108
  1208 10108
  1209 10108
  1210 10108
  1211 10108
  1212 10108
  1213 10108
  1214 10108
  1215 10108
  1216 10108
  1217 10108
  1218 10108
  1219 10108
  1220 10108
  1221 10108
  1222 10108
  1223 10108
  1224 10108
  1225 10108
  1226 10108
  1227 10108
  1228 10108
  1229 10108
  1230 10108
  1231 10108
  1232 10108
  1233 10108
  1234 10108
  1235 10108
  1236 10108
  1237 10108
  1238 10108
  1239 10108
  1240 10108
  1241 10108
  1242 10108
  1243 10108
  1244 10108
  1245 10108
  1246 10108
  1247 10108
  1248 10108
  1249 10108
  1250 10108
  1251 10108
  1252 10108
  1253 10108
  1254 10108
  1255 10108
  1256 10108
  1257 10108
  1258 10108
  1259 10108
  1260 10108
  1261 10108
  1262 10108
  1263 10108
  1264 10108
  1265 10108
  1266 10108
  1267 10108
  1268 10108
  1269 10125
  1270 10125
  1271 10125
  1272 10125
  1273 10125
  1274 10125
  1275 10125
  1276 10125
  1277 10125
  1278 10108
  1279 10108
  1280 10108
  1281 10108
  1282 10108
  1283 10108
  1284 10108
  1285 10108
  1286 10108
  1287 10108
  1298 10076
  1299 10106
  1300 10018
  1301 10018
  1302 10018
  1303 10018
  1304 10018
  1305 10018
  1306 10018
  1307 10018
  1308 10098
  1309 10098
  1310 10040
  1311 10040
  1312 10040
  1313 10040
  1314 10040
  1315 10040
  1316 10040
  1317 10040
  1318 10106
  1319 10106
  1320 10106
  1321 10106
  1322 10040
  1323 10040
  1324 10106
  1325 10040
  1326 10040
  1327 10040
  1328 10040
  1329 10040
  1330 10040
  1331 10106
  1332 10106
  1333 10106
  1334 10106
  1335 10106
  1336 10106
  1337 10106
  1338 10106
  1339 10106
  1340 10106
  1341 10106
  1342 10106
  1343 10106
  1344 10106
  1345 10040
  1346 10018
  1347 10018
  1348 10018
  1349 10018
  1350 10068
  1351 10068
  1352 10068
  1354 10101
  1355 10101
  1356 10101
  1357 10101
  1364 10086
  1365 10086
  1366 10086
  1367 10086
  1368 10086
  1369 10086
  1370 10076
  1371 10076
  1372 10076
  1373 10086
  1374 10076
  1375 10076
  1376 10076
  1377 10076
  1378 10086
  1379 10086
  1380 10086
  1381 10086
  1382 10076
  1383 10086
  1384 10076
  1385 10086
  1386 10086
  1387 10086
  1388 10086
  1389 10086
  1390 10086
  1391 10086
  1392 10086
  1393 10086
  1394 10086
  1395 10086
  1396 10086
  1397 10086
  1398 10086
  1399 10086
  1400 10086
  1401 10086
  1402 10086
  1403 10086
  1404 10086
  1405 10086
  1406 10086
  1407 10086
  1408 10086
  1409 10086
  1410 10086
  1411 10086
  1412 10086
  1413 10086
  1414 10086
  1415 10086
  1416 10086
  1417 10086
  1418 10086
  1419 10086
  1420 10086
  1421 10086
  1422 10086
  1423 10086
  1424 10086
  1425 10086
  1426 10086
  1427 10086
  1428 10086
  1429 10086
  1430 10086
  1431 10086
  1432 10086
  1433 10086
  1434 10086
  1435 10086
  1436 10086
  1437 10086
  1438 10086
  1439 10086
  1440 10086
  1441 10086
  1442 10086
  1443 10086
  1444 10086
  1445 10086
  1446 10086
  1447 10086
  1448 10086
  1449 10086
  1450 10086
  1451 10086
  1452 10086
  1453 10086
  1454 10086
  1455 10086
  1456 10086
  1457 10086
  1458 10086
  1459 10086
  1460 10086
  1461 10086
  1462 10086
  1463 10086
  1464 10086
  1465 10086
  1466 10086
  1467 10086
  1468 10086
  1469 10086
  1470 10086
  1471 10086
  1472 10086
  1473 10086
  1474 10086
  1475 10086
  1476 10086
  1477 10086
  1478 10086
  1479 10086
  1480 10086
  1481 10086
  1482 10086
  1483 10086
  1484 10086
  1485 10086
  1486 10086
  1487 10086
  1488 10086
  1489 10086
  1490 10086
  1491 10086
  1492 10086
  1493 10086
  1494 10086
  1495 10086
  1496 10086
  1497 10086
  1498 10086
  1499 10086
  1500 10086
  1501 10086
  1502 10086
  1503 10086
  1504 10086
  1505 10086
  1506 10086
  1507 10086
  1508 10086
  1509 10086
  1510 10086
  1511 10086
  1512 10086
  1513 10086
  1514 10086
  1515 10086
  1516 10086
  1517 10086
  1518 10086
  1519 10086
  1520 10086
  1521 10086
  1522 10086
  1523 10086
  1524 10086
  1525 10086
  1526 10086
  1527 10086
  1528 10086
  1529 10086
  1530 10086
  1531 10086
  1532 10086
  1533 10086
  1534 10086
  1535 10086
  1536 10086
  1537 10086
  1538 10086
  1539 10086
  1540 10086
  1541 10086
  1542 10086
  1543 10086
  1544 10086
  1545 10086
  1546 10086
  1547 10086
  1548 10086
  1549 10086
  1550 10086
  1551 10086
  1552 10086
  1553 10086
  1554 10086
  1555 10086
  1556 10086
  1557 10086
  1558 10086
  1559 10086
  1560 10086
  1561 10086
  1562 10086
  1563 10086
  1564 10086
  1565 10086
  1566 10086
  1567 10086
  1568 10086
  1569 10086
  1570 10086
  1571 10086
  1572 10086
  1573 10086
  1574 10086
  1575 10086
  1576 10086
  1577 10086
  1578 10086
  1579 10086
  1580 10086
  1581 10086
  1582 10086
  1583 10086
  1584 10086
  1585 10086
  1586 10086
  1587 10086
  1588 10086
  1589 10086
  1590 10086
  1591 10086
  1592 10086
  1593 10086
  1594 10086
  1595 10086
  1596 10086
  1597 10086
  1598 10086
  1599 10086
  1600 10086
  1601 10086
  1602 10086
  1603 10086
  1604 10086
  1605 10086
  1606 10086
  1607 10086
  1608 10086
  1609 10086
  1610 10086
  1611 10086
  1612 10086
  1613 10086
  1614 10086
  1615 10086
  1616 10086
  1617 10086
  1618 10086
  1619 10086
  1620 10086
  1621 10086
  1622 10086
  1623 10086
  1624 10086
  1625 10086
  1626 10086
  1627 10086
  1628 10086
  1629 10086
  1630 10086
  1631 10149
  1634 10036
  1635 10036
  1636 10014
  1637 10153
  1638 10153
  1639 10081
  1640 10153
  1641 10153
  1642 10153
  1643 10153
  1644 10153
  1645 10153
  1646 10153
  1647 10153
  1648 10153
  1649 10153
  1650 10153
  1651 10153
  1652 10153
  1653 10153
  1654 10153
  1655 10153
  1656 10153
  1657 10153
  1658 10153
  1659 10153
  1660 10153
  1661 10081
  1662 10081
  1663 10081
  1664 10153
  1665 10081
  1666 10153
  1667 10153
  1668 10153
  1669 10153
  1670 10153
  1671 10153
  1672 10157
  1673 10157
  1674 10157
  1675 10153
  1676 10153
  1677 10153
  1678 10153
  1679 10153
  1680 10153
  1681 10153
  1682 10153
  1683 10081
  1684 10153
  1685 10153
  1686 10153
  1687 10153
  1688 10153
  1689 10153
  1690 10153
  1691 10153
  1692 10153
  1693 10153
  1694 10153
  1695 10153
  1696 10153
  1697 10153
  1698 10153
  1699 10153
  1700 10153
  1701 10153
  1702 10153
  1703 10153
  1704 10153
  1705 10153
  1706 10153
  1707 10153
  1708 10153
  1709 10153
  1710 10153
  1711 10153
  1712 10153
  1713 10153
  1714 10153
  1715 10153
  1716 10153
  1717 10153
  1718 10153
  1719 10153
  1720 10153
  1721 10153
  1722 10153
  1723 10153
  1724 10153
  1725 10153
  1726 10153
  1727 10153
  1728 10153
  1729 10153
  1730 10153
  1731 10153
  1732 10153
  1733 10153
  1734 10153
  1735 10153
  1736 10153
  1737 10153
  1738 10153
  1739 10153
  1740 10153
  1741 10153
  1742 10153
  1743 10153
  1744 10153
  1745 10153
  1746 10153
  1747 10153
  1748 10153
  1749 10153
  1750 10153
  1751 10153
  1752 10153
  1753 10153
  1754 10153
  1755 10153
  1756 10153
  1757 10153
  1758 10153
  1759 10153
  1760 10153
  1761 10153
  1762 10153
  1763 10153
  1764 10153
  1765 10153
  1766 10153
  1767 10153
  1768 10153
  1769 10153
  1770 10153
  1771 10153
  1772 10153
  1773 10153
  1774 10153
  1775 10153
  1776 10153
  1777 10153
  1778 10153
  1779 10153
  1780 10153
  1781 10153
  1782 10153
  1783 10153
  1784 10153
  1785 10153
  1786 10153
  1787 10157
  1789 10153
  1790 10153
  1791 10153
  1792 10153
  1793 10153
  1794 10157
  1795 10157
  1796 10157
  1797 10157
  1798 10157
  1799 10157
  1800 10157
  1801 10157
  1802 10157
  1803 10081
  1804 10081
  1805 10153
  1806 10157
  1807 10153
  1808 10153
  1809 10153
  1810 10153
  1811 10155
  1812 10155
  1813 10153
  1814 10075
  1815 10075
  1816 10153
  1817 10153
  1818 10153
  1819 10153
  1820 10153
  1821 10153
  1822 10153
  1823 10153
  1824 10153
  1825 10153
  1826 10153
  1827 10153
  1828 10155
  1829 10157
  1830 10153
  1831 10153
  1832 10153
  1833 10153
  1834 10153
  1835 10157
  1842 10153
  1843 10153
  1844 10153
  1845 10153
  1846 10153
  1847 10153
  1848 10153
  1849 10153
  1850 10153
  1851 10153
  1852 10153
  1853 10153
  1854 10153
  1855 10153
  1856 10153
  1857 10153
  1858 10153
  1859 10153
  1860 10153
  1861 10153
  1862 10153
  1863 10153
  1864 10153
  1865 10153
  1866 10153
  1867 10153
  1868 10153
  1869 10153
  1870 10153
  1871 10081
  1872 10081
  1873 10129
  1874 10129
  1875 10129
  1876 10112
  1877 10089
