   688 10009
   689 10009
   690 10009
   691 10009
   694 10009
   695 10009
   696 10009
   697 10009
   698 10009
   699 10009
   700 10009
   701 10009
   702 10009
   703 10009
   704 10009
   705 10009
   706 10009
   707 10009
   708 10009
   709 10009
   710 10009
   711 10009
   712 10009
   713 10009
   714 10009
   715 10009
   716 10009
   717 10009
   718 10009
   719 10009
   720 10009
   721 10009
   722 10009
   723 10009
   724 10009
   725 10009
   726 10009
   727 10009
   728 10009
   729 10009
   730 10009
   731 10009
   732 10009
   733 10009
   734 10009
   735 10009
   736 10009
   737 10009
   738 10009
   741 10009
   742 10009
   743 10009
   744 10009
   745 10009
   746 10009
   747 10009
   748 10009
   749 10009
   751 10009
   752 10009
   753 10009
   754 10009
   755 10009
   756 10009
   757 10009
   758 10009
   759 10009
   760 10009
   761 10009
   762 10009
   763 10009
   764 10009
   765 10009
   766 10009
   767 10009
   768 10009
   769 10009
   770 10009
   771 10009
   772 10009
   773 10009
   774 10009
   775 10009
   776 10009
   777 10009
   778 10009
   779 10009
   780 10009
   781 10101
   782 10101
   783 10101
   784 10138
   785 10138
   786 10138
   787 10138
   788 10138
   789 10138
   790 10138
   791 10138
   792 10138
   793 10138
   794 10138
   795 10138
   796 10138
   797 10138
   798 10138
   799 10138
   800 10138
   801 10138
   802 10138
   803 10138
   804 10138
   805 10138
   806 10138
   807 10138
   808 10138
   809 10138
   810 10138
   811 10138
   812 10138
   813 10138
   814 10138
   815 10138
   816 10138
   817 10138
   818 10138
   819 10138
   820 10138
   821 10138
   822 10138
   823 10138
   824 10138
   825 10138
   826 10138
   827 10138
   828 10138
   829 10138
   830 10138
   831 10138
   832 10138
   833 10138
   834 10138
   835 10138
   836 10138
   837 10138
   838 10138
   839 10138
   840 10138
   841 10138
   842 10138
   843 10138
   844 10138
   845 10138
   846 10138
   847 10138
   848 10138
   849 10138
   850 10138
   851 10138
   852 10138
   853 10138
   854 10138
   855 10138
   856 10138
   857 10138
   858 10138
   859 10138
   860 10138
   861 10138
   862 10138
   863 10138
   864 10138
   865 10138
   866 10138
   867 10138
   868 10138
   869 10138
   870 10138
   871 10138
   872 10138
   873 10138
   874 10138
   875 10138
   876 10138
   877 10138
   878 10138
   879 10138
   880 10138
   881 10138
   882 10138
   883 10138
   884 10138
   885 10138
   886 10138
   887 10138
   888 10138
   889 10138
   890 10138
   891 10138
   892 10138
   893 10138
   894 10138
   895 10138
   896 10138
   897 10138
   898 10138
   899 10138
   900 10138
   901 10138
   902 10138
   903 10138
   904 10138
   905 10138
   906 10138
   907 10138
   908 10138
   909 10138
   910 10138
   911 10138
   912 10138
   913 10138
   914 10138
   915 10138
   916 10138
   917 10138
   918 10138
   919 10138
   920 10138
   921 10138
   922 10138
   923 10138
   924 10138
   925 10138
   926 10138
   927 10138
   928 10138
   929 10138
   930 10138
   931 10138
   932 10138
   933 10138
   934 10138
   935 10138
   936 10138
   937 10138
   938 10138
   939 10138
   940 10138
   941 10138
   942 10138
   943 10138
   944 10138
   945 10138
   946 10138
   947 10138
   948 10138
   949 10138
   950 10138
   951 10138
   952 10138
   953 10138
   954 10138
   955 10138
   956 10138
   957 10138
   958 10138
   959 10138
   960 10138
   961 10138
   962 10138
   963 10138
   964 10138
   965 10138
   966 10138
   967 10138
   968 10138
   969 10138
   970 10138
   971 10138
   972 10138
   973 10138
   974 10138
   975 10138
   976 10138
   977 10138
   978 10138
   979 10138
   980 10138
   981 10138
   982 10138
   983 10138
   984 10138
   985 10138
   986 10138
   987 10138
   988 10138
   989 10138
   990 10138
   991 10138
   992 10138
   993 10138
   994 10138
   995 10138
   996 10138
   997 10138
   998 10138
   999 10138
  1000 10138
  1001 10138
  1002 10138
  1003 10138
  1004 10138
  1005 10138
  1006 10138
  1007 10138
  1008 10138
  1009 10138
  1010 10138
  1011 10138
  1012 10138
  1013 10138
  1014 10138
  1015 10138
  1016 10138
  1017 10138
  1018 10131
  1019 10138
  1020 10138
  1021 10101
  1022 10104
  1023 10104
  1024 10104
  1025 10138
  1026 10101
  1027 10101
  1028 10101
  1029 10101
  1030 10101
  1031 10101
  1032 10104
  1033 10088
  1034 10138
  1035 10071
  1036 10138
  1037 10138
  1038 10138
  1039 10138
  1040 10138
  1041 10138
  1042 10138
  1043 10138
  1044 10062
  1045 10128
  1046 10062
  1047 10128
  1051 10138
  1052 10138
  1053 10138
  1054 10104
  1055 10104
  1056 10104
  1062 10062
  1063 10062
  1064 10062
  1065 10062
  1066 10062
  1067 10062
  1068 10062
  1069 10062
  1070 10062
  1071 10062
  1072 10062
  1073 10062
  1074 10062
  1075 10062
  1076 10062
  1077 10062
  1078 10062
  1079 10062
  1080 10101
  1081 10104
  1082 10128
  1083 10128
  1084 10101
  1085 10101
  1086 10101
  1087 10101
  1088 10007
  1089 10128
  1090 10156
  1091 10104
  1092 10101
  1093 10156
  1094 10050
  1095 10007
  1096 10101
  1097 10007
  1098 10007
  1099 10007
  1100 10138
  1101 10068
  1102 10104
  1103 10104
  1104 10156
  1105 10104
  1106 10104
  1107 10128
  1108 10007
  1109 10128
  1110 10007
  1118 10128
  1119 10128
  1120 10007
  1121 10007
  1122 10007
  1123 10007
  1124 10128
  1125 10007
  1126 10007
  1127 10007
  1128 10156
  1129 10007
  1130 10007
  1131 10128
  1132 10125
  1133 10007
  1134 10156
  1135 10125
  1136 10125
  1137 10007
  1138 10138
  1139 10138
  1140 10138
  1141 10138
  1142 10138
  1143 10101
  1144 10101
  1145 10138
  1146 10128
  1147 10128
  1148 10128
  1149 10128
  1150 10128
  1151 10138
  1152 10138
  1154 10128
  1155 10101
  1156 10128
  1160 10101
  1161 10101
  1165 10128
  1166 10138
  1167 10138
  1168 10128
  1169 10007
  1170 10128
  1171 10083
  1172 10101
  1173 10101
  1174 10101
  1175 10128
  1176 10128
  1177 10128
  1178 10128
  1179 10128
  1180 10101
  1183 10138
  1184 10138
  1185 10128
  1186 10101
  1187 10138
  1188 10138
  1189 10138
  1190 10138
  1191 10138
  1192 10138
  1193 10138
  1194 10138
  1195 10128
  1196 10128
  1197 10138
  1198 10138
  1199 10138
  1200 10138
  1201 10138
  1202 10138
  1210 10128
  1211 10128
  1212 10128
  1213 10128
  1221 10128
  1222 10128
  1223 10128
  1225 10128
  1226 10128
  1227 10128
  1228 10071
  1229 10017
  1230 10071
  1231 10071
  1232 10071
  1233 10138
  1234 10138
  1235 10033
  1236 10062
  1237 10062
  1238 10134
  1239 10071
  1240 10071
  1241 10071
  1242 10071
  1243 10071
  1245 10138
  1246 10068
  1247 10138
  1248 10138
  1249 10101
  1250 10138
  1251 10138
  1252 10138
  1253 10128
  1254 10128
  1255 10138
  1256 10138
  1257 10138
  1258 10101
  1259 10101
  1260 10101
  1261 10101
  1262 10101
  1263 10101
  1264 10101
  1265 10101
  1266 10101
  1270 10104
  1271 10104
  1272 10104
  1273 10104
  1274 10104
  1275 10104
  1276 10104
  1277 10104
  1278 10104
  1279 10104
  1280 10104
  1281 10104
  1282 10104
  1283 10104
  1284 10104
  1285 10104
  1286 10104
  1287 10104
  1288 10104
  1289 10104
  1290 10104
  1291 10104
  1292 10104
  1293 10104
  1294 10104
  1295 10104
  1296 10104
  1297 10104
  1298 10104
  1299 10104
  1300 10104
  1301 10104
  1302 10104
  1303 10104
  1304 10104
  1305 10104
  1306 10104
  1307 10104
  1308 10104
  1309 10104
  1310 10104
  1311 10104
  1312 10104
  1313 10104
  1315 10104
  1316 10104
  1317 10104
  1318 10104
  1319 10104
  1320 10104
  1321 10104
  1322 10104
  1323 10104
  1324 10104
  1325 10104
  1326 10104
  1327 10104
  1328 10104
  1329 10104
  1330 10104
  1331 10104
  1332 10104
  1333 10104
  1334 10104
  1335 10104
  1336 10104
  1337 10104
  1338 10104
  1339 10104
  1340 10104
  1341 10104
  1342 10104
  1343 10104
  1344 10104
  1345 10104
  1346 10104
  1347 10104
  1348 10104
  1349 10104
  1350 10104
  1351 10104
  1352 10104
  1353 10104
  1354 10104
  1355 10104
  1356 10104
  1357 10104
  1358 10104
  1359 10104
  1360 10104
  1361 10104
  1362 10104
  1363 10104
  1364 10104
  1365 10104
  1366 10104
  1367 10104
  1368 10104
  1369 10104
  1370 10104
  1371 10104
  1372 10104
  1373 10104
  1374 10104
  1375 10104
  1376 10104
  1377 10104
  1378 10104
  1379 10104
  1380 10104
  1381 10104
  1382 10104
  1383 10104
  1384 10104
  1385 10104
  1386 10104
  1387 10104
  1388 10104
  1389 10104
  1390 10104
  1391 10104
  1392 10104
  1393 10104
  1394 10104
  1395 10104
  1396 10104
  1397 10104
  1398 10104
  1399 10104
  1400 10104
  1401 10104
  1402 10104
  1403 10104
  1404 10104
  1405 10104
  1406 10104
  1407 10104
  1408 10104
  1409 10104
  1410 10104
  1411 10104
  1412 10104
  1413 10104
  1414 10104
  1415 10104
  1416 10104
  1417 10104
  1418 10104
  1419 10104
  1420 10104
  1421 10104
  1422 10104
  1423 10104
  1424 10104
  1425 10104
  1426 10104
  1427 10104
  1428 10104
  1429 10104
  1430 10104
  1431 10104
  1432 10104
  1433 10104
  1434 10104
  1435 10104
  1436 10104
  1437 10104
  1438 10104
  1439 10104
  1440 10104
  1441 10104
  1442 10104
  1443 10104
  1444 10104
  1445 10104
  1446 10104
  1447 10104
  1448 10104
  1449 10104
  1450 10104
  1451 10104
  1452 10104
  1453 10104
  1454 10104
  1455 10104
  1456 10104
  1457 10104
  1458 10104
  1459 10104
  1460 10104
  1461 10104
  1462 10104
  1463 10104
  1464 10104
  1465 10104
  1466 10104
  1467 10104
  1468 10104
  1469 10104
  1470 10104
  1471 10104
  1472 10104
  1473 10104
  1474 10104
  1475 10104
  1476 10104
  1477 10104
  1478 10104
  1479 10104
  1480 10104
  1481 10104
  1482 10104
  1483 10104
  1484 10104
  1485 10104
  1486 10104
  1487 10104
  1488 10104
  1489 10104
  1493 10055
  1494 10055
  1495 10076
  1496 10076
  1497 10018
  1498 10018
  1499 10018
  1500 10098
  1501 10040
  1502 10040
  1503 10040
  1504 10040
  1505 10040
  1506 10055
  1507 10055
  1508 10055
  1509 10055
  1510 10018
  1511 10031
  1512 10031
  1513 10031
  1514 10031
  1515 10031
  1516 10031
  1517 10031
  1518 10031
  1519 10004
  1520 10004
  1521 10055
  1522 10031
  1523 10031
  1524 10031
  1525 10031
  1526 10031
  1527 10031
  1528 10055
  1529 10031
  1530 10031
  1531 10031
  1532 10031
  1533 10031
  1534 10031
  1535 10031
  1536 10031
  1537 10031
  1538 10031
  1539 10031
  1540 10031
  1541 10031
  1542 10031
  1543 10031
  1544 10031
  1545 10076
  1546 10076
  1547 10076
  1548 10076
  1549 10076
  1550 10076
  1551 10076
  1552 10031
  1553 10055
  1554 10031
  1555 10031
  1556 10031
  1557 10031
  1558 10031
  1559 10031
  1560 10031
  1561 10055
  1562 10055
  1563 10055
  1564 10055
  1565 10055
  1566 10055
  1567 10055
  1568 10055
  1569 10055
  1570 10076
  1571 10076
  1572 10055
  1573 10055
  1574 10031
  1575 10031
  1576 10076
  1577 10031
  1578 10055
  1579 10055
  1580 10031
  1581 10055
  1582 10031
  1583 10031
  1584 10031
  1585 10031
  1586 10004
  1587 10004
  1588 10031
  1589 10031
  1590 10031
  1591 10031
  1592 10031
  1593 10031
  1594 10031
  1595 10031
  1596 10158
  1597 10004
  1598 10004
  1599 10031
  1600 10031
  1601 10031
  1602 10031
  1603 10031
  1604 10031
  1605 10031
  1606 10031
  1607 10031
  1608 10031
  1609 10031
  1610 10031
  1611 10031
  1612 10031
  1613 10031
  1614 10031
  1615 10031
  1616 10031
  1617 10031
  1618 10031
  1619 10031
  1620 10031
  1621 10031
  1622 10031
  1623 10004
  1624 10031
  1625 10076
  1626 10076
  1627 10050
  1628 10128
  1630 10128
  1631 10028
  1632 10028
  1633 10028
  1634 10028
  1635 10028
  1636 10028
  1637 10020
  1638 10020
  1639 10020
  1640 10020
  1641 10020
  1642 10020
  1643 10020
  1644 10020
  1645 10020
  1646 10020
  1647 10020
  1648 10020
  1649 10020
  1650 10020
  1651 10020
  1652 10020
  1653 10020
  1654 10020
  1655 10020
  1656 10020
  1657 10020
  1658 10020
  1659 10020
  1660 10020
  1661 10020
  1662 10020
  1663 10020
  1664 10066
  1665 10020
  1666 10020
  1667 10020
  1668 10020
  1669 10020
  1670 10020
  1671 10020
  1672 10020
  1673 10020
  1674 10020
  1675 10020
  1676 10020
  1677 10020
  1678 10020
  1679 10020
  1680 10020
  1681 10020
  1682 10020
  1683 10020
  1684 10020
  1685 10020
  1686 10020
  1687 10020
  1688 10020
  1689 10020
  1690 10066
  1691 10020
  1692 10020
  1693 10020
  1694 10020
  1695 10020
  1696 10020
  1697 10020
  1698 10020
  1699 10020
  1700 10020
  1701 10020
  1702 10020
  1703 10020
  1704 10020
  1705 10020
  1706 10020
  1707 10020
  1708 10020
  1709 10020
  1710 10020
  1711 10066
  1712 10066
  1713 10066
  1714 10066
  1715 10066
  1716 10066
  1717 10066
  1718 10066
  1719 10066
  1720 10066
  1721 10066
  1727 10066
  1728 10066
  1729 10066
  1730 10066
  1731 10066
  1732 10066
  1733 10066
  1734 10066
  1735 10066
  1736 10020
  1737 10020
  1738 10020
  1739 10020
  1740 10020
  1741 10020
  1742 10020
  1743 10020
  1744 10020
  1745 10020
  1746 10020
  1747 10020
  1748 10020
  1749 10020
  1750 10020
  1751 10020
  1752 10020
  1753 10020
  1754 10020
  1755 10020
  1756 10020
  1757 10020
  1758 10020
  1759 10020
  1760 10020
  1761 10020
  1762 10020
  1763 10020
  1764 10020
  1765 10020
  1766 10020
  1767 10020
  1768 10020
  1769 10020
  1770 10020
  1771 10020
  1772 10020
  1773 10020
  1774 10020
  1775 10020
  1776 10020
  1777 10020
  1778 10020
  1779 10020
  1780 10020
  1781 10020
  1782 10020
  1783 10020
  1784 10020
  1785 10020
  1786 10020
  1787 10020
  1788 10020
  1789 10020
  1790 10020
  1791 10020
  1792 10020
  1793 10020
  1794 10020
  1795 10020
  1796 10020
  1797 10020
  1798 10020
  1799 10020
  1800 10020
  1801 10020
  1802 10020
  1803 10020
  1804 10020
  1805 10020
  1806 10020
  1807 10020
  1808 10020
  1809 10020
  1810 10020
  1811 10020
  1812 10020
  1813 10020
  1814 10020
  1815 10020
  1816 10020
  1817 10020
  1818 10020
  1819 10020
  1820 10020
  1821 10020
  1822 10020
  1823 10020
  1824 10020
  1825 10020
  1826 10020
  1827 10020
  1828 10020
  1829 10020
  1830 10020
  1831 10020
  1832 10020
  1833 10020
  1834 10020
  1835 10020
  1836 10020
  1837 10020
  1838 10020
  1839 10020
  1840 10020
  1841 10020
  1842 10020
  1843 10020
  1844 10020
  1845 10020
  1846 10020
  1847 10020
  1848 10020
  1849 10020
  1850 10020
  1851 10020
  1852 10020
  1853 10020
  1854 10020
  1855 10020
  1856 10020
  1857 10066
  1858 10072
  1859 10066
  1860 10041
  1861 10028
  1862 10019
  1863 10019
  1864 10019
  1874 10101
  1875 10138
  1876 10138
  1877 10138
  1878 10138
  1879 10138
  1880 10138
