   776 10167
   777 10167
   778 10167
   779 10167
   780 10167
   781 10167
   782 10167
   783 10167
   784 10081
   785 10081
   786 10167
   787 10167
   788 10153
   789 10044
   790 10044
   791 10044
   792 10044
   793 10044
   794 10044
   795 10044
   796 10044
   797 10044
   798 10044
   799 10044
   800 10044
   801 10044
   802 10044
   803 10044
   804 10044
   805 10044
   806 10044
   807 10044
   808 10044
   809 10044
   810 10044
   811 10044
   812 10044
   813 10044
   814 10044
   815 10044
   816 10044
   817 10044
   818 10044
   819 10044
   820 10044
   821 10044
   822 10044
   823 10044
   824 10044
   825 10044
   826 10044
   827 10044
   828 10044
   829 10044
   830 10044
   831 10044
   832 10044
   833 10044
   834 10044
   835 10044
   836 10044
   837 10044
   838 10044
   839 10044
   840 10044
   841 10044
   842 10044
   843 10044
   844 10044
   845 10044
   846 10044
   847 10044
   848 10044
   849 10044
   850 10044
   851 10044
   852 10044
   853 10044
   854 10044
   855 10044
   856 10044
   857 10044
   858 10044
   859 10044
   860 10044
   861 10044
   862 10044
   863 10044
   864 10044
   865 10044
   866 10044
   867 10044
   868 10044
   869 10044
   870 10044
   871 10044
   872 10044
   873 10044
   874 10044
   875 10044
   876 10044
   877 10044
   878 10044
   879 10044
   880 10044
   881 10044
   882 10044
   883 10044
   884 10044
   885 10044
   886 10044
   887 10044
   888 10044
   889 10044
   890 10044
   891 10044
   892 10044
   893 10044
   894 10044
   895 10044
   896 10044
   897 10044
   898 10044
   899 10044
   900 10044
   901 10044
   902 10044
   903 10044
   904 10044
   905 10044
   906 10044
   907 10044
   908 10044
   909 10044
   910 10044
   911 10044
   912 10044
   913 10044
   914 10044
   915 10044
   916 10044
   917 10044
   918 10044
   919 10044
   920 10044
   921 10044
   922 10044
   923 10044
   924 10044
   925 10044
   926 10044
   927 10044
   928 10044
   929 10044
   930 10044
   931 10044
   932 10044
   933 10044
   934 10044
   935 10044
   936 10044
   937 10044
   938 10044
   939 10044
   940 10044
   941 10044
   942 10044
   943 10044
   944 10044
   945 10044
   946 10044
   947 10044
   948 10044
   949 10044
   950 10044
   951 10044
   952 10044
   953 10044
   954 10044
   955 10044
   956 10044
   957 10044
   958 10044
   959 10044
   960 10044
   961 10044
   962 10044
   963 10044
   964 10044
   965 10044
   966 10044
   967 10044
   968 10044
   969 10044
   970 10044
   971 10044
   972 10044
   973 10044
   974 10044
   975 10044
   976 10044
   977 10044
   978 10044
   979 10044
   980 10044
   981 10044
   982 10044
   983 10044
   984 10044
   985 10044
   986 10044
   987 10044
   988 10044
   989 10044
   990 10044
   991 10044
   992 10044
   993 10044
   994 10044
   995 10044
   996 10044
   997 10044
   998 10044
   999 10044
  1000 10044
  1001 10044
  1002 10044
  1003 10044
  1004 10044
  1005 10044
  1006 10044
  1007 10044
  1008 10044
  1009 10044
  1010 10044
  1011 10044
  1012 10044
  1013 10044
  1014 10044
  1015 10044
  1016 10044
  1017 10044
  1020 10108
  1021 10108
  1022 10137
  1023 10127
  1024 10127
  1025 10108
  1026 10114
  1027 10114
  1028 10114
  1029 10114
  1030 10114
  1031 10114
  1032 10114
  1033 10131
  1034 10131
  1035 10131
  1036 10131
  1037 10137
  1038 10137
  1039 10137
  1040 10137
  1041 10137
  1042 10137
  1043 10137
  1044 10137
  1045 10137
  1046 10137
  1047 10137
  1048 10137
  1049 10137
  1050 10137
  1051 10137
  1052 10137
  1053 10137
  1054 10137
  1055 10137
  1056 10137
  1057 10137
  1058 10137
  1059 10137
  1060 10137
  1061 10137
  1062 10137
  1063 10137
  1064 10137
  1065 10137
  1066 10137
  1067 10137
  1068 10137
  1069 10137
  1070 10137
  1071 10137
  1072 10137
  1073 10137
  1074 10137
  1075 10137
  1076 10137
  1077 10137
  1078 10137
  1079 10137
  1080 10137
  1081 10137
  1082 10137
  1083 10137
  1084 10137
  1085 10137
  1086 10137
  1087 10137
  1088 10137
  1089 10137
  1090 10137
  1091 10137
  1092 10137
  1093 10137
  1094 10137
  1095 10137
  1096 10137
  1097 10137
  1098 10137
  1099 10137
  1100 10137
  1101 10137
  1102 10137
  1103 10137
  1104 10137
  1105 10137
  1106 10137
  1107 10137
  1108 10137
  1109 10137
  1110 10137
  1111 10137
  1112 10137
  1113 10137
  1114 10137
  1115 10137
  1116 10137
  1117 10137
  1118 10137
  1119 10137
  1120 10137
  1121 10137
  1122 10137
  1123 10137
  1124 10137
  1125 10137
  1126 10137
  1127 10137
  1128 10137
  1129 10137
  1130 10137
  1131 10137
  1132 10137
  1133 10137
  1134 10137
  1135 10137
  1136 10137
  1137 10137
  1138 10137
  1139 10137
  1140 10137
  1141 10137
  1142 10137
  1143 10137
  1144 10137
  1145 10137
  1146 10137
  1147 10137
  1148 10137
  1149 10137
  1150 10137
  1151 10137
  1152 10137
  1153 10137
  1154 10137
  1155 10137
  1156 10137
  1157 10137
  1158 10137
  1159 10137
  1160 10137
  1161 10137
  1162 10137
  1163 10137
  1164 10137
  1165 10137
  1166 10137
  1167 10137
  1168 10137
  1169 10137
  1170 10137
  1171 10137
  1172 10137
  1173 10137
  1174 10137
  1175 10137
  1176 10137
  1177 10137
  1178 10137
  1179 10137
  1180 10137
  1181 10137
  1182 10137
  1183 10137
  1184 10137
  1185 10137
  1186 10137
  1187 10137
  1188 10137
  1189 10137
  1190 10137
  1191 10137
  1192 10137
  1193 10137
  1194 10137
  1195 10137
  1196 10137
  1197 10137
  1198 10137
  1199 10137
  1200 10137
  1201 10137
  1202 10137
  1203 10137
  1204 10137
  1205 10137
  1206 10137
  1207 10137
  1208 10137
  1209 10137
  1210 10137
  1211 10137
  1212 10137
  1213 10137
  1214 10137
  1215 10137
  1216 10137
  1217 10137
  1218 10137
  1219 10137
  1220 10137
  1221 10137
  1222 10137
  1223 10137
  1224 10137
  1225 10137
  1226 10137
  1227 10137
  1228 10137
  1229 10137
  1230 10137
  1231 10137
  1232 10137
  1233 10137
  1234 10137
  1235 10137
  1236 10137
  1237 10137
  1238 10137
  1239 10137
  1240 10137
  1241 10137
  1242 10137
  1243 10137
  1244 10137
  1245 10137
  1246 10137
  1247 10137
  1248 10137
  1249 10137
  1250 10137
  1251 10137
  1252 10137
  1258 10154
  1259 10154
  1260 10154
  1261 10154
  1262 10074
  1263 10124
  1264 10081
  1265 10081
  1266 10074
  1267 10074
  1268 10074
  1269 10074
  1270 10074
  1271 10074
  1272 10074
  1273 10074
  1274 10074
  1275 10074
  1276 10074
  1277 10074
  1278 10074
  1279 10074
  1280 10074
  1281 10074
  1282 10074
  1283 10074
  1284 10074
  1285 10074
  1286 10074
  1287 10074
  1288 10074
  1289 10074
  1290 10074
  1291 10074
  1292 10074
  1293 10074
  1294 10074
  1295 10074
  1296 10074
  1297 10074
  1298 10074
  1299 10074
  1300 10074
  1301 10074
  1302 10074
  1303 10074
  1304 10074
  1305 10074
  1306 10074
  1307 10074
  1308 10074
  1309 10074
  1310 10074
  1311 10074
  1312 10074
  1313 10074
  1314 10074
  1315 10074
  1316 10074
  1317 10074
  1318 10074
  1319 10074
  1320 10074
  1321 10074
  1322 10074
  1323 10074
  1324 10074
  1325 10074
  1326 10074
  1327 10074
  1328 10074
  1329 10074
  1330 10074
  1331 10074
  1332 10074
  1333 10074
  1334 10074
  1335 10074
  1336 10074
  1337 10074
  1338 10074
  1339 10074
  1340 10074
  1341 10074
  1342 10074
  1343 10074
  1344 10074
  1345 10074
  1346 10074
  1347 10074
  1348 10074
  1349 10074
  1350 10074
  1351 10074
  1352 10074
  1353 10074
  1354 10074
  1355 10074
  1356 10074
  1357 10074
  1358 10074
  1359 10074
  1360 10074
  1361 10074
  1362 10074
  1363 10074
  1364 10074
  1365 10074
  1366 10074
  1367 10074
  1368 10074
  1369 10074
  1370 10074
  1371 10074
  1372 10074
  1373 10074
  1374 10074
  1375 10074
  1376 10074
  1377 10074
  1378 10074
  1379 10074
  1380 10074
  1381 10074
  1382 10074
  1383 10074
  1384 10074
  1385 10074
  1386 10074
  1387 10074
  1388 10074
  1389 10074
  1390 10074
  1391 10074
  1392 10074
  1393 10074
  1394 10074
  1395 10074
  1396 10074
  1397 10074
  1398 10074
  1399 10074
  1400 10074
  1401 10074
  1402 10074
  1403 10074
  1404 10074
  1405 10074
  1406 10074
  1407 10074
  1408 10074
  1409 10074
  1410 10074
  1411 10074
  1412 10074
  1413 10074
  1414 10074
  1415 10074
  1416 10074
  1417 10074
  1418 10074
  1419 10074
  1420 10074
  1421 10074
  1422 10074
  1423 10074
  1424 10074
  1425 10074
  1426 10074
  1427 10074
  1428 10074
  1429 10074
  1430 10074
  1431 10074
  1432 10074
  1433 10074
  1434 10074
  1435 10074
  1436 10074
  1437 10074
  1438 10074
  1439 10074
  1440 10074
  1441 10074
  1442 10074
  1443 10074
  1444 10074
  1445 10074
  1446 10074
  1447 10074
  1448 10074
  1449 10074
  1450 10074
  1451 10074
  1452 10074
  1453 10074
  1454 10074
  1455 10074
  1456 10074
  1457 10074
  1458 10074
  1459 10074
  1460 10074
  1461 10074
  1462 10074
  1463 10074
  1464 10074
  1465 10074
  1466 10074
  1470 10074
  1471 10074
  1472 10074
  1473 10074
  1474 10074
  1475 10074
  1476 10074
  1477 10074
  1478 10074
  1479 10074
  1480 10074
  1481 10074
  1482 10074
  1483 10074
  1484 10074
  1485 10074
  1486 10074
  1487 10074
  1488 10074
  1489 10074
  1490 10074
  1491 10074
  1492 10074
  1493 10074
  1494 10074
  1495 10074
  1496 10074
  1497 10154
  1498 10130
  1500 10134
  1501 10134
  1502 10134
  1503 10055
  1504 10055
  1505 10055
  1506 10055
  1507 10040
  1508 10018
  1509 10018
  1510 10018
  1511 10018
  1512 10018
  1513 10018
  1514 10158
  1515 10158
  1516 10158
  1517 10158
  1518 10158
  1519 10158
  1520 10158
  1521 10158
  1522 10158
  1523 10158
  1524 10158
  1525 10158
  1526 10158
  1527 10055
  1528 10055
  1529 10055
  1530 10055
  1531 10055
  1532 10055
  1533 10055
  1534 10055
  1535 10055
  1536 10140
  1537 10140
  1538 10140
  1539 10140
  1540 10140
  1541 10018
  1542 10140
  1543 10140
  1544 10140
  1545 10140
  1546 10055
  1547 10055
  1548 10140
  1549 10140
  1550 10140
  1551 10140
  1552 10140
  1553 10140
  1554 10140
  1555 10055
  1556 10055
  1557 10140
  1558 10055
  1559 10055
  1560 10055
  1561 10055
  1562 10055
  1563 10055
  1564 10055
  1565 10055
  1566 10055
  1567 10055
  1568 10055
  1569 10055
  1571 10055
  1572 10055
  1573 10102
  1574 10147
  1575 10102
  1576 10102
  1577 10102
  1578 10102
  1579 10147
  1580 10147
  1581 10147
  1582 10147
  1583 10147
  1584 10147
  1585 10147
  1588 10101
  1590 10101
  1591 10101
  1595 10050
  1596 10134
  1597 10134
  1598 10134
  1599 10134
  1600 10134
  1601 10134
  1602 10134
  1603 10134
  1617 10154
  1618 10154
  1619 10154
  1620 10153
  1621 10153
  1622 10153
  1623 10153
  1624 10153
  1625 10153
  1626 10153
  1627 10153
  1628 10153
  1629 10153
  1630 10153
  1631 10153
  1632 10153
  1633 10153
  1634 10153
  1635 10153
  1636 10153
  1637 10153
  1638 10153
  1639 10153
  1640 10153
  1641 10153
  1642 10153
  1643 10153
  1644 10153
  1645 10153
  1646 10153
  1647 10153
  1648 10153
  1649 10153
  1650 10153
  1651 10153
  1652 10153
  1653 10153
  1654 10153
  1655 10153
  1656 10153
  1657 10153
  1658 10153
  1659 10153
  1660 10153
  1661 10153
  1662 10153
  1663 10153
  1664 10153
  1665 10153
  1666 10153
  1667 10153
  1668 10153
  1669 10153
  1670 10153
  1671 10153
  1672 10153
  1673 10153
  1674 10153
  1675 10153
  1676 10153
  1677 10153
  1678 10153
  1679 10153
  1680 10153
  1681 10153
  1682 10153
  1683 10153
  1684 10153
  1685 10153
  1686 10153
  1687 10153
  1688 10153
  1689 10153
  1690 10153
  1691 10153
  1692 10153
  1693 10153
  1694 10153
  1695 10153
  1696 10153
  1697 10153
  1698 10153
  1699 10153
  1700 10153
  1701 10153
  1702 10153
  1703 10153
  1704 10153
  1705 10153
  1706 10153
  1707 10153
  1708 10153
  1709 10153
  1710 10153
  1711 10153
  1712 10153
  1713 10153
  1714 10153
  1715 10153
  1716 10153
  1717 10153
  1718 10153
  1719 10153
  1720 10153
  1721 10153
  1722 10153
  1723 10153
  1724 10153
  1725 10153
  1726 10153
  1727 10153
  1728 10153
  1729 10153
  1730 10153
  1731 10153
  1732 10153
  1733 10153
  1734 10153
  1735 10153
  1736 10153
  1737 10153
  1738 10153
  1739 10153
  1740 10153
  1741 10153
  1742 10153
  1743 10153
  1744 10153
  1745 10153
  1746 10153
  1747 10153
  1748 10153
  1749 10153
  1750 10153
  1751 10153
  1752 10153
  1753 10153
  1754 10153
  1755 10153
  1756 10153
  1757 10153
  1758 10153
  1759 10153
  1760 10153
  1761 10153
  1762 10153
  1763 10153
  1764 10153
  1765 10153
  1766 10153
  1767 10153
  1768 10153
  1769 10153
  1770 10153
  1771 10153
  1772 10153
  1773 10153
  1774 10153
  1775 10153
  1776 10153
  1777 10153
  1778 10153
  1779 10153
  1780 10153
  1781 10153
  1782 10153
  1783 10153
  1784 10153
  1785 10153
  1786 10153
  1787 10153
  1788 10153
  1789 10153
  1790 10153
  1791 10153
  1792 10153
  1793 10153
  1794 10153
  1795 10153
  1796 10153
  1797 10153
  1798 10153
  1799 10081
  1800 10081
  1801 10081
  1802 10081
  1803 10081
  1804 10081
  1805 10081
  1806 10081
  1807 10153
  1808 10153
  1809 10153
  1810 10153
  1811 10153
  1812 10153
  1813 10153
  1814 10153
  1815 10153
  1816 10153
  1817 10153
  1818 10153
  1819 10153
  1820 10153
  1821 10153
  1822 10153
  1823 10153
  1824 10153
  1825 10153
  1826 10153
  1827 10153
  1828 10157
  1829 10153
  1830 10153
  1831 10153
  1832 10153
  1833 10153
  1834 10153
  1835 10153
  1836 10153
  1837 10153
  1838 10153
  1839 10153
  1840 10153
  1841 10153
  1842 10153
  1843 10153
  1844 10153
  1845 10153
  1846 10153
  1847 10153
  1848 10153
  1849 10153
  1850 10153
  1851 10153
  1852 10153
  1853 10153
  1854 10153
  1855 10081
  1856 10153
  1857 10153
  1858 10153
  1859 10153
  1860 10153
  1861 10153
  1862 10153
  1863 10153
  1864 10153
  1865 10074
  1866 10154
  1869 10101
  1870 10101
  1871 10101
  1872 10101
  1873 10101
  1874 10068
  1875 10068
  1876 10068
  1877 10068
  1878 10068
  1879 10068
  1880 10068
  1881 10068
  1882 10068
  1883 10068
  1884 10068
  1885 10068
  1886 10068
  1887 10068
  1888 10068
  1889 10068
  1890 10068
  1891 10068
  1892 10134
  1893 10134
  1894 10134
  1895 10055
  1896 10068
  1897 10068
  1898 10068
  1899 10068
  1900 10068
  1901 10068
  1902 10068
  1903 10068
  1904 10068
  1905 10068
  1906 10068
  1907 10068
  1908 10068
  1909 10068
  1910 10068
  1911 10068
  1912 10068
  1913 10068
  1914 10068
  1915 10068
  1916 10068
  1917 10068
  1918 10068
  1919 10068
  1920 10068
  1921 10068
  1922 10068
  1923 10068
  1924 10068
  1925 10068
  1926 10068
  1927 10068
  1928 10068
  1929 10068
  1930 10068
  1931 10068
  1932 10068
  1933 10068
  1934 10068
  1935 10068
  1936 10068
  1937 10068
  1938 10068
  1939 10068
  1940 10068
  1941 10068
  1942 10068
  1943 10068
  1944 10068
  1945 10068
  1946 10068
  1947 10068
  1948 10068
  1949 10068
  1950 10068
  1951 10068
  1952 10068
  1953 10068
  1954 10068
  1955 10068
  1956 10068
  1957 10068
  1958 10068
  1959 10068
  1960 10068
  1961 10068
  1962 10068
  1963 10068
  1964 10068
  1965 10068
  1966 10068
  1967 10068
  1968 10068
  1969 10068
  1970 10068
  1971 10068
  1972 10068
  1973 10068
  1974 10068
  1975 10068
  1976 10068
  1977 10068
  1978 10068
  1979 10068
  1980 10068
  1981 10068
  1982 10068
  1983 10068
  1984 10068
  1985 10068
  1986 10068
  1987 10068
  1988 10068
  1989 10068
  1990 10068
  1991 10068
  1992 10068
  1993 10068
  1994 10068
  1995 10068
  1996 10068
  1997 10068
  1999 10062
  2021 10061
  2022 10061
  2023 10061
  2028 10095
  2029 10154
  2030 10153
  2031 10153
  2032 10153
