   691 10031
   692 10031
   693 10031
   694 10031
   695 10031
   696 10031
   697 10031
   698 10031
   699 10031
   700 10031
   701 10031
   702 10031
   703 10031
   704 10031
   705 10031
   706 10031
   707 10031
   708 10031
   709 10031
   710 10031
   711 10031
   712 10031
   713 10031
   714 10031
   715 10031
   716 10031
   717 10031
   718 10031
   719 10031
   720 10031
   721 10031
   722 10031
   723 10031
   724 10031
   725 10031
   726 10031
   727 10031
   728 10031
   729 10031
   730 10031
   731 10031
   732 10031
   733 10031
   734 10031
   735 10031
   736 10031
   737 10031
   738 10031
   739 10031
   740 10031
   741 10031
   746 10031
   747 10031
   748 10031
   749 10031
   750 10031
   751 10031
   752 10031
   753 10031
   754 10031
   755 10031
   756 10031
   757 10031
   758 10031
   759 10031
   760 10031
   761 10031
   762 10031
   763 10031
   764 10031
   765 10080
   766 10080
   767 10027
   768 10027
   769 10094
   770 10031
   771 10031
   772 10031
   773 10031
   774 10031
   775 10135
   776 10143
   777 10135
   785 10146
   786 10146
   787 10146
   788 10146
   789 10146
   790 10146
   791 10101
   792 10146
   793 10146
   794 10146
   795 10146
   796 10146
   797 10146
   798 10146
   799 10146
   800 10146
   801 10146
   802 10146
   803 10146
   804 10146
   805 10146
   806 10146
   807 10146
   808 10146
   809 10146
   810 10146
   811 10146
   812 10146
   813 10146
   814 10146
   815 10146
   816 10146
   817 10146
   818 10146
   819 10146
   820 10146
   821 10146
   822 10146
   823 10146
   824 10146
   825 10146
   826 10146
   827 10146
   828 10146
   829 10146
   830 10146
   831 10146
   832 10146
   833 10146
   834 10146
   835 10146
   836 10146
   837 10146
   838 10146
   839 10146
   840 10146
   841 10146
   842 10146
   843 10146
   844 10146
   845 10146
   846 10146
   847 10146
   848 10146
   849 10146
   850 10146
   851 10146
   852 10146
   853 10146
   854 10146
   855 10146
   856 10146
   857 10146
   858 10146
   859 10146
   860 10146
   861 10146
   862 10146
   863 10146
   864 10146
   865 10146
   866 10146
   867 10146
   868 10146
   869 10146
   870 10146
   871 10146
   872 10146
   873 10146
   874 10146
   875 10146
   876 10146
   877 10146
   878 10146
   879 10146
   880 10146
   881 10146
   882 10146
   883 10146
   884 10146
   885 10146
   886 10146
   887 10146
   888 10146
   889 10146
   890 10146
   891 10146
   892 10146
   893 10146
   894 10146
   895 10146
   896 10146
   897 10146
   898 10146
   899 10146
   900 10146
   901 10146
   902 10146
   903 10146
   904 10146
   905 10146
   906 10146
   907 10146
   908 10146
   909 10146
   910 10146
   911 10146
   912 10146
   913 10146
   914 10146
   915 10146
   916 10146
   917 10146
   918 10146
   919 10146
   920 10146
   921 10146
   922 10146
   923 10146
   924 10146
   925 10146
   926 10146
   927 10146
   928 10146
   929 10146
   930 10146
   931 10146
   932 10146
   933 10146
   934 10146
   935 10146
   936 10146
   937 10146
   938 10146
   939 10146
   940 10146
   941 10146
   942 10146
   943 10146
   944 10146
   945 10146
   946 10146
   947 10146
   948 10146
   949 10146
   950 10146
   951 10146
   952 10146
   953 10146
   954 10146
   955 10146
   956 10146
   957 10146
   958 10146
   959 10146
   960 10146
   961 10146
   962 10146
   963 10146
   964 10146
   965 10146
   966 10146
   967 10146
   968 10146
   969 10146
   970 10146
   971 10146
   972 10146
   973 10146
   974 10146
   975 10146
   976 10146
   977 10146
   978 10146
   979 10146
   980 10146
   981 10146
   982 10146
   983 10146
   984 10146
   985 10146
   986 10146
   990 10146
   991 10146
   992 10146
   993 10146
   994 10146
   995 10113
   996 10031
   997 10154
   998 10031
   999 10031
  1000 10031
  1001 10031
  1002 10031
  1003 10031
  1004 10031
  1006 10106
  1007 10018
  1008 10055
  1009 10055
  1010 10055
  1011 10055
  1012 10055
  1013 10055
  1014 10055
  1015 10076
  1016 10009
  1017 10009
  1018 10138
  1019 10138
  1020 10128
  1021 10128
  1022 10128
  1023 10128
  1024 10128
  1025 10128
  1026 10128
  1027 10007
  1028 10007
  1029 10007
  1030 10007
  1031 10007
  1032 10007
  1033 10007
  1034 10007
  1035 10007
  1036 10128
  1037 10007
  1038 10007
  1039 10007
  1040 10007
  1041 10128
  1042 10007
  1043 10128
  1044 10007
  1045 10007
  1046 10007
  1047 10007
  1048 10007
  1049 10128
  1050 10128
  1051 10007
  1052 10007
  1053 10128
  1054 10007
  1055 10128
  1056 10128
  1059 10128
  1060 10128
  1061 10007
  1062 10007
  1063 10007
  1064 10007
  1065 10007
  1066 10007
  1067 10007
  1068 10007
  1069 10007
  1070 10007
  1071 10007
  1072 10007
  1073 10128
  1074 10128
  1075 10007
  1076 10007
  1077 10007
  1078 10007
  1079 10128
  1080 10128
  1081 10128
  1082 10007
  1083 10007
  1084 10007
  1085 10007
  1086 10007
  1087 10007
  1088 10007
  1089 10007
  1090 10128
  1091 10007
  1092 10007
  1093 10007
  1094 10007
  1095 10007
  1096 10007
  1097 10007
  1098 10007
  1099 10007
  1100 10007
  1101 10128
  1102 10007
  1103 10007
  1104 10007
  1105 10007
  1106 10007
  1107 10007
  1108 10007
  1109 10007
  1110 10007
  1111 10007
  1112 10128
  1113 10007
  1114 10007
  1115 10007
  1116 10007
  1117 10007
  1118 10007
  1119 10007
  1120 10007
  1121 10128
  1122 10007
  1123 10007
  1124 10007
  1125 10007
  1126 10101
  1127 10101
  1128 10101
  1129 10101
  1130 10076
  1131 10076
  1132 10076
  1133 10076
  1134 10141
  1135 10141
  1136 10141
  1137 10141
  1138 10141
  1139 10141
  1140 10141
  1141 10101
  1142 10101
  1143 10128
  1144 10128
  1145 10007
  1146 10007
  1147 10007
  1148 10128
  1149 10007
  1150 10007
  1151 10007
  1152 10007
  1153 10007
  1154 10007
  1155 10007
  1156 10007
  1157 10007
  1158 10007
  1159 10007
  1160 10007
  1161 10007
  1162 10007
  1163 10007
  1164 10007
  1165 10007
  1166 10007
  1167 10007
  1168 10007
  1169 10007
  1170 10007
  1171 10007
  1172 10007
  1173 10007
  1174 10007
  1175 10007
  1176 10007
  1177 10007
  1178 10128
  1179 10128
  1180 10128
  1181 10007
  1182 10128
  1183 10128
  1184 10128
  1185 10128
  1186 10007
  1187 10007
  1188 10007
  1189 10007
  1190 10007
  1191 10007
  1192 10007
  1193 10007
  1194 10007
  1195 10007
  1196 10007
  1197 10007
  1198 10007
  1199 10007
  1200 10007
  1201 10128
  1202 10128
  1203 10006
  1204 10006
  1205 10006
  1206 10006
  1207 10007
  1208 10007
  1213 10128
  1214 10007
  1215 10007
  1216 10007
  1217 10007
  1218 10128
  1219 10128
  1220 10007
  1221 10128
  1222 10128
  1223 10007
  1224 10007
  1225 10007
  1226 10007
  1227 10007
  1228 10007
  1229 10128
  1230 10007
  1231 10128
  1232 10128
  1233 10128
  1234 10128
  1235 10006
  1236 10006
  1237 10007
  1238 10007
  1239 10128
  1240 10007
  1241 10128
  1242 10007
  1243 10007
  1244 10128
  1245 10128
  1246 10007
  1247 10007
  1248 10007
  1249 10007
  1250 10007
  1251 10007
  1252 10007
  1253 10007
  1254 10007
  1255 10007
  1256 10007
  1257 10007
  1258 10007
  1259 10007
  1260 10007
  1261 10007
  1262 10007
  1263 10007
  1264 10007
  1265 10007
  1266 10128
  1267 10128
  1268 10128
  1269 10128
  1270 10173
  1271 10173
  1272 10076
  1273 10076
  1274 10055
  1304 10031
  1305 10031
  1306 10031
  1307 10031
  1308 10031
  1309 10031
  1310 10031
  1311 10031
  1312 10031
  1313 10031
  1314 10031
  1315 10031
  1316 10031
  1317 10031
  1318 10031
  1319 10031
  1320 10031
  1321 10031
  1322 10031
  1323 10031
  1324 10031
  1325 10031
  1326 10076
  1327 10055
  1328 10055
  1329 10018
  1330 10018
  1331 10055
  1332 10055
  1333 10055
  1334 10055
  1335 10055
  1336 10076
  1337 10055
  1338 10055
  1339 10055
  1340 10055
  1341 10055
  1342 10055
  1343 10173
  1344 10055
  1345 10055
  1346 10055
  1347 10055
  1348 10055
  1349 10055
  1350 10055
  1351 10055
  1352 10055
  1353 10055
  1354 10055
  1355 10055
  1356 10055
  1357 10055
  1358 10055
  1359 10055
  1360 10055
  1361 10055
  1362 10055
  1363 10055
  1364 10055
  1365 10055
  1366 10055
  1367 10055
  1368 10055
  1369 10055
  1370 10055
  1371 10055
  1372 10055
  1373 10055
  1374 10055
  1375 10055
  1376 10055
  1377 10055
  1378 10055
  1379 10055
  1380 10055
  1381 10018
  1382 10018
  1383 10055
  1384 10055
  1385 10018
  1386 10018
  1387 10018
  1388 10018
  1389 10173
  1390 10173
  1391 10031
  1392 10031
  1393 10031
  1394 10031
  1395 10031
  1396 10031
  1397 10031
  1398 10031
  1399 10031
  1400 10031
  1401 10031
  1402 10031
  1403 10031
  1404 10031
  1405 10031
  1406 10031
  1407 10031
  1408 10031
  1409 10031
  1410 10031
  1411 10031
  1412 10031
  1413 10031
  1414 10031
  1415 10031
  1416 10031
  1417 10031
  1418 10031
  1419 10031
  1420 10031
  1421 10031
  1422 10031
  1423 10031
  1424 10031
  1425 10031
  1426 10031
  1427 10031
  1428 10031
  1429 10031
  1430 10031
  1431 10031
  1432 10031
  1433 10031
  1434 10031
  1435 10031
  1436 10031
  1437 10031
  1438 10031
  1439 10031
  1447 10031
  1448 10031
  1449 10031
  1450 10076
  1451 10076
  1452 10076
  1453 10076
  1454 10076
  1455 10076
  1456 10076
  1457 10076
  1458 10076
  1459 10076
  1460 10076
  1461 10076
  1462 10076
  1463 10076
  1464 10076
  1465 10076
  1466 10076
  1467 10076
  1468 10076
  1469 10076
  1470 10076
  1471 10076
  1472 10076
  1473 10076
  1474 10076
  1475 10076
  1476 10076
  1477 10076
  1478 10076
  1479 10076
  1480 10076
  1481 10076
  1482 10076
  1483 10076
  1484 10076
  1485 10076
  1486 10076
  1487 10076
  1488 10076
  1489 10076
  1490 10076
  1491 10055
  1492 10076
  1493 10076
  1494 10076
  1495 10076
  1496 10076
  1497 10076
  1498 10018
  1499 10076
  1500 10076
  1501 10076
  1502 10076
  1503 10076
  1504 10076
  1505 10076
  1506 10076
  1507 10076
  1508 10076
  1509 10076
  1510 10076
  1511 10076
  1512 10076
  1513 10076
  1514 10076
  1515 10055
  1516 10076
  1517 10076
  1518 10076
  1519 10076
  1520 10055
  1521 10055
  1522 10076
  1523 10076
  1524 10076
  1525 10076
  1526 10076
  1527 10076
  1528 10055
  1529 10076
  1530 10076
  1531 10076
  1532 10076
  1533 10076
  1534 10076
  1535 10076
  1536 10076
  1537 10076
  1538 10076
  1539 10055
  1540 10055
  1541 10055
  1542 10055
  1543 10055
  1544 10055
  1545 10055
  1546 10055
  1547 10055
  1548 10055
  1549 10055
  1550 10055
  1551 10055
  1552 10055
  1553 10055
  1554 10055
  1555 10055
  1556 10055
  1557 10055
  1558 10055
  1559 10055
  1560 10055
  1561 10055
  1562 10055
  1563 10055
  1564 10055
  1565 10055
  1566 10055
  1567 10055
  1568 10055
  1569 10055
  1570 10055
  1571 10055
  1572 10055
  1573 10055
  1574 10055
  1575 10055
  1576 10055
  1577 10055
  1578 10055
  1579 10055
  1580 10055
  1581 10055
  1582 10055
  1583 10055
  1584 10055
  1585 10055
  1586 10055
  1587 10055
  1588 10055
  1589 10055
  1590 10076
  1591 10076
  1592 10076
  1593 10076
  1594 10076
  1595 10055
  1596 10055
  1619 10159
  1620 10043
  1621 10043
  1622 10043
  1623 10002
  1624 10002
  1625 10002
  1626 10002
  1627 10002
  1628 10002
  1629 10002
  1630 10002
  1631 10002
  1632 10002
  1633 10002
  1634 10002
  1635 10002
  1636 10002
  1637 10002
  1638 10002
  1639 10002
  1640 10002
  1641 10002
  1642 10002
  1643 10002
  1644 10002
  1645 10002
  1646 10002
  1647 10002
  1648 10002
  1649 10002
  1650 10002
  1651 10002
  1652 10002
  1653 10002
  1654 10002
  1655 10002
  1656 10002
  1657 10002
  1658 10002
  1659 10002
  1660 10002
  1661 10002
  1662 10002
  1663 10002
  1664 10002
  1665 10002
  1666 10002
  1667 10002
  1668 10002
  1669 10002
  1670 10002
  1671 10002
  1672 10002
  1673 10002
  1674 10002
  1675 10002
  1676 10002
  1677 10002
  1678 10002
  1679 10002
  1680 10002
  1681 10002
  1682 10002
  1683 10002
  1684 10002
  1685 10002
  1686 10002
  1687 10002
  1688 10002
  1689 10002
  1690 10002
  1691 10002
  1692 10002
  1693 10002
  1694 10002
  1695 10002
  1696 10002
  1697 10002
  1698 10002
  1699 10002
  1700 10002
  1701 10002
  1702 10002
  1703 10002
  1704 10002
  1705 10002
  1706 10002
  1707 10002
  1708 10002
  1709 10002
  1710 10002
  1711 10002
  1712 10002
  1713 10002
  1714 10002
  1715 10002
  1716 10002
  1717 10002
  1718 10002
  1719 10002
  1720 10002
  1721 10002
  1722 10002
  1723 10002
  1724 10002
  1725 10002
  1726 10002
  1727 10002
  1728 10002
  1729 10002
  1730 10002
  1731 10002
  1732 10002
  1733 10002
  1734 10002
  1735 10002
  1736 10002
  1737 10002
  1738 10002
  1739 10002
  1740 10002
  1741 10002
  1742 10002
  1743 10002
  1744 10002
  1745 10002
  1746 10002
  1747 10002
  1748 10002
  1749 10002
  1750 10002
  1751 10002
  1752 10002
  1753 10002
  1754 10002
  1755 10002
  1756 10002
  1757 10002
  1758 10002
  1759 10002
  1760 10002
  1761 10002
  1762 10002
  1763 10002
  1764 10002
  1765 10002
  1766 10002
  1767 10002
  1768 10002
  1769 10002
  1770 10002
  1771 10002
  1772 10002
  1773 10002
  1774 10002
  1775 10002
  1776 10002
  1777 10002
  1778 10002
  1779 10002
  1780 10002
  1781 10002
  1782 10002
  1783 10002
  1784 10002
  1785 10002
  1786 10002
  1787 10002
  1788 10002
  1789 10002
  1790 10002
  1791 10002
  1792 10002
  1793 10002
  1794 10002
  1795 10002
  1796 10002
  1797 10002
  1798 10002
  1799 10002
  1800 10002
  1801 10002
  1802 10002
  1803 10002
  1804 10002
  1805 10002
  1806 10002
  1807 10002
  1808 10002
  1809 10002
  1810 10002
  1811 10002
  1812 10002
  1813 10002
  1814 10002
  1815 10002
  1816 10002
  1817 10002
  1818 10002
  1819 10002
  1820 10002
  1821 10002
  1822 10002
  1823 10002
  1824 10002
  1825 10002
  1826 10002
  1827 10002
  1828 10002
  1829 10002
  1830 10002
  1831 10002
  1832 10002
  1833 10002
  1834 10002
  1835 10002
  1836 10002
  1837 10002
  1838 10002
  1839 10002
  1840 10002
  1841 10002
  1842 10002
  1843 10002
  1844 10002
  1845 10002
  1846 10002
  1847 10002
  1848 10002
  1849 10002
  1850 10002
  1851 10002
  1852 10002
  1853 10002
  1854 10002
  1855 10002
  1856 10002
  1857 10002
  1858 10002
  1859 10002
  1860 10002
  1861 10002
  1862 10002
  1863 10002
  1864 10002
  1865 10002
  1866 10002
  1867 10002
  1868 10002
  1869 10002
  1870 10002
  1871 10002
  1872 10002
  1873 10002
  1874 10002
  1875 10002
  1876 10002
  1877 10002
  1878 10002
  1879 10002
  1880 10002
  1881 10002
  1882 10002
  1883 10002
  1884 10002
  1885 10002
  1886 10002
  1887 10002
  1888 10002
  1889 10002
  1890 10002
  1891 10002
  1892 10002
  1893 10002
  1894 10002
  1895 10002
  1896 10002
  1897 10002
  1898 10002
  1899 10002
  1900 10002
  1901 10002
  1902 10002
  1903 10002
  1904 10002
  1905 10002
  1906 10002
  1907 10002
  1908 10002
  1909 10002
  1910 10002
  1911 10002
  1912 10002
  1913 10002
  1914 10002
  1915 10002
  1916 10002
  1917 10002
  1918 10002
  1919 10002
  1920 10002
  1921 10002
  1922 10002
  1923 10002
  1924 10002
  1925 10002
  1926 10002
  1927 10002
  1928 10002
  1929 10002
  1930 10002
  1931 10002
  1932 10002
  1933 10002
  1934 10002
  1935 10002
  1936 10002
  1937 10002
  1938 10002
  1939 10002
  1940 10002
  1941 10002
  1942 10002
  1943 10002
  1944 10002
  1945 10002
  1946 10002
  1947 10002
  1948 10002
  1949 10002
  1950 10002
  1951 10002
  1952 10002
  1953 10047
  1954 10047
  1955 10047
  1956 10047
  1957 10047
  1958 10091
  1959 10067
  1961 10141
  1962 10070
  1963 10031
  1964 10031
  1965 10031
  1966 10031
  1967 10031
  1968 10031
  1969 10143
  1970 10016
  1971 10143
  1972 10143
  1973 10016
  1974 10016
  1975 10016
  1976 10016
  1977 10106
  1978 10106
  1979 10031
  1980 10031
  1981 10031
  1982 10031
  1983 10031
  1984 10031
  1985 10031
  2013 10016
  2019 10036
  2027 10031
  2028 10031
  2029 10031
  2030 10031
