   723 10151
   724 10041
   725 10041
   726 10022
   727 10022
   728 10041
   729 10022
   730 10022
   731 10022
   732 10041
   733 10022
   734 10022
   735 10022
   736 10022
   737 10022
   738 10022
   739 10022
   740 10022
   741 10022
   742 10022
   743 10022
   744 10041
   745 10022
   746 10041
   747 10041
   748 10041
   749 10041
   750 10041
   751 10041
   752 10041
   753 10041
   755 10022
   756 10022
   757 10022
   758 10022
   759 10022
   760 10022
   761 10022
   762 10022
   763 10022
   764 10022
   765 10022
   766 10022
   767 10022
   768 10022
   769 10022
   773 10022
   774 10022
   775 10151
   776 10022
   777 10022
   778 10022
   782 10022
   783 10022
   784 10022
   785 10022
   786 10022
   787 10022
   788 10022
   789 10022
   790 10022
   791 10022
   792 10022
   793 10022
   794 10022
   795 10022
   796 10022
   797 10022
   798 10022
   799 10022
   800 10022
   801 10022
   802 10022
   803 10022
   804 10022
   805 10022
   806 10022
   807 10022
   808 10022
   809 10022
   810 10022
   811 10022
   812 10022
   813 10022
   814 10022
   815 10022
   816 10022
   817 10022
   818 10022
   819 10022
   820 10022
   821 10022
   822 10022
   823 10022
   824 10022
   825 10022
   826 10022
   827 10022
   828 10022
   829 10022
   830 10022
   831 10022
   832 10022
   833 10022
   834 10022
   835 10022
   836 10022
   837 10022
   838 10022
   839 10022
   840 10022
   841 10022
   842 10022
   843 10022
   844 10022
   845 10022
   846 10022
   847 10022
   848 10022
   849 10022
   850 10022
   851 10022
   852 10022
   853 10022
   854 10022
   855 10022
   856 10022
   857 10022
   858 10022
   859 10022
   860 10022
   861 10022
   862 10022
   863 10022
   864 10022
   865 10022
   866 10022
   867 10022
   868 10022
   869 10022
   870 10022
   871 10022
   872 10022
   873 10022
   874 10022
   875 10022
   876 10022
   877 10022
   878 10022
   879 10022
   880 10022
   881 10022
   882 10022
   883 10022
   884 10022
   885 10022
   886 10022
   887 10022
   888 10022
   889 10022
   890 10022
   891 10022
   892 10022
   893 10022
   894 10022
   895 10041
   896 10022
   897 10022
   898 10022
   899 10022
   900 10022
   901 10022
   902 10022
   903 10022
   904 10022
   905 10022
   906 10022
   907 10022
   908 10022
   909 10022
   910 10041
   911 10022
   912 10022
   913 10022
   914 10022
   915 10022
   916 10022
   917 10022
   918 10022
   919 10022
   920 10022
   925 10022
   926 10022
   927 10022
   928 10022
   929 10022
   930 10022
   931 10022
   932 10022
   933 10022
   934 10022
   935 10022
   936 10022
   937 10022
   938 10022
   939 10022
   940 10022
   941 10022
   942 10022
   943 10022
   944 10022
   945 10022
   946 10022
   947 10022
   948 10022
   949 10022
   950 10022
   951 10022
   952 10022
   953 10022
   954 10022
   955 10022
   956 10022
   957 10022
   958 10022
   959 10022
   960 10022
   961 10022
   962 10022
   963 10022
   964 10022
   965 10022
   966 10022
   967 10022
   968 10022
   969 10022
   970 10022
   971 10022
   972 10022
   973 10022
   974 10022
   977 10151
   978 10022
   979 10022
   980 10022
   981 10022
   982 10022
   983 10022
   984 10022
   985 10022
   986 10022
   987 10022
   988 10022
   989 10022
   990 10022
   991 10022
   992 10022
   993 10022
   994 10022
   995 10022
   996 10022
   997 10022
   998 10022
   999 10022
  1000 10022
  1001 10022
  1002 10022
  1003 10022
  1004 10022
  1005 10022
  1006 10022
  1010 10022
  1011 10022
  1012 10022
  1013 10022
  1014 10022
  1015 10022
  1016 10022
  1017 10022
  1022 10022
  1023 10022
  1024 10022
  1025 10022
  1026 10022
  1027 10022
  1028 10022
  1029 10022
  1030 10022
  1031 10022
  1032 10022
  1033 10022
  1034 10022
  1035 10022
  1036 10022
  1037 10022
  1038 10022
  1039 10022
  1040 10022
  1041 10022
  1042 10022
  1043 10022
  1044 10022
  1045 10022
  1046 10022
  1047 10022
  1048 10022
  1049 10022
  1050 10022
  1051 10022
  1052 10022
  1053 10022
  1054 10022
  1055 10022
  1056 10022
  1057 10022
  1058 10022
  1059 10022
  1060 10022
  1061 10022
  1062 10022
  1063 10022
  1064 10022
  1065 10022
  1066 10022
  1067 10022
  1068 10022
  1069 10022
  1070 10022
  1071 10022
  1072 10022
  1073 10022
  1074 10022
  1075 10022
  1076 10041
  1077 10041
  1078 10022
  1079 10022
  1080 10022
  1081 10022
  1082 10022
  1083 10022
  1084 10022
  1085 10022
  1086 10022
  1087 10022
  1088 10022
  1089 10022
  1090 10022
  1091 10022
  1092 10022
  1093 10022
  1094 10022
  1095 10022
  1096 10022
  1097 10022
  1098 10022
  1099 10022
  1100 10022
  1101 10022
  1102 10022
  1103 10022
  1104 10022
  1105 10022
  1106 10022
  1107 10022
  1108 10022
  1109 10022
  1110 10022
  1111 10022
  1112 10022
  1113 10151
  1114 10022
  1115 10022
  1116 10022
  1117 10022
  1118 10022
  1119 10022
  1120 10022
  1121 10022
  1122 10022
  1123 10022
  1127 10022
  1128 10022
  1129 10022
  1130 10022
  1131 10022
  1132 10022
  1133 10022
  1134 10022
  1135 10022
  1136 10022
  1137 10022
  1138 10022
  1142 10022
  1143 10022
  1144 10022
  1145 10022
  1146 10022
  1147 10022
  1148 10041
  1149 10022
  1150 10041
  1151 10022
  1162 10022
  1163 10022
  1164 10022
  1165 10022
  1166 10022
  1167 10041
  1169 10010
  1184 10022
  1185 10022
  1186 10022
  1187 10022
  1188 10022
  1189 10022
  1190 10022
  1191 10022
  1192 10041
  1193 10022
  1194 10022
  1195 10022
  1206 10022
  1207 10022
  1208 10022
  1209 10022
  1210 10022
  1211 10022
  1212 10022
  1218 10017
  1219 10022
  1220 10022
  1221 10022
  1222 10022
  1227 10022
  1228 10017
  1229 10017
  1230 10022
  1231 10022
  1232 10022
  1233 10022
  1234 10022
  1235 10022
  1236 10022
  1237 10022
  1238 10022
  1239 10022
  1240 10022
  1241 10022
  1242 10022
  1243 10022
  1244 10022
  1245 10022
  1246 10022
  1247 10022
  1248 10022
  1249 10022
  1250 10022
  1251 10022
  1252 10019
  1253 10022
  1254 10017
  1257 10019
  1258 10019
  1259 10028
  1260 10019
  1261 10019
  1262 10019
  1267 10028
  1269 10045
  1276 10106
  1277 10106
  1278 10018
  1279 10106
  1280 10106
  1281 10018
  1282 10018
  1283 10018
  1284 10018
  1285 10018
  1286 10018
  1287 10018
  1288 10158
  1289 10158
  1290 10158
  1291 10158
  1292 10158
  1293 10158
  1294 10158
  1295 10158
  1296 10158
  1297 10158
  1298 10158
  1299 10158
  1300 10158
  1301 10158
  1302 10158
  1303 10158
  1304 10158
  1305 10158
  1306 10158
  1307 10158
  1308 10158
  1309 10158
  1310 10158
  1311 10158
  1312 10158
  1313 10158
  1314 10158
  1315 10158
  1316 10158
  1317 10158
  1318 10158
  1319 10158
  1320 10140
  1321 10140
  1322 10140
  1323 10140
  1324 10140
  1325 10140
  1326 10140
  1327 10140
  1328 10140
  1329 10140
  1330 10158
  1331 10158
  1332 10158
  1333 10158
  1334 10158
  1335 10158
  1336 10158
  1337 10158
  1338 10158
  1339 10158
  1340 10158
  1341 10158
  1342 10158
  1343 10158
  1344 10158
  1345 10158
  1346 10158
  1347 10158
  1348 10098
  1356 10045
  1357 10045
  1358 10045
  1359 10045
  1360 10045
  1361 10045
  1362 10045
  1363 10045
  1364 10045
  1365 10045
  1366 10045
  1367 10045
  1368 10045
  1369 10045
  1370 10045
  1371 10019
  1372 10019
  1373 10019
  1374 10019
  1375 10019
  1376 10022
  1383 10022
  1384 10022
  1385 10022
  1386 10022
  1387 10022
  1388 10022
  1389 10022
  1390 10022
  1391 10022
  1392 10022
  1393 10022
  1394 10022
  1395 10016
  1396 10016
  1397 10016
  1398 10016
  1399 10022
  1400 10022
  1409 10041
  1410 10041
  1414 10022
  1415 10022
  1416 10016
  1417 10016
  1418 10016
  1419 10016
  1420 10049
  1421 10016
  1424 10022
  1425 10016
  1426 10022
  1427 10016
  1428 10022
  1429 10022
  1430 10016
  1431 10016
  1432 10041
  1433 10016
  1434 10041
  1435 10041
  1436 10022
  1437 10022
  1440 10022
  1441 10022
  1442 10016
  1443 10022
  1444 10016
  1445 10016
  1446 10041
  1447 10041
  1448 10041
  1449 10022
  1450 10016
  1451 10016
  1452 10016
  1453 10016
  1454 10041
  1455 10016
  1456 10016
  1457 10016
  1458 10041
  1459 10041
  1476 10022
  1477 10022
  1478 10022
  1479 10022
  1503 10022
  1504 10022
  1505 10022
  1506 10022
  1507 10022
  1531 10022
  1532 10022
  1533 10022
  1534 10022
  1535 10022
  1536 10022
  1537 10022
  1538 10022
  1539 10022
  1540 10022
  1541 10022
  1544 10022
  1545 10022
  1546 10022
  1547 10022
  1548 10022
  1549 10022
  1550 10022
  1551 10022
  1552 10022
  1564 10022
  1565 10022
  1566 10022
  1567 10022
  1568 10022
  1569 10022
  1570 10022
  1571 10022
  1572 10022
  1573 10022
  1574 10022
  1575 10022
  1576 10022
  1577 10022
  1578 10022
  1579 10022
  1580 10022
  1581 10022
  1596 10022
  1597 10022
  1598 10022
  1599 10022
  1600 10022
  1607 10022
  1608 10022
  1609 10022
  1613 10022
  1614 10022
  1615 10022
  1616 10022
  1617 10019
  1618 10019
  1619 10072
  1632 10022
  1633 10022
  1634 10041
  1635 10041
  1636 10041
  1637 10041
  1638 10041
  1639 10041
  1640 10022
  1641 10022
  1642 10022
  1643 10022
  1644 10041
  1645 10041
  1646 10041
  1647 10041
  1648 10022
  1649 10022
  1650 10041
  1651 10041
  1652 10041
  1653 10041
  1654 10022
  1655 10022
  1656 10041
  1657 10041
  1658 10041
  1659 10151
  1660 10022
  1661 10022
  1662 10041
  1663 10022
  1664 10022
  1665 10022
  1666 10022
  1667 10022
  1668 10022
  1669 10022
  1670 10022
  1671 10022
  1672 10022
  1673 10041
  1674 10041
  1675 10022
  1676 10041
  1677 10041
  1678 10022
  1679 10041
  1680 10022
  1681 10022
  1682 10041
  1683 10022
  1684 10041
  1685 10022
  1686 10022
  1687 10041
  1688 10022
  1689 10041
  1690 10041
  1691 10022
  1692 10041
  1693 10041
  1694 10022
  1695 10022
  1696 10022
  1697 10022
  1698 10022
  1699 10022
  1705 10022
  1706 10022
  1707 10041
  1708 10022
  1709 10022
  1710 10019
  1711 10019
  1712 10019
  1713 10019
  1714 10019
  1718 10017
  1719 10017
  1724 10045
  1725 10045
  1726 10045
  1727 10045
  1728 10045
  1729 10045
  1730 10045
  1731 10045
  1732 10045
  1733 10045
  1734 10045
  1735 10021
  1736 10045
  1737 10045
  1738 10045
  1739 10045
  1740 10022
  1741 10022
  1742 10022
  1743 10041
  1745 10022
  1746 10022
  1747 10041
  1748 10022
  1749 10041
  1750 10041
  1752 10041
  1753 10041
  1754 10041
  1755 10041
  1756 10041
  1772 10022
  1773 10022
  1774 10041
  1775 10041
  1776 10041
  1777 10041
  1778 10041
  1779 10041
  1780 10041
  1781 10022
  1782 10041
  1783 10041
  1784 10022
  1785 10041
  1786 10041
  1788 10041
  1790 10041
  1791 10041
  1792 10041
  1840 10022
  1841 10022
  1842 10041
  1843 10022
  1844 10022
  1845 10022
  1846 10022
  1847 10022
  1848 10022
  1849 10022
  1850 10022
  1851 10022
  1852 10022
  1853 10022
  1854 10047
  1855 10022
  1856 10022
  1857 10022
  1858 10019
  1859 10041
  1860 10019
  1861 10019
  1862 10019
  1863 10019
  1864 10019
  1865 10019
  1866 10019
  1867 10022
  1868 10022
  1869 10022
  1870 10022
  1872 10049
  1873 10017
  1874 10017
  1877 10022
  1878 10022
  1879 10022
  1880 10022
  1881 10022
  1882 10022
  1958 10022
  1959 10022
  1960 10022
  1961 10022
  1962 10022
  1963 10022
  1964 10022
  1965 10022
  1966 10041
  1974 10041
  1975 10041
  1976 10041
  1977 10041
  1985 10022
  1986 10022
  1987 10022
  1988 10022
  1989 10022
  1994 10022
  1995 10022
  1996 10022
  1997 10022
