   600 10007
   601 10007
   602 10007
   603 10007
   604 10007
   605 10007
   606 10007
   607 10007
   608 10007
   609 10007
   610 10007
   611 10007
   612 10007
   613 10007
   614 10007
   615 10007
   616 10007
   617 10007
   618 10007
   619 10007
   620 10007
   621 10007
   622 10007
   623 10007
   624 10007
   625 10007
   626 10007
   627 10007
   628 10007
   629 10007
   630 10007
   631 10007
   632 10007
   633 10007
   634 10007
   635 10007
   636 10007
   637 10007
   638 10007
   639 10007
   640 10007
   641 10007
   642 10007
   643 10007
   644 10007
   645 10007
   646 10007
   647 10007
   648 10007
   649 10007
   650 10007
   651 10007
   652 10007
   653 10007
   654 10007
   655 10007
   656 10007
   657 10007
   658 10007
   659 10007
   660 10007
   661 10007
   662 10007
   663 10007
   664 10007
   665 10007
   666 10007
   667 10007
   668 10007
   669 10007
   670 10007
   671 10007
   672 10007
   673 10007
   674 10130
   675 10130
   676 10130
   677 10130
   678 10130
   684 10075
   685 10031
   686 10031
   687 10031
   689 10169
   690 10169
   691 10169
   692 10169
   693 10169
   694 10169
   695 10169
   696 10169
   697 10169
   698 10169
   699 10169
   700 10169
   701 10169
   702 10169
   703 10169
   704 10169
   705 10169
   706 10169
   707 10169
   708 10169
   709 10169
   710 10169
   711 10169
   712 10169
   713 10169
   714 10169
   715 10169
   716 10169
   717 10169
   718 10169
   719 10169
   720 10169
   721 10169
   722 10169
   723 10169
   724 10169
   725 10169
   726 10169
   727 10169
   728 10169
   729 10169
   730 10169
   731 10169
   732 10169
   733 10169
   734 10169
   735 10169
   736 10169
   737 10169
   738 10169
   739 10169
   740 10169
   741 10169
   742 10169
   743 10169
   744 10169
   745 10169
   746 10169
   747 10169
   748 10169
   749 10169
   750 10169
   751 10169
   752 10169
   753 10169
   754 10169
   755 10169
   756 10169
   757 10169
   758 10169
   759 10169
   760 10169
   761 10169
   762 10169
   763 10169
   764 10169
   765 10169
   766 10169
   767 10169
   768 10169
   769 10169
   770 10169
   771 10169
   772 10169
   773 10169
   774 10169
   775 10169
   776 10169
   777 10169
   778 10169
   779 10169
   780 10169
   781 10169
   782 10169
   783 10169
   784 10169
   785 10146
   786 10146
   787 10146
   788 10146
   789 10045
   790 10045
   791 10022
   792 10022
   793 10017
   794 10146
   795 10146
   796 10151
   797 10151
   798 10151
   799 10151
   800 10017
   801 10075
   802 10017
   803 10017
   804 10017
   805 10075
   806 10146
   807 10146
   808 10151
   809 10151
   810 10017
   811 10022
   812 10022
   813 10022
   814 10022
   815 10022
   816 10151
   817 10022
   818 10151
   819 10022
   820 10017
   821 10017
   822 10022
   823 10151
   824 10151
   825 10151
   826 10151
   827 10022
   828 10022
   829 10022
   830 10151
   831 10151
   832 10151
   833 10151
   834 10151
   835 10146
   836 10146
   837 10146
   838 10146
   839 10146
   840 10146
   841 10151
   842 10151
   843 10151
   844 10151
   845 10044
   846 10075
   847 10075
   848 10075
   849 10075
   850 10075
   851 10075
   852 10075
   853 10075
   854 10075
   855 10146
   856 10146
   857 10146
   858 10146
   859 10146
   860 10022
   861 10017
   862 10022
   863 10146
   864 10151
   865 10151
   866 10146
   867 10146
   868 10146
   869 10022
   870 10022
   871 10022
   872 10022
   873 10151
   874 10151
   875 10151
   876 10022
   877 10022
   878 10022
   879 10022
   880 10022
   881 10151
   882 10146
   883 10146
   884 10146
   885 10146
   886 10151
   887 10022
   888 10022
   889 10022
   890 10146
   891 10146
   892 10146
   893 10146
   894 10146
   895 10146
   896 10151
   897 10146
   898 10146
   899 10073
   900 10146
   901 10146
   902 10146
   903 10146
   904 10146
   905 10146
   906 10146
   907 10151
   908 10096
   909 10096
   910 10017
   911 10151
   912 10151
   913 10034
   914 10049
   915 10017
   916 10151
   917 10151
   918 10151
   919 10151
   920 10151
   921 10151
   922 10151
   923 10151
   924 10017
   925 10041
   926 10075
   927 10155
   928 10002
   929 10137
   930 10137
   931 10137
   932 10137
   933 10137
   934 10137
   935 10137
   936 10137
   937 10155
   938 10151
   939 10151
   940 10151
   941 10137
   942 10137
   943 10137
   944 10137
   945 10137
   946 10049
   947 10031
   948 10031
   949 10031
   950 10031
   951 10151
   952 10151
   953 10151
   954 10151
   955 10049
   956 10034
   957 10049
   958 10131
   959 10131
   960 10151
   961 10107
   962 10107
   963 10107
   964 10107
   965 10107
   966 10151
   967 10151
   968 10151
   969 10151
   970 10151
   971 10151
   972 10151
   973 10151
   974 10151
   975 10151
   976 10151
   977 10151
   978 10151
   979 10151
   980 10151
   981 10151
   982 10151
   983 10151
   984 10151
   985 10029
   986 10029
   987 10002
   988 10002
   989 10164
   990 10151
   991 10151
   992 10043
   993 10043
   994 10043
   995 10043
   996 10151
   997 10151
   998 10151
   999 10151
  1000 10151
  1001 10151
  1002 10029
  1003 10017
  1004 10017
  1005 10151
  1006 10151
  1007 10151
  1008 10022
  1009 10022
  1010 10151
  1011 10151
  1012 10151
  1013 10025
  1014 10025
  1015 10025
  1016 10025
  1017 10025
  1018 10025
  1019 10025
  1020 10025
  1021 10025
  1022 10025
  1025 10029
  1026 10007
  1027 10007
  1028 10007
  1029 10007
  1030 10007
  1031 10007
  1032 10007
  1033 10007
  1034 10007
  1035 10007
  1036 10007
  1037 10007
  1038 10007
  1039 10007
  1040 10007
  1041 10007
  1042 10007
  1043 10007
  1044 10007
  1045 10007
  1046 10007
  1047 10007
  1048 10007
  1049 10007
  1050 10007
  1051 10007
  1052 10007
  1053 10007
  1054 10007
  1055 10007
  1056 10007
  1057 10007
  1058 10007
  1059 10007
  1060 10007
  1061 10007
  1062 10007
  1063 10007
  1064 10007
  1065 10007
  1066 10007
  1067 10007
  1068 10007
  1069 10007
  1070 10007
  1071 10007
  1072 10007
  1073 10007
  1074 10007
  1075 10007
  1076 10007
  1077 10007
  1078 10007
  1079 10007
  1080 10007
  1081 10007
  1082 10007
  1083 10007
  1084 10007
  1085 10007
  1086 10007
  1087 10007
  1088 10007
  1089 10007
  1090 10007
  1091 10007
  1092 10007
  1093 10007
  1094 10007
  1095 10007
  1096 10007
  1097 10007
  1098 10007
  1099 10007
  1100 10007
  1101 10007
  1102 10007
  1103 10007
  1104 10007
  1105 10007
  1106 10007
  1107 10007
  1108 10007
  1109 10007
  1110 10007
  1111 10007
  1112 10007
  1113 10007
  1114 10007
  1115 10007
  1116 10007
  1117 10007
  1118 10007
  1119 10007
  1120 10007
  1121 10007
  1122 10007
  1123 10007
  1124 10007
  1125 10007
  1126 10007
  1127 10007
  1128 10007
  1129 10007
  1130 10007
  1131 10007
  1132 10007
  1133 10007
  1134 10007
  1135 10007
  1136 10007
  1137 10007
  1138 10007
  1139 10007
  1140 10007
  1141 10007
  1142 10007
  1143 10007
  1144 10007
  1145 10007
  1146 10007
  1147 10007
  1148 10007
  1149 10007
  1150 10007
  1151 10007
  1152 10007
  1153 10007
  1154 10007
  1155 10007
  1156 10007
  1157 10007
  1158 10007
  1159 10007
  1160 10007
  1161 10007
  1162 10007
  1163 10007
  1164 10007
  1165 10007
  1166 10007
  1167 10007
  1168 10007
  1169 10007
  1170 10007
  1171 10007
  1172 10007
  1173 10007
  1174 10007
  1175 10007
  1176 10007
  1177 10007
  1178 10007
  1179 10007
  1180 10007
  1181 10007
  1182 10007
  1183 10007
  1184 10007
  1185 10007
  1186 10007
  1187 10007
  1188 10007
  1189 10007
  1190 10007
  1191 10007
  1192 10007
  1193 10007
  1194 10007
  1195 10007
  1196 10007
  1197 10007
  1198 10007
  1199 10007
  1200 10007
  1201 10007
  1202 10007
  1203 10007
  1204 10007
  1205 10007
  1206 10007
  1207 10007
  1208 10007
  1209 10007
  1210 10007
  1211 10007
  1212 10007
  1213 10007
  1214 10007
  1215 10007
  1216 10007
  1217 10007
  1218 10007
  1219 10007
  1220 10007
  1221 10007
  1222 10007
  1223 10007
  1224 10007
  1225 10007
  1226 10007
  1227 10007
  1228 10007
  1229 10007
  1230 10007
  1231 10007
  1232 10007
  1233 10007
  1234 10007
  1235 10007
  1236 10007
  1237 10007
  1238 10007
  1239 10007
  1240 10007
  1241 10007
  1242 10007
  1243 10007
  1244 10007
  1245 10007
  1246 10007
  1247 10007
  1248 10007
  1249 10007
  1250 10007
  1251 10007
  1252 10007
  1253 10007
  1254 10007
  1255 10007
  1256 10007
  1257 10007
  1258 10007
  1259 10007
  1260 10007
  1261 10007
  1262 10101
  1264 10018
  1265 10018
  1266 10018
  1267 10018
  1268 10018
  1269 10075
  1270 10075
  1271 10075
  1272 10075
  1273 10075
  1274 10075
  1275 10075
  1276 10075
  1277 10075
  1278 10075
  1279 10075
  1280 10075
  1281 10075
  1282 10075
  1283 10075
  1284 10075
  1285 10075
  1286 10075
  1287 10075
  1288 10075
  1289 10075
  1290 10075
  1291 10075
  1292 10075
  1293 10075
  1294 10075
  1295 10075
  1296 10075
  1297 10075
  1298 10075
  1299 10075
  1300 10075
  1301 10075
  1302 10075
  1303 10075
  1304 10075
  1305 10075
  1306 10075
  1307 10075
  1308 10075
  1309 10075
  1310 10075
  1311 10075
  1312 10075
  1313 10075
  1314 10075
  1315 10075
  1316 10075
  1317 10075
  1318 10075
  1319 10075
  1320 10075
  1321 10075
  1322 10075
  1323 10075
  1324 10075
  1325 10075
  1326 10075
  1327 10075
  1328 10075
  1329 10075
  1330 10075
  1331 10075
  1332 10075
  1333 10075
  1334 10075
  1335 10075
  1336 10075
  1337 10075
  1338 10075
  1339 10075
  1340 10075
  1341 10075
  1342 10075
  1343 10075
  1344 10075
  1345 10075
  1346 10075
  1347 10075
  1348 10075
  1349 10075
  1350 10075
  1351 10075
  1352 10075
  1353 10075
  1354 10075
  1355 10075
  1356 10075
  1357 10075
  1358 10075
  1359 10075
  1360 10075
  1361 10075
  1362 10075
  1363 10075
  1364 10075
  1365 10075
  1366 10075
  1367 10075
  1368 10075
  1369 10075
  1370 10075
  1371 10075
  1372 10075
  1373 10075
  1374 10075
  1375 10075
  1376 10075
  1377 10075
  1378 10075
  1379 10075
  1380 10075
  1381 10075
  1382 10075
  1383 10075
  1384 10075
  1385 10075
  1386 10075
  1387 10075
  1388 10075
  1389 10075
  1390 10075
  1391 10075
  1392 10075
  1393 10075
  1394 10075
  1395 10075
  1396 10075
  1397 10075
  1398 10075
  1399 10075
  1400 10075
  1401 10075
  1402 10075
  1403 10075
  1404 10075
  1405 10075
  1406 10075
  1407 10075
  1408 10075
  1409 10075
  1410 10075
  1411 10075
  1412 10075
  1413 10075
  1414 10075
  1415 10075
  1416 10075
  1417 10075
  1418 10075
  1419 10075
  1420 10075
  1421 10075
  1422 10075
  1423 10075
  1424 10075
  1425 10075
  1426 10075
  1427 10075
  1428 10075
  1429 10075
  1430 10075
  1431 10075
  1432 10075
  1433 10075
  1434 10075
  1435 10075
  1436 10075
  1437 10075
  1438 10075
  1439 10075
  1440 10075
  1441 10075
  1442 10075
  1443 10075
  1444 10075
  1445 10075
  1446 10075
  1447 10075
  1448 10075
  1449 10075
  1450 10075
  1451 10075
  1452 10075
  1453 10075
  1454 10075
  1455 10075
  1456 10075
  1457 10075
  1458 10075
  1459 10075
  1460 10075
  1461 10075
  1462 10075
  1463 10075
  1464 10075
  1465 10075
  1466 10075
  1467 10075
  1468 10075
  1469 10075
  1470 10075
  1471 10075
  1472 10075
  1473 10075
  1474 10075
  1475 10075
  1476 10075
  1477 10075
  1478 10075
  1479 10075
  1480 10075
  1481 10075
  1482 10075
  1483 10075
  1484 10075
  1485 10075
  1486 10075
  1487 10075
  1488 10075
  1489 10075
  1490 10075
  1491 10075
  1492 10075
  1493 10075
  1494 10075
  1495 10075
  1496 10075
  1497 10016
  1498 10075
  1499 10098
  1500 10076
  1501 10018
  1502 10018
  1503 10018
  1504 10018
  1505 10018
  1506 10158
  1507 10158
  1508 10018
  1509 10018
  1510 10018
  1511 10158
  1512 10158
  1513 10158
  1514 10158
  1515 10158
  1516 10158
  1517 10158
  1518 10158
  1519 10158
  1520 10158
  1521 10158
  1522 10158
  1523 10158
  1524 10158
  1525 10158
  1526 10158
  1527 10158
  1528 10018
  1529 10055
  1530 10055
  1531 10158
  1532 10018
  1533 10018
  1534 10018
  1535 10055
  1536 10158
  1537 10158
  1538 10158
  1539 10158
  1540 10158
  1541 10018
  1542 10018
  1543 10018
  1544 10158
  1545 10055
  1546 10055
  1547 10055
  1548 10140
  1549 10140
  1550 10140
  1551 10018
  1552 10018
  1553 10018
  1554 10055
  1555 10075
  1556 10021
  1557 10021
  1558 10016
  1559 10016
  1560 10016
  1561 10016
  1562 10016
  1563 10016
  1564 10016
  1565 10016
  1566 10016
  1567 10016
  1568 10016
  1569 10055
  1570 10076
  1571 10018
  1572 10076
  1573 10016
  1574 10016
  1575 10016
  1576 10016
  1577 10016
  1578 10016
  1579 10016
  1580 10016
  1581 10016
  1582 10016
  1583 10016
  1584 10016
  1585 10016
  1586 10016
  1587 10016
  1588 10016
  1589 10016
  1590 10016
  1591 10016
  1592 10016
  1593 10016
  1594 10016
  1595 10016
  1596 10016
  1597 10016
  1598 10016
  1599 10016
  1600 10016
  1601 10016
  1602 10016
  1603 10016
  1604 10016
  1605 10016
  1606 10016
  1607 10016
  1608 10016
  1609 10016
  1610 10016
  1611 10016
  1612 10036
  1613 10036
  1614 10036
  1615 10075
  1616 10075
  1617 10075
  1618 10082
  1619 10021
  1623 10041
  1624 10072
  1625 10021
  1626 10021
  1627 10021
  1628 10021
  1629 10021
  1630 10021
  1631 10021
  1632 10021
  1633 10021
  1634 10021
  1635 10021
  1636 10021
  1637 10021
  1638 10021
  1639 10021
  1640 10021
  1641 10021
  1642 10021
  1643 10021
  1644 10021
  1645 10021
  1646 10021
  1647 10021
  1648 10021
  1649 10021
  1650 10021
  1651 10021
  1652 10021
  1653 10021
  1654 10021
  1655 10021
  1656 10021
  1657 10021
  1658 10021
  1659 10021
  1660 10021
  1661 10021
  1662 10021
  1663 10021
  1664 10021
  1665 10021
  1666 10021
  1667 10021
  1668 10021
  1669 10021
  1670 10021
  1671 10021
  1672 10021
  1673 10021
  1674 10021
  1675 10021
  1676 10021
  1677 10021
  1678 10021
  1679 10021
  1680 10021
  1681 10021
  1682 10021
  1683 10021
  1684 10021
  1685 10021
  1686 10021
  1687 10021
  1688 10021
  1689 10021
  1690 10021
  1691 10021
  1692 10021
  1693 10021
  1694 10021
  1695 10021
  1696 10021
  1697 10021
  1698 10021
  1699 10021
  1700 10021
  1701 10021
  1702 10021
  1703 10021
  1704 10021
  1705 10021
  1706 10021
  1707 10021
  1708 10021
  1709 10021
  1710 10021
  1711 10021
  1712 10021
  1713 10021
  1714 10021
  1715 10021
  1716 10021
  1717 10021
  1718 10021
  1719 10021
  1720 10021
  1721 10021
  1722 10021
  1723 10021
  1724 10021
  1725 10021
  1726 10021
  1727 10021
  1728 10021
  1729 10021
  1730 10021
  1731 10021
  1732 10021
  1733 10021
  1734 10021
  1735 10021
  1736 10021
  1737 10021
  1738 10021
  1739 10021
  1740 10021
  1741 10021
  1742 10021
  1743 10021
  1744 10021
  1745 10021
  1746 10021
  1747 10021
  1748 10021
  1749 10021
  1750 10021
  1751 10021
  1752 10021
  1753 10021
  1754 10021
  1755 10021
  1756 10021
  1757 10021
  1758 10021
  1759 10021
  1760 10021
  1761 10021
  1762 10021
  1763 10021
  1764 10021
  1765 10021
  1766 10021
  1767 10021
  1768 10021
  1769 10021
  1770 10021
  1771 10021
  1772 10021
  1773 10021
  1774 10021
  1775 10021
  1776 10021
  1777 10021
  1778 10021
  1779 10021
  1780 10021
  1781 10021
  1782 10021
  1783 10021
  1784 10021
  1785 10021
  1786 10021
  1787 10021
  1788 10021
  1789 10021
  1790 10021
  1791 10021
  1792 10021
  1793 10021
  1794 10021
  1795 10021
  1796 10021
  1797 10021
  1798 10021
  1799 10021
  1800 10021
  1801 10021
  1802 10021
  1803 10021
  1804 10021
  1805 10021
  1806 10021
  1807 10021
  1808 10021
  1809 10021
  1810 10021
  1811 10021
  1812 10021
  1813 10021
  1814 10021
  1815 10021
  1816 10021
  1817 10021
  1818 10021
  1819 10021
  1820 10021
  1821 10021
  1822 10021
  1823 10021
  1824 10021
  1825 10021
  1826 10021
  1827 10021
  1828 10021
  1829 10021
  1830 10021
  1831 10021
  1832 10021
  1833 10021
  1834 10021
  1835 10021
  1836 10021
  1837 10021
  1838 10021
  1839 10021
  1840 10021
  1841 10021
  1842 10021
  1843 10021
  1844 10021
  1845 10021
  1846 10021
  1847 10021
  1848 10021
  1849 10021
  1850 10021
  1851 10021
  1852 10021
  1853 10021
  1854 10021
  1855 10021
  1856 10021
  1857 10082
  1858 10072
  1859 10072
  1860 10072
  1861 10039
  1862 10039
  1863 10090
  1864 10090
  1865 10090
  1866 10090
  1867 10090
  1868 10090
  1869 10090
  1870 10090
  1871 10090
  1872 10090
  1873 10090
  1874 10090
  1875 10090
  1876 10090
  1877 10090
  1878 10090
  1879 10090
  1880 10090
  1881 10090
  1882 10090
  1883 10090
  1884 10090
  1885 10090
  1886 10090
  1887 10090
  1888 10090
  1889 10090
  1890 10090
  1891 10090
  1892 10090
  1893 10090
  1894 10090
  1895 10090
  1896 10090
  1897 10090
  1898 10090
  1899 10090
  1900 10090
  1901 10090
  1902 10090
  1903 10090
  1904 10090
  1905 10090
  1906 10090
  1907 10090
  1908 10090
  1909 10090
  1910 10090
  1911 10090
  1912 10090
  1913 10090
  1914 10090
  1915 10090
  1916 10090
  1917 10090
  1918 10090
  1919 10090
  1920 10090
  1921 10090
  1922 10090
  1923 10090
  1924 10090
  1925 10090
  1926 10090
  1927 10090
  1928 10090
  1929 10090
  1930 10090
  1931 10090
  1932 10090
  1933 10090
  1934 10090
  1935 10090
  1936 10090
  1937 10090
  1938 10090
  1939 10090
  1940 10090
  1941 10090
  1942 10090
  1943 10090
  1944 10090
  1945 10090
  1946 10090
  1947 10090
  1948 10090
  1949 10090
  1950 10090
  1951 10090
  1952 10090
  1953 10090
  1954 10090
  1955 10090
  1956 10090
  1957 10090
  1958 10090
  1959 10090
  1960 10090
  1961 10090
  1962 10090
  1963 10090
  1964 10090
  1965 10090
  1966 10090
  1967 10090
  1968 10090
  1969 10090
  1970 10090
  1971 10090
  1972 10090
  1973 10090
  1974 10090
  1975 10090
  1976 10090
  1977 10090
  1978 10090
  1979 10090
  1980 10090
  1981 10090
  1982 10090
  1983 10090
  1984 10090
  1985 10090
  1986 10090
  1987 10090
  1988 10090
  1989 10090
  1990 10090
  1991 10090
  1992 10090
  1993 10090
  1994 10090
  1995 10090
  1996 10090
  1997 10090
  1998 10090
  1999 10090
  2000 10090
  2001 10090
  2002 10090
  2003 10090
  2004 10090
  2005 10090
  2006 10090
  2007 10090
  2008 10090
  2009 10090
  2010 10090
  2011 10090
  2012 10090
  2013 10090
  2014 10090
  2015 10090
  2016 10090
  2017 10090
  2018 10090
  2019 10090
  2020 10090
  2021 10090
  2022 10090
  2023 10090
  2024 10090
  2025 10090
  2026 10138
  2027 10090
  2028 10101
  2029 10101
  2030 10101
