   671 10055
   672 10055
   673 10055
   674 10055
   675 10055
   676 10055
   677 10055
   678 10055
   679 10055
   680 10055
   681 10055
   682 10018
   683 10018
   684 10018
   685 10018
   686 10018
   687 10018
   688 10018
   689 10018
   690 10018
   691 10018
   692 10018
   693 10018
   694 10018
   695 10018
   696 10018
   697 10018
   698 10018
   699 10018
   700 10018
   701 10018
   702 10018
   703 10018
   704 10055
   705 10055
   706 10055
   707 10055
   708 10031
   709 10093
   710 10093
   711 10055
   712 10055
   713 10055
   714 10055
   715 10018
   716 10055
   717 10055
   718 10055
   719 10055
   720 10055
   721 10055
   722 10055
   723 10055
   724 10055
   725 10055
   726 10055
   727 10055
   728 10055
   729 10055
   730 10018
   731 10018
   732 10055
   733 10055
   734 10055
   735 10018
   736 10055
   737 10055
   738 10055
   739 10055
   740 10055
   741 10018
   742 10018
   743 10018
   744 10018
   745 10018
   746 10018
   747 10018
   748 10055
   749 10055
   750 10055
   751 10055
   752 10055
   753 10055
   754 10055
   755 10055
   756 10055
   757 10055
   758 10055
   759 10055
   760 10055
   761 10055
   762 10055
   763 10055
   764 10055
   765 10055
   766 10055
   767 10055
   768 10055
   769 10055
   770 10055
   771 10055
   772 10055
   773 10055
   774 10055
   775 10055
   776 10055
   777 10055
   778 10055
   779 10055
   780 10055
   781 10055
   782 10076
   783 10076
   784 10085
   785 10085
   786 10085
   787 10162
   789 10069
   791 10094
   792 10094
   793 10094
   794 10094
   795 10094
   796 10094
   929 10154
   930 10154
   931 10154
   932 10154
   934 10025
   935 10025
   936 10025
   937 10025
   938 10025
   944 10025
   945 10025
   946 10025
   947 10025
   948 10025
   957 10044
   958 10044
   959 10044
   960 10044
   965 10044
   967 10044
   968 10044
   969 10044
   970 10044
   971 10044
   972 10044
   976 10044
   977 10044
   978 10044
   979 10044
   980 10025
   981 10025
   982 10044
   983 10044
   984 10025
   985 10025
   986 10025
   987 10025
   988 10025
   989 10025
   990 10025
   991 10044
   992 10044
   993 10044
   994 10044
   995 10044
   996 10044
   997 10044
   998 10044
   999 10044
  1000 10044
  1001 10044
  1002 10044
  1003 10025
  1004 10044
  1005 10044
  1006 10044
  1007 10044
  1008 10044
  1009 10044
  1010 10044
  1011 10044
  1012 10044
  1013 10044
  1014 10044
  1015 10044
  1016 10044
  1017 10044
  1018 10044
  1019 10044
  1020 10025
  1021 10025
  1022 10025
  1023 10025
  1024 10025
  1025 10025
  1026 10025
  1027 10025
  1028 10025
  1029 10025
  1030 10025
  1031 10025
  1034 10089
  1035 10126
  1036 10126
  1037 10126
  1038 10126
  1039 10126
  1043 10102
  1044 10102
  1046 10139
  1047 10139
  1203 10085
  1204 10085
  1205 10085
  1206 10085
  1207 10085
  1208 10093
  1212 10093
  1213 10093
  1214 10093
  1215 10093
  1216 10093
  1217 10093
  1218 10093
  1219 10093
  1220 10093
  1221 10093
  1222 10093
  1223 10093
  1224 10093
  1225 10093
  1226 10097
  1227 10097
  1228 10097
  1229 10097
  1239 10126
  1240 10126
  1241 10126
  1242 10033
  1243 10112
  1244 10112
  1245 10112
  1250 10171
  1251 10171
  1252 10171
  1253 10171
  1254 10171
  1255 10171
  1256 10171
  1257 10171
  1258 10052
  1259 10052
  1260 10052
  1261 10052
  1262 10052
  1263 10171
  1264 10171
  1265 10171
  1266 10171
  1267 10171
  1268 10171
  1269 10171
  1270 10171
  1271 10171
  1272 10171
  1273 10168
  1274 10168
  1275 10168
  1276 10168
  1277 10092
  1278 10092
  1279 10092
  1280 10092
  1281 10092
  1282 10092
  1283 10092
  1284 10092
  1285 10092
  1286 10092
  1287 10092
  1288 10092
  1289 10092
  1290 10092
  1291 10092
  1292 10092
  1293 10092
  1294 10092
  1295 10092
  1296 10092
  1297 10092
  1298 10092
  1299 10168
  1300 10168
  1301 10092
  1302 10092
  1303 10092
  1304 10092
  1305 10092
  1306 10092
  1307 10092
  1308 10168
  1309 10168
  1310 10092
  1311 10092
  1312 10092
  1313 10092
  1314 10092
  1315 10092
  1316 10092
  1317 10092
  1318 10092
  1319 10092
  1320 10092
  1321 10092
  1322 10092
  1323 10092
  1324 10092
  1325 10168
  1326 10168
  1327 10168
  1328 10168
  1329 10168
  1338 10171
  1339 10171
  1340 10092
  1341 10092
  1342 10092
  1343 10092
  1344 10092
  1345 10092
  1346 10092
  1347 10092
  1348 10092
  1349 10092
  1350 10092
  1351 10092
  1352 10092
  1353 10092
  1354 10171
  1355 10171
  1356 10171
  1357 10171
  1358 10171
  1359 10171
  1363 10171
  1364 10094
  1365 10171
  1366 10094
  1367 10064
  1368 10064
  1369 10064
  1370 10070
  1371 10070
  1372 10138
  1373 10063
  1376 10070
  1377 10070
  1378 10070
  1379 10070
  1380 10070
  1381 10060
  1382 10060
  1383 10060
  1384 10060
  1385 10063
  1386 10063
  1387 10063
  1388 10063
  1389 10063
  1408 10063
  1409 10063
  1410 10063
  1411 10063
  1412 10063
  1413 10063
  1414 10063
  1415 10063
  1416 10063
  1417 10063
  1418 10063
  1419 10063
  1420 10063
  1421 10063
  1422 10070
  1423 10070
  1427 10090
  1428 10090
  1429 10090
  1430 10090
  1431 10090
  1432 10090
  1433 10090
  1434 10090
  1435 10090
  1436 10090
  1437 10090
  1438 10090
  1439 10090
  1440 10090
  1441 10090
  1442 10090
  1443 10090
  1444 10090
  1462 10090
  1463 10090
  1464 10090
  1465 10090
  1466 10090
  1475 10090
  1476 10090
  1477 10090
  1484 10070
  1485 10070
  1486 10070
  1487 10070
  1488 10070
  1489 10070
  1490 10063
  1491 10063
  1492 10063
  1493 10063
  1494 10063
  1495 10090
  1496 10090
  1497 10070
  1498 10070
  1499 10070
  1500 10070
  1502 10090
  1503 10090
  1519 10070
  1520 10070
  1521 10070
  1522 10070
  1523 10070
  1524 10070
  1525 10063
  1526 10063
  1527 10063
  1528 10063
  1529 10063
  1530 10063
  1531 10070
  1532 10070
  1533 10070
  1534 10063
  1535 10063
  1536 10063
  1537 10063
  1538 10063
  1539 10090
  1540 10090
  1541 10090
  1542 10090
  1543 10090
  1544 10090
  1545 10090
  1546 10090
  1547 10090
  1548 10090
  1549 10090
  1550 10090
  1551 10090
  1552 10090
  1553 10063
  1554 10063
  1555 10063
  1556 10070
  1557 10070
  1558 10070
  1559 10070
  1560 10070
  1561 10070
  1562 10063
  1563 10063
  1564 10063
  1565 10060
  1566 10060
  1567 10060
  1568 10070
  1569 10070
  1570 10070
  1571 10070
  1572 10091
  1573 10091
  1574 10043
  1576 10101
  1578 10101
  1579 10101
  1581 10055
  1582 10055
  1583 10106
  1584 10106
  1585 10040
  1586 10040
  1588 10040
  1589 10106
  1590 10106
  1591 10106
  1592 10098
  1593 10018
  1594 10098
  1595 10098
  1596 10098
  1597 10055
  1598 10106
  1599 10106
  1600 10106
  1601 10106
  1602 10106
  1603 10106
  1604 10106
  1605 10106
  1606 10106
  1607 10106
  1608 10106
  1609 10106
  1610 10106
  1611 10106
  1612 10106
  1613 10106
  1614 10106
  1615 10106
  1616 10106
  1617 10106
  1618 10106
  1619 10106
  1620 10106
  1621 10106
  1622 10106
  1623 10106
  1624 10106
  1625 10106
  1626 10106
  1627 10106
  1628 10106
  1629 10106
  1630 10106
  1631 10106
  1632 10106
  1633 10106
  1634 10106
  1635 10106
  1636 10106
  1637 10106
  1638 10106
  1639 10106
  1640 10106
  1641 10106
  1642 10106
  1643 10106
  1644 10106
  1645 10106
  1646 10106
  1647 10106
  1648 10106
  1649 10106
  1650 10106
  1651 10106
  1652 10106
  1653 10106
  1654 10106
  1655 10106
  1656 10106
  1657 10106
  1658 10106
  1659 10106
  1660 10106
  1661 10106
  1662 10106
  1663 10106
  1664 10106
  1665 10106
  1666 10106
  1667 10106
  1668 10106
  1669 10106
  1670 10106
  1671 10106
  1672 10106
  1673 10106
  1674 10106
  1675 10106
  1676 10106
  1677 10106
  1678 10106
  1679 10106
  1680 10106
  1681 10106
  1682 10106
  1683 10106
  1684 10106
  1685 10106
  1686 10106
  1687 10106
  1688 10031
  1689 10076
  1690 10076
  1691 10097
  1692 10097
  1693 10097
  1694 10097
  1695 10097
  1696 10093
  1699 10170
  1700 10170
  1701 10170
  1702 10170
  1703 10170
  1704 10162
  1705 10097
  1706 10097
  1707 10097
  1708 10097
  1709 10097
  1710 10097
  1711 10097
  1712 10097
  1713 10097
  1714 10097
  1715 10097
  1716 10097
  1726 10093
  1727 10093
  1728 10093
  1729 10097
  1730 10097
  1731 10097
  1732 10097
  1733 10162
  1734 10170
  1735 10170
  1736 10170
  1738 10077
  1739 10077
  1740 10077
  1741 10077
  1742 10077
  1743 10077
  1744 10077
  1745 10097
  1757 10093
  1758 10093
  1759 10093
  1813 10093
  1814 10093
  1815 10093
  1816 10093
  1884 10093
  1885 10093
  1886 10093
  1887 10093
  1888 10093
  2022 10076
  2023 10076
  2024 10076
  2025 10076
  2026 10076
  2027 10055
  2028 10055
