   701 10028
   702 10028
   703 10028
   704 10028
   705 10028
   706 10028
   707 10028
   708 10028
   709 10028
   710 10028
   711 10028
   712 10028
   713 10028
   714 10028
   715 10028
   716 10028
   717 10028
   718 10028
   719 10028
   720 10028
   721 10028
   722 10028
   723 10028
   724 10028
   725 10028
   726 10028
   727 10028
   728 10028
   729 10028
   730 10028
   731 10028
   732 10028
   733 10028
   734 10028
   735 10028
   736 10028
   737 10028
   738 10028
   739 10028
   740 10028
   741 10028
   742 10028
   743 10028
   744 10028
   745 10028
   746 10028
   747 10028
   748 10028
   749 10028
   750 10028
   751 10028
   752 10028
   753 10028
   754 10028
   755 10028
   756 10028
   757 10028
   758 10028
   759 10028
   760 10028
   761 10028
   762 10028
   763 10028
   764 10028
   765 10028
   766 10028
   767 10028
   768 10028
   769 10028
   770 10028
   771 10028
   772 10028
   773 10028
   776 10028
   777 10028
   779 10134
   780 10134
   782 10134
   783 10134
   784 10143
   785 10143
   786 10153
   787 10153
   788 10153
   789 10153
   790 10153
   791 10153
   792 10153
   793 10153
   794 10153
   795 10153
   796 10153
   797 10153
   798 10153
   799 10153
   800 10153
   801 10153
   802 10153
   803 10153
   804 10153
   805 10153
   806 10153
   807 10153
   808 10153
   809 10153
   810 10153
   811 10153
   812 10153
   813 10153
   814 10153
   815 10153
   816 10153
   817 10153
   818 10153
   819 10153
   820 10153
   821 10153
   822 10153
   823 10153
   824 10153
   825 10153
   826 10153
   827 10153
   828 10153
   829 10153
   830 10153
   831 10153
   832 10153
   833 10153
   834 10153
   835 10153
   836 10153
   837 10153
   838 10153
   839 10153
   840 10153
   841 10153
   842 10153
   843 10153
   844 10153
   845 10153
   846 10153
   847 10153
   848 10153
   849 10153
   850 10153
   851 10153
   852 10153
   853 10153
   854 10153
   855 10153
   856 10153
   857 10153
   858 10153
   859 10153
   860 10153
   861 10153
   862 10153
   863 10153
   864 10153
   865 10153
   866 10153
   867 10153
   868 10153
   869 10153
   870 10153
   871 10153
   872 10153
   873 10153
   874 10153
   875 10153
   876 10153
   877 10153
   878 10153
   879 10153
   880 10153
   881 10153
   882 10153
   883 10153
   884 10153
   885 10153
   886 10153
   887 10153
   888 10153
   889 10153
   890 10153
   891 10153
   892 10153
   893 10153
   894 10153
   895 10153
   896 10153
   897 10153
   898 10153
   899 10153
   900 10153
   901 10153
   902 10153
   903 10153
   904 10153
   905 10153
   906 10153
   907 10153
   908 10153
   909 10153
   910 10153
   911 10153
   912 10153
   913 10153
   914 10153
   915 10153
   916 10153
   917 10153
   918 10153
   919 10153
   920 10153
   921 10153
   922 10153
   923 10153
   924 10153
   925 10153
   926 10153
   927 10153
   928 10153
   929 10153
   930 10153
   931 10153
   932 10153
   933 10153
   934 10153
   935 10153
   936 10153
   937 10153
   938 10153
   939 10153
   940 10153
   941 10153
   942 10153
   943 10153
   944 10153
   945 10153
   946 10153
   947 10153
   948 10153
   949 10153
   950 10153
   951 10153
   952 10153
   953 10153
   954 10153
   955 10153
   956 10153
   957 10153
   958 10153
   959 10153
   960 10153
   961 10153
   962 10153
   963 10153
   964 10153
   965 10153
   966 10153
   967 10153
   968 10153
   969 10153
   970 10153
   971 10153
   972 10153
   973 10153
   974 10153
   975 10153
   976 10153
   977 10153
   978 10153
   979 10153
   980 10153
   981 10153
   982 10153
   983 10153
   984 10153
   985 10153
   986 10153
   987 10153
   988 10153
   989 10153
   990 10153
   991 10153
   992 10153
   993 10153
   994 10153
   995 10153
   996 10153
   997 10153
   998 10153
   999 10153
  1000 10153
  1001 10153
  1002 10153
  1003 10153
  1004 10153
  1005 10153
  1006 10153
  1007 10153
  1008 10153
  1009 10153
  1010 10153
  1011 10153
  1012 10153
  1013 10153
  1014 10153
  1015 10153
  1016 10153
  1017 10153
  1018 10153
  1019 10016
  1020 10016
  1022 10120
  1023 10120
  1024 10120
  1025 10120
  1026 10120
  1027 10120
  1028 10120
  1029 10120
  1030 10120
  1031 10120
  1032 10120
  1033 10120
  1034 10120
  1035 10120
  1036 10120
  1037 10120
  1038 10120
  1039 10120
  1040 10120
  1041 10120
  1042 10120
  1043 10120
  1044 10120
  1045 10120
  1046 10120
  1047 10120
  1048 10120
  1049 10120
  1050 10120
  1051 10120
  1052 10120
  1053 10120
  1054 10120
  1055 10120
  1056 10120
  1057 10120
  1058 10120
  1059 10120
  1060 10120
  1061 10120
  1062 10120
  1063 10120
  1064 10120
  1065 10120
  1066 10120
  1067 10120
  1068 10120
  1069 10120
  1070 10120
  1071 10120
  1072 10120
  1073 10120
  1074 10120
  1075 10120
  1076 10120
  1077 10120
  1078 10120
  1079 10120
  1080 10120
  1081 10120
  1082 10120
  1083 10120
  1084 10120
  1085 10120
  1086 10120
  1087 10120
  1088 10120
  1089 10120
  1090 10120
  1091 10120
  1092 10120
  1093 10120
  1094 10120
  1095 10120
  1096 10120
  1097 10120
  1098 10120
  1099 10120
  1100 10120
  1101 10120
  1102 10120
  1103 10120
  1104 10120
  1105 10120
  1106 10120
  1107 10120
  1108 10120
  1109 10120
  1110 10120
  1111 10120
  1112 10120
  1113 10120
  1114 10120
  1115 10120
  1116 10120
  1117 10120
  1118 10120
  1119 10120
  1120 10120
  1121 10120
  1122 10120
  1123 10120
  1124 10120
  1125 10120
  1126 10120
  1127 10120
  1128 10120
  1129 10120
  1130 10120
  1131 10120
  1132 10120
  1133 10120
  1134 10120
  1135 10120
  1136 10120
  1137 10120
  1138 10120
  1139 10120
  1140 10120
  1141 10120
  1142 10120
  1143 10120
  1144 10120
  1145 10120
  1146 10120
  1147 10120
  1148 10120
  1149 10120
  1150 10120
  1151 10120
  1152 10120
  1153 10120
  1154 10120
  1155 10120
  1156 10120
  1157 10120
  1158 10120
  1159 10120
  1160 10120
  1161 10120
  1162 10120
  1163 10120
  1164 10120
  1165 10120
  1166 10120
  1167 10120
  1168 10120
  1169 10120
  1170 10120
  1171 10120
  1172 10120
  1173 10120
  1174 10120
  1175 10120
  1176 10120
  1177 10120
  1178 10120
  1179 10120
  1180 10120
  1181 10120
  1182 10120
  1183 10120
  1184 10120
  1185 10120
  1186 10120
  1187 10120
  1188 10120
  1189 10120
  1190 10120
  1191 10120
  1192 10120
  1193 10120
  1194 10120
  1195 10120
  1196 10120
  1197 10120
  1198 10120
  1199 10120
  1200 10120
  1201 10120
  1202 10120
  1203 10120
  1204 10120
  1205 10120
  1206 10120
  1207 10120
  1208 10120
  1209 10120
  1210 10120
  1211 10120
  1212 10120
  1213 10120
  1214 10120
  1215 10120
  1216 10120
  1217 10120
  1218 10120
  1219 10120
  1220 10120
  1221 10120
  1222 10120
  1223 10120
  1224 10120
  1225 10120
  1226 10120
  1227 10120
  1228 10120
  1229 10120
  1230 10120
  1231 10120
  1232 10120
  1233 10120
  1234 10120
  1235 10120
  1236 10120
  1237 10120
  1238 10120
  1239 10120
  1240 10120
  1241 10120
  1242 10120
  1243 10120
  1244 10120
  1245 10120
  1246 10120
  1247 10120
  1248 10120
  1249 10120
  1250 10120
  1251 10120
  1252 10120
  1253 10120
  1254 10120
  1255 10120
  1256 10120
  1257 10120
  1258 10120
  1262 10036
  1263 10004
  1264 10004
  1265 10004
  1266 10004
  1267 10004
  1268 10004
  1269 10004
  1270 10004
  1271 10004
  1272 10004
  1273 10055
  1274 10055
  1275 10040
  1276 10040
  1277 10018
  1278 10018
  1279 10018
  1280 10018
  1281 10076
  1282 10076
  1283 10076
  1284 10101
  1285 10138
  1286 10080
  1287 10080
  1288 10071
  1289 10071
  1290 10071
  1291 10071
  1292 10071
  1293 10149
  1294 10071
  1295 10071
  1296 10071
  1297 10071
  1298 10071
  1299 10149
  1300 10071
  1301 10071
  1302 10149
  1303 10071
  1304 10071
  1305 10071
  1306 10071
  1307 10071
  1308 10071
  1309 10071
  1310 10071
  1311 10071
  1312 10071
  1313 10149
  1314 10149
  1315 10071
  1316 10071
  1317 10071
  1318 10071
  1319 10071
  1320 10071
  1321 10071
  1322 10071
  1323 10071
  1324 10071
  1325 10071
  1326 10071
  1327 10071
  1328 10071
  1329 10071
  1330 10071
  1331 10071
  1332 10071
  1333 10071
  1334 10071
  1335 10149
  1336 10149
  1337 10071
  1338 10149
  1339 10149
  1340 10149
  1341 10149
  1342 10149
  1343 10071
  1344 10071
  1345 10071
  1346 10071
  1347 10071
  1348 10071
  1349 10071
  1350 10071
  1351 10071
  1352 10149
  1353 10071
  1354 10071
  1355 10071
  1356 10071
  1357 10149
  1358 10071
  1359 10071
  1360 10071
  1361 10071
  1362 10071
  1363 10071
  1364 10071
  1365 10071
  1366 10071
  1367 10071
  1368 10071
  1369 10071
  1370 10071
  1371 10071
  1372 10071
  1373 10071
  1374 10071
  1375 10071
  1376 10071
  1377 10071
  1378 10071
  1385 10101
  1388 10019
  1389 10019
  1390 10072
  1391 10072
  1392 10072
  1393 10072
  1394 10072
  1395 10072
  1396 10072
  1397 10072
  1398 10020
  1399 10091
  1400 10091
  1401 10091
  1402 10020
  1403 10020
  1404 10091
  1405 10066
  1406 10066
  1407 10066
  1408 10066
  1409 10066
  1410 10066
  1411 10066
  1412 10020
  1413 10091
  1414 10020
  1415 10020
  1416 10020
  1417 10020
  1418 10020
  1419 10020
  1420 10020
  1421 10020
  1422 10091
  1423 10020
  1424 10020
  1425 10020
  1426 10066
  1427 10066
  1428 10066
  1429 10066
  1430 10066
  1431 10020
  1432 10020
  1433 10066
  1434 10066
  1435 10066
  1436 10066
  1437 10066
  1438 10066
  1439 10066
  1440 10066
  1441 10066
  1442 10066
  1443 10066
  1444 10066
  1445 10066
  1446 10066
  1447 10091
  1448 10066
  1449 10066
  1450 10091
  1451 10066
  1452 10066
  1453 10066
  1454 10066
  1455 10091
  1456 10091
  1457 10066
  1458 10091
  1459 10066
  1460 10066
  1461 10066
  1462 10091
  1463 10091
  1464 10066
  1465 10066
  1466 10066
  1467 10066
  1468 10066
  1469 10066
  1470 10066
  1471 10066
  1472 10066
  1473 10020
  1474 10020
  1475 10020
  1476 10020
  1477 10066
  1478 10066
  1479 10066
  1480 10066
  1481 10066
  1482 10066
  1483 10066
  1484 10020
  1485 10020
  1486 10066
  1487 10066
  1488 10066
  1489 10066
  1490 10066
  1491 10066
  1492 10066
  1493 10066
  1494 10066
  1495 10066
  1496 10066
  1497 10066
  1498 10066
  1499 10066
  1500 10066
  1501 10066
  1502 10066
  1503 10066
  1504 10066
  1505 10066
  1506 10066
  1507 10066
  1508 10066
  1509 10066
  1510 10020
  1511 10020
  1512 10020
  1513 10020
  1514 10020
  1515 10019
  1516 10020
  1517 10020
  1518 10020
  1519 10020
  1520 10020
  1521 10020
  1522 10020
  1523 10020
  1524 10020
  1525 10020
  1526 10020
  1527 10020
  1528 10020
  1529 10020
  1530 10020
  1531 10020
  1532 10020
  1533 10020
  1534 10066
  1535 10066
  1536 10020
  1537 10020
  1538 10020
  1539 10020
  1540 10020
  1541 10020
  1542 10020
  1543 10020
  1544 10020
  1545 10020
  1546 10020
  1547 10020
  1548 10020
  1549 10020
  1550 10066
  1551 10066
  1552 10066
  1553 10020
  1554 10020
  1555 10020
  1556 10020
  1557 10020
  1558 10020
  1559 10020
  1560 10020
  1561 10020
  1562 10020
  1563 10020
  1564 10020
  1565 10020
  1566 10020
  1567 10020
  1568 10020
  1569 10020
  1570 10020
  1571 10020
  1572 10020
  1573 10020
  1574 10020
  1575 10020
  1576 10020
  1577 10020
  1578 10020
  1579 10020
  1580 10020
  1581 10020
  1582 10020
  1583 10020
  1584 10020
  1585 10020
  1586 10020
  1587 10020
  1588 10020
  1589 10020
  1590 10020
  1591 10020
  1592 10020
  1593 10020
  1594 10020
  1595 10020
  1596 10020
  1597 10066
  1598 10066
  1599 10066
  1600 10020
  1601 10020
  1602 10020
  1603 10020
  1604 10020
  1605 10066
  1606 10066
  1607 10066
  1608 10020
  1609 10020
  1610 10020
  1611 10020
  1612 10020
  1613 10020
  1614 10019
  1615 10066
  1616 10019
  1617 10019
  1618 10019
  1619 10019
  1627 10088
  1633 10132
  1634 10132
  1635 10132
  1636 10132
  1637 10132
  1638 10132
  1639 10132
  1640 10132
  1641 10132
  1642 10132
  1643 10132
  1644 10132
  1645 10132
  1646 10132
  1647 10132
  1648 10132
  1649 10132
  1650 10132
  1651 10132
  1652 10132
  1653 10132
  1654 10132
  1655 10132
  1656 10132
  1657 10132
  1658 10132
  1659 10132
  1660 10132
  1661 10132
  1662 10132
  1663 10132
  1664 10132
  1665 10132
  1666 10132
  1667 10132
  1668 10132
  1669 10132
  1670 10132
  1671 10132
  1672 10132
  1673 10132
  1674 10132
  1675 10132
  1676 10132
  1677 10132
  1678 10132
  1679 10132
  1680 10132
  1681 10132
  1682 10132
  1683 10132
  1684 10132
  1685 10132
  1686 10132
  1687 10132
  1688 10132
  1689 10132
  1690 10132
  1691 10132
  1692 10132
  1693 10132
  1694 10132
  1695 10132
  1696 10132
  1697 10132
  1698 10132
  1699 10132
  1700 10132
  1701 10132
  1702 10132
  1703 10132
  1704 10132
  1705 10132
  1706 10132
  1707 10132
  1708 10132
  1709 10132
  1710 10132
  1711 10132
  1712 10132
  1713 10132
  1714 10132
  1715 10132
  1716 10132
  1717 10132
  1718 10132
  1719 10132
  1720 10132
  1721 10132
  1722 10132
  1723 10132
  1724 10132
  1725 10132
  1726 10132
  1727 10132
  1728 10132
  1729 10132
  1730 10132
  1731 10132
  1732 10132
  1733 10132
  1734 10132
  1735 10132
  1736 10132
  1737 10132
  1738 10132
  1739 10132
  1740 10132
  1741 10132
  1742 10132
  1743 10132
  1744 10132
  1745 10132
  1746 10132
  1747 10132
  1748 10132
  1749 10132
  1750 10132
  1751 10132
  1752 10132
  1753 10132
  1754 10132
  1755 10132
  1756 10132
  1757 10132
  1758 10132
  1759 10132
  1760 10132
  1761 10132
  1762 10132
  1763 10132
  1764 10132
  1765 10132
  1766 10132
  1767 10132
  1768 10132
  1769 10132
  1770 10132
  1771 10132
  1772 10132
  1773 10132
  1774 10132
  1775 10132
  1776 10132
  1777 10132
  1778 10132
  1779 10132
  1780 10132
  1781 10132
  1782 10132
  1783 10132
  1784 10132
  1785 10132
  1786 10132
  1787 10132
  1788 10132
  1789 10132
  1790 10132
  1791 10132
  1792 10132
  1793 10132
  1794 10132
  1795 10132
  1796 10132
  1797 10132
  1798 10132
  1799 10132
  1800 10132
  1801 10132
  1802 10132
  1803 10132
  1804 10132
  1805 10132
  1806 10132
  1807 10132
  1808 10132
  1809 10132
  1810 10132
  1811 10132
  1812 10132
  1813 10132
  1814 10132
  1815 10132
  1816 10132
  1817 10132
  1818 10132
  1819 10132
  1820 10132
  1821 10132
  1822 10132
  1823 10132
  1824 10132
  1825 10132
  1826 10132
  1827 10132
  1828 10132
  1829 10132
  1830 10132
  1831 10132
  1832 10132
  1833 10132
  1834 10132
  1835 10132
  1836 10132
  1837 10132
  1838 10132
  1839 10132
  1840 10132
  1841 10132
  1842 10132
  1843 10132
  1844 10132
  1845 10132
  1846 10132
  1847 10132
  1848 10132
  1849 10132
  1850 10132
  1851 10132
  1852 10132
  1853 10132
  1854 10132
  1855 10132
  1856 10132
  1857 10132
  1858 10132
  1859 10132
  1860 10122
  1862 10097
  1863 10097
  1864 10097
  1865 10097
  1866 10097
  1867 10097
  1868 10097
  1869 10170
  1870 10170
  1871 10170
  1872 10170
  1873 10170
  1874 10170
  1875 10170
  1876 10170
  1877 10170
  1878 10170
  1879 10077
  1880 10077
  1881 10077
  1882 10170
  1883 10170
  1884 10170
  1885 10170
  1886 10170
  1887 10170
  1888 10170
  1889 10170
  1890 10170
  1891 10170
  1892 10170
  1893 10170
  1894 10170
  1895 10170
  1896 10170
  1897 10097
  1898 10097
  1899 10097
  1900 10170
  1901 10170
  1902 10077
  1903 10077
  1904 10170
  1905 10170
  1906 10170
  1907 10170
  1908 10170
  1909 10077
  1910 10077
  1911 10077
  1912 10077
  1913 10077
  1914 10097
  1915 10077
  1916 10077
  1917 10077
  1918 10077
  1919 10170
  1920 10170
  1921 10170
  1922 10170
  1923 10170
  1924 10170
  1925 10170
  1926 10170
  1927 10170
  1928 10170
  1929 10170
  1930 10170
  1931 10170
  1932 10170
  1933 10170
  1934 10170
  1935 10170
  1936 10077
  1937 10170
  1938 10170
  1939 10170
  1940 10170
  1941 10170
  1942 10170
  1943 10170
  1944 10077
  1945 10077
  1946 10077
  1947 10077
  1948 10077
  1949 10077
  1950 10077
  1951 10170
  1952 10077
  1953 10077
  1954 10077
  1955 10077
  1956 10170
  1957 10170
  1958 10170
  1959 10077
  1960 10077
  1961 10077
  1962 10077
  1963 10170
  1964 10170
  1965 10170
  1966 10170
  1967 10170
  1968 10170
  1969 10170
  1970 10144
  1971 10144
  1972 10144
  1973 10144
  1974 10144
  1975 10010
  1976 10170
  1977 10170
  1978 10170
  1979 10170
  1980 10170
  1981 10170
  1982 10170
  1983 10170
  1984 10170
  1985 10170
  1986 10170
  1987 10170
  1988 10170
  1989 10170
  1990 10170
  1991 10170
  1992 10170
  1993 10170
  1994 10170
  1995 10170
  1996 10170
  1997 10170
  1998 10170
  1999 10170
  2000 10170
  2001 10170
  2002 10170
  2003 10097
  2004 10097
  2005 10097
  2006 10097
  2007 10097
  2008 10097
  2009 10097
  2010 10097
  2011 10097
  2012 10097
  2013 10097
  2014 10097
  2015 10097
  2016 10097
  2017 10097
  2018 10097
  2019 10097
  2020 10097
  2021 10097
  2022 10097
  2023 10097
  2024 10097
  2026 10036
  2027 10138
  2028 10061
  2029 10101
  2030 10101
  2031 10101
  2033 10101
  2036 10028
  2037 10028
  2038 10028
  2039 10028
  2040 10028
