   682 10017
   683 10017
   684 10017
   685 10017
   686 10017
   687 10017
   688 10017
   689 10017
   690 10151
   691 10151
   692 10151
   693 10151
   694 10151
   695 10151
   696 10151
   697 10151
   698 10151
   699 10151
   700 10017
   701 10151
   702 10151
   703 10151
   704 10151
   705 10151
   706 10151
   707 10017
   708 10017
   709 10151
   710 10151
   711 10017
   712 10151
   713 10017
   714 10151
   715 10151
   716 10151
   717 10151
   718 10151
   719 10017
   720 10017
   721 10017
   722 10151
   723 10151
   724 10017
   725 10151
   726 10151
   727 10017
   728 10151
   729 10151
   730 10151
   731 10022
   732 10151
   733 10151
   734 10151
   735 10151
   736 10151
   737 10017
   738 10017
   739 10017
   740 10017
   741 10017
   742 10017
   743 10022
   744 10022
   745 10022
   746 10022
   747 10022
   748 10022
   749 10022
   750 10017
   751 10022
   752 10151
   753 10017
   754 10017
   755 10151
   756 10017
   757 10151
   758 10017
   759 10151
   760 10151
   761 10151
   762 10151
   763 10151
   764 10151
   765 10151
   766 10151
   767 10151
   768 10151
   769 10151
   770 10151
   771 10017
   772 10151
   773 10151
   774 10151
   775 10151
   776 10151
   777 10151
   778 10019
   779 10045
   780 10045
   783 10091
   784 10101
   785 10164
   786 10128
   787 10128
   789 10141
   790 10141
   791 10141
   792 10141
   793 10141
   794 10141
   795 10141
   796 10141
   797 10141
   798 10141
   799 10141
   800 10141
   801 10141
   802 10141
   803 10141
   804 10141
   805 10141
   806 10141
   807 10141
   808 10141
   809 10141
   810 10141
   811 10141
   812 10141
   813 10141
   814 10141
   815 10141
   816 10141
   817 10141
   818 10141
   819 10141
   820 10141
   821 10141
   822 10141
   823 10141
   824 10141
   825 10141
   826 10141
   827 10141
   828 10141
   829 10141
   830 10141
   831 10141
   832 10141
   833 10141
   834 10141
   835 10141
   836 10141
   837 10141
   838 10141
   839 10141
   840 10141
   841 10141
   842 10141
   843 10141
   844 10141
   845 10141
   846 10141
   847 10141
   848 10141
   849 10141
   850 10141
   851 10141
   852 10141
   853 10141
   854 10141
   855 10141
   856 10141
   857 10141
   858 10141
   859 10141
   860 10141
   861 10141
   862 10141
   863 10141
   864 10154
   865 10141
   866 10141
   867 10141
   868 10141
   869 10141
   870 10141
   871 10141
   872 10141
   873 10154
   874 10154
   875 10141
   876 10154
   877 10141
   878 10141
   879 10141
   880 10141
   881 10141
   882 10141
   883 10154
   884 10154
   885 10141
   886 10141
   887 10141
   888 10141
   889 10154
   890 10141
   891 10141
   892 10141
   893 10141
   894 10141
   895 10141
   896 10141
   897 10141
   898 10141
   899 10141
   900 10141
   901 10141
   902 10141
   903 10141
   904 10141
   905 10141
   906 10141
   907 10141
   908 10141
   909 10141
   910 10141
   911 10141
   912 10141
   913 10141
   914 10141
   915 10141
   916 10141
   917 10141
   918 10141
   919 10141
   920 10141
   921 10141
   922 10141
   923 10141
   924 10141
   925 10141
   926 10141
   927 10141
   928 10141
   929 10141
   930 10141
   931 10141
   932 10154
   933 10141
   934 10141
   935 10141
   936 10141
   937 10141
   938 10154
   939 10141
   940 10141
   941 10141
   942 10141
   943 10141
   944 10141
   945 10154
   946 10154
   947 10154
   948 10141
   949 10141
   950 10154
   951 10141
   952 10141
   953 10154
   954 10154
   955 10141
   956 10141
   957 10141
   958 10154
   959 10154
   960 10141
   961 10154
   962 10154
   963 10154
   964 10141
   965 10141
   966 10141
   967 10141
   968 10141
   969 10141
   970 10141
   971 10154
   972 10154
   973 10154
   974 10154
   975 10154
   976 10154
   977 10154
   978 10154
   979 10154
   980 10154
   981 10154
   982 10154
   983 10154
   984 10154
   985 10154
   986 10154
   987 10141
   988 10154
   989 10141
   990 10141
   991 10154
   992 10154
   993 10141
   994 10154
   995 10154
   996 10154
   997 10154
   998 10141
   999 10141
  1000 10141
  1001 10141
  1002 10154
  1003 10141
  1004 10141
  1005 10154
  1006 10141
  1007 10141
  1008 10141
  1009 10141
  1010 10154
  1011 10141
  1012 10141
  1013 10141
  1014 10141
  1015 10141
  1016 10141
  1017 10031
  1018 10031
  1019 10031
  1020 10031
  1021 10061
  1022 10101
  1023 10101
  1024 10091
  1025 10043
  1026 10067
  1027 10041
  1028 10019
  1029 10041
  1030 10041
  1031 10041
  1032 10041
  1033 10041
  1034 10041
  1035 10041
  1036 10041
  1037 10041
  1038 10041
  1039 10041
  1040 10041
  1041 10041
  1042 10041
  1043 10041
  1044 10041
  1045 10041
  1046 10041
  1047 10041
  1048 10041
  1049 10041
  1050 10041
  1051 10041
  1052 10041
  1053 10041
  1054 10041
  1055 10041
  1056 10041
  1057 10041
  1058 10041
  1059 10041
  1060 10041
  1061 10041
  1062 10041
  1063 10041
  1064 10041
  1065 10041
  1066 10041
  1067 10041
  1068 10041
  1069 10041
  1070 10041
  1071 10041
  1072 10041
  1073 10041
  1074 10041
  1075 10041
  1076 10041
  1077 10041
  1078 10041
  1079 10041
  1080 10041
  1081 10041
  1082 10041
  1083 10041
  1084 10041
  1085 10041
  1086 10041
  1087 10041
  1088 10041
  1089 10041
  1090 10041
  1091 10041
  1092 10041
  1093 10041
  1094 10041
  1095 10041
  1096 10041
  1097 10041
  1098 10041
  1099 10041
  1100 10041
  1101 10041
  1102 10041
  1103 10041
  1104 10041
  1105 10041
  1106 10041
  1107 10041
  1108 10041
  1109 10041
  1110 10041
  1111 10041
  1112 10041
  1113 10041
  1114 10041
  1115 10041
  1116 10041
  1117 10041
  1118 10041
  1119 10041
  1120 10041
  1121 10041
  1122 10041
  1123 10041
  1124 10041
  1125 10041
  1126 10041
  1127 10041
  1128 10041
  1129 10041
  1130 10041
  1131 10041
  1132 10041
  1133 10041
  1134 10041
  1135 10041
  1136 10041
  1137 10041
  1138 10041
  1139 10041
  1140 10041
  1141 10041
  1142 10041
  1143 10041
  1144 10041
  1145 10041
  1146 10041
  1147 10041
  1148 10041
  1149 10041
  1150 10041
  1151 10041
  1152 10041
  1153 10041
  1154 10041
  1155 10041
  1156 10041
  1157 10041
  1158 10041
  1159 10041
  1160 10041
  1161 10041
  1162 10041
  1163 10041
  1164 10041
  1165 10041
  1166 10041
  1167 10041
  1168 10041
  1169 10041
  1170 10041
  1171 10041
  1172 10041
  1173 10041
  1174 10041
  1175 10041
  1176 10041
  1177 10041
  1178 10041
  1179 10041
  1180 10041
  1181 10041
  1182 10041
  1183 10041
  1184 10041
  1185 10041
  1186 10041
  1187 10041
  1188 10041
  1189 10041
  1190 10041
  1191 10041
  1192 10041
  1193 10041
  1194 10041
  1195 10041
  1196 10041
  1197 10041
  1198 10041
  1199 10041
  1200 10041
  1201 10041
  1202 10041
  1203 10041
  1204 10041
  1205 10041
  1206 10041
  1207 10041
  1208 10041
  1209 10041
  1210 10041
  1211 10041
  1212 10041
  1213 10041
  1214 10041
  1215 10041
  1216 10041
  1217 10041
  1218 10041
  1219 10041
  1220 10041
  1221 10041
  1222 10041
  1223 10041
  1224 10041
  1225 10041
  1226 10041
  1227 10041
  1228 10041
  1229 10041
  1230 10041
  1231 10041
  1232 10041
  1233 10041
  1234 10041
  1235 10041
  1236 10041
  1237 10041
  1238 10041
  1239 10041
  1240 10041
  1241 10041
  1242 10041
  1243 10041
  1244 10041
  1245 10041
  1246 10041
  1247 10041
  1248 10041
  1249 10041
  1250 10041
  1251 10041
  1252 10041
  1253 10041
  1254 10041
  1255 10041
  1256 10041
  1257 10041
  1258 10041
  1259 10041
  1260 10041
  1261 10028
  1262 10019
  1263 10028
  1271 10029
  1272 10081
  1273 10081
  1274 10081
  1275 10081
  1276 10081
  1277 10081
  1278 10081
  1279 10081
  1280 10081
  1281 10081
  1282 10081
  1283 10081
  1284 10081
  1285 10081
  1286 10081
  1287 10081
  1288 10081
  1289 10081
  1290 10081
  1291 10081
  1292 10081
  1293 10081
  1294 10081
  1295 10081
  1296 10081
  1297 10081
  1298 10081
  1299 10081
  1300 10081
  1301 10081
  1302 10081
  1303 10081
  1304 10081
  1305 10081
  1306 10081
  1307 10081
  1308 10081
  1309 10081
  1310 10081
  1311 10081
  1312 10081
  1313 10081
  1314 10081
  1315 10081
  1316 10081
  1317 10081
  1318 10081
  1319 10081
  1320 10081
  1321 10081
  1322 10081
  1323 10081
  1324 10081
  1325 10081
  1326 10081
  1327 10081
  1328 10081
  1329 10081
  1330 10081
  1331 10081
  1332 10081
  1333 10081
  1334 10081
  1335 10081
  1336 10081
  1337 10081
  1338 10081
  1339 10081
  1340 10081
  1341 10081
  1342 10081
  1343 10081
  1344 10081
  1345 10081
  1346 10081
  1347 10081
  1348 10081
  1349 10081
  1350 10081
  1351 10081
  1352 10081
  1353 10081
  1354 10081
  1355 10081
  1356 10081
  1357 10081
  1358 10081
  1359 10081
  1360 10081
  1361 10081
  1362 10081
  1363 10081
  1364 10081
  1365 10081
  1366 10081
  1367 10081
  1368 10081
  1369 10081
  1370 10081
  1371 10081
  1372 10081
  1373 10081
  1374 10081
  1375 10081
  1376 10081
  1377 10081
  1378 10081
  1379 10081
  1380 10081
  1381 10081
  1382 10081
  1383 10081
  1384 10081
  1385 10081
  1386 10081
  1387 10081
  1388 10081
  1389 10081
  1390 10081
  1391 10081
  1392 10081
  1393 10081
  1394 10081
  1395 10081
  1396 10081
  1397 10081
  1398 10081
  1399 10081
  1400 10081
  1401 10081
  1402 10081
  1403 10081
  1404 10081
  1405 10081
  1406 10081
  1407 10081
  1408 10081
  1409 10081
  1410 10081
  1411 10081
  1412 10081
  1413 10081
  1414 10081
  1415 10081
  1416 10081
  1417 10081
  1418 10081
  1419 10081
  1420 10081
  1421 10081
  1422 10081
  1423 10081
  1424 10081
  1425 10081
  1426 10081
  1427 10081
  1428 10081
  1429 10081
  1430 10081
  1431 10081
  1432 10081
  1433 10081
  1434 10081
  1435 10081
  1436 10081
  1437 10081
  1438 10081
  1439 10081
  1440 10081
  1441 10081
  1442 10081
  1443 10081
  1444 10081
  1445 10081
  1446 10081
  1447 10081
  1448 10081
  1449 10081
  1450 10081
  1451 10081
  1452 10081
  1453 10081
  1454 10081
  1455 10081
  1456 10081
  1457 10081
  1458 10081
  1459 10081
  1460 10081
  1461 10081
  1462 10081
  1463 10081
  1464 10081
  1465 10081
  1466 10081
  1467 10081
  1468 10081
  1469 10081
  1470 10081
  1471 10081
  1472 10081
  1473 10081
  1474 10081
  1475 10081
  1476 10081
  1477 10081
  1478 10081
  1479 10081
  1480 10081
  1481 10081
  1482 10081
  1483 10081
  1484 10081
  1485 10081
  1486 10081
  1487 10081
  1488 10081
  1489 10081
  1490 10081
  1491 10081
  1492 10081
  1493 10081
  1494 10081
  1495 10081
  1496 10081
  1497 10016
  1498 10016
  1500 10018
  1501 10018
  1502 10018
  1503 10018
  1504 10018
  1505 10018
  1506 10018
  1507 10018
  1508 10018
  1509 10018
  1510 10018
  1511 10158
  1512 10018
  1513 10018
  1514 10018
  1515 10158
  1516 10023
  1517 10158
  1518 10018
  1519 10018
  1520 10018
  1521 10018
  1522 10158
  1523 10158
  1524 10158
  1525 10158
  1526 10158
  1527 10158
  1528 10018
  1529 10158
  1530 10055
  1531 10158
  1532 10158
  1533 10158
  1534 10018
  1535 10055
  1536 10158
  1537 10158
  1538 10158
  1539 10158
  1540 10158
  1541 10018
  1542 10018
  1543 10018
  1544 10140
  1545 10140
  1546 10055
  1547 10055
  1548 10140
  1549 10140
  1550 10140
  1551 10106
  1552 10106
  1553 10106
  1554 10055
  1555 10140
  1558 10016
  1559 10016
  1560 10016
  1561 10016
  1562 10016
  1563 10016
  1564 10016
  1565 10016
  1566 10016
  1567 10016
  1568 10016
  1569 10016
  1570 10016
  1571 10016
  1572 10016
  1573 10016
  1574 10016
  1575 10016
  1576 10016
  1577 10016
  1578 10016
  1579 10016
  1580 10016
  1581 10016
  1582 10016
  1583 10016
  1584 10016
  1585 10016
  1586 10016
  1587 10016
  1588 10016
  1589 10016
  1590 10016
  1591 10016
  1592 10016
  1593 10016
  1594 10016
  1595 10016
  1596 10016
  1597 10016
  1598 10016
  1599 10016
  1600 10016
  1601 10016
  1602 10016
  1603 10016
  1604 10016
  1605 10016
  1606 10016
  1607 10016
  1608 10016
  1609 10016
  1610 10016
  1611 10016
  1612 10016
  1613 10016
  1614 10016
  1615 10016
  1616 10016
  1617 10016
  1618 10016
  1619 10016
  1620 10016
  1621 10016
  1624 10025
  1627 10083
  1628 10083
  1629 10083
  1630 10083
  1631 10083
  1632 10083
  1633 10083
  1634 10083
  1635 10083
  1636 10083
  1637 10083
  1638 10083
  1639 10083
  1640 10083
  1641 10083
  1642 10083
  1643 10083
  1644 10083
  1645 10083
  1646 10083
  1647 10083
  1648 10083
  1649 10083
  1650 10083
  1651 10083
  1652 10083
  1653 10083
  1654 10083
  1655 10083
  1656 10083
  1657 10083
  1658 10083
  1659 10083
  1660 10083
  1661 10083
  1662 10083
  1663 10083
  1664 10083
  1665 10083
  1666 10083
  1667 10083
  1668 10083
  1669 10083
  1670 10083
  1671 10083
  1672 10083
  1673 10083
  1674 10083
  1675 10083
  1676 10083
  1677 10083
  1678 10083
  1679 10083
  1680 10083
  1681 10083
  1682 10083
  1683 10083
  1684 10083
  1685 10083
  1686 10083
  1687 10083
  1688 10083
  1689 10083
  1690 10083
  1691 10083
  1692 10083
  1693 10083
  1694 10083
  1695 10083
  1696 10083
  1697 10083
  1698 10083
  1699 10083
  1700 10083
  1701 10083
  1702 10083
  1703 10083
  1704 10083
  1705 10083
  1706 10083
  1707 10083
  1708 10083
  1709 10083
  1710 10083
  1711 10083
  1712 10083
  1713 10083
  1714 10083
  1715 10083
  1716 10083
  1717 10083
  1718 10083
  1719 10083
  1720 10083
  1721 10083
  1722 10083
  1723 10083
  1724 10083
  1725 10083
  1726 10083
  1727 10083
  1728 10083
  1729 10083
  1730 10083
  1731 10083
  1732 10083
  1733 10083
  1734 10083
  1735 10083
  1736 10083
  1737 10083
  1738 10083
  1739 10083
  1740 10083
  1741 10083
  1742 10083
  1743 10083
  1744 10083
  1745 10083
  1746 10083
  1747 10083
  1748 10083
  1749 10083
  1750 10083
  1751 10083
  1752 10083
  1753 10083
  1754 10083
  1755 10083
  1756 10083
  1757 10083
  1758 10083
  1759 10083
  1760 10083
  1761 10083
  1762 10083
  1763 10083
  1764 10083
  1765 10083
  1766 10083
  1767 10083
  1768 10083
  1769 10083
  1770 10083
  1771 10083
  1772 10083
  1773 10083
  1774 10083
  1775 10083
  1776 10083
  1777 10083
  1778 10083
  1779 10083
  1780 10083
  1781 10083
  1782 10083
  1783 10083
  1784 10083
  1785 10083
  1786 10083
  1787 10083
  1788 10083
  1789 10083
  1790 10083
  1791 10083
  1792 10083
  1793 10083
  1794 10083
  1795 10083
  1796 10083
  1797 10083
  1798 10083
  1799 10083
  1800 10083
  1801 10083
  1802 10083
  1803 10083
  1804 10083
