  1281 10095
  1282 10095
  1283 10095
  1284 10095
  1285 10095
  1286 10095
  1287 10095
  1288 10095
  1289 10095
  1290 10095
  1291 10095
  1292 10095
  1293 10095
  1294 10095
  1295 10095
  1296 10095
  1297 10095
  1298 10095
  1299 10095
  1300 10095
  1301 10095
  1302 10095
  1303 10095
  1304 10095
  1305 10095
  1306 10095
  1307 10095
  1308 10095
  1309 10095
  1310 10095
  1311 10095
  1312 10095
  1313 10095
  1314 10095
  1315 10095
  1316 10095
  1317 10095
  1318 10095
  1319 10095
  1320 10095
  1321 10095
  1322 10095
  1323 10095
  1324 10095
  1325 10095
  1326 10095
  1327 10095
  1328 10095
  1329 10095
  1330 10095
  1331 10095
  1332 10095
  1333 10095
  1334 10095
  1335 10156
  1336 10095
  1337 10095
  1338 10095
  1339 10095
  1340 10095
  1341 10095
  1342 10095
  1343 10095
  1344 10095
  1345 10156
  1346 10156
  1347 10156
  1348 10156
  1349 10156
  1350 10156
  1351 10095
  1352 10156
  1353 10156
  1354 10156
  1355 10095
  1356 10095
  1357 10095
  1358 10156
  1359 10095
  1360 10095
  1361 10156
  1362 10156
  1363 10095
  1364 10095
  1365 10095
  1366 10095
  1367 10095
  1368 10095
  1369 10095
  1370 10095
  1371 10095
  1372 10095
  1373 10095
  1374 10095
  1375 10095
  1376 10095
  1377 10095
  1378 10095
  1379 10095
  1380 10095
  1381 10095
  1382 10095
  1383 10156
  1384 10095
  1385 10095
  1386 10095
  1387 10095
  1388 10095
  1389 10095
  1390 10095
  1391 10095
  1392 10095
  1393 10095
  1394 10095
  1395 10095
  1396 10095
  1397 10095
  1398 10156
  1399 10095
  1400 10095
  1401 10095
  1402 10095
  1403 10095
  1404 10095
  1405 10095
  1406 10095
  1407 10095
  1408 10095
  1409 10095
  1410 10095
  1411 10095
  1412 10095
  1415 10095
  1416 10095
  1417 10095
  1418 10095
  1419 10095
  1420 10095
  1421 10095
  1422 10095
  1423 10095
  1424 10095
  1425 10095
  1426 10095
  1427 10095
  1428 10095
  1429 10095
  1430 10095
  1431 10095
  1432 10095
  1433 10095
  1434 10156
  1435 10156
  1436 10156
  1437 10095
  1438 10095
  1439 10095
  1440 10095
  1441 10095
  1442 10095
  1443 10095
  1444 10095
  1445 10095
  1446 10156
  1447 10095
  1448 10095
  1449 10095
  1450 10095
  1451 10095
  1452 10095
  1453 10095
  1454 10095
  1455 10095
  1456 10095
  1457 10095
  1458 10095
  1459 10095
  1460 10095
  1461 10095
  1462 10095
  1463 10095
  1464 10095
  1465 10095
  1466 10095
  1467 10095
  1468 10095
  1469 10095
  1470 10095
  1471 10095
  1472 10095
  1473 10095
  1474 10095
  1475 10095
  1476 10095
  1477 10095
  1478 10095
  1479 10095
  1480 10095
  1481 10095
  1482 10095
  1483 10095
  1484 10095
  1485 10095
  1486 10095
  1487 10095
  1488 10095
  1489 10095
  1490 10095
  1491 10095
  1492 10095
  1493 10095
  1494 10095
  1495 10095
  1496 10095
  1497 10095
  1498 10095
  1503 10036
  1504 10036
  1505 10036
  1506 10036
  1507 10036
  1508 10036
  1509 10036
  1510 10036
  1511 10036
  1512 10036
  1513 10036
  1514 10036
  1515 10016
  1516 10031
  1517 10031
  1518 10031
  1519 10023
  1520 10023
  1521 10018
  1522 10018
  1523 10018
  1524 10018
  1525 10018
  1526 10018
  1527 10018
  1528 10106
  1529 10106
  1530 10106
  1531 10106
  1532 10106
  1533 10106
  1534 10106
  1535 10106
  1536 10106
  1537 10106
  1538 10106
  1539 10106
  1540 10106
  1541 10106
  1542 10106
  1543 10106
  1544 10106
  1545 10106
  1546 10106
  1547 10106
  1548 10106
  1549 10106
  1550 10106
  1551 10106
  1552 10106
  1553 10106
  1554 10106
  1555 10106
  1556 10106
  1557 10106
  1558 10106
  1559 10106
  1560 10055
  1561 10055
  1562 10018
  1563 10018
  1564 10055
  1565 10018
  1566 10055
  1567 10055
  1568 10055
  1569 10055
  1570 10095
  1571 10016
  1572 10095
  1573 10095
  1574 10154
  1575 10143
  1576 10107
  1577 10107
  1578 10107
  1579 10107
  1580 10107
  1581 10107
  1582 10107
  1583 10107
  1584 10107
  1585 10107
  1586 10107
  1587 10107
  1588 10107
  1589 10107
  1590 10107
  1591 10107
  1592 10107
  1593 10107
  1594 10107
  1595 10107
  1596 10107
  1597 10107
  1598 10107
  1599 10107
  1600 10107
  1601 10107
  1602 10107
  1603 10107
  1604 10107
  1605 10116
  1606 10116
  1609 10107
  1610 10107
  1611 10107
  1612 10107
  1613 10154
  1614 10154
  1615 10130
  1616 10130
  1617 10143
  1618 10095
  1619 10154
  1620 10154
  1621 10154
  1622 10154
  1623 10095
  1624 10095
  1625 10095
  1629 10095
  1630 10095
  1631 10095
  1632 10095
  1633 10095
  1634 10095
  1635 10095
  1642 10095
  1643 10095
  1644 10095
  1645 10095
  1646 10095
  1647 10095
  1648 10095
  1649 10095
  1650 10095
  1651 10095
  1652 10095
  1653 10095
  1654 10095
  1655 10095
  1656 10095
  1657 10095
  1658 10095
  1659 10095
  1660 10095
  1661 10095
  1662 10095
  1663 10095
  1664 10095
  1665 10095
  1666 10095
  1667 10095
  1668 10095
  1669 10095
  1670 10095
  1671 10095
  1672 10095
  1673 10095
  1674 10095
  1675 10095
  1676 10095
  1677 10095
  1678 10095
  1679 10095
  1680 10095
  1681 10095
  1682 10095
  1683 10095
  1684 10095
  1685 10095
  1686 10095
  1687 10095
  1688 10095
  1689 10095
  1690 10095
  1691 10095
  1692 10095
  1693 10095
  1694 10095
  1695 10095
  1696 10095
  1697 10095
  1698 10095
  1699 10095
  1700 10095
  1701 10095
  1702 10095
  1703 10095
  1704 10095
  1705 10095
  1706 10095
  1707 10095
  1708 10095
  1709 10095
  1710 10095
  1711 10095
  1712 10095
  1713 10095
  1714 10095
  1715 10095
  1716 10095
  1717 10095
  1718 10095
  1719 10095
  1720 10095
  1721 10095
  1722 10095
  1723 10095
  1724 10095
  1725 10095
  1726 10095
  1727 10095
  1728 10095
  1729 10095
  1730 10095
  1731 10095
  1732 10095
  1733 10095
  1734 10095
  1735 10095
  1736 10095
  1737 10095
  1738 10095
  1739 10095
  1740 10095
  1741 10095
  1742 10095
  1743 10095
  1744 10095
  1745 10095
  1746 10095
  1747 10095
  1748 10095
  1749 10095
  1750 10095
  1751 10095
  1752 10095
  1753 10095
  1754 10095
  1755 10095
  1756 10095
  1757 10095
  1758 10095
  1759 10095
  1760 10095
  1761 10095
  1762 10095
  1763 10095
  1764 10095
  1765 10095
  1766 10095
  1767 10095
  1768 10095
  1769 10095
  1770 10095
  1771 10095
  1772 10095
  1773 10095
  1774 10095
  1775 10095
  1776 10095
  1777 10095
  1778 10095
  1779 10095
  1780 10095
  1781 10095
  1782 10095
  1783 10095
  1784 10095
  1785 10095
  1786 10095
  1787 10095
  1788 10095
  1789 10095
  1790 10095
  1791 10095
  1792 10095
  1793 10095
  1794 10095
  1795 10095
  1796 10095
  1797 10095
  1798 10095
  1799 10095
  1800 10095
  1801 10095
  1802 10095
  1803 10095
  1804 10095
  1805 10095
  1806 10095
  1807 10095
  1808 10095
  1809 10095
  1810 10095
  1811 10095
  1812 10095
  1813 10095
  1814 10095
  1815 10095
  1816 10095
  1817 10095
  1818 10095
  1819 10095
  1820 10095
  1821 10095
  1822 10095
  1823 10095
  1824 10095
  1825 10095
  1826 10095
  1827 10095
  1828 10095
  1829 10095
  1830 10095
  1831 10095
  1832 10095
  1833 10095
  1834 10095
  1835 10095
  1836 10095
  1837 10095
  1838 10095
  1839 10095
  1840 10095
  1841 10095
  1842 10095
  1843 10095
  1844 10095
  1845 10095
  1846 10095
  1847 10095
  1848 10095
  1849 10095
  1850 10095
  1851 10095
  1852 10095
  1853 10095
  1854 10095
  1855 10095
  1856 10095
  1857 10095
  1858 10095
  1859 10095
  1860 10095
  1861 10095
  1862 10095
  1863 10095
  1864 10095
  1865 10095
  1866 10095
  1867 10095
  1868 10095
  1869 10095
  1870 10095
  1871 10095
  1872 10095
  1873 10095
  1874 10095
  1875 10095
  1876 10095
  1877 10095
  1878 10095
  1879 10095
  1880 10095
  1881 10095
  1882 10095
  1883 10095
  1884 10095
  1885 10095
  1886 10095
  1887 10095
  1888 10095
  1889 10095
  1890 10095
  1891 10095
  1892 10095
  1893 10095
  1894 10095
  1895 10095
  1896 10095
  1897 10095
  1898 10095
  1899 10095
  1900 10095
  1901 10095
  1902 10095
  1903 10095
  1904 10095
  1905 10095
  1906 10095
  1907 10095
  1908 10095
  1909 10095
  1910 10095
  1911 10095
  1912 10095
  1913 10095
  1914 10095
  1915 10095
  1916 10095
  1917 10095
  1918 10095
  1919 10095
  1920 10095
  1921 10095
  1922 10095
  1923 10095
  1924 10095
  1925 10095
  1926 10095
  1927 10095
  1928 10095
  1929 10095
  1930 10095
  1931 10095
  1932 10095
  1933 10095
  1934 10095
  1935 10095
  1936 10095
  1937 10095
  1938 10095
  1939 10095
  1940 10095
  1941 10095
  1942 10095
  1943 10095
  1944 10095
  1945 10095
  1946 10095
  1947 10095
  1948 10095
  1949 10095
  1950 10095
  1951 10095
  1952 10095
  1953 10095
  1954 10095
  1955 10095
  1956 10095
  1957 10095
  1958 10095
  1959 10095
  1960 10095
  1961 10095
  1962 10095
  1963 10095
  1964 10095
  1965 10095
  1966 10095
  1967 10095
  1968 10095
  1969 10095
  1970 10095
  1971 10095
  1972 10095
  1973 10095
  1974 10095
  1975 10095
  1976 10095
  1977 10095
  1978 10095
  1979 10095
  1980 10095
  1981 10095
  1982 10095
  1983 10095
  1984 10095
  1985 10095
  1986 10095
  1987 10095
  1988 10095
  1989 10095
  1990 10095
  1991 10095
  1992 10095
  1993 10095
  1994 10095
  1995 10095
  1996 10095
  1997 10095
  1998 10095
  1999 10095
  2000 10095
  2001 10095
  2002 10095
  2003 10095
  2004 10095
  2005 10095
  2006 10095
  2007 10095
  2008 10095
  2009 10095
  2010 10095
  2011 10095
  2012 10095
  2013 10095
  2014 10095
  2015 10095
  2016 10095
  2017 10095
  2018 10095
  2019 10095
  2020 10095
  2021 10095
  2022 10095
  2023 10095
  2024 10095
  2025 10036
