   702 10066
   703 10066
   704 10066
   705 10066
   706 10066
   723 10067
   724 10067
   725 10067
   726 10067
   727 10067
   728 10067
   729 10067
   730 10067
   731 10067
   732 10067
   733 10067
   734 10067
   735 10067
   736 10067
   737 10067
   738 10067
   739 10067
   740 10067
   741 10067
   742 10067
   743 10067
   744 10067
   745 10067
   746 10067
   747 10067
   748 10067
   749 10067
   750 10067
   751 10067
   752 10067
   753 10067
   754 10067
   755 10067
   756 10067
   757 10067
   758 10067
   759 10067
   760 10067
   761 10067
   762 10067
   763 10067
   764 10067
   765 10067
   766 10067
   767 10067
   768 10067
   769 10067
   770 10067
   771 10067
   772 10067
   773 10067
   774 10067
   775 10067
   776 10067
   777 10067
   778 10067
   779 10043
   780 10043
   784 10048
   785 10048
   786 10048
   787 10048
   788 10022
   789 10066
   790 10066
   791 10066
   792 10066
   793 10066
   794 10066
   795 10066
   796 10066
   797 10066
   798 10066
   799 10066
   800 10066
   801 10066
   802 10020
   803 10020
   804 10066
   805 10066
   806 10020
   807 10020
   808 10020
   809 10020
   810 10020
   811 10066
   812 10066
   813 10066
   814 10066
   815 10066
   816 10066
   817 10066
   818 10066
   819 10066
   820 10066
   821 10020
   822 10020
   823 10020
   824 10020
   825 10020
   826 10020
   827 10020
   828 10020
   829 10020
   830 10020
   831 10020
   832 10066
   833 10020
   834 10066
   835 10066
   836 10066
   837 10066
   838 10066
   839 10066
   840 10020
   841 10020
   842 10020
   843 10020
   844 10020
   845 10066
   846 10066
   847 10066
   848 10066
   849 10020
   850 10020
   851 10020
   852 10066
   853 10066
   854 10066
   855 10066
   856 10066
   857 10066
   858 10066
   859 10066
   860 10066
   861 10066
   862 10066
   863 10066
   864 10066
   865 10066
   866 10066
   867 10066
   868 10066
   869 10066
   870 10066
   871 10066
   872 10066
   873 10066
   874 10066
   875 10066
   876 10020
   877 10020
   878 10020
   879 10066
   880 10066
   881 10020
   882 10020
   883 10020
   884 10020
   885 10020
   886 10020
   887 10020
   888 10020
   889 10020
   890 10020
   891 10020
   892 10020
   893 10066
   894 10020
   895 10020
   896 10020
   897 10020
   898 10066
   899 10066
   900 10066
   901 10066
   902 10066
   903 10066
   904 10020
   905 10020
   906 10020
   907 10020
   908 10066
   909 10020
   910 10020
   911 10020
   912 10020
   913 10020
   914 10020
   915 10020
   916 10020
   917 10020
   918 10020
   919 10020
   920 10020
   921 10020
   922 10066
   923 10020
   924 10020
   925 10020
   926 10020
   927 10020
   928 10020
   929 10020
   930 10020
   931 10066
   932 10066
   933 10066
   934 10066
   935 10066
   936 10020
   937 10066
   938 10066
   939 10020
   940 10020
   941 10020
   942 10020
   943 10028
   944 10028
   945 10028
   946 10028
   947 10028
   948 10028
   949 10028
   950 10028
   951 10028
   952 10028
   953 10028
   954 10028
   955 10028
   956 10028
   957 10028
   958 10028
   959 10028
   960 10028
   961 10020
   962 10066
   963 10066
   964 10066
   965 10066
   966 10066
   967 10066
   968 10066
   969 10066
   970 10066
   971 10066
   972 10066
   973 10066
   974 10066
   975 10066
   976 10066
   977 10066
   978 10020
   979 10066
   980 10066
   981 10066
   982 10066
   983 10066
   984 10066
   985 10066
   986 10066
   987 10066
   988 10066
   989 10066
   990 10066
   991 10066
   992 10066
   993 10066
   994 10066
   995 10066
   996 10066
   997 10066
   998 10066
   999 10066
  1000 10066
  1001 10066
  1002 10066
  1003 10066
  1004 10066
  1005 10066
  1006 10066
  1007 10066
  1008 10066
  1009 10066
  1010 10066
  1011 10066
  1012 10020
  1013 10020
  1014 10151
  1015 10019
  1016 10019
  1017 10019
  1019 10043
  1020 10091
  1021 10091
  1022 10091
  1023 10091
  1024 10138
  1025 10138
  1026 10101
  1029 10031
  1030 10031
  1031 10031
  1032 10031
  1033 10031
  1034 10031
  1035 10031
  1036 10031
  1037 10031
  1038 10031
  1039 10031
  1040 10031
  1041 10031
  1042 10031
  1043 10031
  1044 10031
  1045 10031
  1046 10031
  1047 10031
  1048 10031
  1049 10031
  1050 10031
  1051 10031
  1052 10031
  1053 10031
  1054 10031
  1055 10031
  1056 10031
  1057 10031
  1058 10031
  1059 10031
  1060 10031
  1061 10031
  1062 10031
  1063 10031
  1064 10031
  1065 10031
  1066 10031
  1067 10031
  1068 10031
  1069 10031
  1070 10031
  1071 10031
  1072 10031
  1073 10031
  1074 10031
  1075 10031
  1076 10031
  1077 10031
  1078 10031
  1079 10031
  1080 10031
  1081 10031
  1082 10031
  1083 10031
  1084 10031
  1085 10031
  1086 10031
  1087 10031
  1088 10031
  1089 10031
  1090 10031
  1091 10031
  1092 10031
  1093 10031
  1094 10031
  1095 10031
  1096 10031
  1097 10031
  1098 10031
  1099 10031
  1100 10031
  1101 10031
  1102 10031
  1103 10031
  1104 10031
  1105 10031
  1106 10031
  1107 10031
  1108 10031
  1109 10031
  1110 10031
  1111 10031
  1112 10031
  1113 10031
  1114 10031
  1115 10031
  1116 10031
  1117 10031
  1118 10031
  1119 10031
  1120 10031
  1121 10031
  1122 10031
  1123 10031
  1124 10031
  1125 10031
  1126 10031
  1127 10031
  1128 10031
  1129 10031
  1130 10031
  1131 10031
  1132 10031
  1133 10031
  1134 10031
  1135 10031
  1136 10031
  1137 10031
  1138 10031
  1139 10031
  1140 10031
  1141 10031
  1142 10031
  1143 10031
  1144 10031
  1145 10031
  1146 10031
  1147 10031
  1148 10031
  1149 10031
  1150 10031
  1151 10031
  1152 10031
  1153 10031
  1154 10031
  1155 10031
  1156 10031
  1157 10031
  1158 10031
  1159 10031
  1160 10031
  1161 10031
  1162 10031
  1163 10031
  1164 10031
  1165 10031
  1166 10031
  1167 10031
  1168 10031
  1169 10031
  1170 10031
  1171 10031
  1172 10031
  1173 10031
  1174 10031
  1175 10031
  1176 10031
  1177 10031
  1178 10031
  1179 10031
  1180 10031
  1181 10031
  1182 10031
  1183 10031
  1184 10031
  1185 10031
  1186 10031
  1187 10031
  1188 10031
  1189 10031
  1190 10031
  1191 10031
  1192 10031
  1193 10031
  1194 10031
  1195 10031
  1196 10031
  1197 10031
  1198 10031
  1199 10031
  1200 10031
  1201 10031
  1202 10031
  1203 10031
  1204 10031
  1205 10031
  1206 10031
  1207 10031
  1208 10031
  1209 10031
  1210 10031
  1211 10031
  1212 10031
  1213 10031
  1214 10031
  1215 10031
  1216 10031
  1217 10031
  1218 10031
  1219 10031
  1220 10031
  1221 10031
  1222 10031
  1223 10031
  1224 10031
  1225 10031
  1226 10031
  1227 10031
  1228 10031
  1229 10031
  1230 10031
  1231 10031
  1232 10031
  1233 10031
  1234 10031
  1235 10031
  1236 10031
  1237 10031
  1238 10031
  1239 10031
  1240 10031
  1241 10031
  1242 10031
  1243 10031
  1244 10031
  1245 10031
  1246 10031
  1247 10031
  1248 10031
  1249 10031
  1250 10031
  1251 10031
  1252 10031
  1253 10031
  1254 10031
  1255 10031
  1256 10031
  1257 10031
  1258 10031
  1259 10031
  1261 10055
  1262 10018
  1263 10018
  1264 10018
  1265 10018
  1266 10018
  1267 10158
  1268 10158
  1269 10158
  1270 10158
  1271 10144
  1272 10144
  1273 10144
  1274 10010
  1275 10010
  1276 10010
  1277 10010
  1278 10010
  1279 10144
  1280 10144
  1281 10144
  1282 10144
  1283 10144
  1284 10144
  1285 10144
  1286 10144
  1287 10010
  1288 10010
  1289 10144
  1290 10144
  1291 10010
  1292 10010
  1293 10010
  1294 10010
  1301 10062
  1302 10062
  1304 10128
  1305 10101
  1306 10128
  1307 10128
  1308 10138
  1309 10128
  1310 10062
  1311 10138
  1312 10128
  1313 10128
  1314 10128
  1315 10128
  1316 10101
  1319 10071
  1320 10071
  1321 10071
  1322 10071
  1323 10071
  1324 10071
  1325 10071
  1326 10071
  1327 10071
  1328 10071
  1329 10071
  1330 10071
  1331 10071
  1332 10071
  1333 10071
  1334 10071
  1335 10149
  1336 10149
  1337 10149
  1338 10149
  1339 10149
  1340 10149
  1341 10149
  1342 10149
  1343 10071
  1344 10149
  1345 10149
  1346 10149
  1347 10071
  1348 10071
  1349 10149
  1350 10071
  1351 10149
  1352 10149
  1353 10149
  1354 10149
  1355 10149
  1356 10149
  1357 10149
  1358 10149
  1359 10149
  1360 10149
  1361 10071
  1362 10149
  1363 10086
  1364 10091
  1367 10101
  1368 10141
  1369 10134
  1370 10134
  1371 10101
  1372 10101
  1373 10101
  1374 10134
  1375 10076
  1376 10076
  1377 10076
  1378 10076
  1379 10076
  1380 10076
  1381 10076
  1382 10076
  1383 10076
  1384 10173
  1385 10173
  1386 10076
  1387 10076
  1388 10098
  1389 10018
  1390 10098
  1391 10076
  1394 10101
  1395 10101
  1396 10101
  1397 10101
  1398 10101
  1399 10101
  1400 10101
  1401 10101
  1402 10101
  1403 10101
  1404 10101
  1405 10101
  1406 10101
  1407 10101
  1408 10101
  1409 10101
  1410 10101
  1411 10101
  1412 10101
  1413 10101
  1414 10101
  1415 10101
  1416 10101
  1417 10101
  1418 10101
  1419 10101
  1420 10101
  1421 10101
  1422 10101
  1423 10101
  1424 10101
  1425 10101
  1426 10020
  1427 10101
  1428 10101
  1429 10101
  1430 10101
  1431 10101
  1432 10101
  1433 10101
  1434 10101
  1435 10101
  1436 10101
  1437 10101
  1438 10101
  1439 10101
  1440 10101
  1441 10101
  1442 10101
  1443 10101
  1444 10101
  1445 10020
  1446 10101
  1447 10101
  1448 10101
  1449 10101
  1450 10101
  1451 10101
  1452 10101
  1453 10101
  1454 10020
  1455 10101
  1456 10101
  1457 10101
  1458 10101
  1459 10101
  1460 10101
  1461 10101
  1462 10101
  1463 10101
  1464 10101
  1465 10101
  1466 10101
  1467 10101
  1468 10101
  1469 10101
  1470 10101
  1471 10101
  1472 10101
  1473 10101
  1474 10101
  1475 10101
  1476 10101
  1477 10101
  1478 10101
  1479 10101
  1480 10101
  1481 10101
  1482 10101
  1483 10101
  1484 10101
  1490 10101
  1491 10101
  1492 10101
  1493 10101
  1494 10101
  1495 10101
  1496 10101
  1497 10101
  1498 10101
  1499 10101
  1500 10101
  1501 10101
  1502 10020
  1503 10101
  1504 10101
  1505 10101
  1506 10101
  1507 10101
  1508 10101
  1509 10138
  1510 10101
  1511 10101
  1512 10101
  1513 10101
  1514 10101
  1515 10101
  1516 10101
  1517 10101
  1518 10101
  1519 10101
  1520 10101
  1521 10101
  1522 10101
  1523 10101
  1524 10101
  1525 10101
  1526 10101
  1527 10101
  1528 10101
  1529 10101
  1530 10101
  1531 10101
  1532 10101
  1533 10020
  1534 10101
  1535 10101
  1536 10020
  1537 10020
  1538 10020
  1539 10020
  1540 10020
  1541 10101
  1542 10101
  1543 10101
  1544 10101
  1545 10101
  1546 10101
  1547 10101
  1548 10101
  1549 10101
  1550 10101
  1551 10101
  1552 10101
  1553 10101
  1554 10101
  1555 10101
  1556 10101
  1557 10020
  1558 10101
  1559 10101
  1560 10101
  1561 10101
  1562 10101
  1563 10101
  1564 10101
  1565 10101
  1566 10101
  1567 10020
  1568 10101
  1569 10101
  1570 10101
  1571 10020
  1572 10020
  1573 10020
  1574 10020
  1575 10020
  1576 10020
  1577 10101
  1578 10101
  1579 10101
  1580 10020
  1581 10101
  1582 10020
  1583 10020
  1584 10101
  1585 10101
  1586 10101
  1587 10101
  1588 10101
  1589 10101
  1590 10101
  1591 10101
  1592 10101
  1593 10101
  1594 10101
  1595 10101
  1596 10020
  1597 10101
  1598 10101
  1599 10101
  1600 10101
  1601 10101
  1602 10101
  1603 10101
  1604 10101
  1605 10101
  1606 10101
  1607 10101
  1608 10101
  1609 10101
  1610 10101
  1611 10101
  1612 10101
  1613 10101
  1614 10101
  1615 10101
  1616 10101
  1617 10061
  1626 10104
  1627 10104
  1628 10114
  1629 10114
  1630 10114
  1631 10104
  1632 10104
  1633 10104
  1634 10104
  1635 10104
  1636 10104
  1637 10104
  1638 10104
  1639 10104
  1640 10104
  1641 10104
  1642 10104
  1643 10104
  1644 10104
  1645 10104
  1646 10104
  1647 10104
  1648 10104
  1649 10104
  1650 10104
  1651 10104
  1652 10104
  1653 10104
  1654 10104
  1655 10104
  1656 10104
  1657 10104
  1658 10104
  1659 10104
  1660 10104
  1661 10104
  1662 10104
  1663 10104
  1664 10104
  1665 10104
  1666 10104
  1667 10104
  1668 10104
  1669 10104
  1670 10104
  1671 10104
  1672 10104
  1673 10104
  1674 10104
  1675 10104
  1676 10104
  1677 10104
  1678 10104
  1679 10104
  1680 10104
  1681 10104
  1682 10104
  1683 10104
  1684 10104
  1685 10104
  1686 10104
  1687 10104
  1688 10104
  1689 10104
  1690 10104
  1691 10104
  1692 10104
  1693 10104
  1694 10104
  1695 10104
  1696 10104
  1697 10104
  1698 10104
  1699 10104
  1700 10104
  1701 10125
  1702 10104
  1703 10104
  1704 10104
  1705 10104
  1706 10104
  1707 10104
  1708 10125
  1709 10104
  1710 10104
  1711 10104
  1712 10104
  1713 10104
  1714 10104
  1715 10104
  1716 10104
  1717 10104
  1718 10104
  1719 10104
  1720 10104
  1721 10104
  1722 10104
  1723 10104
  1724 10104
  1725 10104
  1726 10104
  1727 10104
  1728 10104
  1729 10104
  1730 10104
  1731 10104
  1732 10104
  1733 10104
  1734 10104
  1735 10104
  1736 10104
  1737 10104
  1738 10104
  1739 10104
  1740 10104
  1741 10104
  1742 10104
  1743 10104
  1744 10104
  1745 10104
  1746 10104
  1747 10104
  1748 10104
  1749 10104
  1750 10104
  1751 10104
  1752 10104
  1753 10104
  1754 10104
  1755 10104
  1756 10104
  1757 10104
  1758 10104
  1759 10104
  1760 10104
  1761 10104
  1762 10104
  1763 10104
  1764 10104
  1765 10104
  1766 10104
  1767 10104
  1768 10104
  1769 10104
  1770 10104
  1771 10104
  1772 10104
  1773 10104
  1774 10104
  1775 10104
  1776 10104
  1777 10104
  1778 10104
  1779 10104
  1780 10104
  1781 10104
  1782 10104
  1783 10104
  1784 10104
  1785 10104
  1786 10104
  1787 10104
  1788 10104
  1789 10104
  1790 10104
  1791 10104
  1792 10104
  1793 10104
  1794 10104
  1795 10104
  1796 10104
  1797 10104
  1798 10104
  1799 10104
  1800 10104
  1801 10104
  1802 10104
  1803 10104
  1804 10104
  1805 10104
  1806 10104
  1807 10104
  1808 10104
  1809 10104
  1810 10104
  1811 10104
  1812 10104
  1813 10104
  1814 10104
  1815 10104
  1816 10104
  1817 10104
  1818 10104
  1819 10104
  1820 10104
  1821 10104
  1822 10104
  1823 10104
  1824 10104
  1825 10104
  1826 10104
  1827 10104
  1828 10104
  1829 10104
  1830 10104
  1831 10104
  1832 10104
  1833 10104
  1834 10104
  1835 10104
  1836 10104
  1837 10104
  1838 10104
  1839 10104
  1840 10104
  1841 10104
  1842 10104
  1843 10104
  1844 10104
  1845 10104
  1846 10104
  1847 10104
  1848 10104
  1849 10104
  1850 10104
  1851 10104
  1852 10104
  1853 10104
  1854 10104
  1855 10122
  1856 10122
  1857 10122
  1858 10122
