   709 10039
   710 10039
   711 10039
   712 10039
   713 10039
   714 10039
   715 10039
   716 10039
   717 10039
   718 10039
   719 10039
   720 10039
   721 10039
   722 10039
   723 10039
   724 10039
   725 10039
   726 10039
   727 10039
   728 10039
   729 10039
   730 10039
   731 10039
   732 10039
   733 10039
   734 10039
   735 10039
   736 10039
   737 10039
   738 10039
   739 10039
   740 10039
   741 10039
   742 10039
   743 10039
   744 10039
   745 10039
   746 10039
   747 10039
   748 10039
   749 10039
   750 10039
   751 10039
   752 10039
   753 10039
   754 10039
   755 10039
   756 10039
   757 10039
   758 10039
   759 10039
   760 10039
   761 10039
   762 10039
   763 10039
   764 10039
   765 10039
   766 10039
   767 10039
   768 10039
   769 10039
   770 10039
   771 10039
   772 10039
   773 10039
   774 10039
   775 10039
   776 10039
   777 10039
   778 10039
   785 10036
   786 10075
   787 10075
   788 10075
   789 10075
   790 10075
   791 10075
   792 10075
   793 10075
   794 10075
   795 10075
   796 10075
   797 10075
   798 10155
   799 10075
   800 10075
   801 10075
   802 10075
   803 10075
   804 10075
   805 10075
   806 10075
   807 10075
   808 10155
   809 10155
   810 10075
   811 10075
   812 10075
   813 10075
   814 10075
   815 10075
   816 10075
   817 10075
   818 10075
   819 10155
   820 10075
   821 10075
   822 10075
   823 10075
   824 10075
   825 10075
   826 10075
   827 10075
   828 10075
   829 10075
   830 10075
   831 10075
   832 10075
   833 10075
   834 10075
   835 10075
   836 10075
   837 10075
   838 10075
   839 10075
   840 10075
   841 10075
   842 10075
   843 10075
   844 10075
   845 10075
   846 10075
   847 10075
   848 10155
   849 10075
   850 10075
   851 10075
   852 10155
   853 10075
   854 10075
   855 10155
   856 10075
   857 10075
   858 10075
   859 10075
   860 10075
   861 10075
   862 10075
   863 10075
   864 10075
   865 10075
   866 10075
   867 10075
   868 10075
   869 10075
   870 10075
   871 10075
   872 10075
   873 10075
   874 10075
   875 10075
   876 10075
   877 10075
   878 10075
   879 10075
   880 10075
   881 10075
   882 10075
   883 10075
   884 10075
   885 10075
   886 10075
   887 10075
   888 10075
   889 10075
   890 10075
   891 10075
   892 10075
   893 10075
   894 10075
   895 10075
   896 10075
   897 10075
   898 10075
   899 10075
   900 10075
   901 10075
   902 10075
   903 10075
   904 10075
   905 10075
   906 10075
   907 10075
   908 10075
   909 10075
   910 10075
   911 10075
   912 10075
   913 10075
   914 10075
   915 10075
   916 10075
   917 10075
   918 10075
   919 10075
   920 10075
   921 10075
   922 10075
   923 10075
   924 10075
   925 10075
   926 10075
   927 10075
   928 10075
   929 10075
   930 10075
   931 10075
   932 10075
   933 10075
   934 10075
   935 10075
   936 10075
   937 10075
   938 10075
   939 10075
   940 10075
   941 10075
   942 10075
   943 10075
   944 10075
   945 10075
   946 10075
   947 10075
   948 10155
   949 10075
   950 10075
   951 10075
   952 10075
   953 10075
   954 10075
   955 10075
   956 10075
   957 10075
   958 10075
   959 10075
   960 10075
   961 10075
   962 10075
   963 10075
   964 10075
   965 10075
   966 10075
   967 10075
   968 10075
   969 10075
   970 10075
   971 10075
   972 10075
   973 10075
   974 10075
   975 10075
   976 10075
   977 10075
   978 10155
   979 10075
   980 10075
   981 10075
   982 10075
   983 10075
   984 10075
   985 10075
   986 10075
   987 10075
   988 10155
   989 10075
   990 10075
   991 10075
   992 10075
   993 10075
   994 10075
   995 10075
   996 10075
   997 10075
   998 10075
   999 10075
  1000 10075
  1001 10075
  1002 10075
  1003 10075
  1004 10075
  1005 10075
  1006 10075
  1007 10075
  1008 10075
  1009 10075
  1010 10075
  1011 10075
  1012 10075
  1013 10075
  1014 10075
  1015 10075
  1016 10075
  1017 10095
  1018 10095
  1024 10039
  1025 10039
  1026 10039
  1027 10039
  1028 10039
  1029 10039
  1030 10039
  1031 10039
  1032 10039
  1033 10039
  1034 10039
  1035 10039
  1036 10039
  1037 10080
  1038 10071
  1039 10071
  1040 10071
  1041 10071
  1042 10071
  1043 10071
  1044 10071
  1045 10071
  1046 10071
  1047 10071
  1048 10071
  1049 10071
  1050 10071
  1053 10071
  1054 10071
  1055 10071
  1056 10071
  1057 10071
  1058 10071
  1059 10071
  1060 10071
  1061 10071
  1062 10071
  1063 10071
  1064 10071
  1065 10071
  1066 10071
  1067 10071
  1068 10071
  1069 10071
  1070 10071
  1071 10071
  1072 10071
  1073 10071
  1074 10071
  1075 10071
  1076 10071
  1077 10071
  1078 10071
  1079 10071
  1080 10071
  1081 10071
  1082 10071
  1083 10071
  1084 10071
  1085 10071
  1086 10071
  1087 10071
  1088 10071
  1089 10071
  1090 10071
  1091 10071
  1092 10071
  1093 10071
  1094 10071
  1095 10071
  1096 10071
  1097 10071
  1098 10071
  1099 10071
  1100 10071
  1101 10071
  1102 10071
  1103 10071
  1104 10071
  1105 10071
  1106 10071
  1107 10071
  1108 10071
  1109 10071
  1110 10071
  1111 10071
  1112 10071
  1113 10071
  1114 10071
  1115 10071
  1116 10071
  1117 10071
  1118 10071
  1119 10071
  1120 10071
  1121 10071
  1122 10071
  1123 10071
  1124 10071
  1125 10071
  1126 10071
  1127 10071
  1128 10071
  1129 10071
  1130 10071
  1131 10071
  1132 10071
  1133 10071
  1134 10071
  1135 10071
  1136 10071
  1137 10071
  1138 10071
  1139 10071
  1140 10071
  1141 10071
  1142 10071
  1143 10071
  1144 10071
  1145 10071
  1146 10071
  1147 10071
  1148 10071
  1149 10071
  1150 10071
  1151 10071
  1152 10071
  1153 10071
  1154 10071
  1155 10071
  1156 10071
  1157 10071
  1158 10071
  1159 10071
  1160 10071
  1161 10071
  1162 10071
  1163 10071
  1164 10071
  1165 10071
  1166 10071
  1167 10071
  1168 10071
  1169 10071
  1170 10071
  1171 10071
  1172 10071
  1173 10071
  1174 10090
  1175 10090
  1176 10090
  1177 10090
  1178 10090
  1179 10090
  1180 10090
  1181 10090
  1182 10090
  1183 10090
  1184 10090
  1185 10090
  1186 10090
  1187 10090
  1188 10090
  1189 10090
  1190 10090
  1191 10090
  1192 10090
  1193 10090
  1194 10090
  1195 10090
  1196 10039
  1197 10039
  1198 10090
  1199 10090
  1200 10090
  1201 10090
  1202 10090
  1203 10090
  1204 10090
  1205 10090
  1206 10090
  1207 10090
  1208 10090
  1209 10090
  1210 10090
  1211 10039
  1213 10039
  1214 10039
  1215 10090
  1216 10090
  1217 10090
  1218 10090
  1219 10039
  1220 10039
  1222 10090
  1226 10090
  1227 10071
  1228 10071
  1229 10071
  1230 10071
  1231 10071
  1232 10071
  1233 10071
  1234 10071
  1235 10071
  1236 10071
  1237 10071
  1238 10071
  1239 10071
  1240 10071
  1241 10071
  1242 10071
  1243 10071
  1244 10071
  1245 10071
  1246 10071
  1247 10071
  1248 10071
  1249 10071
  1250 10071
  1251 10071
  1252 10071
  1253 10071
  1254 10071
  1255 10071
  1256 10071
  1257 10071
  1258 10071
  1259 10071
  1260 10071
  1261 10071
  1262 10071
  1263 10039
  1264 10090
  1265 10039
  1266 10039
  1267 10039
  1268 10047
  1269 10028
  1270 10028
  1271 10075
  1272 10028
  1273 10028
  1274 10028
  1275 10028
  1276 10028
  1277 10028
  1278 10028
  1279 10028
  1280 10028
  1283 10020
  1284 10020
  1285 10020
  1286 10020
  1287 10020
  1288 10020
  1289 10020
  1290 10020
  1291 10020
  1292 10020
  1293 10020
  1307 10028
  1308 10028
  1309 10028
  1331 10076
  1332 10076
  1333 10055
  1334 10055
  1335 10055
  1336 10076
  1337 10076
  1338 10076
  1339 10076
  1340 10173
  1341 10076
  1342 10018
  1343 10106
  1344 10173
  1348 10154
  1349 10016
  1350 10016
  1351 10016
  1352 10016
  1353 10016
  1354 10016
  1355 10016
  1356 10016
  1361 10138
  1362 10138
  1364 10086
  1367 10062
  1368 10138
  1375 10067
  1376 10067
  1377 10067
  1378 10067
  1379 10067
  1380 10067
  1381 10067
  1382 10067
  1383 10067
  1384 10067
  1385 10067
  1386 10067
  1387 10067
  1388 10067
  1389 10067
  1390 10067
  1391 10067
  1392 10067
  1393 10067
  1394 10067
  1395 10067
  1396 10067
  1397 10067
  1398 10067
  1399 10067
  1400 10067
  1401 10067
  1402 10067
  1403 10067
  1404 10067
  1405 10067
  1406 10067
  1407 10067
  1408 10067
  1409 10067
  1410 10067
  1411 10067
  1412 10067
  1413 10067
  1414 10067
  1415 10067
  1416 10067
  1417 10067
  1418 10067
  1419 10067
  1420 10067
  1421 10067
  1422 10067
  1423 10067
  1424 10067
  1425 10067
  1426 10067
  1427 10067
  1428 10067
  1429 10067
  1430 10067
  1431 10067
  1432 10067
  1433 10067
  1434 10067
  1435 10067
  1436 10067
  1437 10067
  1438 10067
  1439 10067
  1440 10067
  1441 10067
  1442 10067
  1443 10067
  1444 10067
  1445 10067
  1446 10067
  1447 10067
  1448 10067
  1449 10067
  1450 10067
  1451 10067
  1452 10067
  1453 10067
  1454 10067
  1455 10067
  1456 10067
  1457 10067
  1458 10067
  1459 10067
  1460 10067
  1461 10067
  1462 10067
  1463 10067
  1464 10067
  1465 10067
  1466 10067
  1467 10067
  1468 10067
  1469 10067
  1470 10067
  1471 10067
  1472 10067
  1473 10067
  1474 10067
  1475 10067
  1476 10067
  1477 10067
  1478 10067
  1479 10067
  1480 10067
  1481 10067
  1482 10067
  1483 10067
  1484 10067
  1485 10067
  1486 10067
  1487 10067
  1488 10067
  1489 10067
  1490 10067
  1491 10067
  1492 10067
  1493 10067
  1494 10067
  1495 10067
  1496 10067
  1497 10067
  1498 10067
  1499 10067
  1500 10067
  1501 10067
  1502 10067
  1503 10067
  1504 10067
  1505 10067
  1506 10067
  1507 10067
  1508 10067
  1509 10067
  1510 10067
  1511 10067
  1512 10067
  1513 10067
  1514 10067
  1515 10067
  1516 10067
  1517 10067
  1518 10067
  1519 10067
  1520 10067
  1521 10067
  1522 10067
  1523 10067
  1524 10067
  1525 10067
  1526 10067
  1527 10067
  1528 10067
  1529 10067
  1530 10067
  1531 10067
  1532 10067
  1533 10067
  1534 10067
  1535 10067
  1536 10067
  1537 10067
  1538 10067
  1539 10067
  1540 10067
  1541 10067
  1542 10067
  1543 10067
  1544 10067
  1545 10067
  1546 10067
  1547 10067
  1548 10067
  1549 10067
  1550 10067
  1551 10067
  1552 10067
  1553 10067
  1554 10067
  1555 10067
  1556 10067
  1557 10067
  1558 10067
  1559 10067
  1560 10067
  1561 10067
  1562 10067
  1563 10067
  1564 10067
  1565 10067
  1566 10067
  1567 10067
  1568 10067
  1569 10067
  1570 10067
  1571 10067
  1572 10067
  1573 10067
  1574 10067
  1575 10067
  1576 10067
  1577 10067
  1578 10067
  1579 10067
  1580 10067
  1581 10067
  1582 10067
  1583 10067
  1584 10067
  1585 10067
  1586 10067
  1587 10067
  1588 10067
  1589 10067
  1590 10067
  1591 10067
  1592 10067
  1593 10067
  1594 10067
  1595 10067
  1596 10067
  1597 10067
  1598 10067
  1599 10067
  1600 10067
  1601 10067
  1602 10067
  1603 10067
  1604 10067
  1605 10067
  1606 10067
  1607 10067
  1608 10067
  1609 10067
  1610 10067
  1611 10067
  1612 10067
  1613 10067
  1614 10067
  1615 10067
  1616 10067
  1617 10067
  1618 10067
  1620 10067
  1621 10045
  1623 10045
  1624 10049
  1625 10049
  1626 10049
  1627 10021
  1628 10021
  1629 10021
  1630 10021
  1631 10021
  1632 10021
  1633 10021
  1634 10021
  1635 10021
  1636 10021
  1637 10021
  1638 10021
  1639 10021
  1640 10021
  1641 10021
  1642 10021
  1643 10021
  1644 10021
  1645 10021
  1646 10021
  1647 10021
  1648 10021
  1649 10021
  1650 10021
  1651 10021
  1652 10021
  1653 10021
  1654 10021
  1655 10021
  1656 10021
  1657 10021
  1658 10021
  1659 10021
  1660 10021
  1661 10021
  1662 10021
  1663 10021
  1664 10021
  1665 10021
  1666 10021
  1667 10021
  1668 10021
  1669 10021
  1670 10021
  1671 10021
  1672 10021
  1673 10021
  1674 10021
  1675 10021
  1676 10021
  1677 10021
  1678 10021
  1679 10021
  1680 10021
  1681 10021
  1682 10021
  1683 10021
  1684 10021
  1685 10021
  1686 10021
  1687 10021
  1688 10021
  1689 10021
  1690 10021
  1691 10021
  1692 10021
  1693 10021
  1694 10021
  1695 10021
  1696 10021
  1697 10021
  1698 10021
  1699 10021
  1700 10021
  1701 10021
  1702 10021
  1703 10021
  1704 10021
  1705 10021
  1706 10021
  1707 10021
  1708 10021
  1709 10021
  1710 10021
  1711 10021
  1712 10021
  1713 10021
  1714 10021
  1715 10021
  1716 10021
  1717 10021
  1718 10021
  1719 10021
  1720 10021
  1721 10021
  1722 10021
  1723 10021
  1724 10021
  1725 10021
  1726 10021
  1727 10021
  1728 10021
  1729 10021
  1730 10021
  1731 10021
  1732 10021
  1733 10021
  1734 10021
  1735 10021
  1736 10021
  1737 10021
  1738 10021
  1739 10021
  1740 10021
  1741 10021
  1742 10021
  1743 10021
  1744 10021
  1745 10021
  1746 10021
  1747 10021
  1748 10021
  1749 10021
  1750 10021
  1751 10021
  1752 10021
  1753 10021
  1754 10021
  1755 10021
  1756 10021
  1757 10021
  1758 10021
  1759 10021
  1760 10021
  1761 10021
  1762 10021
  1763 10021
  1764 10021
  1765 10021
  1766 10021
  1767 10021
  1768 10021
  1769 10021
  1770 10021
  1771 10021
  1772 10021
  1773 10021
  1774 10021
  1775 10021
  1776 10021
  1777 10021
  1778 10021
  1779 10021
  1780 10021
  1781 10021
  1782 10021
  1783 10021
  1784 10021
  1785 10021
  1786 10021
  1787 10021
  1788 10021
  1789 10021
  1790 10021
  1791 10021
  1792 10021
  1793 10021
  1794 10021
  1795 10021
  1796 10021
  1797 10021
  1798 10021
  1799 10021
  1800 10021
  1801 10021
  1802 10021
  1803 10021
  1804 10021
  1805 10021
  1806 10021
  1807 10021
  1808 10021
  1809 10021
  1810 10021
  1811 10021
  1812 10021
  1813 10021
  1814 10021
  1815 10021
  1816 10021
  1817 10021
  1818 10021
  1819 10021
  1820 10021
  1821 10021
  1822 10021
  1823 10021
  1824 10021
  1825 10021
  1826 10021
  1827 10021
  1828 10021
  1829 10021
  1830 10021
  1831 10021
  1832 10021
  1833 10021
  1834 10021
  1835 10021
  1836 10021
  1837 10021
  1838 10021
  1839 10021
  1840 10021
  1841 10021
  1842 10021
  1843 10021
  1844 10021
  1845 10021
  1846 10021
  1847 10021
  1848 10021
  1849 10021
  1850 10021
  1851 10021
  1852 10021
  1853 10021
  1854 10021
  1855 10021
  1856 10021
  1857 10049
  1858 10049
  1859 10049
  1860 10049
  1863 10091
  1869 10122
  1870 10005
  1871 10122
  1872 10122
  1873 10122
  1874 10122
  1875 10122
  1876 10122
  1877 10122
  1878 10122
  1879 10122
  1880 10122
  1881 10122
  1882 10122
  1883 10122
  1884 10122
  1885 10122
  1886 10122
  1887 10122
  1888 10122
  1889 10122
  1890 10122
  1891 10122
  1892 10122
  1893 10122
  1894 10122
  1895 10122
  1896 10122
  1897 10122
  1898 10122
  1899 10122
  1900 10122
  1901 10122
  1902 10122
  1903 10122
  1904 10122
  1905 10122
  1906 10122
  1907 10122
  1908 10122
  1909 10122
  1910 10122
  1911 10122
  1912 10122
  1913 10122
  1914 10122
  1915 10122
  1916 10122
  1917 10122
  1918 10122
  1919 10122
  1920 10122
  1921 10122
  1922 10122
  1923 10122
  1924 10122
  1925 10122
  1926 10122
  1927 10122
  1928 10122
  1929 10122
  1930 10122
  1931 10122
  1932 10122
  1933 10122
  1934 10122
  1935 10122
  1936 10122
  1937 10122
  1938 10122
  1939 10122
  1940 10122
  1941 10122
  1942 10122
  1943 10122
  1944 10122
  1945 10122
  1946 10122
  1947 10122
  1948 10122
  1949 10122
  1950 10122
  1951 10122
  1952 10122
  1953 10122
  1954 10122
  1955 10122
  1956 10122
  1957 10122
  1958 10122
  1959 10122
  1960 10122
  1961 10122
  1962 10122
  1963 10122
  1964 10122
  1965 10122
  1966 10122
  1967 10122
  1968 10122
  1969 10122
  1970 10122
  1971 10122
  1972 10122
  1973 10122
  1974 10122
  1975 10122
  1976 10122
  1977 10122
  1978 10122
  1979 10122
  1984 10122
  1985 10122
  1986 10122
  1987 10122
  1988 10122
  1989 10122
  1990 10122
  1991 10122
  1992 10122
  1993 10122
  1994 10122
  1995 10122
  1996 10122
  1997 10122
  1998 10122
  1999 10122
  2000 10122
  2001 10122
  2002 10122
  2003 10122
  2004 10122
  2005 10122
  2006 10122
  2007 10122
  2008 10122
  2009 10122
  2010 10122
  2011 10122
  2012 10122
  2013 10122
  2014 10122
  2015 10122
  2016 10122
  2017 10122
  2018 10122
  2019 10122
  2020 10122
  2021 10122
  2022 10122
  2023 10122
  2024 10122
  2031 10039
  2032 10039
  2033 10039
  2034 10039
  2035 10039
  2036 10039
  2037 10090
  2038 10090
