   726 10144
   727 10144
   728 10144
   729 10144
   730 10144
   731 10010
   732 10010
   733 10010
   734 10010
   735 10010
   736 10055
   737 10010
   738 10055
   739 10052
   740 10052
   743 10106
   744 10018
   745 10010
   746 10144
   747 10144
   748 10144
   749 10144
   750 10010
   751 10010
   752 10010
   753 10144
   754 10144
   755 10144
   756 10144
   757 10144
   758 10010
   759 10010
   760 10010
   761 10010
   762 10144
   763 10144
   764 10144
   765 10144
   766 10144
   767 10144
   768 10144
   769 10010
   770 10144
   771 10144
   772 10144
   773 10010
   774 10010
   775 10010
   776 10010
   777 10010
   778 10101
   779 10101
   780 10101
   781 10134
   782 10144
   783 10144
   784 10010
   785 10010
   786 10010
   787 10010
   788 10010
   789 10010
   790 10010
   791 10010
   792 10010
   793 10010
   794 10144
   795 10144
   796 10144
   797 10144
   798 10144
   799 10144
   800 10144
   801 10144
   802 10144
   803 10144
   804 10010
   805 10010
   806 10144
   807 10144
   808 10010
   809 10010
   810 10010
   811 10144
   812 10144
   813 10144
   814 10144
   815 10144
   816 10144
   817 10144
   818 10144
   819 10144
   820 10144
   821 10144
   822 10144
   823 10144
   824 10144
   825 10144
   826 10144
   827 10144
   828 10144
   829 10144
   830 10144
   831 10144
   832 10144
   833 10144
   834 10144
   835 10144
   836 10144
   837 10144
   838 10144
   839 10144
   840 10144
   841 10144
   842 10144
   843 10144
   844 10144
   845 10144
   846 10144
   847 10144
   848 10144
   849 10144
   850 10144
   851 10144
   852 10144
   853 10144
   854 10144
   855 10144
   856 10144
   857 10144
   858 10144
   859 10010
   860 10144
   861 10144
   862 10144
   863 10144
   864 10144
   865 10144
   866 10144
   867 10144
   868 10144
   869 10144
   870 10144
   871 10144
   872 10144
   873 10144
   874 10144
   875 10144
   876 10144
   877 10144
   878 10144
   879 10144
   880 10144
   881 10144
   882 10144
   883 10144
   884 10144
   885 10144
   886 10144
   887 10144
   888 10144
   889 10144
   890 10144
   891 10144
   892 10144
   893 10144
   894 10144
   895 10144
   896 10144
   897 10144
   898 10144
   899 10144
   900 10144
   901 10144
   902 10144
   903 10144
   904 10144
   905 10144
   906 10144
   907 10144
   908 10144
   909 10144
   910 10144
   911 10144
   912 10144
   913 10144
   914 10144
   915 10144
   916 10144
   917 10144
   918 10144
   919 10144
   920 10144
   921 10144
   922 10144
   923 10144
   924 10144
   925 10144
   926 10144
   927 10144
   928 10144
   929 10144
   930 10144
   931 10144
   932 10144
   933 10144
   934 10144
   935 10144
   936 10144
   937 10144
   938 10144
   939 10144
   940 10144
   941 10144
   942 10144
   943 10144
   944 10144
   945 10144
   946 10144
   947 10144
   948 10144
   949 10144
   950 10144
   951 10144
   952 10144
   953 10144
   954 10144
   955 10144
   956 10144
   957 10144
   958 10010
   959 10010
   960 10010
   961 10010
   962 10144
   963 10144
   964 10144
   965 10144
   966 10144
   967 10144
   968 10144
   969 10144
   970 10144
   971 10144
   972 10144
   973 10144
   974 10144
   975 10144
   976 10144
   977 10144
   978 10144
   979 10144
   980 10144
   981 10144
   982 10144
   983 10144
   984 10144
   985 10144
   986 10144
   987 10144
   988 10144
   989 10144
   990 10144
   991 10144
   992 10144
   993 10144
   994 10144
   995 10144
   996 10144
   997 10144
   998 10144
   999 10144
  1000 10144
  1001 10144
  1002 10144
  1003 10144
  1004 10144
  1005 10144
  1006 10144
  1007 10144
  1008 10144
  1009 10144
  1010 10144
  1011 10010
  1012 10010
  1013 10010
  1014 10010
  1015 10010
  1016 10010
  1017 10010
  1018 10076
  1019 10061
  1020 10061
  1021 10061
  1022 10061
  1023 10061
  1024 10043
  1025 10043
  1026 10066
  1027 10066
  1028 10020
  1029 10020
  1030 10020
  1031 10020
  1032 10020
  1033 10020
  1034 10020
  1035 10020
  1036 10020
  1037 10020
  1038 10020
  1039 10020
  1040 10020
  1041 10020
  1042 10020
  1043 10020
  1044 10020
  1045 10020
  1046 10020
  1047 10020
  1048 10020
  1049 10020
  1050 10020
  1051 10020
  1052 10020
  1053 10020
  1054 10020
  1055 10020
  1056 10020
  1057 10020
  1058 10020
  1059 10020
  1060 10020
  1061 10020
  1062 10020
  1063 10020
  1064 10020
  1065 10020
  1066 10020
  1067 10020
  1068 10020
  1069 10020
  1070 10020
  1071 10020
  1072 10020
  1073 10020
  1074 10020
  1075 10020
  1076 10020
  1077 10020
  1078 10020
  1079 10020
  1080 10020
  1081 10020
  1082 10020
  1083 10020
  1084 10020
  1085 10020
  1086 10020
  1087 10020
  1088 10020
  1089 10020
  1090 10020
  1091 10020
  1092 10020
  1093 10020
  1094 10020
  1095 10020
  1096 10020
  1097 10020
  1098 10020
  1099 10020
  1100 10020
  1101 10020
  1102 10020
  1103 10020
  1104 10020
  1105 10020
  1106 10020
  1107 10020
  1108 10020
  1109 10020
  1110 10020
  1111 10020
  1112 10020
  1113 10020
  1114 10020
  1115 10020
  1116 10020
  1117 10020
  1118 10020
  1119 10020
  1120 10020
  1121 10020
  1122 10020
  1123 10020
  1124 10020
  1125 10020
  1126 10020
  1127 10020
  1128 10020
  1129 10020
  1130 10020
  1131 10020
  1132 10020
  1133 10020
  1134 10020
  1135 10020
  1136 10020
  1137 10020
  1138 10020
  1139 10020
  1140 10020
  1141 10020
  1142 10020
  1143 10020
  1144 10020
  1145 10020
  1146 10020
  1147 10020
  1148 10020
  1149 10020
  1150 10020
  1151 10020
  1152 10020
  1153 10020
  1154 10020
  1155 10020
  1156 10020
  1157 10020
  1158 10020
  1159 10020
  1160 10020
  1161 10020
  1162 10020
  1163 10020
  1164 10020
  1165 10020
  1166 10020
  1167 10020
  1168 10020
  1169 10020
  1170 10020
  1171 10020
  1172 10020
  1173 10020
  1174 10020
  1175 10020
  1176 10020
  1177 10020
  1178 10020
  1179 10020
  1180 10020
  1181 10020
  1182 10020
  1183 10020
  1184 10020
  1185 10020
  1186 10020
  1187 10020
  1188 10020
  1189 10020
  1190 10020
  1191 10020
  1192 10020
  1193 10020
  1194 10020
  1195 10020
  1196 10020
  1197 10020
  1198 10020
  1199 10020
  1200 10020
  1201 10020
  1202 10020
  1203 10020
  1204 10020
  1205 10020
  1206 10020
  1207 10020
  1208 10020
  1209 10020
  1210 10066
  1211 10066
  1212 10020
  1213 10020
  1214 10020
  1215 10020
  1216 10020
  1217 10066
  1218 10020
  1219 10020
  1220 10020
  1221 10020
  1222 10020
  1223 10020
  1224 10028
  1225 10028
  1226 10028
  1227 10028
  1228 10028
  1229 10028
  1230 10028
  1231 10028
  1232 10028
  1233 10028
  1234 10028
  1235 10020
  1236 10066
  1237 10066
  1238 10066
  1239 10066
  1240 10066
  1241 10066
  1242 10066
  1243 10066
  1244 10066
  1245 10066
  1246 10066
  1247 10066
  1248 10066
  1249 10066
  1250 10066
  1251 10066
  1252 10066
  1253 10066
  1254 10019
  1255 10066
  1256 10019
  1257 10066
  1258 10066
  1259 10020
  1260 10072
  1261 10072
  1266 10141
  1267 10141
  1268 10173
  1269 10018
  1270 10018
  1271 10018
  1272 10018
  1273 10158
  1274 10158
  1275 10018
  1276 10018
  1277 10018
  1278 10018
  1279 10018
  1339 10068
  1340 10055
  1347 10169
  1348 10101
  1349 10101
  1350 10101
  1351 10101
  1352 10061
  1353 10061
  1354 10169
  1355 10169
  1356 10169
  1357 10128
  1358 10128
  1359 10128
  1360 10128
  1361 10101
  1362 10101
  1363 10101
  1364 10101
  1365 10101
  1366 10138
  1367 10101
  1368 10138
  1369 10101
  1370 10169
  1371 10169
  1372 10169
  1373 10169
  1374 10101
  1375 10101
  1376 10101
  1377 10101
  1378 10101
  1379 10138
  1382 10101
  1387 10021
  1388 10082
  1389 10082
  1390 10082
  1391 10082
  1392 10082
  1393 10082
  1394 10082
  1395 10082
  1396 10082
  1397 10082
  1398 10082
  1399 10082
  1400 10082
  1401 10082
  1402 10082
  1403 10082
  1404 10082
  1405 10082
  1406 10082
  1407 10082
  1408 10082
  1409 10082
  1410 10082
  1411 10082
  1412 10082
  1413 10082
  1414 10082
  1415 10082
  1416 10082
  1417 10082
  1418 10082
  1419 10082
  1420 10082
  1421 10082
  1422 10082
  1423 10082
  1424 10082
  1425 10082
  1426 10082
  1427 10082
  1428 10082
  1429 10082
  1430 10082
  1431 10082
  1432 10082
  1433 10082
  1434 10082
  1435 10082
  1436 10082
  1437 10082
  1438 10082
  1439 10082
  1440 10082
  1441 10082
  1442 10082
  1443 10082
  1444 10082
  1445 10082
  1446 10082
  1447 10082
  1448 10082
  1449 10082
  1450 10082
  1451 10082
  1452 10082
  1453 10082
  1454 10082
  1455 10082
  1456 10082
  1457 10082
  1458 10082
  1459 10082
  1460 10082
  1461 10082
  1462 10082
  1463 10082
  1464 10082
  1465 10082
  1466 10082
  1467 10082
  1468 10082
  1469 10082
  1470 10082
  1471 10082
  1472 10082
  1473 10082
  1474 10082
  1475 10082
  1476 10082
  1477 10082
  1478 10082
  1479 10082
  1480 10082
  1481 10082
  1482 10082
  1483 10082
  1484 10082
  1485 10082
  1486 10082
  1487 10082
  1488 10082
  1489 10082
  1490 10082
  1491 10082
  1492 10082
  1493 10082
  1494 10082
  1495 10082
  1496 10082
  1497 10082
  1498 10082
  1499 10082
  1500 10082
  1501 10082
  1502 10082
  1503 10082
  1504 10082
  1505 10082
  1506 10082
  1507 10082
  1508 10082
  1509 10082
  1510 10082
  1511 10082
  1512 10082
  1513 10082
  1514 10082
  1515 10082
  1516 10082
  1517 10082
  1518 10082
  1519 10082
  1520 10082
  1521 10082
  1522 10082
  1523 10082
  1524 10082
  1525 10082
  1526 10082
  1527 10082
  1528 10082
  1529 10082
  1530 10082
  1531 10082
  1532 10082
  1533 10082
  1534 10082
  1535 10082
  1536 10082
  1537 10082
  1538 10082
  1539 10082
  1540 10082
  1541 10082
  1542 10082
  1543 10082
  1544 10082
  1545 10082
  1546 10082
  1547 10082
  1548 10082
  1549 10082
  1550 10082
  1551 10082
  1552 10082
  1553 10082
  1554 10082
  1555 10082
  1556 10082
  1557 10082
  1558 10082
  1559 10082
  1560 10082
  1561 10082
  1562 10082
  1563 10082
  1564 10082
  1565 10082
  1566 10082
  1567 10082
  1568 10082
  1569 10082
  1570 10082
  1571 10082
  1572 10082
  1573 10082
  1574 10082
  1575 10082
  1576 10082
  1577 10082
  1578 10082
  1579 10082
  1580 10082
  1581 10082
  1582 10082
  1583 10082
  1584 10082
  1585 10082
  1586 10082
  1587 10082
  1588 10082
  1589 10082
  1590 10082
  1591 10082
  1592 10082
  1593 10082
  1594 10082
  1595 10082
  1596 10082
  1597 10082
  1598 10082
  1599 10082
  1600 10082
  1601 10082
  1602 10082
  1603 10082
  1604 10082
  1605 10082
  1606 10082
  1607 10082
  1608 10082
  1609 10082
  1610 10082
  1611 10082
  1612 10082
  1613 10082
  1614 10082
  1615 10082
  1616 10082
  1617 10082
  1618 10041
  1619 10019
  1620 10019
  1621 10019
  1629 10104
  1630 10104
  1631 10104
  1632 10104
  1633 10104
  1634 10104
  1635 10104
  1636 10104
  1637 10104
  1638 10104
  1639 10104
  1640 10104
  1641 10104
  1642 10104
  1643 10104
  1644 10104
  1645 10104
  1646 10104
  1647 10104
  1648 10104
  1649 10104
  1650 10104
  1651 10104
  1652 10104
  1653 10104
  1654 10104
  1655 10104
  1656 10104
  1657 10104
  1658 10104
  1659 10104
  1660 10104
  1661 10104
  1662 10104
  1663 10104
  1664 10104
  1665 10104
  1666 10104
  1667 10104
  1668 10104
  1669 10104
  1670 10104
  1671 10104
  1672 10104
  1673 10104
  1674 10104
  1675 10104
  1676 10104
  1677 10104
  1678 10104
  1679 10104
  1680 10104
  1681 10104
  1682 10104
  1683 10104
  1684 10104
  1685 10104
  1686 10104
  1687 10104
  1688 10104
  1689 10104
  1690 10104
  1691 10104
  1692 10104
  1693 10104
  1694 10104
  1695 10104
  1696 10104
  1697 10104
  1698 10104
  1699 10104
  1700 10104
  1701 10104
  1702 10104
  1703 10104
  1704 10104
  1705 10104
  1706 10104
  1707 10104
  1708 10104
  1709 10104
  1710 10104
  1711 10104
  1712 10104
  1713 10104
  1714 10104
  1715 10104
  1716 10104
  1717 10104
  1718 10104
  1719 10104
  1720 10104
  1721 10104
  1722 10104
  1723 10104
  1724 10104
  1725 10104
  1726 10104
  1727 10104
  1728 10104
  1729 10104
  1730 10104
  1731 10104
  1732 10104
  1733 10104
  1734 10104
  1735 10104
  1736 10104
  1737 10104
  1738 10104
  1739 10104
  1740 10104
  1741 10104
  1742 10104
  1743 10104
  1744 10104
  1745 10104
  1746 10104
  1747 10104
  1748 10104
  1749 10104
  1750 10104
  1751 10104
  1752 10104
  1753 10104
  1754 10104
  1755 10104
  1756 10104
  1757 10104
  1758 10104
  1759 10104
  1760 10104
  1761 10104
  1762 10104
  1763 10104
  1764 10104
  1765 10104
  1766 10104
  1767 10104
  1768 10104
  1769 10104
  1770 10104
  1771 10104
  1772 10104
  1773 10104
  1774 10104
  1775 10104
  1776 10104
  1777 10104
  1778 10104
  1779 10104
  1780 10104
  1781 10104
  1782 10104
  1783 10104
  1784 10104
  1785 10104
  1786 10104
  1787 10104
  1788 10104
  1789 10104
  1790 10104
  1791 10104
  1792 10104
  1793 10104
  1794 10104
  1795 10104
  1796 10104
  1797 10104
  1798 10104
  1799 10104
  1800 10104
  1801 10104
  1802 10104
  1803 10104
  1804 10104
  1805 10104
  1806 10104
  1807 10104
  1808 10104
  1809 10104
  1810 10104
  1811 10104
  1812 10104
  1813 10104
  1814 10104
  1815 10104
  1816 10104
  1817 10104
  1818 10104
  1819 10104
  1820 10104
  1821 10104
  1822 10104
  1823 10104
  1824 10104
  1825 10104
  1826 10104
  1827 10104
  1828 10104
  1829 10104
  1830 10104
  1831 10104
  1832 10104
  1833 10104
  1834 10104
  1835 10104
  1836 10104
  1837 10104
  1838 10104
  1839 10104
  1840 10104
  1841 10104
  1842 10104
  1843 10104
  1844 10104
  1845 10104
  1846 10104
  1847 10104
  1848 10104
  1849 10104
  1850 10104
  1851 10104
  1852 10104
  1853 10104
  1854 10104
  1855 10104
  1856 10104
  1857 10104
  1858 10104
  1859 10104
  1860 10104
  1861 10104
  1863 10104
