   692 10074
   693 10074
   694 10074
   695 10074
   696 10074
   697 10074
   698 10074
   699 10074
   700 10074
   701 10074
   702 10074
   703 10074
   704 10074
   705 10074
   706 10074
   707 10074
   708 10074
   709 10074
   710 10074
   711 10074
   712 10074
   713 10074
   714 10074
   715 10074
   716 10074
   717 10074
   718 10074
   719 10074
   720 10074
   721 10074
   722 10074
   723 10074
   724 10074
   725 10074
   726 10074
   727 10074
   728 10074
   729 10074
   730 10074
   731 10074
   732 10074
   733 10074
   734 10074
   735 10074
   736 10074
   737 10074
   738 10074
   739 10074
   740 10074
   741 10074
   742 10074
   743 10074
   744 10074
   745 10074
   746 10074
   747 10074
   748 10074
   749 10074
   750 10074
   751 10074
   752 10074
   753 10074
   754 10074
   755 10074
   756 10074
   757 10074
   758 10074
   759 10074
   760 10074
   761 10074
   762 10074
   763 10074
   764 10074
   765 10156
   766 10074
   767 10074
   768 10074
   769 10074
   770 10074
   771 10074
   772 10074
   773 10074
   774 10074
   775 10074
   776 10074
   777 10074
   778 10074
   779 10143
   780 10143
   781 10143
   782 10143
   783 10006
   784 10075
   785 10143
   786 10146
   787 10146
   788 10146
   789 10146
   790 10146
   791 10146
   792 10146
   793 10146
   794 10146
   795 10146
   796 10146
   797 10146
   798 10146
   799 10146
   800 10146
   801 10146
   802 10146
   803 10146
   804 10146
   805 10146
   806 10146
   807 10146
   808 10146
   809 10146
   810 10146
   811 10146
   812 10146
   813 10146
   814 10146
   815 10146
   816 10146
   817 10146
   818 10146
   819 10146
   820 10146
   821 10146
   822 10146
   823 10146
   824 10146
   825 10146
   826 10146
   827 10146
   828 10146
   829 10146
   830 10146
   831 10146
   832 10146
   833 10146
   834 10146
   835 10146
   836 10146
   837 10146
   838 10146
   839 10146
   840 10146
   841 10146
   842 10146
   843 10146
   844 10146
   845 10146
   846 10146
   847 10146
   848 10146
   849 10146
   850 10146
   851 10146
   852 10146
   853 10146
   854 10146
   855 10146
   856 10146
   857 10146
   858 10146
   859 10146
   860 10146
   861 10146
   862 10146
   863 10146
   864 10146
   865 10146
   866 10146
   867 10146
   868 10146
   869 10146
   870 10146
   871 10146
   872 10146
   873 10146
   874 10146
   875 10146
   876 10146
   877 10146
   878 10146
   879 10146
   880 10146
   881 10146
   882 10146
   883 10146
   884 10146
   885 10146
   886 10146
   887 10146
   888 10146
   889 10146
   890 10146
   891 10146
   892 10146
   893 10146
   894 10146
   895 10146
   896 10146
   897 10146
   898 10146
   899 10146
   900 10146
   901 10146
   902 10146
   903 10146
   904 10146
   905 10146
   906 10146
   907 10146
   908 10146
   909 10146
   910 10146
   911 10146
   912 10146
   913 10146
   914 10146
   915 10146
   916 10146
   917 10146
   918 10146
   919 10146
   920 10146
   921 10146
   922 10146
   923 10146
   924 10146
   925 10146
   926 10146
   927 10146
   928 10146
   929 10146
   930 10146
   931 10146
   932 10146
   933 10146
   934 10146
   935 10146
   936 10146
   937 10146
   938 10146
   939 10146
   940 10146
   941 10146
   942 10146
   943 10146
   944 10146
   945 10146
   946 10146
   947 10146
   948 10146
   949 10146
   950 10146
   951 10146
   952 10146
   953 10146
   954 10146
   955 10146
   956 10146
   957 10146
   958 10146
   959 10146
   960 10146
   961 10146
   962 10146
   963 10146
   964 10146
   965 10146
   966 10146
   967 10146
   968 10146
   969 10146
   970 10146
   971 10146
   972 10146
   973 10146
   974 10146
   975 10146
   976 10146
   977 10146
   978 10146
   979 10146
   980 10146
   981 10146
   982 10146
   983 10146
   984 10146
   985 10146
   986 10146
   987 10146
   988 10146
   989 10146
   990 10146
   991 10146
   992 10146
   993 10146
   994 10146
   996 10143
   997 10143
   998 10143
   999 10016
  1000 10016
  1001 10016
  1002 10016
  1003 10016
  1004 10016
  1005 10143
  1006 10143
  1007 10146
  1008 10146
  1009 10143
  1010 10143
  1011 10143
  1012 10143
  1013 10143
  1014 10143
  1015 10143
  1016 10143
  1017 10143
  1018 10143
  1019 10153
  1020 10143
  1021 10143
  1022 10143
  1023 10143
  1024 10143
  1025 10143
  1026 10049
  1027 10049
  1028 10049
  1029 10049
  1030 10049
  1031 10049
  1032 10049
  1033 10049
  1034 10049
  1035 10049
  1036 10049
  1037 10049
  1038 10049
  1039 10049
  1040 10049
  1041 10049
  1042 10049
  1043 10049
  1044 10049
  1045 10049
  1046 10049
  1047 10049
  1048 10049
  1049 10049
  1050 10049
  1051 10049
  1052 10049
  1053 10049
  1054 10049
  1055 10049
  1056 10049
  1057 10049
  1058 10049
  1059 10049
  1060 10049
  1061 10049
  1062 10049
  1063 10049
  1064 10049
  1065 10049
  1066 10049
  1067 10049
  1068 10049
  1069 10049
  1070 10049
  1071 10049
  1072 10049
  1073 10049
  1074 10049
  1075 10049
  1076 10049
  1077 10049
  1078 10049
  1079 10049
  1080 10049
  1081 10049
  1082 10049
  1083 10049
  1084 10049
  1085 10049
  1086 10049
  1087 10049
  1088 10049
  1089 10049
  1090 10049
  1091 10049
  1092 10049
  1093 10049
  1094 10049
  1095 10049
  1096 10049
  1097 10049
  1098 10049
  1099 10049
  1100 10049
  1101 10049
  1102 10049
  1103 10049
  1104 10049
  1105 10049
  1106 10049
  1107 10049
  1108 10049
  1109 10049
  1110 10049
  1111 10049
  1112 10049
  1113 10049
  1114 10049
  1115 10049
  1116 10049
  1117 10049
  1118 10049
  1119 10049
  1120 10049
  1121 10049
  1122 10049
  1123 10049
  1124 10049
  1125 10049
  1126 10049
  1127 10049
  1128 10049
  1129 10049
  1130 10049
  1131 10049
  1132 10049
  1133 10049
  1134 10049
  1135 10049
  1136 10049
  1137 10049
  1138 10049
  1139 10049
  1140 10049
  1141 10049
  1142 10049
  1143 10049
  1144 10049
  1145 10049
  1146 10049
  1147 10049
  1148 10049
  1149 10049
  1150 10049
  1151 10049
  1152 10049
  1153 10049
  1154 10049
  1155 10049
  1156 10049
  1157 10049
  1158 10049
  1159 10049
  1160 10049
  1161 10036
  1162 10036
  1163 10036
  1164 10036
  1165 10036
  1166 10049
  1167 10049
  1168 10049
  1169 10049
  1170 10049
  1171 10049
  1172 10049
  1173 10049
  1174 10049
  1175 10049
  1176 10049
  1177 10049
  1178 10049
  1179 10049
  1180 10049
  1181 10049
  1182 10049
  1183 10049
  1184 10049
  1185 10049
  1186 10049
  1187 10049
  1188 10049
  1189 10049
  1190 10049
  1191 10049
  1192 10049
  1193 10049
  1194 10049
  1195 10049
  1196 10049
  1197 10049
  1198 10049
  1199 10049
  1200 10049
  1201 10049
  1202 10049
  1203 10049
  1204 10049
  1205 10049
  1206 10049
  1207 10049
  1208 10049
  1209 10049
  1210 10049
  1211 10049
  1212 10049
  1213 10049
  1214 10049
  1215 10049
  1216 10049
  1217 10049
  1218 10049
  1219 10049
  1220 10049
  1221 10049
  1222 10049
  1223 10049
  1224 10049
  1225 10049
  1226 10049
  1227 10049
  1228 10049
  1229 10049
  1230 10049
  1231 10049
  1232 10049
  1233 10049
  1234 10049
  1235 10049
  1236 10049
  1237 10049
  1238 10049
  1239 10049
  1240 10049
  1241 10049
  1242 10049
  1243 10049
  1244 10049
  1245 10049
  1246 10049
  1247 10049
  1248 10049
  1249 10049
  1250 10049
  1251 10049
  1252 10049
  1253 10049
  1254 10049
  1255 10049
  1256 10143
  1257 10143
  1258 10143
  1259 10143
  1260 10143
  1261 10154
  1262 10154
  1263 10154
  1264 10154
  1272 10076
  1273 10076
  1274 10018
  1275 10018
  1276 10018
  1277 10018
  1278 10018
  1279 10018
  1280 10018
  1281 10076
  1304 10031
  1305 10076
  1308 10031
  1341 10173
  1342 10173
  1343 10173
  1344 10098
  1345 10055
  1346 10055
  1347 10055
  1348 10055
  1349 10097
  1350 10097
  1351 10097
  1352 10097
  1353 10097
  1354 10097
  1355 10097
  1356 10097
  1357 10097
  1358 10097
  1359 10097
  1360 10097
  1361 10097
  1362 10097
  1363 10097
  1364 10097
  1365 10097
  1366 10097
  1367 10097
  1368 10097
  1369 10097
  1370 10097
  1371 10097
  1372 10162
  1373 10162
  1374 10162
  1375 10162
  1376 10162
  1377 10162
  1378 10162
  1379 10162
  1380 10162
  1381 10162
  1382 10154
  1383 10154
  1384 10154
  1385 10154
  1386 10161
  1387 10161
  1388 10154
  1389 10154
  1390 10154
  1391 10154
  1392 10154
  1393 10154
  1394 10154
  1395 10154
  1396 10154
  1397 10154
  1398 10154
  1399 10154
  1400 10154
  1401 10154
  1402 10154
  1403 10154
  1404 10154
  1405 10154
  1406 10154
  1407 10154
  1408 10154
  1409 10154
  1410 10154
  1411 10154
  1412 10154
  1413 10154
  1414 10154
  1415 10154
  1416 10154
  1417 10154
  1418 10154
  1419 10031
  1420 10031
  1421 10154
  1422 10154
  1423 10154
  1424 10154
  1425 10154
  1426 10154
  1427 10154
  1428 10154
  1429 10154
  1430 10154
  1431 10154
  1441 10154
  1442 10154
  1443 10154
  1444 10154
  1445 10154
  1446 10154
  1447 10154
  1448 10154
  1449 10154
  1453 10154
  1454 10154
  1455 10154
  1456 10154
  1457 10154
  1458 10154
  1459 10154
  1460 10154
  1461 10154
  1462 10154
  1463 10154
  1464 10154
  1465 10154
  1466 10154
  1467 10154
  1468 10154
  1469 10154
  1470 10154
  1471 10154
  1472 10154
  1473 10154
  1474 10154
  1475 10154
  1476 10154
  1477 10154
  1478 10154
  1479 10154
  1480 10154
  1481 10154
  1482 10154
  1483 10154
  1484 10154
  1485 10154
  1486 10154
  1487 10154
  1488 10154
  1489 10154
  1490 10154
  1491 10154
  1492 10154
  1493 10154
  1494 10154
  1495 10154
  1496 10162
  1497 10162
  1498 10162
  1499 10162
  1500 10162
  1501 10162
  1502 10162
  1503 10162
  1504 10162
  1505 10162
  1506 10162
  1507 10162
  1508 10162
  1509 10162
  1510 10162
  1511 10162
  1512 10162
  1513 10162
  1514 10162
  1515 10162
  1516 10162
  1517 10162
  1518 10162
  1519 10162
  1520 10162
  1521 10162
  1522 10162
  1523 10162
  1524 10162
  1525 10162
  1526 10162
  1527 10162
  1528 10162
  1529 10162
  1530 10162
  1531 10162
  1532 10162
  1533 10162
  1534 10162
  1535 10162
  1536 10162
  1537 10162
  1538 10162
  1539 10162
  1540 10162
  1541 10162
  1542 10162
  1543 10162
  1544 10162
  1545 10162
  1546 10162
  1547 10162
  1548 10162
  1549 10162
  1550 10162
  1551 10162
  1552 10162
  1553 10162
  1554 10162
  1555 10162
  1556 10162
  1557 10162
  1558 10162
  1559 10162
  1560 10162
  1561 10162
  1562 10162
  1563 10162
  1564 10162
  1565 10162
  1566 10162
  1567 10162
  1568 10162
  1569 10162
  1570 10162
  1571 10162
  1572 10162
  1573 10162
  1574 10162
  1575 10162
  1576 10162
  1577 10162
  1578 10162
  1579 10162
  1580 10162
  1581 10162
  1586 10162
  1587 10162
  1588 10162
  1589 10162
  1590 10162
  1591 10162
  1592 10162
  1593 10162
  1594 10162
  1595 10162
  1596 10162
  1597 10162
  1598 10162
  1599 10162
  1600 10162
  1601 10162
  1602 10162
  1603 10162
  1604 10162
  1605 10162
  1606 10162
  1607 10162
  1608 10162
  1609 10162
  1610 10162
  1611 10162
  1612 10162
  1613 10162
  1614 10162
  1615 10162
  1616 10162
  1617 10162
  1618 10162
  1619 10162
  1620 10162
  1621 10162
  1622 10162
  1623 10162
  1624 10097
  1625 10097
  1626 10077
  1627 10170
  1628 10170
  1629 10170
  1630 10170
  1631 10170
  1632 10170
  1633 10170
  1634 10170
  1635 10170
  1636 10170
  1637 10170
  1638 10170
  1639 10170
  1640 10170
  1641 10170
  1642 10170
  1643 10170
  1644 10170
  1645 10170
  1646 10170
  1647 10170
  1648 10170
  1649 10170
  1650 10170
  1651 10170
  1652 10170
  1653 10170
  1654 10170
  1655 10170
  1656 10170
  1657 10170
  1658 10170
  1659 10170
  1660 10170
  1661 10170
  1662 10170
  1663 10170
  1664 10170
  1665 10170
  1666 10170
  1667 10170
  1668 10170
  1669 10170
  1670 10170
  1671 10170
  1672 10170
  1673 10170
  1674 10170
  1675 10170
  1676 10170
  1677 10170
  1678 10170
  1679 10170
  1680 10170
  1681 10170
  1682 10170
  1683 10170
  1684 10170
  1685 10170
  1686 10170
  1687 10170
  1688 10170
  1689 10170
  1690 10170
  1691 10170
  1692 10170
  1693 10170
  1694 10170
  1695 10170
  1696 10170
  1697 10170
  1698 10170
  1699 10170
  1700 10170
  1701 10170
  1702 10170
  1703 10170
  1704 10170
  1705 10170
  1706 10170
  1707 10170
  1708 10170
  1709 10170
  1710 10170
  1711 10170
  1712 10170
  1713 10170
  1714 10170
  1715 10170
  1716 10170
  1717 10170
  1718 10170
  1719 10170
  1720 10170
  1721 10170
  1722 10170
  1723 10170
  1724 10170
  1725 10170
  1726 10170
  1727 10170
  1728 10170
  1729 10170
  1730 10170
  1731 10170
  1732 10170
  1733 10170
  1734 10170
  1735 10170
  1736 10170
  1737 10170
  1738 10170
  1739 10170
  1740 10170
  1741 10170
  1742 10170
  1743 10170
  1744 10170
  1745 10170
  1746 10170
  1747 10170
  1748 10170
  1749 10170
  1750 10170
  1751 10170
  1752 10170
  1753 10170
  1754 10170
  1755 10170
  1756 10170
  1757 10170
  1758 10170
  1759 10170
  1760 10170
  1761 10170
  1762 10170
  1763 10170
  1764 10170
  1765 10170
  1766 10170
  1767 10170
  1768 10170
  1769 10170
  1770 10170
  1771 10170
  1772 10170
  1773 10170
  1774 10170
  1775 10170
  1776 10170
  1777 10170
  1778 10170
  1779 10170
  1780 10170
  1781 10170
  1782 10170
  1783 10170
  1784 10170
  1785 10170
  1786 10170
  1787 10170
  1788 10170
  1789 10170
  1790 10170
  1791 10170
  1792 10170
  1793 10170
  1794 10170
  1795 10170
  1796 10170
  1797 10170
  1798 10170
  1799 10170
  1800 10170
  1801 10170
  1802 10170
  1803 10170
  1804 10170
  1805 10170
  1806 10170
  1807 10170
  1808 10170
  1809 10170
  1810 10170
  1811 10170
  1812 10170
  1813 10170
  1814 10170
  1815 10170
  1816 10170
  1817 10170
  1818 10170
  1819 10170
  1820 10170
  1821 10170
  1822 10170
  1823 10170
  1824 10170
  1825 10170
  1826 10170
  1827 10170
  1828 10170
  1829 10170
  1830 10170
  1831 10170
  1832 10170
  1833 10170
  1834 10170
  1835 10170
  1836 10170
  1837 10170
  1838 10170
  1839 10170
  1840 10170
  1841 10170
  1842 10170
  1843 10170
  1844 10170
  1845 10170
  1846 10170
  1847 10170
  1848 10170
  1849 10170
  1850 10170
  1851 10170
  1852 10170
  1853 10170
  1854 10170
  1855 10170
  1856 10097
  1857 10170
  1858 10097
  1859 10097
  1860 10016
  1861 10143
  1862 10016
  1863 10074
  1864 10074
  1866 10128
  1867 10128
  1868 10128
  1869 10128
  1870 10128
  1871 10128
  1872 10128
  1873 10128
  1874 10128
  1875 10128
  1876 10128
  1877 10128
  1878 10128
  1879 10128
  1880 10128
  1881 10128
  1882 10128
  1883 10128
  1884 10128
  1885 10128
  1886 10128
  1887 10128
  1888 10128
  1889 10128
  1890 10128
  1891 10128
  1892 10128
  1893 10128
  1894 10128
  1895 10128
  1896 10128
  1897 10128
  1898 10128
  1899 10128
  1900 10128
  1901 10128
  1902 10128
  1903 10128
  1904 10128
  1905 10128
  1906 10128
  1907 10128
  1908 10128
  1909 10128
  1910 10128
  1911 10128
  1912 10128
  1913 10128
  1914 10128
  1915 10128
  1916 10128
  1917 10128
  1918 10128
  1919 10128
  1920 10128
  1921 10128
  1922 10128
  1923 10128
  1924 10128
  1925 10128
  1926 10128
  1927 10128
  1928 10128
  1929 10128
  1930 10128
  1931 10128
  1932 10128
  1933 10128
  1934 10128
  1935 10128
  1936 10128
  1937 10128
  1938 10128
  1939 10128
  1940 10128
  1941 10128
  1942 10128
  1943 10128
  1944 10128
  1945 10128
  1946 10128
  1947 10128
  1948 10128
  1949 10128
  1950 10128
  1951 10128
  1952 10128
  1953 10128
  1954 10128
  1955 10128
  1956 10128
  1957 10128
  1958 10128
  1959 10128
  1960 10128
  1961 10128
  1962 10128
  1963 10128
  1964 10128
  1965 10128
  1966 10128
  1967 10128
  1968 10128
  1969 10128
  1970 10128
  1971 10128
  1972 10128
  1973 10128
  1974 10128
  1975 10128
  1976 10128
  1977 10128
  1978 10128
  1979 10128
  1980 10128
  1981 10128
  1982 10128
  1983 10128
  1984 10128
  1985 10128
  1986 10128
  1987 10128
  1988 10128
  1989 10128
  1990 10128
  1991 10128
  1992 10128
  1993 10128
  1994 10128
  1995 10128
  1996 10128
  1997 10128
  1998 10128
  1999 10128
  2000 10128
  2001 10128
  2002 10128
  2003 10128
  2004 10128
  2005 10128
  2006 10128
  2007 10128
  2008 10128
  2009 10128
  2010 10128
  2011 10128
  2012 10128
  2013 10128
  2014 10128
  2015 10128
  2016 10128
  2017 10128
  2018 10128
  2019 10128
  2020 10128
  2021 10128
  2022 10128
  2023 10128
  2024 10128
  2025 10128
  2026 10128
  2027 10074
  2028 10074
  2029 10074
