   697 10155
   698 10155
   699 10155
   700 10155
   701 10155
   702 10155
   703 10155
   704 10155
   705 10155
   706 10155
   707 10155
   708 10155
   709 10155
   710 10155
   711 10075
   712 10075
   713 10075
   714 10155
   715 10155
   716 10155
   717 10075
   718 10075
   719 10075
   720 10075
   721 10075
   722 10075
   723 10075
   724 10075
   725 10075
   726 10075
   727 10155
   728 10075
   729 10075
   730 10075
   731 10075
   732 10075
   733 10075
   734 10075
   735 10075
   736 10075
   737 10155
   738 10155
   739 10155
   740 10155
   741 10075
   742 10075
   743 10075
   744 10075
   745 10075
   746 10075
   747 10075
   748 10075
   749 10075
   750 10075
   751 10155
   752 10155
   753 10155
   754 10155
   755 10155
   756 10075
   757 10075
   758 10075
   759 10155
   760 10155
   761 10155
   762 10155
   763 10155
   764 10155
   765 10155
   766 10155
   767 10155
   768 10155
   769 10155
   770 10155
   771 10155
   772 10155
   773 10075
   774 10075
   775 10155
   776 10075
   777 10075
   778 10154
   779 10156
   780 10156
   781 10074
   782 10074
   783 10074
   784 10074
   785 10074
   786 10074
   787 10074
   788 10074
   789 10074
   790 10074
   791 10074
   792 10074
   793 10074
   794 10074
   795 10074
   796 10074
   797 10074
   798 10074
   799 10074
   800 10074
   801 10074
   802 10074
   803 10156
   804 10074
   805 10074
   806 10074
   807 10074
   808 10074
   809 10074
   810 10074
   811 10074
   812 10074
   813 10074
   814 10074
   815 10074
   816 10074
   817 10074
   818 10074
   819 10156
   820 10074
   821 10156
   822 10074
   823 10074
   824 10074
   825 10074
   826 10074
   827 10074
   828 10074
   829 10074
   830 10074
   831 10074
   832 10074
   833 10074
   834 10074
   835 10074
   836 10074
   837 10161
   838 10074
   839 10074
   840 10074
   841 10074
   842 10074
   843 10074
   844 10074
   845 10161
   846 10074
   847 10161
   848 10074
   849 10074
   850 10074
   851 10074
   852 10074
   853 10074
   854 10074
   855 10074
   856 10074
   857 10074
   858 10074
   859 10074
   860 10074
   861 10074
   862 10074
   863 10074
   864 10074
   865 10074
   866 10074
   867 10074
   868 10074
   869 10074
   870 10074
   871 10074
   872 10074
   873 10074
   874 10074
   875 10074
   876 10074
   877 10074
   878 10074
   879 10074
   880 10074
   881 10074
   882 10074
   883 10074
   884 10074
   885 10074
   886 10074
   887 10074
   888 10074
   889 10074
   890 10074
   891 10074
   892 10074
   893 10074
   894 10074
   895 10074
   896 10074
   897 10074
   898 10074
   899 10074
   900 10074
   901 10074
   902 10074
   903 10074
   904 10074
   905 10074
   906 10074
   907 10074
   908 10074
   909 10074
   910 10074
   911 10074
   912 10074
   913 10074
   914 10074
   915 10074
   916 10074
   917 10074
   918 10074
   919 10074
   920 10074
   921 10074
   922 10074
   923 10124
   924 10074
   925 10074
   926 10074
   927 10074
   928 10074
   929 10074
   930 10074
   931 10074
   932 10074
   933 10074
   934 10074
   935 10074
   936 10074
   937 10074
   938 10074
   939 10074
   940 10074
   941 10074
   942 10074
   943 10074
   944 10074
   945 10074
   946 10074
   947 10074
   948 10074
   949 10074
   950 10074
   951 10074
   952 10074
   953 10074
   954 10074
   955 10074
   956 10074
   957 10074
   958 10074
   959 10074
   960 10074
   961 10074
   962 10074
   963 10074
   964 10074
   965 10074
   966 10074
   967 10074
   968 10074
   969 10074
   970 10074
   971 10074
   972 10074
   973 10074
   974 10074
   975 10074
   976 10074
   977 10074
   978 10074
   979 10074
   980 10074
   981 10074
   982 10074
   983 10074
   984 10074
   985 10074
   986 10074
   987 10074
   988 10074
   989 10074
   990 10074
   991 10074
   992 10074
   993 10074
   994 10074
   995 10074
   996 10074
   997 10074
   998 10074
   999 10074
  1000 10074
  1001 10074
  1002 10074
  1003 10074
  1004 10074
  1005 10074
  1006 10074
  1007 10074
  1008 10074
  1009 10074
  1010 10074
  1011 10074
  1012 10074
  1013 10074
  1014 10074
  1015 10074
  1016 10074
  1017 10074
  1018 10074
  1019 10074
  1020 10074
  1021 10074
  1023 10016
  1026 10118
  1027 10118
  1028 10118
  1029 10118
  1030 10118
  1031 10118
  1032 10118
  1033 10118
  1034 10118
  1035 10118
  1036 10118
  1037 10118
  1038 10118
  1039 10118
  1040 10118
  1041 10118
  1042 10118
  1043 10118
  1044 10118
  1045 10118
  1046 10118
  1047 10118
  1048 10118
  1049 10118
  1050 10118
  1051 10118
  1052 10118
  1053 10118
  1054 10118
  1055 10118
  1056 10118
  1057 10118
  1058 10118
  1059 10118
  1060 10118
  1061 10118
  1062 10118
  1063 10118
  1064 10118
  1065 10118
  1066 10118
  1067 10118
  1068 10118
  1069 10118
  1070 10118
  1071 10118
  1072 10118
  1073 10118
  1074 10118
  1075 10118
  1076 10118
  1077 10118
  1078 10118
  1079 10118
  1080 10118
  1081 10118
  1082 10118
  1083 10118
  1084 10118
  1085 10118
  1086 10118
  1087 10118
  1088 10118
  1089 10118
  1090 10118
  1091 10118
  1092 10118
  1093 10118
  1094 10118
  1095 10118
  1096 10118
  1097 10118
  1098 10118
  1099 10118
  1100 10118
  1101 10118
  1102 10118
  1103 10118
  1104 10118
  1105 10118
  1106 10118
  1107 10118
  1108 10118
  1109 10118
  1110 10118
  1111 10118
  1112 10118
  1113 10118
  1114 10118
  1115 10118
  1116 10118
  1117 10118
  1118 10118
  1119 10118
  1120 10118
  1121 10118
  1122 10118
  1123 10118
  1124 10118
  1125 10118
  1126 10118
  1127 10118
  1128 10118
  1129 10118
  1130 10118
  1131 10118
  1132 10118
  1133 10118
  1134 10118
  1135 10118
  1136 10118
  1137 10118
  1138 10118
  1139 10118
  1140 10118
  1141 10118
  1142 10118
  1143 10118
  1144 10118
  1145 10118
  1146 10118
  1147 10118
  1148 10118
  1149 10118
  1150 10118
  1151 10118
  1152 10118
  1153 10118
  1154 10118
  1155 10118
  1156 10118
  1157 10118
  1158 10118
  1159 10118
  1160 10118
  1161 10118
  1162 10118
  1163 10118
  1164 10118
  1165 10118
  1166 10118
  1167 10118
  1168 10118
  1169 10118
  1170 10118
  1171 10118
  1172 10118
  1173 10118
  1174 10118
  1175 10118
  1176 10118
  1177 10118
  1178 10118
  1179 10118
  1180 10118
  1181 10118
  1182 10118
  1183 10118
  1184 10118
  1185 10118
  1186 10118
  1187 10118
  1188 10118
  1189 10118
  1190 10118
  1191 10118
  1192 10118
  1193 10118
  1194 10118
  1195 10118
  1196 10118
  1197 10118
  1198 10118
  1199 10118
  1200 10118
  1201 10118
  1202 10118
  1203 10118
  1204 10118
  1205 10118
  1206 10118
  1207 10118
  1208 10118
  1209 10118
  1210 10118
  1211 10118
  1212 10118
  1213 10118
  1214 10118
  1215 10118
  1216 10118
  1217 10118
  1218 10118
  1219 10118
  1220 10118
  1221 10118
  1222 10118
  1223 10118
  1224 10118
  1225 10118
  1226 10118
  1227 10118
  1228 10118
  1229 10118
  1230 10118
  1231 10118
  1232 10118
  1233 10118
  1234 10118
  1235 10118
  1236 10118
  1237 10118
  1238 10118
  1239 10118
  1240 10118
  1241 10118
  1242 10118
  1243 10118
  1244 10118
  1245 10118
  1246 10118
  1247 10118
  1248 10118
  1249 10118
  1250 10118
  1251 10118
  1252 10118
  1253 10118
  1254 10118
  1255 10118
  1256 10118
  1257 10118
  1258 10118
  1259 10118
  1260 10118
  1261 10118
  1262 10112
  1263 10112
  1264 10112
  1265 10112
  1266 10112
  1267 10112
  1268 10112
  1269 10112
  1270 10112
  1271 10112
  1272 10112
  1273 10112
  1274 10112
  1275 10112
  1276 10112
  1277 10112
  1278 10112
  1279 10112
  1280 10112
  1281 10112
  1282 10112
  1283 10112
  1284 10112
  1285 10112
  1286 10112
  1287 10112
  1288 10112
  1289 10112
  1290 10112
  1291 10112
  1292 10112
  1293 10112
  1294 10112
  1295 10112
  1296 10112
  1297 10112
  1298 10112
  1299 10112
  1300 10112
  1301 10112
  1302 10112
  1303 10112
  1304 10112
  1305 10112
  1306 10112
  1307 10112
  1308 10112
  1309 10112
  1310 10112
  1311 10112
  1312 10112
  1313 10112
  1314 10112
  1315 10112
  1316 10112
  1317 10112
  1318 10112
  1319 10112
  1320 10112
  1321 10112
  1322 10112
  1323 10112
  1324 10112
  1325 10112
  1326 10112
  1327 10112
  1328 10112
  1329 10112
  1330 10112
  1331 10112
  1332 10112
  1333 10112
  1334 10112
  1335 10112
  1336 10112
  1337 10112
  1338 10112
  1339 10112
  1340 10112
  1341 10112
  1342 10112
  1343 10112
  1344 10112
  1345 10112
  1346 10112
  1347 10112
  1348 10112
  1349 10112
  1350 10112
  1351 10112
  1352 10112
  1353 10112
  1354 10112
  1355 10112
  1356 10112
  1357 10112
  1358 10112
  1359 10112
  1360 10112
  1361 10112
  1362 10112
  1363 10112
  1364 10112
  1365 10112
  1366 10112
  1367 10112
  1368 10112
  1369 10112
  1370 10112
  1371 10112
  1372 10112
  1373 10112
  1374 10112
  1375 10112
  1376 10112
  1377 10112
  1378 10112
  1379 10112
  1380 10112
  1381 10112
  1382 10112
  1383 10112
  1384 10112
  1385 10112
  1386 10112
  1387 10112
  1388 10112
  1389 10112
  1390 10112
  1391 10112
  1392 10112
  1393 10112
  1394 10112
  1395 10112
  1396 10112
  1397 10112
  1398 10112
  1399 10112
  1400 10112
  1401 10112
  1402 10112
  1403 10112
  1404 10112
  1405 10112
  1406 10112
  1407 10112
  1408 10112
  1409 10112
  1410 10112
  1411 10112
  1412 10112
  1413 10112
  1414 10112
  1415 10112
  1416 10112
  1417 10112
  1418 10112
  1419 10112
  1420 10112
  1421 10112
  1422 10112
  1423 10112
  1424 10112
  1425 10112
  1426 10112
  1427 10112
  1428 10112
  1429 10112
  1430 10112
  1431 10112
  1432 10112
  1433 10112
  1434 10112
  1435 10112
  1436 10112
  1437 10112
  1438 10112
  1439 10112
  1440 10112
  1441 10112
  1442 10112
  1443 10112
  1444 10112
  1445 10112
  1446 10112
  1447 10112
  1448 10112
  1449 10112
  1450 10112
  1451 10112
  1452 10112
  1453 10112
  1454 10112
  1455 10112
  1456 10112
  1457 10112
  1458 10112
  1459 10112
  1460 10112
  1461 10112
  1462 10112
  1463 10112
  1464 10112
  1465 10112
  1466 10112
  1467 10112
  1468 10112
  1469 10112
  1470 10112
  1471 10112
  1472 10112
  1473 10112
  1474 10112
  1475 10112
  1476 10112
  1477 10112
  1478 10112
  1479 10112
  1480 10112
  1481 10112
  1482 10112
  1483 10112
  1484 10112
  1485 10112
  1486 10112
  1487 10112
  1488 10112
  1489 10112
  1490 10112
  1491 10112
  1492 10112
  1493 10112
  1494 10112
  1495 10112
  1496 10112
  1497 10112
  1498 10112
  1499 10112
  1500 10112
  1510 10018
  1511 10018
  1512 10018
  1513 10018
  1514 10018
  1515 10018
  1516 10018
  1517 10018
  1518 10018
  1519 10023
  1520 10018
  1521 10055
  1559 10055
  1560 10055
  1561 10055
  1562 10018
  1563 10055
  1564 10055
  1565 10055
  1566 10055
  1567 10055
  1568 10055
  1569 10055
  1570 10055
  1571 10055
  1572 10055
  1573 10055
  1581 10134
  1582 10134
  1583 10134
  1584 10134
  1586 10134
  1587 10134
  1588 10134
  1594 10134
  1595 10134
  1596 10134
  1597 10134
  1598 10134
  1599 10134
  1600 10134
  1601 10134
  1602 10134
  1606 10134
  1607 10134
  1609 10134
  1618 10154
  1619 10154
  1620 10154
  1621 10143
  1622 10059
  1623 10059
  1624 10059
  1625 10059
  1626 10059
  1627 10059
  1628 10059
  1629 10059
  1630 10075
  1631 10143
  1632 10143
  1633 10143
  1634 10143
  1635 10143
  1636 10143
  1637 10143
  1638 10143
  1639 10016
  1640 10036
  1641 10036
  1646 10123
  1647 10163
  1648 10163
  1649 10163
  1650 10091
  1651 10091
  1652 10091
  1657 10042
  1658 10152
  1659 10042
  1660 10042
  1661 10042
  1662 10023
  1663 10011
  1664 10042
  1665 10042
  1666 10042
  1667 10042
  1668 10019
  1669 10019
  1670 10019
  1674 10091
  1675 10091
  1676 10091
  1677 10091
  1678 10091
  1679 10091
  1687 10055
  1688 10018
  1689 10018
  1690 10018
  1691 10018
  1692 10018
  1693 10018
  1694 10018
  1695 10018
  1696 10018
  1697 10018
  1698 10018
  1699 10018
  1700 10018
  1701 10018
  1702 10018
  1703 10018
  1704 10018
  1705 10018
  1706 10158
  1707 10158
  1708 10158
  1709 10158
  1710 10158
  1711 10018
  1712 10018
  1713 10018
  1714 10018
  1715 10018
  1716 10018
  1717 10018
  1718 10018
  1719 10158
  1720 10158
  1721 10158
  1722 10158
  1723 10158
  1724 10158
  1725 10158
  1726 10018
  1727 10018
  1728 10018
  1729 10018
  1730 10018
  1731 10018
  1732 10018
  1733 10018
  1734 10018
  1735 10018
  1736 10018
  1737 10018
  1738 10018
  1739 10018
  1740 10018
  1741 10018
  1742 10018
  1743 10018
  1744 10018
  1745 10018
  1746 10018
  1747 10018
  1748 10018
  1749 10055
  1750 10055
  1751 10055
  1752 10055
  1753 10055
  1754 10055
  1755 10055
  1756 10055
  1757 10055
  1758 10055
  1759 10055
  1760 10055
  1761 10018
  1762 10018
  1763 10018
  1764 10018
  1765 10055
  1766 10055
  1767 10055
  1768 10055
  1769 10055
  1770 10055
  1771 10055
  1772 10055
  1773 10055
  1774 10055
  1775 10055
  1776 10055
  1777 10055
  1778 10055
  1779 10055
  1780 10055
  1781 10018
  1782 10018
  1783 10018
  1784 10018
  1785 10055
  1786 10055
  1787 10055
  1788 10055
  1789 10055
  1790 10055
  1791 10055
  1792 10018
  1793 10018
  1794 10018
  1795 10018
  1796 10018
  1797 10018
  1798 10018
  1799 10158
  1800 10140
  1801 10140
  1802 10140
  1803 10018
  1804 10018
  1805 10018
  1806 10018
  1807 10018
  1808 10018
  1809 10018
  1810 10018
  1811 10018
  1812 10018
  1813 10018
  1814 10018
  1815 10055
  1816 10055
  1817 10055
  1818 10055
  1819 10055
  1820 10018
  1821 10018
  1822 10018
  1823 10018
  1824 10140
  1825 10140
  1826 10140
  1827 10140
  1828 10055
  1829 10055
  1830 10055
  1831 10055
  1832 10018
  1833 10018
  1834 10018
  1835 10018
  1836 10018
  1837 10018
  1838 10018
  1839 10018
  1840 10018
  1841 10018
  1842 10018
  1843 10018
  1844 10018
  1845 10018
  1846 10018
  1847 10018
  1848 10055
  1849 10076
  1850 10076
  1851 10055
  1852 10076
  1853 10076
  1854 10088
  1855 10138
  1856 10138
  1857 10138
  1858 10067
  1859 10067
  1860 10067
  1861 10101
  1862 10101
  1863 10101
  1864 10101
  1866 10043
  1867 10019
  1868 10019
  1869 10019
  1870 10019
  1871 10011
  1877 10019
  1878 10019
  1879 10019
  1880 10019
  1885 10019
  1886 10019
  1887 10011
  2007 10152
  2008 10152
  2009 10152
  2010 10152
  2011 10019
  2014 10042
  2025 10082
  2027 10082
  2028 10028
  2029 10028
