   648 10127
   649 10127
   650 10127
   651 10127
   652 10127
   690 10154
   691 10154
   692 10081
   693 10154
   694 10154
   695 10033
   696 10033
   697 10033
   698 10033
   699 10033
   700 10033
   701 10033
   702 10033
   703 10033
   704 10033
   705 10033
   706 10033
   707 10033
   708 10033
   709 10033
   710 10033
   711 10033
   712 10033
   713 10033
   714 10033
   715 10033
   716 10033
   717 10033
   718 10033
   719 10033
   720 10033
   721 10033
   722 10033
   723 10033
   724 10033
   725 10033
   726 10033
   727 10033
   728 10033
   729 10033
   730 10033
   731 10033
   732 10033
   733 10033
   734 10033
   735 10033
   736 10033
   737 10033
   738 10033
   739 10033
   740 10033
   741 10033
   742 10033
   743 10033
   744 10033
   745 10033
   746 10033
   747 10033
   748 10033
   749 10033
   750 10033
   751 10033
   752 10033
   753 10033
   754 10033
   755 10033
   756 10033
   757 10033
   758 10033
   759 10033
   760 10033
   761 10033
   762 10033
   763 10033
   764 10033
   765 10033
   766 10033
   767 10033
   768 10033
   769 10033
   770 10033
   771 10033
   772 10033
   773 10033
   774 10033
   775 10033
   776 10100
   777 10033
   778 10033
   779 10033
   780 10027
   781 10101
   782 10101
   783 10101
   784 10101
   785 10101
   790 10137
   791 10105
   792 10105
   793 10137
   794 10137
   795 10137
   796 10137
   797 10137
   798 10137
   799 10137
   800 10137
   801 10137
   802 10137
   803 10137
   804 10137
   805 10110
   806 10110
   807 10110
   808 10110
   809 10137
   810 10137
   811 10137
   812 10137
   813 10137
   814 10137
   815 10137
   816 10137
   817 10137
   818 10137
   819 10137
   820 10137
   821 10137
   822 10137
   823 10137
   824 10137
   825 10137
   826 10137
   827 10137
   828 10137
   829 10137
   830 10137
   831 10137
   832 10137
   833 10137
   834 10137
   835 10137
   836 10137
   837 10137
   838 10137
   839 10137
   840 10137
   841 10137
   842 10137
   843 10137
   844 10137
   845 10137
   846 10137
   847 10137
   848 10137
   849 10137
   850 10137
   851 10137
   852 10137
   853 10137
   854 10137
   855 10137
   856 10137
   857 10137
   858 10137
   859 10137
   860 10137
   861 10137
   862 10137
   863 10137
   864 10137
   865 10137
   866 10137
   867 10137
   868 10137
   869 10137
   870 10137
   871 10137
   872 10137
   873 10137
   874 10137
   875 10137
   876 10137
   877 10137
   878 10137
   879 10137
   880 10137
   881 10137
   882 10137
   883 10137
   884 10137
   885 10137
   886 10137
   887 10137
   888 10137
   889 10137
   890 10137
   891 10137
   892 10137
   893 10137
   894 10137
   895 10137
   896 10137
   897 10137
   898 10137
   899 10137
   900 10137
   901 10137
   902 10137
   903 10137
   904 10137
   905 10137
   906 10137
   907 10137
   908 10137
   909 10137
   910 10137
   911 10137
   912 10137
   913 10137
   914 10137
   915 10137
   916 10137
   917 10137
   918 10137
   919 10137
   920 10137
   921 10137
   922 10137
   923 10137
   924 10137
   925 10137
   926 10137
   927 10137
   928 10137
   929 10137
   930 10137
   931 10137
   932 10137
   933 10137
   934 10137
   935 10137
   936 10137
   937 10137
   938 10137
   939 10137
   940 10137
   941 10137
   942 10137
   943 10137
   944 10137
   945 10137
   946 10137
   947 10137
   948 10137
   949 10137
   950 10137
   951 10137
   952 10137
   953 10137
   954 10137
   955 10137
   956 10137
   957 10137
   958 10137
   959 10137
   960 10137
   961 10137
   962 10137
   963 10137
   964 10137
   965 10137
   966 10137
   967 10137
   968 10137
   969 10137
   970 10137
   971 10137
   972 10137
   973 10137
   974 10137
   975 10137
   976 10137
   977 10137
   978 10137
   979 10137
   980 10137
   981 10137
   982 10137
   983 10137
   984 10137
   985 10137
   986 10137
   987 10137
   988 10137
   989 10137
   990 10137
   991 10137
   992 10137
   993 10137
   994 10137
   995 10137
   996 10137
   997 10137
   998 10137
   999 10137
  1000 10137
  1001 10137
  1002 10137
  1003 10137
  1004 10137
  1005 10137
  1006 10137
  1007 10137
  1008 10137
  1009 10137
  1010 10137
  1011 10137
  1012 10137
  1013 10137
  1014 10137
  1015 10137
  1016 10137
  1017 10108
  1018 10137
  1019 10137
  1020 10137
  1021 10137
  1022 10137
  1034 10017
  1035 10017
  1036 10017
  1037 10017
  1038 10017
  1039 10017
  1040 10017
  1041 10017
  1042 10017
  1043 10017
  1044 10017
  1045 10017
  1046 10017
  1047 10017
  1048 10017
  1049 10017
  1050 10017
  1051 10017
  1052 10017
  1053 10017
  1054 10017
  1055 10017
  1056 10017
  1057 10017
  1058 10017
  1059 10017
  1060 10017
  1061 10017
  1062 10017
  1063 10017
  1064 10017
  1065 10017
  1066 10017
  1067 10017
  1068 10017
  1069 10017
  1070 10017
  1071 10017
  1072 10017
  1073 10017
  1074 10017
  1075 10017
  1076 10017
  1077 10017
  1078 10017
  1079 10017
  1080 10017
  1081 10017
  1082 10017
  1083 10017
  1084 10017
  1085 10017
  1086 10017
  1087 10017
  1088 10017
  1089 10017
  1090 10017
  1091 10017
  1092 10017
  1093 10017
  1094 10017
  1095 10017
  1096 10017
  1097 10017
  1098 10017
  1099 10017
  1100 10017
  1101 10017
  1102 10017
  1103 10017
  1104 10017
  1105 10017
  1106 10017
  1107 10017
  1108 10017
  1109 10017
  1110 10017
  1111 10017
  1112 10017
  1113 10017
  1114 10017
  1115 10017
  1116 10017
  1117 10017
  1118 10017
  1119 10017
  1120 10017
  1121 10017
  1122 10017
  1123 10017
  1124 10017
  1125 10017
  1126 10017
  1127 10017
  1128 10017
  1129 10017
  1130 10017
  1131 10017
  1132 10017
  1133 10017
  1134 10017
  1135 10017
  1136 10017
  1137 10017
  1138 10017
  1139 10017
  1140 10017
  1141 10017
  1142 10017
  1143 10017
  1144 10017
  1145 10017
  1146 10017
  1147 10017
  1148 10017
  1149 10017
  1150 10017
  1151 10017
  1152 10017
  1153 10017
  1154 10017
  1155 10017
  1156 10017
  1157 10017
  1158 10017
  1159 10017
  1160 10017
  1161 10017
  1162 10017
  1163 10017
  1164 10017
  1165 10017
  1166 10017
  1167 10017
  1168 10017
  1169 10017
  1170 10017
  1171 10017
  1172 10017
  1173 10017
  1174 10017
  1175 10017
  1176 10017
  1177 10017
  1178 10017
  1179 10017
  1180 10017
  1181 10017
  1182 10017
  1183 10017
  1184 10017
  1185 10017
  1186 10017
  1187 10017
  1188 10017
  1189 10017
  1190 10017
  1191 10017
  1192 10017
  1193 10017
  1194 10017
  1195 10017
  1196 10017
  1197 10017
  1198 10017
  1199 10017
  1200 10017
  1201 10017
  1202 10017
  1203 10017
  1204 10017
  1205 10017
  1206 10017
  1207 10017
  1208 10017
  1209 10017
  1210 10017
  1211 10017
  1212 10017
  1213 10017
  1214 10017
  1215 10017
  1216 10017
  1217 10017
  1218 10017
  1219 10017
  1220 10017
  1221 10017
  1222 10017
  1223 10017
  1224 10017
  1225 10017
  1226 10017
  1227 10017
  1228 10017
  1229 10017
  1230 10017
  1231 10017
  1232 10017
  1233 10017
  1234 10017
  1235 10017
  1236 10017
  1237 10017
  1238 10017
  1239 10017
  1240 10017
  1241 10017
  1242 10017
  1243 10017
  1244 10017
  1245 10017
  1246 10017
  1247 10017
  1248 10017
  1249 10017
  1250 10017
  1251 10017
  1252 10017
  1253 10017
  1254 10017
  1255 10017
  1256 10017
  1257 10017
  1258 10017
  1259 10017
  1260 10151
  1261 10028
  1270 10123
  1271 10101
  1272 10101
  1273 10101
  1274 10076
  1275 10018
  1276 10106
  1277 10076
  1278 10106
  1279 10076
  1280 10076
  1281 10018
  1287 10101
  1288 10101
  1289 10101
  1290 10128
  1292 10101
  1294 10062
  1295 10062
  1301 10138
  1302 10101
  1304 10128
  1305 10128
  1326 10094
  1327 10071
  1328 10061
  1329 10061
  1330 10101
  1331 10055
  1332 10076
  1333 10173
  1334 10055
  1335 10076
  1336 10173
  1337 10098
  1338 10098
  1339 10040
  1340 10040
  1341 10040
  1342 10040
  1343 10040
  1344 10040
  1345 10040
  1346 10040
  1347 10040
  1348 10040
  1349 10040
  1350 10040
  1351 10040
  1352 10040
  1353 10040
  1354 10040
  1355 10040
  1356 10040
  1357 10040
  1358 10040
  1359 10040
  1360 10040
  1361 10040
  1362 10040
  1363 10040
  1364 10040
  1365 10040
  1366 10040
  1367 10040
  1368 10040
  1369 10040
  1370 10106
  1371 10040
  1372 10106
  1373 10055
  1374 10101
  1375 10101
  1376 10101
  1377 10101
  1378 10138
  1380 10138
  1381 10090
  1382 10091
  1383 10163
  1384 10128
  1385 10090
  1386 10090
  1388 10019
  1389 10019
  1390 10019
  1391 10019
  1392 10019
  1393 10019
  1394 10019
  1395 10019
  1396 10019
  1397 10019
  1398 10019
  1399 10019
  1400 10019
  1401 10019
  1402 10019
  1403 10019
  1404 10019
  1405 10019
  1406 10019
  1407 10019
  1408 10019
  1409 10019
  1410 10019
  1411 10019
  1412 10019
  1413 10019
  1414 10019
  1415 10019
  1416 10019
  1417 10019
  1418 10019
  1419 10019
  1420 10019
  1421 10019
  1422 10019
  1423 10019
  1424 10019
  1425 10019
  1426 10019
  1427 10019
  1428 10019
  1429 10019
  1430 10019
  1431 10019
  1432 10019
  1433 10019
  1434 10019
  1435 10019
  1436 10019
  1437 10019
  1438 10019
  1439 10019
  1440 10019
  1441 10019
  1442 10019
  1443 10019
  1444 10019
  1445 10019
  1446 10019
  1447 10019
  1448 10019
  1449 10019
  1450 10019
  1451 10019
  1452 10019
  1453 10019
  1454 10019
  1455 10019
  1456 10019
  1457 10019
  1458 10019
  1459 10019
  1460 10019
  1461 10019
  1462 10019
  1463 10019
  1464 10019
  1465 10019
  1466 10019
  1467 10019
  1468 10019
  1469 10019
  1470 10019
  1471 10019
  1472 10019
  1473 10019
  1474 10019
  1475 10019
  1476 10019
  1477 10019
  1478 10019
  1479 10019
  1480 10019
  1481 10019
  1482 10019
  1483 10019
  1484 10019
  1485 10019
  1486 10019
  1487 10019
  1488 10019
  1489 10019
  1490 10019
  1491 10019
  1492 10019
  1493 10019
  1494 10019
  1495 10019
  1496 10019
  1497 10019
  1498 10019
  1499 10019
  1500 10019
  1501 10090
  1502 10090
  1503 10090
  1504 10090
  1505 10090
  1506 10090
  1507 10090
  1508 10090
  1509 10090
  1510 10090
  1511 10090
  1512 10090
  1513 10090
  1514 10090
  1515 10090
  1516 10090
  1517 10090
  1518 10090
  1519 10090
  1520 10090
  1521 10090
  1522 10090
  1523 10090
  1524 10090
  1525 10090
  1526 10090
  1527 10090
  1528 10090
  1529 10090
  1530 10090
  1531 10090
  1532 10090
  1533 10090
  1534 10090
  1535 10090
  1536 10090
  1537 10090
  1538 10090
  1539 10090
  1540 10090
  1541 10090
  1542 10090
  1543 10090
  1544 10090
  1545 10090
  1546 10090
  1547 10090
  1548 10090
  1549 10090
  1550 10090
  1551 10090
  1552 10090
  1553 10090
  1554 10090
  1555 10090
  1556 10090
  1557 10090
  1558 10090
  1559 10090
  1560 10090
  1561 10090
  1562 10090
  1563 10090
  1564 10090
  1565 10090
  1566 10090
  1567 10090
  1568 10090
  1569 10090
  1570 10090
  1571 10090
  1572 10090
  1573 10090
  1574 10090
  1575 10090
  1576 10090
  1577 10090
  1578 10090
  1579 10090
  1580 10090
  1581 10090
  1582 10090
  1583 10090
  1584 10090
  1585 10090
  1586 10090
  1587 10090
  1588 10090
  1589 10090
  1590 10090
  1591 10090
  1592 10090
  1593 10090
  1594 10090
  1595 10090
  1596 10090
  1597 10090
  1598 10090
  1599 10090
  1600 10090
  1601 10090
  1602 10090
  1603 10090
  1604 10090
  1605 10090
  1606 10090
  1607 10090
  1608 10090
  1609 10090
  1610 10090
  1611 10090
  1612 10090
  1613 10090
  1614 10090
  1615 10067
  1616 10163
  1617 10163
  1618 10163
  1619 10163
  1620 10163
  1621 10163
  1622 10163
  1623 10163
  1624 10163
  1625 10163
  1626 10163
  1627 10062
  1628 10062
  1629 10062
  1630 10062
  1631 10062
  1632 10062
  1633 10062
  1634 10062
  1635 10062
  1636 10062
  1637 10062
  1638 10062
  1639 10062
  1640 10062
  1641 10062
  1642 10062
  1643 10062
  1644 10062
  1645 10062
  1646 10062
  1647 10062
  1648 10062
  1649 10062
  1650 10062
  1651 10062
  1652 10062
  1653 10062
  1654 10062
  1655 10062
  1656 10062
  1657 10062
  1658 10062
  1659 10062
  1660 10062
  1661 10062
  1662 10062
  1663 10062
  1664 10062
  1665 10062
  1666 10062
  1667 10062
  1668 10062
  1669 10062
  1670 10062
  1671 10062
  1672 10062
  1673 10062
  1674 10062
  1675 10062
  1676 10062
  1677 10062
  1678 10062
  1679 10062
  1680 10062
  1681 10062
  1682 10062
  1683 10062
  1684 10062
  1685 10062
  1686 10062
  1687 10062
  1688 10062
  1689 10062
  1690 10062
  1691 10062
  1692 10062
  1693 10062
  1694 10062
  1695 10062
  1696 10062
  1697 10062
  1698 10062
  1699 10062
  1700 10062
  1701 10062
  1702 10062
  1703 10062
  1704 10062
  1705 10062
  1706 10062
  1707 10062
  1708 10062
  1709 10062
  1710 10062
  1711 10062
  1712 10062
  1713 10062
  1714 10062
  1715 10062
  1716 10062
  1717 10062
  1718 10062
  1719 10062
  1720 10062
  1721 10062
  1722 10062
  1723 10062
  1724 10062
  1725 10062
  1726 10062
  1727 10062
  1728 10062
  1729 10062
  1730 10062
  1731 10062
  1732 10062
  1733 10062
  1734 10062
  1735 10062
  1736 10062
  1737 10062
  1738 10062
  1739 10062
  1740 10062
  1741 10062
  1742 10062
  1743 10062
  1744 10062
  1745 10062
  1746 10062
  1747 10062
  1748 10062
  1749 10062
  1750 10062
  1751 10062
  1752 10062
  1753 10062
  1754 10062
  1755 10062
  1756 10062
  1757 10062
  1758 10062
  1759 10062
  1760 10062
  1761 10062
  1762 10062
  1763 10062
  1764 10062
  1765 10062
  1766 10062
  1767 10062
  1768 10062
  1769 10062
  1770 10062
  1771 10062
  1772 10062
  1773 10062
  1774 10062
  1775 10062
  1776 10062
  1777 10062
  1778 10062
  1779 10062
  1780 10062
  1781 10062
  1782 10062
  1783 10062
  1784 10062
  1785 10062
  1786 10062
  1787 10062
  1788 10062
  1789 10062
  1790 10062
  1791 10062
  1792 10062
  1793 10062
  1794 10062
  1795 10062
  1796 10062
  1797 10062
  1798 10062
  1799 10062
  1800 10062
  1801 10062
  1802 10062
  1803 10062
  1804 10062
  1805 10062
  1806 10062
  1807 10062
  1808 10062
  1809 10062
  1810 10062
  1811 10062
  1812 10062
  1813 10062
  1814 10062
  1815 10062
  1816 10062
  1817 10062
  1818 10062
  1819 10062
  1820 10062
  1821 10062
  1822 10062
  1823 10062
  1824 10062
  1825 10062
  1826 10062
  1827 10062
  1828 10062
  1829 10062
  1830 10062
  1831 10062
  1832 10062
  1833 10062
  1834 10062
  1835 10062
  1836 10062
  1837 10062
  1838 10062
  1839 10062
  1840 10062
  1841 10062
  1842 10062
  1843 10062
  1844 10062
  1845 10062
  1846 10062
  1847 10062
  1848 10062
  1849 10062
  1850 10062
  1851 10062
  1852 10062
  1853 10062
  1857 10062
  1858 10062
  1859 10062
  1860 10062
  1861 10062
  1862 10062
  1863 10062
  1864 10138
  1865 10138
  1866 10138
  1867 10167
  1869 10167
  1870 10167
  1871 10167
  1872 10167
  1873 10167
  1874 10167
  1875 10167
  1876 10167
  1877 10167
  1878 10167
  1879 10167
  1880 10167
  1881 10167
  1882 10167
  1883 10167
  1884 10167
  1885 10167
  1886 10167
  1887 10167
  1888 10167
  1889 10167
  1890 10167
  1891 10167
  1892 10167
  1893 10167
  1894 10167
  1895 10167
  1896 10167
  1897 10167
  1898 10167
  1899 10167
  1900 10167
  1901 10167
  1902 10167
  1903 10167
  1904 10167
  1905 10167
  1906 10167
  1907 10167
  1908 10167
  1909 10167
  1910 10167
  1911 10167
  1912 10167
  1913 10167
  1914 10167
  1915 10167
  1916 10167
  1917 10167
  1918 10167
  1919 10167
  1920 10167
  1921 10167
  1922 10167
  1923 10167
  1924 10167
  1925 10167
  1926 10167
  1927 10167
  1928 10167
  1929 10167
  1930 10167
  1931 10167
  1932 10167
  1933 10167
  1934 10167
  1935 10167
  1936 10167
  1937 10167
  1938 10167
  1939 10167
  1940 10167
  1941 10167
  1942 10167
  1943 10167
  1944 10167
  1945 10167
  1946 10167
  1947 10167
  1948 10167
  1949 10167
  1950 10167
  1951 10167
  1952 10167
  1953 10167
  1954 10167
  1955 10167
  1956 10167
  1957 10167
  1958 10167
  1959 10167
  1960 10167
  1961 10167
  1962 10167
  1963 10167
  1964 10167
  1965 10167
  1966 10167
  1967 10167
  1968 10167
  1969 10167
  1970 10167
  1971 10167
  1972 10167
  1973 10167
  1974 10167
  1975 10167
  1976 10167
  1977 10167
  1978 10167
  1979 10167
  1980 10167
  1981 10167
  1982 10167
  1983 10167
  1984 10167
  1985 10167
  1986 10167
  1987 10167
  1988 10167
  1989 10167
  1990 10167
  1991 10167
  1992 10167
  1993 10167
  1994 10167
  1995 10167
  1996 10167
  1997 10167
  1998 10167
  1999 10167
  2000 10167
  2001 10167
  2002 10167
  2003 10167
  2004 10167
  2005 10167
  2006 10167
  2007 10167
  2008 10167
  2009 10167
  2010 10167
  2011 10167
  2012 10167
  2013 10167
  2014 10167
  2015 10167
  2016 10167
  2017 10167
  2018 10167
  2019 10167
  2020 10167
  2021 10167
  2022 10167
  2023 10167
  2024 10167
  2025 10167
  2026 10167
  2027 10167
  2028 10016
  2029 10154
  2030 10016
  2031 10016
  2032 10016
  2033 10016
  2034 10016
  2035 10016
  2036 10016
  2037 10016
  2038 10016
  2039 10016
  2040 10016
  2041 10154
  2042 10074
  2043 10016
