   601 10147
   604 10029
   605 10029
   606 10029
   607 10029
   608 10029
   609 10029
   610 10029
   611 10029
   612 10120
   613 10029
   614 10029
   615 10029
   616 10029
   617 10029
   619 10029
   620 10029
   621 10029
   622 10029
   623 10029
   624 10029
   625 10029
   626 10029
   627 10029
   628 10029
   629 10029
   630 10029
   631 10029
   632 10029
   634 10029
   636 10147
   637 10029
   638 10029
   639 10029
   640 10029
   641 10029
   642 10029
   643 10029
   644 10029
   645 10029
   646 10120
   647 10029
   648 10029
   649 10029
   650 10029
   651 10029
   652 10029
   653 10029
   654 10029
   655 10029
   656 10029
   657 10029
   658 10029
   659 10029
   660 10029
   661 10029
   662 10029
   663 10029
   664 10029
   665 10029
   666 10029
   667 10029
   668 10029
   669 10029
   670 10029
   671 10029
   672 10147
   673 10147
   674 10147
   675 10029
   676 10029
   677 10029
   678 10029
   679 10147
   680 10147
   681 10029
   682 10029
   683 10029
   684 10029
   685 10029
   686 10029
   687 10029
   691 10081
   692 10081
   693 10081
   695 10006
   696 10006
   697 10006
   698 10006
   699 10006
   700 10145
   701 10145
   702 10006
   703 10006
   704 10145
   705 10145
   706 10145
   707 10145
   708 10015
   709 10015
   710 10145
   711 10145
   712 10145
   713 10145
   714 10145
   715 10145
   716 10145
   717 10145
   718 10145
   719 10167
   720 10167
   721 10006
   722 10006
   723 10145
   724 10006
   725 10145
   726 10145
   727 10145
   728 10145
   729 10145
   730 10145
   731 10006
   732 10006
   733 10145
   734 10015
   735 10015
   736 10145
   737 10039
   738 10145
   739 10145
   740 10145
   741 10145
   742 10145
   743 10145
   744 10145
   745 10145
   746 10006
   747 10006
   748 10006
   749 10006
   750 10006
   751 10006
   752 10145
   753 10006
   754 10006
   755 10006
   756 10006
   757 10145
   758 10006
   759 10145
   760 10145
   761 10145
   762 10145
   763 10145
   764 10145
   765 10145
   766 10145
   767 10145
   768 10145
   769 10145
   770 10145
   771 10145
   772 10145
   773 10145
   774 10145
   775 10145
   776 10145
   777 10145
   778 10006
   779 10015
   780 10039
   781 10143
   782 10039
   783 10015
   784 10015
   785 10015
   786 10015
   787 10029
   788 10029
   789 10029
   790 10029
   791 10029
   792 10029
   793 10029
   794 10029
   795 10029
   796 10029
   797 10029
   798 10029
   799 10029
   800 10029
   801 10029
   802 10029
   803 10029
   804 10029
   805 10029
   806 10029
   807 10029
   808 10029
   809 10029
   810 10029
   811 10029
   812 10029
   813 10029
   814 10029
   815 10029
   816 10029
   817 10029
   818 10029
   819 10029
   820 10029
   821 10029
   822 10029
   823 10029
   824 10029
   825 10029
   826 10029
   827 10029
   828 10029
   829 10029
   830 10029
   831 10029
   832 10029
   833 10029
   834 10029
   835 10029
   836 10029
   837 10029
   838 10029
   839 10029
   840 10029
   841 10029
   842 10029
   843 10029
   844 10029
   845 10029
   846 10029
   847 10029
   848 10029
   849 10029
   850 10029
   851 10029
   852 10029
   853 10029
   854 10029
   855 10029
   856 10029
   857 10029
   858 10029
   859 10029
   860 10029
   861 10029
   862 10029
   863 10029
   864 10029
   865 10029
   866 10029
   867 10029
   868 10029
   869 10029
   870 10029
   871 10029
   872 10029
   873 10029
   874 10029
   875 10029
   876 10029
   877 10029
   878 10029
   879 10029
   880 10029
   881 10029
   882 10029
   883 10029
   884 10029
   885 10029
   886 10029
   887 10029
   888 10029
   889 10029
   890 10029
   891 10029
   892 10029
   893 10029
   894 10029
   895 10029
   896 10029
   897 10029
   898 10029
   899 10029
   900 10029
   901 10029
   902 10029
   903 10029
   904 10029
   905 10029
   906 10029
   907 10029
   908 10029
   909 10029
   910 10029
   911 10029
   912 10029
   913 10029
   914 10029
   915 10029
   916 10029
   917 10029
   918 10029
   919 10029
   920 10029
   921 10029
   922 10029
   923 10029
   924 10029
   925 10029
   926 10029
   927 10029
   928 10029
   929 10029
   930 10029
   931 10029
   932 10029
   933 10029
   934 10029
   935 10029
   936 10029
   937 10029
   938 10029
   939 10029
   940 10029
   941 10029
   942 10029
   943 10029
   944 10029
   945 10029
   946 10029
   947 10029
   948 10029
   949 10029
   950 10029
   951 10029
   952 10029
   953 10029
   954 10029
   955 10029
   956 10029
   957 10029
   958 10029
   959 10029
   960 10029
   961 10029
   962 10029
   963 10029
   964 10029
   965 10029
   966 10029
   967 10029
   968 10029
   969 10029
   970 10029
   971 10029
   972 10029
   973 10029
   974 10029
   975 10029
   976 10029
   977 10029
   978 10029
   979 10029
   980 10029
   981 10029
   982 10029
   983 10029
   984 10029
   985 10029
   986 10029
   987 10029
   988 10029
   989 10029
   990 10029
   991 10029
   992 10029
   993 10029
   994 10029
   995 10029
   996 10029
   997 10029
   998 10029
   999 10029
  1000 10029
  1001 10029
  1002 10029
  1003 10029
  1004 10029
  1005 10029
  1006 10029
  1007 10029
  1008 10018
  1009 10029
  1010 10029
  1011 10029
  1012 10029
  1013 10029
  1014 10029
  1015 10029
  1016 10029
  1017 10029
  1018 10029
  1019 10029
  1020 10029
  1021 10029
  1022 10029
  1023 10029
  1024 10137
  1025 10137
  1026 10137
  1027 10137
  1028 10137
  1029 10137
  1030 10137
  1031 10137
  1032 10006
  1033 10006
  1034 10006
  1035 10006
  1036 10006
  1037 10006
  1038 10137
  1039 10137
  1040 10137
  1041 10006
  1042 10006
  1043 10006
  1044 10006
  1045 10006
  1046 10006
  1047 10006
  1048 10137
  1049 10137
  1050 10006
  1051 10006
  1052 10016
  1053 10016
  1054 10016
  1055 10073
  1056 10073
  1057 10073
  1058 10073
  1059 10137
  1060 10137
  1061 10006
  1062 10006
  1063 10006
  1064 10006
  1065 10006
  1066 10006
  1067 10006
  1068 10006
  1069 10006
  1070 10006
  1071 10113
  1072 10113
  1073 10113
  1074 10113
  1075 10113
  1076 10113
  1077 10113
  1078 10113
  1079 10113
  1080 10113
  1081 10137
  1082 10006
  1083 10006
  1084 10006
  1085 10006
  1086 10006
  1087 10006
  1088 10006
  1089 10006
  1090 10006
  1091 10006
  1092 10006
  1093 10137
  1094 10137
  1095 10137
  1096 10073
  1097 10006
  1098 10006
  1099 10006
  1100 10137
  1101 10137
  1102 10137
  1103 10137
  1104 10137
  1105 10137
  1106 10137
  1107 10137
  1108 10137
  1109 10045
  1110 10045
  1111 10006
  1112 10073
  1113 10073
  1114 10006
  1115 10045
  1116 10137
  1117 10137
  1118 10124
  1119 10124
  1120 10124
  1121 10045
  1122 10045
  1123 10016
  1124 10153
  1125 10124
  1126 10124
  1127 10124
  1128 10124
  1129 10137
  1130 10137
  1131 10015
  1132 10006
  1133 10006
  1134 10006
  1135 10006
  1136 10006
  1137 10006
  1138 10006
  1139 10006
  1140 10006
  1141 10006
  1142 10006
  1143 10006
  1144 10006
  1145 10006
  1146 10006
  1147 10006
  1148 10006
  1149 10006
  1150 10006
  1151 10006
  1152 10006
  1153 10137
  1154 10137
  1155 10137
  1156 10137
  1157 10137
  1161 10073
  1162 10073
  1163 10073
  1164 10006
  1165 10006
  1166 10006
  1167 10006
  1168 10041
  1169 10041
  1170 10041
  1171 10041
  1172 10041
  1173 10050
  1174 10089
  1175 10089
  1176 10089
  1177 10016
  1178 10089
  1179 10122
  1180 10055
  1181 10122
  1182 10073
  1183 10006
  1184 10153
  1185 10041
  1186 10041
  1187 10041
  1188 10041
  1189 10041
  1190 10005
  1191 10006
  1192 10006
  1193 10006
  1194 10006
  1195 10006
  1196 10006
  1197 10006
  1198 10006
  1199 10006
  1200 10006
  1201 10006
  1202 10006
  1203 10006
  1204 10006
  1205 10006
  1206 10006
  1207 10007
  1208 10007
  1209 10007
  1210 10007
  1211 10007
  1212 10007
  1213 10007
  1214 10007
  1215 10007
  1216 10011
  1217 10011
  1218 10011
  1219 10033
  1220 10016
  1221 10006
  1222 10006
  1223 10006
  1224 10006
  1225 10006
  1226 10006
  1227 10006
  1228 10006
  1229 10006
  1230 10006
  1231 10006
  1232 10006
  1233 10006
  1234 10006
  1235 10006
  1236 10006
  1237 10007
  1238 10007
  1239 10016
  1240 10016
  1241 10128
  1242 10006
  1243 10006
  1244 10006
  1245 10006
  1246 10006
  1247 10073
  1248 10073
  1249 10015
  1250 10006
  1251 10016
  1252 10006
  1253 10006
  1254 10006
  1255 10006
  1256 10006
  1257 10006
  1258 10006
  1259 10006
  1260 10118
  1261 10154
  1262 10016
  1263 10154
  1264 10154
  1265 10137
  1266 10137
  1267 10137
  1268 10137
  1269 10137
  1270 10036
  1271 10137
  1272 10137
  1273 10137
  1274 10137
  1275 10137
  1276 10137
  1277 10137
  1278 10137
  1279 10137
  1280 10137
  1281 10137
  1282 10137
  1283 10137
  1284 10137
  1285 10137
  1286 10137
  1287 10137
  1288 10137
  1289 10137
  1290 10137
  1291 10137
  1292 10137
  1293 10137
  1294 10137
  1295 10137
  1296 10137
  1297 10137
  1298 10137
  1299 10137
  1300 10137
  1301 10137
  1302 10137
  1303 10137
  1304 10137
  1305 10137
  1306 10137
  1307 10137
  1308 10137
  1309 10137
  1310 10137
  1311 10137
  1312 10137
  1313 10137
  1314 10137
  1315 10137
  1316 10137
  1317 10137
  1318 10137
  1319 10137
  1320 10137
  1321 10137
  1322 10137
  1323 10137
  1324 10137
  1325 10137
  1326 10137
  1327 10137
  1328 10137
  1329 10137
  1330 10137
  1331 10137
  1332 10137
  1333 10137
  1334 10137
  1335 10137
  1336 10137
  1337 10137
  1338 10137
  1339 10137
  1340 10137
  1341 10137
  1342 10137
  1343 10137
  1344 10137
  1345 10137
  1346 10137
  1347 10137
  1348 10137
  1349 10137
  1350 10137
  1351 10137
  1352 10137
  1353 10137
  1354 10137
  1355 10137
  1356 10137
  1357 10137
  1358 10137
  1359 10137
  1360 10137
  1361 10137
  1362 10137
  1363 10137
  1364 10137
  1365 10137
  1366 10137
  1367 10137
  1368 10137
  1369 10137
  1370 10137
  1371 10137
  1372 10137
  1373 10137
  1374 10137
  1375 10137
  1376 10137
  1377 10137
  1378 10137
  1379 10137
  1380 10137
  1381 10137
  1382 10137
  1383 10137
  1384 10137
  1385 10137
  1386 10137
  1387 10137
  1388 10137
  1389 10137
  1390 10137
  1391 10137
  1392 10137
  1393 10137
  1394 10137
  1395 10137
  1396 10137
  1397 10137
  1398 10137
  1399 10137
  1400 10137
  1401 10137
  1402 10137
  1403 10137
  1404 10137
  1405 10137
  1406 10137
  1407 10137
  1408 10137
  1409 10137
  1410 10137
  1411 10137
  1412 10137
  1413 10137
  1414 10137
  1415 10137
  1416 10137
  1417 10137
  1418 10137
  1419 10137
  1420 10137
  1421 10137
  1422 10137
  1423 10137
  1424 10137
  1425 10137
  1426 10137
  1427 10137
  1428 10137
  1429 10137
  1430 10137
  1431 10137
  1432 10137
  1433 10137
  1434 10137
  1435 10137
  1436 10137
  1437 10137
  1438 10137
  1439 10137
  1440 10137
  1441 10137
  1442 10137
  1443 10137
  1444 10137
  1445 10137
  1446 10137
  1447 10137
  1448 10137
  1449 10137
  1450 10137
  1451 10137
  1452 10137
  1453 10137
  1454 10137
  1455 10137
  1456 10137
  1457 10137
  1458 10137
  1459 10137
  1460 10137
  1461 10137
  1462 10137
  1463 10137
  1464 10137
  1465 10137
  1466 10137
  1467 10137
  1468 10137
  1469 10137
  1470 10137
  1471 10137
  1472 10137
  1473 10137
  1474 10137
  1475 10137
  1476 10137
  1477 10137
  1478 10137
  1479 10137
  1480 10137
  1481 10137
  1482 10137
  1483 10137
  1484 10137
  1485 10137
  1486 10137
  1487 10137
  1488 10137
  1489 10137
  1490 10137
  1491 10137
  1492 10137
  1493 10137
  1494 10137
  1495 10137
  1496 10137
  1497 10137
  1498 10137
  1499 10137
  1500 10068
  1501 10068
  1502 10068
  1503 10055
  1504 10055
  1505 10055
  1506 10055
  1507 10018
  1508 10018
  1509 10018
  1510 10018
  1511 10018
  1512 10018
  1513 10018
  1514 10055
  1515 10055
  1516 10055
  1517 10055
  1518 10055
  1519 10055
  1520 10055
  1521 10055
  1522 10055
  1523 10055
  1524 10055
  1525 10055
  1526 10055
  1527 10055
  1528 10055
  1529 10055
  1530 10055
  1531 10055
  1532 10055
  1533 10055
  1534 10055
  1535 10055
  1536 10055
  1537 10055
  1538 10055
  1539 10055
  1540 10055
  1541 10055
  1542 10055
  1543 10123
  1544 10123
  1545 10055
  1546 10055
  1547 10055
  1548 10055
  1549 10055
  1550 10055
  1551 10055
  1552 10055
  1553 10055
  1554 10055
  1555 10055
  1556 10055
  1557 10055
  1558 10055
  1559 10055
  1560 10055
  1561 10055
  1562 10055
  1563 10055
  1564 10055
  1565 10055
  1566 10055
  1567 10055
  1568 10055
  1569 10055
  1570 10055
  1571 10055
  1572 10055
  1573 10055
  1574 10055
  1575 10055
  1576 10055
  1577 10055
  1578 10055
  1579 10055
  1580 10055
  1581 10055
  1582 10055
  1583 10055
  1584 10055
  1585 10055
  1586 10055
  1587 10055
  1588 10055
  1589 10055
  1590 10055
  1591 10055
  1592 10055
  1593 10140
  1594 10140
  1595 10140
  1596 10123
  1597 10123
  1598 10123
  1599 10123
  1600 10123
  1601 10016
  1602 10016
  1603 10016
  1604 10016
  1605 10016
  1606 10016
  1607 10016
  1608 10016
  1609 10016
  1610 10014
  1611 10014
  1612 10016
  1613 10016
  1614 10016
  1615 10016
  1616 10123
  1617 10016
  1618 10016
  1619 10016
  1620 10123
  1621 10123
  1622 10123
  1623 10123
  1624 10123
  1625 10123
  1626 10123
  1627 10123
  1628 10123
  1629 10123
  1630 10123
  1631 10123
  1632 10068
  1633 10068
  1634 10068
  1635 10068
  1636 10068
  1637 10068
  1638 10068
  1639 10068
  1640 10068
  1641 10068
  1642 10068
  1643 10068
  1644 10068
  1645 10068
  1646 10068
  1647 10068
  1648 10068
  1649 10068
  1650 10068
  1651 10068
  1652 10068
  1653 10068
  1654 10068
  1655 10068
  1656 10068
  1657 10068
  1658 10068
  1659 10068
  1660 10068
  1661 10068
  1662 10068
  1663 10068
  1664 10068
  1665 10068
  1666 10068
  1667 10068
  1668 10068
  1669 10068
  1670 10068
  1671 10068
  1672 10068
  1673 10068
  1674 10068
  1675 10068
  1676 10068
  1677 10068
  1678 10068
  1679 10068
  1680 10068
  1681 10068
  1682 10068
  1683 10068
  1684 10068
  1685 10068
  1686 10068
  1687 10068
  1688 10068
  1689 10068
  1690 10068
  1691 10068
  1692 10068
  1693 10068
  1694 10068
  1695 10068
  1696 10068
  1697 10068
  1698 10068
  1699 10068
  1700 10068
  1701 10068
  1702 10068
  1703 10068
  1704 10068
  1705 10068
  1706 10068
  1707 10068
  1708 10068
  1709 10068
  1710 10068
  1711 10068
  1712 10068
  1713 10068
  1714 10068
  1715 10068
  1716 10068
  1717 10068
  1718 10068
  1719 10068
  1720 10068
  1721 10068
  1722 10068
  1723 10068
  1724 10068
  1725 10068
  1726 10068
  1727 10068
  1728 10068
  1729 10068
  1730 10068
  1731 10068
  1732 10068
  1733 10068
  1734 10068
  1735 10068
  1736 10068
  1737 10068
  1738 10068
  1739 10068
  1740 10068
  1741 10068
  1742 10068
  1743 10068
  1744 10068
  1745 10068
  1746 10068
  1747 10068
  1748 10068
  1749 10068
  1750 10068
  1751 10068
  1752 10068
  1753 10068
  1754 10068
  1755 10068
  1756 10068
  1757 10068
  1758 10068
  1759 10068
  1760 10068
  1761 10068
  1762 10068
  1763 10068
  1764 10068
  1765 10068
  1766 10068
  1767 10068
  1768 10068
  1769 10068
  1770 10068
  1771 10068
  1772 10068
  1773 10068
  1774 10068
  1775 10068
  1776 10068
  1777 10068
  1778 10068
  1779 10068
  1780 10068
  1781 10068
  1782 10068
  1783 10068
  1784 10068
  1785 10068
  1786 10068
  1787 10068
  1788 10068
  1789 10068
  1790 10068
  1791 10068
  1792 10068
  1793 10068
  1794 10068
  1795 10068
  1796 10068
  1797 10068
  1798 10068
  1799 10068
  1800 10068
  1801 10068
  1802 10068
  1803 10068
  1804 10068
  1805 10068
  1806 10068
  1807 10068
  1808 10068
  1809 10068
  1810 10068
  1811 10068
  1812 10068
  1813 10068
  1814 10068
  1815 10068
  1816 10068
  1817 10068
  1818 10068
  1819 10068
  1820 10068
  1821 10068
  1822 10068
  1823 10068
  1824 10068
  1825 10068
  1826 10068
  1827 10068
  1828 10068
  1829 10068
  1830 10068
  1831 10068
  1832 10068
  1833 10068
  1834 10068
  1835 10068
  1836 10068
  1837 10068
  1838 10068
  1839 10068
  1840 10068
  1841 10068
  1842 10068
  1843 10068
  1844 10068
  1845 10068
  1846 10068
  1847 10068
  1848 10068
  1849 10068
  1850 10068
  1851 10068
  1852 10068
  1853 10068
  1854 10068
  1855 10068
  1856 10101
  1857 10068
  1858 10068
  1859 10068
  1861 10068
  1862 10068
  1864 10123
  1865 10123
  1866 10123
  1867 10123
  1868 10123
  1869 10123
  1870 10123
  1871 10123
  1872 10123
  1873 10123
  1874 10123
  1875 10123
  1876 10123
  1877 10123
  1878 10123
  1879 10123
  1880 10123
  1881 10123
  1882 10123
  1883 10123
  1884 10123
  1885 10123
  1886 10123
  1899 10123
  1900 10154
  1901 10154
  1902 10154
  1903 10154
  1904 10154
  1905 10154
  1906 10123
  1907 10154
  1908 10154
  1909 10154
  1910 10123
  1911 10154
  1912 10154
  1913 10154
  1914 10123
  1915 10154
  1916 10154
  1917 10154
  1918 10154
  1919 10154
  1920 10154
  1921 10154
  1922 10154
  1923 10154
  1924 10154
  1925 10154
  1926 10154
  1927 10154
  1928 10123
  1929 10154
  1930 10154
  1931 10154
  1932 10154
  1933 10154
  1934 10154
  1935 10154
  1936 10123
  1937 10154
  1938 10154
  1939 10154
  1940 10123
  1941 10123
  1942 10123
  1943 10154
  1944 10154
  1945 10154
  1946 10154
  1947 10154
  1948 10062
  1949 10062
  1950 10062
  1951 10062
  1952 10154
  1953 10154
  1954 10154
  1955 10154
  1956 10154
  1957 10154
  1958 10154
  1959 10154
  1961 10062
  1962 10062
  1963 10062
  1964 10062
  1965 10062
  1966 10154
  1967 10123
  1968 10154
  1969 10154
  1970 10154
  1971 10154
  1972 10154
  1973 10154
  1974 10154
  1975 10154
  1976 10154
  1977 10154
  1978 10154
  1979 10154
  1980 10154
  1981 10154
  1982 10154
  1983 10123
  1984 10123
  1985 10154
  1986 10154
  1987 10154
  1988 10154
  1989 10154
  1990 10154
  1991 10154
  1992 10154
  1993 10154
  1994 10123
  1995 10154
  1996 10154
  1997 10123
  1998 10154
  1999 10123
  2000 10154
  2001 10154
  2002 10154
  2009 10061
  2011 10061
  2012 10138
  2013 10061
  2014 10154
  2015 10154
  2016 10016
  2017 10016
  2018 10154
  2019 10154
  2020 10154
