   752 10097
   753 10097
   754 10162
   755 10162
   756 10162
   757 10162
   758 10162
   759 10162
   760 10162
   761 10162
   763 10115
   764 10115
   765 10115
   766 10111
   767 10111
   768 10111
   769 10111
   770 10111
   771 10130
   772 10166
   773 10130
   774 10162
   775 10162
   776 10162
   777 10097
   778 10031
   779 10031
   780 10031
   781 10134
   782 10101
   783 10101
   784 10101
   785 10101
   786 10043
   787 10002
   788 10002
   789 10002
   790 10002
   791 10002
   792 10002
   793 10002
   794 10002
   795 10002
   796 10002
   797 10002
   798 10002
   799 10002
   800 10002
   801 10002
   802 10002
   803 10002
   804 10002
   805 10002
   806 10002
   807 10002
   808 10002
   809 10002
   810 10002
   811 10002
   812 10002
   813 10002
   814 10002
   815 10002
   816 10002
   817 10002
   818 10002
   819 10002
   820 10002
   821 10002
   822 10002
   823 10002
   824 10002
   825 10002
   826 10002
   827 10002
   828 10002
   829 10002
   830 10002
   831 10002
   832 10002
   833 10002
   834 10002
   835 10002
   836 10002
   837 10002
   838 10002
   839 10002
   840 10002
   841 10002
   842 10002
   843 10002
   844 10002
   845 10002
   846 10002
   847 10002
   848 10002
   849 10002
   850 10002
   851 10002
   852 10002
   853 10002
   854 10002
   855 10002
   856 10002
   857 10002
   858 10002
   859 10002
   860 10002
   861 10002
   862 10002
   863 10002
   864 10002
   865 10002
   866 10002
   867 10002
   868 10002
   869 10002
   870 10002
   871 10002
   872 10002
   873 10002
   874 10002
   875 10002
   876 10002
   877 10002
   878 10002
   879 10002
   880 10002
   881 10002
   882 10002
   883 10002
   884 10002
   885 10002
   886 10002
   887 10002
   888 10002
   889 10002
   890 10002
   891 10002
   892 10002
   893 10002
   894 10002
   895 10002
   896 10002
   897 10002
   898 10002
   899 10002
   900 10002
   901 10002
   902 10002
   903 10002
   904 10002
   905 10002
   906 10002
   907 10002
   908 10002
   909 10002
   910 10002
   911 10002
   912 10002
   913 10002
   914 10002
   915 10002
   916 10002
   917 10002
   918 10002
   919 10002
   920 10002
   921 10002
   922 10002
   923 10002
   924 10002
   925 10002
   926 10002
   927 10002
   928 10002
   929 10002
   930 10002
   931 10002
   932 10002
   933 10002
   934 10002
   935 10002
   936 10002
   937 10002
   938 10002
   939 10002
   940 10002
   941 10002
   942 10002
   943 10002
   944 10002
   945 10002
   946 10002
   947 10002
   948 10002
   949 10002
   950 10002
   951 10002
   952 10002
   953 10002
   954 10002
   955 10002
   956 10002
   957 10002
   958 10002
   959 10002
   960 10002
   961 10002
   962 10002
   963 10002
   964 10002
   965 10002
   966 10002
   967 10002
   968 10002
   969 10002
   970 10002
   971 10002
   972 10002
   973 10002
   974 10002
   975 10002
   976 10002
   977 10002
   978 10002
   979 10002
   980 10002
   981 10002
   982 10002
   983 10002
   984 10002
   985 10002
   986 10002
   987 10002
   988 10002
   989 10002
   990 10002
   991 10002
   992 10002
   993 10002
   994 10002
   995 10002
   996 10002
   997 10002
   998 10002
   999 10002
  1000 10002
  1001 10002
  1002 10002
  1003 10002
  1004 10002
  1005 10002
  1006 10002
  1007 10002
  1008 10002
  1009 10002
  1010 10002
  1011 10002
  1012 10002
  1013 10002
  1014 10002
  1015 10002
  1016 10002
  1017 10043
  1018 10091
  1019 10101
  1020 10101
  1021 10101
  1022 10138
  1023 10138
  1024 10138
  1025 10138
  1026 10138
  1027 10138
  1028 10138
  1029 10138
  1030 10138
  1031 10138
  1032 10138
  1033 10138
  1034 10138
  1035 10138
  1036 10138
  1037 10138
  1038 10138
  1039 10138
  1040 10138
  1041 10138
  1042 10138
  1043 10138
  1044 10138
  1045 10138
  1046 10138
  1047 10138
  1048 10138
  1049 10138
  1050 10138
  1051 10138
  1052 10138
  1053 10138
  1054 10138
  1055 10138
  1056 10138
  1057 10138
  1058 10138
  1059 10138
  1060 10138
  1061 10138
  1062 10138
  1063 10138
  1064 10138
  1065 10138
  1066 10138
  1067 10138
  1068 10138
  1069 10138
  1070 10138
  1071 10138
  1072 10138
  1073 10138
  1074 10138
  1075 10138
  1076 10138
  1077 10138
  1078 10138
  1079 10138
  1080 10138
  1081 10138
  1082 10138
  1083 10138
  1084 10138
  1085 10138
  1086 10138
  1087 10138
  1088 10138
  1089 10138
  1090 10138
  1091 10138
  1092 10138
  1093 10138
  1094 10138
  1095 10138
  1096 10138
  1097 10138
  1098 10138
  1099 10138
  1100 10138
  1101 10138
  1102 10138
  1103 10138
  1104 10138
  1105 10138
  1106 10138
  1107 10138
  1108 10138
  1109 10138
  1110 10138
  1111 10138
  1112 10138
  1113 10138
  1114 10138
  1115 10138
  1116 10138
  1117 10138
  1118 10138
  1119 10138
  1120 10138
  1121 10138
  1122 10138
  1123 10138
  1124 10138
  1125 10138
  1126 10138
  1127 10138
  1128 10138
  1129 10138
  1130 10138
  1131 10138
  1132 10138
  1133 10138
  1134 10138
  1135 10138
  1136 10138
  1137 10138
  1138 10138
  1139 10138
  1140 10138
  1141 10138
  1142 10138
  1143 10138
  1144 10138
  1145 10138
  1146 10138
  1147 10138
  1148 10138
  1149 10138
  1150 10138
  1151 10138
  1152 10138
  1153 10138
  1154 10138
  1155 10138
  1156 10138
  1157 10138
  1158 10138
  1159 10138
  1160 10138
  1161 10138
  1162 10138
  1163 10138
  1164 10138
  1165 10138
  1166 10138
  1167 10138
  1168 10138
  1169 10138
  1170 10138
  1171 10138
  1172 10138
  1173 10138
  1174 10138
  1175 10138
  1176 10138
  1177 10138
  1178 10138
  1179 10138
  1180 10138
  1181 10138
  1182 10138
  1183 10138
  1184 10138
  1185 10138
  1186 10138
  1187 10138
  1188 10138
  1189 10138
  1190 10138
  1191 10138
  1192 10138
  1193 10138
  1194 10138
  1195 10138
  1196 10138
  1197 10138
  1198 10138
  1199 10138
  1200 10138
  1201 10138
  1202 10138
  1203 10138
  1204 10138
  1205 10138
  1206 10138
  1207 10138
  1208 10138
  1209 10138
  1210 10138
  1211 10138
  1212 10138
  1213 10138
  1214 10138
  1215 10138
  1216 10138
  1217 10138
  1218 10138
  1219 10138
  1220 10138
  1221 10006
  1222 10138
  1223 10138
  1224 10138
  1225 10138
  1226 10138
  1227 10138
  1228 10138
  1229 10138
  1230 10055
  1231 10138
  1232 10068
  1233 10138
  1234 10138
  1235 10138
  1236 10138
  1237 10138
  1238 10138
  1239 10138
  1240 10138
  1241 10138
  1242 10138
  1243 10138
  1244 10138
  1245 10138
  1246 10138
  1247 10138
  1248 10138
  1249 10138
  1250 10138
  1251 10138
  1252 10138
  1253 10138
  1254 10138
  1255 10138
  1256 10138
  1257 10138
  1258 10138
  1259 10050
  1260 10134
  1261 10055
  1262 10018
  1263 10106
  1264 10076
  1269 10005
  1270 10005
  1271 10005
  1272 10005
  1273 10005
  1274 10005
  1275 10005
  1276 10005
  1277 10005
  1278 10005
  1279 10005
  1280 10005
  1281 10005
  1282 10005
  1283 10005
  1284 10005
  1285 10005
  1286 10005
  1287 10005
  1288 10005
  1289 10005
  1290 10005
  1291 10005
  1292 10005
  1293 10005
  1294 10005
  1295 10005
  1296 10005
  1297 10005
  1298 10005
  1299 10005
  1300 10005
  1301 10005
  1302 10005
  1303 10005
  1304 10005
  1305 10005
  1306 10005
  1307 10005
  1308 10005
  1309 10005
  1310 10005
  1311 10005
  1312 10005
  1313 10005
  1314 10005
  1315 10005
  1316 10005
  1317 10005
  1318 10005
  1319 10005
  1320 10005
  1321 10005
  1322 10005
  1323 10005
  1324 10005
  1325 10005
  1326 10005
  1327 10005
  1328 10005
  1329 10005
  1330 10005
  1331 10005
  1332 10005
  1333 10005
  1334 10005
  1335 10005
  1336 10005
  1337 10005
  1338 10005
  1339 10005
  1340 10005
  1341 10005
  1342 10005
  1343 10005
  1344 10005
  1345 10005
  1346 10005
  1347 10005
  1348 10005
  1349 10005
  1350 10005
  1351 10005
  1352 10005
  1353 10005
  1354 10005
  1355 10005
  1356 10005
  1357 10005
  1358 10005
  1359 10005
  1360 10005
  1361 10005
  1362 10005
  1363 10005
  1364 10005
  1365 10005
  1366 10005
  1367 10005
  1368 10005
  1369 10005
  1370 10005
  1371 10005
  1372 10005
  1373 10005
  1374 10005
  1375 10005
  1376 10005
  1377 10005
  1378 10005
  1379 10005
  1380 10005
  1381 10005
  1382 10005
  1383 10005
  1384 10005
  1385 10005
  1386 10005
  1387 10005
  1388 10005
  1389 10005
  1390 10005
  1391 10005
  1392 10005
  1393 10005
  1394 10005
  1395 10005
  1396 10005
  1397 10005
  1398 10005
  1399 10005
  1400 10005
  1401 10005
  1402 10005
  1403 10005
  1404 10005
  1405 10005
  1406 10005
  1407 10005
  1408 10005
  1409 10005
  1410 10005
  1411 10005
  1412 10005
  1413 10005
  1414 10005
  1415 10005
  1416 10005
  1417 10005
  1418 10005
  1419 10005
  1420 10005
  1421 10005
  1422 10005
  1423 10005
  1424 10005
  1425 10005
  1426 10005
  1427 10005
  1428 10005
  1429 10005
  1430 10005
  1431 10005
  1432 10005
  1433 10005
  1434 10005
  1435 10005
  1436 10005
  1437 10005
  1438 10005
  1439 10005
  1440 10005
  1441 10005
  1442 10005
  1443 10005
  1444 10005
  1445 10005
  1446 10005
  1447 10005
  1448 10005
  1449 10005
  1450 10005
  1451 10005
  1452 10005
  1453 10005
  1454 10005
  1455 10005
  1456 10005
  1457 10005
  1458 10005
  1459 10005
  1460 10005
  1461 10005
  1462 10005
  1463 10005
  1464 10005
  1465 10005
  1466 10005
  1467 10005
  1468 10005
  1469 10005
  1470 10005
  1471 10005
  1472 10005
  1473 10005
  1474 10005
  1475 10005
  1476 10005
  1477 10005
  1478 10005
  1479 10005
  1480 10005
  1481 10005
  1482 10005
  1483 10005
  1484 10005
  1485 10005
  1486 10005
  1487 10005
  1488 10005
  1489 10005
  1490 10005
  1491 10005
  1492 10005
  1493 10005
  1494 10005
  1495 10005
  1496 10005
  1500 10154
  1501 10055
  1502 10018
  1503 10018
  1504 10018
  1505 10018
  1506 10018
  1507 10158
  1508 10098
  1509 10098
  1510 10098
  1511 10158
  1512 10140
  1513 10140
  1514 10140
  1515 10140
  1516 10023
  1517 10140
  1518 10140
  1519 10140
  1520 10140
  1521 10140
  1522 10140
  1523 10140
  1524 10140
  1525 10140
  1526 10140
  1527 10140
  1528 10018
  1529 10055
  1530 10055
  1531 10055
  1532 10055
  1533 10055
  1534 10055
  1535 10055
  1536 10140
  1537 10140
  1538 10140
  1539 10140
  1540 10140
  1541 10140
  1542 10140
  1543 10140
  1544 10140
  1545 10140
  1546 10140
  1547 10055
  1548 10140
  1549 10140
  1550 10140
  1551 10140
  1552 10140
  1553 10140
  1554 10140
  1555 10055
  1556 10055
  1557 10055
  1558 10055
  1559 10140
  1560 10055
  1561 10055
  1562 10055
  1563 10055
  1564 10055
  1565 10055
  1566 10055
  1567 10055
  1568 10055
  1569 10076
  1570 10076
  1571 10076
  1572 10055
  1573 10055
  1574 10076
  1575 10076
  1576 10055
  1577 10055
  1582 10101
  1583 10101
  1584 10101
  1585 10101
  1586 10101
  1587 10101
  1588 10101
  1589 10101
  1590 10101
  1610 10163
  1611 10163
  1612 10163
  1613 10163
  1617 10083
  1618 10083
  1619 10083
  1620 10083
  1621 10083
  1622 10083
  1623 10083
  1624 10083
  1625 10083
  1626 10083
  1627 10083
  1628 10083
  1629 10083
  1630 10083
  1631 10083
  1632 10083
  1633 10083
  1634 10083
  1635 10083
  1636 10083
  1637 10083
  1638 10083
  1639 10083
  1640 10083
  1641 10083
  1642 10083
  1643 10083
  1644 10083
  1645 10083
  1646 10083
  1647 10083
  1648 10083
  1649 10083
  1650 10083
  1651 10083
  1652 10083
  1653 10083
  1654 10083
  1655 10083
  1656 10083
  1657 10083
  1658 10083
  1659 10083
  1660 10083
  1661 10083
  1662 10083
  1663 10083
  1664 10083
  1665 10083
  1666 10083
  1667 10083
  1668 10083
  1669 10083
  1670 10083
  1671 10083
  1672 10083
  1673 10083
  1674 10083
  1675 10083
  1676 10083
  1677 10083
  1678 10083
  1679 10083
  1680 10083
  1681 10083
  1682 10083
  1683 10083
  1684 10083
  1685 10083
  1686 10083
  1687 10083
  1688 10083
  1689 10083
  1690 10083
  1691 10083
  1692 10083
  1693 10083
  1694 10083
  1695 10083
  1696 10083
  1697 10083
  1698 10083
  1699 10083
  1700 10083
  1701 10083
  1702 10083
  1703 10083
  1704 10083
  1705 10083
  1706 10083
  1707 10083
  1708 10083
  1709 10083
  1710 10083
  1711 10083
  1712 10083
  1713 10083
  1714 10083
  1715 10083
  1716 10083
  1717 10083
  1718 10083
  1719 10083
  1720 10083
  1721 10083
  1722 10083
  1723 10083
  1724 10083
  1725 10083
  1726 10083
  1727 10083
  1728 10083
  1729 10083
  1730 10083
  1731 10083
  1732 10083
  1733 10083
  1734 10083
  1735 10083
  1736 10083
  1737 10083
  1738 10083
  1739 10083
  1740 10083
  1741 10083
  1742 10083
  1743 10083
  1744 10083
  1745 10083
  1746 10083
  1747 10083
  1748 10083
  1749 10083
  1750 10083
  1751 10083
  1752 10083
  1753 10083
  1754 10083
  1755 10083
  1756 10083
  1757 10083
  1758 10083
  1759 10083
  1760 10083
  1761 10083
  1762 10083
  1763 10083
  1764 10083
  1765 10083
  1766 10083
  1767 10083
  1768 10083
  1769 10083
  1770 10083
  1771 10083
  1772 10083
  1773 10083
  1774 10083
  1775 10083
  1776 10083
  1777 10083
  1778 10083
  1779 10083
  1780 10083
  1781 10083
  1782 10083
  1783 10083
  1784 10083
  1785 10083
  1786 10083
  1787 10083
  1788 10083
  1789 10083
  1790 10083
  1791 10083
  1792 10083
  1793 10083
  1794 10083
  1795 10083
  1796 10083
  1797 10083
  1798 10083
  1799 10083
  1800 10083
  1801 10083
  1802 10083
  1803 10083
  1804 10083
  1805 10083
  1806 10083
  1807 10083
  1808 10083
  1809 10083
  1810 10083
  1811 10083
  1812 10083
  1813 10083
  1814 10083
  1815 10083
  1816 10083
  1817 10083
  1818 10083
  1819 10083
  1820 10083
  1821 10083
  1822 10083
  1823 10083
  1824 10083
  1825 10083
  1827 10083
  1828 10083
  1829 10083
  1830 10083
  1831 10083
  1832 10083
  1833 10083
  1834 10083
  1835 10083
  1836 10083
  1837 10083
  1838 10083
  1839 10083
  1840 10083
  1841 10083
  1842 10083
  1843 10083
  1844 10083
  1845 10083
  1846 10083
  1847 10083
  1848 10083
  1849 10083
  1850 10083
  1851 10083
  1852 10083
  1853 10083
  1854 10083
  1856 10083
  1857 10083
  1858 10083
  1859 10083
  1860 10067
  1862 10083
  1863 10052
  1864 10052
  1865 10052
  1866 10052
  1867 10052
  1868 10052
  1869 10052
  1870 10052
  1871 10052
  1872 10052
  1873 10052
  1874 10052
  1875 10052
  1876 10052
  1877 10052
  1878 10052
  1879 10052
  1880 10052
  1881 10052
  1882 10052
  1883 10052
  1884 10052
  1885 10052
  1886 10052
  1887 10052
  1888 10052
  1889 10052
  1890 10052
  1891 10052
  1892 10052
  1893 10171
  1894 10052
  1895 10052
  1896 10052
  1897 10052
  1898 10052
  1899 10052
  1900 10052
  1901 10052
  1902 10052
  1903 10052
  1904 10052
  1905 10052
  1906 10052
  1907 10052
  1908 10052
  1909 10052
  1910 10052
  1911 10052
  1912 10052
  1913 10052
  1914 10052
  1915 10052
  1916 10052
  1917 10052
  1918 10052
  1919 10052
  1920 10052
  1921 10052
  1922 10052
  1923 10052
  1924 10052
  1925 10094
  1926 10052
  1927 10052
  1928 10052
  1929 10052
  1930 10052
  1931 10052
  1932 10052
  1933 10052
  1934 10052
  1935 10052
  1936 10052
  1937 10052
  1938 10052
  1939 10052
  1940 10052
  1941 10052
  1942 10052
  1943 10052
  1944 10052
  1945 10052
  1946 10052
  1947 10052
  1948 10052
  1949 10052
  1950 10052
  1951 10052
  1952 10052
  1953 10052
  1954 10052
  1955 10052
  1956 10052
  1957 10052
  1958 10052
  1959 10052
  1960 10052
  1961 10052
  1962 10052
  1963 10052
  1964 10052
  1965 10052
  1966 10052
  1967 10052
  1968 10052
  1969 10052
  1970 10052
  1971 10052
  1972 10052
  1973 10052
  1974 10052
  1975 10052
  1976 10052
  1977 10052
  1978 10052
  1979 10052
  1980 10052
  1981 10052
  1982 10052
  1983 10052
  1984 10052
  1985 10052
  1986 10052
  1987 10052
  1988 10052
  1989 10052
  1990 10052
  1991 10052
  1992 10052
  2008 10111
  2009 10111
  2015 10153
  2016 10153
  2017 10153
  2018 10153
  2019 10142
  2020 10097
  2023 10097
  2025 10097
  2026 10097
  2027 10097
  2028 10097
  2029 10162
  2030 10162
  2031 10162
  2032 10162
  2033 10162
  2034 10162
  2036 10162
