   703 10052
   704 10052
   705 10052
   706 10052
   707 10052
   708 10052
   709 10052
   710 10052
   711 10052
   712 10052
   713 10052
   714 10052
   715 10052
   716 10052
   717 10052
   718 10052
   719 10052
   720 10052
   721 10052
   722 10052
   723 10052
   724 10052
   725 10052
   726 10052
   727 10052
   728 10052
   729 10052
   730 10052
   731 10052
   732 10052
   733 10052
   734 10052
   735 10052
   736 10052
   737 10052
   738 10052
   739 10052
   740 10052
   741 10052
   742 10052
   743 10052
   744 10052
   745 10052
   746 10052
   747 10052
   748 10052
   753 10052
   754 10052
   755 10052
   756 10052
   757 10052
   758 10052
   759 10052
   760 10052
   761 10052
   762 10052
   763 10052
   764 10052
   765 10052
   766 10052
   767 10052
   768 10052
   769 10052
   770 10052
   771 10052
   772 10052
   773 10052
   774 10052
   775 10052
   776 10052
   777 10052
   778 10052
   783 10091
   786 10041
   787 10022
   788 10151
   789 10151
   790 10151
   791 10151
   792 10151
   793 10017
   794 10017
   795 10017
   796 10017
   797 10017
   798 10151
   799 10151
   800 10017
   801 10017
   802 10017
   803 10017
   804 10017
   805 10017
   806 10151
   807 10151
   808 10151
   809 10151
   810 10151
   811 10017
   812 10017
   813 10017
   814 10017
   815 10017
   816 10073
   817 10073
   818 10073
   819 10073
   820 10073
   821 10017
   822 10017
   823 10022
   824 10022
   825 10022
   826 10022
   827 10073
   828 10022
   829 10022
   830 10073
   831 10073
   832 10017
   833 10073
   834 10017
   835 10017
   836 10017
   837 10017
   838 10017
   839 10017
   840 10073
   841 10073
   842 10073
   843 10073
   844 10073
   845 10022
   846 10073
   847 10073
   848 10073
   849 10017
   850 10073
   851 10017
   852 10017
   853 10073
   854 10073
   855 10073
   856 10073
   857 10073
   858 10017
   859 10017
   860 10017
   861 10017
   862 10073
   863 10017
   864 10017
   865 10017
   866 10017
   867 10017
   868 10017
   869 10017
   870 10017
   871 10017
   872 10073
   873 10073
   874 10073
   875 10073
   876 10017
   877 10017
   878 10022
   879 10022
   880 10022
   881 10017
   882 10073
   883 10017
   884 10073
   885 10073
   886 10073
   887 10017
   888 10017
   889 10073
   890 10073
   891 10073
   892 10073
   893 10073
   894 10073
   895 10073
   896 10073
   897 10073
   898 10073
   899 10073
   900 10073
   901 10073
   902 10073
   903 10073
   904 10017
   905 10017
   906 10073
   907 10073
   908 10073
   909 10073
   910 10073
   911 10073
   912 10073
   913 10073
   914 10017
   915 10017
   916 10073
   917 10017
   918 10017
   919 10017
   920 10073
   921 10073
   922 10017
   923 10017
   924 10017
   925 10017
   926 10017
   927 10017
   928 10073
   929 10073
   930 10017
   931 10017
   932 10017
   933 10017
   934 10151
   935 10017
   936 10017
   937 10017
   938 10017
   939 10017
   940 10151
   941 10017
   942 10017
   943 10017
   944 10017
   945 10017
   946 10017
   947 10017
   948 10017
   949 10017
   950 10017
   951 10151
   952 10151
   953 10151
   954 10151
   955 10151
   956 10022
   957 10022
   958 10022
   959 10017
   960 10017
   961 10151
   962 10073
   963 10151
   964 10017
   965 10151
   966 10151
   967 10151
   968 10017
   969 10151
   970 10017
   971 10151
   972 10151
   973 10151
   974 10151
   975 10151
   976 10019
   977 10151
   978 10151
   979 10151
   980 10151
   981 10151
   982 10151
   983 10151
   984 10151
   985 10151
   986 10151
   987 10151
   988 10151
   989 10151
   990 10151
   991 10151
   992 10019
   993 10151
   994 10151
   995 10151
   996 10151
   997 10151
   998 10151
   999 10151
  1000 10151
  1001 10151
  1002 10151
  1003 10017
  1004 10151
  1005 10151
  1006 10151
  1007 10151
  1008 10151
  1009 10151
  1010 10151
  1011 10073
  1012 10028
  1013 10028
  1014 10028
  1018 10138
  1025 10067
  1026 10022
  1027 10022
  1028 10022
  1029 10022
  1030 10022
  1031 10022
  1032 10022
  1033 10022
  1034 10022
  1035 10041
  1036 10022
  1037 10022
  1038 10041
  1039 10041
  1040 10022
  1041 10022
  1042 10022
  1043 10022
  1044 10041
  1045 10022
  1046 10022
  1047 10022
  1048 10022
  1049 10022
  1050 10022
  1051 10022
  1052 10022
  1053 10022
  1054 10041
  1055 10041
  1056 10022
  1057 10041
  1058 10041
  1059 10041
  1060 10041
  1061 10022
  1062 10041
  1063 10022
  1064 10022
  1065 10022
  1066 10022
  1067 10022
  1068 10022
  1069 10022
  1070 10022
  1071 10041
  1072 10041
  1073 10041
  1074 10041
  1075 10041
  1076 10041
  1077 10041
  1078 10041
  1079 10041
  1080 10041
  1081 10041
  1082 10022
  1083 10022
  1084 10022
  1085 10022
  1086 10022
  1087 10022
  1088 10022
  1089 10022
  1090 10041
  1091 10041
  1092 10041
  1093 10041
  1094 10041
  1095 10041
  1096 10041
  1097 10022
  1098 10022
  1099 10022
  1100 10022
  1101 10041
  1102 10022
  1103 10022
  1104 10022
  1105 10022
  1106 10022
  1107 10022
  1108 10022
  1109 10022
  1110 10022
  1111 10022
  1112 10022
  1113 10022
  1114 10022
  1115 10022
  1116 10022
  1117 10022
  1118 10022
  1119 10022
  1120 10041
  1121 10022
  1122 10041
  1123 10041
  1124 10022
  1125 10022
  1126 10022
  1127 10022
  1128 10022
  1129 10022
  1130 10022
  1131 10022
  1132 10022
  1133 10022
  1134 10022
  1135 10022
  1136 10022
  1137 10022
  1138 10022
  1139 10022
  1140 10022
  1141 10022
  1142 10041
  1143 10022
  1144 10022
  1145 10022
  1146 10022
  1147 10022
  1148 10022
  1149 10022
  1150 10022
  1151 10022
  1152 10022
  1153 10022
  1154 10022
  1155 10022
  1156 10022
  1157 10022
  1158 10022
  1159 10022
  1160 10041
  1161 10041
  1162 10022
  1163 10022
  1164 10022
  1165 10041
  1166 10022
  1167 10022
  1168 10022
  1169 10022
  1170 10022
  1171 10022
  1172 10022
  1173 10022
  1174 10041
  1175 10041
  1176 10041
  1177 10022
  1178 10022
  1179 10022
  1180 10055
  1181 10022
  1182 10041
  1183 10041
  1184 10022
  1185 10022
  1186 10022
  1187 10041
  1188 10041
  1189 10041
  1190 10022
  1191 10022
  1192 10041
  1193 10022
  1194 10022
  1195 10022
  1196 10022
  1197 10041
  1198 10022
  1199 10022
  1200 10022
  1201 10041
  1202 10022
  1203 10041
  1204 10041
  1205 10041
  1206 10041
  1207 10022
  1208 10022
  1209 10022
  1210 10022
  1211 10041
  1212 10041
  1213 10022
  1214 10022
  1215 10022
  1216 10041
  1217 10041
  1218 10041
  1219 10041
  1220 10041
  1221 10041
  1222 10041
  1223 10041
  1224 10022
  1225 10022
  1226 10022
  1227 10022
  1228 10022
  1229 10022
  1230 10022
  1231 10022
  1232 10022
  1233 10022
  1234 10041
  1235 10041
  1236 10022
  1237 10041
  1238 10041
  1239 10041
  1240 10041
  1241 10022
  1242 10022
  1243 10022
  1244 10022
  1245 10022
  1246 10022
  1247 10022
  1248 10022
  1249 10022
  1250 10041
  1256 10138
  1257 10138
  1258 10101
  1259 10101
  1260 10101
  1261 10101
  1262 10101
  1264 10130
  1266 10118
  1267 10118
  1268 10118
  1269 10007
  1270 10137
  1271 10137
  1272 10137
  1273 10137
  1274 10137
  1275 10137
  1276 10137
  1277 10137
  1278 10131
  1279 10137
  1280 10131
  1281 10131
  1282 10131
  1283 10131
  1284 10131
  1285 10131
  1286 10131
  1287 10137
  1288 10137
  1289 10137
  1290 10131
  1291 10131
  1292 10131
  1293 10131
  1294 10131
  1295 10131
  1296 10131
  1297 10131
  1298 10131
  1299 10131
  1300 10131
  1301 10131
  1302 10131
  1303 10131
  1304 10131
  1305 10131
  1306 10131
  1307 10127
  1308 10127
  1309 10127
  1310 10127
  1311 10131
  1312 10137
  1313 10137
  1314 10131
  1315 10127
  1316 10137
  1317 10131
  1318 10131
  1319 10131
  1320 10131
  1321 10131
  1322 10131
  1323 10137
  1324 10131
  1325 10137
  1326 10131
  1327 10137
  1328 10137
  1329 10137
  1330 10137
  1331 10137
  1332 10131
  1333 10131
  1334 10131
  1335 10131
  1336 10131
  1337 10131
  1338 10131
  1339 10131
  1340 10131
  1341 10131
  1342 10131
  1343 10131
  1344 10131
  1345 10137
  1346 10137
  1347 10137
  1348 10137
  1349 10137
  1350 10137
  1351 10137
  1352 10137
  1353 10131
  1354 10137
  1355 10137
  1356 10137
  1357 10137
  1358 10137
  1359 10137
  1360 10137
  1361 10137
  1362 10137
  1363 10137
  1364 10137
  1365 10137
  1366 10137
  1367 10137
  1368 10137
  1369 10137
  1370 10137
  1371 10137
  1372 10137
  1373 10137
  1374 10137
  1375 10137
  1376 10131
  1377 10137
  1378 10137
  1379 10137
  1380 10137
  1381 10137
  1382 10137
  1383 10137
  1384 10137
  1385 10137
  1386 10137
  1387 10137
  1388 10137
  1389 10137
  1390 10137
  1391 10137
  1392 10137
  1393 10137
  1394 10137
  1395 10137
  1396 10137
  1397 10137
  1398 10137
  1399 10137
  1400 10137
  1401 10137
  1402 10137
  1403 10137
  1404 10137
  1405 10137
  1406 10137
  1407 10137
  1408 10137
  1409 10137
  1410 10137
  1411 10137
  1412 10137
  1413 10137
  1414 10137
  1415 10137
  1416 10137
  1417 10137
  1418 10137
  1419 10137
  1420 10131
  1421 10131
  1422 10137
  1423 10137
  1424 10137
  1425 10137
  1426 10137
  1427 10137
  1428 10131
  1429 10131
  1430 10131
  1431 10137
  1432 10137
  1433 10137
  1434 10137
  1435 10137
  1436 10137
  1437 10137
  1438 10137
  1439 10137
  1440 10131
  1441 10137
  1442 10137
  1443 10137
  1444 10137
  1445 10137
  1446 10137
  1447 10137
  1448 10137
  1449 10137
  1450 10137
  1451 10137
  1452 10137
  1453 10137
  1454 10137
  1455 10137
  1456 10137
  1457 10137
  1458 10127
  1459 10127
  1460 10137
  1461 10137
  1462 10137
  1463 10137
  1464 10137
  1465 10137
  1466 10137
  1467 10137
  1468 10137
  1469 10131
  1470 10131
  1471 10131
  1472 10131
  1473 10137
  1474 10137
  1475 10137
  1476 10137
  1477 10137
  1478 10137
  1479 10137
  1480 10131
  1481 10127
  1482 10131
  1483 10137
  1484 10137
  1485 10137
  1486 10137
  1487 10137
  1488 10137
  1489 10137
  1490 10137
  1491 10137
  1492 10137
  1493 10131
  1494 10137
  1495 10137
  1496 10137
  1497 10127
  1498 10007
  1499 10112
  1500 10112
  1504 10085
  1506 10085
  1507 10085
  1508 10085
  1509 10085
  1510 10085
  1511 10085
  1512 10085
  1513 10085
  1514 10085
  1515 10085
  1516 10085
  1517 10085
  1518 10085
  1519 10085
  1520 10085
  1521 10085
  1522 10085
  1523 10085
  1524 10085
  1525 10085
  1526 10085
  1527 10085
  1528 10085
  1529 10085
  1530 10085
  1531 10085
  1532 10085
  1533 10085
  1534 10085
  1535 10085
  1536 10085
  1537 10085
  1538 10085
  1540 10173
  1541 10055
  1542 10173
  1543 10040
  1544 10040
  1545 10106
  1546 10040
  1547 10040
  1548 10040
  1549 10040
  1550 10040
  1551 10040
  1552 10040
  1553 10040
  1554 10040
  1555 10040
  1556 10040
  1557 10040
  1558 10040
  1559 10106
  1560 10040
  1561 10040
  1562 10040
  1563 10040
  1564 10040
  1565 10040
  1566 10040
  1567 10040
  1568 10040
  1569 10040
  1570 10040
  1571 10106
  1572 10106
  1573 10040
  1574 10040
  1575 10040
  1576 10040
  1577 10106
  1578 10106
  1579 10106
  1580 10106
  1581 10040
  1582 10040
  1583 10040
  1584 10040
  1585 10040
  1586 10106
  1587 10106
  1588 10158
  1589 10158
  1590 10158
  1591 10106
  1592 10106
  1593 10106
  1594 10106
  1595 10040
  1596 10040
  1597 10040
  1598 10106
  1599 10040
  1600 10040
  1601 10040
  1602 10040
  1603 10040
  1604 10106
  1605 10076
  1606 10076
  1609 10106
  1610 10134
  1611 10134
  1612 10134
  1613 10134
  1614 10134
  1615 10065
  1616 10065
  1617 10065
  1618 10065
  1619 10065
  1620 10050
  1621 10050
  1622 10065
  1623 10065
  1624 10065
  1625 10065
  1626 10065
  1627 10065
  1628 10065
  1629 10065
  1630 10065
  1631 10065
  1632 10065
  1633 10065
  1634 10065
  1635 10065
  1636 10065
  1637 10065
  1638 10065
  1639 10065
  1640 10050
  1641 10050
  1642 10050
  1643 10050
  1644 10050
  1645 10050
  1646 10050
  1647 10050
  1648 10050
  1649 10050
  1650 10050
  1651 10065
  1652 10065
  1653 10050
  1654 10065
  1655 10065
  1656 10065
  1657 10065
  1658 10065
  1659 10065
  1660 10065
  1661 10065
  1662 10065
  1663 10065
  1664 10065
  1665 10065
  1666 10065
  1667 10065
  1668 10065
  1669 10065
  1670 10065
  1671 10065
  1672 10065
  1673 10065
  1674 10065
  1675 10065
  1676 10065
  1677 10065
  1678 10065
  1679 10065
  1680 10065
  1681 10065
  1682 10065
  1683 10065
  1684 10065
  1685 10065
  1686 10065
  1687 10065
  1688 10065
  1689 10065
  1690 10065
  1691 10065
  1692 10065
  1693 10065
  1694 10065
  1695 10065
  1696 10065
  1697 10065
  1698 10065
  1699 10050
  1700 10050
  1701 10050
  1702 10065
  1703 10065
  1704 10065
  1705 10065
  1706 10065
  1707 10065
  1708 10065
  1709 10065
  1710 10065
  1711 10065
  1712 10065
  1713 10050
  1714 10065
  1715 10065
  1716 10065
  1717 10065
  1718 10065
  1719 10065
  1720 10065
  1721 10050
  1722 10065
  1723 10065
  1724 10065
  1725 10065
  1726 10050
  1727 10050
  1728 10050
  1729 10050
  1730 10050
  1731 10065
  1732 10065
  1733 10050
  1734 10065
  1735 10050
  1736 10065
  1737 10050
  1738 10065
  1739 10065
  1740 10065
  1741 10065
  1742 10065
  1743 10065
  1744 10065
  1745 10065
  1746 10065
  1747 10065
  1748 10065
  1749 10065
  1750 10065
  1751 10065
  1752 10065
  1753 10065
  1754 10050
  1755 10050
  1756 10050
  1757 10065
  1758 10065
  1759 10065
  1760 10065
  1761 10065
  1762 10065
  1763 10065
  1764 10050
  1765 10065
  1766 10065
  1767 10065
  1768 10065
  1769 10065
  1770 10050
  1771 10050
  1772 10050
  1773 10050
  1774 10065
  1775 10065
  1776 10065
  1777 10065
  1778 10065
  1779 10065
  1780 10050
  1781 10050
  1782 10050
  1783 10050
  1784 10050
  1785 10050
  1786 10065
  1787 10050
  1788 10065
  1789 10065
  1790 10065
  1791 10065
  1792 10065
  1793 10065
  1794 10065
  1795 10065
  1796 10050
  1797 10050
  1798 10065
  1799 10065
  1800 10065
  1801 10065
  1802 10065
  1803 10065
  1804 10065
  1805 10065
  1806 10065
  1807 10050
  1808 10065
  1809 10065
  1810 10050
  1811 10050
  1812 10050
  1813 10050
  1814 10065
  1815 10065
  1816 10065
  1817 10065
  1818 10050
  1819 10065
  1820 10065
  1821 10065
  1822 10065
  1823 10065
  1824 10065
  1825 10065
  1826 10065
  1827 10065
  1828 10065
  1829 10065
  1830 10065
  1831 10065
  1832 10065
  1833 10065
  1834 10065
  1835 10065
  1836 10065
  1837 10065
  1838 10065
  1839 10065
  1840 10065
  1841 10065
  1842 10065
  1843 10065
  1844 10065
  1845 10065
  1846 10065
  1847 10065
  1848 10065
  1849 10065
  1850 10065
  1851 10065
  1852 10065
  1853 10065
  1854 10101
  1856 10101
  1857 10091
  1860 10091
  1861 10091
  1912 10043
  1913 10043
  1914 10043
  1916 10043
  1921 10091
  1935 10091
  1936 10043
  1937 10043
  1938 10043
  1939 10043
  1940 10043
  1941 10091
  1942 10091
  1943 10091
  1944 10091
  1945 10091
  1946 10091
  1947 10091
  1948 10091
  1949 10043
  1950 10091
  1951 10043
  1952 10091
  1953 10091
  1954 10091
  1955 10063
  1956 10043
  1957 10091
  1958 10091
  1959 10091
  1960 10091
  1961 10091
  1962 10091
  1963 10091
  1964 10091
  1965 10091
  1966 10091
  1967 10091
  1968 10091
  1969 10091
  1970 10091
  1973 10043
  1975 10091
  1976 10091
  1977 10091
  1978 10091
  1979 10091
  1980 10091
  1981 10091
  1982 10091
  1983 10091
  1984 10091
  1985 10091
  1986 10091
  1987 10091
  1988 10091
  1989 10043
  1990 10091
  1991 10043
  1992 10043
  1993 10091
  1994 10091
  1995 10091
  1996 10043
  1997 10091
  1998 10091
  1999 10091
  2000 10091
  2001 10091
  2002 10091
  2003 10091
  2004 10091
  2005 10091
  2006 10091
  2007 10091
  2008 10091
  2009 10091
  2010 10091
  2011 10091
  2012 10091
  2013 10091
  2015 10091
  2017 10091
  2018 10091
  2019 10091
  2020 10043
  2021 10043
  2022 10043
