  1170 10049
  1171 10049
  1172 10082
  1173 10082
  1174 10082
  1175 10049
  1176 10049
  1177 10049
  1178 10049
  1179 10049
  1180 10049
  1181 10049
  1182 10049
  1183 10049
  1184 10082
  1185 10082
  1186 10082
  1187 10082
  1188 10082
  1189 10082
  1190 10082
  1191 10082
  1192 10082
  1193 10049
  1194 10049
  1195 10049
  1196 10049
  1197 10049
  1198 10049
  1199 10082
  1200 10049
  1201 10049
  1202 10049
  1203 10021
  1204 10082
  1205 10049
  1206 10082
  1207 10082
  1208 10082
  1209 10049
  1210 10082
  1211 10082
  1212 10082
  1213 10049
  1214 10049
  1215 10049
  1216 10082
  1217 10082
  1218 10082
  1219 10082
  1220 10049
  1221 10049
  1222 10049
  1223 10049
  1224 10021
  1225 10049
  1226 10049
  1227 10049
  1228 10049
  1229 10049
  1230 10049
  1231 10049
  1232 10049
  1233 10049
  1234 10049
  1235 10082
  1236 10021
  1237 10049
  1238 10082
  1239 10082
  1240 10049
  1241 10049
  1242 10049
  1243 10049
  1244 10049
  1245 10049
  1246 10049
  1247 10021
  1248 10021
  1249 10049
  1250 10049
  1251 10082
  1252 10049
  1253 10049
  1254 10049
  1255 10049
  1256 10049
  1257 10049
  1258 10049
  1259 10049
  1260 10049
  1261 10049
  1262 10049
  1263 10049
  1264 10049
  1265 10049
  1266 10049
  1267 10049
  1268 10049
  1269 10049
  1270 10049
  1271 10049
  1272 10049
  1273 10049
  1274 10049
  1275 10049
  1276 10049
  1277 10049
  1278 10049
  1279 10049
  1280 10049
  1281 10049
  1282 10049
  1283 10049
  1284 10049
  1285 10049
  1286 10049
  1287 10049
  1288 10049
  1289 10049
  1290 10049
  1291 10049
  1292 10049
  1293 10049
  1294 10049
  1295 10049
  1296 10049
  1297 10049
  1298 10049
  1299 10049
  1300 10049
  1301 10049
  1302 10049
  1303 10049
  1304 10049
  1305 10049
  1306 10049
  1307 10049
  1308 10049
  1309 10049
  1310 10049
  1311 10049
  1312 10049
  1313 10049
  1314 10049
  1315 10049
  1316 10049
  1317 10049
  1318 10049
  1319 10049
  1320 10049
  1321 10049
  1322 10049
  1323 10106
  1324 10049
  1325 10049
  1326 10049
  1327 10049
  1328 10028
  1329 10028
  1330 10028
  1331 10028
  1332 10045
  1333 10045
  1334 10045
  1335 10045
  1336 10019
  1337 10049
  1338 10049
  1339 10049
  1340 10049
  1341 10049
  1342 10049
  1343 10049
  1344 10049
  1345 10049
  1346 10045
  1347 10045
  1348 10045
  1349 10045
  1350 10045
  1351 10045
  1352 10045
  1353 10045
  1354 10045
  1355 10045
  1356 10045
  1357 10045
  1358 10045
  1359 10045
  1360 10045
  1361 10045
  1362 10045
  1363 10045
  1364 10045
  1365 10045
  1366 10045
  1367 10045
  1368 10045
  1369 10045
  1370 10045
  1371 10045
  1372 10045
  1373 10045
  1374 10045
  1375 10045
  1376 10045
  1377 10049
  1378 10049
  1379 10049
  1380 10049
  1381 10049
  1382 10049
  1383 10049
  1384 10049
  1385 10049
  1386 10049
  1387 10049
  1388 10049
  1389 10049
  1390 10049
  1391 10049
  1392 10049
  1393 10049
  1394 10049
  1395 10049
  1396 10049
  1397 10049
  1398 10049
  1399 10049
  1400 10049
  1401 10049
  1402 10049
  1403 10049
  1404 10049
  1405 10049
  1406 10049
  1407 10049
  1408 10049
  1409 10049
  1410 10049
  1411 10049
  1412 10049
  1413 10049
  1414 10049
  1415 10049
  1416 10049
  1417 10049
  1418 10049
  1419 10049
  1420 10049
  1421 10049
  1422 10049
  1423 10049
  1424 10049
  1425 10049
  1426 10049
  1427 10049
  1428 10049
  1429 10049
  1430 10049
  1431 10049
  1432 10049
  1433 10049
  1434 10049
  1435 10049
  1436 10049
  1437 10049
  1438 10049
  1439 10049
  1440 10049
  1441 10049
  1442 10049
  1443 10049
  1444 10049
  1445 10049
  1446 10049
  1447 10049
  1448 10049
  1449 10049
  1450 10049
  1451 10049
  1452 10049
  1453 10049
  1454 10049
  1455 10049
  1456 10049
  1457 10049
  1458 10049
  1459 10049
  1460 10049
  1461 10049
  1462 10049
  1463 10049
  1464 10049
  1465 10049
  1466 10049
  1467 10049
  1468 10049
  1469 10049
  1470 10049
  1471 10049
  1472 10049
  1473 10049
  1474 10049
  1475 10049
  1476 10049
  1477 10049
  1478 10049
  1479 10049
  1480 10049
  1481 10049
  1482 10049
  1483 10049
  1484 10049
  1485 10049
  1486 10049
  1487 10049
  1488 10049
  1489 10049
  1490 10049
  1491 10049
  1492 10049
  1493 10049
  1494 10049
  1495 10049
  1496 10049
  1497 10049
  1498 10049
  1499 10049
  1500 10049
  1501 10049
  1502 10049
  1503 10049
  1504 10049
  1505 10049
  1506 10049
  1507 10049
  1508 10049
  1509 10049
  1510 10049
  1511 10049
  1512 10049
  1513 10049
  1514 10049
  1515 10082
  1516 10049
  1517 10049
  1518 10049
  1519 10049
  1520 10049
  1521 10049
  1522 10049
  1523 10049
  1524 10049
  1525 10049
  1526 10049
  1527 10049
  1528 10049
  1529 10049
  1530 10049
  1531 10049
  1532 10049
  1533 10049
  1534 10049
  1535 10049
  1536 10049
  1537 10049
  1538 10049
  1539 10049
  1540 10049
  1541 10049
  1542 10049
  1543 10049
  1544 10049
  1545 10049
  1546 10049
  1547 10049
  1548 10049
  1549 10049
  1550 10049
  1551 10049
  1552 10049
  1553 10049
  1554 10049
  1555 10049
  1556 10049
  1557 10049
  1558 10049
  1559 10049
  1560 10049
  1561 10049
  1562 10049
  1563 10049
  1564 10049
  1565 10049
  1566 10049
  1567 10049
  1568 10049
  1569 10049
  1570 10049
  1571 10049
  1572 10049
  1573 10049
  1574 10049
  1575 10049
  1576 10049
  1577 10049
  1578 10049
  1579 10049
  1580 10049
  1581 10049
  1582 10049
  1583 10049
  1584 10049
  1585 10049
  1586 10049
  1587 10049
  1588 10049
  1589 10049
  1590 10049
  1591 10049
  1592 10049
  1593 10049
  1594 10049
  1595 10049
  1596 10049
  1597 10049
  1598 10049
  1599 10049
  1600 10049
  1601 10049
  1602 10049
  1603 10049
  1604 10049
  1605 10049
  1606 10049
  1607 10049
  1608 10049
  1609 10049
  1610 10049
  1611 10049
  1612 10049
  1613 10049
  1614 10049
  1615 10049
  1616 10049
  1617 10082
  1618 10049
  1619 10049
  1620 10049
  1621 10049
  1622 10049
  1623 10019
  1624 10049
  1625 10049
  1626 10049
  1627 10049
  1628 10021
  1629 10049
  1630 10021
  1631 10049
  1632 10049
  1633 10049
  1634 10021
  1635 10021
  1636 10021
  1637 10021
  1638 10049
  1639 10049
  1640 10049
  1641 10021
  1642 10021
  1643 10049
  1644 10021
  1645 10021
  1646 10049
  1647 10021
  1648 10049
  1649 10049
  1650 10049
  1651 10049
  1652 10049
  1653 10021
  1654 10021
  1655 10021
  1656 10049
  1657 10049
  1658 10021
  1659 10021
  1660 10021
  1661 10021
  1662 10021
  1663 10021
  1664 10021
  1665 10021
  1666 10021
  1667 10021
  1668 10021
  1669 10021
  1670 10049
  1671 10021
  1672 10021
  1673 10021
  1674 10049
  1675 10021
  1676 10049
  1677 10021
  1678 10021
  1679 10021
  1680 10049
  1681 10049
  1682 10049
  1683 10049
  1684 10049
  1685 10049
  1686 10021
  1687 10021
  1688 10021
  1689 10021
  1690 10021
  1691 10021
  1692 10049
  1693 10049
  1694 10049
  1695 10049
  1696 10049
  1697 10049
  1698 10021
  1699 10049
  1700 10021
  1701 10021
  1702 10021
  1703 10021
  1704 10021
  1705 10021
  1706 10049
  1707 10049
  1708 10021
  1709 10021
  1710 10021
  1711 10021
  1712 10021
  1713 10021
  1714 10049
  1715 10021
  1716 10021
  1717 10021
  1718 10021
  1719 10021
  1720 10021
  1721 10021
  1722 10021
  1723 10021
  1724 10021
  1725 10021
  1726 10021
  1727 10021
  1728 10021
  1729 10049
  1730 10021
  1731 10021
  1732 10021
  1733 10049
  1734 10021
  1735 10021
  1736 10021
  1737 10021
  1738 10021
  1739 10049
  1740 10049
  1741 10049
  1742 10049
  1743 10049
  1744 10049
  1745 10049
  1746 10021
  1747 10021
  1748 10021
  1749 10021
  1750 10049
  1751 10049
  1752 10049
  1753 10049
  1754 10049
  1755 10049
  1756 10049
  1757 10049
  1758 10049
  1759 10049
  1760 10049
  1761 10021
  1762 10049
  1763 10049
  1764 10049
  1765 10049
  1766 10049
  1767 10049
  1768 10049
  1769 10049
  1770 10049
  1771 10049
  1772 10049
  1773 10049
  1774 10049
  1775 10021
  1776 10049
  1777 10049
  1778 10021
  1779 10049
  1780 10049
  1781 10049
  1782 10049
  1783 10049
  1784 10049
  1785 10049
  1786 10049
  1787 10021
  1788 10021
  1789 10021
  1790 10021
  1791 10021
  1792 10021
  1793 10021
  1794 10021
  1795 10049
  1796 10021
  1797 10021
  1798 10049
  1799 10021
  1800 10021
  1801 10049
  1802 10021
  1803 10021
  1804 10021
  1805 10021
  1806 10049
  1807 10021
  1808 10021
  1809 10021
  1810 10049
  1811 10021
  1812 10049
  1813 10021
  1814 10049
  1815 10021
  1816 10049
  1817 10049
  1818 10021
  1819 10021
  1820 10049
  1821 10049
  1822 10021
  1823 10021
  1824 10021
  1825 10021
  1826 10021
  1827 10021
  1828 10021
  1829 10049
  1830 10021
  1831 10021
  1832 10021
  1833 10021
  1834 10021
  1835 10021
  1836 10049
  1837 10021
  1838 10021
  1839 10049
  1840 10021
  1841 10021
  1842 10021
  1843 10021
  1844 10021
  1845 10021
  1846 10049
  1847 10049
  1848 10049
  1849 10049
  1850 10049
  1851 10021
  1852 10021
  1853 10021
  1854 10021
  1855 10021
  1856 10049
  1857 10049
  1858 10049
  1859 10049
  1860 10034
  1861 10049
  1862 10049
  1863 10049
  1864 10049
  1865 10049
  1866 10049
  1867 10049
  1868 10049
  1869 10049
  1870 10049
  1871 10049
  1872 10049
  1873 10049
  1874 10049
  1875 10049
  1876 10049
  1877 10049
  1878 10049
  1879 10049
  1880 10049
  1881 10049
  1882 10049
  1883 10049
  1884 10049
  1885 10049
  1886 10049
  1887 10049
  1888 10049
  1889 10049
  1890 10049
  1891 10049
  1892 10049
  1893 10049
  1894 10049
  1895 10049
  1896 10049
  1897 10049
  1898 10049
  1899 10049
  1900 10049
  1901 10049
  1902 10049
  1903 10049
  1904 10049
  1905 10049
  1906 10049
  1907 10049
  1908 10049
  1909 10049
  1910 10049
  1911 10049
  1912 10049
  1913 10049
  1914 10049
  1915 10049
  1916 10049
  1917 10049
  1918 10049
  1919 10049
  1920 10049
  1921 10049
  1922 10049
  1923 10049
  1924 10049
  1925 10049
  1926 10049
  1927 10049
  1928 10049
  1929 10049
  1930 10049
  1931 10049
  1932 10049
  1933 10049
  1934 10049
  1935 10028
  1936 10049
  1937 10049
  1938 10049
  1939 10049
  1940 10049
  1941 10049
  1942 10049
  1943 10049
  1944 10049
  1945 10049
  1946 10049
  1947 10049
  1948 10049
  1949 10049
  1950 10049
  1951 10049
  1952 10049
  1953 10049
  1954 10049
  1955 10049
  1956 10049
  1957 10049
  1958 10049
  1959 10049
  1960 10049
  1961 10049
  1962 10049
  1963 10049
  1964 10049
  1965 10049
  1966 10049
  1967 10049
  1968 10049
  1969 10049
  1970 10049
  1971 10049
  1972 10049
  1973 10049
  1974 10049
  1975 10049
  1976 10049
  1977 10049
  1978 10049
  1979 10049
  1980 10049
  1981 10049
  1982 10049
  1983 10049
  1984 10049
  1985 10049
  1986 10049
  1987 10049
  1988 10049
  1989 10049
  1990 10049
  1991 10049
  1992 10049
  1993 10049
  1994 10049
  1995 10049
  1996 10049
  1997 10049
  1998 10049
  1999 10049
  2000 10049
  2001 10049
  2002 10049
  2003 10049
  2004 10049
  2005 10049
  2006 10049
  2007 10049
  2008 10049
  2009 10049
  2010 10049
  2011 10049
  2012 10049
  2013 10049
  2014 10049
  2015 10049
  2016 10049
  2017 10049
  2018 10049
  2019 10049
  2020 10049
  2021 10049
  2022 10049
  2023 10049
  2024 10049
  2025 10049
