   690 10165
   691 10165
   692 10165
   693 10165
   694 10165
   695 10165
   696 10165
   697 10165
   698 10165
   699 10165
   700 10165
   701 10165
   702 10165
   703 10165
   704 10165
   705 10165
   706 10165
   707 10165
   708 10165
   709 10165
   710 10165
   711 10165
   712 10165
   713 10165
   714 10165
   715 10165
   716 10165
   717 10165
   718 10165
   719 10165
   720 10165
   721 10165
   722 10165
   723 10165
   724 10165
   725 10165
   726 10165
   727 10165
   728 10165
   729 10165
   730 10165
   731 10165
   732 10165
   733 10165
   734 10165
   735 10165
   736 10165
   737 10165
   738 10165
   739 10165
   740 10165
   741 10165
   742 10165
   743 10165
   744 10165
   745 10165
   746 10165
   747 10165
   748 10165
   749 10165
   750 10165
   751 10165
   752 10165
   753 10165
   754 10165
   755 10165
   756 10165
   757 10165
   758 10165
   759 10165
   760 10165
   761 10165
   762 10165
   763 10165
   764 10165
   765 10165
   766 10165
   767 10165
   768 10165
   769 10165
   770 10165
   771 10165
   772 10165
   773 10165
   774 10165
   775 10165
   776 10165
   785 10029
   786 10029
   787 10029
   788 10104
   789 10104
   790 10104
   791 10104
   792 10104
   793 10104
   794 10104
   795 10104
   796 10104
   797 10104
   798 10104
   799 10104
   800 10104
   801 10104
   802 10104
   803 10104
   804 10104
   805 10104
   806 10104
   807 10104
   808 10104
   809 10104
   810 10104
   811 10104
   812 10104
   813 10104
   814 10104
   815 10104
   816 10104
   817 10104
   818 10104
   819 10104
   820 10104
   821 10104
   822 10104
   823 10104
   824 10104
   825 10104
   826 10104
   827 10104
   828 10104
   829 10104
   830 10104
   831 10104
   832 10104
   833 10104
   834 10104
   835 10104
   836 10104
   837 10104
   838 10104
   839 10104
   840 10104
   841 10104
   842 10104
   843 10104
   844 10104
   845 10104
   846 10104
   847 10104
   848 10104
   849 10104
   850 10104
   851 10104
   852 10104
   853 10104
   854 10104
   855 10104
   856 10104
   857 10104
   858 10104
   859 10104
   860 10104
   861 10104
   862 10104
   863 10104
   864 10104
   865 10104
   866 10104
   867 10104
   868 10104
   869 10104
   870 10104
   871 10104
   872 10104
   873 10104
   874 10104
   875 10104
   876 10104
   877 10104
   878 10104
   879 10104
   880 10104
   881 10104
   882 10104
   883 10104
   884 10104
   885 10104
   886 10104
   887 10104
   888 10104
   889 10104
   890 10104
   891 10104
   892 10104
   893 10104
   894 10104
   895 10104
   896 10104
   897 10104
   898 10104
   899 10104
   900 10104
   901 10104
   902 10104
   903 10104
   904 10104
   905 10104
   906 10104
   907 10104
   908 10104
   909 10104
   910 10104
   911 10104
   912 10104
   913 10104
   914 10104
   915 10104
   916 10104
   917 10104
   918 10104
   919 10104
   920 10104
   921 10104
   922 10104
   923 10104
   924 10104
   925 10104
   926 10104
   927 10104
   928 10104
   929 10104
   930 10104
   931 10104
   932 10104
   933 10104
   934 10104
   935 10104
   936 10104
   937 10104
   938 10104
   939 10104
   940 10104
   941 10104
   942 10104
   943 10104
   944 10104
   945 10104
   946 10104
   947 10104
   948 10104
   949 10104
   950 10104
   951 10104
   952 10104
   953 10104
   954 10104
   955 10104
   956 10104
   957 10104
   958 10104
   959 10104
   960 10104
   961 10104
   962 10104
   963 10104
   964 10104
   965 10104
   966 10104
   967 10104
   968 10104
   969 10104
   970 10104
   971 10104
   972 10104
   973 10104
   974 10104
   975 10104
   976 10104
   977 10104
   978 10104
   979 10104
   980 10104
   981 10104
   982 10104
   983 10104
   984 10104
   985 10104
   986 10104
   987 10104
   988 10104
   989 10104
   990 10104
   991 10104
   992 10104
   993 10104
   994 10104
   995 10104
   996 10104
   997 10104
   998 10104
   999 10104
  1000 10104
  1001 10104
  1002 10104
  1003 10104
  1004 10104
  1005 10104
  1006 10104
  1007 10104
  1008 10104
  1009 10104
  1010 10104
  1011 10104
  1012 10104
  1013 10104
  1014 10104
  1015 10104
  1016 10104
  1017 10104
  1018 10104
  1019 10104
  1021 10137
  1022 10137
  1023 10137
  1024 10137
  1025 10137
  1026 10137
  1027 10137
  1028 10137
  1029 10137
  1030 10137
  1031 10131
  1032 10131
  1033 10131
  1034 10131
  1035 10131
  1036 10131
  1037 10137
  1038 10137
  1039 10137
  1040 10137
  1041 10137
  1042 10137
  1043 10137
  1044 10137
  1045 10137
  1046 10137
  1047 10137
  1048 10137
  1049 10137
  1050 10137
  1051 10137
  1052 10137
  1053 10137
  1054 10137
  1055 10137
  1056 10137
  1057 10137
  1058 10137
  1059 10137
  1060 10137
  1061 10137
  1062 10137
  1063 10137
  1064 10137
  1065 10137
  1066 10137
  1067 10137
  1068 10137
  1069 10137
  1070 10137
  1071 10137
  1072 10137
  1073 10137
  1074 10137
  1075 10137
  1076 10137
  1077 10137
  1078 10137
  1079 10137
  1080 10137
  1081 10137
  1082 10137
  1083 10137
  1084 10137
  1085 10137
  1086 10137
  1087 10137
  1088 10137
  1089 10137
  1090 10137
  1091 10137
  1092 10137
  1093 10137
  1094 10131
  1095 10137
  1096 10137
  1097 10137
  1098 10137
  1099 10137
  1100 10137
  1101 10137
  1102 10137
  1103 10137
  1104 10137
  1105 10137
  1106 10137
  1107 10137
  1108 10137
  1109 10137
  1110 10137
  1111 10137
  1112 10137
  1113 10137
  1114 10137
  1115 10137
  1116 10137
  1117 10137
  1118 10137
  1119 10137
  1120 10137
  1121 10137
  1122 10131
  1123 10137
  1124 10137
  1125 10137
  1126 10137
  1127 10137
  1128 10137
  1129 10137
  1130 10137
  1131 10137
  1132 10137
  1133 10137
  1134 10137
  1135 10137
  1136 10137
  1137 10137
  1138 10137
  1139 10137
  1140 10137
  1141 10137
  1142 10137
  1143 10137
  1144 10137
  1145 10137
  1146 10137
  1147 10137
  1148 10137
  1149 10137
  1150 10137
  1151 10137
  1152 10137
  1153 10137
  1154 10137
  1155 10137
  1156 10137
  1157 10137
  1158 10137
  1159 10137
  1160 10137
  1161 10137
  1162 10137
  1163 10137
  1164 10137
  1165 10137
  1166 10137
  1167 10137
  1168 10137
  1169 10137
  1170 10137
  1171 10137
  1172 10137
  1173 10137
  1174 10137
  1175 10137
  1176 10137
  1177 10137
  1178 10137
  1179 10137
  1180 10137
  1181 10137
  1182 10137
  1183 10137
  1184 10137
  1185 10137
  1186 10137
  1187 10137
  1188 10137
  1189 10137
  1190 10137
  1191 10137
  1192 10137
  1193 10137
  1194 10137
  1195 10137
  1196 10137
  1197 10137
  1198 10137
  1199 10137
  1200 10137
  1201 10137
  1202 10137
  1203 10137
  1204 10137
  1205 10137
  1206 10137
  1207 10137
  1208 10137
  1209 10137
  1210 10137
  1211 10137
  1212 10137
  1213 10137
  1214 10137
  1215 10137
  1216 10137
  1217 10137
  1218 10137
  1219 10137
  1220 10137
  1221 10137
  1222 10137
  1223 10137
  1224 10137
  1225 10137
  1226 10137
  1227 10137
  1228 10137
  1229 10137
  1230 10137
  1231 10137
  1232 10137
  1233 10137
  1234 10137
  1235 10137
  1236 10137
  1237 10137
  1238 10137
  1239 10137
  1240 10137
  1241 10137
  1242 10137
  1243 10137
  1244 10137
  1245 10137
  1246 10131
  1247 10131
  1248 10131
  1249 10137
  1250 10137
  1251 10137
  1252 10137
  1262 10018
  1263 10018
  1264 10018
  1265 10018
  1266 10018
  1267 10018
  1268 10018
  1269 10018
  1270 10158
  1271 10158
  1272 10158
  1273 10158
  1274 10158
  1275 10158
  1276 10158
  1277 10158
  1278 10158
  1279 10158
  1280 10158
  1281 10158
  1282 10158
  1283 10158
  1284 10158
  1285 10158
  1286 10158
  1287 10158
  1288 10158
  1289 10158
  1290 10055
  1291 10018
  1292 10018
  1293 10106
  1294 10106
  1296 10106
  1297 10018
  1298 10018
  1299 10018
  1300 10158
  1301 10158
  1302 10158
  1303 10158
  1304 10158
  1305 10158
  1306 10158
  1307 10158
  1308 10158
  1309 10158
  1310 10158
  1311 10158
  1312 10158
  1313 10158
  1314 10018
  1315 10055
  1316 10055
  1317 10055
  1318 10055
  1319 10055
  1320 10055
  1321 10055
  1322 10106
  1342 10062
  1352 10062
  1353 10062
  1374 10033
  1377 10101
  1378 10101
  1379 10101
  1380 10101
  1381 10101
  1382 10101
  1383 10101
  1384 10101
  1385 10101
  1386 10101
  1387 10101
  1388 10101
  1389 10020
  1390 10101
  1391 10101
  1392 10101
  1393 10101
  1394 10101
  1395 10101
  1396 10101
  1397 10101
  1398 10101
  1399 10101
  1400 10101
  1401 10101
  1402 10101
  1403 10101
  1404 10101
  1405 10101
  1406 10101
  1407 10101
  1408 10101
  1409 10101
  1410 10101
  1411 10101
  1412 10101
  1413 10101
  1414 10101
  1415 10101
  1416 10101
  1417 10101
  1418 10101
  1419 10101
  1420 10101
  1421 10101
  1422 10101
  1423 10020
  1424 10101
  1425 10101
  1426 10101
  1427 10101
  1428 10101
  1429 10101
  1430 10101
  1431 10101
  1432 10101
  1433 10101
  1434 10101
  1435 10101
  1436 10101
  1437 10101
  1438 10101
  1439 10101
  1440 10101
  1441 10101
  1442 10101
  1443 10101
  1444 10101
  1445 10020
  1446 10101
  1447 10101
  1448 10101
  1449 10101
  1450 10101
  1451 10101
  1452 10101
  1453 10101
  1454 10020
  1455 10020
  1456 10101
  1457 10101
  1458 10101
  1459 10020
  1460 10101
  1461 10020
  1462 10101
  1463 10101
  1464 10101
  1465 10101
  1466 10101
  1467 10101
  1468 10101
  1469 10101
  1470 10020
  1471 10101
  1472 10101
  1473 10020
  1474 10101
  1475 10101
  1476 10101
  1477 10101
  1478 10101
  1479 10101
  1480 10101
  1481 10101
  1482 10101
  1483 10101
  1484 10101
  1485 10101
  1486 10101
  1487 10101
  1488 10101
  1489 10101
  1490 10101
  1491 10101
  1492 10101
  1493 10101
  1494 10101
  1495 10101
  1496 10101
  1497 10101
  1498 10101
  1499 10101
  1500 10101
  1501 10101
  1502 10101
  1503 10101
  1504 10101
  1505 10101
  1506 10101
  1507 10101
  1508 10101
  1509 10101
  1510 10101
  1511 10101
  1512 10101
  1513 10020
  1514 10101
  1515 10101
  1516 10101
  1517 10101
  1518 10101
  1519 10101
  1520 10101
  1521 10101
  1522 10101
  1523 10101
  1524 10101
  1525 10101
  1526 10101
  1527 10101
  1528 10101
  1529 10101
  1530 10101
  1531 10101
  1532 10101
  1533 10020
  1534 10101
  1535 10101
  1536 10020
  1537 10101
  1538 10101
  1539 10101
  1540 10101
  1541 10101
  1542 10101
  1543 10101
  1544 10101
  1545 10020
  1546 10101
  1547 10101
  1548 10101
  1549 10101
  1550 10020
  1551 10101
  1552 10101
  1553 10020
  1554 10020
  1555 10101
  1556 10101
  1557 10020
  1558 10020
  1559 10101
  1560 10101
  1561 10101
  1562 10101
  1563 10101
  1564 10101
  1565 10101
  1566 10020
  1567 10020
  1568 10101
  1569 10101
  1570 10101
  1571 10101
  1572 10101
  1573 10020
  1574 10020
  1575 10020
  1576 10020
  1577 10101
  1578 10101
  1579 10101
  1580 10020
  1581 10101
  1582 10020
  1583 10020
  1584 10020
  1585 10020
  1586 10101
  1587 10020
  1588 10020
  1589 10101
  1590 10020
  1591 10020
  1592 10020
  1593 10101
  1594 10020
  1595 10020
  1596 10101
  1597 10101
  1598 10101
  1599 10020
  1600 10101
  1601 10101
  1602 10101
  1603 10101
  1604 10101
  1605 10101
  1606 10101
  1607 10020
  1608 10020
  1609 10101
  1610 10101
  1611 10101
  1612 10101
  1613 10101
  1614 10101
  1615 10101
  1616 10101
  1617 10101
  1618 10141
  1621 10171
  1622 10171
  1623 10171
  1624 10171
  1625 10171
  1626 10171
  1627 10171
  1628 10171
  1629 10171
  1630 10171
  1631 10171
  1632 10069
  1634 10171
  1637 10171
  1638 10171
  1639 10171
  1640 10171
  1642 10168
  1643 10168
  1644 10168
  1645 10168
  1646 10168
  1647 10168
  1648 10168
  1650 10171
  1651 10171
  1652 10171
  1653 10171
  1659 10171
  1660 10171
  1661 10171
  1662 10171
  1663 10171
  1664 10171
  1665 10171
  1666 10171
  1667 10171
  1668 10168
  1669 10168
  1670 10168
  1671 10168
  1672 10168
  1673 10171
  1674 10171
  1675 10171
  1676 10171
  1677 10171
  1678 10171
  1679 10171
  1680 10171
  1681 10171
  1682 10171
  1683 10171
  1684 10171
  1685 10171
  1686 10168
  1687 10168
  1688 10168
  1689 10168
  1690 10168
  1691 10168
  1692 10168
  1693 10168
  1694 10052
  1695 10052
  1696 10052
  1697 10171
  1698 10168
  1699 10168
  1700 10052
  1701 10168
  1708 10028
  1709 10151
  1710 10151
  1711 10022
  1712 10019
  1713 10019
  1714 10019
  1715 10043
  1716 10091
  1717 10064
  1718 10064
  1719 10064
  1720 10064
  1721 10064
  1722 10168
  1723 10052
  1724 10052
  1725 10052
  1847 10092
  1848 10168
  1849 10171
  1850 10171
  1851 10171
  1852 10171
  1854 10171
  1856 10171
  1857 10171
  1858 10171
  1859 10171
  1860 10171
  1861 10171
  1862 10094
  1863 10171
  1864 10171
  1870 10085
