   662 10131
   663 10131
   757 10153
   758 10153
   759 10153
   760 10153
   761 10081
   762 10081
   763 10153
   764 10153
   765 10153
   766 10153
   767 10153
   768 10153
   769 10153
   770 10153
   771 10130
   772 10130
   773 10130
   774 10130
   775 10154
   776 10154
   777 10153
   778 10153
   779 10153
   780 10143
   781 10143
   782 10143
   783 10143
   784 10143
   785 10131
   786 10131
   787 10131
   788 10131
   789 10131
   790 10131
   791 10131
   792 10131
   793 10131
   794 10131
   795 10131
   796 10131
   797 10131
   798 10131
   799 10131
   800 10131
   801 10131
   802 10131
   803 10131
   804 10131
   805 10131
   806 10131
   807 10131
   808 10131
   809 10131
   810 10131
   811 10131
   812 10131
   813 10131
   814 10131
   815 10131
   816 10131
   817 10131
   818 10131
   819 10131
   820 10131
   821 10131
   822 10131
   823 10131
   824 10131
   825 10131
   826 10131
   827 10131
   828 10131
   829 10131
   830 10131
   831 10131
   832 10131
   833 10131
   834 10131
   835 10131
   836 10131
   837 10131
   838 10131
   839 10131
   840 10131
   841 10131
   842 10131
   843 10131
   844 10131
   845 10131
   846 10131
   847 10131
   848 10131
   849 10131
   850 10131
   851 10131
   852 10131
   853 10131
   854 10131
   855 10131
   856 10131
   857 10131
   858 10131
   859 10131
   860 10131
   861 10131
   862 10131
   863 10131
   864 10131
   865 10131
   866 10131
   867 10131
   868 10131
   869 10131
   870 10131
   871 10131
   872 10131
   873 10131
   874 10131
   875 10131
   876 10131
   877 10131
   878 10131
   879 10131
   880 10131
   881 10131
   882 10131
   883 10131
   884 10131
   885 10131
   886 10131
   887 10131
   888 10131
   889 10131
   890 10131
   891 10131
   892 10131
   893 10131
   894 10131
   895 10131
   896 10131
   897 10131
   898 10131
   899 10131
   900 10131
   901 10131
   902 10131
   903 10131
   904 10131
   905 10131
   906 10131
   907 10131
   908 10131
   909 10131
   910 10131
   911 10131
   912 10131
   913 10131
   914 10131
   915 10131
   916 10131
   917 10131
   918 10131
   919 10131
   920 10131
   921 10131
   922 10131
   923 10131
   924 10131
   925 10131
   926 10131
   927 10131
   928 10131
   929 10131
   930 10131
   931 10131
   932 10131
   933 10131
   934 10131
   935 10131
   936 10131
   937 10131
   938 10131
   939 10131
   940 10131
   941 10131
   942 10131
   943 10131
   944 10131
   945 10131
   946 10131
   947 10131
   948 10131
   949 10131
   950 10131
   951 10131
   952 10131
   953 10131
   954 10131
   955 10131
   956 10131
   957 10131
   958 10131
   959 10131
   960 10131
   961 10131
   962 10131
   963 10131
   964 10131
   965 10131
   966 10131
   967 10131
   968 10131
   969 10131
   970 10131
   971 10131
   972 10131
   973 10131
   974 10131
   975 10131
   976 10131
   977 10131
   978 10131
   979 10131
   980 10131
   981 10131
   982 10131
   983 10131
   984 10131
   985 10131
   986 10131
   987 10131
   988 10131
   989 10131
   990 10131
   991 10131
   992 10131
   993 10131
   994 10131
   995 10131
   996 10131
   997 10131
   998 10131
   999 10131
  1000 10131
  1001 10131
  1002 10131
  1003 10131
  1004 10131
  1005 10131
  1006 10131
  1007 10131
  1008 10131
  1009 10131
  1010 10131
  1011 10131
  1012 10131
  1013 10131
  1014 10131
  1015 10131
  1016 10131
  1017 10131
  1018 10131
  1019 10007
  1020 10029
  1026 10101
  1027 10101
  1028 10101
  1029 10101
  1030 10101
  1031 10101
  1032 10101
  1033 10101
  1034 10101
  1035 10101
  1036 10101
  1037 10101
  1038 10101
  1039 10101
  1040 10101
  1041 10101
  1042 10101
  1043 10101
  1044 10101
  1045 10101
  1046 10101
  1047 10101
  1048 10101
  1049 10101
  1050 10101
  1051 10101
  1052 10101
  1053 10101
  1054 10101
  1055 10101
  1056 10101
  1057 10101
  1058 10101
  1059 10101
  1060 10101
  1061 10101
  1062 10101
  1063 10101
  1064 10101
  1065 10101
  1066 10101
  1067 10101
  1068 10101
  1069 10101
  1070 10101
  1071 10101
  1072 10101
  1073 10101
  1074 10101
  1075 10101
  1076 10101
  1077 10101
  1078 10101
  1079 10101
  1080 10101
  1081 10101
  1082 10101
  1083 10101
  1084 10101
  1085 10101
  1086 10101
  1087 10101
  1088 10101
  1089 10101
  1090 10101
  1091 10101
  1092 10101
  1093 10101
  1094 10101
  1095 10101
  1096 10101
  1097 10101
  1098 10101
  1099 10101
  1100 10101
  1101 10101
  1102 10101
  1103 10101
  1104 10101
  1105 10101
  1106 10101
  1107 10101
  1108 10101
  1109 10101
  1110 10101
  1111 10101
  1112 10101
  1113 10101
  1114 10101
  1115 10101
  1116 10101
  1117 10101
  1118 10101
  1119 10101
  1120 10101
  1121 10101
  1122 10101
  1123 10101
  1124 10101
  1125 10101
  1126 10101
  1127 10101
  1128 10101
  1129 10101
  1130 10101
  1131 10101
  1132 10101
  1133 10101
  1134 10101
  1135 10101
  1136 10101
  1137 10101
  1138 10101
  1139 10101
  1140 10101
  1141 10101
  1142 10101
  1143 10101
  1144 10101
  1145 10101
  1146 10101
  1147 10101
  1148 10101
  1149 10101
  1150 10101
  1151 10101
  1152 10101
  1153 10101
  1154 10101
  1155 10101
  1156 10101
  1157 10101
  1158 10101
  1159 10101
  1160 10101
  1161 10101
  1162 10101
  1163 10101
  1164 10101
  1165 10101
  1166 10101
  1167 10101
  1168 10101
  1169 10101
  1170 10101
  1171 10101
  1172 10101
  1173 10101
  1174 10101
  1175 10101
  1176 10101
  1177 10101
  1178 10101
  1179 10101
  1180 10101
  1181 10101
  1182 10101
  1183 10101
  1184 10101
  1185 10101
  1186 10101
  1187 10101
  1188 10101
  1189 10101
  1190 10101
  1191 10101
  1192 10101
  1193 10101
  1194 10101
  1195 10101
  1196 10101
  1197 10101
  1198 10101
  1199 10101
  1200 10101
  1201 10101
  1202 10101
  1203 10101
  1204 10101
  1205 10101
  1206 10101
  1207 10101
  1208 10101
  1209 10101
  1210 10101
  1211 10101
  1212 10101
  1213 10101
  1214 10101
  1215 10101
  1216 10101
  1217 10101
  1218 10101
  1219 10101
  1220 10101
  1221 10101
  1222 10101
  1223 10101
  1224 10101
  1225 10101
  1226 10101
  1227 10101
  1228 10101
  1229 10101
  1230 10101
  1231 10101
  1232 10101
  1233 10101
  1234 10101
  1235 10101
  1236 10101
  1237 10101
  1238 10101
  1239 10101
  1240 10101
  1241 10101
  1242 10101
  1243 10101
  1244 10101
  1245 10101
  1246 10101
  1247 10101
  1248 10101
  1249 10101
  1250 10101
  1251 10101
  1252 10101
  1253 10101
  1254 10101
  1255 10141
  1256 10141
  1267 10040
  1268 10040
  1269 10040
  1270 10040
  1271 10040
  1272 10106
  1273 10018
  1274 10018
  1275 10018
  1276 10018
  1277 10018
  1278 10018
  1279 10018
  1280 10018
  1281 10018
  1282 10055
  1283 10055
  1284 10055
  1307 10098
  1308 10098
  1309 10098
  1310 10106
  1311 10106
  1324 10097
  1325 10097
  1326 10097
  1327 10097
  1328 10097
  1329 10097
  1330 10097
  1331 10097
  1332 10097
  1333 10097
  1334 10097
  1335 10097
  1336 10097
  1337 10097
  1338 10097
  1339 10097
  1340 10097
  1341 10097
  1342 10097
  1343 10097
  1344 10097
  1345 10097
  1348 10097
  1349 10097
  1350 10097
  1351 10097
  1352 10097
  1353 10097
  1354 10097
  1355 10097
  1356 10097
  1357 10130
  1358 10130
  1359 10130
  1360 10166
  1361 10097
  1362 10097
  1363 10097
  1364 10097
  1365 10130
  1366 10130
  1367 10130
  1368 10130
  1369 10097
  1370 10097
  1371 10097
  1372 10162
  1373 10162
  1374 10162
  1375 10162
  1376 10162
  1377 10162
  1378 10162
  1379 10162
  1380 10162
  1381 10162
  1382 10154
  1383 10154
  1391 10154
  1392 10154
  1393 10154
  1394 10154
  1395 10154
  1396 10154
  1397 10154
  1398 10154
  1399 10154
  1400 10154
  1401 10154
  1402 10154
  1403 10154
  1404 10154
  1405 10154
  1406 10154
  1407 10154
  1408 10154
  1409 10154
  1410 10154
  1411 10154
  1412 10154
  1413 10154
  1414 10154
  1415 10154
  1416 10154
  1417 10154
  1418 10154
  1419 10154
  1420 10154
  1421 10154
  1422 10154
  1423 10154
  1424 10154
  1425 10154
  1426 10154
  1427 10154
  1428 10154
  1429 10154
  1430 10154
  1431 10154
  1432 10154
  1433 10154
  1434 10154
  1435 10154
  1436 10154
  1437 10154
  1438 10154
  1439 10154
  1440 10154
  1441 10154
  1442 10154
  1443 10154
  1444 10154
  1445 10154
  1446 10154
  1447 10154
  1448 10154
  1449 10154
  1450 10154
  1451 10154
  1452 10154
  1453 10154
  1454 10154
  1455 10154
  1456 10154
  1457 10154
  1458 10154
  1459 10154
  1460 10154
  1461 10154
  1462 10154
  1463 10154
  1464 10154
  1465 10154
  1466 10154
  1467 10154
  1468 10154
  1469 10154
  1470 10154
  1471 10154
  1472 10154
  1473 10154
  1474 10154
  1475 10154
  1476 10154
  1477 10154
  1478 10154
  1479 10154
  1480 10154
  1481 10154
  1482 10154
  1483 10154
  1484 10154
  1485 10154
  1486 10154
  1487 10154
  1488 10154
  1489 10154
  1490 10154
  1491 10154
  1492 10154
  1493 10154
  1494 10154
  1495 10154
  1496 10162
  1497 10162
  1498 10162
  1499 10162
  1500 10162
  1501 10162
  1502 10162
  1503 10162
  1504 10162
  1505 10162
  1506 10162
  1507 10162
  1508 10162
  1509 10162
  1510 10162
  1511 10162
  1512 10162
  1513 10162
  1514 10162
  1515 10162
  1516 10162
  1517 10162
  1518 10162
  1519 10162
  1520 10162
  1521 10162
  1522 10162
  1523 10162
  1524 10162
  1525 10162
  1526 10162
  1527 10162
  1528 10162
  1529 10162
  1530 10162
  1531 10162
  1532 10162
  1533 10162
  1534 10162
  1535 10162
  1536 10162
  1537 10162
  1538 10162
  1539 10162
  1540 10162
  1541 10162
  1542 10162
  1543 10162
  1544 10162
  1545 10162
  1546 10162
  1547 10162
  1548 10162
  1549 10162
  1550 10162
  1551 10162
  1552 10162
  1553 10162
  1554 10162
  1555 10162
  1556 10162
  1557 10162
  1558 10162
  1559 10162
  1560 10162
  1561 10162
  1562 10162
  1563 10162
  1564 10162
  1565 10162
  1566 10162
  1567 10162
  1568 10162
  1569 10162
  1570 10162
  1571 10162
  1572 10162
  1573 10162
  1574 10162
  1575 10162
  1576 10162
  1577 10162
  1578 10162
  1579 10162
  1580 10162
  1581 10162
  1582 10162
  1583 10162
  1584 10162
  1585 10162
  1586 10162
  1587 10162
  1588 10162
  1589 10162
  1590 10162
  1591 10162
  1592 10162
  1593 10162
  1594 10162
  1595 10162
  1596 10162
  1597 10162
  1598 10162
  1599 10162
  1600 10162
  1601 10162
  1602 10162
  1603 10162
  1604 10162
  1605 10162
  1606 10162
  1607 10162
  1608 10162
  1609 10162
  1610 10162
  1611 10162
  1612 10162
  1613 10162
  1614 10162
  1615 10162
  1616 10162
  1617 10162
  1618 10162
  1619 10162
  1620 10162
  1621 10162
  1622 10162
  1623 10162
  1624 10097
  1625 10097
  1626 10097
  1627 10170
  1628 10097
  1629 10074
  1636 10041
  1637 10041
  1638 10041
  1639 10041
  1640 10041
  1641 10041
  1642 10041
  1643 10041
  1644 10041
  1645 10041
  1646 10041
  1647 10041
  1648 10041
  1649 10041
  1650 10041
  1651 10041
  1652 10041
  1653 10041
  1654 10041
  1655 10022
  1656 10022
  1657 10022
  1658 10022
  1659 10022
  1660 10022
  1661 10022
  1662 10041
  1663 10022
  1664 10041
  1665 10022
  1666 10041
  1667 10041
  1668 10041
  1669 10041
  1670 10041
  1671 10041
  1672 10041
  1673 10041
  1674 10041
  1675 10041
  1676 10041
  1677 10041
  1678 10041
  1679 10041
  1680 10041
  1681 10041
  1682 10041
  1683 10041
  1684 10041
  1685 10041
  1686 10041
  1687 10041
  1688 10041
  1689 10041
  1690 10041
  1691 10041
  1692 10041
  1693 10041
  1694 10041
  1695 10041
  1696 10041
  1697 10041
  1698 10041
  1699 10022
  1700 10041
  1701 10041
  1702 10041
  1703 10041
  1704 10041
  1705 10041
  1706 10041
  1707 10041
  1708 10041
  1709 10041
  1710 10022
  1711 10041
  1712 10041
  1713 10041
  1714 10041
  1715 10041
  1716 10041
  1717 10041
  1718 10041
  1719 10041
  1720 10041
  1721 10041
  1722 10041
  1723 10041
  1724 10041
  1725 10041
  1726 10041
  1727 10041
  1728 10041
  1729 10041
  1730 10041
  1731 10041
  1732 10041
  1733 10041
  1734 10041
  1735 10041
  1736 10041
  1737 10041
  1738 10041
  1739 10041
  1740 10041
  1741 10022
  1742 10041
  1743 10041
  1744 10041
  1745 10041
  1746 10041
  1747 10041
  1748 10041
  1749 10041
  1750 10041
  1751 10041
  1752 10041
  1753 10041
  1754 10011
  1755 10008
  1756 10008
  1757 10011
  1758 10008
  1759 10011
  1760 10022
  1761 10041
  1762 10041
  1763 10041
  1764 10041
  1765 10041
  1766 10041
  1767 10041
  1768 10041
  1769 10041
  1770 10041
  1771 10041
  1772 10041
  1773 10041
  1774 10041
  1775 10041
  1776 10041
  1777 10041
  1778 10041
  1779 10041
  1780 10041
  1781 10041
  1782 10041
  1783 10041
  1784 10041
  1785 10041
  1786 10041
  1787 10041
  1788 10041
  1789 10041
  1790 10041
  1791 10041
  1792 10041
  1793 10041
  1794 10041
  1795 10041
  1796 10041
  1797 10041
  1798 10041
  1799 10041
  1800 10041
  1801 10041
  1802 10041
  1803 10041
  1804 10041
  1805 10041
  1806 10041
  1807 10041
  1808 10041
  1809 10041
  1810 10041
  1811 10041
  1812 10041
  1813 10041
  1814 10041
  1815 10041
  1816 10041
  1817 10041
  1818 10041
  1819 10041
  1820 10041
  1821 10041
  1822 10041
  1823 10041
  1824 10041
  1825 10041
  1826 10041
  1827 10041
  1828 10041
  1829 10022
  1830 10022
  1831 10022
  1832 10022
  1833 10041
  1834 10041
  1835 10022
  1836 10041
  1837 10022
  1838 10022
  1839 10022
  1840 10022
  1841 10022
  1842 10022
  1843 10041
  1844 10022
  1845 10041
  1846 10041
  1847 10041
  1848 10041
  1849 10041
  1850 10041
  1851 10041
  1852 10019
  1853 10019
  1854 10047
  1855 10047
  1856 10047
  1857 10047
  1858 10047
  1859 10091
  1860 10091
  1861 10101
  1862 10101
  1863 10065
  1864 10065
  1865 10050
  1866 10050
  1867 10050
  1868 10050
  1869 10050
  1870 10050
  1871 10050
  1872 10065
  1873 10050
  1874 10065
  1875 10065
  1876 10065
  1877 10050
  1878 10065
  1881 10050
  1882 10050
  1883 10050
  1884 10050
  1885 10050
  1886 10050
  1887 10050
  1888 10050
  1889 10050
  1890 10050
  1891 10050
  1892 10050
  1893 10050
  1894 10050
  1895 10050
  1896 10050
  1897 10050
  1898 10050
  1899 10050
  1900 10050
  1901 10050
  1902 10050
  1903 10050
  1904 10050
  1905 10050
  1906 10050
  1907 10050
  1908 10050
  1909 10065
  1910 10065
  1911 10050
  1912 10050
  1913 10141
  1914 10101
  1915 10050
  1916 10065
  1917 10050
  1918 10050
  1919 10050
  1920 10050
  1921 10050
  1922 10050
  1923 10050
  1924 10050
  1925 10050
  1926 10050
  1927 10050
  1928 10050
  1929 10050
  1930 10050
  1931 10050
  1932 10050
  1933 10050
  1934 10050
  1935 10050
  1936 10050
  1937 10050
  1938 10050
  1939 10050
  1940 10050
  1941 10050
  1942 10065
  1943 10065
  1944 10050
  1945 10065
  1946 10050
  1947 10050
  1948 10050
  1949 10050
  1950 10050
  1951 10050
  1952 10050
  1953 10050
  1954 10050
  1955 10050
  1956 10050
  1957 10050
  1958 10050
  1959 10050
  1960 10050
  1961 10050
  1962 10050
  1963 10050
  1964 10050
  1965 10050
  1966 10050
  1967 10050
  1968 10050
  1969 10065
  1970 10050
  1971 10050
  1972 10065
  1973 10050
  1974 10065
  1975 10050
  1976 10050
  1977 10050
  1978 10050
  1979 10050
  1980 10050
  1981 10050
  1982 10050
  1983 10050
  1984 10065
  1985 10065
  1986 10065
  1987 10050
  1988 10065
  1989 10050
  1990 10065
  1991 10065
  1992 10050
  1993 10050
  1994 10050
  1995 10050
  1996 10050
  1997 10050
  1998 10050
  1999 10050
  2000 10050
  2001 10050
  2002 10050
  2003 10050
  2004 10050
  2005 10050
  2006 10050
  2007 10050
  2008 10050
  2009 10050
  2010 10050
  2011 10050
  2012 10050
  2013 10050
  2014 10050
  2015 10050
  2016 10050
  2017 10050
  2018 10050
  2019 10050
  2020 10050
  2021 10050
  2022 10036
  2023 10036
  2024 10154
  2025 10154
  2026 10154
  2027 10154
  2028 10154
  2029 10154
  2030 10153
  2031 10154
  2032 10153
