   874 10146
   875 10146
   876 10146
   877 10146
   878 10146
   879 10146
   880 10146
   881 10146
   882 10146
   883 10146
   884 10146
   885 10146
   886 10146
   887 10146
   888 10146
   889 10146
   890 10146
   891 10146
   892 10146
   893 10146
   894 10146
   895 10146
   896 10146
   897 10146
   898 10146
   899 10146
   900 10146
   901 10146
   902 10146
   903 10146
   904 10146
   905 10146
   906 10146
   907 10146
   908 10146
   909 10146
   910 10146
   911 10146
   912 10146
   913 10146
   914 10146
   915 10146
   916 10146
   917 10146
   918 10146
   919 10146
   920 10146
   921 10146
   922 10146
   923 10146
   924 10146
   925 10146
   926 10146
   927 10146
   928 10146
   929 10146
   930 10146
   931 10146
   932 10146
   933 10146
   934 10146
   935 10146
   936 10146
   937 10146
   938 10146
   939 10146
   940 10146
   941 10146
   942 10146
   943 10146
   944 10146
   945 10146
   946 10146
   947 10146
   948 10146
   949 10146
   950 10146
   951 10146
   952 10146
   953 10146
   954 10146
   955 10146
   956 10146
   957 10146
   958 10146
   959 10146
   960 10146
   961 10146
   962 10146
   963 10146
   964 10146
   965 10146
   966 10146
   967 10146
   968 10146
   969 10146
   970 10146
   971 10146
   972 10146
   973 10146
   974 10146
   975 10146
   976 10146
   977 10146
   978 10146
   979 10146
   980 10146
   981 10146
   982 10146
   983 10146
   984 10146
   985 10146
   986 10146
   987 10146
   988 10146
   989 10146
   990 10146
   991 10112
   992 10146
   993 10146
   994 10112
   995 10139
   996 10122
   997 10139
   998 10139
   999 10139
  1000 10139
  1001 10122
  1002 10122
  1003 10122
  1004 10122
  1005 10122
  1006 10029
  1007 10029
  1008 10029
  1009 10016
  1010 10016
  1011 10016
  1012 10016
  1013 10016
  1014 10143
  1015 10016
  1016 10016
  1017 10113
  1018 10113
  1019 10005
  1020 10029
  1022 10029
  1023 10029
  1024 10029
  1025 10029
  1026 10029
  1027 10029
  1028 10029
  1029 10029
  1030 10029
  1031 10029
  1032 10029
  1033 10029
  1034 10029
  1035 10029
  1036 10029
  1037 10029
  1038 10029
  1039 10029
  1040 10029
  1041 10029
  1042 10029
  1043 10029
  1044 10029
  1045 10029
  1046 10029
  1047 10029
  1048 10029
  1049 10029
  1050 10029
  1051 10029
  1052 10029
  1053 10029
  1054 10029
  1055 10029
  1056 10029
  1057 10029
  1058 10029
  1059 10029
  1060 10029
  1061 10029
  1062 10029
  1063 10029
  1064 10029
  1065 10029
  1066 10029
  1067 10029
  1068 10029
  1069 10029
  1070 10029
  1071 10029
  1072 10029
  1073 10029
  1074 10029
  1075 10029
  1076 10029
  1077 10029
  1078 10029
  1079 10029
  1080 10029
  1081 10029
  1082 10029
  1083 10029
  1084 10029
  1085 10029
  1086 10029
  1087 10029
  1088 10029
  1089 10029
  1090 10029
  1091 10029
  1092 10029
  1093 10029
  1094 10029
  1095 10029
  1096 10029
  1097 10029
  1098 10029
  1099 10029
  1100 10029
  1101 10029
  1102 10029
  1103 10029
  1104 10029
  1105 10029
  1106 10029
  1107 10029
  1108 10029
  1109 10029
  1110 10029
  1111 10029
  1112 10029
  1113 10029
  1114 10029
  1115 10029
  1116 10029
  1117 10029
  1118 10029
  1119 10029
  1120 10029
  1121 10029
  1122 10029
  1123 10029
  1124 10029
  1125 10029
  1126 10029
  1127 10029
  1128 10029
  1129 10029
  1130 10029
  1131 10029
  1132 10029
  1133 10029
  1134 10029
  1135 10029
  1136 10029
  1137 10029
  1138 10029
  1139 10029
  1140 10029
  1141 10029
  1142 10029
  1143 10029
  1144 10029
  1145 10029
  1146 10029
  1147 10029
  1148 10029
  1149 10029
  1150 10029
  1151 10029
  1152 10029
  1153 10029
  1154 10029
  1155 10029
  1156 10029
  1157 10029
  1158 10029
  1159 10029
  1160 10029
  1161 10029
  1162 10029
  1163 10029
  1164 10029
  1165 10029
  1166 10029
  1167 10029
  1168 10029
  1169 10029
  1170 10029
  1171 10029
  1172 10029
  1173 10029
  1174 10029
  1175 10029
  1176 10029
  1177 10029
  1178 10029
  1179 10029
  1180 10029
  1181 10029
  1182 10029
  1183 10029
  1184 10029
  1185 10029
  1186 10029
  1187 10029
  1188 10029
  1189 10029
  1190 10029
  1191 10029
  1192 10029
  1193 10029
  1194 10029
  1195 10029
  1196 10029
  1197 10029
  1198 10029
  1199 10029
  1200 10029
  1201 10029
  1202 10029
  1203 10029
  1204 10029
  1205 10029
  1206 10029
  1207 10029
  1208 10029
  1209 10029
  1210 10029
  1211 10029
  1212 10029
  1213 10029
  1214 10029
  1215 10029
  1216 10029
  1217 10029
  1218 10029
  1219 10029
  1220 10029
  1221 10029
  1222 10029
  1223 10029
  1224 10029
  1225 10029
  1226 10029
  1227 10029
  1228 10029
  1229 10029
  1230 10029
  1231 10029
  1232 10029
  1233 10029
  1234 10029
  1235 10029
  1236 10029
  1237 10029
  1238 10029
  1239 10029
  1240 10029
  1241 10029
  1242 10029
  1243 10029
  1244 10029
  1245 10029
  1246 10029
  1247 10029
  1248 10029
  1249 10029
  1250 10029
  1251 10029
  1252 10029
  1253 10029
  1254 10029
  1255 10029
  1256 10029
  1257 10029
  1258 10029
  1259 10029
  1260 10029
  1261 10029
  1262 10029
  1263 10029
  1264 10029
  1265 10029
  1266 10029
  1267 10029
  1269 10083
  1272 10083
  1273 10083
  1274 10083
  1275 10083
  1276 10083
  1277 10083
  1278 10083
  1279 10083
  1280 10083
  1281 10083
  1282 10083
  1283 10083
  1284 10083
  1285 10083
  1286 10083
  1287 10083
  1288 10083
  1289 10083
  1290 10083
  1291 10083
  1292 10083
  1293 10083
  1294 10083
  1295 10083
  1296 10083
  1297 10083
  1298 10083
  1299 10083
  1300 10083
  1301 10083
  1302 10083
  1303 10083
  1304 10083
  1305 10083
  1306 10083
  1307 10083
  1308 10083
  1309 10083
  1310 10083
  1311 10083
  1312 10083
  1313 10083
  1314 10083
  1315 10083
  1316 10083
  1317 10083
  1318 10083
  1319 10083
  1320 10083
  1321 10083
  1322 10083
  1323 10083
  1324 10083
  1325 10083
  1326 10083
  1327 10083
  1328 10083
  1329 10083
  1330 10083
  1331 10083
  1332 10083
  1333 10083
  1334 10083
  1335 10083
  1336 10083
  1337 10083
  1338 10083
  1339 10083
  1340 10083
  1341 10083
  1342 10083
  1343 10083
  1344 10083
  1345 10091
  1346 10091
  1347 10083
  1348 10083
  1349 10083
  1350 10083
  1351 10083
  1352 10083
  1353 10083
  1354 10083
  1355 10083
  1356 10083
  1357 10083
  1358 10083
  1359 10083
  1360 10083
  1361 10083
  1362 10083
  1363 10083
  1364 10083
  1365 10083
  1366 10083
  1367 10083
  1368 10083
  1369 10083
  1370 10083
  1371 10083
  1372 10083
  1373 10083
  1374 10083
  1375 10083
  1376 10083
  1377 10083
  1378 10083
  1379 10083
  1380 10083
  1381 10083
  1382 10083
  1383 10083
  1384 10083
  1385 10083
  1386 10083
  1387 10083
  1388 10083
  1389 10083
  1390 10083
  1391 10083
  1392 10083
  1393 10083
  1394 10083
  1395 10083
  1396 10083
  1397 10083
  1398 10083
  1399 10083
  1400 10083
  1401 10083
  1404 10083
  1405 10141
  1408 10106
  1409 10106
  1410 10106
  1415 10128
  1416 10062
  1418 10066
  1419 10066
  1420 10066
  1421 10066
  1422 10066
  1423 10066
  1424 10066
  1425 10066
  1426 10066
  1427 10066
  1428 10066
  1429 10066
  1430 10066
  1431 10066
  1432 10066
  1433 10066
  1434 10066
  1435 10066
  1436 10066
  1437 10066
  1438 10066
  1439 10066
  1440 10066
  1441 10066
  1442 10066
  1443 10066
  1444 10066
  1445 10066
  1446 10066
  1447 10066
  1448 10066
  1449 10066
  1450 10066
  1451 10066
  1452 10066
  1453 10066
  1454 10066
  1455 10066
  1456 10066
  1457 10066
  1458 10066
  1459 10066
  1460 10066
  1461 10066
  1462 10066
  1463 10066
  1464 10066
  1465 10066
  1466 10066
  1467 10066
  1468 10066
  1469 10066
  1470 10066
  1471 10066
  1472 10066
  1473 10066
  1474 10066
  1475 10066
  1476 10066
  1477 10066
  1478 10066
  1479 10066
  1480 10066
  1481 10066
  1482 10066
  1483 10066
  1484 10066
  1485 10066
  1486 10066
  1487 10066
  1488 10066
  1489 10066
  1490 10066
  1491 10066
  1492 10066
  1493 10066
  1494 10066
  1495 10066
  1496 10066
  1498 10101
  1501 10055
  1502 10076
  1503 10018
  1504 10018
  1505 10018
  1506 10018
  1507 10018
  1508 10018
  1509 10158
  1510 10158
  1511 10158
  1512 10140
  1513 10140
  1514 10158
  1515 10055
  1516 10023
  1517 10055
  1518 10055
  1519 10055
  1520 10055
  1521 10055
  1522 10055
  1523 10055
  1524 10055
  1525 10016
  1526 10016
  1527 10016
  1528 10016
  1529 10016
  1530 10016
  1531 10016
  1532 10016
  1533 10016
  1534 10016
  1535 10016
  1536 10016
  1537 10016
  1538 10016
  1539 10016
  1540 10016
  1541 10016
  1542 10016
  1543 10016
  1544 10016
  1545 10016
  1546 10016
  1547 10016
  1548 10016
  1549 10016
  1550 10016
  1551 10016
  1552 10016
  1553 10016
  1554 10016
  1555 10016
  1556 10016
  1557 10016
  1558 10016
  1559 10016
  1560 10016
  1561 10016
  1562 10016
  1563 10016
  1564 10016
  1565 10016
  1566 10016
  1567 10143
  1568 10143
  1569 10143
  1570 10016
  1571 10143
  1572 10143
  1573 10143
  1574 10143
  1575 10016
  1576 10143
  1577 10143
  1578 10143
  1579 10143
  1580 10016
  1581 10143
  1582 10143
  1583 10016
  1584 10014
  1585 10016
  1586 10016
  1587 10016
  1588 10143
  1589 10016
  1590 10016
  1591 10016
  1592 10143
  1593 10016
  1594 10016
  1595 10016
  1596 10016
  1597 10016
  1598 10016
  1599 10016
  1600 10016
  1601 10016
  1602 10016
  1603 10016
  1604 10016
  1605 10016
  1606 10111
  1607 10016
  1608 10016
  1609 10016
  1610 10016
  1611 10016
  1612 10036
  1613 10154
  1614 10036
  1616 10141
  1617 10101
  1618 10101
  1619 10101
  1620 10128
  1621 10128
  1622 10128
  1623 10128
  1624 10128
  1625 10128
  1626 10128
  1627 10128
  1628 10128
  1629 10128
  1630 10128
  1631 10128
  1632 10128
  1633 10128
  1634 10128
  1635 10128
  1636 10128
  1637 10128
  1638 10128
  1639 10128
  1640 10128
  1641 10128
  1642 10128
  1643 10128
  1644 10128
  1645 10128
  1646 10128
  1647 10128
  1648 10128
  1649 10128
  1650 10128
  1651 10128
  1652 10128
  1653 10128
  1654 10128
  1655 10128
  1656 10128
  1657 10128
  1658 10128
  1659 10128
  1660 10128
  1661 10128
  1662 10128
  1663 10128
  1664 10128
  1665 10128
  1666 10128
  1667 10128
  1668 10128
  1669 10128
  1670 10128
  1671 10128
  1672 10128
  1673 10128
  1674 10128
  1675 10128
  1676 10128
  1677 10128
  1678 10128
  1679 10128
  1680 10128
  1681 10128
  1682 10128
  1683 10128
  1684 10128
  1685 10128
  1686 10128
  1687 10128
  1688 10128
  1689 10128
  1690 10128
  1691 10128
  1692 10128
  1693 10128
  1694 10128
  1695 10128
  1696 10128
  1697 10128
  1698 10128
  1699 10128
  1700 10128
  1701 10128
  1702 10128
  1703 10128
  1704 10128
  1705 10128
  1706 10128
  1707 10128
  1708 10128
  1709 10128
  1710 10128
  1711 10128
  1712 10128
  1713 10128
  1714 10128
  1715 10128
  1716 10128
  1717 10128
  1718 10128
  1719 10128
  1720 10128
  1721 10128
  1722 10128
  1723 10128
  1724 10128
  1725 10128
  1726 10128
  1727 10128
  1728 10128
  1729 10128
  1730 10128
  1731 10128
  1732 10128
  1733 10128
  1734 10128
  1735 10128
  1736 10128
  1737 10128
  1738 10128
  1739 10128
  1740 10128
  1741 10128
  1742 10128
  1743 10128
  1744 10128
  1745 10128
  1746 10128
  1747 10128
  1748 10128
  1749 10128
  1750 10128
  1751 10128
  1752 10128
  1753 10128
  1754 10128
  1755 10128
  1756 10128
  1757 10128
  1758 10128
  1759 10128
  1760 10128
  1761 10128
  1762 10128
  1763 10128
  1764 10128
  1765 10128
  1766 10128
  1767 10128
  1768 10128
  1769 10128
  1770 10128
  1771 10128
  1772 10128
  1773 10128
  1774 10128
  1775 10128
  1776 10128
  1777 10128
  1778 10128
  1779 10128
  1780 10128
  1781 10128
  1782 10128
  1783 10128
  1784 10128
  1785 10128
  1786 10128
  1787 10128
  1788 10128
  1789 10128
  1790 10128
  1791 10128
  1792 10128
  1793 10128
  1794 10128
  1795 10128
  1796 10128
  1797 10128
  1798 10128
  1799 10128
  1800 10128
  1801 10128
  1802 10128
  1803 10128
  1804 10128
  1805 10128
  1806 10128
  1807 10128
  1808 10128
  1809 10128
  1810 10128
  1811 10128
  1812 10128
  1813 10128
  1814 10128
  1815 10128
  1816 10128
  1817 10128
  1818 10128
  1819 10128
  1820 10128
  1821 10128
  1822 10128
  1823 10128
  1824 10128
  1825 10128
  1826 10128
  1827 10128
  1828 10128
  1829 10128
  1830 10128
  1831 10128
  1832 10128
  1833 10128
  1834 10128
  1835 10128
  1836 10128
  1837 10128
  1838 10128
  1839 10128
  1840 10128
  1841 10128
  1842 10128
  1843 10128
  1844 10128
  1845 10128
  1846 10128
  1847 10128
  1848 10128
  1849 10128
  1850 10128
  1851 10128
  1852 10128
  1853 10128
  1854 10128
  1855 10128
  1856 10128
  1857 10128
  1858 10128
  1859 10128
  1860 10128
  1861 10128
  1862 10128
  1863 10128
  1864 10128
  1865 10128
  1866 10128
  1867 10167
  1868 10061
  1869 10061
  1870 10167
  1871 10167
  1872 10167
  1873 10167
  1874 10167
  1875 10167
  1876 10167
  1877 10167
  1878 10167
  1879 10167
  1880 10167
  1881 10167
  1882 10167
  1883 10167
  1884 10167
  1885 10167
  1886 10167
  1887 10167
  1888 10167
  1889 10167
  1890 10167
  1891 10167
  1892 10167
  1893 10167
  1894 10167
  1895 10167
  1896 10167
  1897 10167
  1898 10167
  1899 10167
  1900 10167
  1901 10167
  1902 10167
  1903 10167
  1904 10167
  1905 10167
  1906 10167
  1907 10167
  1908 10167
  1909 10167
  1910 10167
  1911 10167
  1912 10167
  1913 10167
  1914 10167
  1915 10167
  1916 10167
  1917 10167
  1918 10167
  1919 10167
  1920 10167
  1921 10167
  1922 10167
  1923 10167
  1924 10167
  1925 10167
  1926 10167
  1927 10167
  1928 10167
  1929 10167
  1930 10167
  1931 10167
  1932 10167
  1933 10167
  1934 10167
  1935 10167
  1936 10167
  1937 10167
  1938 10167
  1939 10167
  1940 10167
  1941 10167
  1942 10167
  1943 10167
  1944 10167
  1945 10167
  1946 10167
  1947 10167
  1948 10167
  1949 10167
  1950 10167
  1951 10167
  1952 10167
  1953 10167
  1954 10167
  1955 10167
  1956 10167
  1957 10167
  1958 10167
  1959 10167
  1960 10167
  1961 10167
  1962 10167
  1963 10167
  1964 10167
  1965 10167
  1966 10167
  1967 10167
  1968 10167
  1969 10167
  1970 10167
  1971 10167
  1972 10167
  1973 10167
  1974 10167
  1975 10167
  1976 10167
  1977 10167
  1978 10167
  1979 10167
  1980 10167
  1981 10167
  1982 10167
  1983 10167
  1984 10167
  1985 10167
  1986 10167
  1987 10167
  1988 10167
  1989 10167
  1990 10167
  1991 10167
  1992 10167
  1993 10167
  1994 10167
  1995 10167
  1996 10167
  1997 10167
  1998 10167
  1999 10167
  2000 10167
  2001 10167
  2002 10167
  2003 10167
  2004 10167
  2005 10167
  2006 10167
  2007 10167
  2008 10167
  2009 10167
  2010 10167
  2011 10167
  2012 10167
  2013 10167
  2014 10167
  2015 10167
  2016 10167
  2017 10167
  2018 10167
  2019 10167
  2020 10167
  2021 10167
  2022 10167
  2023 10167
  2024 10167
  2025 10167
  2026 10167
  2027 10167
  2028 10143
  2029 10016
  2030 10016
