   601 10147
   603 10029
   604 10029
   612 10029
   613 10029
   614 10029
   615 10029
   616 10029
   617 10029
   619 10029
   620 10029
   621 10029
   622 10029
   623 10029
   624 10029
   625 10029
   626 10029
   627 10029
   628 10029
   629 10029
   630 10029
   631 10029
   635 10147
   636 10147
   637 10029
   638 10029
   639 10029
   640 10029
   641 10029
   642 10029
   644 10120
   645 10120
   646 10120
   647 10120
   648 10120
   707 10163
   708 10163
   709 10163
   710 10163
   711 10163
   712 10163
   713 10163
   714 10163
   715 10163
   716 10163
   717 10163
   718 10163
   719 10163
   720 10163
   721 10163
   722 10163
   723 10163
   724 10163
   725 10163
   726 10163
   727 10163
   728 10163
   729 10163
   730 10163
   731 10163
   732 10163
   733 10163
   734 10163
   735 10163
   736 10163
   737 10163
   738 10163
   739 10163
   740 10163
   741 10163
   742 10163
   743 10163
   744 10163
   745 10163
   746 10163
   747 10163
   748 10163
   749 10163
   750 10163
   751 10163
   752 10163
   753 10163
   754 10163
   755 10163
   756 10163
   757 10163
   758 10163
   759 10163
   760 10163
   761 10163
   762 10163
   763 10163
   764 10163
   765 10163
   766 10163
   767 10163
   768 10163
   769 10163
   770 10163
   771 10163
   772 10163
   773 10163
   774 10163
   775 10163
   776 10163
   777 10163
   778 10163
   782 10115
   783 10115
   784 10115
   785 10120
   786 10120
   787 10120
   788 10120
   789 10120
   790 10120
   791 10120
   792 10120
   793 10120
   794 10120
   795 10120
   796 10120
   797 10120
   798 10120
   799 10120
   800 10120
   801 10120
   802 10120
   803 10120
   804 10120
   805 10120
   806 10120
   807 10120
   808 10120
   809 10120
   810 10120
   811 10120
   812 10120
   813 10120
   814 10120
   815 10120
   816 10120
   817 10120
   818 10120
   819 10120
   820 10120
   821 10120
   822 10120
   823 10120
   824 10120
   825 10120
   826 10120
   827 10120
   828 10120
   829 10120
   830 10120
   831 10120
   832 10120
   833 10120
   834 10120
   835 10120
   836 10120
   837 10120
   840 10120
   841 10120
   842 10120
   843 10120
   844 10120
   845 10120
   846 10120
   847 10120
   848 10120
   849 10120
   850 10120
   851 10120
   852 10120
   853 10120
   854 10120
   855 10120
   856 10120
   857 10120
   858 10120
   859 10120
   860 10120
   861 10120
   862 10120
   863 10120
   864 10120
   865 10120
   866 10120
   867 10120
   868 10120
   869 10120
   870 10120
   871 10120
   872 10120
   873 10120
   874 10120
   875 10120
   876 10120
   877 10120
   878 10120
   879 10120
   880 10120
   881 10120
   882 10120
   883 10120
   884 10120
   885 10120
   886 10120
   887 10120
   888 10120
   889 10120
   890 10120
   891 10120
   892 10120
   893 10120
   894 10120
   895 10120
   896 10120
   897 10120
   898 10120
   899 10120
   900 10120
   901 10120
   902 10120
   903 10120
   904 10120
   905 10120
   906 10120
   907 10120
   908 10120
   909 10120
   910 10120
   911 10120
   912 10120
   913 10120
   914 10120
   915 10120
   916 10120
   917 10120
   918 10120
   919 10120
   920 10120
   921 10120
   922 10120
   923 10120
   924 10120
   925 10120
   926 10120
   927 10120
   928 10120
   929 10120
   930 10120
   931 10120
   932 10120
   933 10120
   934 10120
   935 10120
   936 10120
   937 10120
   938 10120
   939 10120
   940 10120
   941 10120
   942 10120
   943 10120
   944 10120
   945 10120
   946 10120
   947 10120
   948 10120
   949 10120
   950 10120
   951 10120
   952 10120
   953 10120
   954 10120
   955 10120
   956 10120
   957 10120
   958 10120
   959 10120
   960 10120
   961 10120
   962 10120
   963 10120
   964 10120
   965 10120
   966 10120
   967 10120
   968 10120
   969 10120
   970 10120
   971 10120
   972 10120
   973 10120
   974 10120
   975 10120
   976 10120
   977 10120
   978 10120
   979 10120
   980 10120
   981 10120
   982 10120
   983 10120
   984 10120
   985 10120
   986 10120
   987 10120
   988 10120
   989 10120
   990 10120
   991 10120
   992 10120
   993 10120
   994 10120
   995 10120
   996 10120
   997 10120
   998 10120
   999 10120
  1000 10120
  1001 10120
  1002 10120
  1003 10120
  1004 10120
  1005 10120
  1006 10120
  1007 10120
  1008 10120
  1009 10120
  1010 10120
  1011 10120
  1012 10120
  1013 10120
  1014 10120
  1015 10120
  1016 10120
  1017 10120
  1018 10120
  1019 10120
  1022 10101
  1023 10101
  1024 10138
  1025 10138
  1026 10138
  1027 10017
  1028 10017
  1029 10017
  1030 10017
  1031 10017
  1032 10017
  1033 10017
  1034 10017
  1035 10017
  1036 10017
  1037 10017
  1038 10017
  1039 10017
  1040 10017
  1041 10017
  1042 10017
  1043 10017
  1044 10017
  1045 10017
  1046 10017
  1047 10017
  1048 10017
  1049 10017
  1050 10017
  1051 10017
  1052 10017
  1053 10017
  1054 10017
  1055 10017
  1056 10017
  1057 10017
  1058 10017
  1059 10017
  1060 10017
  1061 10017
  1062 10017
  1063 10017
  1064 10017
  1065 10017
  1066 10017
  1067 10017
  1068 10017
  1069 10017
  1070 10017
  1071 10017
  1072 10017
  1073 10017
  1074 10017
  1075 10017
  1076 10017
  1077 10017
  1078 10017
  1079 10017
  1080 10017
  1081 10017
  1082 10017
  1083 10017
  1084 10017
  1085 10017
  1086 10017
  1087 10017
  1088 10017
  1089 10017
  1090 10017
  1091 10017
  1092 10017
  1093 10017
  1094 10017
  1095 10017
  1096 10017
  1097 10017
  1098 10017
  1099 10017
  1100 10017
  1101 10017
  1102 10017
  1103 10017
  1104 10017
  1105 10017
  1106 10017
  1107 10017
  1108 10017
  1109 10017
  1110 10017
  1111 10017
  1112 10017
  1113 10017
  1114 10017
  1115 10017
  1116 10017
  1117 10017
  1118 10017
  1119 10017
  1120 10017
  1121 10017
  1122 10017
  1123 10017
  1124 10017
  1125 10017
  1126 10017
  1127 10017
  1128 10017
  1129 10017
  1130 10017
  1131 10017
  1132 10017
  1133 10017
  1134 10017
  1135 10017
  1136 10017
  1137 10017
  1138 10017
  1139 10017
  1140 10017
  1141 10017
  1142 10017
  1143 10017
  1144 10017
  1145 10017
  1146 10017
  1147 10017
  1148 10017
  1149 10017
  1150 10017
  1151 10017
  1152 10017
  1153 10017
  1154 10017
  1155 10017
  1156 10017
  1157 10017
  1158 10017
  1159 10017
  1160 10017
  1161 10017
  1162 10017
  1163 10017
  1164 10017
  1165 10017
  1166 10017
  1167 10017
  1168 10017
  1169 10017
  1170 10017
  1171 10017
  1172 10017
  1173 10017
  1174 10017
  1175 10017
  1176 10017
  1177 10017
  1178 10017
  1179 10017
  1180 10017
  1181 10017
  1182 10017
  1183 10017
  1184 10017
  1185 10017
  1186 10017
  1187 10017
  1188 10017
  1189 10017
  1190 10017
  1191 10017
  1192 10017
  1193 10017
  1194 10017
  1195 10017
  1196 10017
  1197 10017
  1198 10017
  1199 10017
  1200 10017
  1201 10017
  1202 10017
  1203 10017
  1204 10017
  1205 10017
  1206 10017
  1207 10017
  1208 10017
  1209 10017
  1210 10017
  1211 10017
  1212 10017
  1213 10017
  1214 10017
  1215 10017
  1216 10017
  1217 10017
  1218 10017
  1219 10017
  1220 10017
  1221 10017
  1222 10017
  1224 10017
  1225 10017
  1226 10017
  1227 10017
  1228 10017
  1229 10017
  1230 10017
  1231 10017
  1232 10017
  1233 10017
  1234 10017
  1235 10017
  1236 10017
  1237 10017
  1238 10017
  1239 10017
  1240 10017
  1241 10017
  1242 10017
  1243 10017
  1244 10017
  1245 10017
  1246 10017
  1247 10017
  1248 10017
  1249 10017
  1250 10017
  1251 10017
  1252 10017
  1253 10017
  1254 10017
  1255 10017
  1256 10017
  1257 10017
  1258 10028
  1262 10101
  1266 10113
  1267 10113
  1268 10007
  1269 10007
  1270 10007
  1271 10108
  1272 10108
  1273 10108
  1274 10108
  1275 10108
  1276 10108
  1277 10108
  1278 10108
  1279 10108
  1280 10108
  1281 10108
  1282 10108
  1283 10108
  1284 10108
  1285 10108
  1286 10108
  1287 10108
  1288 10108
  1289 10108
  1290 10108
  1291 10108
  1292 10108
  1293 10108
  1294 10108
  1295 10108
  1296 10108
  1297 10108
  1298 10108
  1299 10108
  1300 10108
  1301 10108
  1302 10108
  1303 10108
  1304 10108
  1305 10108
  1306 10108
  1307 10108
  1308 10108
  1309 10108
  1310 10108
  1311 10108
  1312 10108
  1313 10108
  1314 10108
  1315 10108
  1316 10108
  1317 10108
  1318 10108
  1319 10108
  1320 10108
  1321 10108
  1322 10108
  1323 10108
  1324 10108
  1325 10108
  1326 10108
  1327 10108
  1328 10108
  1329 10108
  1330 10108
  1331 10108
  1332 10108
  1333 10108
  1334 10108
  1335 10108
  1336 10108
  1337 10108
  1338 10108
  1339 10108
  1340 10108
  1341 10108
  1342 10108
  1343 10108
  1344 10108
  1345 10108
  1346 10108
  1347 10108
  1348 10108
  1349 10108
  1350 10108
  1351 10108
  1352 10108
  1353 10108
  1354 10108
  1355 10108
  1356 10108
  1357 10108
  1358 10108
  1359 10108
  1360 10108
  1361 10108
  1362 10108
  1363 10108
  1364 10108
  1365 10108
  1366 10108
  1367 10108
  1368 10108
  1369 10108
  1370 10108
  1371 10108
  1372 10108
  1373 10108
  1374 10108
  1375 10108
  1376 10108
  1377 10108
  1378 10108
  1379 10108
  1380 10108
  1381 10108
  1382 10108
  1383 10108
  1384 10108
  1385 10108
  1386 10108
  1387 10108
  1388 10108
  1389 10108
  1390 10108
  1391 10108
  1392 10108
  1393 10108
  1394 10108
  1395 10108
  1396 10108
  1397 10108
  1398 10108
  1399 10108
  1400 10108
  1401 10108
  1402 10108
  1403 10108
  1404 10108
  1405 10108
  1406 10108
  1407 10108
  1408 10108
  1409 10108
  1410 10108
  1411 10108
  1412 10108
  1413 10108
  1414 10108
  1415 10108
  1416 10108
  1417 10108
  1418 10108
  1419 10108
  1420 10108
  1421 10108
  1422 10108
  1423 10108
  1424 10108
  1425 10108
  1426 10108
  1427 10108
  1428 10108
  1429 10108
  1430 10108
  1431 10108
  1432 10108
  1433 10108
  1434 10108
  1435 10108
  1436 10108
  1437 10108
  1438 10108
  1439 10108
  1440 10108
  1441 10108
  1442 10108
  1443 10108
  1444 10108
  1445 10108
  1446 10108
  1447 10108
  1448 10108
  1449 10108
  1450 10108
  1451 10108
  1452 10108
  1453 10108
  1454 10108
  1455 10108
  1456 10108
  1457 10108
  1458 10108
  1459 10108
  1460 10108
  1461 10108
  1462 10131
  1463 10131
  1464 10108
  1465 10108
  1468 10108
  1469 10055
  1470 10140
  1471 10055
  1472 10055
  1473 10098
  1474 10158
  1475 10158
  1476 10158
  1477 10158
  1478 10158
  1479 10055
  1480 10031
  1481 10031
  1482 10108
  1483 10108
  1484 10108
  1485 10108
  1487 10031
  1488 10081
  1489 10031
  1490 10081
  1491 10098
  1492 10081
  1510 10023
  1511 10023
  1512 10023
  1513 10023
  1514 10023
  1596 10055
  1597 10055
  1598 10055
  1599 10158
  1600 10158
  1601 10158
  1606 10130
  1613 10016
  1614 10036
  1615 10016
  1616 10016
  1617 10016
  1618 10036
  1619 10143
  1620 10143
  1621 10143
  1622 10143
  1623 10143
  1624 10016
  1625 10014
  1626 10154
  1627 10154
  1628 10143
  1629 10143
  1630 10143
  1631 10143
  1632 10143
  1633 10143
  1634 10143
  1635 10143
  1636 10143
  1637 10143
  1638 10143
  1639 10016
  1640 10016
  1641 10036
  1644 10088
  1645 10101
  1646 10101
  1647 10128
  1648 10128
  1649 10091
  1650 10091
  1651 10091
  1652 10091
  1656 10151
  1658 10151
  1659 10019
  1662 10063
  1663 10063
  1664 10063
  1667 10019
  1668 10019
  1669 10019
  1670 10019
  1675 10091
  1676 10091
  1677 10091
  1678 10091
  1679 10091
  1687 10055
  1688 10018
  1689 10018
  1690 10018
  1691 10098
  1692 10106
  1693 10040
  1694 10018
  1695 10018
  1696 10018
  1697 10018
  1698 10018
  1699 10018
  1700 10018
  1701 10018
  1702 10018
  1703 10018
  1704 10018
  1705 10018
  1706 10158
  1707 10158
  1708 10158
  1709 10158
  1710 10158
  1711 10018
  1712 10018
  1713 10018
  1714 10018
  1715 10018
  1716 10018
  1717 10018
  1718 10018
  1719 10158
  1720 10158
  1721 10158
  1722 10158
  1723 10158
  1724 10158
  1725 10158
  1726 10018
  1727 10018
  1728 10018
  1729 10018
  1730 10018
  1731 10018
  1732 10018
  1733 10018
  1734 10018
  1735 10018
  1736 10018
  1737 10018
  1738 10018
  1739 10018
  1740 10018
  1741 10018
  1742 10018
  1743 10018
  1744 10018
  1745 10018
  1746 10018
  1747 10018
  1748 10018
  1749 10055
  1750 10055
  1751 10055
  1752 10055
  1753 10055
  1754 10055
  1755 10055
  1756 10055
  1757 10055
  1758 10055
  1759 10055
  1760 10018
  1761 10018
  1762 10018
  1763 10018
  1764 10018
  1765 10055
  1766 10055
  1767 10055
  1768 10055
  1769 10055
  1770 10055
  1771 10018
  1772 10018
  1773 10018
  1774 10055
  1775 10055
  1776 10055
  1777 10055
  1778 10055
  1779 10055
  1780 10055
  1781 10018
  1782 10018
  1783 10018
  1784 10018
  1785 10055
  1786 10055
  1787 10055
  1788 10055
  1789 10055
  1790 10055
  1791 10055
  1792 10018
  1793 10018
  1794 10018
  1795 10018
  1796 10018
  1797 10018
  1798 10018
  1799 10158
  1800 10140
  1801 10140
  1802 10140
  1803 10018
  1804 10018
  1805 10018
  1806 10018
  1807 10018
  1808 10018
  1809 10018
  1810 10018
  1811 10018
  1812 10018
  1813 10018
  1814 10018
  1815 10055
  1816 10055
  1817 10055
  1818 10055
  1819 10055
  1820 10018
  1821 10018
  1822 10018
  1823 10018
  1824 10140
  1825 10140
  1826 10140
  1827 10140
  1828 10055
  1829 10055
  1830 10055
  1831 10055
  1832 10018
  1833 10018
  1834 10018
  1835 10018
  1836 10018
  1837 10018
  1838 10018
  1839 10018
  1840 10018
  1841 10018
  1842 10018
  1843 10018
  1844 10018
  1845 10018
  1846 10018
  1847 10018
  1848 10055
  1849 10076
  1852 10088
  1853 10088
  1854 10088
  1855 10101
  1856 10101
  1857 10091
  1858 10047
  1860 10019
  1861 10041
  1862 10019
  1863 10041
  1864 10041
  1865 10041
  1866 10041
  1867 10041
  1868 10082
  1869 10082
  1870 10082
  1871 10082
  1872 10082
  1873 10082
  1874 10082
  1875 10082
  1876 10082
  1877 10082
  1878 10082
  1879 10082
  1880 10082
  1881 10082
  1882 10082
  1883 10082
  1884 10082
  1885 10082
  1886 10082
  1887 10082
  1888 10082
  1889 10082
  1890 10082
  1891 10082
  1892 10082
  1893 10082
  1894 10082
  1895 10082
  1896 10082
  1897 10082
  1898 10082
  1899 10082
  1900 10082
  1901 10082
  1902 10082
  1903 10082
  1904 10082
  1905 10082
  1906 10082
  1907 10082
  1908 10082
  1909 10082
  1910 10082
  1911 10082
  1912 10082
  1913 10082
  1914 10082
  1915 10082
  1916 10082
  1917 10082
  1918 10082
  1919 10082
  1920 10082
  1921 10082
  1922 10082
  1923 10082
  1924 10082
  1925 10082
  1926 10082
  1927 10082
  1928 10082
  1929 10082
  1930 10082
  1931 10082
  1932 10082
  1933 10082
  1934 10082
  1935 10082
  1936 10082
  1937 10082
  1938 10082
  1939 10082
  1940 10082
  1941 10082
  1942 10082
  1943 10082
  1944 10082
  1945 10082
  1946 10082
  1947 10082
  1948 10082
  1949 10082
  1950 10082
  1951 10082
  1952 10082
  1953 10082
  1954 10082
  1955 10082
  1956 10082
  1957 10082
  1958 10082
  1959 10082
  1960 10082
  1961 10082
  1962 10082
  1963 10082
  1964 10082
  1965 10082
  1966 10082
  1967 10082
  1968 10082
  1969 10082
  1970 10082
  1971 10082
  1972 10082
  1973 10082
  1974 10082
  1975 10082
  1976 10082
  1977 10082
  1978 10082
  1979 10082
  1980 10082
  1981 10082
  1982 10082
  1983 10082
  1984 10082
  1985 10082
  1986 10082
  1987 10082
  1988 10082
  1989 10082
  1990 10082
  1991 10082
  1992 10082
  1993 10082
  1994 10082
  1995 10082
  1996 10082
  1997 10082
  1998 10082
  1999 10082
  2000 10082
  2001 10082
  2002 10082
  2003 10082
  2004 10082
  2005 10082
  2006 10082
  2007 10082
  2008 10082
  2009 10082
  2010 10082
  2011 10082
  2012 10082
  2013 10082
  2014 10082
  2015 10082
  2016 10082
  2017 10082
  2018 10082
  2019 10082
  2020 10082
  2021 10082
  2022 10082
  2023 10082
  2024 10082
  2025 10082
  2026 10082
  2027 10082
  2028 10019
  2029 10019
  2030 10019
  2032 10101
  2034 10076
  2035 10076
  2037 10130
  2038 10130
  2039 10130
  2040 10130
  2041 10130
  2042 10115
