   673 10156
   674 10156
   675 10156
   676 10156
   677 10156
   680 10124
   681 10156
   682 10156
   683 10156
   684 10156
   685 10156
   686 10156
   687 10156
   688 10156
   689 10156
   690 10156
   691 10156
   692 10156
   693 10156
   694 10062
   695 10095
   696 10062
   697 10095
   698 10062
   699 10156
   700 10062
   701 10062
   702 10095
   703 10075
   704 10095
   705 10075
   706 10095
   707 10095
   709 10014
   710 10014
   711 10122
   712 10014
   713 10014
   723 10014
   724 10014
   725 10062
   726 10014
   727 10014
   728 10095
   729 10095
   730 10062
   731 10031
   732 10031
   733 10014
   734 10014
   747 10156
   748 10156
   749 10062
   750 10095
   751 10062
   752 10062
   753 10095
   754 10156
   755 10156
   756 10156
   757 10156
   758 10062
   759 10156
   760 10156
   761 10062
   762 10095
   763 10156
   764 10062
   765 10062
   766 10062
   767 10062
   768 10062
   769 10062
   770 10062
   771 10062
   772 10034
   773 10152
   774 10034
   775 10042
   776 10042
   777 10019
   778 10019
   779 10019
   780 10019
   781 10043
   782 10101
   783 10101
   784 10101
   785 10101
   786 10043
   787 10043
   788 10043
   789 10043
   791 10054
   794 10095
   795 10095
   796 10095
   797 10095
   798 10095
   799 10131
   800 10095
   801 10131
   802 10131
   803 10131
   804 10095
   805 10064
   811 10156
   812 10156
   813 10156
   819 10164
   820 10043
   821 10071
   822 10071
   823 10071
   824 10071
   825 10071
   826 10071
   827 10071
   828 10071
   829 10071
   830 10071
   831 10071
   832 10071
   833 10071
   834 10071
   835 10071
   836 10071
   837 10071
   838 10071
   839 10071
   840 10071
   841 10149
   842 10071
   843 10071
   844 10071
   845 10071
   846 10071
   847 10071
   848 10071
   849 10071
   850 10071
   851 10131
   852 10071
   853 10071
   854 10071
   855 10071
   856 10095
   857 10071
   858 10095
   859 10071
   860 10071
   861 10071
   862 10071
   863 10071
   864 10071
   865 10071
   866 10071
   867 10071
   868 10071
   869 10071
   870 10071
   871 10071
   872 10071
   873 10071
   874 10071
   875 10071
   876 10071
   877 10071
   878 10071
   879 10071
   880 10071
   881 10156
   882 10156
   883 10131
   884 10156
   885 10149
   886 10071
   887 10149
   888 10149
   889 10149
   890 10071
   891 10071
   892 10071
   893 10149
   894 10071
   895 10156
   896 10156
   897 10071
   898 10095
   899 10071
   900 10095
   901 10071
   902 10071
   903 10071
   904 10071
   905 10149
   906 10071
   907 10071
   908 10071
   909 10071
   910 10149
   911 10086
   912 10091
   913 10091
   914 10050
   915 10088
   916 10050
   917 10158
   918 10144
   919 10144
   920 10144
   921 10144
   922 10144
   923 10144
   924 10144
   925 10144
   926 10144
   927 10144
   928 10144
   929 10144
   930 10144
   931 10144
   932 10144
   933 10144
   934 10144
   935 10144
   936 10144
   937 10144
   938 10144
   939 10144
   940 10144
   941 10144
   942 10144
   943 10144
   944 10144
   945 10144
   946 10144
   947 10144
   948 10144
   949 10144
   950 10144
   951 10144
   952 10144
   953 10144
   954 10144
   955 10144
   956 10144
   957 10144
   958 10010
   959 10010
   960 10010
   961 10010
   962 10144
   963 10144
   964 10144
   965 10144
   966 10144
   967 10144
   968 10144
   969 10144
   970 10144
   971 10144
   972 10144
   973 10144
   974 10144
   975 10144
   976 10144
   977 10144
   978 10144
   979 10144
   980 10144
   981 10144
   982 10144
   983 10144
   984 10144
   985 10144
   986 10144
   987 10144
   988 10144
   989 10010
   990 10010
   991 10010
   992 10144
   993 10144
   994 10144
   995 10144
   996 10144
   997 10144
   998 10144
   999 10144
  1000 10144
  1001 10144
  1002 10144
  1003 10144
  1004 10144
  1005 10144
  1006 10144
  1007 10144
  1008 10144
  1009 10144
  1010 10144
  1011 10010
  1012 10010
  1013 10010
  1014 10010
  1015 10010
  1016 10010
  1017 10010
  1018 10076
  1019 10154
  1020 10154
  1021 10130
  1022 10014
  1023 10156
  1024 10156
  1025 10156
  1026 10156
  1027 10156
  1028 10156
  1029 10156
  1030 10156
  1031 10156
  1032 10156
  1033 10156
  1034 10156
  1035 10156
  1036 10156
  1037 10156
  1038 10156
  1039 10156
  1040 10156
  1041 10156
  1042 10156
  1043 10156
  1044 10156
  1045 10156
  1046 10156
  1047 10156
  1048 10156
  1049 10156
  1050 10156
  1051 10156
  1052 10156
  1053 10156
  1054 10156
  1055 10156
  1056 10156
  1057 10156
  1058 10156
  1059 10156
  1060 10156
  1061 10156
  1062 10156
  1063 10156
  1064 10156
  1065 10156
  1066 10156
  1067 10156
  1068 10156
  1069 10156
  1070 10156
  1071 10156
  1072 10156
  1073 10156
  1074 10156
  1075 10156
  1076 10156
  1077 10156
  1078 10156
  1079 10156
  1080 10156
  1081 10156
  1082 10156
  1083 10156
  1084 10156
  1085 10156
  1086 10156
  1087 10156
  1088 10156
  1089 10156
  1090 10156
  1091 10156
  1092 10156
  1093 10156
  1094 10156
  1095 10156
  1096 10156
  1097 10156
  1098 10156
  1099 10156
  1100 10156
  1101 10156
  1102 10156
  1103 10156
  1104 10156
  1105 10156
  1106 10156
  1107 10156
  1108 10156
  1109 10156
  1110 10156
  1111 10156
  1112 10156
  1113 10156
  1114 10156
  1115 10156
  1116 10156
  1117 10156
  1118 10156
  1119 10156
  1120 10156
  1121 10156
  1122 10156
  1123 10156
  1124 10156
  1125 10156
  1126 10156
  1127 10156
  1128 10156
  1129 10156
  1130 10156
  1131 10156
  1132 10156
  1133 10156
  1134 10156
  1135 10156
  1136 10156
  1137 10156
  1138 10156
  1139 10156
  1140 10156
  1141 10156
  1142 10156
  1143 10156
  1144 10156
  1145 10156
  1146 10156
  1147 10156
  1148 10156
  1149 10156
  1150 10156
  1151 10156
  1152 10156
  1153 10156
  1154 10156
  1155 10156
  1156 10156
  1157 10156
  1158 10156
  1159 10156
  1160 10156
  1161 10156
  1162 10156
  1163 10156
  1164 10156
  1165 10156
  1166 10156
  1167 10156
  1168 10156
  1169 10156
  1170 10156
  1171 10156
  1172 10156
  1173 10156
  1174 10156
  1175 10156
  1176 10156
  1177 10156
  1178 10156
  1179 10156
  1180 10156
  1181 10156
  1182 10156
  1183 10156
  1184 10156
  1185 10156
  1186 10156
  1187 10156
  1188 10156
  1189 10156
  1190 10156
  1191 10156
  1192 10156
  1193 10156
  1194 10156
  1195 10156
  1196 10156
  1197 10156
  1198 10156
  1199 10156
  1200 10156
  1201 10156
  1202 10156
  1203 10156
  1204 10156
  1205 10156
  1206 10156
  1207 10156
  1208 10156
  1209 10156
  1210 10156
  1211 10156
  1212 10156
  1213 10156
  1214 10156
  1215 10156
  1216 10156
  1217 10156
  1218 10156
  1219 10156
  1220 10156
  1221 10156
  1222 10156
  1223 10156
  1224 10156
  1225 10156
  1226 10156
  1227 10156
  1228 10156
  1229 10156
  1230 10156
  1231 10156
  1232 10156
  1233 10156
  1234 10156
  1235 10156
  1236 10156
  1237 10156
  1238 10156
  1239 10156
  1240 10156
  1241 10156
  1242 10156
  1243 10156
  1244 10156
  1245 10156
  1246 10156
  1247 10156
  1248 10156
  1249 10156
  1250 10156
  1251 10156
  1252 10156
  1253 10156
  1254 10156
  1255 10154
  1256 10156
  1257 10095
  1258 10095
  1259 10154
  1260 10095
  1261 10055
  1262 10055
  1263 10018
  1264 10040
  1265 10040
  1266 10018
  1267 10018
  1268 10018
  1269 10018
  1270 10018
  1271 10055
  1272 10158
  1273 10158
  1274 10173
  1275 10173
  1276 10173
  1277 10140
  1278 10140
  1279 10140
  1280 10140
  1281 10140
  1282 10140
  1283 10140
  1284 10140
  1285 10140
  1286 10140
  1287 10140
  1288 10158
  1289 10055
  1290 10055
  1291 10055
  1292 10055
  1293 10055
  1294 10140
  1295 10055
  1296 10055
  1297 10140
  1298 10140
  1299 10140
  1300 10140
  1301 10140
  1302 10140
  1303 10140
  1304 10140
  1305 10140
  1306 10140
  1307 10140
  1308 10140
  1309 10055
  1310 10055
  1311 10055
  1312 10055
  1313 10055
  1314 10055
  1315 10055
  1316 10055
  1317 10055
  1318 10055
  1319 10055
  1320 10055
  1321 10055
  1322 10018
  1323 10140
  1324 10140
  1325 10140
  1326 10140
  1327 10140
  1328 10140
  1329 10140
  1330 10158
  1331 10158
  1332 10140
  1333 10140
  1334 10140
  1335 10140
  1336 10140
  1337 10140
  1338 10140
  1339 10140
  1340 10140
  1341 10158
  1342 10140
  1343 10140
  1344 10140
  1345 10140
  1346 10140
  1347 10140
  1348 10140
  1349 10140
  1350 10140
  1351 10140
  1352 10140
  1353 10140
  1354 10140
  1355 10140
  1356 10140
  1357 10055
  1358 10055
  1359 10055
  1360 10018
  1361 10018
  1362 10018
  1364 10134
  1365 10101
  1366 10138
  1367 10138
  1368 10138
  1370 10138
  1371 10138
  1372 10138
  1376 10072
  1377 10072
  1378 10072
  1379 10072
  1380 10072
  1381 10072
  1382 10072
  1383 10072
  1384 10072
  1385 10072
  1386 10072
  1387 10072
  1388 10072
  1389 10072
  1390 10072
  1391 10072
  1392 10072
  1393 10072
  1394 10072
  1395 10072
  1396 10072
  1397 10042
  1398 10020
  1399 10091
  1400 10091
  1401 10091
  1402 10091
  1403 10091
  1404 10091
  1405 10091
  1406 10066
  1407 10066
  1408 10066
  1409 10066
  1410 10066
  1411 10066
  1412 10066
  1413 10091
  1414 10091
  1415 10091
  1416 10091
  1417 10020
  1418 10091
  1419 10091
  1420 10020
  1421 10020
  1422 10091
  1423 10091
  1424 10091
  1425 10091
  1426 10091
  1427 10066
  1428 10066
  1429 10066
  1430 10091
  1431 10091
  1432 10091
  1433 10091
  1434 10091
  1435 10091
  1436 10091
  1437 10066
  1438 10066
  1439 10066
  1440 10066
  1441 10066
  1442 10066
  1443 10066
  1444 10066
  1445 10066
  1446 10091
  1447 10091
  1448 10091
  1449 10091
  1450 10091
  1451 10091
  1452 10091
  1453 10091
  1454 10091
  1455 10091
  1456 10091
  1457 10091
  1458 10091
  1459 10066
  1460 10066
  1461 10066
  1462 10091
  1463 10091
  1464 10091
  1465 10091
  1466 10091
  1467 10091
  1468 10091
  1469 10066
  1470 10066
  1471 10091
  1472 10091
  1473 10091
  1474 10091
  1475 10091
  1476 10091
  1477 10091
  1478 10091
  1479 10091
  1480 10066
  1481 10066
  1482 10066
  1483 10066
  1484 10091
  1485 10091
  1486 10091
  1487 10091
  1488 10091
  1489 10091
  1490 10091
  1491 10091
  1492 10091
  1493 10091
  1494 10091
  1495 10066
  1496 10091
  1497 10091
  1498 10091
  1499 10066
  1500 10066
  1501 10066
  1502 10066
  1503 10020
  1504 10020
  1505 10020
  1506 10020
  1507 10020
  1508 10020
  1509 10020
  1510 10020
  1511 10020
  1512 10020
  1513 10020
  1514 10020
  1515 10020
  1516 10020
  1517 10020
  1518 10020
  1519 10020
  1520 10020
  1521 10020
  1522 10020
  1523 10066
  1524 10066
  1528 10020
  1529 10020
  1530 10020
  1531 10020
  1532 10020
  1533 10020
  1534 10066
  1535 10020
  1536 10020
  1537 10020
  1538 10020
  1539 10020
  1540 10020
  1541 10020
  1542 10020
  1543 10020
  1544 10020
  1545 10020
  1546 10020
  1547 10020
  1548 10020
  1549 10066
  1550 10066
  1551 10066
  1552 10066
  1553 10020
  1554 10020
  1555 10066
  1556 10020
  1557 10020
  1558 10020
  1559 10020
  1560 10020
  1561 10020
  1562 10020
  1563 10020
  1564 10020
  1565 10020
  1566 10020
  1567 10020
  1568 10020
  1569 10020
  1570 10020
  1571 10020
  1572 10020
  1573 10020
  1574 10020
  1575 10020
  1576 10020
  1577 10020
  1578 10020
  1579 10020
  1580 10020
  1581 10020
  1582 10020
  1583 10020
  1584 10020
  1585 10020
  1586 10020
  1587 10020
  1588 10020
  1589 10020
  1590 10020
  1591 10020
  1592 10020
  1593 10020
  1594 10020
  1595 10020
  1596 10020
  1597 10066
  1598 10020
  1599 10020
  1600 10020
  1601 10020
  1602 10020
  1603 10020
  1604 10020
  1605 10020
  1606 10066
  1607 10066
  1608 10020
  1609 10020
  1610 10020
  1611 10020
  1612 10020
  1613 10020
  1614 10019
  1615 10019
  1616 10019
  1617 10019
  1618 10019
  1619 10019
  1620 10019
  1621 10091
  1622 10043
  1623 10043
  1624 10033
  1626 10062
  1628 10062
  1629 10067
  1630 10062
  1631 10163
  1682 10101
  1683 10101
  1684 10101
  1685 10101
  1686 10101
  1690 10115
  1735 10154
  1736 10154
  1737 10154
  1767 10130
  1768 10130
  1769 10130
  1770 10130
  1773 10154
  1774 10154
  1775 10154
  1776 10154
  1777 10154
  1778 10154
  1779 10154
  1786 10141
  1788 10141
  1789 10141
  1804 10154
  1805 10154
  1810 10154
  1811 10154
  1812 10154
  1813 10154
  1814 10154
  1848 10154
  1849 10154
  1855 10031
  1859 10154
  1860 10101
  1861 10101
  1862 10101
  1863 10101
  1864 10101
  1865 10050
  1866 10138
  1868 10033
  1869 10033
  1870 10033
  1871 10033
  1872 10033
  1873 10033
  1874 10033
  1875 10033
  1876 10033
  1877 10033
  1878 10033
  1879 10033
  1880 10033
  1881 10033
  1882 10033
  1883 10033
  1884 10033
  1885 10033
  1886 10033
  1887 10033
  1888 10033
  1889 10033
  1890 10033
  1891 10033
  1892 10033
  1893 10033
  1894 10033
  1895 10033
  1896 10033
  1897 10033
  1898 10033
  1899 10033
  1900 10033
  1901 10033
  1902 10033
  1903 10033
  1904 10033
  1905 10033
  1906 10033
  1907 10033
  1908 10033
  1909 10033
  1910 10033
  1911 10033
  1912 10033
  1913 10033
  1914 10033
  1915 10033
  1916 10033
  1917 10033
  1918 10033
  1919 10033
  1920 10033
  1921 10033
  1922 10033
  1923 10033
  1924 10033
  1925 10033
  1926 10033
  1927 10033
  1928 10033
  1929 10033
  1930 10033
  1931 10033
  1932 10033
  1933 10033
  1934 10033
  1935 10033
  1936 10033
  1937 10033
  1938 10033
  1939 10033
  1940 10033
  1941 10033
  1942 10033
  1943 10033
  1944 10033
  1945 10033
  1946 10033
  1947 10033
  1948 10033
  1949 10033
  1950 10033
  1951 10033
  1952 10033
  1953 10033
  1954 10033
  1955 10033
  1956 10033
  1957 10033
  1958 10033
  1959 10033
  1960 10033
  1961 10033
  1962 10033
  1963 10033
  1964 10033
  1965 10033
  1966 10033
  1967 10033
  1968 10033
  1969 10033
  1970 10033
  1971 10033
  1972 10033
  1973 10033
  1974 10033
  1975 10033
  1976 10033
  1977 10033
  1978 10033
  1979 10033
  1980 10033
  1981 10033
  1982 10033
  1983 10033
  1984 10033
  1985 10033
  1986 10033
  1987 10033
  1988 10033
  1989 10033
  1990 10033
  1991 10033
  1992 10033
  1993 10033
  1994 10033
  1995 10033
  1996 10033
  1997 10033
  1998 10033
  1999 10033
  2000 10033
  2001 10033
  2002 10033
  2003 10033
  2004 10033
  2005 10033
  2006 10033
  2007 10033
  2008 10033
  2009 10033
  2010 10033
  2011 10033
  2012 10033
  2013 10033
  2014 10033
  2015 10033
  2016 10033
  2017 10033
  2018 10033
  2019 10033
  2020 10033
  2021 10033
  2024 10033
  2034 10152
  2035 10152
  2036 10152
  2037 10151
  2038 10152
  2039 10151
  2044 10152
  2045 10152
  2046 10152
  2047 10152
  2048 10152
  2049 10152
  2050 10152
