   702 10066
   703 10066
   704 10066
   705 10066
   706 10122
   707 10122
   708 10122
   709 10122
   710 10122
   711 10122
   712 10122
   713 10122
   714 10122
   715 10122
   716 10122
   717 10122
   718 10122
   719 10122
   720 10122
   721 10122
   722 10122
   723 10122
   724 10122
   725 10122
   726 10122
   727 10122
   728 10122
   729 10122
   730 10122
   731 10122
   732 10122
   733 10122
   734 10122
   735 10122
   736 10122
   737 10122
   738 10122
   739 10122
   740 10122
   741 10122
   742 10122
   743 10122
   744 10122
   745 10122
   746 10122
   747 10122
   748 10122
   749 10122
   750 10122
   751 10122
   752 10122
   753 10122
   754 10122
   755 10122
   756 10122
   757 10122
   758 10122
   759 10122
   760 10122
   761 10122
   762 10122
   763 10122
   764 10122
   765 10122
   766 10122
   767 10122
   768 10122
   769 10122
   770 10122
   771 10122
   772 10122
   773 10122
   774 10122
   775 10122
   777 10122
   783 10019
   785 10019
   786 10151
   787 10072
   788 10020
   789 10072
   790 10072
   791 10072
   792 10072
   793 10066
   794 10066
   795 10066
   796 10066
   797 10066
   798 10066
   799 10066
   800 10020
   801 10066
   802 10020
   803 10020
   804 10020
   805 10020
   806 10020
   807 10020
   808 10020
   809 10020
   810 10020
   811 10066
   812 10066
   813 10066
   814 10066
   815 10066
   816 10066
   817 10066
   818 10066
   819 10066
   820 10066
   821 10020
   822 10020
   823 10020
   824 10020
   825 10020
   826 10020
   827 10020
   828 10020
   829 10020
   830 10020
   831 10020
   832 10020
   833 10020
   834 10066
   835 10020
   836 10020
   837 10066
   838 10020
   839 10020
   840 10020
   841 10020
   842 10020
   843 10020
   844 10020
   845 10020
   846 10020
   847 10020
   848 10020
   849 10020
   850 10020
   851 10020
   852 10020
   853 10020
   854 10020
   855 10020
   856 10020
   857 10066
   858 10020
   859 10066
   860 10066
   861 10066
   862 10020
   863 10066
   864 10066
   865 10020
   866 10020
   867 10020
   868 10020
   869 10020
   870 10020
   871 10020
   872 10020
   873 10020
   874 10020
   875 10020
   876 10020
   877 10020
   878 10020
   879 10020
   880 10020
   881 10020
   882 10020
   883 10020
   884 10020
   885 10020
   886 10020
   887 10020
   888 10020
   889 10020
   890 10020
   891 10020
   892 10020
   893 10020
   894 10020
   895 10020
   896 10020
   897 10020
   898 10020
   899 10020
   900 10020
   901 10020
   902 10020
   903 10020
   904 10020
   905 10020
   906 10020
   907 10020
   908 10020
   909 10020
   910 10020
   911 10020
   912 10020
   913 10020
   914 10020
   915 10020
   916 10020
   917 10020
   918 10020
   919 10020
   920 10020
   921 10020
   922 10020
   923 10020
   924 10020
   925 10020
   926 10020
   927 10020
   928 10020
   929 10020
   930 10020
   931 10020
   932 10020
   933 10020
   934 10020
   935 10020
   936 10020
   937 10020
   938 10066
   939 10104
   940 10020
   941 10020
   942 10020
   943 10020
   944 10020
   945 10020
   946 10020
   947 10020
   948 10020
   949 10020
   950 10020
   951 10020
   952 10020
   953 10020
   954 10020
   955 10066
   956 10066
   957 10066
   958 10066
   959 10066
   960 10066
   961 10066
   962 10066
   963 10066
   964 10066
   965 10066
   966 10066
   967 10066
   968 10066
   969 10066
   970 10066
   971 10066
   972 10066
   973 10066
   974 10066
   975 10066
   976 10066
   977 10066
   978 10020
   979 10066
   980 10066
   981 10066
   982 10066
   983 10104
   984 10104
   985 10104
   986 10104
   987 10066
   988 10066
   989 10104
   990 10104
   991 10104
   992 10104
   993 10066
   994 10104
   995 10066
   996 10104
   997 10104
   998 10104
   999 10066
  1000 10066
  1001 10066
  1002 10066
  1003 10066
  1004 10066
  1005 10066
  1006 10066
  1007 10066
  1008 10104
  1009 10104
  1010 10020
  1011 10020
  1012 10020
  1013 10020
  1014 10020
  1015 10104
  1016 10104
  1017 10082
  1018 10104
  1019 10104
  1020 10104
  1021 10104
  1022 10104
  1023 10104
  1024 10104
  1025 10169
  1026 10169
  1027 10104
  1028 10169
  1029 10169
  1030 10169
  1031 10169
  1032 10169
  1033 10169
  1034 10169
  1035 10169
  1036 10169
  1037 10169
  1038 10169
  1039 10169
  1040 10169
  1041 10169
  1042 10169
  1043 10169
  1044 10169
  1045 10169
  1046 10169
  1047 10169
  1048 10169
  1049 10169
  1050 10169
  1051 10169
  1052 10169
  1053 10169
  1054 10169
  1055 10169
  1056 10169
  1057 10169
  1058 10169
  1059 10169
  1060 10169
  1061 10169
  1062 10169
  1063 10169
  1064 10169
  1065 10169
  1066 10169
  1067 10169
  1068 10169
  1069 10169
  1070 10169
  1071 10169
  1072 10169
  1073 10169
  1074 10169
  1075 10169
  1076 10169
  1077 10169
  1078 10169
  1079 10169
  1080 10169
  1081 10169
  1082 10169
  1083 10169
  1084 10169
  1085 10169
  1086 10169
  1087 10169
  1088 10169
  1089 10169
  1090 10169
  1091 10169
  1092 10169
  1093 10169
  1094 10169
  1095 10169
  1096 10169
  1097 10169
  1098 10169
  1099 10169
  1100 10169
  1101 10169
  1102 10169
  1103 10169
  1104 10169
  1105 10169
  1106 10169
  1107 10169
  1108 10169
  1109 10169
  1110 10169
  1111 10169
  1112 10169
  1113 10169
  1114 10169
  1115 10169
  1116 10169
  1117 10169
  1118 10169
  1119 10169
  1120 10169
  1121 10169
  1122 10169
  1123 10169
  1124 10169
  1125 10169
  1126 10169
  1127 10169
  1128 10169
  1129 10169
  1130 10169
  1131 10169
  1132 10169
  1133 10169
  1134 10169
  1135 10169
  1136 10169
  1137 10169
  1138 10169
  1139 10169
  1140 10169
  1141 10169
  1142 10169
  1143 10169
  1144 10169
  1145 10169
  1146 10169
  1147 10169
  1148 10169
  1149 10169
  1150 10169
  1151 10169
  1152 10169
  1153 10169
  1154 10169
  1155 10169
  1156 10169
  1157 10169
  1158 10169
  1159 10169
  1160 10169
  1161 10169
  1162 10169
  1163 10169
  1164 10169
  1165 10169
  1166 10169
  1167 10169
  1168 10169
  1169 10169
  1170 10169
  1171 10169
  1172 10169
  1173 10169
  1174 10169
  1175 10169
  1176 10169
  1177 10169
  1178 10169
  1179 10169
  1180 10169
  1181 10169
  1182 10169
  1183 10169
  1184 10169
  1185 10169
  1186 10169
  1187 10169
  1188 10169
  1189 10169
  1190 10169
  1191 10169
  1192 10169
  1193 10169
  1194 10169
  1195 10169
  1196 10169
  1197 10169
  1198 10169
  1199 10169
  1200 10169
  1201 10169
  1202 10169
  1203 10169
  1204 10169
  1205 10169
  1206 10169
  1207 10169
  1208 10169
  1209 10169
  1210 10169
  1211 10169
  1212 10169
  1213 10169
  1214 10169
  1215 10169
  1216 10169
  1217 10169
  1218 10169
  1219 10169
  1220 10169
  1221 10169
  1222 10169
  1223 10169
  1224 10169
  1225 10169
  1226 10169
  1227 10169
  1228 10169
  1229 10169
  1230 10169
  1231 10169
  1232 10169
  1233 10169
  1234 10169
  1235 10169
  1236 10169
  1237 10169
  1238 10169
  1239 10169
  1240 10169
  1241 10169
  1242 10169
  1243 10169
  1244 10169
  1245 10169
  1246 10169
  1247 10169
  1248 10169
  1249 10169
  1250 10169
  1251 10169
  1252 10169
  1253 10169
  1254 10169
  1255 10169
  1256 10169
  1257 10169
  1258 10169
  1259 10169
  1260 10098
  1261 10098
  1262 10018
  1263 10018
  1266 10104
  1267 10104
  1268 10104
  1269 10104
  1270 10104
  1271 10104
  1272 10104
  1273 10104
  1274 10104
  1275 10104
  1276 10104
  1277 10104
  1278 10104
  1279 10104
  1280 10104
  1281 10104
  1282 10104
  1283 10104
  1284 10104
  1285 10104
  1286 10104
  1287 10104
  1288 10104
  1289 10104
  1290 10104
  1291 10104
  1292 10104
  1293 10104
  1294 10104
  1295 10104
  1296 10104
  1297 10104
  1298 10104
  1299 10104
  1300 10104
  1301 10104
  1302 10104
  1303 10104
  1304 10104
  1305 10104
  1306 10104
  1307 10104
  1308 10104
  1309 10104
  1310 10104
  1311 10104
  1312 10104
  1313 10104
  1314 10104
  1315 10104
  1316 10104
  1317 10104
  1318 10104
  1319 10104
  1320 10104
  1321 10104
  1322 10104
  1323 10104
  1324 10104
  1325 10104
  1326 10104
  1327 10104
  1328 10104
  1329 10104
  1330 10104
  1331 10104
  1332 10104
  1333 10104
  1334 10104
  1335 10104
  1336 10104
  1337 10104
  1338 10104
  1339 10104
  1340 10104
  1341 10104
  1342 10104
  1343 10104
  1344 10104
  1345 10104
  1346 10104
  1347 10104
  1348 10104
  1349 10104
  1350 10104
  1351 10104
  1352 10104
  1353 10104
  1354 10104
  1355 10104
  1356 10104
  1357 10104
  1358 10104
  1359 10104
  1360 10104
  1361 10104
  1362 10104
  1363 10104
  1364 10104
  1365 10104
  1366 10104
  1367 10104
  1368 10104
  1369 10104
  1370 10104
  1371 10104
  1372 10104
  1373 10104
  1374 10104
  1375 10104
  1376 10104
  1377 10104
  1378 10104
  1379 10104
  1380 10104
  1381 10104
  1382 10104
  1383 10104
  1384 10104
  1385 10104
  1386 10104
  1387 10104
  1388 10104
  1389 10104
  1390 10104
  1391 10104
  1392 10104
  1393 10104
  1394 10104
  1395 10104
  1396 10104
  1397 10104
  1398 10104
  1399 10104
  1400 10104
  1401 10104
  1402 10104
  1403 10104
  1404 10104
  1405 10104
  1406 10104
  1407 10104
  1408 10104
  1409 10104
  1410 10104
  1411 10104
  1412 10104
  1413 10104
  1414 10104
  1415 10104
  1416 10104
  1417 10104
  1418 10104
  1419 10104
  1420 10104
  1421 10104
  1422 10104
  1423 10104
  1424 10104
  1425 10104
  1426 10104
  1427 10104
  1428 10104
  1429 10104
  1430 10104
  1431 10104
  1432 10104
  1433 10104
  1434 10104
  1435 10104
  1436 10104
  1437 10104
  1438 10104
  1439 10104
  1440 10104
  1441 10104
  1442 10104
  1443 10104
  1444 10104
  1445 10104
  1446 10104
  1447 10104
  1448 10104
  1449 10104
  1450 10104
  1451 10104
  1452 10104
  1453 10104
  1454 10104
  1455 10104
  1456 10104
  1457 10104
  1458 10104
  1459 10104
  1460 10104
  1461 10104
  1462 10104
  1463 10104
  1464 10104
  1465 10104
  1466 10104
  1467 10104
  1468 10104
  1469 10104
  1470 10104
  1471 10104
  1472 10104
  1473 10104
  1474 10104
  1475 10104
  1476 10104
  1477 10104
  1478 10104
  1479 10104
  1480 10104
  1481 10104
  1482 10104
  1483 10104
  1484 10104
  1485 10104
  1486 10104
  1487 10104
  1488 10104
  1489 10104
  1490 10098
  1491 10018
  1492 10106
  1493 10106
  1494 10098
  1495 10018
  1496 10018
  1497 10106
  1498 10106
  1499 10106
  1500 10106
  1501 10040
  1502 10040
  1503 10040
  1504 10040
  1505 10106
  1506 10106
  1507 10106
  1508 10106
  1509 10018
  1510 10106
  1511 10106
  1512 10106
  1513 10106
  1514 10106
  1515 10106
  1516 10023
  1517 10023
  1518 10023
  1519 10023
  1520 10106
  1521 10106
  1522 10106
  1523 10040
  1524 10040
  1525 10040
  1526 10106
  1527 10106
  1528 10106
  1529 10106
  1530 10040
  1531 10040
  1532 10040
  1533 10040
  1534 10040
  1535 10106
  1536 10106
  1537 10040
  1538 10106
  1539 10040
  1540 10040
  1541 10040
  1542 10040
  1543 10040
  1544 10040
  1545 10106
  1546 10040
  1547 10040
  1548 10040
  1549 10106
  1550 10040
  1551 10106
  1552 10106
  1553 10106
  1554 10106
  1555 10106
  1556 10106
  1557 10106
  1558 10106
  1559 10106
  1560 10106
  1561 10106
  1562 10106
  1563 10106
  1564 10106
  1565 10106
  1566 10106
  1567 10106
  1568 10106
  1569 10106
  1570 10106
  1571 10106
  1572 10106
  1573 10106
  1574 10106
  1575 10106
  1576 10106
  1577 10106
  1578 10106
  1579 10106
  1580 10106
  1581 10040
  1582 10106
  1583 10106
  1584 10106
  1585 10106
  1586 10106
  1587 10106
  1588 10101
  1589 10101
  1590 10101
  1592 10071
  1593 10071
  1594 10071
  1595 10071
  1596 10091
  1597 10071
  1598 10091
  1599 10043
  1600 10043
  1602 10101
  1603 10101
  1604 10101
  1607 10016
  1608 10075
  1609 10075
  1610 10075
  1611 10155
  1612 10155
  1613 10155
  1614 10155
  1615 10155
  1616 10155
  1617 10155
  1618 10155
  1619 10155
  1620 10075
  1621 10075
  1622 10075
  1623 10155
  1624 10155
  1625 10155
  1626 10155
  1627 10155
  1628 10155
  1629 10155
  1630 10155
  1631 10155
  1632 10155
  1633 10155
  1634 10155
  1635 10155
  1636 10155
  1637 10155
  1638 10155
  1639 10155
  1640 10155
  1641 10155
  1642 10155
  1643 10155
  1644 10155
  1645 10155
  1646 10155
  1647 10155
  1648 10155
  1649 10155
  1650 10155
  1651 10155
  1652 10155
  1653 10155
  1654 10155
  1655 10155
  1656 10155
  1657 10155
  1658 10155
  1659 10155
  1660 10155
  1661 10155
  1662 10155
  1663 10155
  1664 10155
  1665 10155
  1666 10155
  1667 10155
  1668 10155
  1669 10155
  1670 10155
  1671 10155
  1672 10155
  1673 10155
  1674 10155
  1675 10155
  1676 10155
  1677 10155
  1678 10155
  1679 10155
  1680 10155
  1681 10155
  1682 10155
  1683 10155
  1684 10155
  1685 10155
  1686 10155
  1687 10155
  1688 10155
  1689 10155
  1690 10155
  1691 10155
  1692 10155
  1693 10155
  1694 10155
  1695 10155
  1696 10155
  1697 10155
  1698 10155
  1699 10155
  1700 10155
  1701 10155
  1702 10155
  1703 10155
  1704 10155
  1705 10155
  1706 10155
  1707 10155
  1708 10155
  1709 10155
  1710 10155
  1711 10155
  1712 10155
  1716 10155
  1717 10155
  1718 10155
  1719 10155
  1720 10155
  1721 10155
  1722 10155
  1723 10155
  1724 10155
  1725 10155
  1726 10155
  1727 10155
  1728 10155
  1729 10155
  1730 10155
  1731 10155
  1732 10155
  1733 10155
  1734 10155
  1735 10155
  1736 10155
  1737 10155
  1738 10155
  1739 10155
  1740 10155
  1741 10155
  1742 10155
  1743 10155
  1744 10155
  1745 10155
  1746 10155
  1747 10155
  1748 10155
  1749 10155
  1750 10155
  1751 10155
  1752 10155
  1753 10155
  1754 10155
  1755 10155
  1756 10155
  1757 10155
  1758 10155
  1759 10155
  1760 10155
  1761 10155
  1762 10155
  1763 10155
  1764 10155
  1765 10155
  1766 10155
  1767 10155
  1768 10155
  1769 10155
  1770 10155
  1771 10155
  1772 10155
  1773 10155
  1774 10155
  1775 10155
  1776 10155
  1777 10155
  1778 10155
  1779 10155
  1780 10155
  1781 10155
  1782 10155
  1783 10155
  1784 10155
  1785 10155
  1786 10155
  1787 10155
  1788 10155
  1789 10155
  1790 10155
  1791 10155
  1792 10155
  1793 10155
  1794 10155
  1795 10155
  1796 10155
  1797 10155
  1798 10155
  1799 10155
  1800 10155
  1801 10155
  1802 10155
  1803 10155
  1804 10155
  1805 10155
  1806 10155
  1807 10155
  1808 10155
  1809 10155
  1810 10155
  1811 10155
  1812 10155
  1813 10155
  1814 10155
  1815 10155
  1816 10155
  1817 10155
  1818 10155
  1819 10155
  1820 10155
  1821 10155
  1822 10155
  1823 10155
  1824 10155
  1825 10155
  1826 10155
  1827 10155
  1828 10155
  1829 10155
  1830 10155
  1831 10155
  1832 10155
  1833 10155
  1834 10155
  1835 10155
  1836 10155
  1837 10155
  1838 10155
  1839 10155
  1840 10155
  1841 10155
  1842 10155
  1843 10155
  1844 10155
  1845 10155
  1846 10155
  1847 10155
  1848 10155
  1849 10155
  1850 10155
  1851 10155
  1852 10155
  1853 10155
  1854 10155
  1855 10155
  1856 10143
  1857 10143
  1865 10023
  1866 10011
  1867 10011
  1868 10011
  1869 10011
  1870 10011
  1871 10011
  1872 10011
  1873 10011
  1874 10011
  1875 10011
  1876 10011
  1877 10011
  1878 10011
  1879 10011
  1880 10011
  1881 10011
  1882 10011
  1883 10011
  1884 10011
  1885 10011
  1886 10011
  1887 10011
  1888 10011
  1889 10011
  1890 10011
  1891 10011
  1892 10011
  1893 10011
  1894 10011
  1895 10011
  1896 10011
  1897 10011
  1898 10011
  1899 10011
  1900 10011
  1901 10011
  1902 10011
  1903 10011
  1904 10011
  1905 10011
  1906 10011
  1907 10011
  1908 10011
  1909 10011
  1910 10011
  1911 10011
  1912 10011
  1913 10011
  1914 10011
  1915 10011
  1916 10011
  1917 10011
  1918 10011
  1919 10011
  1920 10011
  1921 10011
  1922 10011
  1923 10011
  1924 10011
  1925 10011
  1926 10011
  1927 10011
  1928 10011
  1929 10011
  1930 10011
  1931 10011
  1932 10011
  1933 10011
  1934 10011
  1935 10011
  1936 10011
  1937 10011
  1938 10011
  1939 10011
  1940 10011
  1941 10011
  1942 10011
  1943 10011
  1944 10011
  1945 10011
  1946 10011
  1947 10011
  1948 10011
  1949 10011
  1950 10011
  1951 10011
  1952 10011
  1953 10011
  1954 10011
  1955 10011
  1956 10011
  1957 10011
  1958 10011
  1959 10011
  1960 10011
  1961 10011
  1962 10011
  1963 10011
  1964 10011
  1965 10011
  1966 10011
  1967 10011
  1968 10011
  1969 10011
  1970 10011
  1971 10011
  1972 10011
  1973 10011
  1974 10011
  1975 10011
  1976 10011
  1977 10011
  1978 10011
  1979 10011
  1980 10011
  1981 10011
  1982 10011
  1983 10011
  1984 10011
  1985 10011
  1986 10011
  1987 10011
  1988 10011
  1989 10011
  1990 10011
  1991 10011
  1992 10011
  1993 10011
  1994 10011
  1995 10011
  1996 10011
  1997 10011
  1998 10011
  1999 10011
  2000 10011
  2001 10011
  2002 10011
  2003 10011
  2004 10011
  2005 10011
  2006 10011
  2007 10011
  2008 10011
  2009 10011
  2010 10011
  2011 10011
  2012 10011
  2013 10011
  2014 10011
  2015 10011
  2016 10011
  2017 10011
  2018 10011
  2019 10011
  2020 10011
  2021 10011
  2022 10011
  2023 10011
  2024 10011
  2025 10011
  2026 10011
  2027 10011
  2028 10019
  2029 10019
  2030 10019
  2031 10019
