   687 10138
   688 10138
   689 10068
   690 10068
   691 10068
   692 10068
   693 10068
   694 10068
   695 10068
   696 10068
   697 10068
   698 10138
   699 10138
   708 10138
   709 10068
   710 10068
   711 10068
   712 10068
   713 10068
   714 10068
   715 10068
   716 10068
   717 10068
   718 10068
   719 10068
   720 10068
   721 10068
   722 10068
   723 10068
   724 10068
   725 10068
   726 10068
   727 10068
   728 10068
   729 10068
   730 10068
   731 10068
   732 10068
   733 10068
   734 10068
   735 10068
   736 10068
   737 10068
   738 10068
   739 10068
   740 10068
   741 10068
   742 10068
   745 10068
   746 10068
   747 10068
   748 10068
   749 10068
   750 10068
   751 10068
   757 10068
   758 10068
   759 10068
   760 10068
   761 10068
   764 10068
   765 10068
   766 10068
   767 10068
   768 10068
   769 10068
   770 10068
   771 10068
   772 10068
   773 10068
   774 10068
   775 10068
   776 10068
   777 10068
   778 10050
   779 10050
   780 10050
   781 10101
   782 10101
   784 10153
   785 10155
   786 10155
   787 10155
   788 10155
   789 10155
   790 10155
   791 10155
   792 10155
   793 10155
   794 10155
   795 10155
   796 10155
   797 10155
   798 10155
   799 10155
   800 10155
   801 10155
   802 10155
   803 10155
   804 10155
   805 10155
   806 10155
   807 10155
   808 10155
   809 10155
   810 10155
   811 10155
   812 10155
   813 10155
   814 10155
   815 10155
   816 10155
   817 10155
   818 10155
   819 10155
   820 10155
   821 10155
   822 10155
   823 10155
   824 10155
   825 10155
   826 10155
   827 10155
   828 10155
   829 10155
   830 10155
   831 10155
   832 10155
   833 10155
   834 10155
   835 10155
   836 10155
   837 10155
   838 10155
   839 10155
   840 10155
   841 10155
   842 10155
   843 10155
   844 10155
   845 10155
   846 10155
   847 10155
   848 10155
   849 10155
   850 10155
   851 10155
   852 10155
   853 10155
   854 10155
   855 10155
   856 10155
   857 10155
   858 10155
   859 10155
   860 10155
   861 10155
   862 10155
   863 10155
   864 10155
   865 10155
   866 10155
   867 10155
   868 10155
   869 10155
   870 10155
   871 10155
   872 10155
   873 10155
   874 10155
   875 10155
   876 10155
   877 10155
   878 10155
   879 10155
   880 10155
   881 10155
   882 10155
   883 10155
   884 10155
   885 10155
   886 10155
   887 10155
   888 10155
   889 10155
   890 10155
   891 10155
   892 10155
   893 10155
   894 10155
   895 10155
   896 10155
   897 10155
   898 10155
   899 10155
   900 10155
   901 10155
   902 10155
   903 10155
   904 10155
   905 10155
   906 10155
   907 10155
   908 10155
   909 10155
   910 10155
   911 10155
   912 10155
   913 10155
   914 10155
   915 10155
   916 10155
   917 10155
   918 10155
   919 10155
   920 10155
   921 10155
   922 10155
   923 10155
   924 10155
   925 10155
   926 10155
   927 10155
   928 10155
   929 10155
   930 10155
   931 10155
   932 10155
   933 10155
   934 10155
   935 10155
   936 10155
   937 10155
   938 10155
   939 10155
   940 10155
   941 10155
   942 10155
   943 10155
   944 10155
   945 10155
   946 10155
   947 10155
   948 10155
   949 10155
   950 10155
   951 10155
   952 10155
   953 10155
   954 10155
   955 10155
   956 10155
   957 10155
   958 10155
   959 10155
   960 10155
   961 10155
   962 10155
   963 10155
   964 10155
   965 10155
   966 10155
   967 10155
   968 10155
   969 10155
   970 10155
   971 10155
   972 10155
   973 10155
   974 10155
   975 10155
   976 10155
   977 10155
   978 10155
   979 10155
   980 10155
   981 10155
   982 10155
   983 10155
   984 10155
   985 10155
   986 10155
   987 10155
   988 10155
   989 10155
   990 10155
   991 10155
   992 10155
   993 10155
   994 10155
   995 10155
   996 10155
   997 10155
   998 10155
   999 10155
  1000 10155
  1001 10155
  1002 10155
  1003 10155
  1004 10155
  1005 10155
  1006 10155
  1007 10155
  1008 10155
  1009 10155
  1010 10155
  1011 10155
  1012 10155
  1013 10155
  1014 10155
  1015 10155
  1016 10155
  1017 10154
  1018 10154
  1019 10154
  1020 10130
  1025 10090
  1026 10090
  1027 10039
  1028 10039
  1029 10039
  1030 10039
  1031 10039
  1032 10039
  1033 10039
  1034 10039
  1035 10039
  1036 10039
  1038 10091
  1039 10033
  1040 10033
  1041 10071
  1042 10071
  1043 10071
  1044 10149
  1045 10149
  1046 10149
  1047 10149
  1048 10149
  1049 10149
  1050 10149
  1051 10149
  1052 10149
  1053 10071
  1054 10071
  1055 10149
  1056 10149
  1057 10149
  1058 10149
  1059 10149
  1060 10149
  1061 10149
  1062 10149
  1063 10071
  1064 10071
  1065 10149
  1066 10149
  1067 10071
  1068 10149
  1069 10071
  1070 10071
  1071 10071
  1072 10149
  1073 10149
  1074 10149
  1075 10149
  1076 10071
  1077 10071
  1078 10071
  1079 10071
  1080 10149
  1081 10149
  1082 10071
  1083 10149
  1084 10149
  1085 10149
  1086 10149
  1087 10149
  1088 10149
  1089 10149
  1090 10149
  1091 10149
  1092 10149
  1093 10071
  1094 10071
  1095 10149
  1096 10071
  1097 10071
  1098 10071
  1099 10149
  1100 10149
  1101 10149
  1102 10071
  1103 10149
  1104 10149
  1105 10071
  1106 10149
  1107 10149
  1108 10149
  1109 10071
  1110 10071
  1111 10071
  1112 10071
  1113 10071
  1114 10080
  1115 10080
  1116 10080
  1117 10080
  1118 10071
  1119 10071
  1120 10071
  1121 10071
  1122 10071
  1123 10071
  1124 10071
  1125 10149
  1126 10149
  1127 10149
  1128 10071
  1129 10149
  1130 10149
  1131 10071
  1132 10071
  1133 10071
  1134 10149
  1135 10149
  1136 10071
  1137 10071
  1138 10071
  1139 10071
  1140 10071
  1141 10071
  1142 10071
  1143 10071
  1144 10149
  1145 10149
  1146 10149
  1147 10149
  1148 10149
  1149 10149
  1150 10149
  1151 10149
  1152 10149
  1153 10149
  1154 10149
  1155 10149
  1156 10149
  1157 10071
  1158 10149
  1159 10149
  1160 10149
  1161 10149
  1162 10149
  1163 10149
  1164 10149
  1165 10149
  1166 10149
  1167 10149
  1168 10149
  1169 10071
  1170 10071
  1171 10071
  1172 10071
  1173 10071
  1174 10071
  1175 10071
  1176 10071
  1177 10071
  1178 10071
  1179 10071
  1180 10071
  1181 10071
  1182 10149
  1183 10149
  1184 10149
  1185 10149
  1186 10149
  1187 10149
  1188 10149
  1189 10149
  1190 10149
  1191 10149
  1192 10149
  1193 10071
  1194 10071
  1195 10071
  1196 10071
  1197 10071
  1198 10149
  1199 10071
  1200 10071
  1201 10149
  1202 10149
  1203 10149
  1204 10149
  1205 10149
  1206 10149
  1207 10149
  1208 10149
  1209 10149
  1210 10149
  1211 10149
  1212 10149
  1213 10149
  1214 10149
  1215 10149
  1216 10149
  1217 10149
  1218 10149
  1219 10071
  1220 10149
  1221 10149
  1222 10149
  1223 10149
  1224 10149
  1225 10149
  1226 10149
  1227 10149
  1228 10149
  1229 10149
  1230 10071
  1231 10149
  1232 10149
  1233 10149
  1234 10149
  1235 10149
  1236 10149
  1237 10149
  1238 10071
  1239 10071
  1240 10149
  1241 10149
  1242 10149
  1243 10149
  1244 10149
  1245 10149
  1246 10149
  1247 10149
  1248 10071
  1249 10071
  1250 10071
  1251 10071
  1252 10071
  1253 10149
  1254 10071
  1255 10071
  1256 10149
  1257 10149
  1258 10091
  1259 10061
  1260 10061
  1261 10101
  1262 10065
  1263 10065
  1272 10076
  1273 10076
  1274 10018
  1275 10018
  1276 10018
  1277 10018
  1278 10158
  1279 10158
  1280 10158
  1281 10158
  1282 10158
  1283 10158
  1284 10055
  1304 10031
  1305 10076
  1306 10031
  1308 10031
  1330 10158
  1331 10076
  1332 10076
  1333 10098
  1334 10055
  1335 10098
  1341 10173
  1342 10173
  1343 10055
  1344 10055
  1345 10055
  1346 10055
  1347 10055
  1348 10055
  1349 10097
  1350 10097
  1351 10097
  1352 10097
  1353 10097
  1354 10097
  1355 10097
  1356 10097
  1357 10097
  1358 10097
  1361 10138
  1362 10138
  1363 10101
  1364 10138
  1365 10062
  1367 10062
  1368 10138
  1370 10138
  1372 10028
  1373 10028
  1374 10028
  1375 10028
  1376 10028
  1377 10028
  1378 10049
  1379 10049
  1380 10049
  1381 10049
  1382 10049
  1383 10049
  1384 10049
  1385 10049
  1386 10049
  1387 10049
  1388 10049
  1389 10049
  1390 10049
  1391 10049
  1392 10049
  1393 10049
  1394 10049
  1395 10049
  1396 10049
  1397 10049
  1398 10049
  1399 10049
  1400 10049
  1401 10049
  1402 10049
  1403 10049
  1404 10049
  1405 10049
  1406 10049
  1407 10049
  1408 10049
  1409 10049
  1410 10049
  1411 10049
  1412 10049
  1413 10049
  1414 10049
  1415 10049
  1416 10049
  1417 10049
  1418 10049
  1419 10049
  1420 10049
  1421 10049
  1422 10049
  1423 10049
  1424 10049
  1425 10049
  1426 10049
  1427 10049
  1428 10049
  1429 10049
  1430 10049
  1431 10049
  1432 10049
  1433 10049
  1434 10049
  1435 10049
  1436 10049
  1437 10049
  1438 10049
  1439 10049
  1440 10049
  1441 10049
  1442 10049
  1443 10049
  1444 10049
  1445 10049
  1446 10049
  1447 10049
  1448 10049
  1449 10049
  1450 10049
  1451 10049
  1452 10049
  1453 10049
  1454 10049
  1455 10049
  1456 10049
  1457 10049
  1458 10049
  1459 10049
  1460 10049
  1461 10049
  1462 10049
  1463 10049
  1464 10049
  1465 10049
  1466 10049
  1467 10049
  1468 10049
  1469 10049
  1470 10049
  1471 10049
  1472 10049
  1473 10049
  1474 10049
  1475 10049
  1476 10049
  1477 10049
  1478 10049
  1479 10049
  1480 10049
  1481 10049
  1482 10049
  1483 10049
  1484 10049
  1485 10049
  1486 10049
  1487 10049
  1488 10049
  1489 10049
  1490 10049
  1491 10049
  1492 10049
  1493 10049
  1494 10049
  1495 10049
  1496 10049
  1497 10049
  1498 10049
  1499 10049
  1500 10049
  1501 10049
  1502 10049
  1503 10049
  1504 10049
  1505 10049
  1506 10049
  1507 10049
  1508 10049
  1509 10049
  1510 10049
  1511 10049
  1512 10049
  1513 10049
  1514 10049
  1515 10049
  1516 10049
  1517 10049
  1518 10049
  1519 10049
  1520 10049
  1521 10049
  1522 10049
  1523 10049
  1524 10049
  1525 10049
  1526 10049
  1527 10049
  1528 10049
  1529 10049
  1530 10049
  1531 10049
  1532 10049
  1533 10049
  1534 10049
  1535 10049
  1536 10049
  1537 10049
  1538 10049
  1539 10049
  1540 10049
  1541 10049
  1542 10049
  1543 10049
  1544 10049
  1545 10049
  1546 10049
  1547 10049
  1548 10049
  1549 10049
  1550 10049
  1551 10049
  1552 10049
  1553 10049
  1554 10049
  1555 10049
  1556 10049
  1557 10049
  1558 10049
  1559 10049
  1560 10049
  1561 10049
  1562 10049
  1563 10049
  1564 10049
  1565 10049
  1566 10049
  1567 10049
  1568 10049
  1569 10049
  1570 10049
  1571 10049
  1572 10049
  1573 10049
  1574 10049
  1575 10049
  1576 10049
  1577 10049
  1578 10049
  1579 10049
  1580 10049
  1581 10049
  1582 10049
  1583 10049
  1584 10049
  1585 10049
  1586 10049
  1587 10049
  1588 10049
  1589 10049
  1590 10049
  1591 10049
  1592 10049
  1593 10049
  1594 10049
  1595 10049
  1596 10049
  1597 10049
  1598 10049
  1599 10049
  1600 10049
  1601 10049
  1602 10049
  1603 10049
  1604 10049
  1605 10049
  1606 10049
  1607 10049
  1608 10049
  1609 10049
  1610 10049
  1611 10049
  1612 10049
  1613 10049
  1614 10049
  1615 10049
  1616 10049
  1617 10049
  1618 10049
  1619 10049
  1620 10019
  1621 10019
  1623 10091
  1627 10170
  1628 10170
  1629 10170
  1630 10170
  1631 10170
  1632 10170
  1633 10170
  1634 10170
  1635 10170
  1636 10170
  1637 10170
  1638 10170
  1639 10170
  1640 10170
  1641 10170
  1642 10170
  1643 10170
  1644 10170
  1645 10170
  1646 10170
  1647 10170
  1648 10170
  1649 10170
  1650 10170
  1651 10170
  1652 10170
  1653 10170
  1654 10170
  1655 10170
  1656 10170
  1657 10170
  1658 10170
  1659 10170
  1660 10170
  1661 10170
  1662 10170
  1663 10170
  1664 10170
  1665 10170
  1666 10170
  1667 10170
  1668 10170
  1669 10170
  1670 10170
  1671 10170
  1672 10170
  1673 10170
  1674 10170
  1675 10170
  1676 10170
  1677 10170
  1678 10170
  1679 10170
  1680 10170
  1681 10170
  1682 10170
  1683 10170
  1684 10170
  1685 10170
  1686 10170
  1687 10170
  1688 10170
  1689 10170
  1690 10170
  1691 10170
  1692 10170
  1693 10170
  1694 10170
  1695 10170
  1696 10170
  1697 10170
  1698 10170
  1699 10170
  1700 10170
  1701 10170
  1702 10170
  1703 10170
  1704 10170
  1705 10170
  1706 10170
  1707 10170
  1708 10170
  1709 10170
  1710 10170
  1711 10170
  1712 10170
  1713 10170
  1714 10170
  1715 10170
  1716 10170
  1717 10170
  1718 10170
  1719 10170
  1720 10170
  1721 10170
  1722 10170
  1723 10170
  1724 10170
  1725 10170
  1726 10170
  1727 10170
  1728 10170
  1729 10170
  1730 10170
  1731 10170
  1732 10170
  1733 10170
  1734 10170
  1735 10170
  1736 10170
  1737 10170
  1738 10170
  1739 10170
  1740 10170
  1741 10170
  1742 10170
  1743 10170
  1744 10170
  1745 10170
  1746 10170
  1747 10170
  1748 10170
  1749 10170
  1750 10170
  1751 10170
  1752 10170
  1753 10170
  1754 10170
  1755 10170
  1756 10170
  1757 10170
  1758 10170
  1759 10170
  1760 10170
  1761 10170
  1762 10170
  1763 10170
  1764 10170
  1765 10170
  1766 10170
  1767 10170
  1768 10170
  1769 10170
  1770 10170
  1771 10170
  1772 10170
  1773 10170
  1774 10170
  1775 10170
  1776 10170
  1777 10170
  1778 10170
  1779 10170
  1780 10170
  1781 10170
  1782 10170
  1783 10170
  1784 10170
  1785 10170
  1786 10170
  1787 10170
  1788 10170
  1789 10170
  1790 10170
  1791 10170
  1792 10170
  1793 10170
  1794 10170
  1795 10170
  1796 10170
  1797 10170
  1798 10170
  1799 10170
  1800 10170
  1801 10170
  1802 10170
  1803 10170
  1804 10170
  1805 10170
  1806 10170
  1807 10170
  1808 10170
  1809 10170
  1810 10170
  1811 10170
  1812 10170
  1813 10170
  1814 10170
  1815 10170
  1816 10170
  1817 10170
  1818 10170
  1819 10170
  1820 10170
  1821 10170
  1822 10170
  1823 10170
  1824 10170
  1825 10170
  1826 10170
  1827 10170
  1828 10170
  1829 10170
  1830 10170
  1831 10170
  1832 10170
  1833 10170
  1834 10170
  1835 10170
  1836 10170
  1837 10170
  1838 10170
  1839 10170
  1840 10170
  1841 10170
  1842 10170
  1843 10170
  1844 10170
  1845 10170
  1846 10170
  1847 10170
  1848 10170
  1849 10170
  1850 10170
  1851 10170
  1852 10170
  1853 10170
  1854 10170
  1855 10170
  1856 10097
  1857 10170
  1858 10101
  1859 10101
  1861 10101
  1862 10101
  1863 10138
  1864 10138
  1865 10138
  1866 10138
  1867 10138
  1868 10070
  1869 10138
  1870 10070
  1871 10138
  1872 10138
  1873 10070
  1874 10070
  1875 10138
  1876 10138
  1877 10138
  1878 10138
  1879 10070
  1880 10070
  1881 10070
  1882 10138
  1883 10070
  1884 10138
  1885 10138
  1886 10138
  1887 10138
  1888 10138
  1889 10138
  1890 10070
  1891 10138
  1892 10138
  1893 10070
  1894 10138
  1895 10138
  1896 10138
  1897 10070
  1898 10070
  1899 10138
  1900 10138
  1901 10070
  1902 10138
  1903 10070
  1904 10138
  1905 10138
  1906 10138
  1907 10070
  1908 10070
  1909 10138
  1910 10070
  1911 10070
  1912 10070
  1913 10070
  1914 10070
  1915 10138
  1916 10138
  1917 10138
  1918 10138
  1919 10070
  1920 10138
  1921 10138
  1922 10138
  1923 10138
  1924 10138
  1925 10138
  1926 10138
  1927 10138
  1928 10138
  1929 10138
  1930 10138
  1931 10138
  1932 10138
  1933 10138
  1934 10138
  1935 10138
  1936 10138
  1937 10138
  1938 10138
  1939 10138
  1940 10138
  1941 10138
  1942 10138
  1943 10138
  1944 10138
  1945 10138
  1946 10138
  1947 10138
  1948 10138
  1949 10138
  1950 10138
  1951 10138
  1952 10138
  1953 10138
  1954 10138
  1955 10138
  1956 10138
  1957 10138
  1958 10138
  1959 10138
  1960 10138
  1961 10138
  1962 10138
  1963 10138
  1964 10138
  1965 10138
  1966 10070
  1967 10070
  1968 10138
  1969 10070
  1970 10138
  1971 10070
  1972 10138
  1973 10138
  1974 10070
  1975 10138
  1976 10070
  1977 10070
  1978 10138
  1979 10138
  1980 10138
  1981 10138
  1982 10138
  1983 10138
  1984 10138
  1985 10138
  1986 10138
  1987 10138
  1988 10138
  1989 10138
  1990 10138
  1991 10138
  1992 10070
  1993 10070
  1994 10138
  1995 10138
  1996 10138
  1997 10138
  1998 10138
  1999 10138
  2000 10070
  2001 10070
  2002 10138
  2003 10138
  2004 10070
  2005 10138
  2006 10138
  2007 10070
  2008 10138
  2009 10138
  2010 10138
  2011 10138
  2012 10070
  2013 10138
  2014 10138
  2015 10138
  2016 10138
  2017 10070
  2018 10070
  2019 10138
  2020 10070
  2021 10070
  2022 10070
  2023 10138
  2024 10138
  2025 10138
  2026 10068
  2027 10068
  2028 10068
