   697 10153
   698 10153
   699 10153
   700 10153
   701 10153
   702 10153
   703 10153
   704 10153
   705 10153
   706 10153
   707 10153
   708 10153
   709 10153
   710 10153
   711 10153
   712 10153
   713 10153
   714 10153
   715 10153
   716 10153
   717 10153
   718 10153
   719 10153
   720 10153
   721 10153
   722 10153
   723 10153
   724 10153
   725 10153
   726 10153
   727 10153
   728 10153
   729 10153
   730 10153
   731 10153
   732 10153
   733 10153
   734 10153
   735 10153
   736 10153
   737 10153
   738 10153
   739 10153
   740 10153
   741 10153
   742 10153
   743 10153
   744 10153
   745 10153
   746 10153
   747 10153
   748 10153
   749 10153
   750 10153
   751 10153
   752 10153
   753 10153
   754 10153
   755 10153
   756 10153
   757 10153
   758 10153
   759 10153
   760 10153
   761 10153
   762 10153
   763 10153
   764 10153
   765 10153
   766 10153
   767 10153
   768 10153
   769 10153
   770 10153
   771 10153
   772 10153
   773 10153
   774 10153
   775 10153
   776 10153
   777 10153
   778 10153
   779 10153
   780 10153
   781 10153
   782 10143
   783 10153
   784 10153
   785 10115
   786 10115
   788 10156
   789 10138
   790 10101
   791 10043
   792 10043
   793 10049
   794 10049
   795 10028
   796 10028
   797 10034
   798 10034
   799 10151
   800 10034
   801 10151
   802 10151
   803 10151
   804 10151
   805 10151
   806 10151
   807 10151
   808 10151
   809 10034
   810 10034
   811 10034
   812 10034
   813 10034
   814 10034
   815 10151
   816 10151
   817 10151
   818 10151
   819 10151
   820 10034
   821 10034
   822 10151
   823 10151
   824 10151
   825 10151
   826 10151
   827 10151
   828 10151
   829 10151
   830 10151
   831 10151
   832 10151
   833 10151
   834 10151
   835 10151
   836 10151
   837 10151
   838 10151
   839 10151
   840 10151
   841 10151
   842 10151
   843 10151
   844 10151
   845 10151
   846 10151
   847 10151
   848 10151
   849 10151
   850 10151
   851 10151
   852 10151
   853 10151
   854 10151
   855 10151
   856 10151
   857 10151
   858 10151
   859 10151
   860 10151
   861 10151
   862 10151
   863 10151
   864 10151
   865 10151
   866 10151
   867 10151
   868 10151
   869 10151
   870 10151
   871 10151
   872 10151
   873 10151
   874 10151
   875 10151
   876 10151
   877 10151
   878 10151
   879 10151
   880 10151
   881 10151
   882 10151
   883 10151
   884 10151
   885 10151
   886 10151
   887 10151
   888 10151
   889 10151
   890 10151
   891 10151
   892 10151
   893 10151
   894 10151
   895 10151
   896 10151
   897 10151
   898 10151
   899 10151
   900 10151
   901 10151
   902 10151
   903 10151
   904 10151
   905 10151
   906 10151
   907 10151
   908 10151
   909 10151
   910 10151
   911 10151
   912 10151
   913 10151
   914 10151
   915 10151
   916 10151
   917 10151
   918 10151
   919 10151
   920 10151
   921 10151
   922 10151
   923 10151
   924 10151
   925 10151
   926 10151
   927 10151
   928 10151
   929 10151
   930 10151
   931 10151
   932 10151
   933 10151
   934 10151
   935 10151
   936 10151
   937 10151
   938 10151
   939 10151
   940 10151
   941 10151
   942 10151
   943 10151
   944 10151
   945 10151
   946 10151
   947 10151
   948 10151
   949 10151
   950 10151
   951 10151
   952 10151
   953 10151
   954 10151
   955 10151
   956 10151
   957 10151
   958 10151
   959 10151
   960 10151
   961 10151
   962 10151
   963 10151
   964 10151
   965 10151
   966 10151
   967 10151
   968 10151
   969 10151
   970 10151
   971 10151
   972 10151
   973 10151
   974 10151
   975 10151
   976 10151
   977 10151
   978 10151
   979 10151
   980 10151
   981 10151
   982 10151
   983 10151
   984 10151
   985 10151
   986 10151
   987 10151
   988 10151
   989 10151
   990 10151
   991 10151
   992 10151
   993 10151
   994 10151
   995 10151
   996 10151
   997 10151
   998 10151
   999 10151
  1000 10151
  1001 10151
  1002 10151
  1003 10151
  1004 10151
  1005 10151
  1006 10151
  1007 10151
  1008 10151
  1009 10151
  1010 10151
  1011 10151
  1012 10151
  1013 10034
  1014 10034
  1015 10151
  1016 10082
  1017 10082
  1018 10019
  1019 10019
  1024 10091
  1025 10091
  1026 10034
  1027 10083
  1028 10071
  1029 10149
  1030 10149
  1031 10071
  1032 10149
  1033 10149
  1034 10071
  1035 10071
  1036 10071
  1037 10071
  1038 10149
  1039 10064
  1040 10071
  1041 10071
  1042 10071
  1043 10071
  1044 10149
  1045 10149
  1046 10149
  1047 10149
  1048 10137
  1049 10149
  1050 10149
  1051 10149
  1052 10071
  1053 10149
  1054 10149
  1055 10071
  1056 10149
  1057 10149
  1058 10149
  1059 10071
  1060 10071
  1061 10071
  1062 10071
  1063 10071
  1064 10149
  1065 10071
  1066 10071
  1067 10071
  1068 10149
  1069 10149
  1070 10149
  1071 10149
  1072 10149
  1073 10149
  1074 10149
  1075 10071
  1076 10071
  1077 10071
  1078 10071
  1079 10071
  1080 10071
  1081 10149
  1082 10149
  1083 10149
  1084 10149
  1085 10149
  1086 10149
  1087 10071
  1088 10149
  1089 10149
  1090 10149
  1091 10149
  1092 10071
  1093 10071
  1094 10071
  1095 10071
  1096 10071
  1097 10071
  1098 10071
  1099 10149
  1100 10149
  1101 10149
  1102 10071
  1103 10149
  1104 10149
  1105 10149
  1106 10149
  1107 10149
  1108 10149
  1109 10149
  1110 10149
  1111 10071
  1112 10071
  1113 10071
  1114 10071
  1115 10080
  1116 10149
  1117 10149
  1118 10149
  1119 10149
  1120 10071
  1121 10149
  1122 10149
  1123 10149
  1124 10149
  1125 10149
  1126 10149
  1127 10149
  1128 10149
  1129 10149
  1130 10149
  1131 10149
  1132 10071
  1133 10071
  1134 10071
  1135 10149
  1136 10071
  1137 10071
  1138 10149
  1139 10071
  1140 10071
  1141 10071
  1142 10071
  1143 10149
  1144 10149
  1145 10149
  1146 10149
  1147 10149
  1148 10149
  1149 10149
  1150 10071
  1151 10149
  1152 10149
  1153 10149
  1154 10149
  1155 10149
  1156 10149
  1157 10149
  1158 10149
  1159 10149
  1160 10149
  1161 10149
  1162 10149
  1163 10149
  1164 10071
  1165 10071
  1166 10071
  1167 10071
  1168 10071
  1169 10071
  1170 10071
  1171 10071
  1172 10071
  1173 10071
  1174 10071
  1175 10149
  1176 10071
  1177 10149
  1178 10071
  1179 10071
  1180 10071
  1181 10149
  1182 10149
  1183 10149
  1184 10149
  1185 10149
  1186 10149
  1187 10149
  1188 10149
  1189 10149
  1190 10149
  1191 10071
  1192 10071
  1193 10071
  1194 10071
  1195 10071
  1196 10071
  1197 10071
  1198 10149
  1199 10149
  1200 10149
  1201 10149
  1202 10149
  1203 10149
  1204 10149
  1205 10149
  1206 10149
  1207 10149
  1208 10149
  1209 10071
  1210 10071
  1211 10071
  1212 10071
  1213 10071
  1214 10071
  1215 10071
  1216 10071
  1217 10071
  1218 10149
  1219 10071
  1220 10071
  1221 10071
  1222 10071
  1223 10149
  1224 10149
  1225 10149
  1226 10149
  1227 10149
  1228 10149
  1229 10149
  1230 10149
  1231 10149
  1232 10149
  1233 10149
  1234 10149
  1235 10149
  1236 10149
  1237 10149
  1238 10149
  1239 10149
  1240 10149
  1241 10149
  1242 10149
  1243 10149
  1244 10149
  1245 10149
  1246 10071
  1247 10046
  1248 10046
  1250 10138
  1251 10067
  1252 10138
  1253 10138
  1254 10076
  1255 10076
  1256 10076
  1257 10040
  1262 10120
  1263 10029
  1264 10029
  1265 10029
  1266 10029
  1267 10029
  1268 10029
  1269 10029
  1270 10029
  1271 10029
  1272 10029
  1273 10029
  1274 10029
  1275 10029
  1276 10029
  1277 10029
  1278 10029
  1279 10029
  1280 10029
  1281 10029
  1282 10029
  1283 10029
  1284 10029
  1285 10029
  1286 10029
  1287 10029
  1288 10029
  1289 10029
  1290 10029
  1291 10029
  1292 10029
  1293 10029
  1294 10029
  1295 10029
  1296 10029
  1297 10029
  1298 10029
  1299 10029
  1300 10029
  1301 10029
  1302 10029
  1303 10029
  1304 10029
  1305 10029
  1306 10029
  1307 10029
  1308 10029
  1309 10029
  1310 10029
  1311 10029
  1312 10029
  1313 10029
  1314 10029
  1315 10029
  1316 10029
  1317 10029
  1318 10029
  1319 10029
  1320 10029
  1321 10029
  1322 10029
  1323 10029
  1324 10029
  1325 10029
  1326 10029
  1327 10029
  1328 10029
  1329 10029
  1330 10029
  1331 10029
  1332 10029
  1333 10029
  1334 10029
  1335 10029
  1336 10029
  1337 10029
  1338 10029
  1339 10029
  1340 10029
  1341 10029
  1342 10029
  1343 10029
  1344 10029
  1345 10029
  1346 10029
  1347 10029
  1348 10029
  1349 10029
  1350 10029
  1351 10029
  1352 10029
  1353 10029
  1354 10029
  1355 10029
  1356 10029
  1357 10029
  1358 10029
  1359 10029
  1360 10029
  1361 10029
  1362 10029
  1363 10029
  1364 10029
  1365 10029
  1366 10029
  1367 10029
  1368 10029
  1369 10029
  1370 10029
  1371 10029
  1372 10029
  1373 10029
  1374 10029
  1375 10029
  1376 10029
  1377 10029
  1378 10029
  1379 10029
  1380 10029
  1381 10029
  1382 10029
  1383 10029
  1384 10029
  1385 10029
  1386 10029
  1387 10029
  1388 10029
  1389 10029
  1390 10029
  1391 10029
  1392 10029
  1393 10029
  1394 10029
  1395 10029
  1396 10029
  1397 10029
  1398 10029
  1399 10029
  1400 10029
  1401 10029
  1402 10029
  1403 10029
  1404 10029
  1405 10029
  1406 10029
  1407 10029
  1408 10029
  1409 10029
  1410 10029
  1411 10029
  1412 10029
  1413 10029
  1414 10029
  1415 10029
  1416 10029
  1417 10029
  1418 10029
  1419 10029
  1420 10029
  1421 10029
  1422 10029
  1423 10029
  1424 10029
  1425 10029
  1426 10029
  1427 10029
  1428 10029
  1429 10029
  1430 10029
  1431 10029
  1432 10147
  1433 10029
  1434 10029
  1435 10029
  1436 10029
  1437 10029
  1438 10029
  1439 10029
  1440 10029
  1441 10029
  1442 10029
  1443 10029
  1444 10029
  1445 10029
  1446 10029
  1447 10029
  1448 10029
  1449 10029
  1450 10029
  1451 10029
  1452 10029
  1453 10029
  1454 10029
  1455 10029
  1456 10029
  1457 10029
  1458 10029
  1459 10029
  1460 10029
  1461 10029
  1462 10029
  1463 10029
  1464 10029
  1465 10029
  1466 10029
  1467 10029
  1468 10029
  1469 10029
  1470 10029
  1471 10029
  1472 10029
  1473 10029
  1474 10029
  1475 10029
  1476 10029
  1477 10029
  1478 10029
  1479 10029
  1480 10029
  1481 10029
  1482 10029
  1483 10029
  1484 10029
  1485 10029
  1486 10029
  1487 10029
  1488 10029
  1489 10029
  1490 10029
  1491 10029
  1492 10029
  1493 10029
  1494 10029
  1495 10029
  1496 10029
  1497 10029
  1498 10029
  1499 10029
  1502 10055
  1503 10076
  1504 10018
  1505 10018
  1506 10018
  1507 10018
  1508 10018
  1509 10018
  1510 10018
  1511 10018
  1512 10018
  1513 10018
  1514 10055
  1515 10040
  1516 10040
  1517 10023
  1518 10023
  1519 10023
  1520 10023
  1521 10023
  1522 10040
  1523 10040
  1524 10040
  1525 10040
  1526 10040
  1527 10040
  1528 10040
  1529 10106
  1530 10040
  1531 10040
  1532 10040
  1533 10040
  1534 10040
  1535 10040
  1536 10040
  1537 10040
  1538 10040
  1539 10040
  1540 10040
  1541 10040
  1542 10040
  1543 10040
  1544 10040
  1545 10040
  1546 10040
  1547 10040
  1548 10040
  1549 10040
  1550 10040
  1551 10040
  1552 10040
  1553 10040
  1554 10040
  1555 10040
  1556 10040
  1557 10040
  1558 10040
  1559 10040
  1560 10040
  1561 10040
  1562 10040
  1563 10040
  1564 10040
  1565 10040
  1566 10040
  1571 10040
  1572 10106
  1573 10040
  1574 10106
  1575 10106
  1576 10018
  1577 10055
  1578 10076
  1580 10111
  1581 10111
  1582 10111
  1583 10111
  1584 10111
  1585 10111
  1586 10111
  1587 10016
  1588 10016
  1589 10016
  1590 10036
  1591 10036
  1592 10036
  1621 10101
  1622 10101
  1623 10101
  1626 10091
  1627 10091
  1629 10167
  1630 10167
  1631 10167
  1632 10167
  1633 10167
  1634 10167
  1635 10167
  1636 10167
  1637 10167
  1638 10167
  1639 10167
  1640 10167
  1641 10167
  1642 10167
  1643 10167
  1644 10167
  1645 10167
  1646 10167
  1647 10167
  1648 10167
  1649 10167
  1650 10167
  1651 10167
  1652 10167
  1653 10167
  1654 10167
  1655 10167
  1656 10167
  1657 10167
  1658 10167
  1659 10167
  1660 10167
  1661 10167
  1662 10167
  1663 10167
  1664 10167
  1665 10167
  1666 10167
  1667 10167
  1668 10167
  1669 10167
  1670 10167
  1671 10167
  1672 10167
  1673 10167
  1674 10167
  1675 10167
  1676 10167
  1677 10167
  1678 10167
  1679 10167
  1680 10167
  1681 10167
  1682 10167
  1683 10167
  1684 10167
  1685 10167
  1686 10167
  1687 10167
  1688 10167
  1689 10167
  1690 10167
  1691 10167
  1692 10167
  1693 10167
  1694 10167
  1695 10167
  1696 10167
  1697 10167
  1698 10167
  1699 10167
  1700 10167
  1701 10167
  1702 10167
  1703 10167
  1704 10167
  1705 10167
  1706 10167
  1707 10167
  1708 10167
  1709 10167
  1710 10167
  1711 10167
  1712 10167
  1713 10167
  1714 10167
  1715 10167
  1716 10167
  1717 10167
  1718 10167
  1719 10167
  1720 10167
  1721 10167
  1722 10167
  1723 10167
  1724 10167
  1725 10167
  1726 10167
  1727 10167
  1728 10167
  1729 10167
  1730 10167
  1731 10167
  1732 10167
  1733 10167
  1734 10167
  1735 10167
  1736 10167
  1737 10167
  1738 10167
  1739 10167
  1740 10167
  1741 10167
  1742 10167
  1743 10167
  1744 10167
  1745 10167
  1746 10167
  1747 10167
  1748 10167
  1749 10167
  1750 10167
  1751 10167
  1752 10167
  1753 10167
  1754 10167
  1755 10167
  1756 10167
  1757 10167
  1758 10167
  1759 10167
  1760 10167
  1761 10167
  1762 10167
  1763 10167
  1764 10167
  1765 10167
  1766 10167
  1767 10167
  1768 10167
  1769 10167
  1770 10167
  1771 10167
  1772 10167
  1773 10167
  1774 10167
  1775 10167
  1776 10167
  1777 10167
  1778 10167
  1779 10167
  1780 10167
  1781 10167
  1782 10167
  1783 10167
  1784 10167
  1785 10167
  1786 10167
  1787 10167
  1788 10167
  1789 10167
  1790 10167
  1791 10167
  1792 10167
  1793 10167
  1794 10167
  1795 10167
  1796 10167
  1797 10167
  1798 10167
  1799 10167
  1800 10167
  1801 10167
  1802 10167
  1803 10167
  1804 10167
  1805 10167
  1806 10167
  1807 10167
  1808 10167
  1809 10167
  1810 10167
  1811 10167
  1812 10167
  1813 10167
  1814 10167
  1815 10167
  1816 10167
  1817 10167
  1818 10167
  1819 10167
  1820 10167
  1821 10167
  1822 10167
  1823 10167
  1824 10167
  1825 10167
  1826 10167
  1827 10167
  1828 10167
  1829 10167
  1830 10167
  1831 10167
  1832 10167
  1833 10167
  1834 10167
  1835 10167
  1836 10167
  1837 10167
  1838 10167
  1839 10167
  1840 10167
  1841 10167
  1842 10167
  1843 10167
  1844 10167
  1845 10167
  1846 10167
  1847 10167
  1848 10167
  1849 10167
  1850 10167
  1851 10167
  1852 10167
  1853 10167
  1854 10167
  1855 10167
  1856 10167
  1857 10167
  1858 10016
  1859 10016
  1860 10029
  1861 10120
  1863 10096
  1864 10096
  1865 10096
  1866 10096
  1867 10096
  1868 10096
  1869 10096
  1870 10096
  1871 10096
  1872 10096
  1873 10096
  1874 10096
  1875 10096
  1876 10096
  1877 10096
  1878 10096
  1879 10096
  1880 10096
  1881 10096
  1882 10096
  1883 10096
  1884 10096
  1885 10096
  1886 10096
  1887 10096
  1888 10096
  1889 10096
  1890 10096
  1891 10096
  1892 10096
  1893 10096
  1894 10096
  1895 10096
  1896 10096
  1897 10096
  1898 10096
  1899 10096
  1900 10096
  1901 10096
  1902 10096
  1903 10096
  1904 10096
  1905 10096
  1906 10096
  1907 10096
  1908 10096
  1909 10096
  1910 10096
  1911 10096
  1912 10096
  1913 10096
  1914 10096
  1915 10096
  1916 10096
  1917 10096
  1918 10096
  1919 10096
  1920 10096
  1921 10096
  1922 10096
  1923 10096
  1924 10096
  1925 10096
  1926 10096
  1927 10096
  1928 10096
  1929 10096
  1930 10096
  1931 10096
  1932 10096
  1933 10096
  1934 10096
  1935 10096
  1936 10096
  1937 10096
  1938 10096
  1939 10096
  1940 10096
  1941 10096
  1942 10096
  1943 10096
  1944 10096
  1945 10096
  1946 10096
  1947 10096
  1948 10096
  1949 10096
  1950 10096
  1951 10096
  1952 10096
  1953 10096
  1954 10096
  1955 10096
  1956 10096
  1957 10096
  1958 10096
  1959 10096
  1960 10096
  1961 10096
  1962 10096
  1963 10096
  1964 10096
  1965 10096
  1966 10096
  1967 10096
  1968 10096
  1969 10096
  1970 10096
  1971 10096
  1972 10096
  1973 10096
  1974 10096
  1975 10096
  1976 10096
  1977 10096
  1978 10096
  1979 10096
  1980 10096
  1981 10096
  1982 10096
  1983 10096
  1984 10096
  1985 10096
  1986 10096
  1987 10096
  1988 10096
  1989 10096
  1990 10096
  1991 10096
  1992 10096
  1993 10096
  1994 10096
  1995 10096
  1996 10096
  1997 10096
  1998 10096
  1999 10096
  2000 10096
  2001 10096
  2002 10096
  2003 10096
  2004 10096
  2005 10096
  2006 10096
  2007 10096
  2008 10096
  2009 10096
  2010 10096
  2011 10096
  2012 10096
  2013 10096
  2014 10096
  2015 10014
  2016 10014
  2017 10016
  2018 10016
  2019 10016
  2020 10016
  2021 10016
  2022 10143
  2023 10143
