   692 10153
   693 10153
   694 10153
   695 10153
   696 10153
   697 10153
   698 10153
   699 10153
   700 10153
   701 10153
   702 10153
   703 10153
   704 10153
   705 10153
   706 10153
   707 10153
   708 10153
   709 10153
   710 10153
   711 10153
   712 10153
   713 10153
   714 10153
   715 10153
   716 10153
   717 10153
   718 10153
   719 10153
   720 10153
   721 10153
   722 10153
   723 10153
   724 10153
   725 10153
   726 10153
   727 10153
   728 10153
   729 10153
   730 10153
   731 10153
   732 10153
   733 10153
   734 10153
   735 10153
   736 10153
   737 10153
   738 10153
   739 10153
   740 10153
   741 10153
   742 10153
   743 10153
   744 10153
   745 10153
   746 10153
   747 10153
   748 10153
   749 10153
   750 10153
   751 10153
   752 10153
   753 10153
   754 10153
   755 10153
   756 10153
   757 10153
   758 10153
   759 10153
   760 10153
   761 10153
   762 10153
   763 10153
   764 10153
   765 10153
   766 10153
   767 10153
   768 10153
   769 10153
   770 10153
   771 10153
   772 10153
   773 10153
   774 10153
   775 10153
   776 10153
   777 10153
   778 10153
   779 10153
   780 10153
   781 10153
   782 10143
   783 10143
   784 10143
   785 10135
   786 10165
   787 10165
   788 10165
   789 10165
   790 10165
   791 10165
   792 10165
   793 10165
   794 10165
   795 10165
   796 10165
   797 10165
   798 10165
   799 10165
   800 10165
   801 10165
   802 10165
   803 10165
   804 10165
   805 10165
   806 10165
   807 10165
   808 10165
   809 10165
   810 10165
   811 10165
   812 10165
   813 10165
   814 10165
   815 10165
   816 10165
   817 10165
   818 10165
   819 10165
   820 10165
   821 10165
   822 10165
   823 10165
   824 10165
   825 10165
   826 10165
   827 10165
   828 10165
   829 10165
   830 10165
   831 10165
   832 10165
   833 10165
   834 10165
   835 10165
   836 10165
   837 10165
   838 10165
   839 10165
   840 10165
   841 10165
   842 10165
   843 10165
   844 10165
   845 10165
   846 10165
   847 10165
   848 10165
   849 10165
   850 10165
   851 10165
   852 10165
   853 10165
   854 10165
   855 10165
   856 10165
   857 10165
   858 10165
   859 10165
   860 10165
   861 10165
   862 10165
   863 10165
   864 10165
   865 10165
   866 10165
   867 10165
   868 10165
   869 10165
   870 10165
   871 10165
   872 10165
   873 10165
   874 10165
   875 10165
   876 10165
   877 10165
   878 10165
   879 10165
   880 10165
   881 10165
   882 10165
   883 10165
   884 10165
   885 10165
   886 10165
   887 10165
   888 10165
   889 10165
   890 10165
   891 10165
   892 10165
   893 10165
   894 10165
   895 10165
   896 10165
   897 10165
   898 10165
   899 10165
   900 10165
   901 10165
   902 10165
   903 10165
   904 10165
   905 10165
   906 10165
   907 10165
   908 10165
   909 10165
   910 10165
   911 10165
   912 10165
   913 10165
   914 10165
   915 10165
   916 10165
   917 10165
   918 10165
   919 10165
   920 10165
   921 10165
   922 10165
   923 10165
   924 10165
   925 10165
   926 10165
   927 10165
   928 10165
   929 10165
   930 10165
   931 10165
   932 10165
   933 10165
   934 10165
   935 10165
   936 10165
   937 10165
   938 10165
   939 10165
   940 10165
   941 10165
   942 10165
   943 10165
   944 10165
   945 10165
   946 10165
   947 10165
   948 10165
   949 10165
   950 10165
   951 10165
   952 10165
   953 10165
   954 10165
   955 10165
   956 10165
   957 10165
   958 10165
   959 10165
   960 10165
   961 10165
   962 10165
   963 10165
   964 10165
   965 10165
   966 10165
   967 10165
   968 10165
   969 10165
   970 10165
   971 10165
   972 10165
   973 10165
   974 10165
   975 10165
   976 10165
   977 10165
   978 10165
   979 10165
   980 10165
   981 10165
   982 10165
   983 10165
   984 10165
   985 10165
   986 10165
   987 10165
   988 10165
   989 10165
   990 10165
   991 10165
   992 10165
   993 10165
   994 10165
   995 10165
   996 10165
   997 10165
   998 10165
   999 10165
  1000 10165
  1001 10165
  1002 10165
  1003 10165
  1004 10165
  1005 10165
  1006 10165
  1007 10165
  1008 10165
  1009 10165
  1010 10165
  1011 10165
  1012 10165
  1013 10165
  1014 10135
  1015 10165
  1018 10088
  1019 10141
  1020 10101
  1021 10101
  1022 10101
  1023 10137
  1024 10137
  1025 10137
  1026 10100
  1027 10100
  1028 10137
  1029 10137
  1030 10100
  1031 10137
  1032 10100
  1033 10100
  1034 10100
  1035 10100
  1036 10006
  1037 10137
  1038 10137
  1039 10137
  1040 10137
  1041 10006
  1042 10137
  1043 10006
  1044 10137
  1045 10137
  1046 10137
  1047 10137
  1048 10137
  1049 10137
  1050 10137
  1051 10137
  1052 10137
  1053 10137
  1054 10137
  1055 10073
  1056 10137
  1057 10137
  1058 10100
  1059 10100
  1060 10100
  1061 10100
  1062 10100
  1063 10100
  1064 10100
  1065 10100
  1066 10100
  1067 10100
  1068 10100
  1069 10100
  1070 10100
  1071 10100
  1072 10100
  1073 10100
  1074 10100
  1075 10100
  1076 10100
  1077 10100
  1078 10100
  1079 10100
  1080 10100
  1081 10100
  1082 10100
  1083 10137
  1084 10100
  1085 10100
  1086 10100
  1087 10100
  1088 10100
  1089 10100
  1090 10100
  1091 10100
  1092 10100
  1093 10100
  1094 10100
  1095 10137
  1096 10100
  1097 10100
  1098 10100
  1099 10100
  1100 10100
  1101 10137
  1102 10137
  1103 10100
  1104 10100
  1105 10100
  1106 10100
  1107 10100
  1108 10100
  1109 10100
  1110 10100
  1111 10100
  1112 10100
  1113 10100
  1114 10100
  1115 10100
  1116 10100
  1117 10100
  1118 10100
  1119 10100
  1120 10100
  1121 10100
  1122 10100
  1123 10100
  1124 10100
  1125 10100
  1126 10100
  1127 10100
  1128 10124
  1129 10100
  1130 10100
  1131 10100
  1132 10100
  1133 10100
  1134 10100
  1135 10100
  1136 10100
  1137 10100
  1138 10100
  1139 10100
  1140 10100
  1141 10100
  1142 10100
  1143 10100
  1144 10100
  1145 10100
  1146 10100
  1147 10100
  1148 10100
  1149 10100
  1150 10100
  1151 10100
  1152 10100
  1153 10137
  1154 10100
  1155 10100
  1156 10100
  1157 10100
  1158 10100
  1159 10100
  1160 10100
  1161 10100
  1162 10100
  1163 10100
  1164 10100
  1165 10100
  1166 10100
  1167 10100
  1168 10100
  1169 10100
  1170 10100
  1171 10100
  1172 10100
  1173 10100
  1174 10100
  1175 10100
  1176 10100
  1177 10100
  1178 10100
  1179 10100
  1180 10100
  1181 10100
  1182 10100
  1183 10100
  1184 10100
  1185 10100
  1186 10100
  1187 10100
  1188 10100
  1189 10100
  1190 10100
  1191 10100
  1192 10100
  1193 10100
  1194 10100
  1195 10100
  1196 10100
  1197 10100
  1198 10100
  1199 10100
  1200 10100
  1201 10100
  1202 10100
  1203 10100
  1204 10100
  1205 10100
  1206 10100
  1207 10100
  1208 10100
  1209 10100
  1210 10100
  1211 10100
  1212 10100
  1213 10100
  1214 10100
  1215 10100
  1216 10100
  1217 10100
  1218 10100
  1219 10100
  1220 10100
  1221 10100
  1222 10100
  1223 10100
  1224 10100
  1225 10100
  1226 10100
  1227 10100
  1228 10100
  1229 10100
  1230 10100
  1231 10100
  1232 10100
  1233 10100
  1234 10100
  1235 10100
  1236 10100
  1237 10100
  1238 10100
  1239 10100
  1240 10100
  1241 10100
  1242 10100
  1243 10100
  1244 10100
  1245 10100
  1246 10100
  1247 10100
  1248 10101
  1249 10101
  1250 10101
  1251 10101
  1252 10101
  1253 10130
  1258 10137
  1259 10137
  1260 10007
  1261 10137
  1262 10137
  1263 10137
  1264 10137
  1265 10137
  1266 10137
  1267 10137
  1268 10137
  1269 10137
  1270 10137
  1271 10137
  1272 10137
  1273 10137
  1274 10137
  1275 10137
  1276 10137
  1277 10137
  1278 10137
  1279 10137
  1280 10137
  1281 10137
  1282 10137
  1283 10137
  1284 10137
  1285 10137
  1286 10137
  1287 10137
  1288 10137
  1289 10137
  1290 10137
  1291 10137
  1292 10137
  1293 10137
  1294 10137
  1295 10137
  1296 10137
  1297 10137
  1298 10137
  1299 10137
  1300 10137
  1301 10137
  1302 10137
  1303 10137
  1304 10137
  1305 10137
  1306 10137
  1307 10137
  1308 10137
  1309 10137
  1310 10137
  1311 10137
  1312 10137
  1313 10137
  1314 10137
  1315 10137
  1316 10137
  1317 10137
  1318 10137
  1319 10137
  1320 10137
  1321 10137
  1322 10137
  1323 10137
  1324 10137
  1325 10137
  1326 10137
  1327 10137
  1328 10137
  1329 10137
  1330 10137
  1331 10137
  1332 10137
  1333 10137
  1334 10137
  1335 10137
  1336 10137
  1337 10137
  1338 10137
  1339 10137
  1340 10137
  1341 10137
  1342 10137
  1343 10137
  1344 10137
  1345 10137
  1346 10137
  1347 10137
  1348 10137
  1349 10137
  1350 10137
  1351 10137
  1352 10137
  1353 10137
  1354 10137
  1355 10137
  1356 10137
  1357 10137
  1358 10137
  1359 10137
  1360 10137
  1361 10137
  1362 10137
  1363 10137
  1364 10137
  1365 10137
  1366 10137
  1367 10137
  1368 10137
  1369 10137
  1370 10137
  1371 10137
  1372 10137
  1373 10137
  1374 10137
  1375 10137
  1376 10137
  1377 10137
  1378 10137
  1379 10137
  1380 10137
  1381 10137
  1382 10137
  1383 10137
  1384 10137
  1385 10137
  1386 10137
  1387 10137
  1388 10137
  1389 10137
  1390 10137
  1391 10137
  1392 10137
  1393 10137
  1394 10137
  1395 10137
  1396 10137
  1397 10137
  1398 10137
  1399 10137
  1400 10137
  1401 10137
  1402 10137
  1403 10137
  1404 10137
  1405 10137
  1406 10137
  1407 10137
  1408 10137
  1409 10137
  1410 10137
  1411 10137
  1412 10137
  1413 10137
  1414 10137
  1415 10137
  1416 10137
  1417 10137
  1418 10137
  1419 10137
  1420 10137
  1421 10137
  1422 10137
  1423 10137
  1424 10137
  1425 10137
  1426 10137
  1427 10137
  1428 10137
  1429 10137
  1430 10137
  1431 10137
  1432 10137
  1433 10137
  1434 10137
  1435 10137
  1436 10137
  1437 10137
  1438 10137
  1439 10137
  1440 10137
  1441 10137
  1442 10137
  1443 10137
  1444 10137
  1445 10137
  1446 10137
  1447 10137
  1448 10137
  1449 10137
  1450 10137
  1451 10137
  1452 10137
  1453 10137
  1454 10137
  1455 10137
  1456 10137
  1457 10137
  1458 10137
  1459 10137
  1460 10137
  1461 10137
  1462 10137
  1463 10137
  1464 10137
  1465 10137
  1466 10137
  1467 10137
  1468 10137
  1469 10137
  1470 10137
  1471 10137
  1472 10137
  1473 10137
  1474 10137
  1475 10137
  1476 10137
  1477 10137
  1478 10137
  1479 10137
  1480 10137
  1481 10137
  1482 10137
  1483 10137
  1484 10137
  1485 10137
  1486 10137
  1487 10137
  1488 10137
  1489 10137
  1490 10137
  1491 10137
  1492 10137
  1493 10137
  1494 10137
  1495 10137
  1496 10137
  1497 10137
  1498 10016
  1499 10016
  1500 10016
  1501 10016
  1502 10016
  1503 10016
  1504 10143
  1505 10016
  1506 10036
  1507 10036
  1508 10036
  1509 10036
  1510 10036
  1511 10036
  1512 10036
  1514 10055
  1515 10076
  1516 10076
  1517 10040
  1518 10023
  1519 10018
  1520 10018
  1521 10018
  1522 10018
  1523 10040
  1524 10018
  1525 10158
  1526 10158
  1527 10158
  1528 10158
  1529 10158
  1530 10158
  1531 10140
  1532 10140
  1533 10140
  1534 10018
  1535 10055
  1536 10140
  1537 10140
  1538 10140
  1539 10140
  1540 10140
  1541 10140
  1542 10140
  1543 10140
  1544 10140
  1545 10140
  1546 10140
  1547 10140
  1548 10140
  1549 10076
  1550 10018
  1551 10018
  1552 10018
  1553 10098
  1554 10040
  1555 10040
  1556 10040
  1557 10055
  1558 10055
  1559 10140
  1560 10140
  1561 10140
  1562 10140
  1563 10140
  1564 10140
  1565 10140
  1566 10140
  1567 10140
  1568 10140
  1569 10140
  1570 10140
  1571 10140
  1572 10140
  1573 10140
  1574 10140
  1575 10055
  1576 10055
  1577 10055
  1578 10055
  1579 10055
  1580 10055
  1581 10055
  1582 10076
  1583 10134
  1584 10101
  1585 10101
  1587 10101
  1589 10101
  1590 10061
  1591 10101
  1593 10138
  1594 10138
  1595 10101
  1598 10101
  1604 10101
  1605 10091
  1608 10169
  1614 10138
  1615 10091
  1616 10101
  1617 10101
  1618 10101
  1619 10128
  1621 10128
  1622 10061
  1623 10061
  1624 10068
  1625 10068
  1626 10068
  1627 10068
  1628 10068
  1629 10068
  1630 10068
  1631 10068
  1632 10068
  1633 10068
  1634 10068
  1635 10068
  1636 10068
  1637 10068
  1638 10068
  1639 10068
  1640 10068
  1641 10068
  1642 10068
  1643 10068
  1644 10068
  1645 10068
  1646 10068
  1647 10068
  1648 10068
  1649 10068
  1650 10068
  1651 10068
  1652 10068
  1653 10068
  1654 10068
  1655 10068
  1656 10068
  1657 10068
  1658 10068
  1659 10068
  1660 10068
  1661 10068
  1662 10068
  1663 10068
  1664 10068
  1665 10068
  1666 10068
  1667 10068
  1668 10068
  1669 10068
  1670 10068
  1671 10068
  1672 10068
  1673 10068
  1674 10068
  1675 10068
  1676 10068
  1677 10068
  1678 10068
  1679 10068
  1680 10068
  1681 10068
  1682 10068
  1683 10068
  1684 10068
  1685 10068
  1686 10068
  1687 10068
  1688 10068
  1689 10068
  1690 10068
  1691 10068
  1692 10068
  1693 10068
  1694 10068
  1695 10068
  1696 10068
  1697 10068
  1698 10068
  1699 10068
  1700 10068
  1701 10068
  1702 10068
  1703 10068
  1704 10068
  1705 10068
  1706 10068
  1707 10068
  1708 10068
  1709 10068
  1710 10068
  1711 10068
  1712 10068
  1713 10068
  1714 10068
  1715 10068
  1716 10068
  1717 10068
  1718 10068
  1719 10068
  1720 10068
  1721 10068
  1722 10068
  1723 10068
  1724 10068
  1725 10068
  1726 10068
  1727 10068
  1728 10068
  1729 10068
  1730 10068
  1731 10068
  1732 10068
  1733 10068
  1734 10068
  1735 10068
  1736 10068
  1737 10068
  1738 10068
  1739 10068
  1740 10068
  1741 10068
  1742 10068
  1743 10068
  1744 10068
  1745 10068
  1746 10068
  1747 10068
  1748 10068
  1749 10068
  1750 10068
  1751 10068
  1752 10068
  1753 10068
  1754 10068
  1755 10068
  1756 10068
  1757 10068
  1758 10068
  1759 10068
  1760 10068
  1761 10068
  1762 10068
  1763 10068
  1764 10068
  1765 10068
  1766 10068
  1767 10068
  1768 10068
  1769 10068
  1770 10068
  1771 10068
  1772 10068
  1773 10068
  1774 10068
  1775 10068
  1776 10068
  1777 10068
  1778 10068
  1779 10068
  1780 10068
  1781 10068
  1782 10068
  1783 10068
  1784 10068
  1785 10068
  1786 10068
  1787 10068
  1788 10068
  1789 10068
  1790 10068
  1791 10068
  1792 10068
  1793 10068
  1794 10068
  1795 10068
  1796 10068
  1797 10068
  1798 10068
  1799 10068
  1800 10068
  1801 10068
  1802 10068
  1803 10068
  1804 10068
  1805 10068
  1806 10068
  1807 10068
  1808 10068
  1809 10068
  1810 10068
  1811 10068
  1812 10068
  1813 10068
  1814 10068
  1815 10068
  1816 10068
  1817 10068
  1818 10068
  1819 10068
  1820 10068
  1821 10068
  1822 10068
  1823 10068
  1824 10068
  1825 10068
  1826 10068
  1827 10068
  1828 10068
  1829 10068
  1830 10068
  1831 10068
  1832 10068
  1833 10068
  1834 10068
  1835 10068
  1836 10068
  1837 10068
  1838 10068
  1839 10068
  1840 10068
  1841 10068
  1842 10068
  1843 10068
  1844 10068
  1845 10068
  1846 10068
  1847 10068
  1848 10068
  1849 10068
  1850 10068
  1851 10068
  1852 10068
  1853 10068
  1854 10068
  1855 10068
  1856 10101
  1857 10068
  1858 10101
  1859 10068
  1864 10036
  1865 10036
  1866 10036
  1867 10167
  1868 10167
  1869 10167
  1870 10167
  1871 10167
  1872 10167
  1873 10167
  1874 10167
  1875 10167
  1876 10167
  1877 10167
  1878 10167
  1879 10167
  1880 10167
  1881 10167
  1882 10167
  1883 10167
  1884 10167
  1885 10167
  1886 10167
  1887 10167
  1888 10167
  1889 10167
  1890 10167
  1891 10167
  1892 10167
  1893 10167
  1894 10167
  1895 10167
  1896 10167
  1897 10167
  1898 10167
  1899 10167
  1900 10167
  1901 10167
  1902 10167
  1903 10167
  1904 10167
  1905 10167
  1906 10167
  1907 10167
  1908 10167
  1909 10167
  1910 10167
  1911 10167
  1912 10167
  1913 10167
  1914 10167
  1915 10167
  1916 10167
  1917 10167
  1918 10167
  1919 10167
  1920 10167
  1921 10167
  1922 10167
  1923 10167
  1924 10167
  1925 10167
  1926 10167
  1927 10167
  1928 10167
  1929 10167
  1930 10167
  1931 10167
  1932 10167
  1933 10167
  1934 10167
  1935 10167
  1936 10167
  1937 10167
  1938 10167
  1939 10167
  1940 10167
  1941 10167
  1942 10167
  1943 10167
  1944 10167
  1945 10167
  1946 10167
  1947 10167
  1948 10167
  1949 10167
  1950 10167
  1951 10167
  1952 10167
  1953 10167
  1954 10167
  1955 10167
  1956 10167
  1957 10167
  1958 10167
  1959 10167
  1960 10167
  1961 10167
  1962 10167
  1963 10167
  1964 10167
  1965 10167
  1966 10167
  1967 10167
  1968 10167
  1969 10167
  1970 10167
  1971 10167
  1972 10167
  1973 10167
  1974 10167
  1975 10167
  1976 10167
  1977 10167
  1978 10167
  1979 10167
  1980 10167
  1981 10167
  1982 10167
  1983 10167
  1984 10167
  1985 10167
  1986 10167
  1987 10167
  1988 10167
  1989 10167
  1990 10167
  1991 10167
  1992 10167
  1993 10167
  1994 10167
  1995 10167
  1996 10167
  1997 10167
  1998 10167
  1999 10167
  2000 10167
  2001 10167
  2002 10167
  2003 10167
  2004 10167
  2005 10167
  2006 10167
  2007 10167
  2008 10167
  2009 10167
  2010 10167
  2011 10167
  2012 10167
  2013 10167
  2014 10167
  2015 10167
  2016 10167
  2017 10167
  2018 10167
  2019 10167
  2020 10167
  2021 10167
  2022 10167
  2023 10167
  2024 10167
  2025 10167
  2026 10167
  2027 10167
  2028 10167
  2029 10130
