   777 10016
   778 10167
   779 10143
   780 10167
   781 10154
   782 10014
   783 10014
   785 10157
   786 10157
   787 10153
   788 10153
   789 10153
   790 10153
   791 10153
   792 10153
   793 10153
   794 10153
   795 10153
   796 10153
   797 10153
   798 10153
   799 10153
   800 10153
   801 10153
   802 10153
   803 10153
   804 10153
   805 10153
   806 10153
   807 10153
   808 10153
   813 10153
   814 10153
   817 10153
   818 10153
   819 10153
   820 10153
   821 10153
   822 10153
   823 10153
   824 10153
   825 10153
   826 10153
   830 10153
   831 10153
   832 10153
   833 10153
   834 10153
   835 10081
   837 10153
   838 10153
   839 10153
   840 10153
   841 10153
   842 10153
   843 10153
   844 10153
   845 10153
   849 10153
   850 10153
   851 10153
   852 10153
   853 10153
   854 10153
   855 10153
   856 10153
   857 10153
   858 10153
   859 10153
   860 10153
   861 10153
   862 10153
   863 10153
   864 10153
   865 10153
   866 10153
   867 10153
   871 10153
   872 10153
   873 10153
   874 10153
   875 10153
   876 10153
   877 10153
   878 10153
   879 10153
   880 10153
   881 10153
   882 10153
   883 10157
   887 10153
   888 10153
   889 10153
   890 10153
   891 10153
   892 10153
   893 10153
   894 10153
   895 10153
   915 10157
   916 10157
   917 10157
   924 10153
   925 10153
   926 10153
   927 10153
   928 10153
   932 10153
   933 10153
   934 10153
   935 10153
   936 10153
   937 10153
   938 10153
   939 10153
   940 10153
   941 10153
   942 10157
   943 10153
   944 10153
   945 10153
   946 10153
   947 10153
   948 10153
   949 10153
   950 10153
   951 10153
   952 10153
   953 10153
   954 10153
   955 10153
   956 10153
   957 10153
   958 10153
   959 10153
   960 10153
   961 10153
   962 10153
   963 10153
   964 10153
   965 10153
   966 10153
   967 10153
   968 10153
   969 10157
   970 10153
   971 10157
   972 10157
   973 10157
   974 10153
   975 10153
   976 10153
   977 10153
   978 10153
   979 10153
   980 10153
   981 10153
   982 10153
   983 10153
   984 10153
   985 10153
   986 10153
   987 10153
   988 10153
   989 10153
   990 10153
   991 10153
   992 10153
   998 10153
   999 10153
  1000 10153
  1001 10155
  1002 10153
  1003 10153
  1004 10153
  1005 10153
  1006 10153
  1015 10153
  1016 10153
  1017 10153
  1018 10153
  1019 10153
  1020 10153
  1021 10153
  1022 10153
  1023 10153
  1024 10153
  1025 10153
  1026 10153
  1027 10081
  1028 10081
  1029 10081
  1030 10081
  1031 10081
  1032 10081
  1033 10074
  1034 10074
  1035 10074
  1036 10074
  1037 10153
  1038 10049
  1039 10157
  1040 10153
  1041 10157
  1042 10107
  1043 10107
  1044 10107
  1050 10085
  1052 10154
  1053 10107
  1054 10107
  1055 10153
  1056 10075
  1057 10153
  1058 10075
  1059 10075
  1060 10075
  1061 10155
  1062 10155
  1063 10155
  1064 10155
  1065 10155
  1066 10075
  1067 10107
  1068 10107
  1069 10107
  1070 10107
  1071 10107
  1072 10107
  1073 10107
  1074 10107
  1075 10107
  1076 10107
  1077 10107
  1078 10107
  1079 10107
  1080 10107
  1081 10107
  1082 10107
  1083 10107
  1084 10107
  1085 10107
  1086 10107
  1087 10107
  1088 10107
  1089 10107
  1090 10107
  1091 10107
  1092 10107
  1093 10107
  1094 10107
  1095 10107
  1096 10107
  1097 10107
  1098 10107
  1099 10107
  1100 10107
  1101 10031
  1102 10031
  1103 10031
  1104 10107
  1105 10166
  1106 10107
  1107 10107
  1108 10107
  1109 10107
  1110 10107
  1111 10107
  1112 10107
  1113 10107
  1114 10107
  1115 10107
  1116 10107
  1117 10107
  1118 10107
  1119 10107
  1120 10107
  1121 10107
  1122 10107
  1123 10107
  1124 10107
  1125 10107
  1126 10107
  1127 10107
  1128 10107
  1129 10107
  1130 10107
  1131 10107
  1132 10107
  1133 10107
  1134 10107
  1135 10156
  1136 10107
  1137 10107
  1138 10107
  1139 10107
  1140 10107
  1141 10107
  1142 10107
  1143 10107
  1144 10107
  1145 10107
  1146 10107
  1147 10107
  1148 10107
  1149 10107
  1150 10107
  1151 10107
  1152 10107
  1153 10107
  1154 10107
  1155 10107
  1156 10107
  1157 10107
  1158 10107
  1159 10107
  1160 10107
  1161 10107
  1162 10107
  1163 10107
  1164 10107
  1165 10107
  1166 10153
  1167 10153
  1168 10153
  1169 10166
  1170 10166
  1171 10166
  1172 10166
  1173 10166
  1174 10166
  1175 10166
  1176 10166
  1177 10166
  1178 10166
  1179 10166
  1180 10107
  1181 10107
  1182 10107
  1183 10107
  1184 10107
  1185 10107
  1186 10107
  1187 10107
  1188 10107
  1189 10107
  1190 10107
  1191 10107
  1192 10107
  1193 10107
  1194 10107
  1195 10107
  1196 10107
  1197 10107
  1198 10107
  1199 10107
  1200 10107
  1201 10166
  1202 10166
  1203 10107
  1204 10107
  1205 10107
  1206 10107
  1207 10107
  1208 10107
  1209 10107
  1210 10107
  1211 10107
  1212 10107
  1213 10107
  1214 10107
  1215 10107
  1216 10107
  1217 10107
  1218 10107
  1219 10107
  1220 10107
  1221 10107
  1222 10107
  1223 10107
  1224 10107
  1225 10107
  1226 10107
  1227 10107
  1228 10107
  1229 10107
  1230 10107
  1231 10107
  1232 10107
  1233 10107
  1234 10107
  1235 10107
  1236 10107
  1237 10107
  1238 10107
  1239 10107
  1240 10166
  1241 10166
  1242 10166
  1243 10107
  1244 10107
  1245 10107
  1246 10107
  1247 10107
  1248 10107
  1249 10107
  1250 10107
  1251 10107
  1252 10107
  1253 10107
  1254 10107
  1255 10107
  1256 10107
  1257 10107
  1258 10107
  1259 10107
  1260 10107
  1261 10107
  1262 10014
  1263 10081
  1264 10081
  1265 10081
  1266 10081
  1267 10081
  1268 10081
  1269 10081
  1270 10081
  1271 10081
  1272 10081
  1273 10081
  1274 10081
  1275 10081
  1276 10081
  1277 10153
  1278 10153
  1279 10153
  1280 10153
  1281 10153
  1282 10153
  1290 10081
  1291 10081
  1294 10153
  1295 10153
  1296 10153
  1297 10153
  1303 10153
  1304 10153
  1305 10153
  1306 10153
  1307 10153
  1308 10153
  1309 10153
  1310 10153
  1311 10153
  1312 10153
  1313 10153
  1314 10153
  1315 10153
  1316 10153
  1317 10153
  1318 10153
  1319 10153
  1320 10153
  1321 10153
  1322 10153
  1323 10153
  1324 10153
  1325 10153
  1326 10081
  1327 10081
  1328 10081
  1329 10153
  1330 10081
  1331 10081
  1332 10081
  1333 10153
  1334 10153
  1335 10153
  1336 10153
  1337 10153
  1338 10153
  1339 10153
  1340 10081
  1341 10016
  1342 10081
  1343 10081
  1344 10081
  1345 10081
  1346 10081
  1347 10081
  1348 10081
  1349 10081
  1350 10081
  1351 10081
  1352 10081
  1353 10081
  1354 10081
  1355 10081
  1356 10081
  1357 10153
  1358 10153
  1359 10081
  1360 10081
  1361 10081
  1362 10081
  1363 10081
  1364 10081
  1365 10153
  1366 10081
  1367 10081
  1368 10075
  1369 10081
  1370 10081
  1371 10081
  1372 10081
  1373 10081
  1374 10081
  1375 10081
  1376 10081
  1377 10081
  1378 10081
  1379 10081
  1380 10081
  1381 10081
  1382 10081
  1383 10081
  1384 10081
  1385 10081
  1386 10153
  1387 10153
  1388 10153
  1389 10153
  1390 10153
  1391 10081
  1392 10081
  1393 10081
  1394 10153
  1395 10081
  1396 10153
  1397 10153
  1398 10153
  1399 10153
  1400 10081
  1401 10081
  1402 10081
  1403 10081
  1404 10081
  1405 10153
  1406 10153
  1407 10153
  1408 10153
  1409 10153
  1410 10081
  1411 10016
  1412 10167
  1413 10173
  1414 10173
  1415 10173
  1416 10173
  1418 10106
  1419 10040
  1420 10040
  1421 10098
  1422 10098
  1423 10158
  1424 10055
  1425 10055
  1426 10055
  1427 10140
  1428 10018
  1429 10018
  1430 10018
  1431 10055
  1432 10055
  1433 10055
  1434 10055
  1435 10055
  1436 10055
  1437 10055
  1438 10055
  1439 10055
  1440 10018
  1441 10018
  1442 10018
  1443 10068
  1444 10018
  1445 10018
  1446 10140
  1447 10140
  1448 10140
  1449 10140
  1450 10055
  1451 10055
  1452 10055
  1453 10140
  1454 10018
  1455 10018
  1456 10018
  1457 10018
  1458 10018
  1459 10158
  1460 10158
  1461 10055
  1462 10158
  1463 10158
  1464 10158
  1465 10158
  1466 10158
  1467 10158
  1468 10158
  1469 10140
  1470 10140
  1471 10158
  1472 10158
  1473 10158
  1474 10158
  1475 10158
  1476 10158
  1477 10158
  1478 10158
  1479 10158
  1480 10158
  1481 10158
  1482 10158
  1483 10158
  1484 10158
  1485 10158
  1486 10158
  1487 10158
  1488 10158
  1489 10158
  1490 10158
  1491 10158
  1492 10158
  1493 10158
  1494 10158
  1495 10076
  1496 10055
  1497 10055
  1498 10055
  1499 10018
  1500 10055
  1501 10055
  1502 10018
  1503 10055
  1504 10154
  1505 10014
  1506 10081
  1507 10081
  1508 10081
  1509 10081
  1510 10081
  1511 10081
  1512 10081
  1513 10081
  1514 10081
  1515 10081
  1516 10081
  1517 10081
  1518 10081
  1519 10157
  1520 10157
  1521 10081
  1522 10081
  1523 10081
  1524 10081
  1525 10075
  1526 10075
  1527 10075
  1528 10075
  1529 10075
  1530 10081
  1531 10081
  1532 10081
  1533 10081
  1534 10081
  1535 10081
  1536 10081
  1537 10081
  1538 10081
  1539 10081
  1540 10081
  1541 10081
  1542 10081
  1543 10081
  1544 10081
  1545 10081
  1546 10081
  1547 10081
  1548 10081
  1549 10081
  1550 10081
  1551 10081
  1552 10081
  1553 10081
  1554 10081
  1555 10081
  1556 10081
  1557 10081
  1558 10016
  1559 10081
  1560 10081
  1561 10081
  1562 10081
  1563 10081
  1564 10081
  1565 10081
  1566 10081
  1567 10153
  1568 10153
  1569 10153
  1570 10153
  1571 10081
  1572 10081
  1573 10081
  1574 10081
  1575 10081
  1576 10081
  1577 10081
  1578 10081
  1579 10153
  1580 10153
  1581 10153
  1582 10153
  1583 10153
  1584 10153
  1585 10153
  1586 10153
  1587 10153
  1588 10153
  1589 10153
  1590 10153
  1591 10153
  1592 10153
  1593 10081
  1594 10081
  1595 10081
  1596 10081
  1597 10081
  1598 10081
  1599 10153
  1600 10153
  1601 10081
  1602 10081
  1603 10153
  1604 10153
  1605 10153
  1606 10016
  1607 10153
  1608 10153
  1609 10153
  1610 10081
  1611 10081
  1612 10081
  1613 10153
  1614 10153
  1615 10153
  1616 10153
  1617 10153
  1618 10016
  1619 10153
  1620 10153
  1621 10153
  1622 10153
  1623 10153
  1624 10153
  1625 10153
  1626 10153
  1627 10153
  1628 10153
  1629 10153
  1630 10153
  1631 10153
  1632 10153
  1633 10081
  1634 10153
  1635 10153
  1636 10153
  1637 10153
  1638 10153
  1639 10167
  1640 10167
  1641 10167
  1642 10167
  1656 10081
  1657 10081
  1658 10153
  1659 10153
  1660 10153
  1661 10153
  1662 10081
  1663 10153
  1664 10153
  1665 10081
  1666 10153
  1667 10153
  1668 10153
  1669 10153
  1670 10153
  1671 10153
  1672 10157
  1673 10157
  1674 10153
  1675 10153
  1676 10153
  1677 10153
  1678 10153
  1679 10153
  1680 10153
  1681 10153
  1682 10153
  1683 10153
  1684 10153
  1685 10153
  1686 10153
  1687 10153
  1688 10153
  1689 10153
  1690 10153
  1691 10153
  1692 10153
  1693 10153
  1694 10153
  1695 10153
  1696 10153
  1697 10153
  1698 10153
  1699 10153
  1700 10153
  1701 10153
  1702 10153
  1703 10153
  1704 10153
  1705 10153
  1706 10153
  1707 10153
  1708 10153
  1709 10153
  1710 10153
  1711 10153
  1712 10153
  1713 10153
  1714 10153
  1715 10153
  1716 10153
  1717 10153
  1718 10153
  1719 10081
  1720 10081
  1721 10157
  1722 10157
  1723 10157
  1724 10157
  1725 10157
  1726 10157
  1727 10153
  1728 10153
  1729 10153
  1730 10153
  1731 10153
  1732 10153
  1733 10153
  1734 10153
  1735 10153
  1736 10153
  1737 10153
  1738 10153
  1739 10153
  1740 10153
  1741 10153
  1742 10153
  1743 10153
  1744 10153
  1745 10153
  1746 10153
  1747 10153
  1748 10153
  1749 10153
  1750 10153
  1751 10153
  1752 10153
  1753 10153
  1754 10153
  1755 10153
  1756 10153
  1757 10153
  1758 10153
  1759 10153
  1760 10153
  1761 10153
  1762 10153
  1763 10153
  1764 10153
  1765 10153
  1766 10153
  1767 10153
  1768 10153
  1769 10153
  1770 10153
  1771 10153
  1772 10153
  1773 10153
  1774 10153
  1775 10153
  1776 10153
  1777 10153
  1778 10153
  1779 10153
  1780 10153
  1781 10153
  1782 10153
  1783 10153
  1784 10153
  1785 10153
  1786 10153
  1787 10153
  1788 10153
  1789 10153
  1790 10153
  1791 10153
  1792 10153
  1793 10153
  1794 10153
  1795 10157
  1796 10081
  1797 10153
  1798 10153
  1799 10153
  1800 10153
  1801 10081
  1802 10157
  1803 10081
  1804 10081
  1805 10157
  1806 10153
  1807 10153
  1808 10153
  1809 10153
  1810 10153
  1811 10153
  1812 10153
  1813 10153
  1814 10153
  1815 10153
  1816 10153
  1817 10153
  1818 10153
  1819 10153
  1820 10153
  1821 10153
  1822 10153
  1823 10153
  1824 10153
  1825 10153
  1826 10153
  1827 10153
  1828 10081
  1829 10081
  1830 10153
  1831 10153
  1832 10153
  1833 10153
  1834 10153
  1835 10153
  1836 10153
  1837 10153
  1838 10153
  1839 10153
  1840 10153
  1841 10153
  1842 10153
  1843 10153
  1844 10153
  1845 10153
  1846 10153
  1847 10153
  1848 10153
  1849 10153
  1850 10153
  1851 10153
  1852 10153
  1853 10153
  1854 10153
  1855 10153
  1856 10153
  1857 10153
  1858 10153
  1859 10153
  1860 10153
  1861 10153
  1862 10153
  1863 10153
  1864 10153
  1865 10153
  1866 10153
  1867 10153
  1868 10153
  1869 10153
  1870 10153
  1871 10153
  1872 10153
  1873 10153
  1874 10153
  1875 10153
  1876 10153
  1877 10153
  1878 10153
  1879 10153
  1880 10153
  1881 10153
  1882 10153
  1883 10153
  1884 10153
  1885 10153
  1886 10153
  1887 10153
  1888 10153
  1889 10153
  1890 10153
  1891 10153
  1892 10153
  1893 10153
  1894 10153
  1895 10153
  1896 10153
  1897 10153
  1898 10153
  1899 10153
  1900 10153
  1901 10153
  1902 10153
  1903 10153
  1904 10153
  1905 10153
  1906 10153
  1907 10153
  1908 10153
  1909 10153
  1910 10153
  1911 10153
  1912 10153
  1913 10153
  1914 10153
  1915 10153
  1916 10153
  1917 10153
  1918 10153
  1919 10153
  1920 10153
  1921 10153
  1922 10153
  1923 10153
  1924 10153
  1925 10153
  1926 10153
  1927 10153
  1928 10153
  1929 10153
  1930 10153
  1931 10153
  1932 10153
  1933 10153
  1934 10153
  1935 10153
  1936 10153
  1937 10153
  1938 10153
  1939 10153
  1940 10153
  1941 10153
  1942 10153
  1943 10153
  1944 10153
  1945 10153
  1946 10153
  1947 10153
  1948 10153
  1949 10153
  1950 10153
  1951 10153
  1952 10153
  1953 10153
  1954 10153
  1955 10153
  1956 10153
  1957 10153
  1958 10153
  1959 10153
  1960 10153
  1961 10153
  1962 10153
  1963 10153
  1964 10153
  1965 10153
  1966 10153
  1967 10153
  1968 10153
  1969 10153
  1970 10153
  1971 10153
  1972 10153
  1973 10153
  1974 10153
  1975 10153
  1976 10153
  1977 10153
  1978 10153
  1979 10153
  1980 10153
  1981 10153
  1982 10153
  1983 10153
  1984 10153
  1985 10153
  1986 10153
  1987 10153
  1988 10153
  1989 10153
  1990 10153
  1991 10153
  1992 10153
  1993 10153
  1994 10153
  1995 10153
  1996 10153
  1997 10153
  1998 10153
  1999 10153
  2000 10153
  2001 10153
  2002 10153
  2003 10153
  2004 10153
  2005 10153
  2006 10153
  2007 10153
  2008 10153
  2009 10153
  2010 10153
  2011 10153
  2012 10153
  2013 10153
  2014 10153
  2015 10153
  2016 10153
  2017 10153
  2018 10153
  2019 10153
  2020 10153
  2021 10153
  2022 10153
  2023 10153
  2024 10153
  2025 10153
  2026 10153
  2027 10153
  2028 10153
  2029 10153
  2030 10153
  2031 10154
  2032 10153
  2033 10143
