   709 10101
   710 10101
   711 10101
   712 10101
   713 10101
   714 10101
   715 10101
   716 10101
   717 10101
   718 10101
   719 10101
   720 10101
   721 10101
   722 10101
   723 10101
   724 10101
   725 10101
   726 10101
   727 10101
   728 10101
   729 10101
   730 10101
   731 10101
   732 10101
   733 10101
   734 10101
   735 10101
   736 10101
   737 10101
   738 10101
   739 10101
   740 10101
   741 10101
   742 10101
   743 10101
   744 10101
   745 10101
   746 10101
   747 10101
   748 10101
   749 10101
   750 10101
   751 10101
   752 10101
   753 10101
   754 10101
   755 10101
   756 10101
   757 10101
   758 10101
   759 10101
   760 10101
   761 10101
   762 10101
   763 10101
   764 10101
   765 10101
   766 10101
   767 10101
   768 10101
   769 10101
   770 10101
   771 10101
   772 10101
   773 10101
   774 10101
   775 10101
   776 10065
   777 10065
   780 10014
   781 10154
   782 10143
   783 10143
   784 10006
   785 10006
   786 10006
   787 10006
   788 10006
   789 10006
   790 10006
   791 10006
   792 10006
   793 10006
   794 10006
   795 10006
   796 10006
   797 10006
   798 10006
   799 10006
   800 10006
   801 10006
   802 10006
   803 10006
   804 10006
   805 10006
   806 10006
   807 10006
   808 10006
   809 10144
   810 10144
   811 10144
   812 10144
   813 10144
   814 10144
   815 10144
   816 10144
   817 10144
   818 10144
   819 10144
   820 10144
   821 10144
   822 10144
   823 10006
   824 10006
   825 10144
   826 10144
   827 10144
   828 10144
   829 10144
   830 10144
   831 10144
   832 10144
   833 10144
   834 10144
   835 10144
   836 10144
   837 10144
   838 10144
   839 10144
   840 10144
   841 10144
   842 10144
   843 10144
   844 10144
   845 10144
   846 10144
   847 10144
   848 10144
   849 10144
   850 10144
   851 10144
   852 10144
   853 10144
   854 10144
   855 10144
   856 10144
   857 10144
   858 10144
   859 10144
   860 10144
   861 10144
   862 10144
   863 10144
   864 10144
   865 10144
   866 10144
   867 10144
   868 10144
   869 10144
   870 10144
   871 10144
   872 10144
   873 10144
   874 10144
   875 10144
   876 10144
   877 10144
   878 10144
   879 10144
   880 10144
   881 10144
   882 10144
   883 10144
   884 10144
   885 10144
   886 10144
   887 10144
   888 10144
   889 10144
   890 10144
   891 10144
   892 10144
   893 10144
   894 10144
   895 10144
   896 10144
   897 10144
   898 10144
   899 10144
   900 10144
   901 10144
   902 10144
   903 10144
   904 10144
   905 10144
   906 10144
   907 10144
   908 10144
   909 10144
   910 10144
   911 10144
   912 10144
   913 10144
   914 10144
   915 10144
   916 10144
   917 10144
   918 10144
   919 10144
   920 10144
   921 10144
   922 10144
   923 10144
   924 10144
   925 10144
   926 10144
   927 10144
   928 10144
   929 10144
   930 10144
   931 10144
   932 10144
   933 10144
   934 10144
   935 10144
   936 10015
   937 10015
   938 10015
   939 10117
   940 10117
   941 10117
   942 10117
   943 10117
   944 10117
   945 10117
   946 10117
   947 10117
   948 10117
   949 10117
   950 10117
   951 10117
   952 10117
   953 10117
   954 10117
   955 10117
   956 10147
   957 10117
   958 10117
   959 10006
   960 10006
   961 10006
   962 10006
   963 10006
   964 10006
   965 10006
   966 10006
   967 10006
   968 10006
   969 10006
   970 10006
   971 10006
   972 10006
   973 10006
   974 10006
   975 10006
   976 10006
   977 10006
   978 10006
   979 10006
   980 10006
   981 10006
   982 10006
   983 10006
   984 10006
   985 10006
   986 10006
   987 10006
   988 10006
   989 10006
   990 10006
   991 10006
   992 10006
   993 10006
   994 10006
   995 10006
   996 10006
   997 10006
   998 10006
   999 10006
  1000 10006
  1001 10006
  1002 10006
  1003 10006
  1004 10006
  1005 10015
  1006 10015
  1007 10006
  1008 10006
  1009 10006
  1010 10006
  1011 10006
  1012 10073
  1013 10073
  1014 10006
  1015 10006
  1016 10015
  1017 10120
  1018 10120
  1019 10118
  1020 10118
  1021 10118
  1022 10118
  1023 10118
  1024 10118
  1025 10118
  1026 10118
  1027 10118
  1028 10118
  1029 10118
  1030 10118
  1031 10118
  1032 10118
  1033 10118
  1034 10118
  1035 10118
  1036 10118
  1103 10118
  1104 10118
  1105 10118
  1106 10118
  1107 10118
  1108 10118
  1109 10118
  1110 10118
  1111 10118
  1112 10118
  1113 10118
  1114 10118
  1115 10118
  1116 10118
  1117 10118
  1118 10118
  1119 10118
  1120 10118
  1121 10118
  1122 10118
  1123 10118
  1124 10118
  1125 10118
  1126 10118
  1127 10118
  1128 10118
  1129 10118
  1130 10118
  1131 10118
  1132 10118
  1133 10118
  1134 10118
  1135 10118
  1136 10118
  1137 10118
  1138 10118
  1139 10118
  1140 10118
  1141 10118
  1142 10118
  1143 10118
  1144 10118
  1145 10118
  1146 10118
  1147 10118
  1148 10118
  1149 10118
  1150 10118
  1151 10118
  1152 10118
  1153 10118
  1154 10118
  1155 10118
  1156 10118
  1157 10118
  1158 10118
  1159 10118
  1160 10118
  1161 10118
  1162 10118
  1163 10118
  1164 10118
  1165 10118
  1166 10118
  1167 10118
  1168 10118
  1169 10118
  1170 10118
  1171 10118
  1172 10118
  1173 10118
  1174 10118
  1175 10118
  1176 10118
  1177 10118
  1178 10118
  1179 10118
  1180 10118
  1181 10118
  1182 10118
  1183 10118
  1184 10118
  1185 10118
  1186 10118
  1187 10118
  1188 10118
  1189 10118
  1190 10118
  1191 10118
  1192 10118
  1193 10118
  1194 10118
  1195 10118
  1196 10118
  1197 10118
  1198 10118
  1199 10118
  1200 10118
  1201 10118
  1202 10118
  1203 10118
  1204 10118
  1205 10118
  1206 10118
  1207 10118
  1208 10118
  1209 10118
  1210 10118
  1211 10118
  1212 10118
  1213 10118
  1214 10118
  1215 10118
  1216 10118
  1217 10118
  1218 10118
  1219 10118
  1220 10118
  1221 10118
  1222 10118
  1223 10118
  1224 10118
  1225 10118
  1226 10118
  1227 10118
  1228 10118
  1229 10118
  1230 10118
  1231 10118
  1232 10118
  1233 10118
  1234 10118
  1235 10118
  1236 10118
  1237 10118
  1238 10118
  1239 10118
  1240 10118
  1241 10118
  1242 10118
  1243 10118
  1244 10118
  1245 10118
  1246 10118
  1247 10118
  1248 10118
  1249 10118
  1250 10118
  1251 10118
  1252 10118
  1253 10118
  1254 10118
  1255 10118
  1256 10118
  1257 10118
  1258 10118
  1259 10118
  1260 10118
  1261 10118
  1262 10118
  1263 10118
  1264 10118
  1265 10118
  1266 10118
  1267 10118
  1270 10009
  1271 10076
  1272 10009
  1273 10009
  1274 10009
  1275 10009
  1276 10009
  1277 10009
  1278 10009
  1279 10009
  1280 10009
  1281 10009
  1282 10009
  1283 10009
  1284 10009
  1285 10009
  1286 10009
  1287 10009
  1288 10009
  1289 10009
  1290 10009
  1291 10009
  1292 10009
  1293 10009
  1294 10009
  1295 10009
  1296 10009
  1297 10009
  1298 10009
  1299 10009
  1300 10009
  1301 10009
  1302 10009
  1303 10009
  1304 10009
  1305 10009
  1306 10009
  1307 10009
  1308 10009
  1309 10009
  1310 10009
  1311 10009
  1312 10009
  1313 10009
  1314 10009
  1315 10009
  1316 10009
  1317 10009
  1318 10009
  1319 10009
  1320 10009
  1321 10009
  1322 10009
  1323 10009
  1324 10009
  1325 10009
  1326 10009
  1327 10009
  1328 10009
  1329 10009
  1330 10009
  1331 10009
  1332 10009
  1333 10009
  1334 10009
  1335 10009
  1336 10009
  1337 10009
  1338 10009
  1339 10009
  1340 10009
  1341 10009
  1342 10009
  1343 10009
  1344 10009
  1345 10009
  1346 10009
  1347 10009
  1348 10009
  1349 10009
  1350 10009
  1351 10009
  1352 10009
  1353 10009
  1354 10009
  1355 10009
  1356 10009
  1357 10009
  1358 10009
  1359 10009
  1360 10009
  1361 10009
  1362 10009
  1363 10009
  1364 10009
  1365 10009
  1366 10009
  1367 10009
  1368 10009
  1369 10009
  1370 10009
  1371 10009
  1372 10009
  1373 10009
  1374 10009
  1375 10009
  1376 10009
  1377 10009
  1378 10009
  1379 10009
  1380 10009
  1381 10009
  1382 10009
  1383 10009
  1384 10009
  1385 10009
  1386 10009
  1387 10009
  1388 10009
  1389 10009
  1390 10009
  1391 10009
  1392 10009
  1393 10009
  1394 10009
  1395 10009
  1396 10009
  1397 10009
  1398 10009
  1399 10009
  1400 10009
  1401 10009
  1402 10009
  1403 10009
  1404 10009
  1405 10009
  1406 10009
  1407 10009
  1408 10009
  1409 10009
  1410 10009
  1411 10009
  1412 10009
  1413 10009
  1414 10009
  1415 10009
  1416 10009
  1417 10009
  1418 10009
  1419 10009
  1420 10009
  1421 10009
  1422 10009
  1423 10009
  1424 10009
  1425 10009
  1426 10009
  1427 10009
  1428 10009
  1429 10009
  1430 10009
  1431 10009
  1432 10009
  1433 10009
  1434 10009
  1435 10009
  1436 10009
  1437 10009
  1438 10009
  1439 10009
  1440 10009
  1441 10009
  1442 10009
  1443 10009
  1444 10009
  1445 10009
  1446 10009
  1447 10009
  1448 10009
  1449 10009
  1450 10009
  1451 10009
  1452 10009
  1453 10009
  1454 10009
  1455 10009
  1456 10009
  1457 10009
  1458 10009
  1459 10009
  1460 10009
  1461 10009
  1462 10009
  1463 10009
  1464 10009
  1465 10009
  1466 10009
  1467 10009
  1468 10009
  1469 10009
  1470 10009
  1471 10009
  1472 10009
  1473 10009
  1474 10009
  1475 10009
  1476 10009
  1477 10009
  1478 10009
  1479 10009
  1480 10009
  1481 10009
  1482 10009
  1483 10009
  1484 10009
  1485 10009
  1486 10009
  1487 10009
  1489 10009
  1490 10009
  1491 10009
  1492 10009
  1493 10009
  1494 10009
  1495 10009
  1496 10009
  1497 10009
  1498 10009
  1499 10009
  1500 10076
  1501 10018
  1502 10018
  1503 10018
  1504 10018
  1505 10018
  1506 10018
  1507 10158
  1508 10140
  1509 10158
  1510 10140
  1511 10158
  1512 10158
  1513 10140
  1514 10158
  1515 10140
  1516 10158
  1517 10158
  1518 10140
  1519 10140
  1520 10140
  1521 10140
  1522 10140
  1523 10140
  1524 10140
  1525 10140
  1526 10140
  1527 10140
  1528 10140
  1529 10140
  1530 10140
  1531 10140
  1532 10140
  1533 10140
  1534 10140
  1535 10140
  1536 10140
  1537 10140
  1538 10140
  1539 10140
  1540 10140
  1541 10140
  1542 10140
  1543 10140
  1544 10140
  1545 10140
  1546 10055
  1547 10055
  1548 10055
  1549 10055
  1550 10055
  1551 10055
  1552 10040
  1553 10055
  1555 10040
  1556 10040
  1557 10040
  1558 10040
  1559 10040
  1560 10040
  1561 10040
  1565 10055
  1566 10055
  1567 10055
  1568 10055
  1572 10101
  1573 10101
  1575 10043
  1576 10043
  1577 10043
  1578 10043
  1579 10043
  1580 10071
  1581 10071
  1582 10071
  1583 10071
  1584 10071
  1585 10071
  1586 10071
  1587 10071
  1588 10071
  1589 10071
  1590 10071
  1591 10071
  1592 10071
  1593 10071
  1594 10071
  1595 10071
  1596 10071
  1597 10071
  1598 10071
  1599 10071
  1600 10071
  1601 10071
  1602 10071
  1603 10071
  1604 10071
  1605 10071
  1613 10149
  1614 10149
  1615 10071
  1616 10071
  1617 10071
  1618 10071
  1619 10071
  1620 10071
  1626 10149
  1627 10149
  1628 10071
  1629 10071
  1630 10071
  1631 10071
  1632 10071
  1633 10071
  1634 10071
  1635 10071
  1636 10071
  1637 10071
  1638 10071
  1639 10071
  1640 10071
  1641 10071
  1642 10071
  1643 10071
  1644 10071
  1645 10071
  1646 10071
  1647 10071
  1648 10071
  1649 10071
  1650 10071
  1651 10071
  1652 10071
  1653 10071
  1654 10071
  1655 10071
  1656 10071
  1657 10071
  1658 10071
  1659 10071
  1660 10071
  1661 10071
  1662 10071
  1663 10071
  1664 10071
  1665 10071
  1666 10071
  1667 10071
  1668 10071
  1669 10071
  1670 10071
  1671 10149
  1672 10149
  1673 10071
  1674 10071
  1675 10071
  1676 10071
  1677 10071
  1678 10071
  1679 10071
  1680 10071
  1681 10071
  1682 10071
  1683 10071
  1684 10071
  1685 10071
  1686 10071
  1687 10071
  1688 10071
  1689 10071
  1690 10071
  1691 10071
  1692 10071
  1693 10071
  1694 10071
  1695 10071
  1696 10071
  1697 10071
  1698 10071
  1699 10071
  1700 10071
  1701 10071
  1702 10071
  1703 10071
  1704 10071
  1705 10071
  1706 10071
  1707 10071
  1708 10071
  1709 10071
  1710 10071
  1711 10071
  1712 10071
  1713 10071
  1714 10071
  1715 10071
  1716 10071
  1717 10071
  1718 10071
  1719 10071
  1720 10071
  1721 10071
  1722 10071
  1723 10071
  1724 10071
  1725 10071
  1726 10071
  1727 10071
  1728 10071
  1729 10071
  1730 10071
  1731 10071
  1732 10071
  1733 10094
  1734 10094
  1735 10094
  1738 10089
  1739 10089
  1740 10089
  1741 10089
  1742 10089
  1743 10110
  1744 10110
  1745 10110
  1746 10110
  1747 10110
  1748 10110
  1749 10110
  1750 10110
  1751 10110
  1752 10133
  1753 10133
  1754 10133
  1755 10089
  1756 10089
  1757 10089
  1758 10089
  1759 10089
  1760 10089
  1761 10089
  1762 10089
  1763 10089
  1764 10089
  1765 10089
  1766 10089
  1767 10089
  1768 10089
  1769 10089
  1770 10089
  1771 10089
  1772 10089
  1773 10089
  1774 10089
  1775 10089
  1776 10089
  1777 10089
  1778 10089
  1779 10089
  1780 10089
  1781 10089
  1782 10089
  1783 10089
  1784 10089
  1785 10089
  1786 10089
  1787 10089
  1788 10089
  1789 10089
  1790 10089
  1791 10089
  1792 10089
  1793 10089
  1794 10089
  1795 10089
  1796 10089
  1797 10089
  1798 10089
  1799 10089
  1800 10089
  1801 10089
  1802 10089
  1803 10089
  1804 10089
  1805 10089
  1806 10089
  1807 10089
  1808 10089
  1809 10089
  1810 10089
  1811 10089
  1812 10089
  1813 10089
  1814 10089
  1815 10089
  1816 10089
  1817 10089
  1818 10089
  1819 10089
  1820 10089
  1821 10089
  1822 10089
  1823 10089
  1824 10089
  1825 10089
  1826 10089
  1827 10089
  1828 10089
  1829 10089
  1830 10089
  1831 10089
  1832 10089
  1833 10089
  1834 10089
  1835 10089
  1836 10089
  1837 10089
  1838 10089
  1839 10089
  1840 10089
  1841 10089
  1842 10089
  1843 10089
  1844 10089
  1845 10089
  1846 10089
  1847 10089
  1848 10089
  1849 10089
  1850 10089
  1851 10089
  1852 10089
  1853 10089
  1854 10089
  1855 10089
  1856 10089
  1857 10089
  1858 10089
  1859 10089
  1860 10089
  1861 10089
  1862 10074
  1863 10074
  1864 10074
  1865 10074
  1866 10074
  1867 10074
  1868 10074
  1869 10074
  1870 10074
  1871 10074
  1872 10074
  1873 10074
  1874 10074
  1875 10074
  1876 10074
  1877 10074
  1878 10074
  1879 10074
  1880 10074
  1881 10074
  1882 10074
  1883 10074
  1884 10074
  1885 10074
  1886 10074
  1887 10074
  1888 10074
  1889 10074
  1890 10074
  1891 10074
  1892 10074
  1893 10074
  1894 10074
  1895 10074
  1896 10074
  1897 10074
  1898 10074
  1899 10074
  1900 10074
  1901 10074
  1902 10074
  1903 10074
  1904 10074
  1905 10074
  1906 10074
  1907 10074
  1908 10074
  1909 10074
  1910 10074
  1911 10074
  1912 10074
  1913 10074
  1914 10074
  1915 10074
  1916 10074
  1917 10074
  1918 10074
  1919 10074
  1920 10074
  1921 10074
  1922 10074
  1923 10074
  1924 10074
  1925 10074
  1926 10074
  1927 10074
  1928 10074
  1929 10074
  1930 10074
  1931 10074
  1932 10074
  1933 10074
  1934 10074
  1935 10074
  1936 10074
  1937 10074
  1938 10074
  1939 10074
  1940 10074
  1941 10074
  1942 10074
  1943 10074
  1944 10074
  1945 10074
  1946 10074
  1947 10074
  1948 10074
  1949 10074
  1950 10074
  1951 10074
  1952 10074
  1953 10074
  1954 10074
  1955 10074
  1956 10074
  1957 10074
  1958 10074
  1959 10074
  1960 10074
  1961 10074
  1962 10074
  1963 10074
  1964 10074
  1965 10074
  1966 10074
  1967 10074
  1968 10074
  1969 10074
  1970 10074
  1971 10074
  1972 10074
  1973 10074
  1974 10074
  1975 10074
  1976 10074
  1977 10074
  1978 10074
  1979 10074
  1980 10074
  1981 10074
  1982 10074
  1983 10074
  1984 10074
  1985 10074
  1986 10074
  1987 10074
  1988 10074
  1989 10074
  1990 10074
  1991 10074
  1992 10074
  1993 10074
  1994 10074
  1995 10074
  1996 10074
  1997 10074
  1998 10074
  1999 10074
  2000 10074
  2001 10074
  2002 10074
  2003 10074
  2004 10074
  2005 10074
  2006 10074
  2007 10074
  2008 10074
  2009 10074
  2010 10074
  2011 10074
  2012 10074
  2013 10074
  2014 10074
  2015 10074
  2016 10074
  2017 10074
  2018 10074
  2019 10074
  2020 10074
  2021 10074
  2022 10074
  2023 10074
  2024 10074
  2025 10095
  2026 10074
  2027 10036
  2028 10036
  2029 10141
  2030 10141
  2031 10101
  2032 10141
  2033 10141
