   922 10013
   923 10013
   924 10029
   925 10013
   926 10013
   964 10055
   965 10055
   966 10151
   967 10055
   968 10055
  1099 10145
  1100 10145
  1101 10145
  1102 10145
  1103 10145
  1104 10145
  1105 10145
  1106 10145
  1107 10145
  1108 10145
  1109 10145
  1110 10145
  1111 10145
  1112 10145
  1113 10145
  1114 10145
  1115 10145
  1116 10145
  1117 10145
  1118 10145
  1119 10145
  1120 10145
  1121 10145
  1122 10145
  1123 10145
  1124 10145
  1125 10145
  1126 10145
  1127 10145
  1128 10145
  1129 10145
  1130 10145
  1131 10145
  1132 10145
  1133 10145
  1134 10145
  1135 10145
  1136 10145
  1137 10145
  1138 10145
  1139 10145
  1140 10145
  1141 10145
  1142 10145
  1143 10145
  1144 10145
  1145 10145
  1146 10145
  1147 10145
  1148 10145
  1149 10145
  1150 10145
  1151 10145
  1152 10145
  1153 10145
  1154 10145
  1155 10145
  1156 10145
  1157 10145
  1158 10145
  1159 10145
  1160 10145
  1161 10145
  1162 10145
  1163 10145
  1164 10145
  1165 10145
  1166 10145
  1167 10145
  1168 10145
  1169 10145
  1170 10145
  1171 10145
  1172 10145
  1173 10145
  1174 10145
  1175 10145
  1176 10145
  1177 10145
  1178 10145
  1179 10145
  1180 10145
  1181 10145
  1182 10145
  1183 10145
  1184 10145
  1185 10145
  1186 10145
  1187 10145
  1188 10145
  1189 10145
  1190 10145
  1191 10145
  1192 10145
  1193 10145
  1194 10145
  1195 10145
  1196 10145
  1197 10145
  1198 10145
  1199 10145
  1200 10145
  1201 10145
  1202 10145
  1203 10145
  1204 10145
  1205 10145
  1206 10145
  1207 10145
  1208 10145
  1209 10145
  1210 10145
  1211 10145
  1212 10145
  1213 10145
  1214 10145
  1215 10145
  1216 10145
  1217 10145
  1218 10145
  1219 10145
  1220 10145
  1221 10145
  1222 10145
  1223 10145
  1224 10145
  1225 10145
  1226 10145
  1227 10145
  1228 10145
  1229 10145
  1230 10145
  1231 10145
  1232 10145
  1233 10145
  1234 10145
  1235 10145
  1236 10145
  1237 10145
  1238 10145
  1239 10145
  1240 10145
  1241 10145
  1242 10145
  1243 10145
  1244 10145
  1245 10145
  1246 10145
  1247 10145
  1248 10145
  1249 10145
  1250 10145
  1251 10145
  1252 10145
  1253 10145
  1254 10145
  1255 10145
  1256 10145
  1257 10145
  1258 10036
  1259 10016
  1260 10016
  1261 10154
  1262 10016
  1263 10081
  1264 10081
  1265 10081
  1266 10081
  1267 10081
  1268 10081
  1269 10081
  1270 10081
  1271 10081
  1272 10081
  1273 10081
  1274 10081
  1275 10081
  1276 10081
  1277 10081
  1278 10081
  1279 10081
  1280 10081
  1281 10081
  1282 10081
  1283 10081
  1284 10081
  1285 10081
  1286 10081
  1287 10081
  1288 10081
  1289 10081
  1290 10081
  1291 10081
  1292 10081
  1293 10081
  1294 10081
  1295 10081
  1296 10081
  1297 10081
  1298 10081
  1299 10081
  1300 10081
  1301 10081
  1302 10081
  1303 10081
  1304 10081
  1305 10081
  1306 10081
  1307 10081
  1308 10081
  1309 10081
  1310 10081
  1311 10081
  1312 10081
  1313 10081
  1314 10081
  1315 10081
  1316 10081
  1317 10081
  1318 10081
  1319 10081
  1320 10081
  1321 10081
  1322 10081
  1323 10081
  1324 10081
  1325 10081
  1326 10081
  1327 10081
  1328 10081
  1329 10081
  1330 10081
  1331 10081
  1332 10081
  1333 10081
  1334 10081
  1335 10081
  1336 10081
  1337 10081
  1342 10081
  1343 10081
  1344 10081
  1345 10081
  1346 10081
  1347 10081
  1348 10081
  1349 10081
  1350 10081
  1351 10081
  1352 10081
  1353 10081
  1354 10081
  1355 10081
  1356 10081
  1357 10081
  1358 10081
  1359 10081
  1360 10081
  1361 10081
  1362 10081
  1363 10081
  1364 10081
  1365 10081
  1366 10081
  1367 10081
  1368 10081
  1369 10081
  1370 10081
  1371 10081
  1372 10081
  1373 10081
  1374 10081
  1375 10081
  1376 10081
  1377 10081
  1378 10081
  1379 10081
  1380 10081
  1381 10081
  1382 10081
  1383 10081
  1384 10081
  1385 10081
  1386 10081
  1387 10081
  1388 10081
  1389 10081
  1390 10081
  1391 10081
  1392 10081
  1393 10081
  1394 10081
  1395 10081
  1396 10081
  1397 10081
  1398 10081
  1399 10081
  1400 10081
  1401 10081
  1402 10081
  1403 10081
  1404 10081
  1405 10081
  1406 10081
  1407 10081
  1408 10081
  1409 10081
  1410 10081
  1411 10081
  1412 10081
  1413 10081
  1414 10081
  1415 10081
  1416 10081
  1417 10081
  1418 10081
  1419 10081
  1420 10081
  1421 10081
  1422 10081
  1423 10081
  1424 10081
  1425 10081
  1426 10081
  1427 10081
  1428 10081
  1429 10081
  1430 10081
  1431 10081
  1432 10081
  1433 10081
  1434 10081
  1435 10081
  1436 10081
  1437 10081
  1438 10081
  1439 10081
  1440 10081
  1441 10081
  1442 10081
  1443 10081
  1444 10081
  1445 10081
  1446 10081
  1447 10081
  1448 10081
  1449 10081
  1450 10081
  1451 10081
  1452 10081
  1453 10081
  1454 10081
  1455 10081
  1456 10081
  1457 10081
  1458 10081
  1459 10081
  1460 10081
  1461 10081
  1462 10081
  1463 10081
  1464 10081
  1465 10081
  1466 10081
  1467 10081
  1468 10081
  1469 10081
  1470 10081
  1471 10081
  1472 10081
  1473 10081
  1474 10081
  1475 10081
  1476 10081
  1477 10081
  1478 10081
  1479 10081
  1480 10081
  1481 10081
  1482 10081
  1483 10081
  1484 10081
  1485 10081
  1486 10081
  1487 10081
  1488 10081
  1489 10081
  1490 10081
  1491 10081
  1492 10081
  1493 10081
  1494 10081
  1495 10081
  1496 10081
  1497 10081
  1498 10130
  1499 10055
  1500 10076
  1501 10018
  1502 10018
  1503 10018
  1504 10018
  1505 10018
  1506 10018
  1507 10018
  1508 10018
  1509 10018
  1510 10055
  1511 10158
  1512 10140
  1513 10140
  1514 10158
  1515 10023
  1516 10023
  1517 10023
  1518 10140
  1519 10140
  1520 10140
  1521 10055
  1522 10055
  1523 10055
  1524 10055
  1525 10055
  1526 10055
  1527 10055
  1528 10055
  1529 10055
  1530 10055
  1531 10055
  1532 10055
  1533 10055
  1534 10055
  1535 10055
  1536 10018
  1537 10018
  1538 10018
  1539 10018
  1540 10055
  1541 10055
  1542 10140
  1543 10140
  1544 10140
  1545 10140
  1546 10055
  1547 10055
  1548 10140
  1549 10140
  1550 10140
  1551 10140
  1552 10140
  1553 10055
  1554 10055
  1555 10055
  1556 10055
  1557 10055
  1558 10055
  1559 10055
  1560 10055
  1561 10055
  1562 10055
  1563 10055
  1564 10055
  1565 10076
  1569 10154
  1570 10016
  1571 10016
  1572 10143
  1573 10016
  1574 10143
  1575 10016
  1576 10016
  1577 10154
  1578 10154
  1582 10134
  1583 10101
  1584 10101
  1585 10101
  1586 10101
  1587 10101
  1588 10101
  1589 10101
  1590 10101
  1591 10101
  1592 10101
  1593 10101
  1594 10101
  1595 10050
  1596 10101
  1597 10101
  1598 10101
  1599 10101
  1600 10101
  1601 10101
  1602 10101
  1603 10101
  1613 10143
  1615 10130
  1616 10154
  1617 10130
  1618 10122
  1619 10103
  1620 10103
  1621 10103
  1622 10122
  1623 10122
  1624 10122
  1625 10122
  1626 10122
  1627 10122
  1628 10122
  1629 10122
  1630 10122
  1631 10122
  1632 10122
  1633 10122
  1634 10122
  1635 10122
  1636 10122
  1637 10122
  1638 10122
  1639 10122
  1640 10122
  1641 10122
  1642 10122
  1643 10122
  1644 10122
  1645 10122
  1646 10122
  1647 10122
  1648 10122
  1649 10122
  1650 10122
  1651 10122
  1652 10122
  1653 10122
  1654 10122
  1655 10122
  1656 10122
  1657 10122
  1658 10122
  1659 10122
  1660 10122
  1661 10122
  1662 10122
  1663 10122
  1664 10122
  1665 10122
  1666 10122
  1667 10122
  1668 10122
  1669 10122
  1670 10122
  1671 10122
  1672 10122
  1673 10122
  1674 10122
  1675 10122
  1676 10122
  1677 10122
  1678 10122
  1679 10122
  1680 10122
  1681 10122
  1682 10122
  1683 10122
  1684 10122
  1685 10122
  1686 10122
  1687 10122
  1688 10122
  1689 10122
  1690 10122
  1691 10122
  1692 10122
  1693 10122
  1694 10122
  1695 10122
  1696 10122
  1697 10122
  1698 10122
  1699 10122
  1700 10122
  1701 10122
  1702 10122
  1703 10122
  1704 10122
  1705 10122
  1706 10122
  1707 10122
  1708 10122
  1709 10122
  1710 10122
  1711 10122
  1712 10122
  1713 10122
  1714 10122
  1715 10122
  1716 10122
  1717 10122
  1718 10122
  1719 10122
  1720 10122
  1721 10122
  1722 10122
  1723 10122
  1724 10122
  1725 10122
  1726 10122
  1727 10122
  1728 10122
  1729 10122
  1730 10122
  1731 10122
  1732 10122
  1733 10122
  1734 10122
  1735 10122
  1736 10122
  1737 10122
  1738 10122
  1739 10122
  1740 10122
  1741 10122
  1742 10122
  1743 10122
  1744 10122
  1745 10122
  1746 10122
  1747 10122
  1748 10122
  1749 10122
  1750 10122
  1751 10122
  1752 10122
  1753 10122
  1754 10122
  1755 10122
  1756 10122
  1757 10122
  1758 10122
  1759 10122
  1760 10122
  1761 10122
  1762 10122
  1763 10122
  1764 10122
  1765 10122
  1766 10122
  1767 10122
  1768 10122
  1769 10122
  1770 10122
  1771 10122
  1772 10122
  1773 10122
  1774 10122
  1775 10122
  1776 10122
  1777 10122
  1778 10122
  1779 10122
  1780 10122
  1781 10122
  1782 10122
  1783 10122
  1784 10122
  1785 10122
  1786 10122
  1787 10122
  1788 10122
  1789 10122
  1790 10122
  1791 10122
  1792 10122
  1793 10122
  1794 10122
  1795 10122
  1796 10122
  1797 10122
  1798 10122
  1799 10122
  1800 10122
  1801 10122
  1802 10122
  1803 10122
  1804 10122
  1805 10122
  1806 10122
  1807 10122
  1808 10122
  1809 10122
  1810 10122
  1811 10122
  1812 10122
  1813 10122
  1814 10122
  1815 10122
  1816 10122
  1817 10122
  1818 10122
  1819 10122
  1820 10122
  1821 10122
  1822 10122
  1823 10122
  1824 10122
  1825 10122
  1826 10122
  1827 10122
  1828 10122
  1829 10122
  1830 10122
  1831 10122
  1832 10122
  1833 10122
  1834 10122
  1835 10122
  1836 10122
  1837 10122
  1838 10122
  1839 10122
  1840 10122
  1841 10122
  1842 10122
  1843 10122
  1844 10122
  1845 10122
  1846 10122
  1847 10122
  1848 10122
  1849 10122
  1850 10122
  1851 10122
  1852 10122
  1853 10122
  1854 10122
  1855 10122
  1856 10122
  1857 10122
  1858 10122
  1864 10067
  1865 10067
  1866 10067
  1867 10067
  1868 10067
  1869 10067
  1870 10067
  1871 10067
  1872 10067
  1873 10067
  1874 10067
  1875 10067
  1876 10067
  1877 10067
  1878 10067
  1879 10067
  1880 10067
  1881 10067
  1882 10067
  1883 10067
  1884 10067
  1885 10067
  1886 10067
  1887 10067
  1888 10067
  1889 10067
  1890 10067
  1891 10067
  1892 10067
  1893 10067
  1894 10067
  1895 10067
  1896 10067
  1897 10067
  1898 10067
  1899 10067
  1900 10067
  1901 10067
  1902 10067
  1903 10067
  1904 10067
  1905 10067
  1906 10067
  1907 10067
  1908 10067
  1909 10067
  1910 10067
  1911 10067
  1912 10067
  1913 10067
  1914 10067
  1915 10067
  1916 10067
  1917 10067
  1918 10067
  1919 10067
  1920 10067
  1921 10067
  1922 10067
  1923 10067
  1924 10067
  1925 10067
  1926 10067
  1927 10067
  1928 10067
  1929 10067
  1930 10067
  1931 10067
  1932 10067
  1933 10067
  1934 10067
  1935 10067
  1936 10067
  1937 10067
  1938 10067
  1939 10067
  1940 10067
  1941 10067
  1942 10067
  1943 10067
  1944 10067
  1945 10067
  1946 10067
  1947 10067
  1948 10067
  1949 10067
  1950 10067
  1951 10067
  1952 10067
  1953 10067
  1954 10067
  1955 10067
  1956 10067
  1957 10067
  1958 10067
  1959 10067
  1960 10067
  1961 10067
  1962 10067
  1963 10067
  1964 10067
  1965 10067
  1966 10067
  1967 10067
  1968 10067
  1969 10067
  1970 10067
  1971 10067
  1972 10067
  1973 10067
  1974 10067
  1975 10067
  1976 10067
  1977 10067
  1978 10067
  1979 10067
  1980 10067
  1981 10067
  1982 10067
  1983 10067
  1984 10067
  1985 10067
  1986 10067
  1987 10067
  1988 10067
  1989 10067
  1990 10067
  1991 10067
  1992 10067
  1993 10067
  1994 10067
  1995 10067
  1996 10067
  1997 10067
  1998 10067
  1999 10067
  2000 10067
  2001 10067
  2002 10067
  2003 10067
  2004 10067
  2005 10067
  2006 10067
  2007 10067
  2008 10067
  2009 10067
  2010 10067
  2011 10067
  2012 10067
  2013 10067
  2014 10067
  2015 10067
  2016 10067
  2017 10067
  2018 10067
  2019 10067
  2020 10067
  2021 10067
  2022 10061
  2023 10061
  2024 10101
  2025 10101
  2026 10101
  2027 10101
  2028 10134
  2029 10076
  2030 10076
  2031 10076
  2032 10076
  2033 10076
  2034 10076
  2035 10076
  2036 10076
  2037 10076
  2038 10076
  2039 10076
  2040 10076
  2041 10076
