   772 10167
   773 10167
   774 10081
   775 10081
   776 10081
   777 10081
  1387 10101
  1388 10101
  1389 10020
  1390 10020
  1391 10020
  1392 10101
  1393 10101
  1394 10101
  1395 10101
  1396 10101
  1397 10101
  1398 10101
  1399 10101
  1400 10101
  1401 10101
  1402 10101
  1403 10101
  1404 10101
  1405 10101
  1406 10101
  1407 10101
  1408 10101
  1409 10020
  1410 10101
  1411 10101
  1412 10101
  1413 10101
  1414 10020
  1415 10020
  1416 10101
  1417 10020
  1418 10101
  1419 10101
  1420 10101
  1421 10101
  1422 10101
  1423 10020
  1424 10020
  1425 10020
  1426 10020
  1427 10020
  1428 10020
  1429 10020
  1430 10020
  1431 10101
  1432 10101
  1433 10020
  1434 10020
  1435 10101
  1436 10101
  1437 10101
  1438 10101
  1439 10020
  1440 10101
  1441 10101
  1442 10101
  1443 10101
  1444 10020
  1445 10020
  1446 10101
  1447 10020
  1448 10020
  1449 10020
  1450 10101
  1451 10101
  1452 10020
  1453 10020
  1454 10020
  1455 10020
  1456 10020
  1457 10020
  1458 10101
  1459 10020
  1460 10020
  1461 10020
  1462 10020
  1463 10020
  1464 10101
  1465 10101
  1466 10101
  1467 10101
  1468 10101
  1469 10020
  1470 10020
  1471 10101
  1472 10020
  1473 10020
  1474 10101
  1475 10101
  1476 10101
  1477 10020
  1478 10020
  1479 10020
  1480 10020
  1481 10101
  1482 10101
  1483 10020
  1484 10101
  1485 10101
  1486 10020
  1487 10101
  1488 10020
  1489 10020
  1490 10020
  1491 10101
  1492 10101
  1493 10020
  1494 10020
  1495 10101
  1496 10101
  1497 10020
  1498 10101
  1499 10101
  1500 10101
  1501 10101
  1502 10020
  1503 10020
  1504 10020
  1505 10101
  1506 10101
  1507 10101
  1508 10101
  1509 10020
  1510 10020
  1511 10020
  1512 10101
  1513 10020
  1514 10101
  1515 10020
  1516 10020
  1517 10020
  1518 10101
  1521 10020
  1522 10020
  1523 10020
  1524 10020
  1525 10020
  1526 10020
  1527 10101
  1528 10101
  1529 10101
  1530 10101
  1531 10020
  1532 10020
  1533 10020
  1534 10101
  1535 10020
  1536 10020
  1537 10020
  1538 10020
  1539 10101
  1540 10020
  1541 10020
  1542 10020
  1543 10020
  1544 10101
  1545 10020
  1546 10020
  1547 10020
  1548 10101
  1549 10020
  1550 10020
  1551 10020
  1552 10020
  1553 10020
  1554 10020
  1555 10020
  1556 10020
  1557 10020
  1558 10020
  1559 10101
  1560 10020
  1561 10101
  1562 10101
  1563 10020
  1564 10101
  1565 10020
  1566 10020
  1567 10020
  1568 10020
  1569 10020
  1570 10020
  1571 10020
  1572 10020
  1573 10020
  1574 10020
  1575 10020
  1576 10020
  1577 10020
  1578 10020
  1579 10020
  1580 10020
  1581 10020
  1582 10020
  1583 10020
  1584 10020
  1585 10020
  1586 10020
  1587 10020
  1588 10020
  1589 10020
  1590 10020
  1591 10020
  1592 10020
  1593 10020
  1594 10020
  1595 10020
  1596 10020
  1597 10020
  1598 10020
  1599 10020
  1600 10020
  1601 10020
  1602 10020
  1603 10020
  1604 10020
  1605 10101
  1606 10020
  1607 10020
  1608 10020
  1609 10020
  1610 10020
  1611 10020
  1612 10020
  1613 10020
  1614 10101
  1615 10101
  1616 10101
  1617 10101
  1626 10104
  1627 10104
  1628 10104
  1629 10104
  1630 10104
  1631 10104
  1632 10104
  1633 10104
  1634 10104
  1635 10104
  1636 10104
  1637 10104
  1638 10104
  1639 10104
  1640 10104
  1641 10104
  1642 10104
  1643 10104
  1644 10104
  1645 10104
  1646 10104
  1647 10104
  1648 10104
  1649 10104
  1650 10104
  1651 10104
  1652 10104
  1653 10125
  1654 10125
  1655 10104
  1656 10104
  1657 10104
  1658 10104
  1659 10104
  1660 10104
  1661 10104
  1662 10104
  1663 10104
  1664 10104
  1665 10104
  1666 10104
  1667 10104
  1668 10125
  1669 10104
  1670 10104
  1671 10104
  1672 10104
  1673 10104
  1674 10104
  1675 10104
  1676 10104
  1677 10104
  1678 10104
  1679 10104
  1680 10104
  1681 10104
  1682 10125
  1683 10104
  1684 10104
  1685 10104
  1686 10104
  1687 10104
  1688 10104
  1689 10104
  1690 10104
  1691 10104
  1692 10104
  1693 10104
  1694 10104
  1695 10104
  1696 10104
  1697 10104
  1698 10104
  1699 10104
  1700 10104
  1701 10125
  1702 10125
  1703 10104
  1704 10125
  1705 10125
  1706 10125
  1707 10125
  1708 10125
  1709 10125
  1710 10125
  1711 10125
  1712 10104
  1713 10104
  1714 10104
  1715 10104
  1716 10104
  1717 10104
  1718 10104
  1719 10104
  1720 10104
  1721 10125
  1722 10125
  1723 10104
  1724 10104
  1725 10104
  1726 10104
  1727 10104
  1728 10104
  1729 10104
  1730 10104
  1731 10104
  1732 10104
  1733 10104
  1734 10104
  1735 10104
  1736 10104
  1737 10125
  1738 10125
  1739 10104
  1740 10104
  1741 10104
  1742 10104
  1743 10104
  1744 10104
  1745 10104
  1746 10104
  1747 10104
  1748 10104
  1749 10104
  1752 10071
  1753 10071
  1754 10071
  1755 10071
  1756 10071
  1757 10071
  1758 10071
  1759 10071
  1760 10071
  1761 10071
  1762 10071
  1763 10071
  1764 10149
  1765 10149
  1766 10071
  1767 10149
  1768 10071
  1769 10071
  1770 10071
  1771 10071
  1772 10071
  1773 10071
  1774 10071
  1775 10071
  1776 10071
  1777 10071
  1778 10071
  1779 10071
  1780 10149
  1781 10149
  1782 10071
  1783 10071
  1784 10071
  1785 10071
  1786 10071
  1787 10071
  1788 10071
  1789 10071
  1790 10071
  1791 10071
  1792 10071
  1793 10071
  1794 10149
  1795 10071
  1796 10071
  1797 10071
  1798 10071
  1799 10071
  1800 10071
  1801 10149
  1802 10071
  1803 10071
  1804 10071
  1805 10071
  1806 10071
  1807 10071
  1808 10071
  1809 10071
  1810 10027
  1812 10104
  1813 10104
  1814 10104
  1815 10104
  1816 10104
  1817 10104
  1818 10104
  1819 10104
  1820 10104
  1821 10125
  1822 10125
  1823 10125
  1824 10104
  1825 10104
  1826 10104
  1827 10125
  1828 10125
  1829 10125
  1830 10104
  1831 10104
  1832 10104
  1833 10104
  1834 10104
  1835 10104
  1836 10104
  1837 10104
  1838 10104
  1839 10104
  1840 10104
  1841 10104
  1842 10104
  1843 10104
  1844 10104
  1845 10104
  1846 10104
  1847 10104
  1848 10104
  1849 10104
  1850 10104
  1851 10104
  1852 10104
  1853 10104
  1854 10104
  1855 10104
  1856 10125
  1857 10125
  1858 10104
  1859 10104
  1860 10104
  1861 10104
  1873 10002
  1874 10002
  1875 10002
  1876 10002
  1877 10002
  1878 10002
  1879 10002
  1880 10002
  1881 10002
  1882 10002
  1883 10002
  1884 10002
  1885 10002
  1886 10002
  1887 10002
  1888 10047
  1889 10047
  1890 10047
  1891 10047
  1892 10047
  1893 10047
  1894 10047
  1895 10047
  1898 10047
  1899 10047
  1900 10047
  1901 10047
  1902 10047
  1903 10047
  1904 10047
  1905 10047
  1906 10047
  1907 10047
  1908 10047
  1909 10047
  1910 10047
  1911 10047
  1912 10047
  1913 10047
  1914 10047
  1915 10047
  1916 10047
  1917 10047
  1918 10047
  1919 10047
  1920 10047
  1921 10047
  1922 10047
  1923 10047
  1924 10047
  1925 10047
  1926 10047
  1927 10047
  1928 10047
  1929 10047
  1930 10047
  1931 10047
  1932 10047
  1933 10047
  1934 10047
  1935 10047
  1936 10047
  1937 10047
  1938 10047
  1939 10079
  1940 10079
  1941 10079
  1942 10047
  1943 10047
  1944 10047
  1945 10047
  1946 10047
  1947 10047
  1948 10047
  1949 10047
  1950 10047
  1951 10047
  1952 10047
  1953 10047
  1954 10047
  1955 10047
  1956 10047
  1957 10047
  1958 10047
  1959 10047
  1960 10047
  1961 10047
  1962 10047
  1963 10047
  1964 10047
  1965 10047
  1966 10047
  1967 10047
  1968 10047
  1969 10047
  1970 10047
  1971 10047
  1972 10047
  1973 10047
  1974 10047
  1975 10047
  1976 10047
  1977 10047
  1978 10047
  1979 10047
  1980 10047
  1981 10047
  1982 10047
  1983 10047
  1984 10047
  1985 10047
  1986 10047
  1987 10047
  1988 10047
  1989 10047
  1990 10047
  1991 10047
  1992 10047
  1993 10047
  1994 10047
  1995 10047
  1996 10047
  1997 10047
  1998 10047
  1999 10047
  2000 10047
  2001 10047
  2002 10047
  2003 10047
  2004 10047
  2005 10047
  2006 10047
  2007 10047
  2008 10047
  2009 10047
  2010 10047
  2011 10047
  2012 10047
  2013 10047
  2014 10047
  2015 10047
  2016 10047
  2017 10047
  2018 10047
  2019 10047
  2020 10047
  2021 10047
  2022 10047
  2023 10047
  2024 10047
  2025 10047
  2026 10047
  2027 10047
  2028 10047
  2029 10047
  2030 10047
  2031 10047
  2032 10047
  2033 10047
  2034 10047
  2035 10047
  2036 10047
  2037 10047
  2038 10047
  2039 10047
  2040 10047
  2041 10047
  2042 10047
  2043 10047
  2044 10047
  2045 10047
  2046 10047
  2047 10047
  2048 10047
  2049 10047
  2050 10047
  2051 10047
  2052 10047
  2053 10047
  2054 10047
  2055 10047
  2056 10047
  2057 10047
  2058 10047
  2059 10002
  2060 10002
  2061 10047
  2062 10047
  2063 10047
  2064 10047
  2065 10047
  2066 10047
  2067 10047
  2068 10047
  2069 10047
  2070 10047
  2071 10047
  2072 10047
  2073 10047
  2074 10047
  2075 10047
  2076 10047
  2077 10047
  2078 10079
  2079 10057
  2080 10057
  2081 10057
  2082 10057
  2083 10057
  2084 10047
  2085 10047
  2086 10047
  2087 10047
  2088 10047
  2089 10047
  2090 10047
  2091 10047
  2092 10047
  2093 10047
  2094 10047
  2095 10047
  2096 10047
  2097 10047
  2098 10047
  2099 10047
  2100 10047
  2101 10047
  2102 10047
  2103 10047
  2104 10047
  2105 10047
  2106 10047
  2107 10047
  2108 10047
  2109 10047
  2110 10047
  2111 10047
  2112 10047
  2113 10047
  2114 10047
  2115 10047
  2116 10047
  2117 10047
  2118 10047
  2119 10047
  2120 10047
  2121 10047
  2122 10047
  2123 10057
