   706 10123
   707 10123
   708 10062
   709 10062
   710 10062
   711 10062
   712 10062
   713 10062
   714 10062
   715 10062
   716 10062
   717 10062
   718 10062
   719 10062
   720 10062
   721 10062
   722 10062
   723 10062
   724 10062
   725 10062
   726 10062
   727 10062
   728 10062
   729 10062
   730 10062
   731 10062
   732 10062
   733 10062
   734 10062
   735 10062
   736 10062
   737 10062
   738 10062
   739 10062
   740 10062
   741 10062
   742 10062
   743 10062
   744 10062
   745 10062
   746 10062
   747 10062
   748 10062
   749 10062
   750 10062
   751 10062
   752 10062
   753 10062
   754 10062
   755 10062
   756 10062
   757 10062
   758 10062
   759 10062
   760 10062
   761 10062
   762 10062
   763 10062
   764 10062
   765 10062
   766 10062
   767 10062
   768 10062
   769 10062
   770 10062
   771 10062
   772 10062
   773 10062
   774 10062
   775 10062
   776 10062
   777 10062
   778 10062
   779 10062
   780 10138
   781 10138
   782 10138
   783 10138
   784 10138
   785 10138
   786 10138
   787 10138
   788 10138
   789 10138
   790 10138
   791 10138
   792 10138
   793 10138
   794 10138
   795 10138
   796 10138
   797 10138
   798 10138
   799 10138
   800 10138
   801 10138
   802 10138
   803 10138
   804 10138
   805 10138
   806 10138
   807 10138
   808 10138
   809 10138
   810 10138
   811 10138
   812 10138
   813 10138
   814 10138
   815 10138
   816 10138
   817 10138
   818 10138
   819 10138
   820 10138
   821 10138
   822 10138
   823 10138
   824 10138
   825 10138
   826 10138
   827 10138
   828 10138
   829 10138
   830 10138
   831 10138
   832 10138
   833 10138
   834 10138
   835 10138
   836 10138
   837 10138
   838 10138
   839 10138
   840 10138
   841 10138
   842 10138
   843 10138
   844 10138
   845 10138
   846 10138
   847 10138
   848 10138
   849 10138
   850 10138
   851 10138
   852 10138
   853 10138
   854 10138
   855 10138
   856 10138
   857 10138
   858 10138
   859 10138
   860 10138
   861 10138
   862 10138
   863 10138
   864 10138
   865 10138
   866 10138
   867 10138
   868 10138
   869 10138
   870 10138
   871 10138
   872 10138
   873 10138
   874 10138
   875 10138
   876 10138
   877 10138
   878 10138
   879 10138
   880 10138
   881 10138
   882 10138
   883 10138
   884 10138
   885 10138
   886 10138
   887 10138
   888 10138
   889 10138
   890 10138
   891 10138
   892 10138
   893 10138
   894 10138
   895 10138
   896 10138
   897 10138
   898 10138
   899 10138
   900 10138
   901 10138
   902 10138
   903 10138
   904 10138
   905 10138
   906 10138
   907 10138
   908 10138
   909 10138
   910 10138
   911 10138
   912 10138
   913 10138
   914 10138
   915 10138
   916 10138
   917 10138
   918 10138
   919 10138
   920 10138
   921 10138
   922 10138
   923 10138
   924 10138
   925 10138
   926 10138
   927 10138
   928 10138
   929 10138
   930 10138
   931 10138
   932 10138
   933 10138
   934 10138
   935 10138
   936 10138
   937 10138
   938 10138
   939 10138
   940 10138
   941 10138
   942 10138
   943 10138
   944 10138
   945 10138
   946 10138
   947 10138
   948 10138
   949 10138
   950 10138
   951 10138
   952 10138
   953 10138
   954 10138
   955 10138
   956 10138
   957 10138
   958 10138
   959 10138
   960 10138
   961 10138
   962 10138
   963 10138
   964 10138
   965 10138
   966 10138
   967 10138
   968 10138
   969 10138
   970 10138
   971 10138
   972 10138
   973 10138
   974 10138
   975 10138
   976 10138
   977 10138
   978 10138
   979 10138
   980 10138
   981 10138
   982 10138
   983 10138
   984 10138
   985 10138
   986 10138
   987 10138
   988 10138
   989 10138
   990 10138
   991 10138
   992 10138
   993 10138
   994 10138
   995 10138
   996 10138
   997 10138
   998 10138
   999 10138
  1000 10138
  1001 10138
  1002 10138
  1003 10138
  1004 10138
  1005 10138
  1006 10138
  1007 10138
  1008 10138
  1009 10138
  1010 10138
  1011 10138
  1012 10138
  1013 10138
  1014 10138
  1015 10138
  1016 10138
  1017 10138
  1018 10138
  1019 10101
  1020 10101
  1021 10101
  1022 10101
  1023 10101
  1024 10067
  1025 10067
  1026 10067
  1027 10067
  1028 10067
  1029 10067
  1030 10067
  1031 10067
  1032 10067
  1033 10067
  1034 10067
  1035 10067
  1036 10067
  1037 10067
  1038 10067
  1039 10067
  1040 10067
  1041 10067
  1042 10067
  1043 10067
  1044 10067
  1045 10067
  1046 10067
  1047 10067
  1048 10067
  1049 10067
  1050 10067
  1051 10067
  1052 10067
  1053 10067
  1054 10067
  1055 10067
  1056 10067
  1057 10067
  1058 10067
  1059 10067
  1060 10067
  1061 10067
  1062 10067
  1063 10067
  1064 10067
  1065 10067
  1066 10067
  1067 10067
  1068 10067
  1069 10067
  1070 10067
  1071 10067
  1072 10067
  1073 10067
  1074 10067
  1075 10067
  1076 10067
  1077 10067
  1078 10067
  1079 10067
  1080 10067
  1081 10067
  1082 10067
  1083 10067
  1084 10067
  1085 10067
  1086 10067
  1087 10067
  1088 10067
  1089 10067
  1090 10067
  1091 10067
  1092 10067
  1093 10067
  1094 10067
  1095 10067
  1096 10067
  1097 10067
  1098 10067
  1099 10067
  1100 10067
  1101 10067
  1102 10067
  1103 10067
  1104 10067
  1105 10067
  1106 10067
  1107 10067
  1108 10067
  1109 10067
  1110 10067
  1111 10067
  1112 10067
  1113 10067
  1114 10067
  1115 10067
  1116 10067
  1117 10067
  1118 10067
  1119 10067
  1120 10067
  1121 10067
  1122 10067
  1123 10067
  1124 10067
  1125 10067
  1126 10067
  1127 10067
  1128 10067
  1129 10067
  1130 10067
  1131 10067
  1132 10067
  1133 10067
  1134 10067
  1135 10067
  1136 10067
  1137 10067
  1138 10067
  1139 10067
  1140 10067
  1141 10067
  1142 10067
  1143 10067
  1144 10067
  1145 10067
  1146 10067
  1147 10067
  1148 10067
  1149 10067
  1150 10067
  1151 10067
  1152 10067
  1153 10067
  1154 10067
  1155 10067
  1156 10067
  1157 10067
  1158 10067
  1159 10067
  1160 10067
  1161 10067
  1162 10067
  1163 10067
  1164 10067
  1165 10067
  1166 10067
  1167 10067
  1168 10067
  1169 10067
  1170 10067
  1171 10067
  1172 10067
  1173 10067
  1174 10067
  1175 10067
  1176 10067
  1177 10067
  1178 10067
  1179 10067
  1180 10067
  1181 10067
  1182 10067
  1183 10067
  1184 10067
  1185 10067
  1186 10067
  1187 10067
  1188 10067
  1189 10067
  1190 10067
  1191 10067
  1192 10067
  1193 10067
  1194 10067
  1195 10067
  1196 10067
  1197 10067
  1198 10067
  1199 10067
  1200 10067
  1201 10067
  1202 10067
  1203 10067
  1204 10067
  1205 10067
  1206 10067
  1207 10067
  1208 10067
  1209 10067
  1210 10067
  1211 10067
  1212 10067
  1213 10067
  1214 10067
  1215 10067
  1216 10067
  1217 10067
  1218 10067
  1219 10067
  1220 10067
  1221 10067
  1222 10067
  1223 10067
  1224 10067
  1225 10067
  1226 10067
  1227 10067
  1228 10067
  1229 10067
  1230 10067
  1231 10067
  1232 10067
  1233 10067
  1234 10067
  1235 10067
  1236 10067
  1237 10067
  1238 10067
  1239 10067
  1240 10067
  1241 10067
  1242 10067
  1243 10067
  1244 10067
  1245 10067
  1246 10067
  1247 10067
  1248 10067
  1249 10067
  1250 10067
  1251 10067
  1252 10067
  1253 10067
  1255 10028
  1256 10028
  1257 10028
  1258 10082
  1259 10082
  1260 10011
  1261 10011
  1262 10011
  1263 10011
  1264 10011
  1265 10008
  1266 10008
  1267 10008
  1268 10008
  1269 10008
  1270 10042
  1275 10023
  1276 10023
  1277 10023
  1279 10023
  1280 10023
  1281 10023
  1282 10023
  1283 10126
  1284 10126
  1285 10126
  1286 10126
  1287 10126
  1288 10126
  1289 10126
  1290 10126
  1291 10126
  1292 10126
  1293 10126
  1294 10126
  1295 10126
  1296 10126
  1297 10126
  1298 10126
  1299 10126
  1300 10126
  1301 10126
  1302 10126
  1303 10126
  1304 10126
  1305 10126
  1306 10126
  1307 10126
  1308 10126
  1309 10126
  1310 10126
  1311 10126
  1312 10126
  1313 10126
  1314 10126
  1315 10126
  1316 10126
  1317 10126
  1318 10126
  1319 10126
  1320 10126
  1321 10126
  1322 10126
  1323 10126
  1324 10126
  1325 10126
  1326 10126
  1327 10126
  1328 10126
  1329 10126
  1330 10126
  1331 10126
  1332 10126
  1333 10126
  1334 10126
  1335 10126
  1336 10126
  1337 10126
  1338 10126
  1339 10126
  1340 10126
  1341 10126
  1342 10126
  1343 10126
  1344 10126
  1345 10126
  1346 10126
  1347 10126
  1348 10126
  1349 10126
  1350 10126
  1351 10126
  1352 10126
  1353 10126
  1354 10126
  1355 10126
  1356 10126
  1357 10126
  1358 10126
  1359 10126
  1360 10126
  1361 10126
  1362 10126
  1363 10126
  1364 10126
  1365 10126
  1366 10126
  1367 10126
  1368 10126
  1369 10126
  1370 10126
  1371 10126
  1372 10126
  1373 10126
  1374 10126
  1375 10126
  1376 10126
  1377 10126
  1378 10126
  1379 10126
  1380 10126
  1381 10126
  1382 10126
  1383 10126
  1384 10126
  1385 10126
  1386 10126
  1387 10126
  1388 10126
  1389 10126
  1390 10126
  1391 10126
  1392 10126
  1393 10126
  1394 10126
  1395 10126
  1396 10126
  1397 10126
  1398 10126
  1399 10126
  1400 10126
  1401 10126
  1402 10126
  1403 10126
  1404 10126
  1405 10126
  1406 10126
  1407 10126
  1408 10126
  1409 10126
  1410 10126
  1411 10126
  1412 10126
  1413 10126
  1414 10126
  1415 10126
  1416 10126
  1417 10126
  1418 10126
  1419 10126
  1420 10126
  1421 10126
  1422 10126
  1423 10126
  1424 10126
  1425 10126
  1426 10126
  1427 10126
  1428 10126
  1429 10126
  1430 10126
  1431 10126
  1432 10126
  1433 10126
  1434 10126
  1435 10126
  1436 10126
  1437 10126
  1438 10126
  1439 10126
  1440 10126
  1441 10126
  1442 10126
  1443 10126
  1444 10126
  1445 10126
  1446 10126
  1447 10126
  1448 10126
  1449 10126
  1450 10126
  1451 10126
  1452 10126
  1453 10126
  1454 10126
  1455 10126
  1456 10126
  1457 10126
  1458 10126
  1459 10126
  1460 10126
  1461 10126
  1462 10126
  1463 10126
  1464 10126
  1465 10126
  1466 10126
  1467 10126
  1468 10126
  1469 10126
  1470 10126
  1471 10126
  1472 10126
  1473 10126
  1474 10126
  1475 10126
  1476 10126
  1477 10126
  1478 10126
  1479 10126
  1480 10126
  1481 10126
  1482 10126
  1483 10126
  1484 10126
  1485 10126
  1486 10126
  1487 10126
  1488 10126
  1489 10126
  1490 10126
  1491 10126
  1492 10126
  1493 10126
  1494 10126
  1495 10126
  1496 10126
  1497 10126
  1498 10126
  1499 10126
  1500 10068
  1501 10068
  1502 10068
  1503 10068
  1504 10068
  1506 10052
  1507 10052
  1508 10052
  1509 10052
  1510 10052
  1511 10052
  1512 10052
  1513 10052
  1514 10052
  1515 10052
  1516 10052
  1517 10052
  1518 10052
  1519 10052
  1520 10052
  1521 10052
  1524 10052
  1525 10052
  1526 10052
  1527 10052
  1528 10052
  1529 10052
  1530 10052
  1531 10052
  1532 10052
  1533 10052
  1534 10055
  1535 10055
  1536 10018
  1537 10158
  1538 10018
  1539 10018
  1540 10018
  1541 10055
  1542 10031
  1543 10031
  1544 10031
  1545 10076
  1546 10076
  1547 10076
  1548 10076
  1549 10076
  1550 10018
  1551 10018
  1552 10018
  1553 10055
  1554 10031
  1555 10031
  1556 10031
  1557 10031
  1558 10031
  1559 10031
  1560 10031
  1561 10055
  1562 10055
  1563 10055
  1564 10055
  1565 10018
  1566 10018
  1567 10018
  1568 10055
  1569 10106
  1570 10106
  1571 10106
  1572 10106
  1573 10040
  1574 10040
  1575 10040
  1576 10040
  1577 10106
  1578 10098
  1579 10098
  1580 10055
  1581 10055
  1582 10031
  1583 10031
  1584 10031
  1585 10031
  1586 10031
  1587 10004
  1588 10004
  1589 10031
  1590 10004
  1591 10031
  1592 10004
  1593 10004
  1594 10004
  1595 10004
  1596 10004
  1597 10004
  1598 10004
  1599 10031
  1600 10031
  1601 10031
  1602 10031
  1603 10031
  1604 10031
  1605 10031
  1606 10031
  1607 10031
  1608 10031
  1609 10031
  1610 10031
  1611 10031
  1612 10031
  1613 10031
  1614 10031
  1615 10031
  1616 10031
  1617 10031
  1618 10031
  1619 10031
  1620 10031
  1621 10031
  1622 10031
  1623 10004
  1624 10031
  1625 10076
  1626 10031
  1627 10076
  1628 10076
  1629 10076
  1630 10076
  1631 10076
  1632 10134
  1633 10101
  1634 10101
  1635 10101
  1636 10101
  1637 10101
  1638 10128
  1639 10128
  1646 10052
  1647 10052
  1648 10052
  1659 10128
  1660 10128
  1661 10128
  1662 10128
  1663 10128
  1664 10128
  1665 10128
  1666 10071
  1667 10071
  1668 10086
  1669 10149
  1670 10149
  1671 10091
  1672 10043
  1673 10091
  1674 10091
  1675 10091
  1676 10091
  1677 10091
  1678 10091
  1679 10091
  1680 10091
  1681 10091
  1682 10091
  1683 10091
  1684 10091
  1685 10091
  1686 10091
  1687 10091
  1688 10091
  1701 10091
  1853 10091
  1854 10091
  1855 10091
  1856 10047
  1857 10043
  1858 10047
  1859 10047
  1860 10047
  1861 10047
  1862 10047
  1863 10047
  1864 10047
  1865 10002
  1866 10002
  1867 10002
  1868 10002
  1869 10002
  1870 10002
  1871 10002
  1872 10002
  1873 10002
  1874 10002
  1875 10002
  1876 10002
  1877 10002
  1878 10002
  1879 10002
  1880 10002
  1881 10002
  1882 10002
  1883 10002
  1884 10002
  1885 10002
  1886 10002
  1887 10002
  1888 10002
  1889 10002
  1890 10002
  1891 10002
  1892 10002
  1893 10002
  1894 10002
  1895 10002
  1896 10002
  1897 10002
  1898 10047
  1899 10047
  1900 10047
  1901 10047
  1902 10047
  1903 10047
  1904 10047
  1905 10047
  1906 10047
  1907 10047
  1908 10047
  1909 10047
  1910 10047
  1911 10047
  1912 10047
  1913 10047
  1914 10047
  1915 10047
  1916 10047
  1917 10047
  1918 10047
  1919 10047
  1920 10047
  1928 10047
  1952 10047
  1953 10047
  1954 10047
  1955 10047
  1956 10047
  1957 10047
  1958 10047
  1959 10047
  1960 10047
  1961 10047
  1962 10047
  1963 10047
  1964 10047
  1965 10047
  1966 10047
  1967 10047
  1968 10047
  1969 10047
  1970 10047
  1971 10047
  1972 10047
  1973 10047
  1974 10047
  1975 10047
  1976 10047
  1977 10047
  1978 10047
  1979 10047
  1980 10047
  1981 10047
  1982 10047
  1983 10047
  1984 10047
  1985 10047
  1986 10047
  1987 10047
  1988 10047
  1989 10047
  1990 10047
  1991 10047
  1992 10047
  1993 10047
  1994 10047
  1995 10002
  1996 10002
  1997 10002
  1998 10002
  1999 10002
  2000 10002
  2001 10002
  2002 10002
  2003 10002
  2004 10002
  2005 10002
  2006 10047
  2007 10047
  2008 10047
  2009 10047
  2010 10047
  2011 10047
  2012 10047
  2013 10047
  2014 10047
  2015 10047
  2016 10047
  2017 10047
  2018 10047
  2019 10047
  2020 10047
  2021 10047
  2022 10047
  2023 10047
  2024 10047
  2025 10047
  2026 10047
  2027 10047
  2028 10047
  2029 10047
  2034 10100
