   739 10125
   740 10125
   741 10125
   742 10125
   743 10125
   744 10125
   745 10125
   746 10104
   747 10104
   748 10104
   749 10104
   750 10125
   751 10125
   752 10125
   753 10125
   754 10125
   755 10125
   756 10125
   757 10125
   758 10125
   759 10125
   760 10125
   761 10125
   762 10125
   763 10125
   764 10125
   765 10125
   766 10125
   767 10125
   768 10125
   769 10125
   770 10125
   771 10125
   772 10125
   773 10125
   774 10125
   775 10125
   776 10125
   777 10112
   779 10007
   780 10007
   781 10007
   782 10007
   783 10007
   784 10007
   785 10007
   786 10007
   787 10007
   788 10007
   789 10007
   790 10007
   791 10007
   792 10007
   793 10007
   794 10007
   795 10007
   796 10007
   797 10007
   798 10007
   799 10007
   800 10007
   801 10007
   802 10007
   803 10007
   804 10007
   805 10007
   806 10007
   807 10007
   808 10007
   809 10007
   810 10007
   811 10007
   812 10007
   813 10007
   814 10007
   815 10007
   816 10007
   817 10007
   818 10007
   819 10007
   820 10007
   821 10007
   822 10007
   823 10007
   824 10007
   825 10007
   826 10007
   827 10007
   828 10007
   829 10007
   830 10007
   831 10007
   832 10007
   833 10007
   834 10007
   835 10007
   836 10007
   837 10007
   838 10007
   839 10007
   840 10007
   841 10007
   842 10007
   843 10007
   844 10007
   845 10007
   846 10007
   847 10007
   848 10007
   849 10007
   850 10007
   851 10007
   852 10007
   853 10007
   854 10007
   855 10007
   856 10007
   857 10007
   858 10007
   859 10007
   860 10007
   861 10007
   862 10007
   863 10007
   864 10007
   865 10007
   866 10007
   867 10007
   868 10007
   869 10007
   870 10007
   871 10007
   872 10007
   873 10007
   874 10007
   875 10007
   876 10007
   877 10007
   878 10007
   879 10007
   880 10007
   881 10007
   882 10007
   883 10007
   884 10007
   885 10007
   886 10007
   887 10007
   888 10007
   889 10007
   890 10007
   891 10007
   892 10007
   893 10007
   894 10007
   895 10007
   896 10007
   897 10007
   898 10007
   899 10007
   900 10007
   901 10007
   902 10007
   903 10007
   904 10007
   905 10007
   906 10007
   907 10007
   908 10007
   909 10007
   910 10007
   911 10007
   912 10007
   913 10007
   914 10007
   915 10007
   916 10007
   917 10007
   918 10007
   919 10007
   920 10007
   921 10007
   922 10007
   923 10007
   924 10007
   925 10007
   926 10007
   927 10007
   928 10007
   929 10007
   930 10007
   931 10007
   932 10007
   933 10007
   934 10007
   935 10007
   936 10007
   937 10007
   938 10007
   939 10007
   940 10007
   941 10007
   942 10007
   943 10007
   944 10007
   945 10007
   946 10007
   947 10007
   948 10007
   949 10007
   950 10007
   951 10007
   952 10007
   953 10007
   954 10007
   955 10007
   956 10007
   957 10007
   958 10007
   959 10007
   960 10007
   961 10007
   962 10007
   963 10007
   964 10007
   965 10007
   966 10007
   967 10007
   968 10007
   969 10007
   970 10007
   971 10007
   972 10007
   973 10007
   974 10007
   975 10007
   976 10007
   977 10007
   978 10007
   979 10007
   980 10007
   981 10007
   982 10007
   983 10007
   984 10007
   985 10007
   986 10007
   987 10007
   988 10007
   989 10007
   990 10007
   991 10007
   992 10007
   993 10007
   994 10007
   995 10007
   996 10007
   997 10007
   998 10007
   999 10007
  1000 10007
  1001 10007
  1002 10007
  1003 10007
  1004 10007
  1005 10007
  1006 10007
  1007 10007
  1008 10007
  1009 10007
  1010 10007
  1011 10007
  1012 10007
  1013 10007
  1014 10007
  1015 10007
  1016 10007
  1017 10007
  1018 10007
  1019 10007
  1020 10007
  1021 10005
  1022 10005
  1023 10005
  1024 10005
  1025 10005
  1026 10005
  1027 10005
  1028 10005
  1029 10005
  1030 10005
  1031 10005
  1032 10005
  1033 10005
  1034 10005
  1035 10005
  1036 10005
  1037 10005
  1038 10005
  1039 10005
  1040 10005
  1041 10005
  1042 10005
  1043 10005
  1044 10005
  1045 10005
  1046 10005
  1047 10005
  1048 10005
  1049 10005
  1050 10005
  1051 10005
  1052 10005
  1053 10005
  1054 10005
  1055 10005
  1056 10005
  1057 10005
  1058 10005
  1059 10005
  1060 10005
  1061 10005
  1062 10005
  1063 10005
  1064 10005
  1065 10005
  1066 10005
  1067 10005
  1068 10005
  1069 10005
  1070 10005
  1071 10005
  1072 10005
  1073 10005
  1074 10005
  1075 10005
  1076 10005
  1077 10005
  1078 10005
  1079 10005
  1080 10005
  1081 10005
  1082 10005
  1083 10005
  1084 10005
  1085 10005
  1086 10005
  1087 10005
  1088 10005
  1089 10005
  1090 10005
  1091 10005
  1092 10005
  1093 10005
  1094 10005
  1095 10005
  1096 10005
  1097 10005
  1098 10005
  1099 10005
  1100 10005
  1101 10005
  1102 10005
  1103 10005
  1104 10005
  1105 10005
  1106 10005
  1107 10005
  1108 10005
  1109 10005
  1110 10005
  1111 10005
  1112 10005
  1113 10005
  1114 10005
  1115 10005
  1116 10005
  1117 10005
  1118 10005
  1119 10005
  1120 10005
  1121 10005
  1122 10005
  1123 10005
  1124 10005
  1125 10005
  1126 10005
  1127 10005
  1128 10005
  1129 10005
  1130 10005
  1131 10005
  1132 10005
  1133 10005
  1134 10005
  1135 10005
  1136 10005
  1137 10005
  1138 10005
  1139 10005
  1140 10005
  1141 10005
  1142 10005
  1143 10005
  1144 10005
  1145 10005
  1146 10005
  1147 10005
  1148 10005
  1149 10005
  1150 10005
  1151 10005
  1152 10005
  1153 10005
  1154 10005
  1155 10005
  1156 10005
  1157 10005
  1158 10005
  1159 10005
  1160 10005
  1161 10005
  1162 10005
  1163 10005
  1164 10005
  1165 10005
  1166 10005
  1167 10005
  1168 10005
  1169 10005
  1170 10005
  1171 10005
  1172 10005
  1173 10005
  1174 10005
  1175 10005
  1176 10005
  1177 10005
  1178 10005
  1179 10005
  1180 10005
  1181 10005
  1182 10005
  1183 10005
  1184 10005
  1185 10005
  1186 10005
  1187 10005
  1188 10005
  1189 10005
  1190 10005
  1191 10005
  1192 10005
  1193 10005
  1194 10005
  1195 10005
  1196 10005
  1197 10005
  1198 10005
  1199 10005
  1200 10005
  1201 10005
  1202 10005
  1203 10005
  1204 10005
  1205 10005
  1206 10005
  1207 10005
  1208 10005
  1209 10005
  1210 10005
  1211 10005
  1212 10005
  1213 10005
  1214 10005
  1215 10005
  1216 10005
  1217 10005
  1218 10005
  1219 10005
  1220 10005
  1221 10005
  1222 10005
  1223 10005
  1224 10005
  1225 10005
  1226 10005
  1227 10005
  1228 10005
  1229 10005
  1230 10005
  1231 10005
  1232 10005
  1233 10005
  1234 10005
  1235 10005
  1236 10005
  1237 10005
  1238 10005
  1239 10005
  1240 10005
  1241 10005
  1242 10005
  1243 10005
  1244 10005
  1245 10005
  1246 10005
  1247 10005
  1248 10005
  1249 10005
  1250 10005
  1251 10005
  1252 10005
  1253 10005
  1254 10005
  1255 10005
  1256 10005
  1257 10074
  1258 10016
  1259 10111
  1260 10111
  1261 10154
  1262 10143
  1263 10098
  1264 10098
  1265 10018
  1266 10018
  1267 10018
  1268 10018
  1269 10040
  1270 10040
  1271 10040
  1272 10040
  1273 10106
  1274 10106
  1275 10106
  1276 10018
  1277 10018
  1278 10018
  1279 10040
  1280 10040
  1281 10040
  1282 10040
  1283 10040
  1284 10040
  1285 10040
  1286 10040
  1287 10040
  1288 10040
  1289 10040
  1290 10040
  1291 10040
  1292 10040
  1293 10040
  1294 10040
  1295 10040
  1296 10040
  1297 10040
  1298 10040
  1299 10040
  1300 10040
  1301 10040
  1302 10040
  1303 10040
  1304 10040
  1305 10040
  1306 10040
  1307 10040
  1308 10040
  1309 10040
  1310 10040
  1311 10040
  1312 10040
  1313 10040
  1314 10040
  1315 10040
  1316 10040
  1317 10040
  1318 10040
  1319 10040
  1320 10040
  1321 10040
  1322 10040
  1323 10040
  1324 10040
  1325 10018
  1326 10040
  1327 10018
  1328 10018
  1329 10018
  1330 10040
  1331 10040
  1332 10040
  1333 10040
  1334 10106
  1335 10040
  1336 10040
  1337 10040
  1338 10040
  1339 10040
  1340 10040
  1341 10040
  1342 10040
  1343 10055
  1344 10055
  1345 10055
  1346 10055
  1348 10050
  1349 10050
  1350 10050
  1351 10050
  1352 10101
  1355 10101
  1356 10050
  1357 10050
  1358 10065
  1359 10141
  1360 10141
  1361 10101
  1362 10061
  1363 10050
  1364 10101
  1365 10101
  1366 10141
  1367 10101
  1368 10141
  1369 10141
  1370 10169
  1371 10141
  1372 10141
  1373 10141
  1374 10141
  1375 10101
  1376 10141
  1377 10101
  1379 10101
  1380 10028
  1381 10028
  1382 10028
  1383 10016
  1384 10016
  1385 10016
  1386 10016
  1387 10016
  1388 10016
  1389 10016
  1390 10016
  1391 10016
  1392 10016
  1393 10016
  1394 10016
  1395 10016
  1396 10016
  1397 10016
  1398 10016
  1399 10016
  1400 10016
  1401 10016
  1402 10016
  1403 10016
  1404 10016
  1405 10016
  1406 10016
  1407 10016
  1408 10016
  1409 10016
  1410 10016
  1411 10016
  1412 10016
  1413 10016
  1414 10016
  1415 10016
  1416 10016
  1417 10016
  1418 10016
  1419 10016
  1420 10016
  1421 10016
  1422 10016
  1423 10016
  1424 10016
  1425 10016
  1426 10016
  1427 10016
  1428 10016
  1429 10016
  1430 10016
  1431 10016
  1432 10016
  1433 10016
  1434 10016
  1435 10016
  1436 10016
  1437 10016
  1438 10016
  1439 10016
  1440 10016
  1441 10016
  1442 10016
  1443 10016
  1444 10016
  1445 10016
  1446 10016
  1447 10016
  1448 10016
  1449 10016
  1450 10016
  1451 10016
  1452 10016
  1453 10016
  1454 10016
  1455 10016
  1456 10016
  1457 10016
  1458 10016
  1459 10016
  1460 10016
  1461 10016
  1462 10016
  1463 10016
  1464 10016
  1465 10016
  1466 10016
  1467 10016
  1468 10016
  1469 10016
  1470 10016
  1471 10016
  1472 10016
  1473 10016
  1474 10016
  1475 10016
  1476 10016
  1477 10016
  1478 10016
  1479 10016
  1480 10016
  1481 10016
  1482 10016
  1483 10016
  1484 10016
  1485 10016
  1486 10016
  1487 10016
  1488 10016
  1489 10016
  1490 10016
  1491 10016
  1492 10016
  1493 10016
  1494 10016
  1495 10016
  1496 10151
  1497 10138
  1498 10138
  1499 10138
  1500 10138
  1501 10138
  1502 10138
  1503 10138
  1504 10138
  1505 10138
  1506 10138
  1507 10138
  1508 10138
  1509 10138
  1510 10138
  1511 10138
  1512 10138
  1513 10138
  1514 10138
  1515 10138
  1516 10138
  1517 10138
  1518 10138
  1519 10138
  1520 10138
  1521 10138
  1522 10138
  1523 10138
  1524 10138
  1525 10138
  1526 10138
  1527 10138
  1528 10138
  1529 10138
  1530 10138
  1531 10138
  1532 10138
  1533 10138
  1534 10138
  1535 10138
  1536 10138
  1537 10138
  1538 10138
  1539 10138
  1540 10138
  1541 10138
  1542 10138
  1543 10138
  1544 10138
  1545 10138
  1546 10138
  1547 10138
  1548 10138
  1549 10138
  1550 10138
  1551 10138
  1552 10138
  1553 10138
  1554 10138
  1555 10138
  1556 10138
  1557 10138
  1558 10138
  1559 10138
  1560 10138
  1561 10138
  1562 10138
  1563 10138
  1564 10138
  1565 10138
  1566 10138
  1567 10138
  1568 10138
  1569 10138
  1570 10138
  1571 10138
  1572 10138
  1573 10138
  1574 10138
  1575 10138
  1576 10138
  1577 10138
  1578 10138
  1579 10138
  1580 10138
  1581 10138
  1582 10138
  1583 10138
  1584 10138
  1585 10138
  1586 10138
  1587 10138
  1588 10138
  1589 10138
  1590 10138
  1591 10138
  1592 10138
  1593 10138
  1594 10138
  1595 10138
  1596 10138
  1597 10138
  1598 10138
  1599 10138
  1600 10138
  1601 10138
  1602 10138
  1603 10138
  1604 10138
  1605 10138
  1606 10138
  1607 10138
  1608 10138
  1609 10138
  1610 10138
  1611 10138
  1612 10138
  1613 10138
  1614 10138
  1615 10151
  1616 10019
  1617 10019
  1618 10019
  1627 10122
  1631 10089
  1632 10089
  1633 10089
  1634 10089
  1635 10089
  1636 10089
  1637 10089
  1638 10089
  1639 10089
  1640 10089
  1641 10089
  1642 10089
  1643 10089
  1644 10089
  1645 10089
  1646 10089
  1647 10089
  1648 10089
  1649 10089
  1650 10089
  1651 10089
  1652 10089
  1653 10089
  1654 10089
  1655 10089
  1656 10089
  1657 10089
  1658 10089
  1659 10089
  1660 10089
  1661 10089
  1662 10089
  1663 10089
  1664 10089
  1665 10089
  1666 10089
  1667 10089
  1668 10089
  1669 10089
  1670 10089
  1671 10089
  1672 10089
  1673 10089
  1674 10089
  1675 10089
  1676 10089
  1677 10089
  1678 10089
  1679 10089
  1680 10089
  1681 10089
  1682 10089
  1683 10089
  1684 10089
  1685 10089
  1686 10089
  1687 10089
  1688 10089
  1689 10089
  1690 10089
  1691 10089
  1692 10089
  1693 10089
  1694 10089
  1695 10089
  1696 10089
  1697 10089
  1698 10089
  1699 10089
  1700 10089
  1701 10089
  1702 10089
  1703 10089
  1704 10089
  1705 10089
  1706 10089
  1707 10089
  1708 10089
  1709 10089
  1710 10089
  1711 10089
  1712 10089
  1713 10089
  1714 10089
  1715 10089
  1716 10089
  1717 10089
  1718 10089
  1719 10089
  1720 10089
  1721 10089
  1722 10089
  1723 10089
  1724 10089
  1725 10089
  1726 10089
  1727 10089
  1728 10089
  1729 10089
  1730 10089
  1731 10089
  1732 10089
  1733 10089
  1734 10089
  1735 10089
  1736 10089
  1737 10089
  1738 10089
  1739 10089
  1740 10089
  1741 10089
  1742 10089
  1743 10089
  1744 10089
  1745 10089
  1746 10089
  1747 10089
  1748 10089
  1749 10089
  1750 10089
  1751 10089
  1752 10089
  1753 10089
  1754 10089
  1755 10089
  1756 10089
  1757 10089
  1758 10089
  1759 10089
  1760 10089
  1761 10089
  1762 10089
  1763 10089
  1764 10089
  1765 10089
  1766 10089
  1767 10089
  1768 10089
  1769 10089
  1770 10089
  1771 10089
  1772 10089
  1773 10089
  1774 10089
  1775 10089
  1776 10089
  1777 10089
  1778 10089
  1779 10089
  1780 10089
  1781 10089
  1782 10089
  1783 10089
  1784 10089
  1785 10089
  1786 10089
  1787 10089
  1788 10089
  1789 10089
  1790 10089
  1791 10089
  1792 10089
  1793 10089
  1794 10089
  1795 10089
  1796 10089
  1797 10089
  1798 10089
  1799 10089
  1800 10089
  1801 10089
  1802 10089
  1803 10089
  1804 10089
  1805 10089
  1806 10089
  1807 10089
  1808 10089
  1809 10089
  1810 10089
  1811 10089
  1812 10089
  1813 10089
  1814 10089
  1815 10089
  1816 10089
  1817 10089
  1818 10089
  1819 10089
  1820 10089
  1821 10089
  1822 10089
  1823 10089
  1824 10089
  1825 10089
  1828 10089
  1829 10089
  1830 10089
  1831 10089
  1832 10089
  1833 10089
  1834 10089
  1835 10089
  1836 10089
  1837 10089
  1838 10089
  1839 10089
  1840 10089
  1841 10089
  1842 10089
  1843 10089
  1844 10089
  1845 10089
  1846 10089
  1847 10089
  1848 10089
  1849 10089
  1850 10089
  1851 10089
  1852 10089
  1853 10089
  1854 10089
  1858 10143
  1859 10096
  1860 10096
  1861 10096
  1862 10096
  1863 10096
  1864 10096
  1865 10096
  1866 10096
  1867 10096
  1868 10096
  1869 10096
  1870 10096
  1871 10096
  1872 10096
  1873 10096
  1874 10096
  1875 10096
  1876 10096
  1877 10096
  1878 10096
  1879 10096
  1880 10096
  1881 10096
  1882 10096
  1883 10096
  1884 10096
  1885 10096
  1886 10096
  1887 10096
  1888 10096
  1889 10096
  1890 10096
  1891 10096
  1892 10096
  1893 10096
  1894 10096
  1895 10096
  1896 10096
  1897 10096
  1898 10096
  1899 10096
  1900 10096
  1901 10096
  1902 10096
  1903 10096
  1904 10096
  1905 10096
  1906 10096
  1907 10096
  1908 10096
  1909 10096
  1910 10096
  1911 10096
  1912 10096
  1913 10096
  1914 10096
  1915 10096
  1916 10096
  1917 10096
  1918 10096
  1919 10096
  1920 10096
  1921 10096
  1922 10096
  1923 10096
  1924 10096
  1925 10096
  1926 10096
  1927 10096
  1928 10096
  1929 10096
  1930 10096
  1931 10096
  1932 10096
  1933 10096
  1934 10096
  1935 10096
  1936 10096
  1937 10096
  1938 10096
  1939 10096
  1940 10096
  1941 10096
  1942 10096
  1943 10096
  1944 10096
  1945 10096
  1946 10096
  1947 10096
  1948 10096
  1949 10096
  1950 10096
  1951 10096
  1952 10096
  1953 10096
  1954 10096
  1955 10096
  1956 10096
  1957 10096
  1958 10096
  1959 10096
  1960 10096
  1961 10096
  1962 10096
  1963 10096
  1964 10096
  1965 10096
  1966 10096
  1967 10096
  1968 10096
  1969 10096
  1970 10096
  1971 10096
  1972 10096
  1973 10096
  1974 10096
  1975 10096
  1976 10096
  1977 10096
  1978 10096
  1979 10096
  1980 10096
  1981 10096
  1982 10096
  1983 10096
  1984 10096
  1985 10096
  1986 10096
  1987 10096
  1988 10096
  1989 10096
  1990 10096
  1991 10096
  1992 10096
  1993 10096
  1994 10096
  1995 10096
  1996 10096
  1997 10096
  1998 10096
  1999 10096
  2000 10096
  2001 10096
  2002 10096
  2003 10096
  2004 10096
  2005 10096
  2006 10096
  2007 10096
  2008 10096
  2009 10096
  2010 10096
  2011 10096
  2012 10096
  2013 10096
  2014 10096
  2015 10096
  2016 10096
  2038 10125
  2039 10125
  2040 10125
  2041 10125
  2042 10125
  2043 10125
  2044 10125
