   600 10127
   601 10127
   602 10127
   603 10127
   604 10127
   605 10127
   607 10137
   608 10137
   609 10127
   610 10127
   611 10127
   612 10127
   613 10127
   614 10137
   615 10137
   617 10131
   620 10131
   621 10131
   622 10131
   623 10131
   624 10131
   625 10131
   626 10131
   627 10131
   628 10131
   629 10131
   630 10131
   631 10131
   632 10127
   637 10127
   638 10127
   641 10131
   644 10131
   645 10131
   646 10131
   648 10127
   649 10127
   650 10127
   651 10127
   652 10127
   653 10127
   654 10127
   655 10131
   657 10131
   659 10127
   660 10127
   663 10131
   664 10131
   665 10131
   693 10062
   694 10062
   695 10062
   696 10062
   697 10062
   698 10062
   699 10062
   700 10062
   701 10062
   702 10062
   703 10062
   704 10062
   705 10062
   706 10062
   707 10062
   708 10062
   709 10062
   710 10062
   711 10062
   712 10062
   713 10062
   714 10062
   715 10062
   716 10062
   717 10062
   718 10062
   719 10062
   720 10062
   721 10062
   722 10062
   723 10062
   724 10062
   725 10062
   726 10062
   727 10062
   728 10062
   729 10062
   730 10062
   731 10062
   732 10062
   733 10062
   734 10062
   735 10062
   736 10062
   737 10062
   738 10062
   739 10062
   740 10062
   741 10062
   742 10062
   743 10062
   744 10062
   745 10062
   746 10062
   747 10062
   748 10062
   749 10062
   750 10062
   751 10062
   752 10062
   753 10062
   754 10062
   755 10062
   756 10062
   757 10062
   758 10062
   759 10062
   760 10062
   761 10062
   762 10062
   763 10062
   764 10062
   765 10062
   766 10062
   767 10062
   768 10062
   769 10062
   770 10062
   771 10062
   772 10062
   773 10062
   774 10062
   775 10062
   776 10062
   777 10062
   778 10062
   779 10050
   780 10154
   782 10095
   784 10146
   785 10131
   786 10131
   787 10131
   788 10131
   789 10131
   790 10131
   791 10131
   792 10131
   793 10131
   794 10131
   795 10131
   796 10131
   797 10131
   798 10131
   799 10131
   800 10131
   801 10131
   802 10131
   803 10131
   804 10131
   805 10131
   806 10131
   807 10131
   808 10131
   809 10131
   810 10131
   811 10131
   812 10131
   813 10131
   814 10131
   815 10131
   816 10131
   817 10131
   818 10131
   819 10131
   820 10131
   821 10131
   822 10131
   823 10131
   824 10131
   825 10131
   826 10131
   827 10131
   828 10131
   829 10131
   830 10131
   831 10131
   832 10131
   833 10131
   834 10131
   835 10131
   836 10131
   837 10131
   838 10131
   839 10131
   840 10131
   841 10131
   842 10131
   843 10131
   844 10131
   845 10131
   846 10131
   847 10131
   848 10131
   849 10131
   850 10131
   851 10131
   852 10131
   853 10131
   854 10131
   855 10131
   856 10131
   857 10131
   858 10131
   859 10131
   860 10131
   861 10131
   862 10131
   863 10131
   864 10131
   865 10131
   866 10131
   867 10131
   868 10131
   869 10131
   870 10131
   871 10131
   872 10131
   873 10131
   874 10131
   875 10131
   876 10131
   877 10131
   878 10131
   879 10131
   880 10131
   881 10131
   882 10131
   883 10131
   884 10131
   885 10131
   886 10131
   887 10131
   888 10131
   889 10131
   890 10131
   891 10131
   892 10131
   893 10131
   894 10131
   895 10131
   896 10131
   897 10131
   898 10131
   899 10131
   900 10131
   901 10131
   902 10131
   903 10131
   904 10131
   905 10131
   906 10131
   907 10131
   908 10131
   909 10131
   910 10131
   911 10131
   912 10131
   913 10131
   914 10131
   915 10131
   916 10131
   917 10131
   918 10131
   919 10131
   920 10131
   921 10131
   922 10131
   923 10131
   924 10131
   925 10131
   926 10131
   927 10131
   928 10131
   929 10131
   930 10131
   931 10131
   932 10131
   933 10131
   934 10131
   935 10131
   936 10131
   937 10131
   938 10131
   939 10131
   940 10131
   941 10131
   942 10131
   943 10131
   944 10131
   945 10131
   946 10131
   947 10131
   948 10131
   949 10131
   950 10131
   951 10131
   952 10131
   953 10131
   954 10131
   955 10131
   956 10131
   957 10131
   958 10131
   959 10131
   960 10131
   961 10131
   962 10131
   963 10131
   964 10131
   965 10131
   966 10131
   967 10131
   968 10131
   969 10131
   970 10131
   971 10131
   972 10131
   973 10131
   974 10131
   975 10131
   976 10131
   977 10131
   978 10131
   979 10131
   980 10131
   981 10131
   982 10131
   983 10131
   984 10131
   985 10131
   986 10131
   987 10131
   988 10131
   989 10131
   990 10131
   991 10131
   992 10131
   993 10131
   994 10131
   995 10131
   996 10131
   997 10131
   998 10131
   999 10131
  1000 10131
  1001 10131
  1002 10131
  1003 10131
  1004 10131
  1005 10131
  1006 10131
  1007 10131
  1008 10131
  1009 10131
  1010 10131
  1011 10131
  1012 10131
  1013 10131
  1014 10131
  1015 10131
  1016 10131
  1017 10131
  1018 10131
  1019 10113
  1020 10113
  1025 10101
  1026 10101
  1027 10128
  1028 10128
  1029 10100
  1030 10100
  1031 10100
  1032 10100
  1033 10100
  1034 10100
  1035 10100
  1036 10100
  1037 10100
  1038 10100
  1039 10100
  1040 10100
  1041 10100
  1042 10100
  1043 10100
  1044 10100
  1045 10100
  1046 10100
  1047 10100
  1048 10100
  1049 10100
  1050 10100
  1051 10100
  1052 10100
  1053 10100
  1054 10100
  1055 10100
  1056 10100
  1057 10100
  1058 10100
  1059 10100
  1060 10100
  1061 10100
  1062 10100
  1063 10100
  1064 10100
  1065 10100
  1066 10100
  1067 10100
  1068 10100
  1069 10100
  1070 10100
  1071 10100
  1072 10100
  1073 10100
  1074 10100
  1075 10100
  1076 10100
  1077 10100
  1078 10100
  1079 10100
  1080 10100
  1081 10100
  1082 10100
  1083 10100
  1084 10100
  1085 10100
  1086 10100
  1087 10100
  1088 10100
  1089 10100
  1090 10100
  1091 10100
  1092 10100
  1093 10100
  1094 10100
  1095 10100
  1096 10100
  1097 10100
  1098 10100
  1099 10100
  1100 10100
  1101 10100
  1102 10100
  1103 10100
  1104 10100
  1105 10100
  1106 10100
  1107 10100
  1108 10100
  1109 10100
  1110 10100
  1111 10100
  1112 10100
  1113 10100
  1114 10100
  1115 10100
  1116 10100
  1117 10100
  1118 10100
  1119 10100
  1120 10100
  1121 10100
  1122 10100
  1123 10100
  1124 10100
  1125 10100
  1126 10100
  1127 10100
  1128 10100
  1129 10100
  1130 10100
  1131 10100
  1132 10100
  1133 10100
  1134 10100
  1135 10100
  1136 10100
  1137 10100
  1138 10100
  1139 10100
  1140 10100
  1141 10100
  1142 10100
  1143 10100
  1144 10100
  1145 10100
  1146 10100
  1147 10100
  1148 10100
  1149 10100
  1150 10100
  1151 10100
  1152 10100
  1153 10100
  1154 10100
  1155 10100
  1156 10100
  1157 10100
  1158 10100
  1159 10100
  1160 10100
  1161 10100
  1162 10100
  1163 10100
  1164 10100
  1165 10100
  1166 10100
  1167 10100
  1168 10100
  1169 10100
  1170 10100
  1171 10100
  1172 10100
  1173 10100
  1174 10100
  1175 10100
  1176 10100
  1177 10100
  1178 10100
  1179 10100
  1180 10100
  1181 10100
  1182 10100
  1183 10100
  1184 10100
  1185 10100
  1186 10100
  1187 10100
  1188 10100
  1189 10100
  1190 10100
  1191 10100
  1192 10100
  1193 10100
  1194 10100
  1195 10100
  1196 10100
  1197 10100
  1198 10100
  1199 10100
  1200 10100
  1201 10100
  1202 10100
  1203 10100
  1204 10100
  1205 10100
  1206 10100
  1207 10100
  1208 10100
  1209 10100
  1210 10100
  1211 10100
  1212 10100
  1213 10100
  1214 10100
  1215 10100
  1216 10100
  1217 10100
  1218 10100
  1219 10100
  1220 10100
  1221 10100
  1222 10100
  1223 10100
  1224 10100
  1225 10100
  1226 10100
  1227 10100
  1228 10100
  1229 10100
  1230 10100
  1231 10100
  1232 10100
  1233 10100
  1234 10100
  1235 10100
  1236 10100
  1237 10100
  1238 10100
  1239 10100
  1240 10100
  1241 10100
  1242 10100
  1243 10100
  1244 10100
  1245 10100
  1246 10100
  1247 10100
  1248 10101
  1249 10101
  1250 10101
  1251 10101
  1252 10101
  1253 10018
  1254 10018
  1255 10098
  1256 10018
  1257 10018
  1258 10158
  1259 10140
  1260 10140
  1261 10140
  1262 10018
  1263 10158
  1264 10158
  1265 10158
  1266 10158
  1267 10158
  1268 10158
  1269 10140
  1270 10140
  1271 10140
  1272 10140
  1273 10140
  1274 10140
  1275 10158
  1276 10158
  1277 10140
  1278 10140
  1279 10140
  1280 10140
  1281 10140
  1282 10140
  1283 10140
  1284 10140
  1285 10140
  1286 10140
  1287 10140
  1288 10158
  1289 10055
  1290 10055
  1291 10055
  1292 10055
  1293 10055
  1294 10140
  1295 10055
  1296 10055
  1297 10055
  1298 10018
  1299 10018
  1300 10018
  1301 10018
  1302 10140
  1303 10018
  1304 10018
  1305 10076
  1306 10040
  1307 10040
  1308 10055
  1309 10055
  1310 10055
  1312 10128
  1313 10128
  1324 10138
  1325 10138
  1326 10101
  1327 10061
  1328 10061
  1329 10101
  1330 10101
  1331 10169
  1332 10141
  1333 10141
  1334 10141
  1335 10141
  1341 10129
  1342 10129
  1345 10122
  1346 10118
  1347 10118
  1348 10118
  1349 10110
  1350 10110
  1351 10110
  1352 10110
  1353 10118
  1354 10118
  1355 10118
  1356 10118
  1357 10118
  1358 10118
  1359 10036
  1360 10118
  1361 10118
  1362 10118
  1365 10025
  1366 10025
  1367 10025
  1368 10025
  1369 10025
  1370 10025
  1371 10025
  1372 10025
  1373 10025
  1374 10025
  1375 10025
  1376 10025
  1377 10025
  1378 10025
  1379 10025
  1380 10025
  1381 10025
  1382 10025
  1383 10025
  1384 10025
  1385 10025
  1386 10025
  1387 10025
  1388 10025
  1389 10025
  1390 10025
  1391 10025
  1392 10025
  1400 10134
  1401 10134
  1402 10134
  1406 10134
  1483 10068
  1621 10025
  1622 10025
  1623 10025
  1624 10025
  1625 10025
  1630 10152
  1631 10152
  1632 10152
  1633 10152
  1634 10152
  1635 10152
  1636 10152
  1637 10152
  1638 10152
  1639 10152
  1640 10152
  1641 10152
  1642 10152
  1643 10152
  1644 10152
  1645 10152
  1646 10152
  1647 10152
  1648 10152
  1649 10152
  1650 10152
  1651 10152
  1652 10152
  1653 10152
  1654 10152
  1655 10152
  1656 10152
  1657 10152
  1658 10152
  1659 10152
  1660 10152
  1661 10152
  1662 10152
  1663 10152
  1664 10152
  1665 10152
  1666 10152
  1667 10152
  1668 10152
  1669 10152
  1670 10152
  1671 10152
  1672 10152
  1673 10152
  1674 10152
  1675 10152
  1676 10152
  1677 10034
  1678 10152
  1679 10152
  1680 10152
  1681 10034
  1682 10034
  1683 10152
  1684 10152
  1685 10152
  1686 10152
  1687 10152
  1688 10152
  1689 10152
  1690 10152
  1691 10152
  1692 10152
  1693 10152
  1694 10152
  1695 10152
  1696 10034
  1697 10152
  1698 10152
  1699 10152
  1700 10152
  1701 10152
  1702 10152
  1703 10152
  1704 10034
  1705 10152
  1706 10152
  1707 10152
  1708 10152
  1709 10152
  1710 10152
  1711 10152
  1712 10152
  1713 10034
  1714 10152
  1715 10152
  1716 10152
  1717 10152
  1718 10152
  1719 10152
  1720 10152
  1721 10152
  1722 10152
  1723 10152
  1724 10152
  1725 10152
  1726 10152
  1727 10152
  1728 10152
  1729 10034
  1730 10034
  1731 10034
  1732 10034
  1733 10034
  1734 10034
  1735 10034
  1736 10034
  1737 10034
  1738 10034
  1739 10152
  1740 10152
  1741 10152
  1742 10034
  1743 10034
  1744 10152
  1745 10034
  1746 10034
  1747 10152
  1748 10034
  1749 10034
  1750 10152
  1751 10152
  1752 10152
  1753 10034
  1754 10152
  1755 10152
  1756 10152
  1757 10152
  1758 10152
  1759 10152
  1760 10034
  1761 10152
  1762 10152
  1763 10034
  1764 10034
  1765 10034
  1766 10034
  1767 10034
  1768 10034
  1769 10034
  1770 10034
  1771 10034
  1772 10034
  1773 10034
  1774 10034
  1775 10034
  1776 10034
  1777 10152
  1778 10034
  1779 10034
  1780 10034
  1781 10034
  1782 10034
  1783 10034
  1784 10152
  1785 10034
  1786 10034
  1787 10152
  1788 10034
  1789 10152
  1790 10152
  1791 10152
  1792 10152
  1793 10152
  1794 10152
  1795 10152
  1796 10152
  1797 10152
  1798 10034
  1799 10034
  1800 10152
  1801 10034
  1802 10152
  1803 10152
  1804 10152
  1805 10152
  1806 10152
  1807 10152
  1808 10152
  1809 10152
  1810 10034
  1811 10034
  1812 10034
  1813 10152
  1814 10034
  1815 10034
  1816 10034
  1817 10034
  1818 10034
  1819 10034
  1820 10034
  1821 10034
  1822 10034
  1823 10034
  1824 10034
  1825 10152
  1826 10034
  1827 10152
  1828 10152
  1829 10152
  1830 10152
  1831 10152
  1832 10152
  1833 10152
  1834 10152
  1835 10152
  1836 10152
  1837 10152
  1838 10034
  1839 10034
  1840 10034
  1841 10034
  1842 10034
  1843 10152
  1844 10152
  1845 10152
  1846 10152
  1847 10152
  1848 10034
  1849 10152
  1850 10152
  1851 10152
  1852 10152
  1853 10152
  1854 10152
  1855 10019
  1856 10152
  1857 10028
  1859 10091
  1860 10043
  1861 10068
  1862 10068
  1863 10068
  1864 10068
  1865 10068
  1866 10068
  1867 10068
  1868 10068
  1869 10068
  1870 10068
  1871 10068
  1872 10068
  1873 10068
  1874 10068
  1875 10068
  1876 10068
  1877 10068
  1878 10068
  1879 10068
  1880 10068
  1881 10068
  1882 10068
  1907 10068
  1908 10068
  1909 10068
  1910 10068
  1911 10068
  1912 10068
  1913 10068
  1914 10068
  1915 10068
  1916 10068
  1917 10068
  1921 10068
  1922 10068
  1923 10068
  1924 10068
  1925 10138
  1926 10138
  1927 10068
  1930 10068
  1934 10068
  1935 10068
  1936 10068
  1937 10068
  1938 10068
  1939 10068
  1940 10068
  1941 10068
  1942 10068
  1943 10068
  1944 10068
  1945 10068
  1946 10068
  1947 10068
  1948 10068
  1949 10068
  1950 10068
  1951 10068
  1952 10068
  1953 10068
  1954 10068
  1955 10068
  1956 10068
  1957 10068
  1958 10068
  1959 10068
  1960 10068
  1961 10068
  1962 10068
  1963 10068
  1964 10068
  1965 10068
  1966 10068
  1967 10068
  1968 10068
  1969 10068
  1970 10068
  1971 10068
  1972 10068
  1973 10068
  1974 10068
  1975 10068
  1976 10068
  1977 10068
  1978 10068
  1979 10068
  1980 10068
  1981 10068
  1982 10068
  1983 10068
  1984 10068
  1985 10068
  1986 10068
  1987 10068
  1988 10068
  1989 10068
  1990 10068
  1991 10068
  1992 10068
  1993 10068
  1994 10068
  1995 10068
  1996 10068
  1997 10101
  1998 10101
  1999 10091
  2000 10123
  2002 10141
  2003 10141
  2004 10141
  2005 10101
  2006 10061
  2007 10141
  2017 10138
  2018 10138
  2021 10138
  2022 10138
  2023 10061
  2024 10062
  2025 10062
  2026 10062
  2027 10062
  2028 10062
  2029 10062
