   692 10052
   693 10052
   694 10052
   695 10052
   696 10052
   697 10052
   698 10052
   699 10052
   700 10052
   701 10052
   702 10052
   703 10052
   704 10052
   705 10052
   706 10052
   707 10052
   708 10052
   709 10052
   710 10052
   711 10052
   712 10052
   713 10052
   714 10052
   715 10052
   716 10052
   717 10052
   718 10052
   719 10052
   720 10052
   721 10052
   722 10052
   723 10052
   724 10052
   725 10052
   726 10052
   727 10052
   728 10052
   729 10052
   730 10052
   731 10052
   732 10052
   733 10052
   734 10052
   735 10052
   736 10052
   737 10052
   738 10052
   739 10052
   740 10052
   741 10052
   742 10052
   743 10052
   744 10052
   745 10052
   746 10052
   747 10052
   748 10052
   749 10052
   750 10052
   751 10052
   752 10052
   753 10052
   754 10052
   755 10052
   756 10052
   757 10052
   758 10052
   759 10052
   760 10052
   761 10052
   762 10052
   763 10052
   764 10052
   765 10052
   766 10052
   767 10052
   768 10052
   769 10052
   770 10052
   771 10052
   772 10052
   773 10052
   774 10052
   775 10052
   776 10052
   777 10052
   778 10052
   781 10043
   782 10100
   783 10100
   784 10100
   785 10100
   786 10100
   787 10100
   788 10100
   789 10100
   790 10100
   791 10100
   792 10100
   793 10100
   794 10100
   795 10100
   796 10100
   797 10100
   798 10100
   799 10100
   800 10100
   801 10100
   802 10100
   803 10100
   804 10100
   805 10100
   806 10100
   807 10100
   808 10100
   809 10100
   810 10100
   811 10100
   812 10100
   813 10100
   814 10100
   815 10100
   816 10100
   817 10100
   818 10100
   819 10100
   820 10100
   821 10100
   822 10100
   823 10100
   824 10100
   825 10100
   826 10100
   827 10100
   828 10100
   829 10100
   830 10100
   831 10100
   832 10100
   833 10100
   834 10100
   835 10100
   836 10100
   837 10100
   838 10100
   839 10100
   840 10100
   841 10100
   842 10100
   843 10100
   844 10100
   845 10100
   846 10100
   847 10100
   848 10100
   849 10100
   850 10100
   851 10100
   852 10100
   853 10100
   854 10100
   855 10100
   856 10100
   857 10100
   858 10100
   859 10100
   860 10100
   861 10100
   862 10100
   863 10100
   864 10100
   865 10100
   866 10100
   867 10100
   868 10100
   869 10100
   870 10100
   871 10100
   872 10100
   873 10100
   874 10100
   875 10100
   876 10100
   877 10100
   878 10100
   879 10100
   880 10100
   881 10100
   882 10100
   883 10100
   884 10100
   885 10100
   886 10100
   887 10100
   888 10100
   889 10100
   890 10100
   891 10100
   892 10100
   893 10100
   894 10100
   895 10100
   896 10100
   897 10100
   898 10100
   899 10100
   900 10100
   901 10100
   902 10100
   903 10100
   904 10100
   905 10100
   906 10100
   907 10100
   908 10100
   909 10100
   910 10100
   911 10100
   912 10100
   913 10100
   914 10100
   915 10100
   916 10100
   917 10100
   918 10100
   919 10100
   920 10100
   921 10100
   922 10100
   923 10100
   924 10100
   925 10100
   926 10100
   927 10100
   928 10100
   929 10100
   930 10100
   931 10100
   932 10100
   933 10100
   934 10100
   935 10100
   936 10100
   937 10100
   938 10100
   939 10100
   940 10100
   941 10100
   942 10100
   943 10100
   944 10100
   945 10100
   946 10100
   947 10100
   948 10100
   949 10100
   950 10100
   951 10100
   952 10100
   953 10100
   954 10100
   955 10100
   956 10100
   957 10100
   958 10100
   959 10100
   960 10100
   961 10100
   962 10100
   963 10100
   964 10100
   965 10100
   966 10100
   967 10100
   968 10100
   969 10100
   970 10100
   971 10100
   972 10100
   973 10100
   974 10100
   975 10100
   976 10100
   977 10100
   978 10100
   979 10100
   980 10100
   981 10100
   982 10100
   983 10100
   984 10100
   985 10100
   986 10100
   987 10100
   988 10100
   989 10100
   990 10100
   991 10100
   992 10100
   993 10100
   994 10100
   995 10100
   996 10100
   997 10100
   998 10100
   999 10100
  1000 10100
  1001 10100
  1002 10100
  1003 10100
  1004 10100
  1005 10100
  1006 10100
  1007 10100
  1008 10100
  1009 10100
  1010 10100
  1011 10100
  1012 10100
  1013 10100
  1014 10100
  1015 10100
  1016 10100
  1017 10100
  1018 10091
  1019 10141
  1020 10061
  1021 10101
  1022 10101
  1023 10101
  1024 10101
  1025 10101
  1026 10101
  1027 10101
  1028 10101
  1029 10101
  1030 10101
  1031 10101
  1032 10101
  1033 10101
  1034 10101
  1035 10101
  1036 10101
  1037 10101
  1038 10101
  1039 10101
  1040 10101
  1041 10101
  1042 10101
  1043 10101
  1044 10101
  1045 10101
  1046 10101
  1047 10101
  1048 10101
  1049 10101
  1050 10101
  1051 10101
  1052 10101
  1053 10101
  1054 10101
  1055 10101
  1056 10101
  1057 10101
  1058 10101
  1059 10101
  1060 10101
  1061 10101
  1062 10101
  1063 10101
  1064 10101
  1065 10101
  1066 10101
  1067 10101
  1068 10101
  1069 10101
  1070 10101
  1071 10101
  1072 10101
  1073 10101
  1074 10101
  1075 10101
  1076 10101
  1077 10101
  1078 10101
  1079 10101
  1080 10101
  1081 10101
  1082 10101
  1083 10101
  1084 10101
  1085 10101
  1086 10101
  1087 10101
  1088 10101
  1089 10101
  1090 10101
  1091 10101
  1092 10101
  1093 10101
  1094 10101
  1095 10101
  1096 10101
  1097 10101
  1098 10101
  1099 10101
  1100 10101
  1101 10101
  1102 10101
  1103 10101
  1104 10101
  1105 10101
  1106 10101
  1107 10101
  1108 10101
  1109 10101
  1110 10101
  1111 10101
  1112 10101
  1113 10101
  1114 10101
  1115 10101
  1116 10101
  1117 10101
  1118 10101
  1119 10101
  1120 10101
  1121 10101
  1122 10101
  1123 10101
  1124 10101
  1125 10101
  1126 10101
  1127 10101
  1128 10101
  1129 10101
  1130 10101
  1131 10101
  1132 10101
  1133 10101
  1134 10101
  1135 10101
  1136 10101
  1137 10101
  1138 10101
  1139 10101
  1140 10101
  1141 10101
  1142 10101
  1143 10101
  1144 10101
  1145 10101
  1146 10101
  1147 10101
  1148 10101
  1149 10101
  1150 10101
  1151 10101
  1152 10101
  1153 10101
  1154 10101
  1155 10101
  1156 10101
  1157 10101
  1158 10101
  1159 10101
  1160 10101
  1161 10101
  1162 10101
  1163 10101
  1164 10101
  1165 10101
  1166 10101
  1167 10101
  1168 10101
  1169 10101
  1170 10101
  1171 10101
  1172 10101
  1173 10101
  1174 10101
  1175 10101
  1176 10101
  1177 10101
  1178 10101
  1179 10101
  1180 10101
  1181 10101
  1182 10101
  1183 10101
  1184 10101
  1185 10101
  1186 10101
  1187 10101
  1188 10101
  1189 10101
  1190 10101
  1191 10101
  1192 10101
  1193 10101
  1194 10101
  1195 10101
  1196 10101
  1197 10101
  1198 10101
  1199 10101
  1200 10101
  1201 10101
  1202 10101
  1203 10101
  1204 10101
  1205 10101
  1206 10101
  1207 10101
  1208 10101
  1209 10101
  1210 10101
  1211 10101
  1212 10101
  1213 10101
  1214 10101
  1215 10101
  1216 10101
  1217 10101
  1218 10101
  1219 10101
  1220 10101
  1221 10101
  1222 10101
  1223 10101
  1224 10101
  1225 10101
  1226 10101
  1227 10101
  1228 10101
  1229 10101
  1230 10101
  1231 10101
  1232 10101
  1233 10101
  1234 10101
  1235 10101
  1236 10101
  1237 10101
  1238 10101
  1239 10101
  1240 10101
  1241 10101
  1242 10101
  1243 10101
  1244 10101
  1245 10101
  1246 10101
  1247 10101
  1248 10101
  1249 10101
  1250 10101
  1251 10101
  1252 10101
  1253 10101
  1254 10101
  1255 10101
  1256 10101
  1257 10065
  1259 10098
  1260 10098
  1261 10158
  1262 10018
  1263 10040
  1264 10158
  1265 10040
  1266 10040
  1267 10040
  1268 10040
  1269 10040
  1270 10040
  1271 10040
  1272 10040
  1273 10040
  1274 10040
  1275 10040
  1276 10040
  1277 10040
  1278 10040
  1280 10040
  1286 10040
  1288 10040
  1289 10040
  1290 10040
  1291 10098
  1293 10098
  1297 10040
  1298 10040
  1299 10040
  1300 10040
  1301 10040
  1302 10040
  1303 10040
  1304 10040
  1305 10040
  1306 10040
  1307 10040
  1308 10076
  1309 10098
  1310 10106
  1311 10055
  1312 10040
  1313 10040
  1314 10040
  1315 10040
  1320 10040
  1323 10040
  1324 10040
  1325 10040
  1326 10040
  1327 10040
  1328 10018
  1329 10055
  1330 10076
  1331 10055
  1333 10141
  1334 10141
  1335 10169
  1337 10043
  1338 10043
  1339 10091
  1340 10091
  1341 10091
  1342 10091
  1343 10091
  1344 10091
  1345 10091
  1346 10091
  1347 10091
  1348 10091
  1349 10091
  1350 10091
  1351 10091
  1356 10043
  1360 10091
  1361 10091
  1362 10091
  1363 10091
  1364 10091
  1365 10091
  1366 10091
  1367 10091
  1368 10091
  1370 10045
  1371 10019
  1372 10019
  1373 10019
  1374 10151
  1375 10151
  1376 10151
  1377 10011
  1378 10011
  1379 10151
  1380 10011
  1381 10034
  1382 10034
  1383 10034
  1384 10011
  1385 10006
  1386 10034
  1387 10006
  1388 10006
  1389 10006
  1390 10006
  1391 10006
  1392 10006
  1393 10006
  1394 10006
  1395 10006
  1396 10006
  1397 10006
  1398 10006
  1399 10006
  1400 10006
  1401 10006
  1402 10006
  1403 10006
  1404 10006
  1405 10006
  1406 10006
  1407 10006
  1408 10006
  1409 10006
  1410 10006
  1411 10006
  1412 10006
  1413 10006
  1414 10006
  1415 10006
  1416 10006
  1417 10006
  1418 10006
  1419 10006
  1420 10006
  1421 10006
  1422 10006
  1423 10006
  1424 10006
  1425 10006
  1426 10006
  1427 10006
  1428 10006
  1429 10006
  1430 10006
  1431 10006
  1432 10006
  1433 10006
  1434 10006
  1435 10006
  1436 10006
  1437 10006
  1438 10006
  1439 10006
  1440 10006
  1441 10006
  1442 10006
  1443 10006
  1444 10006
  1445 10006
  1446 10006
  1447 10006
  1448 10006
  1449 10006
  1450 10006
  1451 10006
  1452 10006
  1453 10006
  1454 10006
  1455 10006
  1456 10006
  1457 10006
  1458 10006
  1459 10006
  1460 10006
  1461 10006
  1462 10006
  1463 10006
  1464 10006
  1465 10006
  1466 10006
  1467 10006
  1468 10006
  1469 10006
  1470 10006
  1471 10006
  1472 10006
  1473 10006
  1474 10006
  1475 10006
  1476 10006
  1477 10006
  1478 10006
  1479 10006
  1480 10006
  1481 10006
  1482 10006
  1483 10006
  1484 10006
  1485 10006
  1486 10006
  1487 10006
  1488 10006
  1489 10006
  1490 10006
  1491 10006
  1492 10006
  1493 10006
  1494 10006
  1495 10006
  1496 10006
  1497 10006
  1498 10006
  1499 10006
  1500 10006
  1501 10006
  1502 10006
  1503 10006
  1504 10006
  1505 10006
  1506 10006
  1507 10006
  1508 10006
  1509 10006
  1510 10006
  1511 10006
  1512 10006
  1513 10006
  1514 10006
  1515 10006
  1516 10006
  1517 10006
  1518 10006
  1519 10006
  1520 10006
  1521 10006
  1522 10006
  1523 10006
  1524 10006
  1525 10006
  1526 10006
  1527 10006
  1528 10006
  1529 10006
  1530 10006
  1531 10006
  1532 10006
  1533 10006
  1534 10006
  1535 10006
  1536 10006
  1537 10006
  1538 10006
  1539 10006
  1540 10006
  1541 10006
  1542 10006
  1543 10006
  1544 10006
  1545 10006
  1546 10006
  1547 10006
  1548 10006
  1549 10006
  1550 10006
  1551 10006
  1552 10006
  1553 10006
  1554 10006
  1555 10006
  1556 10006
  1557 10006
  1558 10006
  1559 10006
  1560 10006
  1561 10006
  1562 10006
  1563 10006
  1564 10006
  1565 10006
  1566 10006
  1567 10006
  1568 10006
  1569 10006
  1570 10006
  1571 10006
  1572 10006
  1573 10006
  1574 10006
  1575 10006
  1576 10006
  1577 10006
  1578 10006
  1579 10006
  1580 10006
  1581 10006
  1582 10006
  1583 10006
  1584 10006
  1585 10006
  1586 10006
  1587 10006
  1588 10006
  1589 10006
  1590 10006
  1591 10006
  1592 10006
  1593 10006
  1594 10006
  1595 10006
  1596 10006
  1597 10006
  1598 10006
  1599 10006
  1600 10006
  1601 10006
  1602 10006
  1603 10006
  1604 10006
  1605 10006
  1606 10006
  1607 10006
  1608 10006
  1609 10006
  1610 10006
  1611 10006
  1612 10006
  1613 10006
  1614 10006
  1615 10006
  1616 10152
  1617 10152
  1618 10019
  1619 10019
  1620 10041
  1629 10131
  1630 10131
  1631 10131
  1632 10131
  1633 10131
  1634 10131
  1635 10131
  1636 10125
  1637 10125
  1638 10125
  1639 10125
  1640 10125
  1641 10125
  1642 10125
  1643 10125
  1644 10125
  1645 10125
  1646 10125
  1647 10125
  1648 10125
  1649 10125
  1650 10125
  1651 10125
  1652 10125
  1653 10125
  1654 10105
  1655 10105
  1656 10105
  1657 10105
  1658 10125
  1659 10131
  1660 10131
  1661 10131
  1662 10131
  1663 10131
  1664 10131
  1665 10112
  1666 10131
  1667 10131
  1668 10131
  1669 10131
  1670 10131
  1671 10131
  1672 10131
  1673 10131
  1674 10131
  1675 10131
  1676 10131
  1677 10131
  1678 10131
  1679 10131
  1680 10131
  1681 10131
  1682 10131
  1683 10131
  1684 10131
  1685 10131
  1686 10131
  1687 10131
  1688 10131
  1689 10131
  1690 10131
  1691 10131
  1692 10131
  1693 10131
  1694 10131
  1695 10131
  1696 10131
  1697 10131
  1698 10131
  1699 10131
  1700 10131
  1701 10131
  1702 10131
  1703 10131
  1704 10131
  1705 10131
  1706 10131
  1707 10131
  1708 10131
  1709 10131
  1710 10131
  1711 10131
  1712 10131
  1713 10131
  1714 10131
  1715 10131
  1716 10131
  1717 10131
  1718 10131
  1719 10131
  1720 10131
  1721 10131
  1722 10131
  1723 10131
  1724 10105
  1725 10131
  1726 10131
  1727 10131
  1728 10131
  1729 10131
  1730 10131
  1731 10131
  1732 10131
  1733 10131
  1734 10131
  1735 10131
  1736 10131
  1737 10131
  1738 10131
  1739 10131
  1740 10131
  1741 10131
  1742 10131
  1743 10131
  1744 10131
  1745 10131
  1746 10131
  1747 10131
  1748 10131
  1749 10131
  1750 10131
  1751 10131
  1752 10131
  1753 10131
  1754 10131
  1755 10131
  1756 10131
  1757 10131
  1758 10131
  1759 10131
  1760 10131
  1761 10131
  1762 10131
  1763 10131
  1764 10131
  1765 10131
  1766 10131
  1767 10131
  1768 10131
  1769 10131
  1770 10131
  1771 10131
  1772 10131
  1773 10131
  1774 10131
  1775 10131
  1776 10131
  1777 10131
  1778 10131
  1779 10131
  1780 10131
  1781 10131
  1782 10131
  1783 10131
  1784 10131
  1785 10131
  1786 10131
  1787 10131
  1788 10131
  1789 10131
  1790 10131
  1791 10131
  1792 10131
  1793 10131
  1794 10131
  1795 10131
  1796 10131
  1797 10131
  1798 10131
  1799 10131
  1800 10131
  1801 10131
  1802 10131
  1803 10131
  1804 10131
  1805 10131
  1806 10131
  1807 10131
  1808 10131
  1809 10131
  1810 10131
  1811 10131
  1812 10131
  1813 10131
  1814 10131
  1815 10131
  1816 10131
  1817 10131
  1818 10131
  1819 10131
  1820 10131
  1821 10131
  1822 10131
  1823 10131
  1824 10131
  1825 10131
  1826 10131
  1827 10131
  1828 10131
  1829 10131
  1830 10131
  1831 10131
  1832 10131
  1833 10131
  1834 10131
  1835 10131
  1836 10131
  1837 10131
  1838 10131
  1839 10131
  1840 10131
  1841 10131
  1842 10131
  1843 10131
  1844 10131
  1845 10131
  1847 10131
  1849 10112
  1850 10036
