   686 10052
   687 10052
   688 10052
   689 10052
   690 10052
   691 10052
   692 10052
   693 10052
   694 10052
   695 10052
   696 10052
   697 10052
   698 10052
   699 10052
   700 10052
   701 10052
   702 10052
   703 10052
   704 10052
   705 10052
   706 10052
   707 10052
   708 10052
   709 10052
   710 10052
   711 10052
   712 10052
   713 10052
   714 10052
   715 10052
   716 10052
   717 10052
   718 10052
   719 10052
   720 10052
   721 10052
   722 10052
   723 10052
   724 10052
   725 10052
   726 10052
   727 10052
   728 10052
   729 10052
   730 10052
   731 10052
   732 10052
   733 10052
   734 10052
   735 10052
   736 10052
   737 10052
   738 10052
   739 10052
   740 10052
   741 10052
   742 10052
   743 10052
   744 10052
   745 10052
   746 10052
   747 10052
   748 10052
   754 10052
   757 10052
   758 10052
   759 10052
   760 10052
   761 10052
   762 10052
   763 10052
   764 10052
   765 10052
   766 10052
   767 10052
   768 10052
   769 10052
   770 10052
   771 10052
   772 10052
   773 10052
   774 10052
   775 10052
   776 10052
   777 10052
   778 10052
   779 10052
   780 10052
   781 10052
   782 10052
   785 10029
   786 10074
   787 10120
   788 10120
   789 10120
   790 10118
   791 10036
   792 10036
   793 10036
   794 10036
   795 10036
   796 10036
   797 10036
   798 10036
   799 10036
   800 10036
   801 10036
   802 10036
   803 10036
   804 10036
   805 10036
   806 10036
   807 10036
   808 10036
   809 10036
   810 10036
   811 10036
   812 10036
   813 10036
   814 10036
   815 10036
   816 10036
   817 10036
   818 10036
   819 10036
   820 10036
   821 10036
   822 10036
   823 10036
   824 10036
   825 10036
   826 10036
   827 10036
   828 10036
   829 10036
   830 10036
   831 10036
   832 10036
   833 10036
   834 10036
   835 10036
   836 10036
   837 10036
   838 10036
   839 10036
   840 10036
   841 10036
   842 10036
   843 10036
   844 10036
   845 10036
   846 10036
   847 10036
   848 10036
   849 10036
   850 10036
   851 10036
   852 10036
   853 10036
   854 10036
   855 10036
   856 10036
   857 10036
   858 10036
   859 10036
   860 10036
   861 10036
   862 10036
   863 10036
   864 10036
   865 10036
   866 10036
   867 10036
   868 10036
   869 10036
   870 10036
   871 10036
   872 10036
   873 10036
   874 10036
   875 10036
   876 10036
   877 10036
   878 10036
   879 10036
   880 10036
   881 10036
   882 10036
   883 10036
   884 10036
   885 10036
   886 10036
   887 10036
   888 10036
   889 10036
   890 10036
   891 10036
   892 10036
   895 10036
   896 10036
   897 10036
   898 10036
   899 10036
   900 10036
   901 10036
   902 10036
   903 10036
   904 10036
   905 10036
   906 10036
   907 10036
   908 10036
   909 10036
   910 10036
   911 10036
   912 10036
   913 10036
   914 10036
   915 10036
   916 10036
   917 10036
   918 10036
   919 10036
   920 10036
   921 10036
   922 10036
   923 10036
   924 10036
   925 10036
   926 10036
   927 10036
   928 10036
   929 10036
   930 10036
   931 10036
   932 10036
   933 10036
   934 10036
   935 10036
   936 10036
   937 10036
   938 10036
   939 10036
   940 10036
   941 10036
   942 10036
   943 10036
   944 10036
   945 10036
   946 10036
   947 10036
   948 10036
   949 10036
   950 10036
   951 10036
   952 10036
   953 10036
   954 10036
   955 10036
   956 10036
   957 10036
   958 10036
   959 10036
   960 10036
   961 10036
   962 10036
   963 10036
   964 10036
   965 10036
   966 10036
   967 10036
   968 10036
   969 10036
   970 10036
   971 10036
   972 10036
   973 10036
   974 10036
   975 10036
   976 10036
   977 10036
   978 10036
   979 10036
   980 10036
   981 10036
   982 10036
   983 10036
   984 10036
   985 10036
   986 10036
   987 10036
   988 10036
   989 10036
   990 10036
   991 10036
   992 10036
   993 10036
   994 10036
   995 10036
   996 10036
   997 10036
   998 10036
   999 10036
  1000 10036
  1001 10036
  1002 10036
  1003 10036
  1004 10036
  1005 10036
  1006 10036
  1007 10036
  1008 10036
  1009 10036
  1010 10036
  1011 10036
  1012 10036
  1013 10036
  1014 10036
  1015 10036
  1016 10036
  1017 10118
  1018 10130
  1019 10130
  1020 10130
  1021 10130
  1023 10074
  1024 10074
  1025 10074
  1026 10074
  1027 10074
  1028 10167
  1029 10167
  1030 10167
  1031 10167
  1032 10167
  1033 10167
  1034 10167
  1035 10167
  1036 10167
  1037 10167
  1038 10167
  1039 10167
  1040 10167
  1041 10167
  1042 10167
  1043 10167
  1044 10167
  1045 10167
  1046 10167
  1047 10167
  1048 10167
  1049 10167
  1050 10167
  1051 10167
  1052 10167
  1053 10167
  1054 10167
  1055 10167
  1056 10167
  1057 10167
  1058 10167
  1059 10167
  1060 10167
  1061 10167
  1062 10167
  1063 10167
  1064 10167
  1065 10167
  1066 10167
  1067 10167
  1068 10167
  1069 10167
  1070 10167
  1071 10167
  1072 10167
  1073 10167
  1074 10167
  1075 10167
  1076 10167
  1077 10167
  1078 10167
  1079 10167
  1080 10167
  1081 10167
  1082 10167
  1083 10167
  1084 10167
  1085 10167
  1086 10167
  1087 10167
  1088 10167
  1089 10167
  1090 10167
  1091 10167
  1092 10167
  1093 10167
  1094 10167
  1095 10167
  1096 10167
  1097 10167
  1098 10167
  1099 10167
  1100 10167
  1101 10167
  1102 10167
  1103 10167
  1104 10167
  1105 10167
  1106 10167
  1107 10167
  1108 10167
  1109 10167
  1110 10167
  1111 10167
  1112 10167
  1113 10167
  1114 10167
  1115 10167
  1116 10167
  1117 10167
  1118 10167
  1119 10167
  1120 10167
  1121 10167
  1122 10167
  1123 10167
  1124 10167
  1125 10167
  1126 10167
  1127 10167
  1128 10167
  1129 10167
  1130 10167
  1131 10167
  1132 10167
  1133 10167
  1134 10167
  1135 10167
  1136 10167
  1137 10167
  1138 10167
  1139 10167
  1140 10167
  1141 10167
  1142 10167
  1143 10167
  1144 10167
  1145 10167
  1146 10167
  1147 10167
  1148 10167
  1149 10167
  1150 10167
  1151 10167
  1152 10167
  1153 10167
  1154 10167
  1155 10167
  1156 10167
  1157 10167
  1158 10167
  1159 10167
  1160 10167
  1161 10167
  1162 10049
  1163 10167
  1164 10167
  1165 10167
  1166 10167
  1167 10167
  1168 10167
  1169 10167
  1170 10167
  1171 10167
  1172 10167
  1173 10167
  1174 10167
  1175 10167
  1176 10167
  1177 10167
  1178 10167
  1179 10167
  1180 10167
  1181 10167
  1182 10167
  1183 10167
  1184 10167
  1185 10167
  1186 10167
  1187 10167
  1188 10167
  1189 10167
  1190 10167
  1191 10167
  1192 10167
  1193 10167
  1194 10167
  1195 10167
  1196 10167
  1197 10167
  1198 10167
  1199 10167
  1200 10167
  1201 10167
  1202 10167
  1203 10167
  1204 10167
  1205 10167
  1206 10167
  1207 10167
  1208 10167
  1209 10167
  1210 10167
  1211 10167
  1212 10167
  1213 10167
  1214 10167
  1215 10167
  1216 10167
  1217 10167
  1218 10167
  1219 10167
  1220 10167
  1221 10167
  1222 10167
  1223 10167
  1224 10167
  1225 10167
  1226 10167
  1227 10167
  1228 10167
  1229 10167
  1230 10167
  1231 10167
  1232 10167
  1233 10167
  1234 10167
  1235 10167
  1236 10167
  1237 10167
  1238 10167
  1239 10167
  1240 10167
  1241 10167
  1242 10167
  1243 10167
  1244 10167
  1245 10167
  1246 10167
  1247 10167
  1248 10167
  1249 10167
  1250 10167
  1251 10167
  1252 10167
  1253 10167
  1254 10167
  1255 10167
  1256 10167
  1257 10167
  1258 10167
  1259 10167
  1260 10167
  1261 10167
  1262 10167
  1282 10055
  1283 10018
  1284 10018
  1285 10018
  1286 10018
  1287 10018
  1288 10018
  1289 10055
  1290 10055
  1291 10055
  1292 10055
  1293 10055
  1294 10018
  1295 10055
  1296 10055
  1297 10055
  1298 10158
  1299 10018
  1300 10018
  1301 10018
  1302 10018
  1303 10158
  1304 10018
  1305 10018
  1306 10018
  1307 10018
  1308 10018
  1309 10018
  1310 10018
  1311 10018
  1312 10018
  1313 10018
  1314 10018
  1315 10018
  1316 10018
  1317 10055
  1318 10018
  1319 10018
  1320 10018
  1321 10018
  1322 10018
  1323 10018
  1324 10018
  1325 10018
  1326 10018
  1327 10018
  1328 10018
  1329 10055
  1330 10055
  1331 10055
  1332 10055
  1333 10055
  1334 10055
  1335 10055
  1336 10076
  1338 10101
  1339 10101
  1340 10169
  1343 10091
  1344 10091
  1345 10091
  1346 10019
  1347 10019
  1348 10019
  1349 10019
  1350 10019
  1351 10011
  1352 10152
  1354 10151
  1355 10151
  1356 10011
  1357 10011
  1358 10011
  1359 10011
  1360 10019
  1361 10019
  1362 10019
  1363 10019
  1364 10091
  1365 10091
  1366 10091
  1368 10086
  1369 10086
  1370 10076
  1371 10076
  1372 10076
  1373 10086
  1374 10076
  1375 10076
  1376 10076
  1377 10076
  1378 10086
  1379 10076
  1380 10086
  1381 10086
  1382 10076
  1383 10086
  1384 10076
  1385 10076
  1386 10076
  1387 10076
  1388 10076
  1389 10076
  1390 10076
  1391 10076
  1392 10076
  1393 10076
  1394 10076
  1395 10076
  1396 10076
  1397 10076
  1398 10076
  1399 10076
  1400 10076
  1401 10076
  1402 10076
  1403 10076
  1404 10076
  1405 10076
  1406 10076
  1407 10076
  1408 10076
  1409 10076
  1410 10076
  1411 10076
  1412 10076
  1413 10076
  1414 10076
  1415 10076
  1416 10076
  1417 10076
  1418 10076
  1419 10076
  1420 10076
  1421 10076
  1422 10076
  1423 10076
  1424 10076
  1425 10076
  1426 10076
  1427 10076
  1428 10076
  1429 10076
  1430 10076
  1431 10076
  1432 10076
  1433 10076
  1434 10076
  1435 10076
  1436 10076
  1437 10076
  1438 10076
  1439 10076
  1440 10076
  1441 10076
  1442 10076
  1443 10076
  1444 10076
  1445 10076
  1446 10076
  1447 10076
  1448 10076
  1449 10076
  1450 10076
  1451 10076
  1452 10076
  1453 10076
  1454 10076
  1455 10076
  1456 10076
  1457 10076
  1458 10076
  1459 10076
  1460 10076
  1461 10076
  1462 10076
  1463 10076
  1464 10076
  1465 10076
  1466 10076
  1467 10076
  1468 10076
  1469 10076
  1470 10076
  1471 10076
  1472 10076
  1473 10076
  1474 10076
  1475 10076
  1476 10076
  1477 10076
  1478 10076
  1479 10076
  1480 10076
  1481 10076
  1482 10076
  1485 10076
  1486 10076
  1487 10076
  1490 10076
  1491 10076
  1492 10076
  1493 10076
  1494 10076
  1495 10076
  1496 10076
  1497 10076
  1498 10086
  1499 10086
  1500 10086
  1501 10086
  1502 10086
  1503 10086
  1504 10086
  1505 10086
  1506 10086
  1507 10086
  1508 10086
  1509 10086
  1510 10086
  1511 10086
  1512 10086
  1513 10086
  1514 10086
  1515 10086
  1516 10086
  1517 10086
  1518 10086
  1519 10086
  1520 10086
  1521 10086
  1522 10086
  1523 10086
  1524 10086
  1525 10086
  1526 10086
  1527 10086
  1528 10086
  1529 10086
  1530 10086
  1531 10086
  1532 10086
  1533 10086
  1534 10086
  1535 10086
  1536 10086
  1537 10086
  1538 10086
  1539 10086
  1540 10086
  1541 10086
  1542 10086
  1543 10086
  1544 10086
  1545 10086
  1546 10086
  1547 10055
  1548 10086
  1549 10086
  1550 10055
  1551 10055
  1552 10086
  1553 10086
  1554 10086
  1555 10086
  1556 10086
  1557 10086
  1558 10086
  1559 10086
  1560 10086
  1561 10086
  1562 10086
  1563 10086
  1564 10086
  1565 10086
  1566 10086
  1567 10055
  1568 10086
  1569 10086
  1570 10086
  1571 10086
  1572 10086
  1573 10086
  1574 10086
  1575 10086
  1576 10086
  1577 10086
  1578 10086
  1579 10086
  1580 10086
  1581 10086
  1582 10086
  1583 10086
  1584 10086
  1585 10086
  1586 10086
  1587 10086
  1588 10086
  1589 10086
  1590 10086
  1591 10086
  1592 10086
  1593 10086
  1594 10086
  1595 10086
  1596 10086
  1597 10086
  1598 10086
  1599 10086
  1600 10086
  1601 10086
  1602 10086
  1603 10086
  1604 10086
  1605 10086
  1606 10086
  1607 10086
  1608 10086
  1609 10086
  1610 10086
  1611 10086
  1612 10086
  1613 10086
  1614 10086
  1615 10086
  1616 10086
  1617 10086
  1618 10086
  1619 10086
  1620 10163
  1621 10123
  1622 10123
  1623 10123
  1624 10123
  1626 10143
  1627 10154
  1628 10143
  1629 10143
  1630 10143
  1631 10143
  1632 10143
  1633 10143
  1634 10143
  1635 10143
  1636 10123
  1637 10143
  1638 10143
  1639 10016
  1640 10123
  1641 10123
  1644 10123
  1645 10123
  1646 10123
  1647 10123
  1648 10123
  1649 10091
  1650 10091
  1651 10091
  1652 10091
  1657 10042
  1658 10152
  1659 10042
  1660 10042
  1661 10011
  1662 10023
  1663 10023
  1664 10023
  1665 10023
  1666 10019
  1667 10019
  1668 10019
  1669 10019
  1670 10019
  1675 10091
  1676 10091
  1677 10091
  1678 10091
  1679 10091
  1687 10055
  1688 10018
  1689 10018
  1690 10018
  1691 10018
  1692 10018
  1693 10018
  1694 10018
  1695 10018
  1696 10018
  1697 10018
  1698 10018
  1699 10018
  1700 10018
  1701 10018
  1702 10018
  1703 10018
  1704 10018
  1705 10018
  1706 10158
  1707 10158
  1708 10158
  1709 10158
  1710 10158
  1711 10018
  1712 10018
  1713 10018
  1714 10018
  1715 10018
  1716 10018
  1717 10018
  1718 10018
  1719 10158
  1720 10158
  1721 10158
  1722 10158
  1723 10158
  1724 10158
  1725 10158
  1726 10018
  1727 10018
  1728 10018
  1729 10018
  1730 10018
  1731 10018
  1732 10018
  1733 10018
  1734 10018
  1735 10018
  1736 10018
  1737 10018
  1738 10018
  1739 10018
  1740 10018
  1741 10018
  1742 10018
  1743 10018
  1744 10018
  1745 10018
  1746 10018
  1747 10018
  1748 10018
  1749 10055
  1750 10055
  1753 10055
  1754 10055
  1755 10055
  1756 10055
  1757 10055
  1758 10055
  1759 10055
  1760 10055
  1761 10018
  1762 10018
  1763 10018
  1764 10018
  1765 10055
  1766 10055
  1767 10055
  1768 10055
  1769 10055
  1770 10055
  1771 10055
  1772 10076
  1773 10055
  1774 10055
  1775 10055
  1776 10055
  1777 10055
  1778 10055
  1779 10055
  1780 10055
  1781 10018
  1782 10018
  1783 10018
  1784 10018
  1785 10055
  1786 10055
  1787 10055
  1788 10055
  1789 10055
  1790 10055
  1791 10055
  1792 10018
  1793 10018
  1794 10018
  1795 10018
  1796 10018
  1797 10018
  1798 10018
  1799 10158
  1800 10140
  1801 10140
  1802 10140
  1803 10018
  1804 10018
  1805 10018
  1806 10018
  1807 10018
  1808 10018
  1809 10018
  1810 10018
  1811 10018
  1812 10018
  1813 10018
  1814 10018
  1815 10055
  1816 10055
  1817 10055
  1818 10055
  1819 10055
  1820 10018
  1821 10018
  1822 10018
  1823 10018
  1824 10140
  1825 10140
  1826 10140
  1827 10140
  1828 10055
  1829 10055
  1830 10055
  1831 10055
  1832 10018
  1833 10018
  1834 10018
  1835 10018
  1836 10018
  1837 10018
  1838 10018
  1839 10018
  1840 10018
  1841 10018
  1842 10018
  1843 10018
  1844 10018
  1845 10018
  1846 10018
  1847 10018
  1848 10055
  1849 10076
  1850 10076
  1851 10055
  1852 10076
  1853 10076
  1857 10067
  1862 10101
  1863 10123
  1864 10123
  1865 10123
  1866 10123
  1867 10123
  1868 10123
  1869 10123
  1870 10123
  1871 10123
  1872 10123
  1873 10123
  1874 10123
  1875 10123
  1876 10123
  1877 10123
  1878 10123
  1879 10123
  1880 10123
  1881 10123
  1882 10123
  1883 10123
  1884 10123
  1885 10123
  1886 10123
  1887 10123
  1888 10123
  1889 10123
  1890 10123
  1891 10123
  1892 10123
  1893 10123
  1894 10123
  1895 10123
  1896 10123
  1897 10123
  1898 10123
  1899 10123
  1900 10154
  1901 10154
  1902 10154
  1903 10154
  1904 10154
  1905 10154
  1906 10123
  1907 10154
  1908 10154
  1909 10154
  1910 10154
  1911 10154
  1912 10154
  1913 10123
  1914 10123
  1915 10154
  1916 10154
  1917 10154
  1918 10154
  1919 10154
  1920 10154
  1921 10154
  1922 10154
  1923 10154
  1924 10154
  1925 10154
  1926 10154
  1927 10154
  1928 10154
  1929 10154
  1930 10154
  1931 10154
  1932 10154
  1933 10154
  1934 10154
  1935 10154
  1936 10154
  1937 10154
  1938 10154
  1939 10123
  1940 10123
  1941 10154
  1942 10154
  1943 10154
  1944 10154
  1945 10154
  1946 10154
  1947 10154
  1948 10154
  1949 10154
  1950 10154
  1951 10123
  1952 10154
  1953 10154
  1954 10154
  1955 10154
  1956 10154
  1957 10154
  1958 10154
  1959 10154
  1960 10154
  1961 10062
  1962 10062
  1963 10154
  1964 10154
  1965 10062
  1966 10154
  1967 10154
  1968 10123
  1969 10154
  1970 10154
  1971 10154
  1972 10154
  1973 10154
  1974 10154
  1975 10154
  1976 10154
  1977 10154
  1978 10154
  1979 10154
  1980 10154
  1981 10154
  1982 10154
  1983 10123
  1984 10123
  1985 10154
  1986 10154
  1987 10154
  1988 10123
  1989 10154
  1990 10123
  1991 10123
  1992 10123
  1993 10123
  1994 10123
  1995 10154
  1996 10154
  1997 10154
  1998 10123
  1999 10123
  2000 10154
  2001 10154
  2010 10091
  2015 10042
  2025 10082
  2026 10019
  2027 10082
