   600 10007
   601 10007
   602 10007
   603 10007
   604 10137
   606 10007
   607 10007
   608 10007
   609 10007
   610 10007
   611 10007
   637 10007
   638 10007
   639 10007
   640 10007
   641 10007
   644 10007
   645 10007
   646 10007
   647 10007
   648 10007
   649 10007
   650 10007
   651 10007
   652 10007
   653 10007
   703 10065
   704 10065
   705 10065
   706 10050
   707 10050
   708 10050
   709 10065
   710 10065
   711 10050
   712 10050
   713 10050
   714 10065
   715 10065
   716 10065
   717 10065
   718 10065
   719 10065
   720 10065
   721 10065
   722 10065
   723 10065
   724 10065
   725 10065
   726 10065
   727 10065
   728 10065
   729 10065
   730 10065
   731 10065
   732 10065
   733 10065
   734 10065
   735 10065
   736 10065
   737 10065
   738 10065
   739 10065
   740 10065
   741 10065
   742 10065
   743 10065
   744 10065
   745 10065
   746 10065
   747 10065
   748 10065
   749 10065
   750 10065
   751 10065
   752 10065
   753 10065
   754 10065
   755 10065
   756 10065
   757 10065
   758 10065
   759 10065
   760 10065
   761 10065
   762 10065
   763 10065
   764 10065
   765 10065
   766 10065
   767 10065
   768 10065
   769 10065
   770 10065
   771 10065
   772 10065
   773 10065
   774 10065
   775 10065
   776 10065
   777 10031
   778 10031
   779 10031
   780 10031
   781 10101
   785 10028
   786 10028
   787 10028
   788 10019
   789 10019
   790 10019
   791 10019
   792 10066
   793 10066
   794 10066
   795 10066
   796 10020
   797 10020
   798 10066
   799 10028
   800 10028
   801 10028
   802 10028
   803 10028
   804 10028
   805 10028
   806 10028
   807 10028
   808 10028
   809 10028
   810 10028
   821 10066
   830 10129
   831 10129
   837 10076
   838 10084
   839 10084
   840 10084
   841 10084
   842 10031
   843 10031
   844 10031
   845 10031
   846 10031
   847 10031
   848 10031
   849 10031
   850 10031
   851 10093
   852 10093
   853 10093
   854 10085
   856 10085
   857 10014
   858 10014
   859 10014
   860 10167
   861 10145
   862 10145
   863 10145
   864 10154
   865 10115
   866 10154
   867 10154
   868 10154
   869 10154
   870 10154
   891 10094
   892 10094
   893 10094
   894 10094
   895 10094
   896 10094
   897 10094
   898 10094
   899 10094
   900 10094
   901 10094
   902 10087
   903 10087
   904 10087
   905 10071
   906 10071
   907 10071
   909 10091
   910 10043
   911 10091
   912 10091
   913 10091
   914 10039
   915 10039
   916 10002
   917 10002
   918 10002
   919 10002
   920 10002
   921 10028
   922 10028
   923 10028
   924 10028
   925 10028
   926 10152
   927 10152
   928 10019
   929 10019
   930 10049
   931 10028
   932 10028
   933 10028
   934 10028
   935 10019
   936 10019
   937 10019
   938 10028
   939 10028
   940 10066
   941 10020
   942 10066
   943 10066
   944 10066
   948 10028
   951 10028
   954 10164
   955 10164
   956 10128
   958 10031
   959 10031
   960 10031
   961 10031
   962 10031
   963 10031
   964 10031
   965 10154
   966 10031
   967 10031
   968 10031
   969 10031
   970 10031
   971 10031
   972 10031
   973 10031
   974 10031
   975 10031
   976 10031
   977 10031
   978 10031
   979 10031
   980 10031
   981 10031
   982 10031
   983 10031
   984 10031
   985 10031
   986 10031
   987 10031
   988 10031
   989 10031
   990 10031
   991 10031
   992 10031
   993 10031
   994 10031
   995 10031
   996 10031
   997 10031
   998 10031
   999 10031
  1000 10031
  1001 10031
  1002 10031
  1003 10031
  1004 10031
  1005 10154
  1006 10031
  1007 10031
  1008 10031
  1009 10031
  1010 10031
  1011 10031
  1012 10031
  1013 10031
  1014 10031
  1015 10031
  1016 10031
  1017 10031
  1018 10031
  1019 10031
  1020 10031
  1021 10031
  1022 10031
  1023 10031
  1024 10031
  1026 10137
  1028 10007
  1029 10007
  1030 10007
  1031 10007
  1032 10007
  1033 10007
  1034 10007
  1035 10007
  1036 10007
  1037 10007
  1038 10007
  1039 10007
  1040 10007
  1041 10007
  1042 10007
  1043 10007
  1044 10007
  1045 10007
  1046 10007
  1047 10007
  1048 10007
  1049 10007
  1050 10007
  1051 10007
  1052 10007
  1053 10007
  1054 10007
  1055 10007
  1056 10007
  1057 10007
  1058 10007
  1059 10007
  1060 10007
  1061 10007
  1062 10007
  1063 10007
  1064 10007
  1065 10007
  1066 10007
  1067 10007
  1068 10007
  1069 10007
  1070 10007
  1071 10007
  1072 10007
  1073 10007
  1074 10007
  1075 10007
  1076 10007
  1077 10007
  1078 10007
  1079 10007
  1080 10007
  1081 10007
  1082 10007
  1083 10007
  1084 10007
  1085 10007
  1086 10007
  1087 10007
  1088 10007
  1089 10007
  1090 10007
  1091 10007
  1092 10007
  1093 10007
  1094 10007
  1095 10007
  1096 10007
  1097 10007
  1098 10007
  1099 10007
  1100 10007
  1101 10007
  1102 10007
  1103 10007
  1104 10007
  1105 10007
  1106 10007
  1107 10007
  1108 10007
  1109 10007
  1110 10007
  1111 10007
  1112 10007
  1113 10007
  1114 10007
  1115 10007
  1116 10007
  1117 10007
  1118 10007
  1119 10007
  1120 10007
  1121 10007
  1122 10007
  1123 10007
  1124 10007
  1125 10007
  1126 10007
  1127 10007
  1128 10007
  1129 10007
  1130 10007
  1131 10007
  1132 10007
  1133 10007
  1134 10007
  1135 10007
  1136 10007
  1137 10007
  1138 10007
  1139 10007
  1140 10007
  1141 10007
  1142 10007
  1143 10007
  1144 10007
  1145 10007
  1146 10007
  1147 10007
  1148 10007
  1149 10007
  1150 10007
  1151 10007
  1152 10007
  1153 10007
  1154 10007
  1155 10007
  1156 10007
  1157 10007
  1158 10007
  1159 10007
  1160 10007
  1161 10007
  1162 10007
  1163 10007
  1164 10007
  1165 10007
  1166 10007
  1167 10007
  1168 10007
  1169 10007
  1170 10007
  1171 10007
  1172 10007
  1173 10007
  1174 10007
  1175 10007
  1176 10007
  1177 10007
  1178 10007
  1179 10007
  1180 10007
  1181 10007
  1182 10007
  1183 10007
  1184 10007
  1185 10007
  1186 10007
  1187 10007
  1188 10007
  1189 10007
  1190 10007
  1191 10007
  1192 10007
  1193 10007
  1194 10007
  1195 10007
  1196 10007
  1197 10007
  1198 10007
  1199 10007
  1200 10007
  1201 10007
  1202 10007
  1203 10007
  1204 10007
  1205 10007
  1206 10007
  1207 10007
  1208 10007
  1209 10007
  1210 10007
  1211 10007
  1212 10007
  1213 10007
  1214 10007
  1215 10007
  1216 10007
  1217 10007
  1218 10007
  1219 10007
  1220 10007
  1221 10007
  1222 10007
  1223 10007
  1224 10007
  1225 10007
  1226 10007
  1227 10007
  1228 10007
  1229 10007
  1230 10007
  1231 10007
  1232 10007
  1233 10007
  1234 10007
  1235 10007
  1236 10007
  1237 10007
  1238 10007
  1239 10007
  1240 10007
  1241 10007
  1242 10007
  1243 10007
  1244 10007
  1245 10007
  1246 10007
  1247 10007
  1248 10007
  1249 10007
  1250 10007
  1251 10007
  1252 10007
  1253 10007
  1255 10007
  1256 10007
  1257 10007
  1258 10007
  1259 10007
  1260 10007
  1261 10007
  1262 10007
  1263 10007
  1264 10007
  1265 10007
  1266 10102
  1267 10102
  1268 10029
  1269 10029
  1270 10029
  1271 10029
  1272 10029
  1273 10029
  1274 10029
  1275 10029
  1276 10029
  1277 10029
  1278 10029
  1279 10029
  1280 10029
  1281 10029
  1282 10029
  1283 10029
  1284 10029
  1285 10029
  1286 10029
  1287 10029
  1288 10029
  1289 10029
  1290 10029
  1291 10029
  1292 10029
  1293 10029
  1294 10029
  1295 10029
  1296 10029
  1297 10029
  1298 10029
  1299 10029
  1300 10029
  1301 10029
  1302 10029
  1303 10029
  1304 10029
  1305 10029
  1306 10029
  1307 10029
  1308 10029
  1309 10029
  1310 10029
  1311 10029
  1312 10029
  1313 10029
  1314 10029
  1315 10029
  1316 10029
  1317 10029
  1318 10029
  1319 10029
  1320 10029
  1321 10029
  1322 10029
  1323 10029
  1324 10029
  1325 10029
  1326 10029
  1327 10029
  1328 10029
  1329 10029
  1330 10029
  1331 10029
  1332 10029
  1333 10029
  1334 10029
  1335 10029
  1336 10029
  1337 10029
  1338 10029
  1339 10029
  1340 10029
  1341 10029
  1342 10029
  1343 10029
  1344 10029
  1345 10029
  1346 10029
  1347 10029
  1348 10029
  1349 10029
  1350 10029
  1351 10029
  1352 10029
  1353 10029
  1354 10029
  1355 10029
  1356 10029
  1357 10029
  1358 10029
  1359 10029
  1360 10029
  1361 10029
  1362 10029
  1363 10029
  1364 10029
  1365 10029
  1366 10029
  1367 10029
  1368 10029
  1369 10029
  1370 10029
  1371 10029
  1372 10029
  1373 10029
  1374 10029
  1375 10029
  1376 10029
  1377 10029
  1378 10029
  1379 10029
  1380 10029
  1381 10029
  1382 10029
  1383 10029
  1384 10029
  1385 10029
  1386 10029
  1387 10029
  1388 10029
  1389 10029
  1390 10029
  1391 10029
  1392 10029
  1393 10029
  1394 10029
  1395 10029
  1396 10029
  1397 10029
  1398 10029
  1399 10029
  1400 10029
  1401 10029
  1402 10029
  1403 10029
  1404 10029
  1405 10029
  1406 10029
  1407 10029
  1408 10029
  1409 10029
  1410 10029
  1411 10029
  1412 10029
  1413 10029
  1414 10029
  1415 10029
  1416 10029
  1417 10029
  1418 10029
  1419 10029
  1420 10029
  1421 10029
  1422 10147
  1423 10029
  1424 10029
  1425 10029
  1426 10029
  1427 10029
  1428 10029
  1429 10029
  1430 10029
  1431 10029
  1432 10029
  1433 10029
  1434 10029
  1435 10029
  1436 10029
  1437 10029
  1438 10029
  1439 10029
  1440 10029
  1441 10029
  1442 10029
  1443 10029
  1444 10029
  1445 10029
  1446 10029
  1447 10029
  1448 10029
  1449 10029
  1450 10029
  1451 10029
  1452 10029
  1453 10029
  1454 10029
  1455 10029
  1456 10029
  1457 10029
  1458 10029
  1459 10029
  1460 10029
  1461 10029
  1462 10029
  1463 10029
  1464 10029
  1465 10029
  1466 10029
  1467 10029
  1468 10029
  1469 10029
  1470 10029
  1471 10029
  1472 10029
  1473 10029
  1474 10029
  1475 10029
  1476 10029
  1477 10029
  1478 10029
  1479 10029
  1480 10029
  1481 10029
  1482 10029
  1483 10029
  1484 10029
  1485 10029
  1486 10029
  1487 10029
  1488 10029
  1489 10029
  1490 10029
  1491 10029
  1492 10029
  1493 10029
  1494 10029
  1495 10029
  1496 10029
  1498 10154
  1499 10154
  1500 10016
  1501 10154
  1502 10016
  1503 10016
  1504 10143
  1505 10143
  1506 10081
  1507 10016
  1508 10016
  1509 10154
  1510 10154
  1511 10076
  1512 10023
  1513 10023
  1514 10018
  1515 10018
  1516 10018
  1517 10018
  1518 10018
  1519 10018
  1520 10055
  1521 10055
  1522 10055
  1523 10055
  1524 10055
  1525 10055
  1526 10055
  1527 10055
  1528 10055
  1529 10055
  1530 10055
  1531 10055
  1532 10055
  1533 10055
  1534 10055
  1535 10055
  1536 10055
  1537 10055
  1538 10055
  1539 10018
  1540 10055
  1541 10055
  1542 10055
  1543 10031
  1544 10031
  1545 10031
  1546 10031
  1547 10031
  1548 10031
  1549 10031
  1550 10031
  1551 10031
  1552 10031
  1553 10031
  1554 10031
  1555 10031
  1556 10031
  1557 10031
  1558 10031
  1559 10031
  1560 10031
  1561 10031
  1562 10031
  1563 10031
  1564 10031
  1565 10055
  1566 10086
  1567 10031
  1568 10031
  1569 10031
  1570 10031
  1571 10031
  1572 10076
  1573 10031
  1574 10031
  1575 10031
  1576 10031
  1577 10031
  1578 10031
  1579 10031
  1580 10031
  1581 10031
  1582 10031
  1583 10031
  1584 10031
  1585 10031
  1586 10031
  1587 10031
  1588 10031
  1589 10031
  1590 10031
  1591 10031
  1592 10031
  1593 10031
  1594 10031
  1595 10031
  1596 10031
  1597 10031
  1598 10031
  1599 10031
  1600 10031
  1601 10031
  1603 10031
  1604 10031
  1605 10031
  1606 10031
  1607 10031
  1608 10031
  1609 10031
  1610 10031
  1611 10031
  1612 10031
  1613 10031
  1614 10031
  1615 10031
  1616 10031
  1617 10031
  1618 10031
  1619 10031
  1620 10031
  1621 10031
  1622 10031
  1623 10031
  1624 10031
  1625 10031
  1626 10031
  1627 10031
  1628 10031
  1631 10123
  1632 10123
  1633 10123
  1634 10123
  1635 10123
  1636 10123
  1637 10123
  1638 10123
  1639 10123
  1640 10123
  1641 10123
  1642 10123
  1643 10123
  1644 10123
  1645 10123
  1646 10123
  1647 10123
  1648 10123
  1649 10123
  1650 10123
  1651 10123
  1652 10123
  1653 10123
  1654 10123
  1655 10123
  1656 10123
  1657 10123
  1658 10123
  1659 10123
  1660 10123
  1661 10123
  1662 10123
  1663 10123
  1664 10123
  1665 10123
  1666 10123
  1667 10123
  1668 10123
  1669 10123
  1670 10123
  1671 10123
  1672 10156
  1673 10156
  1674 10156
  1675 10156
  1676 10156
  1677 10123
  1678 10156
  1679 10123
  1680 10123
  1681 10123
  1682 10123
  1683 10156
  1684 10123
  1685 10156
  1686 10156
  1687 10156
  1688 10156
  1689 10062
  1690 10156
  1691 10156
  1692 10123
  1693 10123
  1694 10156
  1695 10123
  1696 10123
  1697 10156
  1698 10123
  1699 10156
  1700 10123
  1701 10156
  1702 10156
  1703 10156
  1704 10156
  1705 10123
  1706 10156
  1707 10156
  1708 10123
  1709 10123
  1710 10156
  1711 10156
  1712 10123
  1713 10123
  1714 10156
  1715 10156
  1716 10123
  1717 10156
  1718 10123
  1719 10156
  1720 10123
  1721 10156
  1722 10156
  1723 10156
  1724 10156
  1725 10156
  1726 10156
  1727 10156
  1728 10156
  1729 10156
  1730 10156
  1731 10156
  1732 10156
  1733 10156
  1734 10156
  1735 10156
  1736 10156
  1737 10156
  1738 10156
  1739 10156
  1740 10156
  1741 10123
  1742 10156
  1743 10156
  1744 10123
  1745 10123
  1746 10123
  1747 10123
  1748 10156
  1749 10156
  1750 10156
  1751 10123
  1752 10156
  1753 10156
  1754 10156
  1755 10123
  1756 10123
  1757 10156
  1758 10156
  1759 10156
  1760 10156
  1761 10156
  1762 10156
  1763 10123
  1764 10156
  1765 10156
  1766 10156
  1767 10156
  1768 10156
  1769 10086
  1770 10086
  1771 10086
  1772 10086
  1773 10156
  1774 10094
  1775 10064
  1776 10064
  1777 10064
  1778 10064
  1779 10094
  1780 10094
  1781 10094
  1782 10064
  1783 10094
  1784 10094
