   683 10018
   684 10018
   685 10018
   686 10018
   687 10018
   688 10018
   689 10018
   690 10018
   691 10018
   692 10018
   693 10018
   694 10018
   695 10018
   696 10018
   697 10018
   698 10018
   699 10018
   700 10018
   701 10018
   702 10018
   703 10018
   704 10055
   705 10055
   706 10055
   707 10055
   708 10055
   709 10055
   710 10055
   711 10055
   712 10055
   713 10055
   714 10055
   715 10018
   716 10055
   717 10055
   718 10055
   719 10055
   720 10055
   721 10055
   722 10055
   723 10055
   724 10055
   725 10055
   726 10055
   727 10055
   728 10055
   729 10055
   730 10018
   731 10018
   732 10055
   733 10055
   734 10055
   735 10018
   736 10055
   737 10055
   738 10055
   739 10055
   740 10055
   741 10018
   742 10018
   743 10018
   744 10018
   745 10018
   746 10018
   747 10018
   748 10055
   749 10055
   750 10055
   751 10055
   752 10055
   753 10055
   754 10055
   755 10055
   756 10055
   757 10055
   758 10055
   759 10055
   760 10055
   761 10055
   762 10055
   763 10055
   764 10055
   765 10055
   766 10055
   767 10055
   768 10055
   769 10055
   770 10055
   771 10055
   772 10055
   773 10055
   774 10055
   775 10154
   776 10154
   777 10154
   778 10095
   779 10095
   780 10154
   781 10154
   782 10154
   783 10154
   784 10156
   785 10156
   786 10156
   787 10156
   788 10156
   789 10156
   790 10156
   791 10156
   792 10156
   793 10156
   794 10156
   795 10156
   796 10156
   797 10156
   798 10156
   799 10156
   800 10156
   801 10156
   802 10156
   803 10156
   804 10156
   805 10156
   806 10156
   807 10156
   808 10156
   809 10156
   810 10156
   811 10156
   812 10156
   813 10156
   814 10156
   815 10156
   816 10156
   817 10156
   818 10156
   819 10156
   820 10156
   821 10156
   822 10156
   823 10156
   824 10156
   825 10156
   826 10156
   827 10156
   828 10156
   829 10156
   830 10156
   831 10156
   832 10156
   833 10156
   834 10156
   835 10156
   836 10156
   837 10156
   838 10156
   839 10156
   840 10156
   841 10156
   842 10156
   843 10156
   844 10156
   845 10156
   846 10156
   847 10156
   848 10156
   849 10156
   850 10156
   851 10156
   852 10156
   853 10156
   854 10156
   855 10156
   856 10156
   857 10156
   858 10156
   859 10156
   860 10156
   861 10156
   862 10156
   863 10156
   864 10156
   865 10156
   866 10156
   867 10156
   868 10156
   869 10156
   870 10156
   871 10156
   872 10156
   873 10156
   874 10156
   875 10156
   876 10156
   877 10156
   878 10156
   879 10156
   880 10156
   881 10156
   882 10156
   883 10156
   884 10156
   885 10156
   886 10156
   887 10156
   888 10156
   889 10156
   890 10156
   891 10156
   892 10156
   893 10156
   894 10156
   895 10156
   896 10156
   897 10156
   898 10156
   899 10156
   900 10156
   901 10156
   902 10156
   903 10156
   904 10156
   905 10156
   906 10156
   907 10156
   908 10156
   909 10156
   910 10156
   911 10156
   912 10156
   913 10156
   914 10156
   915 10156
   916 10156
   917 10156
   918 10156
   919 10156
   920 10156
   921 10156
   922 10156
   923 10156
   924 10156
   925 10156
   926 10156
   927 10156
   928 10156
   929 10156
   930 10156
   931 10156
   932 10156
   933 10156
   934 10156
   935 10156
   936 10156
   937 10156
   938 10156
   939 10156
   940 10156
   941 10156
   942 10156
   943 10156
   944 10156
   945 10156
   946 10156
   947 10156
   948 10156
   949 10156
   950 10156
   951 10156
   952 10156
   953 10156
   954 10156
   955 10156
   956 10156
   957 10156
   958 10156
   959 10156
   960 10156
   961 10156
   962 10156
   963 10156
   964 10156
   965 10156
   966 10156
   967 10156
   968 10156
   969 10156
   970 10156
   971 10156
   972 10156
   973 10156
   974 10156
   975 10156
   976 10156
   977 10156
   978 10156
   979 10156
   980 10156
   981 10156
   982 10156
   983 10156
   984 10156
   985 10156
   986 10156
   987 10156
   988 10156
   989 10156
   990 10156
   991 10156
   992 10156
   993 10156
   994 10156
   995 10156
   996 10156
   997 10156
   998 10156
   999 10156
  1000 10156
  1001 10156
  1002 10156
  1003 10156
  1004 10156
  1005 10156
  1006 10156
  1007 10156
  1008 10156
  1009 10156
  1010 10156
  1011 10156
  1012 10156
  1013 10156
  1014 10156
  1015 10156
  1016 10156
  1017 10154
  1018 10130
  1019 10130
  1020 10130
  1026 10101
  1027 10101
  1028 10101
  1029 10101
  1030 10101
  1031 10101
  1032 10101
  1033 10101
  1034 10101
  1035 10101
  1036 10101
  1037 10101
  1038 10101
  1039 10101
  1040 10101
  1041 10101
  1042 10101
  1043 10101
  1044 10101
  1045 10101
  1046 10101
  1047 10101
  1048 10101
  1049 10101
  1050 10101
  1051 10101
  1052 10101
  1053 10101
  1054 10101
  1055 10101
  1056 10101
  1057 10101
  1058 10101
  1059 10101
  1060 10101
  1061 10101
  1062 10101
  1063 10101
  1064 10101
  1065 10101
  1066 10101
  1067 10101
  1068 10101
  1069 10101
  1070 10101
  1071 10101
  1072 10101
  1073 10101
  1074 10101
  1075 10101
  1076 10101
  1077 10101
  1078 10101
  1079 10101
  1080 10101
  1081 10101
  1082 10101
  1083 10101
  1084 10101
  1085 10101
  1086 10101
  1087 10101
  1088 10101
  1089 10101
  1090 10101
  1091 10101
  1092 10101
  1093 10101
  1094 10101
  1095 10101
  1096 10101
  1097 10101
  1098 10101
  1099 10101
  1100 10101
  1101 10101
  1102 10101
  1103 10101
  1104 10101
  1105 10101
  1106 10101
  1107 10101
  1108 10101
  1109 10101
  1110 10101
  1111 10101
  1112 10101
  1113 10101
  1114 10101
  1115 10101
  1116 10101
  1117 10101
  1118 10101
  1119 10101
  1120 10101
  1121 10101
  1122 10101
  1123 10101
  1124 10101
  1125 10101
  1126 10101
  1128 10101
  1129 10101
  1130 10101
  1131 10101
  1132 10101
  1133 10101
  1134 10101
  1135 10101
  1136 10101
  1137 10101
  1138 10101
  1139 10101
  1140 10101
  1141 10101
  1142 10101
  1143 10101
  1144 10101
  1145 10101
  1146 10101
  1147 10101
  1148 10101
  1149 10101
  1150 10101
  1151 10101
  1152 10101
  1153 10101
  1154 10101
  1155 10101
  1156 10101
  1157 10101
  1158 10101
  1159 10101
  1160 10101
  1161 10101
  1162 10101
  1163 10101
  1164 10101
  1165 10101
  1166 10101
  1167 10101
  1168 10101
  1169 10101
  1170 10101
  1171 10101
  1172 10101
  1173 10101
  1174 10101
  1175 10101
  1176 10101
  1177 10101
  1178 10101
  1179 10101
  1180 10101
  1181 10101
  1182 10101
  1183 10101
  1184 10101
  1185 10101
  1186 10101
  1187 10101
  1188 10101
  1189 10101
  1190 10101
  1191 10101
  1192 10101
  1193 10101
  1194 10101
  1195 10101
  1196 10101
  1197 10101
  1198 10101
  1199 10101
  1200 10101
  1201 10101
  1202 10101
  1203 10101
  1204 10101
  1205 10101
  1206 10101
  1207 10101
  1208 10101
  1209 10101
  1210 10101
  1211 10101
  1212 10101
  1213 10101
  1214 10101
  1215 10101
  1216 10101
  1217 10101
  1218 10101
  1219 10101
  1220 10101
  1221 10101
  1222 10101
  1223 10101
  1224 10101
  1225 10101
  1226 10101
  1227 10101
  1228 10101
  1229 10101
  1230 10101
  1231 10101
  1232 10101
  1233 10101
  1234 10101
  1235 10101
  1236 10101
  1237 10101
  1238 10101
  1239 10101
  1240 10101
  1241 10101
  1242 10101
  1243 10101
  1244 10101
  1245 10101
  1246 10101
  1247 10101
  1248 10101
  1249 10101
  1250 10101
  1251 10101
  1252 10101
  1253 10101
  1254 10101
  1255 10101
  1256 10101
  1257 10158
  1258 10158
  1259 10140
  1260 10140
  1261 10018
  1262 10018
  1263 10018
  1264 10018
  1265 10040
  1266 10106
  1267 10040
  1268 10040
  1269 10040
  1270 10040
  1271 10040
  1272 10040
  1273 10040
  1274 10040
  1275 10040
  1276 10040
  1277 10040
  1278 10040
  1280 10040
  1286 10040
  1288 10040
  1289 10040
  1290 10040
  1291 10040
  1293 10098
  1297 10040
  1298 10040
  1299 10040
  1300 10040
  1301 10040
  1302 10040
  1303 10040
  1304 10040
  1305 10040
  1306 10040
  1307 10040
  1308 10040
  1309 10055
  1310 10055
  1311 10040
  1312 10040
  1313 10040
  1314 10040
  1315 10040
  1320 10040
  1323 10040
  1324 10040
  1325 10040
  1326 10040
  1327 10040
  1328 10018
  1329 10040
  1330 10169
  1331 10169
  1332 10169
  1333 10169
  1334 10141
  1335 10169
  1338 10091
  1339 10091
  1340 10091
  1341 10019
  1342 10019
  1343 10019
  1344 10028
  1345 10008
  1346 10008
  1347 10008
  1348 10042
  1349 10042
  1350 10008
  1351 10008
  1352 10152
  1353 10008
  1357 10019
  1359 10045
  1360 10045
  1361 10019
  1362 10019
  1363 10019
  1364 10019
  1365 10019
  1366 10019
  1367 10019
  1368 10019
  1369 10019
  1370 10019
  1372 10019
  1375 10019
  1376 10019
  1377 10019
  1378 10019
  1379 10019
  1384 10019
  1386 10006
  1387 10019
  1388 10019
  1389 10006
  1390 10006
  1391 10006
  1392 10006
  1393 10006
  1394 10006
  1395 10006
  1396 10006
  1397 10006
  1398 10006
  1399 10006
  1400 10006
  1401 10006
  1402 10006
  1403 10006
  1404 10006
  1405 10006
  1406 10006
  1407 10006
  1408 10006
  1409 10006
  1410 10006
  1411 10006
  1412 10006
  1413 10006
  1414 10006
  1415 10006
  1416 10006
  1417 10006
  1418 10006
  1419 10006
  1420 10006
  1421 10006
  1422 10006
  1423 10006
  1424 10006
  1425 10006
  1426 10006
  1427 10006
  1428 10006
  1429 10006
  1430 10006
  1431 10006
  1432 10006
  1433 10006
  1434 10006
  1435 10006
  1436 10006
  1437 10006
  1438 10006
  1439 10006
  1440 10006
  1441 10006
  1442 10006
  1443 10006
  1444 10006
  1445 10006
  1446 10006
  1447 10006
  1448 10006
  1449 10006
  1450 10006
  1451 10006
  1452 10006
  1453 10006
  1454 10006
  1455 10006
  1456 10006
  1457 10006
  1458 10006
  1459 10006
  1460 10006
  1461 10006
  1462 10006
  1463 10006
  1464 10006
  1465 10006
  1466 10006
  1467 10006
  1468 10006
  1469 10006
  1470 10006
  1471 10006
  1472 10006
  1473 10006
  1474 10006
  1475 10006
  1476 10006
  1477 10006
  1478 10006
  1479 10006
  1480 10006
  1481 10006
  1482 10006
  1483 10006
  1484 10006
  1485 10006
  1486 10006
  1487 10006
  1488 10006
  1489 10006
  1490 10006
  1491 10006
  1492 10006
  1493 10006
  1494 10006
  1495 10006
  1496 10006
  1497 10006
  1498 10006
  1499 10006
  1500 10006
  1501 10006
  1502 10006
  1503 10006
  1504 10006
  1505 10006
  1506 10006
  1507 10006
  1508 10006
  1509 10006
  1510 10152
  1511 10152
  1512 10152
  1513 10152
  1514 10006
  1515 10006
  1516 10006
  1517 10006
  1518 10006
  1519 10006
  1520 10006
  1521 10006
  1522 10006
  1523 10006
  1524 10006
  1525 10006
  1526 10006
  1527 10006
  1528 10006
  1529 10006
  1530 10006
  1531 10006
  1532 10006
  1533 10006
  1534 10006
  1535 10006
  1536 10006
  1537 10006
  1538 10006
  1539 10006
  1540 10006
  1541 10006
  1542 10006
  1543 10006
  1544 10006
  1545 10006
  1546 10006
  1547 10006
  1548 10006
  1549 10006
  1550 10006
  1551 10006
  1552 10006
  1553 10006
  1554 10006
  1555 10006
  1556 10006
  1557 10006
  1558 10006
  1559 10006
  1560 10006
  1561 10006
  1562 10006
  1563 10006
  1564 10006
  1565 10006
  1566 10006
  1567 10006
  1568 10006
  1569 10006
  1570 10006
  1571 10006
  1572 10006
  1573 10006
  1574 10006
  1575 10006
  1576 10006
  1577 10006
  1578 10006
  1579 10006
  1580 10006
  1581 10006
  1582 10006
  1583 10006
  1584 10006
  1585 10006
  1586 10006
  1587 10006
  1588 10006
  1589 10006
  1590 10006
  1591 10006
  1592 10006
  1593 10006
  1594 10006
  1595 10006
  1596 10006
  1597 10006
  1598 10006
  1599 10006
  1600 10006
  1601 10006
  1602 10006
  1603 10006
  1604 10006
  1605 10006
  1606 10006
  1607 10006
  1608 10006
  1609 10006
  1610 10006
  1611 10006
  1612 10006
  1613 10006
  1614 10006
  1615 10006
  1616 10152
  1617 10152
  1618 10019
  1619 10019
  1621 10043
  1622 10043
  1623 10091
  1624 10043
  1625 10091
  1632 10108
  1633 10108
  1634 10108
  1635 10108
  1636 10108
  1637 10108
  1638 10108
  1639 10108
  1640 10108
  1641 10108
  1642 10108
  1643 10108
  1644 10108
  1645 10108
  1646 10108
  1647 10108
  1648 10108
  1649 10108
  1650 10108
  1651 10108
  1652 10108
  1653 10108
  1654 10108
  1655 10108
  1656 10108
  1657 10108
  1658 10108
  1659 10108
  1660 10108
  1661 10108
  1662 10108
  1663 10108
  1664 10108
  1665 10108
  1666 10108
  1667 10108
  1668 10108
  1669 10108
  1670 10108
  1671 10108
  1672 10108
  1673 10108
  1674 10108
  1675 10108
  1676 10108
  1677 10108
  1678 10108
  1679 10108
  1680 10108
  1681 10108
  1682 10108
  1683 10108
  1684 10108
  1685 10108
  1686 10108
  1687 10108
  1688 10108
  1689 10108
  1690 10108
  1691 10108
  1692 10108
  1693 10108
  1694 10108
  1695 10108
  1696 10108
  1697 10108
  1698 10108
  1699 10108
  1700 10108
  1701 10108
  1702 10108
  1703 10108
  1704 10108
  1705 10108
  1706 10108
  1707 10108
  1708 10108
  1709 10108
  1710 10108
  1711 10108
  1712 10108
  1713 10108
  1714 10108
  1715 10108
  1716 10108
  1717 10108
  1718 10108
  1719 10108
  1720 10108
  1721 10108
  1722 10108
  1723 10108
  1724 10108
  1725 10108
  1726 10108
  1727 10108
  1728 10108
  1729 10108
  1730 10108
  1731 10108
  1732 10108
  1733 10108
  1734 10108
  1735 10108
  1736 10108
  1737 10108
  1738 10108
  1739 10108
  1740 10108
  1741 10108
  1742 10108
  1743 10108
  1744 10108
  1745 10108
  1746 10108
  1747 10108
  1748 10108
  1749 10108
  1750 10108
  1751 10108
  1752 10108
  1753 10108
  1754 10108
  1755 10108
  1756 10108
  1757 10108
  1758 10108
  1759 10108
  1760 10108
  1761 10108
  1762 10108
  1763 10108
  1764 10108
  1765 10108
  1766 10108
  1767 10108
  1768 10108
  1769 10108
  1770 10108
  1771 10108
  1772 10108
  1773 10108
  1774 10108
  1775 10108
  1776 10108
  1777 10108
  1778 10108
  1779 10108
  1780 10108
  1781 10108
  1782 10108
  1783 10108
  1784 10108
  1785 10108
  1786 10108
  1787 10108
  1788 10108
  1789 10108
  1790 10108
  1791 10108
  1792 10108
  1793 10108
  1794 10108
  1795 10108
  1796 10108
  1797 10108
  1798 10108
  1799 10108
  1800 10108
  1801 10108
  1802 10108
  1803 10108
  1804 10108
  1805 10108
  1806 10108
  1807 10108
  1808 10108
  1809 10108
  1810 10108
  1811 10108
  1812 10108
  1813 10108
  1814 10108
  1815 10108
  1816 10108
  1817 10108
  1818 10108
  1819 10108
  1820 10108
  1821 10108
  1822 10108
  1823 10108
  1824 10108
  1825 10108
  1826 10108
  1827 10108
  1828 10108
  1829 10108
  1830 10108
  1831 10108
  1832 10108
  1833 10108
  1834 10108
  1835 10108
  1836 10108
  1837 10108
  1838 10108
  1839 10108
  1840 10108
  1841 10108
  1842 10108
  1843 10108
  1844 10108
  1845 10108
  1846 10108
  1847 10108
  1848 10108
  1849 10108
  1850 10108
  1851 10108
  1852 10108
  1853 10108
  1854 10105
  1855 10105
  1856 10125
  1857 10125
  1858 10125
  1859 10125
  1860 10125
  1862 10108
  1863 10108
  1864 10108
  1865 10108
  1866 10007
