   617 10072
   618 10072
   619 10021
   620 10072
   621 10072
   622 10021
   623 10021
   624 10021
   625 10021
   626 10021
   627 10021
   628 10021
   629 10021
   630 10021
   631 10082
   632 10021
   633 10021
   634 10082
   635 10021
   636 10045
   637 10045
   638 10045
   639 10045
   640 10021
   641 10021
   651 10082
   652 10082
   653 10082
   654 10082
   655 10082
   656 10082
   657 10082
   658 10082
   659 10082
   660 10082
   661 10082
   662 10082
   663 10082
   664 10082
   677 10082
   678 10045
   679 10082
   680 10082
   681 10082
   682 10082
   683 10082
   684 10082
   685 10021
   686 10021
   687 10021
   688 10045
   689 10045
   690 10021
   691 10021
   692 10021
   693 10021
   701 10021
   702 10066
   703 10066
   704 10066
   705 10066
   706 10082
   707 10082
   708 10021
   709 10021
   710 10021
   711 10021
   712 10021
   713 10082
   714 10082
   715 10021
   716 10021
   717 10021
   718 10021
   719 10021
   720 10021
   721 10021
   722 10021
   723 10021
   724 10021
   725 10021
   726 10021
   727 10021
   728 10021
   729 10021
   730 10021
   731 10021
   732 10021
   733 10021
   734 10021
   735 10021
   736 10021
   737 10021
   738 10021
   739 10021
   740 10021
   741 10021
   742 10021
   743 10021
   744 10021
   745 10021
   746 10021
   747 10021
   748 10021
   749 10021
   750 10021
   751 10021
   752 10021
   753 10021
   754 10021
   755 10021
   756 10021
   757 10021
   758 10021
   759 10021
   760 10045
   761 10045
   762 10045
   763 10045
   764 10045
   765 10082
   766 10082
   767 10021
   768 10021
   769 10082
   770 10045
   771 10045
   772 10045
   773 10045
   774 10045
   775 10021
   776 10021
   777 10019
   778 10021
   781 10149
   782 10149
   786 10005
   787 10029
   788 10005
   789 10005
   790 10005
   791 10005
   792 10005
   793 10005
   794 10005
   795 10005
   796 10005
   797 10005
   798 10005
   799 10005
   800 10005
   801 10005
   802 10005
   803 10005
   804 10005
   805 10005
   806 10005
   807 10005
   808 10005
   809 10005
   810 10005
   811 10005
   812 10005
   813 10005
   814 10005
   815 10005
   816 10005
   817 10005
   818 10005
   819 10005
   820 10005
   821 10005
   822 10005
   823 10005
   824 10005
   825 10005
   826 10005
   827 10005
   828 10005
   829 10005
   830 10005
   831 10005
   832 10005
   833 10005
   834 10005
   835 10005
   836 10005
   837 10005
   838 10005
   839 10005
   840 10005
   841 10005
   842 10005
   843 10005
   844 10005
   845 10005
   846 10005
   847 10005
   848 10005
   849 10005
   850 10005
   851 10005
   852 10005
   853 10005
   854 10005
   855 10005
   856 10005
   857 10005
   858 10005
   859 10005
   860 10005
   861 10005
   862 10005
   863 10005
   864 10005
   865 10005
   866 10005
   867 10005
   868 10005
   869 10005
   870 10005
   871 10005
   872 10005
   873 10005
   874 10005
   875 10005
   876 10005
   877 10005
   878 10005
   879 10005
   880 10005
   881 10005
   882 10005
   883 10005
   884 10005
   885 10005
   886 10005
   887 10005
   888 10005
   889 10005
   890 10005
   891 10005
   892 10005
   893 10005
   894 10005
   895 10005
   896 10005
   897 10005
   898 10005
   899 10005
   900 10005
   901 10005
   902 10005
   903 10005
   904 10005
   905 10005
   906 10005
   907 10005
   908 10005
   909 10005
   910 10005
   911 10005
   912 10005
   913 10005
   914 10005
   915 10005
   916 10005
   917 10005
   918 10005
   919 10005
   920 10005
   921 10005
   922 10005
   923 10005
   924 10005
   925 10005
   926 10005
   927 10005
   928 10005
   929 10005
   930 10005
   931 10005
   932 10005
   933 10005
   934 10005
   935 10005
   936 10005
   937 10005
   938 10005
   939 10005
   940 10005
   941 10005
   942 10005
   943 10005
   944 10005
   945 10005
   946 10005
   947 10005
   948 10005
   949 10005
   950 10005
   951 10005
   952 10005
   953 10005
   954 10005
   955 10005
   956 10005
   957 10005
   958 10005
   959 10005
   960 10005
   961 10005
   962 10005
   963 10005
   964 10005
   965 10005
   966 10005
   967 10005
   968 10005
   969 10005
   970 10005
   971 10005
   972 10005
   973 10005
   974 10005
   975 10005
   976 10005
   977 10005
   978 10005
   979 10005
   980 10005
   981 10005
   982 10005
   983 10005
   984 10005
   985 10005
   986 10005
   987 10005
   988 10005
   989 10005
   990 10005
   991 10005
   992 10005
   993 10005
   994 10005
   995 10005
   996 10005
   997 10005
   998 10005
   999 10005
  1000 10005
  1001 10005
  1002 10005
  1003 10005
  1004 10005
  1005 10005
  1006 10005
  1007 10005
  1008 10005
  1009 10005
  1010 10005
  1011 10005
  1012 10005
  1013 10005
  1014 10005
  1015 10005
  1016 10005
  1017 10005
  1018 10005
  1019 10005
  1020 10005
  1021 10029
  1023 10029
  1026 10154
  1029 10088
  1030 10088
  1031 10088
  1032 10088
  1033 10088
  1034 10088
  1035 10088
  1036 10088
  1037 10088
  1038 10088
  1039 10088
  1040 10088
  1041 10088
  1042 10088
  1043 10088
  1044 10088
  1045 10088
  1046 10088
  1047 10088
  1048 10088
  1049 10088
  1050 10088
  1051 10088
  1052 10088
  1053 10088
  1054 10088
  1055 10088
  1056 10088
  1057 10088
  1058 10088
  1059 10088
  1060 10088
  1061 10088
  1062 10088
  1063 10088
  1064 10088
  1065 10088
  1066 10088
  1067 10088
  1068 10088
  1069 10088
  1070 10088
  1071 10088
  1072 10088
  1073 10088
  1074 10088
  1075 10088
  1076 10088
  1077 10088
  1078 10088
  1079 10088
  1080 10088
  1081 10088
  1082 10088
  1083 10088
  1084 10088
  1085 10088
  1086 10088
  1087 10088
  1088 10088
  1089 10088
  1090 10088
  1091 10088
  1092 10088
  1093 10088
  1094 10088
  1095 10088
  1096 10088
  1097 10088
  1098 10088
  1099 10088
  1100 10088
  1101 10088
  1102 10088
  1103 10088
  1104 10088
  1105 10088
  1106 10088
  1107 10088
  1108 10088
  1109 10088
  1110 10088
  1111 10088
  1112 10088
  1113 10088
  1114 10088
  1115 10088
  1116 10088
  1117 10088
  1118 10088
  1119 10088
  1120 10088
  1121 10088
  1122 10088
  1123 10088
  1124 10088
  1125 10088
  1126 10088
  1127 10088
  1128 10088
  1129 10088
  1130 10088
  1131 10088
  1132 10088
  1133 10088
  1134 10088
  1135 10088
  1136 10088
  1137 10088
  1138 10088
  1139 10088
  1140 10088
  1141 10088
  1142 10088
  1143 10088
  1144 10088
  1145 10088
  1146 10088
  1147 10088
  1148 10088
  1149 10088
  1150 10088
  1151 10088
  1152 10088
  1153 10088
  1154 10088
  1155 10088
  1156 10088
  1157 10088
  1158 10088
  1159 10088
  1160 10088
  1161 10088
  1162 10088
  1163 10088
  1164 10088
  1165 10088
  1166 10088
  1167 10088
  1168 10088
  1169 10088
  1170 10088
  1171 10088
  1172 10088
  1173 10088
  1174 10088
  1175 10088
  1176 10088
  1177 10088
  1178 10088
  1179 10088
  1180 10088
  1181 10088
  1182 10088
  1183 10088
  1184 10088
  1185 10088
  1186 10088
  1187 10088
  1188 10088
  1189 10088
  1190 10088
  1191 10088
  1192 10088
  1193 10088
  1194 10088
  1195 10088
  1196 10088
  1197 10088
  1198 10088
  1199 10088
  1200 10088
  1201 10088
  1202 10088
  1203 10088
  1204 10088
  1205 10088
  1206 10088
  1207 10088
  1208 10088
  1209 10088
  1210 10088
  1211 10088
  1212 10088
  1213 10088
  1214 10088
  1215 10088
  1216 10088
  1217 10088
  1218 10088
  1219 10088
  1220 10088
  1221 10088
  1222 10088
  1223 10088
  1224 10088
  1225 10088
  1226 10088
  1227 10088
  1228 10088
  1229 10088
  1230 10088
  1231 10088
  1232 10088
  1233 10088
  1234 10088
  1235 10088
  1236 10088
  1237 10088
  1238 10088
  1239 10088
  1240 10088
  1241 10088
  1242 10088
  1243 10088
  1244 10088
  1245 10088
  1246 10088
  1247 10088
  1248 10088
  1249 10088
  1250 10088
  1251 10088
  1252 10088
  1253 10088
  1254 10088
  1255 10088
  1256 10088
  1257 10141
  1258 10141
  1259 10055
  1260 10106
  1261 10018
  1262 10018
  1263 10018
  1264 10018
  1265 10040
  1266 10040
  1267 10040
  1268 10040
  1269 10040
  1270 10040
  1271 10040
  1272 10158
  1273 10018
  1274 10140
  1275 10158
  1276 10140
  1277 10140
  1278 10140
  1279 10140
  1280 10140
  1281 10140
  1282 10140
  1283 10140
  1284 10140
  1285 10140
  1286 10140
  1287 10140
  1288 10140
  1289 10140
  1290 10140
  1291 10140
  1292 10140
  1293 10140
  1294 10140
  1295 10140
  1296 10140
  1297 10140
  1298 10140
  1299 10098
  1300 10018
  1301 10098
  1302 10140
  1303 10140
  1304 10140
  1305 10140
  1306 10140
  1307 10140
  1308 10140
  1309 10140
  1310 10140
  1311 10140
  1312 10140
  1313 10140
  1314 10140
  1315 10140
  1316 10140
  1317 10140
  1318 10140
  1319 10140
  1320 10140
  1321 10158
  1322 10140
  1323 10140
  1324 10018
  1325 10055
  1326 10055
  1327 10055
  1328 10055
  1329 10055
  1330 10055
  1331 10036
  1332 10036
  1333 10036
  1334 10036
  1335 10036
  1336 10036
  1337 10076
  1349 10134
  1350 10134
  1351 10134
  1352 10055
  1353 10055
  1354 10061
  1355 10101
  1356 10169
  1358 10169
  1360 10019
  1361 10019
  1362 10019
  1363 10019
  1364 10011
  1365 10066
  1366 10066
  1367 10019
  1368 10066
  1369 10066
  1370 10066
  1371 10011
  1372 10011
  1373 10011
  1374 10011
  1375 10011
  1376 10011
  1377 10011
  1378 10011
  1379 10011
  1380 10011
  1381 10011
  1382 10011
  1383 10011
  1384 10011
  1385 10011
  1386 10011
  1387 10011
  1388 10011
  1389 10011
  1390 10011
  1391 10011
  1392 10011
  1393 10011
  1394 10011
  1395 10011
  1396 10011
  1397 10011
  1398 10011
  1399 10011
  1400 10011
  1401 10011
  1402 10011
  1403 10011
  1404 10011
  1405 10011
  1406 10011
  1407 10011
  1408 10011
  1409 10011
  1410 10011
  1411 10011
  1412 10011
  1413 10011
  1414 10011
  1415 10011
  1416 10011
  1417 10011
  1418 10011
  1419 10011
  1420 10011
  1421 10011
  1422 10011
  1423 10011
  1424 10011
  1425 10011
  1426 10011
  1427 10011
  1428 10011
  1429 10011
  1430 10011
  1431 10011
  1432 10011
  1433 10011
  1434 10011
  1435 10011
  1436 10011
  1437 10011
  1438 10011
  1439 10011
  1440 10011
  1441 10011
  1442 10011
  1443 10011
  1444 10011
  1445 10011
  1446 10011
  1447 10011
  1448 10011
  1449 10011
  1450 10011
  1451 10011
  1452 10011
  1453 10011
  1454 10011
  1455 10011
  1456 10011
  1457 10011
  1458 10011
  1459 10011
  1460 10011
  1461 10011
  1462 10011
  1463 10011
  1464 10011
  1465 10011
  1466 10011
  1467 10011
  1468 10011
  1469 10011
  1470 10011
  1471 10011
  1472 10011
  1473 10011
  1474 10011
  1475 10011
  1476 10011
  1477 10011
  1478 10011
  1479 10011
  1480 10011
  1481 10011
  1482 10011
  1483 10011
  1484 10011
  1485 10011
  1486 10011
  1487 10011
  1488 10011
  1489 10011
  1490 10011
  1491 10011
  1492 10011
  1493 10011
  1494 10011
  1495 10011
  1496 10011
  1497 10011
  1498 10011
  1499 10011
  1500 10011
  1501 10011
  1502 10011
  1503 10066
  1504 10066
  1505 10011
  1506 10011
  1507 10011
  1508 10011
  1509 10011
  1510 10011
  1511 10011
  1512 10011
  1513 10011
  1514 10011
  1515 10011
  1516 10011
  1517 10011
  1518 10011
  1519 10011
  1520 10011
  1521 10011
  1522 10011
  1523 10011
  1524 10011
  1525 10011
  1526 10011
  1527 10011
  1528 10011
  1529 10011
  1530 10011
  1531 10011
  1532 10011
  1533 10011
  1534 10011
  1535 10011
  1536 10011
  1537 10011
  1538 10011
  1539 10011
  1540 10011
  1541 10011
  1542 10011
  1543 10011
  1544 10011
  1545 10011
  1546 10011
  1547 10011
  1548 10011
  1549 10011
  1550 10011
  1551 10011
  1552 10011
  1553 10011
  1554 10011
  1555 10011
  1556 10011
  1557 10011
  1558 10011
  1559 10011
  1560 10011
  1561 10011
  1562 10011
  1563 10011
  1564 10011
  1565 10011
  1566 10011
  1567 10011
  1568 10011
  1569 10011
  1570 10011
  1571 10011
  1572 10011
  1573 10011
  1574 10011
  1575 10011
  1576 10011
  1577 10011
  1578 10011
  1579 10011
  1580 10011
  1581 10011
  1582 10011
  1583 10011
  1584 10011
  1585 10011
  1586 10011
  1587 10011
  1588 10011
  1589 10011
  1590 10011
  1591 10011
  1592 10011
  1593 10011
  1594 10011
  1595 10011
  1596 10011
  1597 10011
  1598 10011
  1599 10011
  1600 10011
  1601 10011
  1602 10011
  1603 10011
  1604 10011
  1605 10011
  1606 10011
  1607 10011
  1608 10011
  1609 10011
  1610 10011
  1611 10011
  1612 10011
  1613 10011
  1614 10011
  1615 10011
  1616 10011
  1617 10019
  1618 10019
  1619 10019
  1621 10043
  1628 10014
  1630 10143
  1631 10143
  1632 10006
  1633 10006
  1634 10006
  1635 10006
  1636 10006
  1637 10006
  1638 10006
  1639 10006
  1640 10107
  1641 10107
  1642 10006
  1643 10107
  1644 10107
  1645 10107
  1646 10014
  1647 10107
  1648 10014
  1649 10006
  1650 10006
  1651 10006
  1652 10006
  1653 10006
  1654 10006
  1655 10006
  1656 10006
  1657 10006
  1658 10006
  1659 10006
  1660 10006
  1661 10006
  1662 10006
  1663 10006
  1664 10006
  1665 10006
  1666 10006
  1667 10006
  1668 10006
  1669 10006
  1670 10006
  1671 10006
  1672 10006
  1673 10006
  1674 10006
  1675 10006
  1676 10006
  1677 10006
  1678 10006
  1679 10006
  1680 10073
  1681 10073
  1682 10006
  1683 10006
  1684 10006
  1685 10006
  1686 10006
  1687 10006
  1688 10073
  1689 10073
  1690 10073
  1691 10073
  1692 10073
  1693 10073
  1694 10006
  1695 10006
  1696 10006
  1697 10006
  1698 10006
  1699 10073
  1700 10073
  1701 10073
  1702 10006
  1703 10006
  1704 10006
  1705 10006
  1706 10006
  1707 10006
  1708 10006
  1709 10006
  1710 10006
  1711 10006
  1712 10006
  1713 10006
  1714 10073
  1715 10073
  1716 10073
  1717 10073
  1718 10073
  1719 10073
  1720 10006
  1721 10006
  1722 10006
  1723 10006
  1724 10006
  1725 10006
  1726 10006
  1727 10006
  1728 10006
  1729 10006
  1730 10006
  1731 10006
  1732 10006
  1733 10073
  1734 10073
  1735 10073
  1736 10073
  1737 10073
  1738 10073
  1739 10073
  1740 10073
  1741 10073
  1742 10073
  1743 10006
  1744 10006
  1745 10006
  1746 10006
  1747 10006
  1748 10006
  1749 10006
  1750 10006
  1751 10006
  1752 10006
  1753 10006
  1754 10006
  1755 10006
  1756 10006
  1757 10006
  1758 10006
  1759 10006
  1760 10006
  1761 10006
  1762 10006
  1763 10006
  1764 10006
  1765 10006
  1766 10006
  1767 10006
  1768 10006
  1769 10006
  1770 10006
  1771 10006
  1772 10006
  1773 10006
  1774 10006
  1775 10006
  1776 10006
  1777 10006
  1778 10006
  1779 10006
  1780 10006
  1781 10006
  1782 10006
  1783 10006
  1784 10006
  1785 10006
  1786 10006
  1787 10006
  1788 10006
  1789 10006
  1790 10006
  1791 10006
  1792 10006
  1793 10006
  1794 10006
  1795 10006
  1796 10006
  1797 10006
  1798 10006
  1799 10006
  1800 10006
  1801 10006
  1802 10006
  1803 10006
  1804 10006
  1805 10006
  1806 10006
  1807 10006
  1808 10006
  1809 10006
  1810 10006
  1811 10006
  1812 10006
  1813 10006
  1814 10006
  1815 10006
  1816 10006
  1817 10006
  1818 10006
  1819 10006
  1820 10006
  1821 10006
  1822 10006
  1823 10006
  1824 10006
  1825 10006
  1826 10006
  1827 10006
  1828 10006
  1829 10006
  1830 10006
  1831 10006
  1832 10006
  1833 10006
  1834 10006
  1835 10006
  1836 10006
  1837 10006
  1838 10006
  1839 10006
  1840 10006
  1841 10006
  1842 10006
  1843 10006
  1844 10006
  1845 10006
  1846 10006
  1847 10006
  1848 10006
  1849 10006
  1850 10006
  1851 10006
  1852 10006
  1853 10006
  1854 10006
  1855 10006
  1856 10006
  1857 10016
  1858 10006
  1865 10067
  1866 10067
  1867 10067
  1868 10067
  1869 10067
  1870 10067
  1871 10067
  1872 10067
  1873 10067
  1874 10067
  1875 10067
  1876 10067
  1877 10067
  1878 10067
  1879 10067
  1880 10067
  1881 10067
  1882 10067
  1883 10067
  1884 10067
  1885 10067
  1886 10067
  1887 10067
  1888 10067
  1889 10067
  1890 10067
  1891 10067
  1892 10067
  1893 10067
  1894 10067
  1895 10067
  1896 10067
  1897 10067
  1898 10067
  1899 10067
  1900 10067
  1901 10067
  1902 10067
  1903 10067
  1904 10067
  1905 10067
  1906 10067
  1907 10067
  1908 10067
  1909 10067
  1910 10067
  1911 10067
  1912 10067
  1913 10067
  1914 10067
  1915 10067
  1916 10067
  1917 10067
  1918 10067
  1919 10067
  1920 10067
  1921 10067
  1922 10067
  1923 10067
  1924 10067
  1925 10067
  1926 10067
  1927 10067
  1928 10067
  1929 10067
  1930 10067
  1931 10067
  1932 10067
  1933 10067
  1934 10067
  1935 10067
  1936 10067
  1937 10067
  1938 10067
  1939 10067
  1940 10067
  1941 10067
  1942 10067
  1943 10067
  1944 10067
  1945 10067
  1946 10067
  1947 10067
  1948 10067
  1949 10067
  1950 10067
  1951 10067
  1952 10067
  1953 10067
  1954 10067
  1955 10067
  1956 10067
  1957 10067
  1958 10067
  1959 10067
  1960 10067
  1961 10067
  1962 10067
  1963 10067
  1964 10067
  1965 10067
  1966 10067
  1967 10067
  1968 10067
  1969 10067
  1970 10067
  1971 10067
  1972 10067
  1973 10067
  1974 10067
  1975 10067
  1976 10067
  1977 10067
  1978 10067
  1979 10067
  1980 10067
  1981 10067
  1982 10067
  1983 10067
  1984 10067
  1985 10067
  1986 10067
  1987 10067
  1988 10067
  1989 10067
  1990 10067
  1991 10067
  1992 10067
  1993 10067
  1994 10067
  1995 10067
  1996 10067
  1997 10067
  1998 10067
  1999 10067
  2000 10067
  2001 10067
  2002 10067
  2003 10067
  2004 10067
  2005 10067
  2006 10067
  2007 10067
  2008 10067
  2009 10067
  2010 10067
  2011 10067
  2012 10067
  2013 10067
  2014 10067
  2015 10067
  2016 10067
  2017 10067
  2018 10067
  2019 10067
  2020 10067
  2021 10067
  2022 10067
  2023 10067
  2026 10019
  2027 10019
  2028 10019
  2029 10072
  2030 10072
  2031 10021
  2032 10021
  2033 10045
  2034 10045
  2035 10045
  2036 10045
  2037 10045
  2038 10045
  2039 10045
  2458 10015
  2459 10015
  2460 10006
  2461 10006
  2462 10006
  2463 10006
  2464 10006
  2465 10006
  2466 10006
  2467 10006
  2468 10015
  2469 10015
  2470 10006
  2471 10073
  2472 10073
  2473 10006
  2474 10006
  2475 10006
  2476 10006
  2477 10006
  2478 10006
  2479 10015
  2480 10015
  2481 10006
  2482 10006
  2483 10006
  2484 10006
  2485 10006
  2486 10006
  2487 10006
  2488 10006
  2489 10006
  2490 10006
  2491 10006
  2492 10006
  2493 10006
  2494 10006
  2495 10006
  2496 10006
  2497 10006
  2498 10006
  2499 10006
  2500 10006
  2611 10073
  2612 10073
  2613 10073
  2614 10073
  2615 10073
  2636 10006
  2637 10006
  2638 10006
  2639 10006
  2640 10006
  2641 10006
  2642 10006
  2643 10006
  2644 10006
  2645 10006
  2646 10006
  2647 10006
  2648 10006
  2649 10006
  2650 10073
  2651 10073
  2652 10006
  2653 10006
  2654 10006
  2655 10006
  2656 10006
  2657 10006
  2658 10015
  2659 10015
  2660 10015
  2661 10015
  2662 10015
