   671 10107
   672 10107
   673 10107
   674 10107
   675 10107
   676 10156
   677 10156
   678 10156
   679 10156
   680 10156
   682 10095
   683 10095
   684 10156
   685 10095
   686 10095
   693 10059
   694 10059
   695 10059
   696 10059
   697 10059
   698 10059
   699 10059
   700 10059
   701 10059
   702 10059
   703 10059
   704 10059
   705 10059
   706 10059
   707 10059
   708 10059
   709 10059
   710 10059
   711 10006
   712 10006
   713 10006
   714 10059
   715 10059
   716 10059
   717 10059
   718 10059
   719 10059
   720 10059
   721 10059
   722 10059
   723 10059
   724 10059
   725 10059
   726 10059
   727 10059
   728 10059
   729 10059
   730 10059
   731 10059
   732 10059
   733 10059
   734 10059
   735 10059
   736 10059
   737 10059
   738 10059
   739 10059
   740 10059
   741 10059
   742 10059
   743 10059
   744 10059
   745 10059
   746 10059
   747 10059
   748 10059
   749 10059
   750 10059
   751 10059
   752 10059
   753 10059
   754 10059
   755 10059
   756 10059
   757 10059
   758 10059
   759 10059
   760 10059
   761 10059
   762 10059
   763 10059
   764 10059
   765 10059
   766 10059
   767 10059
   768 10059
   769 10059
   770 10059
   771 10059
   772 10059
   773 10059
   774 10059
   775 10059
   776 10059
   777 10122
   780 10007
   781 10007
   782 10137
   783 10137
   784 10137
   785 10137
   786 10137
   787 10108
   788 10108
   789 10108
   790 10108
   791 10108
   792 10108
   793 10108
   794 10137
   795 10137
   796 10137
   797 10137
   798 10137
   799 10137
   800 10137
   801 10137
   802 10137
   803 10137
   804 10137
   805 10137
   806 10137
   807 10137
   808 10137
   809 10137
   810 10137
   811 10137
   812 10137
   813 10137
   814 10137
   815 10137
   816 10137
   817 10137
   818 10137
   819 10137
   820 10137
   821 10137
   822 10137
   823 10137
   824 10137
   825 10137
   826 10137
   827 10137
   828 10137
   829 10137
   830 10137
   831 10137
   832 10137
   833 10137
   834 10137
   835 10137
   836 10137
   837 10137
   838 10137
   839 10137
   840 10137
   841 10137
   842 10137
   843 10137
   844 10137
   845 10137
   846 10137
   847 10137
   848 10137
   849 10137
   850 10137
   851 10137
   852 10137
   853 10137
   854 10137
   855 10137
   856 10137
   857 10137
   858 10137
   859 10137
   860 10137
   861 10137
   862 10137
   863 10137
   864 10137
   865 10137
   866 10137
   867 10137
   868 10137
   869 10137
   870 10137
   871 10137
   872 10137
   873 10137
   874 10137
   875 10137
   876 10137
   877 10137
   878 10137
   879 10137
   880 10137
   881 10137
   882 10137
   883 10137
   884 10137
   885 10137
   886 10137
   887 10137
   888 10137
   889 10137
   890 10137
   891 10137
   892 10137
   893 10137
   894 10137
   895 10137
   896 10137
   897 10137
   898 10137
   899 10137
   900 10137
   901 10137
   902 10137
   903 10137
   904 10137
   905 10137
   906 10137
   907 10137
   908 10137
   909 10137
   910 10137
   911 10137
   912 10137
   913 10137
   914 10137
   915 10137
   916 10137
   917 10137
   918 10137
   919 10137
   920 10137
   921 10137
   922 10137
   923 10137
   924 10137
   925 10137
   926 10137
   927 10137
   928 10137
   929 10137
   930 10137
   931 10137
   932 10137
   933 10137
   934 10137
   935 10137
   936 10137
   937 10137
   938 10137
   939 10137
   940 10137
   941 10137
   942 10137
   943 10137
   944 10137
   945 10137
   946 10137
   947 10137
   948 10137
   949 10137
   950 10137
   951 10137
   952 10137
   953 10137
   954 10137
   955 10137
   956 10137
   957 10137
   958 10137
   959 10137
   960 10137
   961 10137
   962 10137
   963 10137
   964 10137
   965 10137
   966 10137
   967 10137
   968 10137
   969 10137
   970 10137
   971 10137
   972 10137
   973 10137
   974 10137
   975 10137
   976 10137
   977 10137
   978 10137
   979 10137
   980 10137
   981 10137
   982 10137
   983 10137
   984 10137
   985 10137
   986 10137
   987 10137
   988 10137
   989 10137
   990 10137
   991 10137
   992 10137
   993 10137
   994 10137
   995 10137
   996 10137
   997 10137
   998 10137
   999 10137
  1000 10137
  1001 10137
  1002 10137
  1003 10137
  1004 10137
  1005 10137
  1006 10137
  1007 10137
  1008 10137
  1009 10137
  1010 10137
  1011 10137
  1012 10137
  1013 10137
  1014 10137
  1015 10137
  1016 10137
  1017 10137
  1018 10137
  1020 10104
  1021 10104
  1023 10104
  1024 10014
  1025 10014
  1026 10014
  1027 10014
  1028 10156
  1029 10074
  1030 10074
  1031 10074
  1032 10074
  1033 10074
  1034 10074
  1035 10074
  1036 10074
  1037 10074
  1038 10074
  1039 10156
  1040 10074
  1041 10074
  1042 10074
  1043 10074
  1044 10074
  1045 10074
  1046 10074
  1047 10074
  1048 10074
  1049 10074
  1050 10074
  1051 10074
  1052 10074
  1053 10074
  1054 10074
  1055 10074
  1063 10074
  1064 10074
  1065 10074
  1066 10074
  1067 10074
  1068 10074
  1069 10074
  1070 10074
  1071 10074
  1072 10074
  1073 10074
  1074 10074
  1075 10074
  1081 10074
  1082 10074
  1083 10074
  1084 10074
  1085 10074
  1086 10074
  1087 10156
  1088 10074
  1089 10074
  1090 10074
  1091 10074
  1092 10074
  1093 10074
  1094 10074
  1095 10074
  1096 10074
  1097 10074
  1098 10074
  1099 10074
  1100 10074
  1101 10074
  1102 10074
  1103 10074
  1104 10074
  1105 10074
  1106 10074
  1107 10074
  1108 10074
  1109 10074
  1110 10074
  1111 10074
  1112 10074
  1113 10074
  1114 10074
  1115 10074
  1116 10074
  1117 10074
  1118 10074
  1119 10074
  1120 10074
  1121 10074
  1122 10074
  1123 10074
  1124 10074
  1125 10074
  1126 10074
  1127 10074
  1128 10074
  1129 10074
  1130 10074
  1131 10074
  1132 10074
  1133 10074
  1134 10074
  1135 10074
  1136 10074
  1137 10074
  1138 10074
  1139 10074
  1140 10074
  1141 10074
  1142 10074
  1143 10074
  1144 10074
  1145 10074
  1146 10074
  1147 10074
  1148 10074
  1149 10074
  1150 10074
  1151 10074
  1152 10074
  1153 10074
  1154 10074
  1155 10074
  1156 10074
  1157 10074
  1158 10074
  1159 10074
  1160 10074
  1161 10074
  1162 10074
  1163 10124
  1164 10124
  1165 10074
  1166 10074
  1167 10074
  1168 10074
  1169 10074
  1170 10074
  1171 10074
  1172 10074
  1173 10074
  1174 10074
  1175 10074
  1176 10074
  1177 10074
  1178 10124
  1179 10124
  1180 10074
  1181 10074
  1182 10124
  1183 10124
  1184 10124
  1185 10074
  1186 10074
  1187 10074
  1188 10074
  1189 10074
  1190 10074
  1191 10074
  1192 10074
  1193 10074
  1194 10074
  1195 10074
  1196 10074
  1197 10074
  1198 10074
  1199 10074
  1200 10074
  1201 10074
  1202 10074
  1203 10074
  1204 10074
  1205 10074
  1206 10074
  1207 10074
  1208 10074
  1209 10074
  1210 10124
  1211 10074
  1212 10074
  1213 10124
  1214 10074
  1215 10074
  1216 10074
  1217 10095
  1218 10074
  1219 10074
  1220 10074
  1221 10074
  1222 10074
  1223 10095
  1224 10074
  1225 10074
  1226 10074
  1227 10074
  1228 10074
  1229 10074
  1230 10074
  1231 10074
  1232 10074
  1233 10074
  1234 10074
  1235 10074
  1236 10074
  1237 10074
  1238 10074
  1239 10074
  1240 10074
  1241 10074
  1242 10074
  1243 10074
  1244 10074
  1245 10074
  1246 10074
  1247 10074
  1248 10074
  1249 10074
  1250 10074
  1251 10074
  1252 10074
  1253 10074
  1254 10074
  1255 10074
  1256 10074
  1257 10074
  1258 10074
  1259 10074
  1260 10074
  1261 10074
  1262 10074
  1263 10124
  1264 10154
  1265 10154
  1266 10154
  1267 10154
  1268 10016
  1269 10095
  1270 10095
  1271 10095
  1272 10130
  1273 10154
  1274 10130
  1275 10130
  1276 10130
  1277 10076
  1278 10018
  1279 10018
  1280 10018
  1281 10018
  1282 10018
  1283 10018
  1284 10018
  1285 10018
  1286 10018
  1287 10018
  1288 10018
  1289 10055
  1290 10018
  1291 10055
  1292 10055
  1293 10018
  1294 10018
  1295 10018
  1296 10018
  1297 10018
  1298 10158
  1299 10018
  1300 10018
  1301 10018
  1302 10018
  1303 10018
  1304 10018
  1305 10018
  1306 10018
  1307 10018
  1308 10018
  1309 10018
  1310 10018
  1311 10018
  1312 10018
  1313 10018
  1314 10018
  1315 10018
  1316 10018
  1317 10055
  1318 10055
  1319 10018
  1320 10018
  1321 10018
  1322 10018
  1323 10018
  1324 10018
  1325 10018
  1326 10018
  1327 10018
  1328 10018
  1329 10018
  1330 10018
  1331 10076
  1332 10076
  1333 10076
  1355 10019
  1356 10019
  1357 10019
  1358 10072
  1359 10072
  1360 10041
  1361 10151
  1362 10008
  1363 10042
  1364 10011
  1365 10042
  1366 10042
  1367 10042
  1368 10042
  1369 10042
  1370 10042
  1371 10042
  1372 10011
  1373 10151
  1374 10151
  1375 10151
  1376 10151
  1377 10151
  1378 10151
  1379 10034
  1380 10034
  1381 10151
  1382 10034
  1383 10151
  1384 10151
  1385 10151
  1386 10019
  1387 10034
  1388 10034
  1389 10034
  1390 10034
  1391 10034
  1392 10034
  1393 10034
  1394 10034
  1395 10034
  1396 10034
  1397 10034
  1398 10034
  1399 10034
  1400 10034
  1401 10034
  1402 10034
  1403 10034
  1404 10034
  1405 10034
  1406 10034
  1407 10034
  1408 10034
  1409 10034
  1410 10034
  1411 10034
  1412 10034
  1413 10034
  1414 10034
  1415 10034
  1416 10034
  1417 10034
  1418 10151
  1419 10034
  1420 10034
  1421 10034
  1422 10034
  1423 10034
  1424 10034
  1425 10034
  1426 10151
  1427 10034
  1428 10034
  1429 10034
  1430 10034
  1431 10034
  1432 10034
  1433 10034
  1434 10034
  1435 10034
  1436 10034
  1437 10034
  1438 10034
  1439 10034
  1440 10034
  1441 10034
  1442 10034
  1443 10034
  1444 10034
  1445 10034
  1446 10034
  1447 10034
  1448 10034
  1449 10034
  1450 10034
  1451 10034
  1452 10034
  1453 10034
  1454 10034
  1455 10151
  1456 10034
  1457 10034
  1458 10034
  1459 10034
  1460 10034
  1461 10034
  1462 10151
  1463 10151
  1464 10151
  1465 10151
  1466 10034
  1467 10151
  1468 10151
  1469 10151
  1476 10151
  1478 10151
  1479 10034
  1480 10034
  1481 10034
  1482 10151
  1483 10151
  1484 10034
  1485 10034
  1486 10034
  1487 10034
  1488 10034
  1489 10034
  1490 10034
  1491 10034
  1492 10034
  1493 10034
  1494 10034
  1495 10034
  1496 10034
  1497 10034
  1498 10034
  1499 10151
  1500 10034
  1501 10034
  1502 10034
  1503 10034
  1504 10034
  1505 10034
  1506 10034
  1507 10034
  1508 10034
  1509 10034
  1510 10034
  1511 10151
  1512 10151
  1513 10151
  1514 10151
  1515 10034
  1516 10034
  1517 10034
  1518 10034
  1519 10034
  1520 10034
  1521 10151
  1522 10034
  1523 10034
  1524 10151
  1525 10151
  1526 10151
  1527 10034
  1528 10034
  1529 10034
  1530 10034
  1531 10034
  1532 10034
  1533 10034
  1534 10034
  1535 10034
  1536 10034
  1537 10151
  1538 10034
  1539 10034
  1540 10034
  1541 10034
  1542 10034
  1543 10034
  1544 10034
  1545 10034
  1546 10034
  1547 10034
  1548 10034
  1549 10034
  1550 10034
  1551 10034
  1552 10151
  1553 10034
  1554 10151
  1555 10151
  1556 10151
  1557 10151
  1558 10034
  1559 10151
  1560 10151
  1561 10034
  1562 10151
  1563 10151
  1564 10034
  1565 10151
  1566 10034
  1567 10034
  1568 10034
  1569 10034
  1570 10151
  1571 10151
  1572 10151
  1573 10034
  1574 10151
  1575 10151
  1576 10151
  1577 10034
  1578 10034
  1579 10034
  1580 10034
  1581 10151
  1582 10151
  1583 10151
  1584 10151
  1585 10151
  1586 10151
  1587 10151
  1588 10151
  1589 10151
  1590 10034
  1591 10151
  1592 10034
  1593 10151
  1594 10151
  1595 10151
  1596 10151
  1597 10034
  1598 10151
  1599 10151
  1600 10034
  1601 10151
  1602 10151
  1603 10034
  1604 10034
  1605 10034
  1606 10151
  1607 10034
  1608 10034
  1609 10151
  1610 10034
  1611 10151
  1612 10034
  1613 10151
  1614 10034
  1615 10151
  1616 10034
  1617 10082
  1618 10072
  1619 10019
  1620 10019
  1621 10123
  1622 10123
  1623 10091
  1626 10123
  1627 10088
  1628 10170
  1629 10170
  1630 10143
  1631 10170
  1632 10170
  1633 10170
  1634 10170
  1635 10170
  1636 10170
  1637 10170
  1638 10170
  1639 10170
  1640 10170
  1641 10170
  1642 10170
  1643 10170
  1644 10170
  1645 10170
  1646 10170
  1647 10170
  1648 10170
  1649 10170
  1650 10170
  1651 10170
  1652 10170
  1653 10170
  1654 10170
  1655 10170
  1656 10170
  1657 10170
  1658 10170
  1659 10170
  1660 10170
  1661 10170
  1662 10170
  1663 10170
  1664 10170
  1665 10170
  1666 10170
  1667 10170
  1668 10170
  1669 10170
  1670 10170
  1671 10170
  1672 10170
  1673 10170
  1674 10170
  1675 10170
  1676 10170
  1677 10170
  1678 10170
  1679 10170
  1680 10170
  1681 10170
  1682 10170
  1683 10170
  1684 10170
  1685 10170
  1686 10170
  1687 10170
  1688 10170
  1689 10170
  1690 10170
  1691 10170
  1692 10170
  1693 10170
  1694 10170
  1695 10170
  1696 10170
  1697 10170
  1698 10170
  1699 10170
  1700 10170
  1701 10170
  1702 10170
  1703 10170
  1704 10170
  1705 10170
  1706 10170
  1707 10170
  1708 10170
  1709 10170
  1710 10170
  1711 10170
  1712 10170
  1713 10170
  1714 10170
  1715 10170
  1716 10170
  1717 10170
  1718 10170
  1719 10170
  1720 10170
  1721 10170
  1722 10170
  1723 10170
  1724 10170
  1725 10170
  1726 10170
  1727 10170
  1728 10170
  1729 10170
  1730 10170
  1731 10170
  1732 10170
  1733 10170
  1734 10170
  1735 10170
  1736 10170
  1737 10170
  1738 10170
  1739 10170
  1740 10170
  1741 10170
  1742 10170
  1743 10170
  1744 10170
  1745 10170
  1746 10170
  1747 10170
  1748 10170
  1749 10170
  1750 10170
  1751 10170
  1752 10170
  1753 10170
  1754 10170
  1755 10170
  1756 10170
  1757 10170
  1758 10170
  1759 10170
  1760 10170
  1761 10170
  1762 10170
  1763 10170
  1764 10170
  1765 10170
  1766 10170
  1767 10170
  1768 10170
  1769 10170
  1770 10170
  1771 10170
  1772 10170
  1773 10170
  1774 10170
  1775 10170
  1776 10170
  1777 10170
  1778 10170
  1779 10170
  1780 10170
  1781 10170
  1782 10170
  1783 10170
  1784 10170
  1785 10170
  1786 10170
  1787 10170
  1788 10170
  1789 10170
  1790 10170
  1791 10170
  1792 10170
  1793 10170
  1794 10170
  1795 10170
  1796 10170
  1797 10170
  1798 10170
  1799 10170
  1800 10170
  1801 10170
  1802 10170
  1803 10170
  1804 10170
  1805 10170
  1806 10170
  1807 10170
  1808 10170
  1809 10170
  1810 10170
  1811 10170
  1812 10170
  1813 10170
  1814 10170
  1815 10170
  1816 10170
  1817 10170
  1818 10170
  1819 10170
  1820 10170
  1821 10170
  1822 10170
  1823 10170
  1824 10170
  1825 10170
  1826 10170
  1827 10170
  1828 10170
  1829 10170
  1830 10170
  1831 10170
  1832 10170
  1833 10170
  1834 10170
  1835 10170
  1836 10170
  1837 10170
  1838 10170
  1839 10170
  1840 10170
  1841 10170
  1842 10170
  1843 10170
  1844 10170
  1845 10170
  1846 10170
  1847 10170
  1848 10170
  1849 10170
  1850 10170
  1851 10170
  1852 10170
  1853 10170
  1854 10170
  1855 10170
  1856 10097
  1857 10097
  1858 10097
  1859 10158
  1861 10158
  1862 10123
  1863 10123
  1864 10123
  1865 10123
  1866 10123
  1867 10123
  1868 10123
  1869 10123
  1870 10123
  1871 10123
  1872 10123
  1873 10123
  1874 10123
  1875 10123
  1876 10123
  1877 10123
  1878 10123
  1879 10123
  1880 10123
  1881 10123
  1882 10123
  1883 10123
  1884 10123
  1885 10123
  1886 10123
  1887 10123
  1888 10123
  1889 10123
  1890 10123
  1891 10123
  1892 10123
  1893 10123
  1894 10123
  1895 10123
  1896 10123
  1897 10123
  1898 10062
  1899 10062
  1900 10062
  1901 10123
  1902 10123
  1903 10123
  1904 10123
  1905 10123
  1906 10123
  1907 10123
  1908 10123
  1909 10123
  1910 10123
  1911 10123
  1912 10123
  1913 10123
  1914 10123
  1915 10123
  1916 10123
  1917 10123
  1918 10123
  1919 10123
  1920 10123
  1921 10123
  1922 10123
  1923 10123
  1924 10123
  1925 10123
  1926 10123
  1927 10123
  1928 10123
  1929 10123
  1930 10123
  1931 10123
  1932 10123
  1933 10123
  1934 10154
  1935 10123
  1936 10123
  1937 10123
  1938 10123
  1939 10123
  1940 10123
  1941 10123
  1942 10123
  1943 10123
  1944 10123
  1945 10123
  1946 10123
  1947 10123
  1948 10123
  1949 10123
  1950 10123
  1951 10123
  1952 10123
  1953 10123
  1954 10123
  1955 10123
  1956 10123
  1957 10123
  1958 10123
  1959 10123
  1960 10062
  1961 10062
  1962 10062
  1963 10062
  1964 10062
  1965 10062
  1966 10062
  1967 10123
  1968 10123
  1969 10123
  1970 10123
  1971 10123
  1972 10123
  1973 10123
  1974 10123
  1975 10123
  1976 10123
  1977 10123
  1978 10123
  1979 10123
  1980 10123
  1981 10123
  1982 10123
  1983 10123
  1984 10123
  1985 10123
  1986 10123
  1987 10123
  1988 10123
  1989 10123
  1990 10123
  1991 10123
  1992 10123
  1993 10123
  1994 10123
  1995 10123
  1996 10123
  1997 10123
  1998 10123
  1999 10123
  2000 10123
  2001 10123
  2003 10101
  2004 10101
  2005 10141
  2008 10016
  2009 10016
  2010 10016
  2011 10016
  2012 10154
  2013 10154
  2014 10154
  2015 10154
  2016 10154
  2017 10154
  2018 10154
  2019 10154
  2020 10154
  2021 10154
  2022 10154
  2023 10154
  2024 10154
  2025 10154
  2026 10154
  2027 10154
  2028 10154
  2029 10154
  2030 10154
  2031 10154
  2032 10154
