   695 10055
   696 10055
   697 10018
   698 10018
   699 10018
   700 10018
   701 10018
   702 10018
   703 10018
   704 10055
   705 10055
   706 10055
   707 10055
   708 10055
   709 10055
   710 10055
   711 10055
   712 10055
   713 10055
   714 10055
   715 10018
   716 10055
   717 10055
   718 10055
   719 10055
   720 10055
   721 10055
   722 10055
   723 10055
   724 10055
   725 10055
   726 10055
   727 10055
   728 10055
   729 10055
   730 10018
   731 10018
   732 10055
   733 10055
   734 10055
   735 10055
   736 10055
   737 10055
   738 10055
   739 10055
   740 10055
   741 10018
   742 10018
   743 10018
   744 10018
   745 10018
   746 10018
   747 10018
   748 10055
   749 10055
   750 10055
   751 10055
   752 10055
   753 10055
   754 10055
   755 10055
   756 10055
   757 10055
   758 10055
   759 10055
   760 10055
   761 10055
   762 10055
   763 10055
   764 10055
   765 10055
   766 10055
   767 10055
   768 10055
   769 10055
   770 10055
   771 10055
   772 10055
   773 10055
   774 10076
   775 10173
   776 10055
   777 10173
   779 10134
   780 10065
   781 10101
   782 10101
   783 10101
   784 10065
   785 10043
   786 10091
   787 10002
   788 10002
   789 10002
   790 10002
   791 10002
   792 10002
   793 10002
   794 10002
   795 10002
   796 10002
   797 10002
   798 10002
   799 10002
   800 10002
   801 10002
   802 10002
   803 10002
   804 10002
   805 10002
   806 10002
   807 10002
   808 10002
   809 10002
   810 10002
   811 10002
   812 10002
   813 10002
   814 10002
   815 10002
   816 10002
   817 10002
   818 10002
   819 10002
   820 10002
   821 10002
   822 10002
   823 10002
   824 10002
   825 10002
   826 10002
   827 10002
   828 10002
   829 10002
   830 10002
   831 10002
   832 10002
   833 10002
   834 10002
   835 10002
   836 10002
   837 10002
   838 10002
   839 10002
   840 10002
   841 10002
   842 10002
   843 10002
   844 10002
   845 10002
   846 10002
   847 10002
   848 10002
   849 10002
   850 10002
   851 10002
   852 10002
   853 10002
   854 10002
   855 10002
   856 10002
   857 10002
   858 10002
   859 10002
   860 10002
   861 10002
   862 10002
   863 10002
   864 10002
   865 10002
   866 10002
   867 10002
   868 10002
   869 10002
   870 10002
   871 10002
   872 10002
   873 10002
   874 10002
   875 10002
   876 10002
   877 10002
   878 10002
   879 10002
   880 10002
   881 10002
   882 10002
   883 10002
   884 10002
   885 10002
   886 10002
   887 10002
   888 10002
   889 10002
   890 10002
   891 10002
   892 10002
   893 10002
   894 10002
   895 10002
   896 10002
   897 10002
   898 10002
   899 10002
   900 10002
   901 10002
   902 10002
   903 10002
   904 10002
   905 10002
   906 10002
   907 10002
   908 10002
   909 10002
   910 10002
   911 10002
   912 10002
   913 10002
   914 10002
   915 10002
   916 10002
   917 10002
   918 10002
   919 10002
   920 10002
   921 10002
   922 10002
   923 10002
   924 10002
   925 10002
   926 10002
   927 10002
   928 10002
   929 10002
   930 10002
   931 10002
   932 10002
   933 10002
   934 10002
   935 10002
   936 10002
   937 10002
   938 10002
   939 10002
   940 10002
   941 10002
   942 10002
   943 10002
   944 10002
   945 10002
   946 10002
   947 10002
   948 10002
   949 10002
   950 10002
   951 10002
   952 10002
   953 10002
   954 10002
   955 10002
   956 10002
   957 10002
   958 10002
   959 10002
   960 10002
   961 10002
   962 10002
   963 10002
   964 10002
   965 10002
   966 10002
   967 10002
   968 10002
   969 10002
   970 10002
   971 10002
   972 10002
   973 10002
   974 10002
   975 10002
   976 10002
   977 10002
   978 10002
   979 10002
   980 10002
   981 10002
   982 10002
   983 10002
   984 10002
   985 10002
   986 10002
   987 10002
   988 10002
   989 10002
   990 10002
   991 10002
   992 10002
   993 10002
   994 10002
   995 10002
   996 10002
   997 10002
   998 10002
   999 10002
  1000 10002
  1001 10002
  1002 10002
  1003 10002
  1004 10002
  1005 10002
  1006 10002
  1007 10002
  1008 10002
  1009 10002
  1010 10002
  1011 10002
  1012 10002
  1013 10002
  1014 10002
  1015 10002
  1016 10002
  1017 10039
  1018 10039
  1019 10039
  1024 10122
  1026 10122
  1027 10122
  1028 10122
  1029 10122
  1030 10122
  1031 10122
  1032 10122
  1033 10122
  1034 10122
  1035 10122
  1036 10122
  1037 10122
  1038 10122
  1039 10122
  1040 10122
  1041 10122
  1042 10122
  1043 10122
  1044 10122
  1045 10122
  1046 10122
  1047 10122
  1048 10122
  1049 10122
  1050 10122
  1051 10122
  1052 10122
  1053 10122
  1054 10122
  1055 10122
  1056 10122
  1057 10122
  1058 10122
  1059 10122
  1060 10122
  1061 10122
  1062 10122
  1063 10122
  1064 10122
  1065 10122
  1066 10122
  1067 10122
  1068 10122
  1069 10122
  1070 10122
  1071 10122
  1072 10122
  1073 10122
  1074 10122
  1075 10122
  1076 10122
  1077 10122
  1078 10122
  1079 10122
  1080 10122
  1081 10122
  1082 10122
  1083 10122
  1084 10122
  1085 10122
  1086 10122
  1087 10122
  1088 10122
  1089 10122
  1090 10122
  1091 10122
  1092 10122
  1093 10122
  1094 10122
  1095 10122
  1096 10122
  1097 10122
  1098 10122
  1099 10122
  1100 10122
  1101 10122
  1102 10122
  1103 10122
  1104 10122
  1105 10122
  1106 10122
  1107 10122
  1108 10122
  1109 10122
  1110 10122
  1111 10122
  1112 10122
  1113 10122
  1114 10122
  1115 10122
  1116 10122
  1117 10122
  1118 10122
  1119 10122
  1120 10122
  1121 10122
  1122 10122
  1123 10122
  1124 10122
  1125 10122
  1126 10122
  1127 10122
  1128 10122
  1129 10122
  1130 10122
  1131 10122
  1132 10122
  1133 10122
  1134 10122
  1135 10122
  1136 10122
  1137 10122
  1138 10122
  1139 10122
  1140 10122
  1141 10122
  1142 10122
  1143 10122
  1144 10122
  1145 10122
  1146 10122
  1147 10122
  1148 10122
  1149 10122
  1150 10122
  1151 10122
  1152 10122
  1153 10122
  1154 10122
  1155 10122
  1156 10122
  1157 10122
  1158 10122
  1159 10122
  1160 10122
  1161 10122
  1162 10122
  1163 10122
  1164 10122
  1165 10122
  1166 10122
  1167 10122
  1168 10122
  1169 10122
  1170 10122
  1171 10122
  1172 10122
  1173 10122
  1174 10122
  1175 10122
  1176 10122
  1177 10122
  1178 10122
  1179 10122
  1180 10122
  1181 10122
  1182 10122
  1183 10122
  1184 10122
  1185 10122
  1186 10122
  1187 10122
  1188 10122
  1189 10122
  1190 10122
  1191 10122
  1192 10122
  1193 10122
  1194 10122
  1195 10122
  1196 10122
  1197 10122
  1198 10122
  1199 10122
  1200 10122
  1201 10122
  1202 10122
  1203 10122
  1204 10122
  1205 10122
  1206 10122
  1207 10122
  1208 10122
  1209 10122
  1210 10122
  1211 10122
  1212 10122
  1213 10122
  1214 10122
  1215 10122
  1216 10122
  1217 10122
  1218 10122
  1219 10122
  1220 10122
  1221 10122
  1222 10122
  1223 10122
  1224 10122
  1225 10122
  1226 10122
  1227 10122
  1228 10122
  1229 10122
  1230 10122
  1231 10122
  1232 10122
  1233 10122
  1234 10122
  1235 10122
  1236 10122
  1237 10122
  1238 10122
  1239 10122
  1240 10122
  1241 10122
  1242 10122
  1243 10122
  1244 10122
  1245 10122
  1246 10122
  1247 10122
  1248 10122
  1249 10122
  1250 10122
  1251 10122
  1252 10122
  1253 10122
  1254 10122
  1255 10122
  1256 10122
  1257 10122
  1258 10122
  1265 10149
  1266 10149
  1267 10149
  1268 10039
  1269 10039
  1270 10039
  1271 10039
  1272 10039
  1273 10039
  1274 10039
  1275 10039
  1276 10149
  1277 10149
  1278 10149
  1279 10071
  1280 10071
  1281 10149
  1282 10071
  1283 10071
  1284 10071
  1285 10071
  1286 10071
  1287 10071
  1288 10071
  1289 10071
  1290 10071
  1291 10071
  1292 10071
  1293 10149
  1294 10071
  1295 10071
  1296 10071
  1297 10071
  1298 10071
  1299 10149
  1300 10149
  1301 10149
  1302 10149
  1303 10149
  1304 10071
  1305 10149
  1306 10071
  1307 10071
  1308 10071
  1309 10071
  1310 10071
  1311 10149
  1312 10149
  1313 10149
  1314 10149
  1315 10149
  1316 10071
  1317 10071
  1318 10071
  1319 10071
  1320 10071
  1321 10071
  1322 10071
  1323 10071
  1324 10071
  1325 10071
  1326 10071
  1327 10071
  1328 10071
  1329 10071
  1330 10071
  1331 10071
  1332 10071
  1333 10071
  1334 10071
  1335 10149
  1336 10149
  1337 10149
  1338 10149
  1339 10149
  1340 10149
  1341 10149
  1342 10149
  1343 10071
  1344 10071
  1345 10071
  1346 10071
  1347 10071
  1348 10071
  1349 10071
  1350 10071
  1351 10071
  1352 10149
  1353 10149
  1354 10149
  1355 10149
  1356 10149
  1357 10149
  1358 10149
  1359 10149
  1360 10149
  1361 10071
  1362 10071
  1363 10071
  1364 10071
  1365 10071
  1366 10071
  1367 10071
  1368 10149
  1369 10149
  1370 10149
  1371 10149
  1372 10149
  1373 10149
  1374 10149
  1375 10149
  1376 10071
  1377 10071
  1378 10071
  1379 10071
  1380 10071
  1381 10149
  1382 10149
  1383 10149
  1384 10149
  1385 10149
  1386 10149
  1387 10149
  1388 10149
  1389 10071
  1390 10149
  1391 10149
  1392 10149
  1393 10149
  1394 10149
  1395 10071
  1396 10071
  1397 10071
  1398 10071
  1399 10071
  1400 10149
  1401 10149
  1402 10149
  1403 10149
  1404 10149
  1405 10149
  1406 10071
  1407 10071
  1408 10071
  1409 10071
  1410 10071
  1411 10149
  1412 10149
  1413 10149
  1414 10149
  1415 10149
  1416 10149
  1417 10149
  1418 10149
  1419 10149
  1420 10149
  1421 10149
  1422 10149
  1423 10149
  1424 10149
  1425 10149
  1426 10149
  1427 10149
  1428 10149
  1429 10149
  1430 10149
  1431 10149
  1432 10149
  1433 10149
  1434 10149
  1435 10149
  1436 10149
  1437 10071
  1438 10071
  1439 10071
  1440 10071
  1441 10071
  1442 10071
  1443 10071
  1444 10071
  1445 10071
  1446 10071
  1447 10071
  1448 10149
  1449 10149
  1450 10149
  1451 10149
  1452 10071
  1453 10149
  1454 10149
  1455 10149
  1456 10149
  1457 10149
  1458 10149
  1459 10071
  1460 10071
  1461 10071
  1462 10071
  1463 10149
  1464 10149
  1465 10149
  1466 10149
  1467 10149
  1468 10071
  1469 10149
  1470 10149
  1471 10149
  1472 10149
  1473 10149
  1474 10149
  1475 10149
  1476 10149
  1477 10071
  1478 10071
  1479 10071
  1480 10071
  1481 10071
  1482 10071
  1483 10071
  1484 10071
  1485 10071
  1486 10071
  1487 10071
  1488 10071
  1489 10071
  1490 10090
  1491 10090
  1492 10090
  1493 10090
  1494 10039
  1495 10039
  1496 10083
  1497 10083
  1498 10101
  1499 10071
  1501 10173
  1502 10101
  1503 10173
  1504 10076
  1505 10055
  1506 10055
  1507 10018
  1508 10018
  1509 10018
  1510 10018
  1511 10018
  1512 10018
  1513 10018
  1514 10018
  1515 10158
  1516 10158
  1517 10158
  1518 10158
  1519 10076
  1520 10158
  1521 10158
  1522 10158
  1523 10076
  1524 10076
  1525 10076
  1526 10076
  1527 10076
  1528 10055
  1529 10076
  1530 10076
  1531 10076
  1532 10076
  1533 10076
  1534 10076
  1535 10076
  1536 10076
  1537 10076
  1538 10076
  1539 10076
  1540 10076
  1541 10076
  1542 10076
  1543 10076
  1544 10055
  1545 10076
  1546 10076
  1547 10076
  1548 10076
  1549 10076
  1550 10076
  1551 10076
  1552 10076
  1553 10055
  1554 10055
  1555 10055
  1556 10055
  1557 10055
  1558 10055
  1559 10055
  1560 10055
  1561 10055
  1562 10055
  1563 10055
  1564 10055
  1565 10055
  1566 10055
  1567 10076
  1568 10076
  1569 10076
  1570 10076
  1571 10076
  1572 10076
  1573 10076
  1574 10076
  1575 10076
  1576 10076
  1577 10076
  1578 10076
  1579 10055
  1580 10076
  1581 10055
  1582 10055
  1583 10055
  1584 10055
  1585 10055
  1586 10076
  1587 10076
  1588 10076
  1589 10076
  1590 10076
  1591 10076
  1592 10076
  1593 10076
  1594 10076
  1595 10076
  1596 10076
  1597 10076
  1598 10076
  1599 10076
  1600 10173
  1601 10173
  1602 10076
  1603 10076
  1604 10076
  1605 10076
  1606 10076
  1607 10076
  1608 10076
  1609 10076
  1611 10016
  1613 10016
  1614 10016
  1615 10016
  1616 10016
  1617 10016
  1618 10016
  1619 10143
  1620 10036
  1621 10143
  1622 10143
  1623 10143
  1624 10143
  1625 10143
  1626 10143
  1627 10143
  1628 10143
  1629 10075
  1630 10075
  1631 10075
  1632 10075
  1633 10075
  1634 10075
  1635 10075
  1636 10075
  1637 10075
  1638 10075
  1639 10075
  1640 10075
  1641 10075
  1642 10075
  1643 10075
  1644 10075
  1645 10075
  1646 10075
  1647 10075
  1648 10075
  1649 10075
  1650 10075
  1651 10075
  1652 10075
  1653 10075
  1654 10075
  1655 10075
  1656 10075
  1657 10075
  1658 10075
  1659 10075
  1660 10075
  1661 10075
  1662 10075
  1663 10075
  1664 10075
  1665 10075
  1666 10075
  1667 10075
  1668 10075
  1669 10075
  1670 10075
  1671 10075
  1672 10075
  1673 10075
  1674 10075
  1675 10075
  1676 10075
  1677 10075
  1678 10075
  1679 10075
  1680 10075
  1681 10075
  1682 10075
  1683 10075
  1684 10075
  1685 10075
  1686 10075
  1687 10075
  1688 10075
  1689 10075
  1690 10075
  1691 10075
  1692 10075
  1693 10075
  1694 10075
  1695 10075
  1696 10075
  1697 10075
  1698 10075
  1699 10075
  1700 10075
  1701 10075
  1702 10075
  1703 10075
  1704 10075
  1705 10075
  1706 10075
  1707 10075
  1708 10075
  1709 10075
  1710 10075
  1711 10075
  1712 10075
  1713 10075
  1714 10075
  1715 10075
  1716 10075
  1717 10075
  1718 10075
  1719 10075
  1720 10075
  1721 10075
  1722 10075
  1723 10075
  1724 10075
  1725 10075
  1726 10075
  1727 10075
  1728 10075
  1729 10075
  1730 10075
  1731 10075
  1732 10075
  1733 10075
  1734 10075
  1735 10075
  1736 10075
  1737 10075
  1738 10075
  1739 10075
  1740 10075
  1741 10075
  1742 10075
  1743 10075
  1744 10075
  1745 10075
  1746 10075
  1747 10075
  1748 10075
  1749 10075
  1750 10075
  1751 10075
  1752 10075
  1753 10075
  1754 10075
  1755 10075
  1756 10075
  1757 10075
  1758 10075
  1759 10075
  1760 10075
  1761 10075
  1762 10075
  1763 10075
  1764 10075
  1765 10075
  1766 10075
  1767 10075
  1768 10075
  1769 10075
  1770 10075
  1771 10075
  1772 10075
  1773 10075
  1774 10075
  1775 10075
  1776 10075
  1777 10075
  1778 10075
  1779 10075
  1780 10075
  1781 10075
  1782 10075
  1783 10075
  1784 10075
  1785 10075
  1786 10075
  1787 10075
  1788 10075
  1789 10075
  1790 10075
  1791 10075
  1792 10075
  1793 10075
  1794 10075
  1795 10075
  1796 10075
  1797 10075
  1798 10075
  1799 10075
  1800 10075
  1801 10075
  1802 10075
  1803 10075
  1804 10075
  1805 10075
  1806 10075
  1807 10075
  1808 10075
  1809 10075
  1810 10075
  1811 10075
  1812 10075
  1813 10075
  1814 10075
  1815 10075
  1816 10075
  1817 10075
  1818 10075
  1819 10075
  1820 10075
  1821 10075
  1822 10075
  1823 10075
  1824 10075
  1825 10075
  1826 10075
  1827 10075
  1828 10075
  1829 10075
  1830 10075
  1831 10075
  1832 10075
  1833 10075
  1834 10075
  1835 10075
  1836 10075
  1837 10075
  1838 10075
  1839 10075
  1840 10075
  1841 10075
  1842 10075
  1843 10075
  1844 10075
  1845 10075
  1846 10075
  1847 10075
  1848 10075
  1849 10075
  1850 10075
  1851 10075
  1852 10075
  1853 10075
  1854 10075
  1855 10016
  1856 10075
  1857 10016
  1858 10075
  1859 10075
  1860 10138
  1861 10101
  1862 10101
  1863 10138
  1864 10138
  1865 10138
  1866 10138
  1867 10070
  1868 10070
  1869 10070
  1870 10070
  1871 10070
  1872 10070
  1873 10070
  1874 10070
  1875 10070
  1876 10070
  1877 10070
  1878 10070
  1879 10070
  1880 10070
  1881 10070
  1882 10070
  1883 10070
  1884 10070
  1885 10070
  1886 10070
  1887 10070
  1888 10070
  1889 10070
  1890 10070
  1891 10070
  1892 10070
  1893 10070
  1894 10070
  1895 10070
  1896 10070
  1897 10070
  1898 10070
  1899 10070
  1900 10070
  1901 10070
  1902 10070
  1903 10070
  1904 10070
  1905 10070
  1906 10070
  1907 10070
  1908 10070
  1909 10070
  1910 10070
  1911 10070
  1912 10070
  1913 10070
  1914 10070
  1915 10070
  1916 10070
  1917 10070
  1918 10070
  1919 10070
  1920 10070
  1921 10070
  1922 10070
  1923 10070
  1924 10070
  1925 10070
  1926 10070
  1927 10070
  1928 10070
  1929 10070
  1930 10070
  1931 10070
  1932 10070
  1933 10070
  1934 10070
  1935 10070
  1936 10070
  1937 10070
  1938 10070
  1939 10070
  1940 10070
  1941 10070
  1942 10070
  1943 10070
  1944 10070
  1945 10070
  1946 10070
  1947 10070
  1948 10070
  1949 10070
  1950 10070
  1951 10070
  1952 10070
  1953 10070
  1954 10070
  1955 10070
  1956 10070
  1957 10070
  1958 10070
  1959 10070
  1960 10070
  1961 10070
  1962 10070
  1963 10070
  1964 10070
  1965 10070
  1966 10070
  1967 10070
  1968 10070
  1969 10070
  1970 10070
  1971 10070
  1972 10070
  1973 10070
  1974 10070
  1975 10070
  1976 10070
  1977 10070
  1978 10070
  1979 10070
  1980 10070
  1981 10070
  1982 10070
  1983 10070
  1984 10070
  1985 10070
  1986 10070
  1987 10070
  1988 10070
  1989 10070
  1990 10070
  1991 10070
  1992 10070
  1993 10070
  1994 10070
  1995 10070
  1996 10070
  1997 10070
  1998 10070
  1999 10070
  2000 10070
  2001 10070
  2002 10070
  2003 10070
  2004 10070
  2005 10070
  2006 10070
  2007 10070
  2008 10070
  2009 10070
  2010 10070
  2011 10070
  2012 10070
  2013 10138
  2014 10070
  2015 10070
  2016 10070
  2017 10070
  2018 10070
  2019 10070
  2020 10050
  2021 10076
  2022 10076
  2023 10076
  2024 10076
  2025 10076
  2026 10076
  2027 10076
  2028 10076
  2029 10076
  2030 10076
  2031 10076
  2032 10076
  2033 10076
  2034 10076
  2035 10076
  2036 10076
  2037 10076
  2038 10076
  2039 10076
  2040 10076
  2041 10076
  2542 10015
  2543 10015
  2544 10015
  2545 10015
  2546 10015
