   711 10035
   712 10035
   713 10035
   714 10035
   715 10035
   716 10035
   717 10035
   718 10035
   719 10035
   720 10035
   721 10035
   722 10035
   723 10035
   724 10035
   725 10035
   726 10035
   727 10035
   728 10035
   729 10035
   730 10035
   731 10035
   732 10035
   733 10035
   734 10035
   735 10035
   736 10035
   737 10035
   738 10035
   739 10035
   740 10035
   741 10035
   742 10035
   743 10035
   744 10035
   745 10035
   746 10035
   747 10035
   748 10035
   749 10035
   750 10035
   751 10035
   752 10035
   753 10035
   754 10035
   755 10035
   756 10035
   757 10035
   758 10035
   759 10035
   760 10035
   761 10035
   762 10035
   763 10035
   764 10035
   765 10035
   766 10035
   767 10035
   768 10035
   769 10035
   770 10035
   771 10035
   772 10035
   773 10035
   774 10035
   775 10035
   776 10035
   777 10035
   778 10035
   785 10122
   786 10005
   787 10005
   788 10005
   789 10005
   790 10005
   791 10005
   792 10005
   793 10005
   794 10005
   795 10005
   796 10005
   797 10005
   798 10005
   799 10005
   800 10005
   801 10005
   802 10005
   803 10005
   804 10005
   805 10005
   806 10005
   807 10005
   808 10005
   809 10005
   810 10005
   811 10005
   812 10005
   813 10005
   814 10005
   815 10005
   816 10005
   817 10005
   818 10005
   819 10005
   820 10005
   821 10005
   822 10005
   823 10005
   824 10005
   825 10005
   826 10005
   827 10005
   828 10005
   829 10005
   830 10005
   831 10005
   832 10005
   833 10005
   834 10005
   835 10005
   836 10005
   837 10005
   838 10005
   839 10005
   840 10005
   841 10005
   842 10005
   843 10005
   844 10005
   845 10005
   846 10005
   847 10005
   848 10005
   849 10005
   850 10005
   851 10005
   852 10005
   853 10005
   854 10005
   855 10005
   856 10005
   857 10005
   858 10005
   859 10005
   860 10005
   861 10005
   862 10005
   863 10005
   864 10005
   865 10005
   866 10005
   867 10005
   868 10005
   869 10005
   870 10005
   871 10005
   872 10005
   873 10005
   874 10005
   875 10005
   876 10005
   877 10005
   878 10005
   879 10005
   880 10005
   881 10005
   882 10005
   883 10005
   884 10005
   885 10005
   886 10005
   887 10005
   888 10005
   889 10005
   890 10005
   891 10005
   892 10005
   893 10005
   894 10005
   895 10005
   896 10005
   897 10005
   898 10005
   899 10005
   900 10005
   901 10005
   902 10005
   903 10005
   904 10005
   905 10005
   906 10005
   907 10005
   908 10005
   909 10005
   910 10005
   911 10005
   912 10005
   913 10005
   914 10005
   915 10005
   916 10005
   917 10005
   918 10005
   919 10005
   920 10005
   921 10005
   922 10005
   923 10005
   924 10005
   925 10005
   926 10005
   927 10005
   928 10005
   929 10005
   930 10005
   931 10005
   932 10005
   933 10005
   934 10005
   935 10005
   936 10005
   937 10005
   938 10005
   939 10005
   940 10005
   941 10005
   942 10005
   943 10005
   944 10005
   945 10005
   946 10005
   947 10005
   948 10005
   949 10005
   950 10005
   951 10005
   952 10005
   953 10005
   954 10005
   955 10005
   956 10005
   957 10005
   958 10005
   959 10005
   960 10005
   961 10005
   962 10005
   963 10005
   964 10005
   965 10005
   966 10005
   967 10005
   968 10005
   969 10005
   970 10005
   971 10005
   972 10005
   973 10005
   974 10005
   975 10005
   976 10005
   977 10005
   978 10005
   979 10005
   980 10005
   981 10005
   982 10005
   983 10005
   984 10005
   985 10005
   986 10005
   987 10005
   988 10005
   989 10005
   990 10005
   991 10005
   992 10005
   993 10005
   994 10005
   995 10005
   996 10005
   997 10005
   998 10005
   999 10005
  1000 10005
  1001 10005
  1002 10005
  1003 10005
  1004 10005
  1005 10005
  1006 10005
  1007 10005
  1008 10005
  1009 10005
  1010 10005
  1011 10005
  1012 10005
  1013 10005
  1014 10005
  1015 10005
  1016 10005
  1017 10005
  1018 10005
  1019 10005
  1020 10130
  1021 10130
  1026 10090
  1027 10090
  1028 10090
  1029 10090
  1030 10090
  1031 10090
  1032 10090
  1033 10090
  1034 10090
  1035 10090
  1036 10090
  1037 10090
  1038 10090
  1039 10090
  1040 10090
  1041 10090
  1042 10090
  1043 10090
  1044 10090
  1045 10090
  1046 10090
  1047 10090
  1048 10090
  1049 10090
  1050 10090
  1051 10090
  1052 10090
  1053 10090
  1054 10090
  1055 10090
  1056 10090
  1057 10090
  1058 10090
  1059 10090
  1060 10090
  1061 10090
  1062 10090
  1063 10090
  1064 10090
  1065 10090
  1066 10090
  1067 10090
  1068 10090
  1069 10090
  1070 10090
  1071 10090
  1072 10090
  1073 10090
  1074 10090
  1075 10090
  1076 10090
  1077 10090
  1078 10090
  1079 10090
  1080 10090
  1081 10090
  1082 10090
  1083 10090
  1084 10090
  1085 10090
  1086 10090
  1087 10090
  1088 10090
  1089 10090
  1090 10090
  1091 10090
  1092 10090
  1093 10090
  1094 10090
  1095 10090
  1096 10090
  1097 10090
  1098 10090
  1099 10090
  1100 10090
  1101 10090
  1102 10090
  1103 10090
  1104 10090
  1105 10090
  1106 10090
  1107 10090
  1108 10090
  1109 10090
  1110 10090
  1111 10090
  1112 10090
  1113 10090
  1114 10090
  1115 10090
  1116 10090
  1117 10090
  1118 10090
  1119 10090
  1120 10090
  1121 10090
  1122 10090
  1123 10090
  1124 10090
  1125 10090
  1126 10090
  1127 10090
  1128 10090
  1129 10090
  1130 10090
  1131 10090
  1132 10090
  1133 10090
  1134 10090
  1135 10090
  1136 10090
  1137 10090
  1138 10090
  1139 10090
  1140 10090
  1141 10090
  1142 10090
  1143 10090
  1144 10090
  1145 10090
  1146 10090
  1147 10090
  1148 10090
  1149 10090
  1150 10090
  1151 10090
  1152 10090
  1153 10090
  1154 10090
  1155 10090
  1156 10090
  1157 10090
  1158 10090
  1159 10090
  1160 10090
  1161 10090
  1162 10090
  1163 10090
  1164 10090
  1165 10090
  1166 10090
  1167 10090
  1168 10090
  1169 10090
  1170 10090
  1171 10090
  1172 10090
  1173 10090
  1174 10090
  1175 10090
  1176 10090
  1177 10090
  1178 10090
  1179 10090
  1180 10090
  1181 10090
  1182 10090
  1183 10090
  1184 10090
  1185 10090
  1186 10090
  1187 10090
  1188 10090
  1189 10090
  1190 10090
  1191 10090
  1192 10090
  1193 10090
  1194 10090
  1195 10090
  1196 10090
  1197 10090
  1198 10090
  1199 10090
  1200 10090
  1201 10090
  1202 10090
  1203 10090
  1204 10090
  1205 10090
  1206 10090
  1207 10090
  1208 10090
  1209 10090
  1210 10090
  1211 10090
  1212 10090
  1213 10090
  1214 10090
  1215 10090
  1216 10090
  1217 10090
  1218 10090
  1219 10090
  1220 10090
  1221 10090
  1222 10090
  1223 10090
  1224 10090
  1225 10090
  1226 10090
  1227 10090
  1228 10090
  1229 10090
  1230 10090
  1231 10090
  1232 10090
  1233 10090
  1234 10090
  1235 10090
  1236 10090
  1237 10090
  1238 10090
  1239 10090
  1240 10090
  1241 10090
  1242 10090
  1243 10090
  1244 10090
  1245 10090
  1246 10090
  1247 10090
  1248 10090
  1249 10090
  1250 10090
  1251 10090
  1252 10090
  1253 10090
  1254 10090
  1255 10090
  1256 10090
  1257 10090
  1258 10090
  1259 10090
  1260 10090
  1261 10090
  1262 10090
  1263 10090
  1264 10090
  1268 10169
  1269 10169
  1270 10018
  1271 10018
  1272 10018
  1273 10018
  1274 10018
  1275 10018
  1276 10018
  1277 10018
  1278 10018
  1279 10040
  1280 10040
  1281 10040
  1282 10040
  1283 10040
  1284 10040
  1285 10040
  1286 10040
  1287 10040
  1288 10040
  1289 10040
  1290 10040
  1291 10040
  1292 10040
  1293 10040
  1294 10040
  1295 10040
  1296 10040
  1297 10040
  1298 10040
  1299 10040
  1300 10040
  1301 10040
  1302 10040
  1303 10040
  1304 10040
  1305 10040
  1306 10040
  1307 10040
  1308 10040
  1309 10040
  1310 10106
  1311 10098
  1312 10098
  1313 10055
  1314 10055
  1315 10055
  1316 10106
  1317 10154
  1318 10014
  1319 10154
  1320 10014
  1321 10014
  1322 10014
  1323 10014
  1324 10014
  1325 10014
  1326 10014
  1327 10154
  1328 10014
  1329 10016
  1330 10130
  1331 10130
  1333 10088
  1334 10141
  1335 10141
  1336 10141
  1337 10141
  1338 10141
  1339 10169
  1340 10169
  1341 10169
  1343 10091
  1344 10091
  1345 10083
  1346 10083
  1347 10094
  1348 10094
  1349 10064
  1350 10064
  1351 10091
  1353 10028
  1354 10028
  1355 10028
  1356 10028
  1357 10028
  1360 10091
  1361 10164
  1363 10043
  1364 10043
  1371 10043
  1372 10043
  1373 10043
  1374 10043
  1375 10043
  1376 10043
  1377 10043
  1378 10043
  1379 10043
  1380 10043
  1381 10043
  1382 10043
  1383 10043
  1384 10043
  1385 10043
  1386 10043
  1387 10043
  1388 10043
  1389 10043
  1390 10043
  1391 10043
  1392 10043
  1393 10043
  1394 10043
  1395 10043
  1396 10043
  1397 10043
  1398 10043
  1399 10043
  1400 10043
  1401 10043
  1402 10043
  1403 10043
  1404 10043
  1405 10043
  1406 10043
  1407 10043
  1408 10043
  1409 10043
  1410 10043
  1411 10043
  1412 10043
  1413 10043
  1414 10043
  1415 10043
  1416 10043
  1417 10043
  1418 10043
  1419 10043
  1420 10043
  1421 10043
  1422 10043
  1423 10043
  1424 10043
  1425 10043
  1426 10043
  1427 10043
  1428 10043
  1429 10043
  1430 10043
  1431 10043
  1432 10043
  1433 10043
  1434 10043
  1435 10043
  1436 10043
  1437 10043
  1438 10043
  1439 10043
  1440 10043
  1441 10043
  1442 10043
  1443 10043
  1444 10043
  1445 10043
  1446 10043
  1447 10043
  1448 10043
  1449 10043
  1450 10043
  1451 10043
  1452 10043
  1453 10043
  1454 10043
  1455 10043
  1456 10043
  1457 10043
  1458 10043
  1459 10043
  1460 10043
  1461 10043
  1462 10043
  1463 10043
  1464 10043
  1465 10043
  1466 10043
  1467 10043
  1468 10043
  1469 10043
  1470 10043
  1471 10043
  1472 10043
  1473 10043
  1474 10043
  1475 10043
  1476 10043
  1477 10043
  1478 10043
  1479 10043
  1480 10043
  1481 10043
  1482 10043
  1483 10043
  1484 10043
  1485 10043
  1486 10043
  1487 10043
  1488 10043
  1489 10043
  1490 10043
  1491 10043
  1492 10043
  1493 10043
  1494 10043
  1495 10043
  1496 10043
  1497 10043
  1498 10043
  1499 10043
  1500 10043
  1501 10043
  1502 10043
  1503 10043
  1504 10043
  1505 10043
  1506 10043
  1507 10043
  1508 10043
  1509 10043
  1510 10043
  1511 10043
  1512 10043
  1513 10043
  1514 10043
  1515 10043
  1516 10043
  1517 10043
  1518 10043
  1519 10043
  1520 10043
  1521 10043
  1522 10043
  1523 10043
  1524 10043
  1525 10043
  1526 10043
  1527 10043
  1528 10043
  1529 10043
  1530 10043
  1531 10043
  1532 10043
  1533 10043
  1534 10043
  1535 10043
  1536 10043
  1537 10043
  1538 10043
  1539 10043
  1540 10043
  1541 10043
  1542 10043
  1543 10043
  1544 10043
  1545 10043
  1546 10043
  1547 10043
  1548 10043
  1549 10043
  1550 10043
  1551 10043
  1552 10043
  1553 10043
  1554 10043
  1555 10043
  1556 10043
  1557 10043
  1558 10043
  1559 10043
  1560 10043
  1561 10043
  1562 10043
  1563 10043
  1564 10043
  1565 10043
  1566 10043
  1567 10043
  1568 10043
  1569 10043
  1570 10043
  1571 10043
  1572 10043
  1573 10043
  1574 10043
  1575 10043
  1576 10043
  1577 10043
  1578 10043
  1579 10043
  1580 10043
  1581 10043
  1582 10043
  1583 10043
  1584 10043
  1585 10043
  1586 10043
  1587 10043
  1588 10043
  1589 10043
  1590 10043
  1591 10043
  1592 10043
  1593 10043
  1594 10043
  1595 10043
  1596 10043
  1597 10043
  1598 10043
  1599 10043
  1600 10043
  1601 10043
  1602 10043
  1603 10043
  1604 10043
  1605 10043
  1606 10043
  1607 10043
  1608 10043
  1609 10043
  1610 10043
  1611 10043
  1612 10043
  1613 10043
  1614 10043
  1616 10062
  1620 10031
  1621 10031
  1622 10031
  1623 10031
  1624 10031
  1625 10031
  1626 10031
  1627 10031
  1628 10031
  1629 10031
  1630 10031
  1631 10031
  1632 10031
  1633 10031
  1634 10031
  1635 10031
  1636 10031
  1637 10031
  1638 10031
  1639 10031
  1640 10031
  1641 10031
  1642 10031
  1643 10031
  1644 10031
  1645 10031
  1646 10031
  1647 10031
  1648 10031
  1649 10031
  1650 10031
  1651 10031
  1652 10031
  1653 10031
  1654 10031
  1655 10031
  1656 10031
  1657 10031
  1658 10031
  1659 10031
  1660 10031
  1661 10031
  1662 10031
  1663 10031
  1664 10031
  1665 10031
  1666 10031
  1667 10031
  1668 10031
  1669 10031
  1670 10031
  1671 10031
  1672 10031
  1673 10031
  1674 10031
  1675 10031
  1676 10031
  1677 10031
  1678 10031
  1679 10031
  1680 10031
  1681 10031
  1682 10031
  1683 10031
  1684 10031
  1685 10031
  1686 10031
  1687 10031
  1688 10031
  1689 10031
  1690 10031
  1691 10031
  1692 10031
  1693 10031
  1694 10031
  1695 10031
  1696 10031
  1697 10031
  1698 10031
  1699 10031
  1700 10031
  1701 10031
  1702 10031
  1703 10031
  1704 10031
  1705 10031
  1706 10031
  1707 10031
  1708 10031
  1709 10031
  1710 10031
  1711 10031
  1712 10031
  1713 10031
  1714 10031
  1715 10031
  1716 10031
  1717 10031
  1718 10031
  1719 10031
  1720 10031
  1721 10031
  1722 10031
  1723 10031
  1724 10031
  1725 10031
  1726 10031
  1727 10031
  1728 10031
  1729 10031
  1730 10031
  1731 10031
  1732 10031
  1733 10031
  1734 10031
  1735 10031
  1736 10031
  1737 10031
  1738 10031
  1739 10031
  1740 10031
  1741 10031
  1742 10031
  1743 10031
  1744 10031
  1745 10031
  1746 10031
  1747 10031
  1748 10031
  1749 10031
  1750 10031
  1751 10031
  1752 10031
  1753 10031
  1754 10031
  1755 10031
  1756 10031
  1757 10031
  1758 10031
  1759 10031
  1760 10031
  1761 10031
  1762 10031
  1763 10031
  1764 10031
  1765 10031
  1766 10031
  1767 10031
  1768 10031
  1769 10031
  1770 10031
  1771 10031
  1772 10031
  1773 10031
  1774 10031
  1775 10031
  1776 10031
  1777 10031
  1778 10031
  1779 10031
  1780 10031
  1781 10031
  1782 10031
  1783 10031
  1784 10031
  1785 10031
  1786 10031
  1787 10031
  1788 10031
  1789 10031
  1790 10031
  1791 10031
  1792 10031
  1793 10031
  1794 10031
  1795 10031
  1796 10031
  1797 10031
  1798 10031
  1799 10031
  1800 10031
  1801 10031
  1802 10031
  1803 10031
  1804 10031
  1805 10031
  1806 10031
  1807 10031
  1808 10031
  1809 10031
  1810 10031
  1811 10031
  1812 10031
  1813 10031
  1814 10031
  1815 10031
  1816 10031
  1817 10031
  1818 10031
  1819 10031
  1820 10031
  1821 10031
  1822 10031
  1823 10031
  1824 10031
  1825 10031
  1826 10031
  1827 10031
  1828 10031
  1829 10031
  1830 10031
  1831 10031
  1832 10031
  1833 10031
  1834 10031
  1835 10031
  1836 10031
  1837 10031
  1838 10031
  1839 10031
  1840 10031
  1841 10031
  1842 10031
  1843 10031
  1844 10031
  1845 10031
  1846 10031
  1847 10031
  1848 10031
  1849 10031
  1850 10031
  1851 10031
  1852 10031
  1853 10031
  1854 10031
  1855 10031
  1856 10031
  1857 10031
  1858 10031
  1859 10031
  1860 10130
  1861 10155
  1862 10155
  1863 10155
  1864 10155
  1865 10155
  1866 10155
  1867 10155
  1868 10155
  1869 10155
  1870 10155
  1871 10155
  1872 10155
  1873 10155
  1874 10155
  1875 10155
  1876 10155
  1877 10155
  1878 10155
  1879 10155
  1880 10155
  1881 10155
  1882 10155
  1883 10155
  1884 10155
  1885 10155
  1886 10155
  1887 10155
  1888 10155
  1889 10155
  1890 10155
  1891 10155
  1892 10155
  1893 10155
  1894 10155
  1895 10155
  1896 10155
  1897 10155
  1898 10155
  1899 10155
  1900 10155
  1901 10155
  1902 10155
  1903 10155
  1904 10155
  1905 10155
  1906 10155
  1907 10155
  1908 10155
  1909 10155
  1910 10155
  1911 10155
  1912 10155
  1913 10155
  1914 10155
  1915 10155
  1916 10155
  1917 10155
  1918 10155
  1919 10155
  1920 10155
  1921 10155
  1922 10155
  1923 10155
  1924 10155
  1925 10155
  1926 10155
  1927 10155
  1928 10155
  1929 10155
  1930 10155
  1931 10155
  1932 10155
  1933 10155
  1934 10155
  1935 10155
  1936 10155
  1937 10155
  1938 10155
  1939 10155
  1940 10155
  1941 10155
  1942 10155
  1943 10155
  1944 10155
  1945 10155
  1946 10155
  1947 10155
  1948 10155
  1949 10155
  1950 10155
  1951 10155
  1952 10155
  1953 10155
  1954 10155
  1955 10155
  1956 10155
  1957 10155
  1958 10155
  1959 10155
  1960 10155
  1961 10155
  1962 10155
  1963 10155
  1964 10155
  1965 10155
  1966 10155
  1967 10155
  1968 10155
  1969 10155
  1970 10155
  1971 10155
  1972 10155
  1973 10155
  1974 10155
  1975 10155
  1976 10155
  1977 10155
  1978 10155
  1979 10155
  1980 10155
  1981 10155
  1982 10155
  1983 10155
  1984 10155
  1985 10155
  1986 10155
  1987 10155
  1988 10155
  1989 10155
  1990 10155
  1991 10155
  1992 10155
  1993 10155
  1994 10155
  1995 10155
  1996 10155
  1997 10155
  1998 10155
  1999 10155
  2000 10155
  2001 10155
  2002 10155
  2003 10155
  2004 10155
  2005 10155
  2006 10155
  2007 10155
  2008 10155
  2009 10155
  2010 10155
  2011 10155
  2012 10155
  2013 10155
  2014 10155
  2015 10155
  2016 10155
  2017 10155
  2018 10155
  2019 10155
  2020 10155
  2021 10155
  2022 10155
  2023 10155
  2024 10143
  2025 10143
  2026 10154
  2027 10154
  2028 10154
  2029 10154
  2030 10154
  2032 10154
