   703 10028
   704 10028
   705 10028
   706 10028
   707 10028
   708 10028
   709 10028
   710 10028
   711 10028
   712 10028
   713 10028
   714 10028
   715 10028
   716 10028
   717 10028
   718 10028
   719 10028
   720 10028
   721 10028
   722 10028
   723 10028
   724 10028
   725 10028
   726 10028
   727 10028
   728 10028
   729 10028
   730 10028
   731 10028
   732 10028
   733 10028
   734 10028
   735 10028
   736 10028
   737 10028
   738 10028
   739 10028
   740 10028
   741 10028
   742 10028
   743 10028
   744 10028
   745 10028
   746 10028
   747 10028
   748 10028
   749 10028
   750 10028
   751 10028
   752 10028
   753 10028
   754 10028
   755 10028
   756 10028
   757 10028
   758 10028
   759 10028
   760 10028
   761 10028
   762 10028
   763 10028
   764 10028
   765 10028
   766 10028
   767 10028
   768 10028
   769 10028
   770 10028
   771 10028
   772 10028
   773 10028
   774 10028
   775 10019
   776 10028
   777 10101
   778 10101
   779 10101
   780 10101
   781 10101
   782 10015
   783 10015
   784 10015
   785 10074
   786 10161
   787 10161
   788 10161
   789 10161
   790 10161
   791 10161
   792 10161
   793 10156
   794 10156
   795 10161
   796 10161
   797 10161
   798 10161
   799 10156
   800 10156
   801 10156
   802 10156
   803 10156
   804 10156
   805 10161
   806 10156
   807 10156
   808 10156
   809 10161
   810 10161
   811 10161
   812 10161
   813 10161
   814 10161
   815 10161
   816 10161
   817 10161
   818 10161
   819 10156
   820 10156
   821 10156
   822 10156
   823 10156
   824 10161
   825 10124
   826 10124
   827 10161
   828 10161
   829 10161
   830 10161
   831 10161
   832 10161
   833 10161
   834 10161
   835 10161
   836 10161
   837 10161
   838 10161
   839 10124
   840 10124
   841 10161
   842 10161
   843 10161
   844 10161
   845 10161
   846 10161
   847 10161
   848 10161
   849 10161
   850 10161
   851 10161
   852 10161
   853 10161
   854 10161
   855 10161
   856 10156
   857 10156
   858 10156
   859 10161
   860 10161
   861 10161
   862 10161
   863 10161
   864 10161
   865 10161
   866 10161
   867 10161
   868 10161
   869 10161
   870 10161
   871 10161
   872 10161
   873 10161
   874 10161
   875 10161
   876 10161
   877 10161
   878 10161
   879 10161
   880 10161
   881 10161
   882 10161
   883 10161
   884 10161
   885 10161
   886 10161
   887 10161
   888 10161
   889 10161
   890 10161
   891 10161
   892 10161
   893 10161
   894 10161
   895 10161
   896 10161
   897 10161
   898 10161
   899 10161
   900 10161
   901 10161
   902 10161
   903 10156
   904 10156
   905 10156
   906 10156
   907 10156
   908 10161
   909 10124
   910 10124
   911 10124
   912 10124
   913 10161
   914 10161
   915 10161
   916 10161
   917 10161
   918 10161
   919 10161
   920 10156
   921 10161
   922 10124
   923 10124
   924 10124
   925 10124
   926 10161
   927 10124
   928 10156
   929 10124
   930 10124
   931 10124
   932 10124
   933 10124
   934 10124
   935 10124
   936 10161
   937 10161
   938 10161
   939 10124
   940 10124
   941 10124
   942 10124
   943 10124
   944 10124
   945 10161
   946 10124
   947 10124
   948 10161
   949 10161
   950 10161
   951 10161
   952 10161
   953 10161
   954 10161
   955 10124
   956 10124
   957 10156
   958 10156
   959 10161
   960 10161
   961 10156
   962 10156
   963 10156
   964 10124
   965 10124
   966 10161
   967 10124
   968 10124
   969 10124
   970 10081
   971 10081
   972 10081
   973 10081
   974 10124
   975 10124
   976 10081
   977 10124
   978 10156
   979 10156
   980 10161
   981 10156
   982 10156
   983 10081
   984 10156
   985 10156
   986 10156
   987 10156
   988 10161
   989 10124
   990 10156
   991 10156
   992 10156
   993 10156
   994 10156
   995 10081
   996 10161
   997 10161
   998 10161
   999 10124
  1000 10124
  1001 10124
  1002 10124
  1003 10161
  1004 10161
  1005 10161
  1006 10161
  1007 10161
  1008 10161
  1009 10161
  1010 10161
  1011 10167
  1012 10167
  1013 10081
  1014 10161
  1015 10161
  1016 10161
  1017 10161
  1018 10161
  1019 10161
  1020 10161
  1021 10074
  1022 10074
  1023 10074
  1024 10074
  1025 10074
  1026 10154
  1027 10085
  1028 10085
  1029 10085
  1030 10085
  1031 10085
  1032 10085
  1033 10085
  1034 10085
  1035 10085
  1036 10085
  1037 10085
  1038 10085
  1039 10085
  1040 10085
  1041 10085
  1042 10085
  1043 10085
  1044 10085
  1045 10085
  1046 10085
  1047 10085
  1048 10085
  1049 10085
  1050 10085
  1051 10085
  1052 10010
  1053 10010
  1054 10144
  1055 10144
  1056 10144
  1057 10144
  1058 10144
  1059 10144
  1060 10144
  1061 10010
  1062 10144
  1063 10144
  1064 10144
  1065 10144
  1066 10144
  1067 10144
  1068 10144
  1069 10144
  1070 10144
  1071 10010
  1072 10144
  1073 10144
  1074 10144
  1075 10144
  1076 10144
  1077 10144
  1078 10144
  1079 10144
  1080 10144
  1081 10144
  1082 10144
  1083 10144
  1084 10144
  1085 10144
  1086 10144
  1087 10144
  1088 10144
  1089 10144
  1090 10144
  1091 10144
  1092 10144
  1093 10144
  1094 10144
  1095 10144
  1096 10010
  1097 10010
  1098 10144
  1099 10144
  1100 10144
  1101 10144
  1102 10010
  1103 10010
  1104 10010
  1105 10010
  1106 10144
  1107 10144
  1108 10144
  1109 10144
  1110 10144
  1111 10144
  1112 10144
  1113 10144
  1114 10144
  1115 10144
  1116 10010
  1120 10144
  1121 10144
  1122 10144
  1123 10144
  1124 10144
  1125 10144
  1126 10144
  1127 10144
  1128 10144
  1129 10010
  1130 10010
  1131 10010
  1132 10010
  1133 10010
  1134 10010
  1135 10010
  1139 10010
  1140 10010
  1141 10010
  1142 10010
  1143 10010
  1144 10010
  1145 10144
  1146 10144
  1147 10144
  1148 10144
  1149 10144
  1150 10144
  1151 10144
  1152 10144
  1153 10144
  1154 10144
  1155 10144
  1156 10144
  1157 10144
  1158 10144
  1159 10144
  1160 10010
  1161 10010
  1162 10010
  1163 10010
  1164 10010
  1165 10010
  1166 10010
  1167 10144
  1168 10144
  1169 10144
  1170 10144
  1171 10144
  1172 10144
  1173 10144
  1174 10144
  1175 10144
  1176 10144
  1177 10144
  1178 10144
  1179 10144
  1180 10144
  1181 10144
  1182 10144
  1183 10144
  1184 10144
  1185 10144
  1186 10144
  1187 10144
  1188 10144
  1189 10144
  1190 10144
  1191 10144
  1192 10144
  1193 10144
  1194 10158
  1195 10158
  1196 10144
  1197 10144
  1198 10144
  1199 10144
  1200 10144
  1201 10144
  1202 10144
  1203 10144
  1204 10144
  1205 10144
  1206 10144
  1207 10144
  1208 10144
  1209 10144
  1210 10144
  1211 10144
  1212 10144
  1213 10144
  1214 10144
  1215 10144
  1216 10144
  1217 10144
  1218 10144
  1219 10144
  1220 10144
  1221 10144
  1222 10144
  1223 10144
  1224 10144
  1225 10144
  1226 10144
  1227 10144
  1228 10144
  1229 10144
  1230 10144
  1231 10144
  1232 10144
  1233 10144
  1234 10144
  1235 10144
  1236 10144
  1237 10010
  1238 10010
  1239 10010
  1240 10010
  1241 10010
  1242 10144
  1243 10144
  1244 10144
  1245 10144
  1246 10144
  1247 10144
  1248 10144
  1249 10144
  1250 10144
  1251 10144
  1252 10144
  1253 10144
  1254 10144
  1255 10144
  1256 10144
  1257 10144
  1258 10144
  1259 10144
  1260 10010
  1261 10010
  1262 10010
  1263 10158
  1264 10158
  1265 10158
  1266 10055
  1271 10118
  1272 10036
  1273 10036
  1274 10036
  1275 10036
  1276 10036
  1277 10036
  1278 10118
  1279 10118
  1280 10036
  1281 10036
  1282 10036
  1283 10118
  1284 10036
  1285 10118
  1286 10118
  1287 10118
  1288 10118
  1289 10118
  1290 10118
  1291 10118
  1292 10118
  1293 10118
  1294 10118
  1295 10118
  1296 10118
  1297 10118
  1298 10118
  1299 10118
  1300 10118
  1301 10118
  1302 10118
  1303 10118
  1304 10118
  1305 10118
  1306 10118
  1307 10118
  1308 10118
  1309 10118
  1310 10118
  1311 10118
  1312 10118
  1313 10118
  1314 10118
  1315 10118
  1316 10118
  1317 10118
  1318 10118
  1319 10118
  1320 10118
  1321 10118
  1322 10118
  1323 10118
  1324 10118
  1325 10118
  1326 10118
  1327 10118
  1328 10118
  1329 10118
  1330 10118
  1331 10118
  1332 10118
  1333 10118
  1334 10118
  1335 10118
  1336 10118
  1337 10118
  1338 10118
  1339 10118
  1340 10118
  1341 10118
  1342 10118
  1343 10118
  1344 10118
  1345 10118
  1346 10118
  1347 10118
  1348 10118
  1349 10118
  1350 10118
  1351 10118
  1352 10118
  1353 10118
  1354 10118
  1355 10118
  1356 10118
  1357 10118
  1358 10118
  1359 10118
  1360 10118
  1361 10118
  1362 10118
  1363 10118
  1364 10118
  1365 10118
  1366 10118
  1367 10118
  1368 10118
  1369 10118
  1370 10118
  1371 10118
  1372 10118
  1373 10118
  1374 10118
  1375 10118
  1376 10118
  1377 10118
  1378 10118
  1379 10118
  1380 10118
  1381 10118
  1382 10118
  1383 10118
  1384 10118
  1385 10118
  1386 10118
  1387 10118
  1388 10118
  1389 10118
  1390 10118
  1391 10118
  1392 10118
  1393 10118
  1394 10118
  1395 10118
  1396 10118
  1397 10118
  1398 10118
  1399 10118
  1400 10118
  1401 10118
  1402 10118
  1403 10118
  1404 10118
  1405 10118
  1406 10118
  1407 10118
  1408 10118
  1409 10118
  1410 10118
  1411 10118
  1412 10118
  1413 10118
  1414 10118
  1415 10118
  1416 10118
  1417 10118
  1418 10118
  1419 10118
  1420 10118
  1421 10118
  1422 10118
  1423 10118
  1424 10118
  1425 10118
  1426 10118
  1427 10118
  1428 10118
  1429 10118
  1430 10118
  1431 10118
  1432 10118
  1433 10118
  1434 10118
  1435 10118
  1436 10118
  1437 10118
  1438 10118
  1439 10118
  1440 10118
  1441 10118
  1442 10118
  1443 10118
  1444 10118
  1445 10118
  1446 10118
  1447 10118
  1448 10118
  1449 10118
  1450 10118
  1451 10118
  1452 10118
  1453 10118
  1454 10118
  1455 10118
  1456 10118
  1457 10118
  1458 10118
  1459 10118
  1460 10118
  1461 10118
  1462 10118
  1463 10118
  1464 10118
  1465 10118
  1466 10118
  1467 10118
  1468 10118
  1469 10118
  1470 10118
  1471 10118
  1472 10118
  1473 10118
  1474 10118
  1475 10118
  1476 10118
  1477 10118
  1478 10118
  1479 10118
  1480 10118
  1481 10118
  1482 10118
  1483 10118
  1484 10118
  1485 10118
  1486 10118
  1487 10118
  1488 10118
  1489 10118
  1490 10118
  1491 10118
  1492 10118
  1493 10118
  1494 10118
  1495 10118
  1496 10118
  1497 10118
  1498 10118
  1499 10112
  1500 10112
  1502 10031
  1503 10173
  1505 10055
  1506 10055
  1507 10106
  1508 10106
  1509 10018
  1510 10106
  1511 10106
  1512 10106
  1513 10040
  1514 10106
  1515 10106
  1516 10106
  1517 10106
  1518 10106
  1519 10106
  1520 10106
  1521 10106
  1522 10106
  1523 10106
  1524 10106
  1525 10106
  1526 10106
  1527 10106
  1528 10106
  1529 10106
  1530 10106
  1531 10106
  1532 10106
  1533 10106
  1534 10106
  1535 10106
  1536 10106
  1537 10106
  1538 10106
  1539 10106
  1540 10106
  1541 10106
  1542 10106
  1543 10106
  1544 10106
  1545 10106
  1546 10106
  1547 10106
  1548 10106
  1549 10106
  1550 10106
  1551 10106
  1552 10106
  1553 10106
  1554 10106
  1555 10106
  1556 10106
  1557 10106
  1558 10106
  1559 10106
  1560 10106
  1561 10106
  1562 10106
  1563 10106
  1564 10106
  1565 10106
  1566 10106
  1567 10106
  1568 10106
  1569 10106
  1570 10106
  1571 10106
  1572 10106
  1573 10106
  1574 10106
  1575 10106
  1576 10106
  1577 10106
  1578 10106
  1579 10106
  1580 10106
  1581 10106
  1582 10106
  1583 10106
  1584 10106
  1585 10018
  1586 10018
  1587 10055
  1588 10106
  1589 10106
  1590 10106
  1591 10106
  1592 10106
  1593 10106
  1594 10106
  1595 10106
  1596 10106
  1597 10106
  1598 10106
  1599 10106
  1600 10106
  1601 10106
  1602 10106
  1603 10106
  1604 10106
  1605 10106
  1606 10106
  1607 10106
  1608 10106
  1609 10076
  1610 10076
  1611 10106
  1612 10106
  1613 10106
  1614 10106
  1615 10106
  1616 10106
  1617 10106
  1618 10106
  1619 10106
  1620 10144
  1621 10144
  1622 10077
  1623 10077
  1624 10077
  1625 10170
  1626 10170
  1627 10170
  1628 10170
  1629 10170
  1630 10170
  1631 10170
  1632 10170
  1633 10170
  1634 10170
  1635 10170
  1636 10170
  1637 10170
  1638 10170
  1639 10170
  1640 10170
  1641 10170
  1642 10170
  1643 10170
  1644 10170
  1645 10170
  1646 10170
  1647 10170
  1648 10170
  1649 10170
  1650 10170
  1651 10170
  1652 10170
  1653 10170
  1654 10170
  1655 10170
  1656 10170
  1657 10170
  1658 10170
  1659 10170
  1660 10170
  1661 10170
  1662 10170
  1663 10170
  1664 10170
  1665 10170
  1666 10170
  1667 10170
  1668 10170
  1669 10170
  1670 10170
  1671 10170
  1672 10170
  1673 10170
  1674 10170
  1675 10170
  1676 10170
  1677 10170
  1678 10170
  1679 10170
  1680 10170
  1681 10170
  1682 10170
  1683 10170
  1684 10170
  1685 10170
  1686 10170
  1687 10170
  1688 10170
  1689 10170
  1690 10170
  1691 10170
  1692 10170
  1693 10170
  1694 10170
  1695 10170
  1696 10170
  1697 10170
  1698 10170
  1699 10170
  1700 10170
  1701 10170
  1702 10170
  1703 10170
  1704 10170
  1705 10170
  1706 10170
  1707 10170
  1708 10170
  1709 10170
  1710 10170
  1711 10170
  1712 10170
  1713 10170
  1714 10170
  1715 10170
  1716 10170
  1717 10170
  1718 10170
  1719 10170
  1720 10170
  1721 10170
  1722 10170
  1723 10170
  1724 10170
  1725 10170
  1726 10170
  1727 10170
  1728 10170
  1729 10170
  1730 10170
  1731 10170
  1732 10170
  1733 10170
  1734 10170
  1735 10170
  1736 10170
  1737 10170
  1738 10170
  1739 10170
  1740 10170
  1741 10170
  1742 10170
  1743 10170
  1744 10170
  1745 10170
  1746 10170
  1747 10170
  1748 10170
  1749 10170
  1750 10170
  1751 10170
  1752 10170
  1753 10170
  1754 10170
  1755 10170
  1756 10170
  1757 10170
  1758 10170
  1759 10170
  1760 10170
  1761 10170
  1762 10170
  1763 10170
  1764 10170
  1765 10170
  1766 10170
  1767 10170
  1768 10170
  1769 10170
  1770 10170
  1771 10170
  1772 10170
  1773 10170
  1774 10170
  1775 10170
  1776 10170
  1777 10170
  1778 10170
  1779 10170
  1780 10170
  1781 10170
  1782 10170
  1783 10170
  1784 10170
  1785 10170
  1786 10170
  1787 10170
  1788 10170
  1789 10170
  1790 10170
  1791 10170
  1792 10170
  1793 10170
  1794 10170
  1795 10170
  1796 10170
  1797 10170
  1798 10170
  1799 10170
  1800 10170
  1801 10170
  1802 10170
  1803 10170
  1804 10170
  1805 10170
  1806 10170
  1807 10170
  1808 10170
  1809 10170
  1810 10170
  1811 10170
  1812 10170
  1813 10170
  1814 10170
  1815 10170
  1816 10170
  1817 10170
  1818 10170
  1819 10170
  1820 10170
  1821 10170
  1822 10170
  1823 10170
  1824 10170
  1825 10170
  1826 10170
  1827 10170
  1828 10170
  1829 10170
  1830 10170
  1831 10170
  1832 10170
  1833 10170
  1834 10170
  1835 10170
  1836 10170
  1837 10170
  1838 10170
  1839 10170
  1840 10170
  1841 10170
  1842 10170
  1843 10170
  1844 10170
  1845 10170
  1846 10170
  1847 10170
  1848 10170
  1849 10170
  1850 10170
  1851 10170
  1852 10170
  1853 10170
  1854 10170
  1855 10170
  1856 10097
  1857 10170
  1858 10097
  1859 10154
  1869 10049
  1870 10049
  1871 10011
  1872 10011
  1873 10011
  1874 10011
  1875 10011
  1876 10011
  1877 10011
  1878 10011
  1879 10011
  1880 10011
  1881 10011
  1882 10011
  1883 10011
  1884 10011
  1885 10011
  1886 10011
  1887 10011
  1888 10011
  1889 10011
  1890 10011
  1891 10011
  1892 10011
  1893 10011
  1894 10011
  1895 10011
  1896 10011
  1897 10011
  1898 10011
  1899 10011
  1900 10011
  1901 10011
  1902 10011
  1903 10011
  1904 10011
  1905 10011
  1906 10011
  1907 10011
  1908 10011
  1909 10011
  1910 10011
  1911 10011
  1912 10011
  1913 10011
  1914 10011
  1915 10011
  1916 10011
  1917 10011
  1918 10011
  1919 10011
  1920 10011
  1921 10011
  1922 10011
  1923 10011
  1924 10011
  1925 10011
  1926 10011
  1927 10011
  1928 10011
  1929 10011
  1930 10011
  1931 10011
  1932 10011
  1933 10011
  1934 10011
  1935 10011
  1936 10011
  1937 10011
  1938 10011
  1939 10011
  1940 10011
  1941 10011
  1942 10011
  1943 10011
  1944 10011
  1945 10011
  1946 10011
  1947 10011
  1948 10011
  1949 10011
  1950 10011
  1951 10011
  1952 10011
  1953 10011
  1954 10011
  1955 10011
  1956 10011
  1957 10011
  1958 10011
  1959 10011
  1960 10011
  1961 10011
  1962 10011
  1963 10011
  1964 10011
  1965 10011
  1966 10011
  1967 10011
  1968 10011
  1969 10011
  1970 10011
  1971 10011
  1972 10011
  1973 10011
  1974 10011
  1975 10011
  1976 10011
  1977 10011
  1978 10011
  1979 10011
  1980 10011
  1981 10011
  1982 10011
  1983 10011
  1984 10011
  1985 10011
  1986 10011
  1987 10011
  1988 10011
  1989 10011
  1990 10011
  1991 10011
  1992 10011
  1993 10011
  1994 10011
  1995 10011
  1996 10011
  1997 10011
  1998 10011
  1999 10011
  2000 10011
  2001 10011
  2002 10011
  2003 10011
  2004 10011
  2005 10011
  2006 10011
  2007 10011
  2008 10011
  2009 10011
  2010 10011
  2011 10011
  2012 10011
  2013 10011
  2014 10011
  2015 10011
  2016 10011
  2017 10011
  2018 10011
  2019 10011
  2020 10011
  2021 10011
  2022 10011
  2023 10011
  2024 10011
  2025 10011
  2026 10011
  2027 10011
  2028 10028
  2029 10028
  2030 10028
  2031 10028
  2032 10028
