   692 10050
   693 10050
   694 10050
   695 10050
   696 10050
   697 10050
   698 10050
   699 10050
   700 10050
   701 10050
   702 10050
   703 10050
   704 10050
   705 10050
   706 10050
   707 10050
   708 10050
   709 10050
   710 10050
   711 10050
   712 10050
   713 10050
   714 10050
   715 10050
   716 10050
   717 10050
   718 10050
   719 10050
   720 10050
   721 10050
   722 10050
   723 10050
   724 10050
   725 10050
   726 10050
   727 10050
   728 10050
   729 10050
   730 10050
   731 10050
   732 10050
   733 10050
   734 10050
   735 10050
   736 10065
   737 10050
   738 10050
   739 10050
   740 10050
   741 10050
   742 10050
   743 10050
   744 10050
   745 10050
   746 10050
   747 10065
   748 10065
   749 10065
   750 10065
   751 10050
   752 10050
   753 10050
   754 10050
   755 10050
   756 10065
   757 10050
   758 10065
   759 10050
   760 10050
   761 10065
   762 10065
   763 10050
   764 10050
   765 10050
   766 10050
   767 10050
   768 10050
   769 10050
   770 10050
   771 10050
   772 10050
   773 10050
   774 10050
   775 10050
   776 10050
   777 10050
   778 10050
   779 10050
   780 10050
   781 10101
   782 10101
   787 10048
   788 10022
   789 10022
   790 10034
   791 10034
   792 10034
   793 10034
   794 10034
   795 10034
   796 10034
   797 10034
   798 10034
   799 10034
   800 10034
   801 10034
   802 10034
   803 10034
   804 10034
   805 10034
   806 10034
   807 10034
   808 10034
   809 10034
   810 10034
   811 10034
   812 10034
   813 10034
   814 10034
   815 10034
   816 10034
   817 10034
   818 10034
   819 10034
   820 10034
   821 10020
   822 10020
   823 10020
   824 10020
   825 10020
   826 10020
   827 10020
   828 10020
   829 10020
   830 10020
   831 10020
   832 10020
   833 10020
   834 10020
   835 10020
   836 10020
   837 10020
   838 10020
   839 10020
   840 10020
   841 10020
   842 10020
   843 10020
   844 10020
   845 10020
   846 10020
   847 10020
   848 10020
   849 10020
   850 10020
   851 10020
   852 10020
   853 10020
   854 10020
   855 10020
   856 10020
   857 10020
   858 10020
   859 10020
   860 10020
   861 10020
   862 10020
   863 10020
   864 10020
   865 10020
   866 10020
   867 10020
   868 10020
   869 10020
   870 10020
   871 10020
   872 10020
   873 10020
   874 10020
   875 10020
   876 10020
   877 10020
   878 10020
   879 10020
   880 10020
   881 10020
   882 10020
   883 10020
   884 10020
   885 10020
   886 10020
   887 10020
   888 10020
   889 10020
   890 10020
   891 10020
   892 10020
   893 10020
   894 10020
   895 10020
   896 10020
   897 10020
   898 10020
   899 10020
   900 10020
   901 10020
   902 10020
   903 10020
   904 10020
   905 10020
   906 10020
   907 10020
   908 10020
   909 10020
   910 10020
   911 10020
   912 10020
   913 10020
   914 10020
   915 10020
   916 10020
   917 10020
   918 10020
   919 10020
   920 10020
   921 10020
   922 10020
   923 10020
   924 10020
   925 10020
   926 10020
   927 10020
   928 10020
   929 10020
   930 10020
   931 10020
   932 10020
   933 10020
   934 10020
   935 10020
   936 10020
   937 10020
   938 10020
   939 10020
   940 10020
   941 10020
   942 10020
   943 10020
   944 10020
   945 10020
   946 10020
   947 10020
   948 10020
   949 10020
   950 10020
   951 10020
   952 10020
   953 10020
   954 10020
   955 10020
   956 10020
   957 10020
   958 10020
   959 10020
   960 10020
   961 10020
   962 10020
   963 10020
   964 10020
   965 10020
   966 10020
   967 10020
   968 10020
   969 10020
   970 10020
   971 10020
   972 10020
   973 10020
   974 10020
   975 10020
   976 10020
   977 10020
   978 10020
   979 10020
   980 10020
   981 10020
   982 10020
   983 10020
   984 10020
   985 10020
   986 10020
   987 10020
   988 10020
   989 10020
   990 10020
   991 10020
   992 10020
   993 10020
   994 10020
   995 10020
   996 10020
   997 10020
   998 10020
   999 10020
  1000 10020
  1001 10020
  1002 10020
  1003 10020
  1004 10020
  1005 10020
  1006 10020
  1007 10020
  1008 10020
  1009 10020
  1010 10020
  1011 10020
  1012 10020
  1013 10020
  1014 10020
  1015 10020
  1016 10020
  1017 10020
  1018 10020
  1019 10034
  1020 10019
  1021 10019
  1022 10019
  1023 10019
  1027 10067
  1028 10108
  1029 10108
  1030 10108
  1031 10108
  1035 10108
  1036 10108
  1037 10108
  1038 10108
  1039 10108
  1040 10108
  1041 10108
  1042 10108
  1043 10108
  1044 10108
  1045 10108
  1046 10108
  1047 10108
  1048 10108
  1049 10108
  1050 10108
  1051 10108
  1052 10108
  1053 10108
  1054 10108
  1055 10108
  1056 10108
  1057 10108
  1058 10108
  1059 10108
  1060 10108
  1061 10108
  1062 10108
  1063 10108
  1064 10108
  1065 10108
  1066 10108
  1067 10108
  1068 10108
  1069 10108
  1070 10108
  1071 10108
  1072 10108
  1073 10108
  1074 10108
  1075 10108
  1076 10108
  1077 10108
  1078 10108
  1079 10108
  1080 10108
  1081 10108
  1082 10108
  1083 10108
  1084 10108
  1085 10108
  1086 10108
  1087 10108
  1088 10108
  1089 10108
  1090 10108
  1091 10108
  1092 10108
  1093 10108
  1094 10108
  1095 10108
  1096 10108
  1097 10108
  1098 10108
  1099 10108
  1100 10108
  1101 10108
  1102 10108
  1103 10108
  1104 10108
  1105 10108
  1106 10108
  1107 10108
  1108 10108
  1109 10108
  1110 10108
  1111 10108
  1112 10108
  1113 10108
  1114 10108
  1115 10108
  1116 10108
  1117 10108
  1118 10108
  1119 10108
  1120 10108
  1121 10108
  1122 10108
  1123 10108
  1124 10108
  1125 10108
  1126 10108
  1127 10108
  1128 10108
  1129 10108
  1130 10108
  1131 10108
  1132 10108
  1133 10108
  1134 10108
  1135 10108
  1136 10108
  1137 10108
  1138 10108
  1139 10108
  1140 10108
  1141 10108
  1142 10108
  1143 10108
  1144 10108
  1145 10108
  1146 10108
  1147 10108
  1148 10108
  1149 10108
  1150 10108
  1151 10108
  1152 10108
  1153 10108
  1154 10108
  1155 10108
  1156 10108
  1157 10108
  1158 10108
  1159 10108
  1160 10108
  1161 10108
  1162 10108
  1163 10108
  1164 10108
  1165 10108
  1166 10108
  1167 10108
  1168 10108
  1169 10108
  1170 10108
  1171 10108
  1172 10108
  1173 10108
  1174 10108
  1175 10108
  1176 10108
  1177 10108
  1178 10108
  1179 10108
  1180 10108
  1181 10108
  1182 10108
  1183 10108
  1184 10108
  1185 10108
  1186 10108
  1187 10108
  1188 10108
  1189 10108
  1190 10108
  1191 10108
  1192 10108
  1193 10108
  1194 10108
  1195 10108
  1196 10108
  1197 10108
  1198 10108
  1199 10108
  1200 10108
  1201 10108
  1202 10108
  1203 10108
  1204 10108
  1205 10108
  1206 10108
  1207 10108
  1208 10108
  1209 10108
  1210 10108
  1211 10108
  1212 10108
  1213 10108
  1214 10108
  1215 10108
  1216 10108
  1217 10108
  1218 10108
  1219 10108
  1220 10108
  1221 10108
  1222 10108
  1223 10108
  1224 10108
  1225 10108
  1226 10108
  1227 10108
  1228 10108
  1229 10108
  1230 10108
  1231 10108
  1232 10108
  1233 10108
  1234 10108
  1235 10108
  1236 10108
  1237 10108
  1238 10108
  1239 10108
  1240 10108
  1241 10108
  1242 10108
  1243 10108
  1244 10108
  1245 10108
  1246 10108
  1247 10108
  1248 10108
  1249 10108
  1250 10108
  1251 10108
  1252 10108
  1253 10108
  1254 10108
  1255 10108
  1256 10108
  1260 10108
  1268 10098
  1269 10018
  1270 10018
  1271 10018
  1272 10018
  1273 10018
  1274 10158
  1275 10158
  1276 10018
  1277 10040
  1278 10040
  1279 10040
  1280 10040
  1284 10040
  1288 10040
  1289 10040
  1290 10040
  1291 10040
  1292 10040
  1293 10098
  1297 10040
  1298 10040
  1299 10040
  1300 10040
  1301 10040
  1302 10040
  1303 10040
  1304 10040
  1305 10040
  1306 10040
  1307 10040
  1308 10040
  1309 10040
  1310 10040
  1311 10040
  1312 10040
  1313 10040
  1314 10040
  1315 10018
  1316 10018
  1317 10018
  1318 10055
  1319 10040
  1320 10040
  1321 10040
  1322 10040
  1323 10040
  1324 10040
  1325 10040
  1326 10040
  1327 10040
  1328 10040
  1329 10040
  1330 10040
  1331 10040
  1332 10040
  1333 10106
  1334 10040
  1335 10040
  1336 10040
  1337 10040
  1338 10040
  1339 10040
  1340 10040
  1341 10040
  1342 10040
  1343 10040
  1344 10040
  1345 10040
  1346 10040
  1347 10040
  1348 10040
  1349 10040
  1350 10040
  1351 10055
  1352 10055
  1353 10055
  1354 10055
  1355 10055
  1356 10055
  1359 10101
  1360 10101
  1361 10101
  1362 10101
  1363 10101
  1364 10138
  1365 10086
  1366 10086
  1367 10080
  1368 10080
  1369 10080
  1370 10071
  1371 10071
  1372 10071
  1373 10071
  1374 10071
  1375 10080
  1376 10080
  1381 10072
  1382 10072
  1383 10151
  1384 10151
  1385 10151
  1386 10151
  1387 10019
  1388 10019
  1389 10019
  1390 10019
  1391 10072
  1392 10091
  1393 10091
  1394 10091
  1395 10091
  1396 10091
  1397 10091
  1398 10091
  1407 10062
  1408 10062
  1409 10062
  1410 10062
  1411 10062
  1412 10062
  1413 10128
  1414 10128
  1415 10128
  1416 10141
  1417 10141
  1418 10101
  1419 10101
  1420 10101
  1421 10101
  1422 10101
  1430 10101
  1442 10062
  1443 10062
  1444 10062
  1446 10062
  1447 10062
  1448 10062
  1449 10062
  1450 10062
  1451 10062
  1452 10062
  1453 10062
  1462 10043
  1463 10043
  1464 10043
  1465 10043
  1466 10042
  1467 10049
  1468 10042
  1469 10028
  1470 10028
  1471 10028
  1472 10043
  1473 10043
  1475 10062
  1476 10062
  1477 10062
  1478 10062
  1479 10062
  1480 10062
  1481 10062
  1482 10062
  1483 10062
  1484 10062
  1485 10062
  1486 10062
  1487 10062
  1488 10062
  1489 10062
  1490 10062
  1491 10062
  1501 10138
  1502 10138
  1503 10138
  1504 10141
  1505 10141
  1506 10076
  1507 10018
  1508 10018
  1509 10040
  1510 10040
  1516 10023
  1517 10023
  1518 10023
  1519 10023
  1520 10023
  1521 10040
  1522 10040
  1523 10040
  1524 10040
  1525 10040
  1526 10018
  1527 10018
  1528 10040
  1529 10040
  1530 10040
  1531 10040
  1533 10040
  1540 10040
  1543 10040
  1544 10018
  1545 10018
  1546 10055
  1547 10018
  1548 10055
  1549 10018
  1550 10141
  1551 10141
  1552 10141
  1553 10141
  1556 10061
  1557 10061
  1558 10061
  1559 10061
  1560 10086
  1561 10083
  1562 10080
  1563 10080
  1564 10080
  1565 10080
  1566 10086
  1567 10086
  1568 10086
  1569 10086
  1570 10086
  1571 10086
  1572 10086
  1573 10071
  1574 10071
  1575 10071
  1576 10071
  1577 10071
  1578 10071
  1579 10071
  1580 10071
  1581 10071
  1582 10071
  1583 10071
  1584 10046
  1585 10046
  1588 10128
  1589 10101
  1590 10128
  1624 10113
  1625 10113
  1626 10113
  1627 10113
  1628 10113
  1629 10113
  1630 10113
  1631 10113
  1632 10154
  1633 10154
  1634 10154
  1635 10101
  1636 10088
  1637 10101
  1638 10101
  1643 10069
  1644 10069
  1645 10069
  1646 10069
  1647 10069
  1648 10054
  1651 10069
  1652 10069
  1653 10069
  1654 10069
  1655 10069
  1656 10069
  1657 10069
  1658 10069
  1659 10069
  1660 10069
  1661 10054
  1662 10054
  1663 10054
  1664 10054
  1665 10054
  1666 10054
  1667 10138
  1668 10101
  1669 10138
  1670 10043
  1671 10043
  1674 10086
  1675 10071
  1676 10071
  1677 10149
  1678 10071
  1679 10071
  1680 10071
  1681 10071
  1682 10071
  1683 10071
  1805 10054
  1806 10094
  1807 10094
  1808 10094
  1809 10094
  1810 10071
  1811 10071
  1812 10071
  1813 10071
  1814 10071
  1815 10071
  1816 10071
  1817 10071
  1818 10071
  1819 10071
  1820 10071
  1821 10071
  1822 10071
  1823 10071
  1824 10071
  1825 10071
  1826 10071
  1827 10071
  1828 10071
  1829 10071
  1830 10071
  1831 10071
  1832 10071
  1833 10071
  1834 10071
  1835 10071
  1836 10071
  1837 10071
  1838 10071
  1839 10071
  1840 10071
  1841 10071
  1842 10071
  1843 10071
  1844 10071
  1845 10071
  1846 10071
  1847 10071
  1848 10071
  1849 10071
  1850 10071
  1851 10071
  1852 10071
  1853 10071
  1854 10071
  1855 10071
  1856 10083
  1857 10138
  1858 10138
  1859 10138
  1865 10153
  1866 10153
  1867 10153
  1868 10153
  1869 10153
  1870 10153
  1871 10153
  1872 10153
  1873 10153
  1874 10153
  1875 10153
  1876 10153
  1877 10153
  1878 10153
  1879 10153
  1880 10153
  1881 10153
  1882 10153
  1883 10153
  1884 10153
  1885 10153
  1886 10153
  1887 10153
  1888 10153
  1889 10153
  1890 10153
  1891 10153
  1892 10153
  1893 10153
  1894 10153
  1895 10153
  1896 10153
  1897 10153
  1898 10153
  1899 10153
  1900 10153
  1901 10153
  1902 10153
  1903 10153
  1904 10153
  1905 10153
  1906 10153
  1907 10153
  1908 10153
  1909 10153
  1910 10153
  1911 10153
  1912 10153
  1913 10153
  1914 10153
  1915 10153
  1916 10153
  1917 10153
  1918 10153
  1919 10153
  1920 10153
  1921 10153
  1922 10153
  1923 10153
  1924 10153
  1925 10153
  1926 10153
  1927 10153
  1928 10153
  1929 10153
  1930 10153
  1931 10153
  1932 10153
  1933 10153
  1934 10153
  1935 10153
  1936 10153
  1937 10153
  1938 10153
  1939 10153
  1940 10153
  1941 10153
  1942 10153
  1943 10153
  1944 10153
  1945 10153
  1946 10153
  1947 10153
  1948 10153
  1949 10153
  1950 10153
  1951 10153
  1952 10153
  1953 10153
  1954 10153
  1955 10153
  1956 10153
  1957 10153
  1958 10153
  1959 10153
  1960 10153
  1961 10153
  1962 10153
  1963 10153
  1964 10153
  1965 10153
  1966 10153
  1967 10153
  1968 10153
  1969 10153
  1970 10153
  1971 10153
  1972 10153
  1973 10153
  1974 10153
  1975 10153
  1976 10153
  1977 10153
  1978 10153
  1979 10153
  1980 10153
  1981 10153
  1982 10153
  1983 10153
  1984 10153
  1985 10153
  1986 10153
  1987 10153
  1988 10153
  1989 10153
  1990 10153
  1991 10153
  1992 10153
  1993 10153
  1994 10153
  1995 10153
  1996 10153
  1997 10153
  1998 10153
  1999 10153
  2000 10153
  2001 10153
  2002 10153
  2003 10153
  2004 10153
  2005 10153
  2006 10153
  2007 10153
  2008 10153
  2009 10153
  2010 10153
  2011 10153
  2012 10153
  2013 10153
  2014 10153
  2015 10153
  2016 10153
  2017 10153
  2018 10153
  2019 10153
  2020 10153
  2021 10153
  2022 10153
  2023 10153
  2024 10153
  2025 10153
  2026 10153
  2027 10154
  2028 10154
  2029 10154
  2030 10154
  2031 10130
  2032 10130
  2033 10130
  2034 10130
  2035 10016
